0.000965 2314.47 0.0858801 185476 -0.16523 0.272133
0.000975 2315.23 0.085652 185476 -0.165316 0.272049
0.000985 2315.99 0.0854222 185476 -0.165403 0.271963
0.000995 2316.76 0.0851907 185476 -0.165492 0.271877
0.001005 2317.54 0.0849575 185476 -0.165582 0.271791
0.001015 2318.32 0.0847226 185476 -0.165673 0.271704
0.001025 2319.1 0.084486 185476 -0.165765 0.271617
0.001035 2319.89 0.0842479 185476 -0.165859 0.271529
0.001045 2320.68 0.0840081 185476 -0.165954 0.271441
0.001055 2321.48 0.0837666 185476 -0.16605 0.271352
0.001065 2322.28 0.0835236 185476 -0.166147 0.271263
0.001075 2323.08 0.083279 185476 -0.166246 0.271174
0.001085 2323.89 0.0830327 185476 -0.166345 0.271084
0.001095 2324.7 0.082785 185476 -0.166446 0.270994
0.001105 2325.52 0.0825356 185476 -0.166548 0.270904
0.001115 2326.34 0.0822848 185476 -0.166651 0.270813
0.001125 2327.16 0.0820323 185476 -0.166755 0.270722
0.001135 2327.99 0.0817784 185476 -0.16686 0.27063
0.002245 2428.17 0.0470034 185476 -0.184697 0.25996
0.002885 2498.81 0.024327 185476 -0.197497 0.252786
0.001145 2328.82 0.081523 185476 -0.166966 0.270538
0.003525 2497.51 0.0105957 185476 -0.22153 0.252926
0.002255 2429.03 0.0466538 185476 -0.184902 0.259872
0.001155 2329.66 0.0812661 185476 -0.167073 0.270446
0.002895 2499.98 0.023972 185476 -0.197693 0.252669
0.003535 2494.84 0.0106645 185476 -0.221476 0.253194
0.002265 2429.89 0.0463038 185476 -0.185109 0.259784
0.003845 2401.17 0.0139879 185476 -0.22965 0.262999
0.003205 2541.05 0.0129763 185469 -0.207107 0.248607
0.001165 2330.5 0.0810077 185476 -0.167181 0.270353
0.003855 2396.08 0.0143011 185476 -0.229507 0.263555
0.002905 2501.15 0.0236172 185476 -0.197889 0.252553
0.003215 2540.15 0.0128541 185477 -0.21243 0.248706
0.003545 2492.19 0.0107327 185476 -0.221426 0.253462
0.003865 2390.99 0.0146131 185476 -0.229368 0.264112
0.002275 2430.75 0.0459535 185476 -0.185317 0.259696
0.003225 2539.14 0.0127394 185476 -0.21234 0.248804
0.003875 2385.92 0.0149241 185476 -0.229228 0.264671
0.001175 2331.34 0.0807478 185476 -0.167291 0.27026
0.003235 2538.14 0.0126243 185476 -0.212418 0.248902
0.003885 2380.85 0.015234 185476 -0.229085 0.265231
0.002915 2502.31 0.0232624 185476 -0.198084 0.252437
0.003245 2537.14 0.0125087 185476 -0.212518 0.249
0.003555 2489.54 0.0108001 185476 -0.221381 0.25373
0.002285 2431.6 0.045603 185476 -0.185527 0.259608
0.003895 2375.8 0.0155427 185476 -0.228934 0.265792
0.003255 2536.14 0.0123929 185476 -0.212638 0.249098
0.001185 2332.18 0.0804865 185476 -0.167401 0.270167
0.003905 2370.75 0.0158503 185476 -0.228773 0.266354
0.003265 2535.15 0.012277 185476 -0.212774 0.249195
0.002925 2503.48 0.0229078 185476 -0.198278 0.252321
0.003915 2365.72 0.0161566 185476 -0.228599 0.266917
0.003275 2534.16 0.012161 185476 -0.212924 0.249292
0.003565 2486.9 0.0108667 185476 -0.221336 0.253997
0.002295 2432.45 0.0452521 185476 -0.185739 0.259521
0.003925 2360.71 0.0164615 185476 -0.228412 0.267481
0.003285 2533.17 0.0120451 185476 -0.21308 0.249389
0.001195 2333.03 0.0802238 185476 -0.167512 0.270074
0.003935 2355.7 0.016765 185476 -0.22821 0.268046
0.003295 2532.18 0.0119292 185476 -0.213234 0.249487
0.002935 2504.64 0.0225532 185476 -0.198468 0.252206
0.003945 2350.71 0.0170669 185476 -0.227992 0.268612
0.003305 2531.19 0.0118135 185476 -0.213381 0.249584
0.003575 2484.28 0.0109326 185476 -0.221291 0.254264
0.003955 2345.74 0.0173672 185476 -0.227758 0.269178
0.003315 2530.19 0.011698 185476 -0.213543 0.249681
0.002305 2433.31 0.0449011 185477 -0.185966 0.259434
0.001205 2333.88 0.0799596 185476 -0.167624 0.26998
0.003965 2340.78 0.0176656 185476 -0.22751 0.269745
0.003325 2529.2 0.0115826 185476 -0.213797 0.249779
0.002945 2505.8 0.0221989 185476 -0.198654 0.252091
0.003975 2335.84 0.0179623 185476 -0.227248 0.270312
0.003585 2481.66 0.0109976 185476 -0.221242 0.25453
0.003335 2528.21 0.0114675 185477 -0.214282 0.249876
0.003985 2330.92 0.018257 185476 -0.226973 0.27088
0.002315 2434.27 0.0445497 185476 -0.186174 0.259335
0.003345 2527.22 0.0113524 185477 -0.215171 0.249973
0.001215 2334.74 0.079694 185476 -0.167737 0.269886
0.003995 2326.02 0.0185496 185476 -0.226687 0.271447
0.002955 2506.96 0.0218446 185476 -0.198834 0.251976
0.003355 2526.23 0.0112375 185477 -0.216571 0.250071
0.002325 2435.22 0.0441981 185476 -0.186394 0.259237
0.003595 2479.06 0.0110619 185476 -0.22119 0.254795
0.001925 2399.54 0.0579866 185476 -0.178545 0.26293
0.001285 2340.8 0.0777963 185476 -0.168558 0.26922
0.004005 2321.14 0.0188401 185476 -0.226391 0.272015
0.003365 2525.24 0.0111227 185477 -0.218412 0.250169
0.001225 2335.6 0.079427 185476 -0.167851 0.269791
0.001935 2400.46 0.0576509 185476 -0.178727 0.262834
0.002965 2508.11 0.0214904 185476 -0.199006 0.251861
0.004015 2316.28 0.0191285 185476 -0.226086 0.272582
0.001295 2341.68 0.0775199 185476 -0.168679 0.269124
0.003375 2524.26 0.011008 185478 -0.220377 0.250266
0.002335 2436.18 0.0438463 185476 -0.186618 0.259138
0.001945 2401.38 0.0573146 185476 -0.178908 0.262738
0.003605 2476.46 0.0111253 185476 -0.221133 0.25506
0.004025 2311.44 0.0194146 185476 -0.225775 0.27315
0.001305 2342.56 0.0772422 185476 -0.168801 0.269028
0.003385 2523.27 0.0108934 185478 -0.221965 0.250364
0.001955 2402.3 0.0569777 185476 -0.179091 0.262642
0.001235 2336.46 0.0791586 185476 -0.167966 0.269697
0.004035 2306.63 0.0196984 185476 -0.225458 0.273717
0.001315 2343.45 0.0769631 185476 -0.168924 0.268931
0.003395 2522.29 0.0107788 185478 -0.222681 0.25046
0.004165 2246.19 0.0231664 185476 -0.220631 0.281044
0.001965 2403.21 0.0566402 185476 -0.179275 0.262546
0.002975 2509.27 0.0211364 185476 -0.19917 0.251746
0.004045 2301.84 0.0199799 185476 -0.225137 0.274284
0.001325 2344.33 0.0766828 185476 -0.169049 0.268834
0.002345 2437.14 0.0434942 185477 -0.186855 0.259041
0.003405 2521.31 0.0106643 185478 -0.222266 0.250557
0.003615 2473.88 0.0111878 185476 -0.22107 0.255324
0.001245 2337.32 0.0788889 185476 -0.168083 0.269602
0.001975 2404.12 0.0563023 185476 -0.179459 0.262451
0.004055 2297.07 0.020259 185476 -0.224813 0.27485
0.001335 2345.22 0.0764013 185476 -0.169174 0.268737
0.003415 2520.33 0.0105498 185478 -0.220831 0.250653
0.001985 2405.04 0.0559637 185476 -0.179644 0.262356
0.004065 2292.32 0.0205358 185476 -0.224487 0.275417
0.001345 2346.11 0.0761184 185476 -0.1693 0.26864
0.003425 2519.36 0.0104353 185477 -0.218817 0.250748
0.002985 2510.43 0.0207825 185476 -0.199326 0.251631
0.004175 2241.77 0.023411 185476 -0.219344 0.281596
0.001995 2405.95 0.0556247 185476 -0.179829 0.262261
0.004075 2287.6 0.0208101 185476 -0.22416 0.275982
0.002355 2438.19 0.043142 185476 -0.187073 0.258931
0.001355 2347 0.0758344 185476 -0.169428 0.268543
0.003435 2518.38 0.0103209 185477 -0.21679 0.250843
0.003625 2471.31 0.0112494 185476 -0.221 0.255588
0.001255 2338.19 0.0786178 185476 -0.1682 0.269507
0.002005 2406.86 0.0552851 185476 -0.180016 0.262166
0.004085 2282.9 0.021082 185476 -0.223832 0.276547
0.001365 2347.89 0.0755491 185476 -0.169556 0.268446
0.003445 2517.42 0.0102066 185476 -0.215107 0.250938
0.002995 2511.6 0.0204287 185477 -0.199487 0.251516
0.002015 2407.77 0.054945 185476 -0.180203 0.262071
0.004185 2237.46 0.0236458 185476 -0.217078 0.282135
0.004095 2278.22 0.0213515 185476 -0.223505 0.277112
0.003455 2516.37 0.0100988 185471 -0.218194 0.251034
0.001375 2348.79 0.0752626 185476 -0.169685 0.268348
0.002365 2439.25 0.0427894 185476 -0.187305 0.258823
0.002025 2408.67 0.0546045 185476 -0.180391 0.261977
0.003635 2468.75 0.0113099 185476 -0.220922 0.255851
0.004105 2273.57 0.0216185 185476 -0.223178 0.277676
0.003465 2513.71 0.0101668 185476 -0.221679 0.251305
0.001385 2349.69 0.0749749 185476 -0.169816 0.26825
0.001265 2339.06 0.0783453 185476 -0.168318 0.269411
0.002035 2409.58 0.0542634 185476 -0.180579 0.261883
0.003005 2512.96 0.0200749 185477 -0.199619 0.25138
0.004115 2268.94 0.021883 185476 -0.222852 0.27824
0.003475 2510.99 0.0102402 185476 -0.221466 0.251576
0.001395 2350.59 0.0746861 185476 -0.169947 0.268153
0.004195 2233.34 0.0238641 185477 -0.213523 0.282652
0.002045 2410.48 0.0539219 185476 -0.180768 0.261789
0.004125 2264.34 0.0221451 185476 -0.222524 0.278803
0.002375 2440.3 0.0424367 185476 -0.187543 0.258714
0.003485 2508.27 0.0103128 185476 -0.221523 0.251847
0.001405 2351.49 0.074396 185476 -0.170079 0.268054
0.003645 2466.21 0.0113695 185476 -0.220838 0.256112
0.002055 2411.38 0.0535799 185476 -0.180958 0.261695
0.004135 2259.76 0.0224048 185476 -0.222188 0.279365
0.001275 2339.93 0.0780715 185476 -0.168437 0.269316
0.003015 2514.33 0.0197212 185477 -0.199752 0.251244
0.002385 2441.35 0.0420838 185476 -0.187788 0.258607
0.003495 2505.57 0.0103847 185476 -0.221592 0.252117
0.001415 2352.4 0.0741048 185476 -0.170213 0.267956
0.004205 2229.5 0.0240581 185477 -0.208932 0.283137
0.003655 2463.68 0.0114279 185476 -0.220747 0.256373
0.002065 2412.29 0.0532374 185476 -0.181148 0.261601
0.004145 2255.21 0.0226618 185476 -0.221821 0.279927
0.003505 2502.87 0.0104558 185476 -0.221611 0.252387
0.001425 2353.3 0.0738124 185476 -0.170347 0.267858
0.004215 2225.98 0.0242233 185477 -0.203987 0.283582
0.003025 2515.71 0.0193676 185477 -0.199872 0.251108
0.002395 2442.39 0.0417307 185476 -0.18804 0.2585
0.002075 2413.18 0.0528945 185476 -0.181339 0.261508
0.004225 2222.45 0.0243824 185455 -0.212965 0.283998
0.002085 2414.08 0.0525511 185476 -0.181531 0.261415
0.004155 2250.68 0.022916 185476 -0.221356 0.280487
0.003035 2517.08 0.0190139 185477 -0.19998 0.250972
0.003515 2500.18 0.0105261 185476 -0.221582 0.252657
0.002095 2414.98 0.0522073 185476 -0.181723 0.261322
0.001435 2354.21 0.0735189 185476 -0.170482 0.26776
0.003665 2461.16 0.0114851 185476 -0.220651 0.256634
0.002105 2415.87 0.051863 185476 -0.181916 0.261229
0.002565 2461.24 0.0357061 185476 -0.191178 0.256572
0.001445 2355.12 0.0732243 185476 -0.170618 0.267661
5e-06 2273.36 0.0978297 185476 -0.161167 0.2768
0.002115 2416.76 0.0515184 185476 -0.18211 0.261137
0.003675 2458.66 0.0115412 185476 -0.220552 0.256893
0.007365 346.134 0.232917 185476 0.00563234 1.85935
0.001455 2356.03 0.0729285 185476 -0.170755 0.267563
0.002575 2462.35 0.0353507 185476 -0.191385 0.256459
0.001605 2369.84 0.0683669 185476 -0.172928 0.266076
0.002125 2417.65 0.0511733 185476 -0.182304 0.261045
0.003685 2456.17 0.0115961 185476 -0.220451 0.257151
1.5e-05 2273.37 0.0978267 185476 -0.161169 0.276798
0.001465 2356.94 0.0726317 185476 -0.170893 0.267464
0.002585 2463.46 0.0349953 185476 -0.19159 0.256347
0.007375 346.242 0.232917 185476 0.00546549 1.85877
0.004485 1920.47 0.0461792 185476 -0.211073 0.328647
0.002135 2418.54 0.0508278 185476 -0.182499 0.260953
0.003695 2453.69 0.0116497 185476 -0.220351 0.257408
0.000645 2293.02 0.0921984 185476 -0.162901 0.27455
0.001615 2370.77 0.0680549 185476 -0.173081 0.265976
0.001475 2357.86 0.0723338 185476 -0.171032 0.267365
0.002595 2464.56 0.0346399 185476 -0.191795 0.256235
2.5e-05 2273.39 0.0978207 185476 -0.161171 0.276796
0.007385 346.347 0.232917 185476 0.00530362 1.85821
0.002145 2419.43 0.050482 185476 -0.182695 0.260861
0.003705 2451.23 0.0117022 185476 -0.220254 0.257664
0.004495 1909.47 0.0469533 185476 -0.209376 0.330542
0.001625 2371.7 0.0677421 185476 -0.173235 0.265877
0.001485 2358.77 0.0720348 185476 -0.171172 0.267266
0.002605 2465.66 0.0342843 185476 -0.191999 0.256123
0.000655 2293.6 0.0920319 185476 -0.162957 0.274485
3.5e-05 2273.42 0.0978118 185476 -0.161174 0.276792
0.007395 346.448 0.232917 185476 0.00514749 1.85767
0.002155 2420.31 0.0501357 185476 -0.182892 0.26077
0.003715 2448.78 0.0117533 185476 -0.220164 0.25792
0.004505 1898.55 0.0477198 185476 -0.207639 0.332445
0.001635 2372.63 0.0674283 185476 -0.173391 0.265778
0.001495 2359.69 0.0717347 185476 -0.171313 0.267167
0.002615 2466.76 0.0339288 185476 -0.192202 0.256011
0.000665 2294.18 0.0918633 185476 -0.163014 0.274419
4.5e-05 2273.46 0.0977999 185476 -0.161178 0.276788
0.000325 2278.65 0.0963247 185476 -0.161597 0.276191
0.007405 346.544 0.232918 185476 0.00499888 1.85715
0.003725 2446.35 0.0118034 185476 -0.220083 0.258174
0.002165 2421.19 0.0497891 185476 -0.183089 0.260679
0.004515 1887.72 0.0484784 185476 -0.205862 0.334354
0.001505 2360.61 0.0714335 185476 -0.171455 0.267068
0.002625 2467.86 0.0335731 185476 -0.192406 0.2559
0.001645 2373.56 0.0671137 185476 -0.173547 0.265678
0.000675 2294.77 0.0916926 185476 -0.163073 0.274352
5.5e-05 2273.51 0.0977851 185476 -0.161182 0.276782
0.007415 346.637 0.232918 185476 0.00485126 1.85665
0.003735 2443.93 0.0118523 185476 -0.220013 0.258427
0.000335 2278.97 0.0962332 185476 -0.161624 0.276154
0.004525 1876.98 0.049229 185476 -0.204049 0.336269
0.002175 2422.07 0.0494421 185476 -0.183287 0.260588
0.001515 2361.52 0.0711314 185476 -0.171598 0.266969
0.002635 2468.95 0.0332175 185477 -0.192624 0.25579
0.001655 2374.49 0.0667981 185476 -0.173704 0.265579
0.000685 2295.36 0.0915197 185476 -0.163133 0.274285
6.5e-05 2273.58 0.0977673 185476 -0.161188 0.276774
0.003745 2441.52 0.0119001 185476 -0.219957 0.25868
0.007425 346.773 0.232918 185476 0.00471188 1.85592
0.000345 2279.31 0.0961391 185476 -0.161651 0.276116
0.004535 1866.35 0.0499713 185476 -0.202201 0.338188
0.002185 2422.95 0.0490947 185476 -0.183485 0.260498
0.001525 2362.45 0.0708282 185476 -0.171741 0.26687
0.001665 2375.42 0.0664817 185476 -0.173858 0.26548
0.002645 2470.17 0.0328618 185476 -0.192819 0.255666
0.003755 2439.12 0.011947 185476 -0.219919 0.258932
0.000355 2279.64 0.0960425 185476 -0.16168 0.276078
0.007435 346.905 0.232918 185476 0.0045754 1.85522
0.000695 2295.96 0.0913448 185476 -0.163194 0.274217
7.5e-05 2273.65 0.0977467 185476 -0.161194 0.276766
0.001675 2376.35 0.0661645 185476 -0.174009 0.265381
0.000365 2279.99 0.0959434 185476 -0.161709 0.276038
0.003765 2436.73 0.0119931 185476 -0.2199 0.259183
0.007445 347.033 0.232918 185476 0.00443578 1.85453
0.004545 1855.81 0.0507051 185476 -0.200321 0.340111
0.002195 2423.83 0.048747 185476 -0.183685 0.260407
0.001535 2363.37 0.0705239 185476 -0.171886 0.266771
0.001685 2377.28 0.0658464 185476 -0.174153 0.265281
0.003775 2434.36 0.0120384 185476 -0.219737 0.259434
0.000375 2280.35 0.0958418 185476 -0.16174 0.275997
0.002655 2471.39 0.032506 185476 -0.193026 0.255542
0.007455 347.157 0.232918 185476 0.00429167 1.85387
0.000705 2296.57 0.0911678 185476 -0.163256 0.274148
8.5e-05 2273.73 0.0977231 185476 -0.1612 0.276756
0.003785 2431.87 0.0120921 185468 -0.2253 0.259686
0.001695 2378.21 0.0655274 185476 -0.174294 0.265182
0.000385 2280.71 0.0957377 185476 -0.161771 0.275955
0.004555 1845.38 0.0514303 185476 -0.198408 0.342037
0.007465 347.276 0.232918 185476 0.00414 1.85324
0.002205 2424.7 0.048399 185476 -0.183885 0.260317
0.001545 2364.29 0.0702187 185476 -0.172032 0.266672
0.003795 2426.82 0.0124043 185476 -0.230719 0.260235
0.006085 350.597 0.231303 185477 0.0252259 1.83348
0.001705 2379.14 0.0652077 185476 -0.174441 0.265083
0.000395 2281.09 0.0956311 185476 -0.161803 0.275912
0.007475 347.39 0.232918 185476 0.00397852 1.85263
0.002665 2472.6 0.0321502 185476 -0.193231 0.255419
0.000715 2297.19 0.0909888 185476 -0.16332 0.274078
9.5e-05 2273.82 0.0976967 185476 -0.161208 0.276746
0.003805 2421.66 0.0127237 185476 -0.230332 0.260786
0.001715 2380.07 0.0648871 185476 -0.174606 0.264984
0.000405 2281.47 0.095522 185476 -0.161836 0.275868
0.006095 350.08 0.231404 185477 0.0251915 1.8363
0.007485 347.5 0.232918 185476 0.00380587 1.85204
0.004565 1835.06 0.0521467 185476 -0.196462 0.343964
0.002215 2425.57 0.0480506 185476 -0.184087 0.260228
0.001555 2365.21 0.0699125 185476 -0.172179 0.266572
0.003815 2416.52 0.0130416 185476 -0.230139 0.261337
0.000415 2281.86 0.0954105 185476 -0.16187 0.275824
0.001725 2381 0.0645658 185476 -0.1748 0.264885
0.006105 349.588 0.231499 185477 0.0251496 1.83899
0.007495 347.605 0.232918 185476 0.00362186 1.85148
0.000725 2297.81 0.0908076 185476 -0.163385 0.274008
0.002675 2473.82 0.0317945 185476 -0.193434 0.255296
0.000105 2273.93 0.0976674 185476 -0.161216 0.276734
0.003825 2411.39 0.0133583 185476 -0.229962 0.26189
0.000425 2282.26 0.0952965 185476 -0.161905 0.275778
0.001735 2381.94 0.0642436 185476 -0.175021 0.264787
0.006115 349.118 0.231589 185477 0.0251014 1.84156
0.007505 347.705 0.232918 185476 0.00342738 1.85095
0.004575 1824.85 0.052854 185476 -0.194485 0.345892
0.002225 2426.44 0.0477018 185476 -0.184289 0.260138
0.003835 2406.28 0.0136737 185476 -0.2298 0.262444
0.001565 2366.14 0.0696053 185476 -0.172326 0.266473
0.000435 2282.67 0.0951801 185476 -0.161941 0.275732
0.001745 2382.87 0.0639207 185476 -0.175258 0.264688
0.006125 348.669 0.231674 185477 0.0250465 1.84402
0.007515 347.8 0.232918 185476 0.00322432 1.85044
0.000735 2298.43 0.0906245 185476 -0.163452 0.273937
0.002685 2475.03 0.0314387 185476 -0.193634 0.255174
0.000115 2274.04 0.0976352 185476 -0.161225 0.276721
0.004585 1814.77 0.0535523 185476 -0.192475 0.34782
0.002235 2427.31 0.0473528 185476 -0.184492 0.260049
0.000445 2283.08 0.0950613 185476 -0.161977 0.275684
0.001755 2383.8 0.063597 185476 -0.175496 0.264589
0.006135 348.239 0.231753 185477 0.0249839 1.84639
0.007525 347.889 0.232918 185476 0.00301518 1.84997
0.001575 2367.06 0.0692971 185476 -0.172475 0.266374
0.006405 343.112 0.23275 185477 0.0214677 1.87535
0.006725 342.593 0.232906 185476 0.0166314 1.87852
0.006415 343.067 0.232762 185477 0.0213108 1.87562
0.007045 343.493 0.232917 185476 0.011106 1.87364
0.006425 343.022 0.232774 185477 0.0211523 1.87589
0.006735 342.609 0.232907 185476 0.0164497 1.87844
0.004805 1537.87 0.0786529 185477 -0.171484 0.410694
0.007055 343.548 0.232917 185476 0.0109347 1.87334
0.006435 342.976 0.232785 185477 0.0209921 1.87616
0.006745 342.621 0.232908 185476 0.0162698 1.87838
0.005765 401.064 0.222881 185477 0.0195742 1.59745
0.007065 343.6 0.232917 185476 0.0107632 1.87306
0.006445 342.928 0.232795 185477 0.0208307 1.87644
0.004815 1518.04 0.0808742 185477 -0.167942 0.416078
0.006755 342.63 0.232909 185476 0.0160928 1.87833
0.005445 582.905 0.196107 185478 -0.0101251 1.09274
0.007075 343.648 0.232917 185476 0.0105918 1.8728
0.005775 398.089 0.223364 185477 0.02004 1.60964
0.006455 342.88 0.232804 185477 0.0206686 1.87672
0.004825 1498.32 0.083089 185477 -0.164452 0.421575
0.006765 342.635 0.232909 185476 0.0159164 1.8783
0.007085 343.694 0.232917 185476 0.0104203 1.87255
0.005785 395.218 0.223829 185477 0.0204808 1.62157
0.005455 574.638 0.197303 185478 -0.00872597 1.10868
0.006465 342.83 0.232813 185477 0.0205059 1.87701
0.006775 342.637 0.23291 185476 0.0157372 1.8783
0.004835 1478.71 0.0852975 185477 -0.161017 0.427188
0.005795 392.448 0.224276 185477 0.0208978 1.63325
0.007095 343.736 0.232917 185476 0.0102519 1.87232
0.005465 566.524 0.198474 185478 -0.0073566 1.12478
0.006475 342.778 0.232821 185477 0.0203503 1.87731
0.006785 342.635 0.232911 185476 0.0155613 1.87831
0.004845 1459.2 0.0874997 185477 -0.157634 0.432922
0.005805 389.776 0.224706 185477 0.0212917 1.64468
0.007105 343.776 0.232917 185477 0.0100776 1.8721
0.005475 558.561 0.199622 185478 -0.00601567 1.14104
0.006485 342.724 0.232828 185477 0.0201832 1.87763
0.006795 342.629 0.232911 185476 0.015388 1.87835
0.004855 1439.8 0.0896957 185477 -0.154281 0.438779
0.007115 343.862 0.232917 185476 0.00990398 1.87164
0.005815 387.198 0.225118 185477 0.021663 1.65586
0.005485 550.749 0.200745 185478 -0.00470357 1.15745
0.006495 342.716 0.232835 185477 0.0200217 1.87768
0.006805 342.665 0.232912 185476 0.0152057 1.87815
0.004865 1420.51 0.0918853 185477 -0.15091 0.444765
0.005125 955.039 0.145684 185482 -0.072568 0.663241
0.007125 343.945 0.232917 185476 0.00973808 1.87118
0.005825 384.712 0.225513 185477 0.0220115 1.66679
0.006505 342.707 0.232841 185477 0.0198762 1.87775
0.005495 543.088 0.201844 185478 -0.00342552 1.17401
0.006815 342.699 0.232912 185476 0.0150446 1.87796
0.004875 1401.32 0.0940684 185477 -0.147489 0.450884
0.007135 344.026 0.232917 185476 0.00956794 1.87074
0.005835 382.313 0.225892 185477 0.0223371 1.67746
0.005135 940.982 0.147588 185478 -0.0707276 0.673228
0.006515 342.696 0.232847 185477 0.01973 1.87782
0.005505 535.576 0.202919 185477 -0.0021904 1.19071
0.006825 342.73 0.232913 185476 0.0148733 1.8778
0.004885 1382.23 0.0962451 185477 -0.14408 0.45714
0.007145 344.104 0.232917 185476 0.009398 1.87032
0.005845 380 0.226255 185477 0.022639 1.6879
0.002405 2443.43 0.0413775 185476 -0.188292 0.258393
0.006525 342.683 0.232853 185477 0.01959 1.8779
0.005515 528.212 0.203971 185477 -0.00100283 1.20754
0.005145 927.086 0.149474 185478 -0.0683342 0.683416
0.006835 342.757 0.232913 185476 0.0147032 1.87765
0.004895 1363.25 0.098415 185477 -0.140907 0.463538
0.007155 344.179 0.232917 185476 0.00922789 1.86991
0.005855 377.767 0.226603 185477 0.0229273 1.69809
0.006535 342.669 0.232858 185477 0.0194562 1.87799
0.002415 2444.46 0.041024 185476 -0.188526 0.258288
0.005525 520.995 0.204998 185477 0.000144836 1.22451
0.005155 913.331 0.15134 185478 -0.0659749 0.69381
0.006845 342.782 0.232914 185476 0.0145336 1.87752
0.004905 1344.36 0.100578 185477 -0.138299 0.470081
0.007165 344.251 0.232917 185476 0.00905772 1.86952
0.005865 375.848 0.226936 185477 0.0231851 1.70697
0.006545 342.652 0.232863 185477 0.0193288 1.87809
0.002425 2445.49 0.0406704 185477 -0.18873 0.258182
0.005535 513.924 0.206003 185477 0.00127008 1.2416
0.006855 342.803 0.232914 185476 0.0143652 1.8774
0.005165 899.716 0.153187 185478 -0.0636315 0.704414
0.004915 1325.58 0.102734 185477 -0.136458 0.476775
0.007175 344.32 0.232917 185476 0.00888758 1.86914
0.005875 374.009 0.227253 185477 0.0234372 1.71557
0.006555 342.633 0.232867 185477 0.0192068 1.87821
0.002435 2446.61 0.0403166 185476 -0.188858 0.258067
0.005545 506.996 0.206983 185477 0.00238416 1.25881
0.006865 342.823 0.232914 185476 0.0141981 1.8773
0.005175 886.244 0.155014 185478 -0.0613121 0.715231
0.004925 1306.9 0.104882 185476 -0.13519 0.483624
0.005885 372.245 0.227557 185477 0.0236709 1.7239
0.004235 2211.81 0.0251585 185476 -0.224509 0.285395
0.007185 344.386 0.232917 185476 0.0087173 1.86879
0.006565 342.612 0.232871 185477 0.019089 1.87833
0.002445 2447.74 0.0399627 185476 -0.188957 0.257952
0.005555 500.21 0.207941 185477 0.00349209 1.27613
0.006875 342.84 0.232915 185476 0.0140318 1.8772
0.005185 872.913 0.156821 185478 -0.0590162 0.726265
0.004935 1288.32 0.107023 185476 -0.133845 0.490635
0.005895 370.555 0.227847 185477 0.0238868 1.73196
0.007195 344.449 0.232917 185476 0.00854942 1.86844
0.004245 2200.78 0.0259615 185476 -0.22667 0.286823
0.006575 342.588 0.232875 185477 0.0189726 1.87847
0.002455 2448.87 0.0396086 185476 -0.18905 0.257836
0.006885 342.854 0.232915 185476 0.0138648 1.87712
0.005565 493.563 0.208875 185477 0.00449687 1.29356
0.005195 859.726 0.158608 185478 -0.0567438 0.737521
0.005905 368.934 0.228123 185477 0.0240846 1.73976
0.004945 1269.85 0.109155 185475 -0.131618 0.497813
0.007205 344.51 0.232917 185477 0.00837672 1.86812
0.004255 2189.46 0.0267876 185476 -0.230819 0.288303
0.006585 342.562 0.232878 185477 0.0188631 1.87862
0.005575 487.053 0.209787 185477 0.00574304 1.3111
0.006895 342.867 0.232915 185476 0.0137004 1.87706
0.002465 2450 0.0392544 185476 -0.189166 0.25772
0.005205 846.683 0.160374 185478 -0.0544953 0.749001
0.005915 367.379 0.228387 185477 0.0242644 1.74731
0.004955 1251.47 0.111279 185476 -0.12805 0.505163
0.007215 344.618 0.232917 185476 0.00820467 1.86753
0.006595 342.533 0.232881 185477 0.0187231 1.87879
0.004265 2177.83 0.0276395 185476 -0.234592 0.28984
0.005585 480.679 0.210675 185478 0.00659934 1.32875
0.006905 342.877 0.232915 185476 0.0135233 1.877
0.002475 2451.13 0.0389001 185476 -0.189316 0.257603
0.005215 833.785 0.162119 185478 -0.0522712 0.760711
0.005925 365.888 0.228638 185477 0.0244266 1.75462
0.004965 1233.21 0.113393 185476 -0.123345 0.512693
0.007225 344.723 0.232917 185476 0.0080382 1.86696
0.006605 342.547 0.232884 185476 0.0186122 1.87872
0.004275 2165.94 0.0285108 185476 -0.236925 0.291426
0.005595 475.053 0.211541 185477 0.00750939 1.34473
0.005225 821.033 0.163843 185478 -0.050072 0.772653
0.006915 342.93 0.232916 185476 0.0133434 1.87671
0.002485 2452.27 0.0385456 185476 -0.189497 0.257487
0.005935 364.457 0.228877 185477 0.0245711 1.76168
0.007235 344.826 0.232917 185476 0.00786829 1.8664
0.004975 1215.04 0.115499 185477 -0.118233 0.520406
0.006615 342.559 0.232887 185476 0.0184905 1.87866
0.004285 2153.92 0.0293925 185476 -0.237727 0.29305
0.005605 469.572 0.212383 185477 0.00841836 1.36068
0.005235 808.427 0.165545 185478 -0.0478987 0.784832
0.006925 342.98 0.232916 185476 0.0131754 1.87644
0.002495 2453.4 0.038191 185476 -0.189698 0.257372
0.005945 363.084 0.229105 185477 0.0246985 1.76852
0.007245 344.926 0.232917 185476 0.00769832 1.86586
0.004985 1196.98 0.117595 185478 -0.113491 0.528308
0.006625 342.567 0.232889 185476 0.0183559 1.87862
0.004295 2141.83 0.0302772 185476 -0.237442 0.2947
0.005615 464.232 0.213202 185477 0.00930735 1.37659
0.005245 795.968 0.167226 185478 -0.0457524 0.797252
0.006935 343.026 0.232916 185476 0.0129992 1.87619
0.002505 2454.53 0.0378363 185476 -0.189908 0.257256
0.005955 361.764 0.229322 185477 0.0248085 1.77514
0.007255 345.023 0.232917 185476 0.007528 1.86534
0.004995 1179.02 0.11968 185478 -0.109515 0.536407
0.006635 342.572 0.232892 185476 0.0182103 1.8786
0.004305 2129.75 0.0311606 185476 -0.236566 0.296368
0.005255 783.656 0.168886 185478 -0.0436344 0.809916
0.005625 459.032 0.213998 185477 0.0101734 1.39243
0.006945 343.068 0.232916 185476 0.0128238 1.87596
0.002515 2455.66 0.0374815 185476 -0.190122 0.257141
0.005965 360.495 0.229527 185477 0.0249074 1.78156
0.007265 345.116 0.232917 185476 0.00735739 1.86483
0.005005 1161.17 0.121755 185478 -0.106237 0.544708
0.006645 342.573 0.232894 185476 0.0180539 1.8786
0.004315 2117.7 0.0320404 185476 -0.235429 0.298053
0.006955 343.106 0.232916 185476 0.0126493 1.87575
0.005635 453.971 0.214772 185477 0.0110149 1.40821
0.002525 2456.78 0.0371266 185476 -0.190336 0.257026
0.005265 771.492 0.170523 185478 -0.041546 0.822829
0.005975 359.436 0.229723 185477 0.0249916 1.78697
0.007275 345.207 0.232917 185476 0.00718641 1.86434
0.005015 1143.42 0.123819 185478 -0.103347 0.55322
0.003045 2518.46 0.0186602 185477 -0.200078 0.250835
0.006655 342.571 0.232896 185476 0.0178934 1.87862
0.006965 343.14 0.232916 185476 0.012476 1.87557
0.004325 2105.68 0.0329158 185476 -0.234189 0.299751
0.005645 449.048 0.215523 185477 0.0118317 1.42391
0.002535 2457.9 0.0367716 185476 -0.190548 0.256912
0.005985 358.425 0.229908 185477 0.0250697 1.79216
0.005275 759.475 0.172139 185478 -0.0394861 0.835996
0.007285 345.295 0.232917 185476 0.00701503 1.86387
0.005025 1125.78 0.125872 185478 -0.100564 0.561949
0.003055 2519.85 0.0183063 185477 -0.200166 0.250698
0.000745 2299.07 0.0904393 185476 -0.16352 0.273865
0.006665 342.565 0.232898 185476 0.0177255 1.87865
0.006975 343.17 0.232916 185476 0.0123037 1.8754
0.002545 2459.02 0.0364165 185476 -0.19076 0.256798
0.004335 2093.71 0.0337865 185476 -0.23291 0.301464
0.005655 444.26 0.216252 185477 0.0126243 1.43951
0.005995 357.461 0.230084 185477 0.0251356 1.79715
0.005285 747.605 0.173732 185478 -0.0374598 0.849419
0.007295 345.379 0.232917 185476 0.00684296 1.86341
0.005035 1108.24 0.127912 185478 -0.0977623 0.570905
0.006675 342.555 0.232899 185476 0.0175494 1.87871
0.003065 2521.24 0.0179523 185477 -0.200247 0.250561
0.000755 2299.71 0.0902522 185476 -0.16359 0.273793
0.006985 343.198 0.232917 185476 0.0121318 1.87525
0.002555 2460.13 0.0360613 185476 -0.190969 0.256685
0.004345 2081.77 0.0346523 185476 -0.231611 0.30319
0.005665 439.608 0.216959 185477 0.0133931 1.455
0.006005 356.54 0.230251 185477 0.0251902 1.80193
0.005295 735.883 0.175303 185478 -0.0353312 0.863106
0.007305 345.46 0.232917 185476 0.00667223 1.86298
0.005045 1090.8 0.129941 185478 -0.0949369 0.580095
0.006685 342.542 0.232901 185476 0.0173762 1.87879
0.000765 2300.35 0.090063 185476 -0.163661 0.27372
0.003075 2522.63 0.0175981 185477 -0.20032 0.250424
0.000455 2283.5 0.0949401 185476 -0.162015 0.275636
0.003085 2524.03 0.0172436 185477 -0.200384 0.250286
0.004595 1804.8 0.0542413 185476 -0.190435 0.349746
0.000465 2283.94 0.0948165 185476 -0.162053 0.275586
0.003095 2525.44 0.0168889 185477 -0.200438 0.250147
0.007535 347.974 0.232918 185476 0.00280273 1.84952
0.004605 1794.96 0.054921 185476 -0.188364 0.35167
0.003105 2526.85 0.0165337 185477 -0.200484 0.250008
0.000475 2284.38 0.0946906 185476 -0.162092 0.275536
0.007545 348.053 0.232918 185476 0.00258966 1.8491
0.006145 347.828 0.231829 185477 0.0249137 1.84866
0.004615 1785.24 0.0555912 185476 -0.186267 0.35359
0.003115 2528.26 0.0161782 185477 -0.20053 0.249869
0.000485 2284.82 0.0945622 185476 -0.162133 0.275485
0.007555 348.127 0.232918 185476 0.0023782 1.8487
0.001765 2384.73 0.0632725 185476 -0.175719 0.264491
0.003125 2529.68 0.0158223 185477 -0.200589 0.24973
0.004625 1775.66 0.056252 185476 -0.184143 0.355504
0.006155 347.436 0.231899 185477 0.0248399 1.85083
0.000495 2285.28 0.0944316 185476 -0.162174 0.275433
0.007565 348.196 0.232918 185476 0.00217003 1.84834
0.003135 2531.11 0.0154661 185477 -0.200675 0.24959
0.001775 2385.66 0.0629473 185476 -0.17592 0.264392
0.002695 2476.23 0.0310829 185476 -0.193833 0.255052
0.004635 1766.22 0.0569033 185476 -0.181996 0.357412
0.000505 2285.74 0.0942985 185476 -0.162216 0.27538
0.006165 347.064 0.231966 185477 0.0247686 1.85289
0.007575 348.259 0.232918 185476 0.00196609 1.848
0.003145 2532.54 0.0151094 185477 -0.200799 0.249449
0.001785 2386.59 0.0626213 185476 -0.176102 0.264294
0.004645 1756.91 0.0575452 185477 -0.179827 0.359313
0.002705 2477.44 0.030727 185476 -0.19403 0.25493
0.000515 2286.21 0.0941632 185476 -0.162259 0.275326
0.006175 346.716 0.232028 185477 0.0246915 1.85483
0.007585 348.317 0.232918 185476 0.00176673 1.8477
0.003155 2533.97 0.0147525 185477 -0.20096 0.249309
0.001795 2387.52 0.0622947 185476 -0.176272 0.264196
0.004655 1747.75 0.0581776 185477 -0.177638 0.361205
0.002715 2478.64 0.0303712 185476 -0.194226 0.254809
0.000525 2286.69 0.0940256 185476 -0.162303 0.275271
0.006185 346.388 0.232087 185477 0.0245672 1.85665
0.007595 348.369 0.232918 185476 0.00157174 1.84742
0.003165 2535.41 0.0143954 185476 -0.201148 0.249168
0.004665 1738.73 0.0588006 185477 -0.175432 0.363086
0.001805 2388.45 0.0619673 185476 -0.176439 0.264097
0.002725 2479.84 0.0300154 185476 -0.19442 0.254688
0.000125 2274.16 0.0976002 185476 -0.161235 0.276707
0.000535 2287.18 0.0938856 185476 -0.162348 0.275216
0.006195 346.142 0.232142 185477 0.0244036 1.85804
0.007605 348.415 0.232918 185476 0.00138057 1.84718
0.004675 1729.86 0.0594143 185477 -0.173208 0.364956
0.003175 2536.85 0.0140382 185476 -0.201351 0.249027
0.001815 2389.37 0.0616392 185476 -0.176607 0.263999
0.002735 2481.04 0.0296596 185476 -0.194613 0.254567
0.000135 2274.3 0.0975624 185476 -0.161245 0.276691
0.000545 2287.68 0.0937434 185476 -0.162393 0.275159
0.006205 345.9 0.232194 185477 0.0242425 1.85941
0.007615 348.456 0.232918 185476 0.00119248 1.84696
0.004685 1721.15 0.0600189 185477 -0.170971 0.366814
0.003185 2538.29 0.013681 185476 -0.201558 0.248887
0.001825 2390.3 0.0613104 185476 -0.176778 0.263901
0.002745 2482.24 0.0293038 185476 -0.194806 0.254446
0.000145 2274.44 0.0975218 185476 -0.161256 0.276675
0.000555 2288.18 0.0935989 185476 -0.16244 0.275102
0.006215 345.665 0.232242 185477 0.0240976 1.86074
0.007625 348.491 0.232918 185476 0.00100671 1.84678
0.003195 2539.73 0.013324 185476 -0.201657 0.248746
0.004695 1712.59 0.0606146 185477 -0.16872 0.368657
0.001835 2391.23 0.0609809 185476 -0.17695 0.263804
0.002755 2483.44 0.0289481 185476 -0.194998 0.254326
0.000565 2288.69 0.0934521 185476 -0.162487 0.275044
0.000155 2274.59 0.0974783 185476 -0.161269 0.276657
0.001585 2367.99 0.068988 185476 -0.172625 0.266274
0.000165 2274.76 0.0974321 185476 -0.161281 0.276639
0.006995 343.222 0.232917 185476 0.0119642 1.87512
0.001595 2368.92 0.0686779 185476 -0.172776 0.266175
0.004355 2069.89 0.035513 185476 -0.230295 0.304929
0.000175 2274.93 0.0973831 185476 -0.161295 0.276619
0.007315 345.538 0.232917 185477 0.00649681 1.86256
0.000185 2275.11 0.0973314 185476 -0.161309 0.276598
0.007325 345.664 0.232917 185476 0.0063211 1.86188
0.005675 435.088 0.217644 185477 0.0141381 1.47037
0.000195 2275.3 0.0972769 185476 -0.161325 0.276576
0.006015 355.661 0.23041 185477 0.0252333 1.80653
0.007335 345.787 0.232917 185476 0.00614965 1.86122
0.005685 430.701 0.218308 185477 0.0148585 1.48561
0.000205 2275.5 0.0972197 185476 -0.161341 0.276553
0.007345 345.906 0.232917 185476 0.00597566 1.86057
0.006025 354.822 0.230559 185477 0.025265 1.81094
0.005055 1073.47 0.131957 185478 -0.0921196 0.589529
0.000215 2275.72 0.0971597 185476 -0.161357 0.276528
0.005695 426.443 0.218951 185477 0.0155528 1.5007
0.007355 346.022 0.232917 185476 0.00580288 1.85995
0.006035 354.02 0.230701 185477 0.0252855 1.81517
0.005065 1056.24 0.133959 185478 -0.0893304 0.599216
0.000225 2275.94 0.0970971 185476 -0.161375 0.276503
0.005705 422.313 0.219573 185477 0.0162186 1.51563
0.006045 353.253 0.230836 185477 0.0252946 1.81924
0.005075 1039.11 0.135949 185478 -0.0865725 0.609166
0.000235 2276.17 0.0970317 185476 -0.161393 0.276477
0.005715 418.307 0.220174 185477 0.0168539 1.5304
0.006055 352.519 0.230963 185477 0.0252925 1.82315
0.005085 1022.09 0.137925 185478 -0.0838434 0.61939
0.005305 724.306 0.176851 185478 -0.0333767 0.87706
0.000245 2276.41 0.0969637 185476 -0.161413 0.276449
0.006695 342.526 0.232902 185476 0.0171882 1.87888
0.006065 351.816 0.231083 185477 0.0252787 1.82691
0.005725 414.422 0.220755 185477 0.0174576 1.54499
0.005095 1005.17 0.139887 185478 -0.0811375 0.629898
0.000255 2276.66 0.096893 185476 -0.161433 0.276421
0.005315 712.875 0.178377 185478 -0.0315924 0.891287
0.000775 2301 0.0898718 185476 -0.163733 0.273646
0.006075 351.141 0.231196 185477 0.0252563 1.83054
0.006705 342.551 0.232904 185476 0.0169895 1.87875
0.005735 410.654 0.221316 185477 0.0180473 1.55942
0.005105 988.347 0.141834 185478 -0.0784447 0.640703
0.000265 2276.91 0.0968197 185476 -0.161454 0.276391
0.005325 701.59 0.17988 185478 -0.0297088 0.905792
0.000785 2301.66 0.0896787 185476 -0.163806 0.273572
0.006715 342.574 0.232905 185476 0.0168152 1.87863
0.005745 407.343 0.221857 185477 0.0185641 1.57235
0.005115 971.626 0.143767 185478 -0.0756116 0.651816
0.006225 345.439 0.232288 185477 0.023967 1.86202
0.002765 2484.63 0.0285923 185476 -0.195189 0.254206
0.007635 348.52 0.232918 185476 0.000822568 1.84662
0.002775 2485.82 0.0282366 185476 -0.19538 0.254086
0.004705 1704.19 0.0612013 185477 -0.166452 0.370485
0.007645 348.543 0.232918 185476 0.000639634 1.8465
0.001845 2392.16 0.0606508 185476 -0.177125 0.263706
0.002785 2487.01 0.0278809 185476 -0.19557 0.253967
0.004715 1695.94 0.0617795 185476 -0.164275 0.372297
0.000575 2289.2 0.0933031 185476 -0.162536 0.274985
0.007655 348.561 0.232918 185476 0.000457571 1.84641
0.007005 343.243 0.232917 185476 0.0117885 1.87501
0.002795 2488.2 0.0275253 185476 -0.195761 0.253847
0.001855 2393.08 0.06032 185476 -0.1773 0.263609
0.004725 1687.86 0.0623492 185477 -0.160741 0.374091
0.004365 2058.05 0.0363686 185476 -0.228963 0.306681
0.007665 348.572 0.232918 185476 0.00027923 1.84634
0.000585 2289.73 0.0931519 185476 -0.162585 0.274925
0.002805 2489.39 0.0271697 185476 -0.195952 0.253728
0.007015 343.309 0.232917 185476 0.011613 1.87464
0.001865 2394.01 0.0599885 185476 -0.177475 0.263511
0.004735 1679.66 0.0629407 185447 -0.178677 0.375868
0.007675 348.578 0.232918 185476 9.11456e-05 1.84631
0.000595 2290.26 0.0929985 185476 -0.162635 0.274865
0.004375 2046.26 0.0372188 185476 -0.227612 0.308447
0.002815 2490.57 0.0268141 185476 -0.196143 0.25361
0.007025 343.374 0.232917 185476 0.011448 1.87429
0.001875 2394.93 0.0596564 185476 -0.177652 0.263414
0.004745 1659.29 0.0651822 185478 -0.195281 0.380557
0.004385 2034.52 0.0380637 185476 -0.226241 0.310225
0.000605 2290.8 0.0928428 185476 -0.162687 0.274803
0.002825 2491.75 0.0264586 185476 -0.196334 0.253491
0.007035 343.435 0.232917 185476 0.0112769 1.87396
0.000275 2277.18 0.0967437 185476 -0.161475 0.27636
0.005335 690.447 0.18136 185478 -0.0278645 0.920581
0.000795 2302.33 0.0894836 185476 -0.16388 0.273497
0.000285 2277.46 0.0966651 185476 -0.161498 0.276329
0.005755 404.148 0.222378 185477 0.019083 1.58502
0.005345 679.448 0.182818 185478 -0.0260554 0.93566
0.000295 2277.74 0.0965839 185476 -0.161521 0.276296
0.000805 2303 0.0892866 185476 -0.163955 0.273421
0.006235 345.221 0.232331 185477 0.0238447 1.86325
0.005355 668.59 0.184252 185478 -0.0242844 0.951035
0.001885 2395.86 0.0593237 185476 -0.177829 0.263317
0.004755 1638.75 0.0674453 185477 -0.189925 0.385337
0.005365 657.872 0.185664 185478 -0.0225506 0.966714
0.004395 2022.83 0.038903 185476 -0.224848 0.312016
0.001895 2396.78 0.0589903 185476 -0.178007 0.26322
0.004765 1618.34 0.0697009 185477 -0.1862 0.390211
0.005375 647.292 0.187052 185478 -0.0208528 0.982704
0.001905 2397.7 0.0586564 185476 -0.178186 0.263123
0.004405 2011.2 0.0397366 185476 -0.223432 0.31382
0.004775 1598.04 0.0719493 185477 -0.182428 0.39518
0.005385 636.849 0.188418 185478 -0.0191309 0.999011
0.000615 2291.34 0.092685 185476 -0.162739 0.274741
0.001915 2398.62 0.0583218 185476 -0.178365 0.263027
0.004415 1999.63 0.0405644 185476 -0.22199 0.315635
0.004785 1577.87 0.0741906 185477 -0.178724 0.400248
0.005395 626.548 0.18976 185479 -0.0172712 1.01564
0.002835 2492.94 0.0261031 185476 -0.196526 0.253373
0.000305 2278.04 0.0965001 185476 -0.161546 0.276262
0.000815 2303.67 0.0890876 185476 -0.164031 0.273345
0.002845 2494.12 0.0257478 185476 -0.196718 0.253255
0.006245 345.013 0.232371 185477 0.0237259 1.86443
0.000315 2278.34 0.0964137 185476 -0.161571 0.276227
0.000825 2304.35 0.0888867 185476 -0.164108 0.273268
0.002855 2495.29 0.0253924 185476 -0.196912 0.253137
0.006255 344.812 0.232408 185477 0.0236069 1.86557
0.004795 1557.81 0.0764251 185477 -0.175077 0.405418
0.000625 2291.9 0.0925249 185476 -0.162792 0.274678
0.004425 1988.12 0.0413861 185476 -0.220521 0.317462
0.005405 617.507 0.191079 185478 -0.016018 1.0307
0.000635 2292.46 0.0923627 185476 -0.162846 0.274615
0.000835 2305.04 0.0886839 185476 -0.164185 0.273191
0.004435 1976.67 0.0422016 185476 -0.219025 0.319301
0.005415 608.626 0.192373 185478 -0.0144978 1.04595
0.002865 2496.47 0.0250372 185476 -0.197106 0.25302
0.006265 344.618 0.232443 185477 0.023485 1.86667
0.002875 2497.64 0.0246821 185476 -0.197301 0.252903
0.000845 2305.73 0.0884792 185476 -0.164262 0.273113
0.004445 1965.28 0.0430107 185476 -0.217499 0.32115
0.005425 599.899 0.193642 185478 -0.0130142 1.06137
0.000855 2306.43 0.0882727 185476 -0.16434 0.273034
0.006275 344.43 0.232476 185477 0.0233597 1.86773
0.004455 1953.97 0.0438132 185476 -0.215943 0.32301
0.000865 2307.14 0.0880642 185476 -0.164418 0.272955
0.005435 591.325 0.194887 185478 -0.0115545 1.07697
0.006285 344.248 0.232507 185477 0.0232281 1.86877
0.004465 1942.73 0.044609 185476 -0.214355 0.32488
0.000875 2307.85 0.087854 185476 -0.164497 0.272875
0.006295 344.13 0.232536 185477 0.0230928 1.86945
0.004475 1931.56 0.0453977 185476 -0.212732 0.326759
0.000885 2308.56 0.0876418 185476 -0.164576 0.272795
0.006305 344.017 0.232562 185477 0.0229583 1.8701
0.000895 2309.28 0.0874279 185476 -0.164655 0.272714
0.006315 343.908 0.232588 185477 0.0228187 1.87073
0.000905 2310.01 0.0872121 185476 -0.164735 0.272633
0.006325 343.802 0.232611 185477 0.0226764 1.87135
0.000915 2310.74 0.0869945 185476 -0.164816 0.272551
0.006335 343.699 0.232633 185477 0.0225316 1.87195
0.000925 2311.47 0.0867752 185476 -0.164897 0.272468
0.006345 343.597 0.232653 185477 0.0223845 1.87253
0.000935 2312.22 0.086554 185476 -0.164979 0.272385
0.006355 343.498 0.232672 185477 0.0222354 1.87311
0.000945 2312.96 0.0863311 185476 -0.165062 0.272302
0.006365 343.399 0.23269 185477 0.0220841 1.87368
0.000955 2313.71 0.0861065 185476 -0.165145 0.272218
0.006375 343.301 0.232707 185477 0.021934 1.87424
0.006385 343.203 0.232722 185477 0.0217773 1.8748
0.006395 343.157 0.232737 185477 0.0216194 1.87508
