0.007365 347.463 0.232917 189138 0.0045111 1.8888
0.007375 347.566 0.232917 189138 0.00436559 1.88824
0.007385 347.665 0.232917 189138 0.00422159 1.8877
0.007395 347.76 0.232917 189138 0.00407933 1.88719
0.007405 347.852 0.232917 189138 0.00393873 1.88669
0.007415 347.941 0.232917 189138 0.0038008 1.88621
0.007425 348.026 0.232917 189138 0.00366186 1.88575
0.007435 348.145 0.232917 189138 0.00352418 1.8851
0.007445 348.26 0.232917 189138 0.00338903 1.88448
0.007455 348.371 0.232917 189138 0.00325209 1.88388
0.007465 348.478 0.232917 189138 0.00311439 1.8833
0.007475 348.581 0.232917 189138 0.00297548 1.88274
0.007485 348.679 0.232917 189138 0.00283518 1.88221
0.007495 348.774 0.232917 189138 0.00269344 1.8817
0.007505 348.864 0.232917 189138 0.00255032 1.88122
0.007515 348.949 0.232917 189138 0.00240602 1.88076
0.007525 349.03 0.232917 189138 0.00226078 1.88032
0.007535 349.106 0.232917 189138 0.00211486 1.87991
0.007545 349.178 0.232917 189138 0.00196852 1.87953
0.007555 349.244 0.232917 189138 0.00182193 1.87917
0.007565 349.306 0.232917 189138 0.00167524 1.87884
0.007575 349.363 0.232918 189138 0.00152851 1.87853
0.007585 349.415 0.232918 189138 0.00138181 1.87825
0.007595 349.461 0.232918 189138 0.00123518 1.878
0.007605 349.503 0.232918 189138 0.00108867 1.87778
0.007615 349.54 0.232918 189138 0.000942367 1.87758
0.007625 349.571 0.232918 189138 0.000796386 1.87741
0.007635 349.597 0.232918 189138 0.000650842 1.87727
0.007645 349.618 0.232918 189138 0.000505916 1.87716
0.007655 349.634 0.232918 189138 0.000361689 1.87707
0.007665 349.644 0.232918 189138 0.000220581 1.87702
0.007675 349.65 0.232918 189138 7.19529e-05 1.87699
0.000965 2351.24 0.0764217 189138 -0.125155 0.273108
0.001285 2372.74 0.0687858 189138 -0.127682 0.270774
0.000975 2351.86 0.0762062 189138 -0.125222 0.27304
0.001925 2421.73 0.04999 189138 -0.134774 0.265568
0.001295 2373.46 0.0685246 189138 -0.127773 0.270696
0.003845 2410.91 0.0131206 189138 -0.170156 0.266959
0.000985 2352.48 0.0759891 189138 -0.125289 0.272972
0.001305 2374.18 0.0682622 189138 -0.127866 0.270619
0.001935 2422.52 0.0496693 189138 -0.134902 0.265486
0.000995 2353.11 0.0757704 189138 -0.125358 0.272903
0.003855 2407.98 0.0132713 189138 -0.169971 0.267282
0.002885 2535.84 0.0171763 189138 -0.1465 0.253849
0.001315 2374.91 0.0679985 189138 -0.127958 0.270541
0.001945 2423.3 0.0493479 189138 -0.135031 0.265403
0.001005 2353.74 0.0755502 189138 -0.125427 0.272835
0.003865 2405.08 0.013421 189138 -0.169783 0.267605
0.001325 2375.63 0.0677336 189138 -0.128052 0.270463
0.002895 2537.53 0.0168215 189138 -0.146639 0.253681
0.002245 2449.34 0.0394408 189138 -0.138791 0.262683
0.001015 2354.37 0.0753283 189138 -0.125497 0.272765
0.001955 2424.09 0.0490259 189138 -0.13516 0.265321
0.003875 2402.19 0.0135698 189138 -0.169592 0.267926
0.001335 2376.36 0.0674675 189138 -0.128146 0.270384
0.002905 2539.21 0.0164668 189138 -0.146779 0.253514
0.001025 2355.01 0.0751049 189138 -0.125568 0.272696
0.006725 344.016 0.232883 189138 0.0132146 1.90762
0.002255 2450.39 0.0391029 189138 -0.138912 0.262573
0.001965 2424.88 0.0487033 189138 -0.135289 0.265238
0.003885 2399.32 0.0137175 189138 -0.169399 0.268245
0.001345 2377.09 0.0672002 189138 -0.128241 0.270306
0.002915 2540.9 0.0161122 189138 -0.14692 0.253346
0.001035 2355.65 0.0748799 189138 -0.12564 0.272626
0.002265 2451.45 0.0387646 189139 -0.139029 0.262463
0.006735 344.037 0.232886 189138 0.0130713 1.90751
0.001605 2396.69 0.0598639 189138 -0.130939 0.268211
0.001975 2425.67 0.04838 189138 -0.135419 0.265156
0.001355 2377.82 0.0669317 189138 -0.128336 0.270227
0.003895 2396.46 0.0138643 189138 -0.169206 0.268564
0.001045 2356.3 0.0746534 189138 -0.125712 0.272556
0.002925 2542.59 0.0157576 189138 -0.147064 0.253179
0.002275 2452.66 0.0384258 189138 -0.139166 0.262336
0.006745 344.056 0.232888 189138 0.012945 1.90741
0.001615 2397.46 0.0595681 189138 -0.131051 0.268129
0.001985 2426.46 0.0480561 189138 -0.135549 0.265073
0.001365 2378.56 0.066662 189138 -0.128433 0.270148
0.003905 2393.63 0.0140102 189138 -0.169013 0.268881
0.001055 2356.95 0.0744254 189138 -0.125786 0.272485
0.002935 2544.27 0.0154031 189138 -0.147209 0.253013
0.002285 2453.87 0.0380867 189138 -0.139298 0.26221
0.006755 344.073 0.23289 189138 0.0128107 1.90732
0.001625 2398.24 0.0592715 189138 -0.131163 0.268047
0.001995 2427.24 0.0477316 189138 -0.135679 0.264991
0.001375 2379.29 0.0663911 189138 -0.12853 0.270069
0.003915 2390.81 0.014155 189138 -0.16882 0.269198
0.001065 2357.6 0.0741959 189138 -0.12586 0.272414
0.002945 2545.95 0.0150488 189138 -0.147356 0.252847
0.002295 2455.08 0.0377471 189138 -0.139429 0.262084
0.006765 344.087 0.232893 189138 0.0126769 1.90725
0.001635 2399.01 0.0589739 189138 -0.131276 0.267964
0.002005 2428.03 0.0474065 189138 -0.13581 0.264909
0.001385 2380.03 0.0661191 189138 -0.128627 0.26999
0.003925 2388.01 0.014299 189138 -0.16863 0.269513
0.001075 2358.26 0.0739648 189138 -0.125935 0.272343
0.002955 2547.63 0.0146946 189138 -0.147505 0.252681
0.002305 2456.29 0.0374072 189138 -0.139559 0.261957
0.002015 2428.82 0.0470808 189138 -0.13594 0.264826
0.001395 2380.77 0.065846 189138 -0.128726 0.26991
0.006775 344.099 0.232895 189138 0.0125428 1.90719
0.003935 2385.23 0.014442 189138 -0.168442 0.269826
0.001645 2399.78 0.0586754 189138 -0.13139 0.267882
0.001085 2358.92 0.0737323 189138 -0.12601 0.272271
0.002965 2549.31 0.0143407 189138 -0.147657 0.252515
0.002315 2457.5 0.0370669 189138 -0.139689 0.261831
0.002025 2429.6 0.0467545 189138 -0.13607 0.264744
0.001405 2381.52 0.0655717 189138 -0.128825 0.26983
0.006785 344.109 0.232896 189138 0.0124087 1.90714
0.003945 2382.46 0.0145842 189138 -0.168257 0.270139
0.001095 2359.58 0.0734982 189138 -0.126087 0.272199
0.001655 2400.56 0.0583761 189138 -0.131504 0.2678
0.002975 2550.98 0.013987 189138 -0.14781 0.25235
0.002035 2430.39 0.0464277 189138 -0.136199 0.264662
0.001415 2382.26 0.0652963 189138 -0.128924 0.269751
0.002325 2458.71 0.0367262 189138 -0.139818 0.261705
0.006795 344.116 0.232898 189138 0.0122747 1.9071
0.003955 2379.72 0.0147255 189138 -0.168077 0.27045
0.001105 2360.24 0.0732627 189138 -0.126164 0.272126
0.001665 2401.34 0.0580758 189138 -0.131619 0.267718
0.002045 2431.18 0.0461002 189138 -0.136328 0.26458
0.002985 2552.66 0.0136335 189138 -0.147966 0.252186
0.001425 2383.01 0.0650198 189138 -0.129025 0.269671
0.002335 2459.91 0.0363851 189138 -0.139947 0.261579
0.006805 344.121 0.2329 189138 0.0121428 1.90708
0.003965 2376.99 0.0148661 189138 -0.167902 0.27076
0.001115 2360.91 0.0730258 189138 -0.126242 0.272054
0.001675 2402.11 0.0577747 189138 -0.131734 0.267635
0.002055 2431.97 0.0457722 189138 -0.136456 0.264498
0.002995 2554.33 0.0132804 189138 -0.148125 0.252021
0.001435 2383.75 0.0647422 189138 -0.129126 0.269591
0.002345 2461.12 0.0360437 189138 -0.140076 0.261454
0.003975 2374.27 0.015006 189138 -0.167732 0.271069
0.001125 2361.59 0.0727874 189138 -0.12632 0.271981
0.006815 344.123 0.232901 189138 0.0120039 1.90707
0.001685 2402.89 0.0574728 189138 -0.13185 0.267553
0.002065 2432.75 0.0454436 189138 -0.136583 0.264416
0.001445 2384.5 0.0644635 189138 -0.129227 0.26951
0.003005 2556 0.0129275 189138 -0.148284 0.251858
0.002355 2462.33 0.0357019 189138 -0.140204 0.261328
0.003985 2371.58 0.0151452 189138 -0.167568 0.271377
0.006825 344.123 0.232902 189138 0.0118691 1.90708
0.001135 2362.26 0.0725476 189138 -0.1264 0.271907
0.004485 2079.64 0.0390343 189138 -0.154543 0.309521
0.001695 2403.67 0.05717 189138 -0.131966 0.26747
0.002075 2433.54 0.0451145 189138 -0.136709 0.264334
0.001455 2385.25 0.0641837 189138 -0.12933 0.26943
0.003015 2557.67 0.0125751 189138 -0.148342 0.251694
0.002365 2463.54 0.0353598 189138 -0.140332 0.261203
0.003995 2368.9 0.0152839 189138 -0.167411 0.271683
0.001145 2362.94 0.0723063 189138 -0.12648 0.271834
0.006835 344.159 0.232904 189138 0.0117269 1.90688
0.001705 2404.45 0.0568663 189138 -0.132083 0.267388
0.004495 2074.5 0.039494 189138 -0.153837 0.310292
0.002085 2434.33 0.0447848 189138 -0.136834 0.264252
0.003205 2550.48 0.0097019 189138 -0.158338 0.252404
0.003025 2559.23 0.0122308 189131 -0.153129 0.251532
0.001465 2386.01 0.0639028 189138 -0.129433 0.26935
0.002375 2464.75 0.0350173 189138 -0.14046 0.261077
0.004005 2366.24 0.015422 189138 -0.167266 0.271989
0.001155 2363.62 0.0720636 189138 -0.126561 0.27176
0.006845 344.194 0.232905 189138 0.0116007 1.90669
0.001715 2405.23 0.0565618 189138 -0.1322 0.267305
0.004505 2069.41 0.0399517 189138 -0.153143 0.311059
0.002095 2435.11 0.0444545 189138 -0.136958 0.26417
0.003215 2550.04 0.00955687 189138 -0.158405 0.252448
0.003035 2558.79 0.0120881 189138 -0.15785 0.251585
0.001475 2386.76 0.0636209 189138 -0.129536 0.269269
0.002385 2465.95 0.0346744 189138 -0.140587 0.260952
0.004015 2363.59 0.0155596 189138 -0.166864 0.272293
0.001165 2364.31 0.0718196 189138 -0.126643 0.271685
0.006855 344.225 0.232906 189138 0.011466 1.90652
0.001725 2406.01 0.0562565 189138 -0.132318 0.267223
0.004515 2064.37 0.0404075 189138 -0.152462 0.311823
0.002105 2435.9 0.0441237 189138 -0.137081 0.264088
0.003045 2558.25 0.0119521 189138 -0.157756 0.251638
0.003225 2549.61 0.00941153 189138 -0.158482 0.252491
0.001485 2387.52 0.0633379 189138 -0.12964 0.269188
0.002395 2467.16 0.0343312 189138 -0.140713 0.260827
0.004025 2360.79 0.0157088 189126 -0.174318 0.272598
0.001175 2364.99 0.0715741 189138 -0.126725 0.271611
0.006865 344.255 0.232907 189138 0.0113317 1.90636
0.001735 2406.79 0.0559504 189138 -0.132436 0.26714
0.002115 2436.69 0.0437924 189138 -0.137202 0.264006
0.004525 2059.38 0.0408615 189138 -0.151794 0.312584
0.003055 2557.72 0.0118156 189138 -0.15779 0.25169
0.003235 2549.18 0.00926594 189138 -0.158567 0.252534
0.001495 2388.27 0.0630539 189138 -0.129745 0.269107
0.002405 2468.37 0.0339877 189138 -0.140839 0.260702
0.004035 2354.19 0.0162372 189138 -0.181616 0.273379
0.001185 2365.69 0.0713273 189138 -0.126809 0.271536
0.006875 344.282 0.232908 189138 0.011197 1.90622
0.001745 2407.58 0.0556434 189138 -0.132555 0.267057
0.002125 2437.48 0.0434606 189138 -0.137322 0.263923
0.004535 2054.43 0.0413139 189138 -0.151142 0.313342
0.003065 2557.2 0.0116786 189138 -0.157823 0.251742
0.003245 2548.75 0.0091202 189138 -0.158579 0.252576
0.001505 2389.03 0.0627689 189138 -0.129851 0.269026
0.002565 2489.44 0.0284484 189138 -0.142811 0.258531
0.002415 2469.57 0.0336438 189138 -0.140965 0.260577
0.004045 2347.44 0.0167761 189138 -0.180889 0.274164
0.001195 2366.38 0.0710791 189138 -0.126893 0.271461
0.006885 344.306 0.232908 189138 0.0110622 1.90608
0.001755 2408.36 0.0553357 189138 -0.132674 0.266975
0.002135 2438.27 0.0431283 189139 -0.137436 0.263841
0.004545 2049.53 0.0417647 189138 -0.150505 0.314096
0.003075 2556.68 0.011541 189138 -0.157856 0.251793
0.003255 2548.26 0.00897947 189134 -0.161794 0.252619
0.001515 2389.79 0.0624828 189138 -0.129957 0.268945
0.002575 2490.82 0.0280998 189138 -0.142924 0.258389
0.002425 2470.78 0.0332996 189138 -0.14109 0.260452
0.004055 2340.72 0.0173136 189138 -0.180443 0.27495
0.001205 2367.08 0.0708296 189138 -0.126977 0.271386
0.006895 344.328 0.232909 189138 0.0109274 1.90596
0.002145 2439.19 0.0427954 189138 -0.137568 0.263745
0.001765 2409.14 0.0550272 189138 -0.132794 0.266892
0.004555 2044.68 0.0422141 189138 -0.149882 0.314847
0.003085 2556.17 0.0114029 189138 -0.157888 0.251843
0.003265 2546.55 0.00897605 189138 -0.164997 0.252793
0.001525 2390.55 0.0621957 189138 -0.130063 0.268864
0.002585 2492.21 0.0277509 189138 -0.143036 0.258248
0.002435 2471.99 0.032955 189138 -0.141214 0.260327
0.004065 2334.02 0.0178499 189138 -0.179998 0.275739
0.001215 2367.77 0.0705787 189138 -0.127063 0.27131
0.006905 344.347 0.23291 189138 0.0107925 1.90586
0.002155 2440.11 0.0424621 189138 -0.137693 0.263649
0.001775 2409.93 0.0547179 189138 -0.132914 0.266809
0.004565 2039.86 0.0426623 189138 -0.149323 0.315595
0.003275 2544.79 0.00897707 189138 -0.164952 0.252968
0.003095 2555.66 0.0112643 189138 -0.157919 0.251893
0.001535 2391.32 0.0619077 189138 -0.130171 0.268783
0.002595 2493.59 0.0274017 189138 -0.143147 0.258106
0.002445 2473.19 0.0326101 189138 -0.141339 0.260203
0.004075 2327.34 0.018385 189138 -0.179558 0.27653
0.001225 2368.48 0.0703265 189138 -0.127149 0.271234
0.006915 344.364 0.232911 189138 0.0106609 1.90577
0.002165 2441.03 0.0421282 189138 -0.137814 0.263552
0.004575 2035.09 0.0431093 189139 -0.147809 0.316341
0.001785 2410.71 0.0544078 189138 -0.133035 0.266726
0.003285 2543.03 0.00897766 189138 -0.164999 0.253142
0.003105 2555.16 0.011125 189138 -0.157949 0.251943
0.001545 2392.08 0.0616186 189138 -0.130279 0.268701
0.002605 2494.98 0.0270523 189138 -0.143257 0.257965
0.002455 2474.4 0.032265 189138 -0.141462 0.260078
0.004085 2320.68 0.018919 189138 -0.179121 0.277322
0.001235 2369.18 0.0700729 189138 -0.127236 0.271158
0.006925 344.378 0.232911 189138 0.0105225 1.90569
0.002175 2441.96 0.0417939 189139 -0.137929 0.263456
0.004585 2029.98 0.043583 189104 -0.165839 0.317086
0.003295 2541.28 0.0089779 189138 -0.165056 0.253316
0.001795 2411.5 0.054097 189138 -0.133156 0.266644
0.003115 2554.67 0.0109853 189138 -0.157979 0.251992
0.007045 344.921 0.232915 189138 0.00891394 1.90271
0.001555 2392.85 0.0613285 189138 -0.130387 0.26862
0.002615 2496.37 0.0267026 189138 -0.143367 0.257823
0.002465 2475.61 0.0319195 189139 -0.14158 0.259954
0.004095 2314.04 0.0194518 189138 -0.178687 0.278117
0.001245 2369.89 0.0698181 189138 -0.127324 0.271082
0.006935 344.43 0.232912 189138 0.0103843 1.90541
0.002185 2443.01 0.0414591 189138 -0.138061 0.263345
0.004595 2012.65 0.0452221 189139 -0.18315 0.319879
0.003305 2539.53 0.00897785 189138 -0.16512 0.25349
5e-06 2317.94 0.0876995 189138 -0.122219 0.27678
0.001805 2412.28 0.0537853 189138 -0.133277 0.266561
0.003125 2554.18 0.0108449 189138 -0.158008 0.25204
0.001565 2393.61 0.0610375 189138 -0.130496 0.268538
0.002625 2497.75 0.0263527 189138 -0.143476 0.257682
0.007055 344.985 0.232916 189138 0.00878014 1.90236
0.002475 2476.99 0.0315737 189138 -0.141718 0.259811
0.004105 2307.42 0.0199836 189138 -0.178253 0.278914
0.001255 2370.6 0.0695619 189138 -0.127412 0.271005
0.006945 344.479 0.232912 189138 0.010255 1.90514
0.002195 2444.06 0.0411238 189138 -0.138186 0.263235
0.004605 1994.94 0.046889 189139 -0.18034 0.322723
0.003315 2537.78 0.00897757 189138 -0.16519 0.253664
1.5e-05 2317.95 0.0876967 189138 -0.12222 0.276779
0.001815 2413.07 0.053473 189138 -0.1334 0.266478
0.003135 2553.7 0.0107039 189138 -0.158039 0.252087
0.001575 2394.38 0.0607455 189138 -0.130606 0.268456
0.002635 2499.14 0.0260025 189138 -0.143584 0.25754
0.007065 345.046 0.232916 189138 0.00864641 1.90202
0.002485 2478.37 0.0312276 189138 -0.141849 0.259668
0.004115 2300.83 0.0205143 189138 -0.177819 0.279713
0.001265 2371.31 0.0693045 189138 -0.127502 0.270928
0.006955 344.526 0.232913 189138 0.0101208 1.90488
0.002205 2445.12 0.0407881 189138 -0.138309 0.263125
0.004615 1977.24 0.048556 189139 -0.17863 0.325616
0.003325 2536.04 0.00897709 189138 -0.165266 0.253838
2.5e-05 2317.96 0.0876912 189138 -0.122221 0.276777
0.001825 2413.85 0.0531599 189138 -0.133522 0.266395
0.003145 2553.22 0.0105624 189138 -0.15807 0.252134
0.006405 345.513 0.232527 189138 0.0170051 1.8987
0.001585 2395.15 0.0604526 189138 -0.130716 0.268375
0.002645 2500.53 0.025652 189138 -0.143692 0.257399
0.007075 345.105 0.232916 189138 0.00851247 1.9017
0.002495 2479.76 0.0308812 189138 -0.141977 0.259526
0.004125 2294.26 0.021044 189138 -0.177383 0.280514
0.001275 2372.02 0.0690458 189138 -0.127591 0.270851
0.006965 344.571 0.232913 189138 0.00998673 1.90463
0.002215 2446.17 0.0404519 189138 -0.13843 0.263014
0.003335 2534.29 0.00897646 189138 -0.165344 0.254012
0.004625 1959.55 0.0502233 189139 -0.176893 0.328561
0.001835 2414.64 0.0528461 189138 -0.133645 0.266313
3.5e-05 2317.99 0.0876828 189138 -0.122223 0.276775
0.003155 2552.75 0.0104203 189138 -0.158104 0.252181
0.001595 2395.92 0.0601587 189138 -0.130827 0.268293
0.006415 345.366 0.232553 189138 0.0168986 1.89955
0.002655 2501.92 0.0253013 189138 -0.1438 0.257258
0.003525 2501.78 0.00894005 189138 -0.166351 0.257297
0.004165 2268.19 0.0231522 189138 -0.175583 0.283737
0.003535 2500.12 0.00893628 189138 -0.166372 0.257467
0.000645 2333.82 0.0823911 189138 -0.123432 0.275021
0.004175 2261.73 0.0236766 189138 -0.175111 0.284547
0.003545 2498.46 0.00893232 189138 -0.166392 0.257637
0.000325 2322.19 0.0862863 189138 -0.122491 0.276308
0.004185 2255.29 0.0241998 189138 -0.174628 0.285359
0.003555 2496.81 0.00892817 189138 -0.166411 0.257807
0.006085 360.132 0.229869 189138 0.0181345 1.8188
0.004195 2248.89 0.0247217 189138 -0.174132 0.286172
0.003565 2495.17 0.00892387 189138 -0.16643 0.257976
0.000335 2322.45 0.0862001 189138 -0.122512 0.276279
0.004805 1640.76 0.080454 189139 -0.148028 0.392588
0.004205 2242.51 0.0252424 189138 -0.173623 0.286986
0.006095 359.116 0.230041 189138 0.0182149 1.8241
0.003575 2493.53 0.00891942 189138 -0.166348 0.258145
0.000345 2322.72 0.0861114 189138 -0.122532 0.27625
0.000655 2334.28 0.0822338 189138 -0.123473 0.27497
0.004215 2236.16 0.0257618 189138 -0.173099 0.287802
0.006105 358.143 0.230205 189138 0.0182836 1.8292
0.003585 2491.83 0.00892059 189133 -0.169935 0.258314
0.004815 1622.97 0.0821501 189139 -0.14641 0.396906
0.000355 2322.99 0.0860204 189138 -0.122552 0.276219
0.005765 438.455 0.217453 189138 0.00681157 1.48766
0.003595 2488.63 0.00908571 189138 -0.17348 0.25865
0.004225 2229.84 0.0262797 189138 -0.17256 0.288618
0.004825 1605.17 0.083848 189139 -0.144776 0.401322
0.006115 357.211 0.23036 189138 0.0183392 1.83411
0.000365 2323.27 0.085927 189138 -0.122573 0.276188
0.003605 2485.38 0.00925576 189138 -0.173278 0.258988
0.004235 2223.55 0.0267962 189138 -0.172005 0.289435
0.005445 671.207 0.185048 189139 -0.0321323 0.966015
0.004835 1587.37 0.0855473 189139 -0.143126 0.40584
0.006125 356.317 0.230508 189138 0.0183844 1.83885
0.000665 2334.75 0.0820745 189138 -0.123516 0.274918
0.000375 2323.56 0.0858312 189138 -0.122594 0.276156
0.003615 2482.14 0.00942509 189138 -0.173178 0.259325
0.004245 2217.29 0.0273111 189138 -0.171435 0.290252
0.004845 1569.56 0.0872481 189139 -0.141457 0.410463
0.006135 355.573 0.230647 189138 0.0184166 1.84283
0.005455 661.384 0.186381 189139 -0.0305388 0.980537
0.000385 2323.85 0.085733 189138 -0.122615 0.276124
0.005125 1084.79 0.135048 189139 -0.0925004 0.59504
0.005775 433.857 0.218109 189138 0.00753836 1.50369
0.004255 2211.06 0.0278244 189138 -0.170848 0.29107
0.003625 2478.9 0.00959373 189138 -0.173077 0.259661
0.006145 354.864 0.23078 189138 0.0184415 1.84664
0.004855 1551.74 0.0889502 189139 -0.13977 0.415194
0.000395 2324.16 0.0856325 189138 -0.122637 0.27609
0.005465 651.702 0.187696 189139 -0.0289581 0.995284
0.000675 2335.23 0.0819132 189138 -0.123559 0.274865
0.004265 2204.87 0.0283359 189138 -0.170245 0.291888
0.003635 2475.68 0.00976167 189138 -0.172975 0.259998
0.006155 354.186 0.230906 189138 0.0184562 1.8503
0.004865 1533.92 0.0906535 189139 -0.138064 0.420037
0.000405 2324.46 0.0855296 189138 -0.12266 0.276056
0.005475 642.159 0.188991 189139 -0.0273902 1.01026
0.007085 345.162 0.232916 189138 0.00837845 1.90138
0.003645 2472.48 0.00992892 189138 -0.172874 0.260334
0.006165 353.539 0.231025 189138 0.0184623 1.85381
0.004275 2198.72 0.0288456 189138 -0.169626 0.292706
0.004875 1516.09 0.0923577 189139 -0.136338 0.424996
0.000415 2324.78 0.0854244 189138 -0.122684 0.276021
0.005485 632.758 0.190268 189139 -0.025835 1.02545
0.005785 429.821 0.218744 189138 0.00815827 1.51807
0.005135 1070.18 0.136767 189139 -0.0904438 0.603226
0.003655 2469.28 0.0100955 189138 -0.172771 0.26067
0.006175 352.919 0.231138 189138 0.0184608 1.85718
0.004285 2192.6 0.0293535 189138 -0.168991 0.293524
0.000685 2335.71 0.0817499 189138 -0.123603 0.274812
0.004885 1498.26 0.0940628 189139 -0.134593 0.430074
0.000425 2325.1 0.0853169 189138 -0.122708 0.275985
0.005495 623.499 0.191524 189139 -0.0242926 1.04087
0.003665 2466.09 0.0102614 189138 -0.172667 0.261005
0.006185 352.326 0.231244 189138 0.0184524 1.86041
0.004295 2186.52 0.0298594 189138 -0.168342 0.294341
0.007095 345.216 0.232916 189138 0.00824441 1.90109
0.004895 1480.43 0.0957687 189139 -0.13283 0.435276
0.000435 2325.43 0.0852071 189138 -0.122733 0.275949
0.005505 614.381 0.192762 189139 -0.0227638 1.05652
0.003675 2462.92 0.0104266 189138 -0.172562 0.261341
0.006195 351.758 0.231345 189138 0.0184376 1.86353
0.005795 425.908 0.219359 189138 0.0088003 1.53227
0.004305 2180.48 0.0303632 189138 -0.167678 0.295158
0.005145 1055.65 0.138479 189139 -0.088366 0.611588
0.004905 1462.6 0.097475 189139 -0.131048 0.440606
0.000445 2325.77 0.085095 189138 -0.122759 0.275912
0.005515 605.405 0.193979 189139 -0.0212496 1.07238
0.003685 2459.75 0.0105911 189138 -0.172454 0.261676
0.006205 351.214 0.231441 189138 0.0184164 1.86652
0.000695 2336.2 0.0815846 189138 -0.123648 0.274758
0.007105 345.268 0.232916 189138 0.00811023 1.9008
0.004315 2174.48 0.0308649 189138 -0.167 0.295973
0.004915 1444.77 0.0991817 189139 -0.129251 0.446068
0.000455 2326.11 0.0849806 189138 -0.122785 0.275874
0.005525 596.571 0.195176 189139 -0.0197517 1.08846
0.003695 2456.6 0.0107549 189138 -0.172344 0.26201
0.005805 422.117 0.219953 189138 0.00941862 1.54629
0.006215 350.691 0.231531 189138 0.0183889 1.8694
0.005155 1041.22 0.140184 189139 -0.0862859 0.620131
0.004925 1426.94 0.100889 189139 -0.127441 0.451666
0.004325 2168.53 0.0313645 189138 -0.166309 0.296788
0.000465 2326.46 0.0848639 189138 -0.122813 0.275835
0.005535 587.878 0.196352 189139 -0.0182721 1.10477
0.003705 2453.46 0.010918 189138 -0.172231 0.262345
0.006225 350.189 0.231616 189138 0.0183562 1.87217
0.000705 2336.69 0.0814173 189138 -0.123693 0.274704
0.007115 345.317 0.232916 189138 0.00797803 1.90053
0.004935 1409.11 0.102595 189139 -0.125621 0.457407
0.004335 2162.61 0.0318618 189138 -0.165606 0.297601
0.000475 2326.81 0.084745 189138 -0.122841 0.275796
0.005545 579.327 0.197508 189139 -0.0168132 1.12129
0.003715 2450.33 0.0110805 189138 -0.172115 0.262678
0.006235 349.789 0.231696 189138 0.0183183 1.8744
0.005815 418.444 0.220527 189138 0.0100153 1.56012
0.004945 1391.28 0.104302 189139 -0.123795 0.463295
0.004345 2156.75 0.0323568 189138 -0.164893 0.298412
0.005165 1026.89 0.141881 189139 -0.0842172 0.628858
0.000485 2327.18 0.0846239 189138 -0.12287 0.275756
0.003725 2447.21 0.0112422 189138 -0.171994 0.263012
0.005555 570.916 0.198644 189139 -0.0153776 1.13802
0.006245 349.409 0.231772 189138 0.0182773 1.87654
0.004955 1373.46 0.106008 189139 -0.12197 0.469336
0.000715 2337.19 0.0812481 189138 -0.123739 0.274649
0.004355 2150.92 0.0328495 189138 -0.16417 0.299222
0.007125 345.363 0.232917 189138 0.00784188 1.90028
0.000495 2327.54 0.0845005 189138 -0.122899 0.275715
0.003735 2444.11 0.0114032 189138 -0.171869 0.263344
0.006255 349.045 0.231843 189138 0.0182305 1.87857
0.005565 562.646 0.199758 189139 -0.0139682 1.15497
0.004965 1355.63 0.107714 189139 -0.120151 0.475537
0.005825 414.888 0.221082 189138 0.0105892 1.57375
0.004365 2145.15 0.0333398 189138 -0.163439 0.30003
0.000505 2327.92 0.0843749 189138 -0.12293 0.275673
0.003745 2441.02 0.0115634 189138 -0.17174 0.263677
0.005175 1012.64 0.143571 189139 -0.0821685 0.637775
0.006265 348.699 0.231911 189138 0.0181783 1.88052
0.005575 554.515 0.200851 189139 -0.0125881 1.17213
0.004975 1337.81 0.109418 189139 -0.118345 0.481904
0.004375 2139.42 0.0338277 189138 -0.1627 0.300836
0.000725 2337.7 0.081077 189138 -0.123786 0.274593
0.000515 2328.3 0.0842471 189138 -0.122961 0.275631
0.003755 2437.94 0.0117229 189138 -0.171606 0.264008
0.007135 345.45 0.232917 189138 0.00770622 1.8998
0.005585 546.523 0.201923 189139 -0.0112394 1.18949
0.004985 1319.98 0.111122 189139 -0.116559 0.488445
0.006275 348.367 0.231974 189138 0.0181209 1.88239
0.004385 2133.74 0.0343131 189138 -0.161956 0.30164
0.005835 411.447 0.221617 189138 0.0111408 1.58716
0.000525 2328.69 0.0841172 189138 -0.122992 0.275588
0.003765 2434.88 0.0118816 189138 -0.171466 0.264339
0.005595 538.668 0.202974 189139 -0.00992364 1.20707
0.004995 1302.15 0.112824 189139 -0.114798 0.495169
0.005185 998.49 0.145253 189139 -0.0801385 0.646887
0.004395 2128.1 0.0347961 189138 -0.161208 0.302441
0.006285 348.05 0.232034 189138 0.0180583 1.88418
0.000735 2338.2 0.080904 189138 -0.123834 0.274537
0.000535 2329.08 0.083985 189138 -0.123025 0.275544
0.003775 2431.83 0.0120395 189138 -0.171321 0.26467
0.005605 530.948 0.204003 189138 -0.0086157 1.22486
0.005005 1284.3 0.114525 189139 -0.113066 0.502084
0.007145 345.533 0.232917 189138 0.00757511 1.89934
0.004405 2122.52 0.0352766 189138 -0.160458 0.303239
0.005845 408.117 0.222134 189138 0.0116698 1.60036
0.006295 347.746 0.232091 189138 0.0179906 1.8859
0.000545 2329.48 0.0838507 189138 -0.123058 0.2755
0.003785 2428.79 0.0121966 189138 -0.171171 0.264999
0.005615 523.367 0.205011 189139 -0.00725232 1.24284
0.005015 1266.45 0.116223 189139 -0.11136 0.5092
0.005195 984.431 0.146926 189139 -0.0781272 0.656202
0.004415 2116.98 0.0357547 189138 -0.159706 0.304035
0.006305 347.454 0.232144 189138 0.0179182 1.88755
0.000555 2329.89 0.0837142 189138 -0.123092 0.275455
0.000745 2338.72 0.080729 189138 -0.123883 0.274481
0.003795 2425.77 0.0123528 189138 -0.171015 0.265328
0.005625 516.712 0.205997 189138 -0.00621941 1.25908
0.005025 1248.57 0.117919 189139 -0.109676 0.516528
0.007155 345.615 0.232917 189138 0.00744118 1.8989
0.004425 2111.5 0.0362303 189138 -0.158955 0.304828
0.006315 347.173 0.232194 189138 0.0178414 1.88915
0.000565 2330.3 0.0835756 189138 -0.123127 0.27541
0.005855 404.896 0.222631 189138 0.012176 1.61334
0.003805 2422.77 0.0125082 189138 -0.170853 0.265656
0.005635 510.206 0.20696 189138 -0.0050674 1.27538
0.005035 1230.68 0.119613 189139 -0.108 0.524079
0.005205 970.464 0.14859 189139 -0.0761426 0.665725
0.004435 2106.06 0.0367034 189138 -0.158206 0.305618
0.006325 346.901 0.232241 189138 0.0177604 1.89069
0.000575 2330.72 0.0834348 189138 -0.123162 0.275363
0.003815 2419.78 0.0126627 189138 -0.170686 0.265983
0.005645 503.846 0.207901 189138 -0.00395554 1.29173
0.000755 2339.24 0.0805521 189138 -0.123932 0.274424
0.005045 1212.77 0.121305 189139 -0.106313 0.531863
0.007165 345.694 0.232917 189138 0.00730724 1.89846
0.004445 2100.68 0.0371742 189138 -0.15746 0.306405
0.006335 346.701 0.232285 189138 0.0176759 1.89184
0.000585 2331.14 0.083292 189138 -0.123199 0.275316
0.003825 2416.8 0.0128162 189138 -0.170514 0.26631
0.005655 497.631 0.208819 189138 -0.00286965 1.30811
0.005865 401.782 0.223111 189138 0.0126589 1.62609
0.005055 1194.83 0.122993 189139 -0.104604 0.539891
0.005215 956.59 0.150246 189139 -0.0741738 0.675463
0.004455 2095.34 0.0376426 189138 -0.156719 0.307189
0.006345 346.51 0.232326 189138 0.0175905 1.89294
0.000595 2331.58 0.083147 189138 -0.123236 0.275269
0.003835 2413.85 0.0129689 189138 -0.170337 0.266635
0.005665 491.56 0.209714 189138 -0.00189443 1.32452
0.000765 2339.76 0.0803734 189138 -0.123982 0.274366
0.005065 1176.88 0.124679 189139 -0.102608 0.548174
0.004465 2090.06 0.0381087 189138 -0.155985 0.307969
0.007175 345.77 0.232917 189138 0.00717311 1.89804
0.006355 346.327 0.232365 189138 0.0175007 1.89399
0.000605 2332.01 0.0829999 189138 -0.123273 0.27522
0.005675 485.632 0.210587 189138 -0.000680363 1.34094
0.003165 2552.29 0.0102777 189138 -0.158141 0.252226
0.002505 2481.14 0.0305345 189138 -0.142102 0.259383
0.005685 479.846 0.211438 189138 9.18126e-05 1.35737
0.004135 2287.7 0.0215726 189138 -0.176943 0.281317
0.003175 2551.83 0.0101345 189138 -0.158181 0.252272
0.002515 2482.52 0.0301875 189138 -0.142224 0.259241
0.005695 474.2 0.212266 189138 0.00110523 1.37378
0.002225 2447.23 0.0401153 189138 -0.13855 0.262904
0.003185 2551.37 0.00999074 189138 -0.158227 0.252316
0.004145 2281.18 0.0221002 189138 -0.176497 0.282122
0.002525 2483.91 0.0298402 189138 -0.142345 0.259099
0.005705 468.693 0.213072 189138 0.00201042 1.39018
0.002235 2448.28 0.0397783 189138 -0.13867 0.262794
0.003195 2550.93 0.00984654 189138 -0.158279 0.252361
0.004155 2274.67 0.0226268 189138 -0.176044 0.282929
0.002535 2485.29 0.0294927 189138 -0.142464 0.258957
0.006975 344.613 0.232913 189138 0.00985244 1.9044
0.006425 345.223 0.232578 189138 0.0167883 1.90038
0.006985 344.653 0.232914 189138 0.00971809 1.90418
0.003345 2532.55 0.00897571 189138 -0.165425 0.254186
0.004635 1941.86 0.0518912 189139 -0.175184 0.331559
0.006435 345.132 0.232601 189138 0.0166765 1.90091
0.006995 344.69 0.232914 189138 0.00958377 1.90398
0.003355 2530.81 0.00897486 189138 -0.165506 0.254359
0.004645 1924.18 0.0535596 189139 -0.173498 0.334612
0.006445 345.045 0.232623 189138 0.0165672 1.90143
0.007005 344.725 0.232914 189138 0.00944932 1.90379
0.003365 2529.08 0.00897392 189138 -0.165587 0.254533
0.004655 1906.51 0.055229 189139 -0.171835 0.337721
0.006455 344.961 0.232644 189138 0.0164558 1.90193
0.007015 344.757 0.232915 189138 0.00931747 1.90361
0.003375 2527.35 0.00897289 189138 -0.165665 0.254707
0.004665 1888.83 0.0568994 189139 -0.170191 0.340889
0.006465 344.879 0.232663 189138 0.0163445 1.90241
0.007025 344.787 0.232915 189138 0.00918058 1.90345
0.001845 2415.43 0.0525315 189138 -0.133769 0.26623
0.004675 1871.15 0.0585709 189139 -0.168565 0.344116
0.003385 2525.61 0.00897178 189138 -0.16574 0.254881
0.006475 344.799 0.23268 189138 0.0162339 1.90288
0.007035 344.855 0.232915 189138 0.00904418 1.90307
0.001855 2416.21 0.0522163 189138 -0.133892 0.266147
0.004685 1853.47 0.0602438 189139 -0.166956 0.347407
0.003395 2523.89 0.00897057 189138 -0.165812 0.255055
4.5e-05 2318.02 0.0876718 189138 -0.122224 0.276771
0.002665 2503.31 0.0249503 189138 -0.143908 0.257117
0.003405 2522.16 0.00896926 189138 -0.165879 0.255229
0.005875 398.771 0.223573 189138 0.0131176 1.63861
5.5e-05 2318.06 0.0876579 189138 -0.122226 0.276766
0.003415 2520.44 0.00896783 189138 -0.165942 0.255402
0.006365 346.152 0.232402 189138 0.0174078 1.89501
0.002675 2504.7 0.0245991 189138 -0.144015 0.256975
6.5e-05 2318.11 0.0876414 189138 -0.122227 0.276761
0.005885 395.86 0.224017 189138 0.0135516 1.6509
0.003425 2518.72 0.00896626 189138 -0.165999 0.255576
0.006375 345.984 0.232436 189138 0.0173116 1.89598
0.002685 2506.1 0.0242477 189138 -0.144122 0.256834
7.5e-05 2318.17 0.0876221 189138 -0.122229 0.276754
0.003435 2517 0.00896453 189138 -0.166052 0.255749
0.005895 393.046 0.224444 189138 0.0139601 1.66296
0.006385 345.822 0.232468 189138 0.0172124 1.89691
0.005075 1158.96 0.126361 189145 -0.100901 0.556714
8.5e-05 2318.24 0.0876001 189138 -0.12223 0.276747
0.002695 2507.49 0.023896 189138 -0.14423 0.256693
0.003445 2515.29 0.00896263 189138 -0.1661 0.255922
0.005905 390.324 0.224855 189138 0.0143543 1.67479
0.006395 345.665 0.232498 189138 0.0171102 1.89782
9.5e-05 2318.31 0.0875753 189138 -0.122231 0.276739
0.002705 2508.88 0.0235441 189138 -0.144337 0.256552
0.005085 1143.98 0.128111 189139 -0.100151 0.564034
0.003455 2513.59 0.00896055 189138 -0.166143 0.256095
0.005915 387.955 0.22525 189138 0.0147043 1.68524
0.000105 2318.4 0.0875479 189138 -0.122231 0.27673
0.004475 2084.82 0.0385726 189138 -0.155259 0.308747
0.000615 2332.45 0.0828508 189138 -0.123312 0.275172
0.005225 942.807 0.151891 189139 -0.0722172 0.685423
0.000775 2340.29 0.0801928 189138 -0.124033 0.274308
0.007185 345.844 0.232917 189138 0.0070389 1.89764
0.005235 929.119 0.153527 189139 -0.0702699 0.695609
0.000785 2340.83 0.0800103 189138 -0.124085 0.274249
0.007195 345.916 0.232917 189138 0.00690471 1.89725
0.005245 915.524 0.155152 189139 -0.0683303 0.70603
0.005715 463.324 0.213856 189138 0.0028897 1.40655
0.000795 2341.37 0.0798259 189138 -0.124138 0.27419
0.007205 345.985 0.232917 189138 0.00677042 1.89687
0.005255 902.025 0.156767 189140 -0.0663977 0.716691
0.002545 2486.67 0.0291449 189138 -0.142581 0.258815
0.000805 2341.91 0.0796398 189138 -0.124191 0.27413
0.005265 888.622 0.158372 189140 -0.0644718 0.727598
0.007215 346.051 0.232917 189138 0.00663769 1.89651
0.005725 458.09 0.214619 189138 0.00373556 1.42288
0.002555 2488.05 0.0287968 189138 -0.142697 0.258673
0.006485 344.721 0.232697 189138 0.0161247 1.90334
0.000815 2342.46 0.0794518 189138 -0.124245 0.274069
0.005275 875.318 0.159965 189140 -0.0625532 0.738758
0.007225 346.114 0.232917 189138 0.00650164 1.89616
0.001865 2417 0.0519003 189138 -0.134017 0.266064
0.007235 346.217 0.232917 189138 0.00636574 1.89559
0.004695 1835.79 0.0619181 189139 -0.165361 0.350761
0.005925 385.676 0.225628 189138 0.0150481 1.69543
0.007245 346.318 0.232917 189138 0.00623277 1.89505
0.001875 2417.79 0.0515836 189138 -0.134142 0.265982
0.002715 2510.28 0.0231919 189138 -0.144445 0.256411
0.004705 1818.1 0.063594 189139 -0.163777 0.354183
0.003465 2511.88 0.00895826 189138 -0.166182 0.256268
0.007255 346.415 0.232917 189138 0.00609662 1.89451
0.005935 383.483 0.225991 189138 0.015371 1.70534
0.001885 2418.58 0.0512662 189138 -0.134267 0.265899
0.004715 1800.41 0.0652716 189139 -0.162203 0.357673
0.002725 2511.68 0.0228395 189138 -0.144553 0.25627
0.007265 346.511 0.232917 189138 0.00595925 1.89399
0.003475 2510.19 0.00895577 189138 -0.166217 0.25644
0.005945 381.372 0.226339 189138 0.0156737 1.715
0.001895 2419.36 0.0509482 189138 -0.134393 0.265816
0.004725 1782.71 0.066951 189139 -0.160635 0.361234
0.002735 2513.07 0.0224869 189138 -0.144662 0.256129
0.007275 346.603 0.232917 189138 0.00582022 1.89349
0.003485 2508.5 0.00895306 189138 -0.166249 0.256612
0.005955 379.341 0.226673 189138 0.0159562 1.72439
0.000115 2318.49 0.0875179 189138 -0.122231 0.27672
0.001905 2420.15 0.0506295 189138 -0.13452 0.265734
0.007285 346.692 0.232917 189138 0.00567942 1.893
0.002745 2514.47 0.022134 189138 -0.144771 0.255988
0.004735 1765 0.0686322 189139 -0.159071 0.364869
0.003495 2506.81 0.00895013 189138 -0.166278 0.256784
0.005965 377.387 0.226992 189138 0.0162193 1.73354
0.000125 2318.58 0.0874851 189138 -0.12223 0.276709
0.001915 2420.94 0.0503101 189138 -0.134647 0.265651
0.005095 1129.09 0.129854 189139 -0.0983272 0.571526
0.007295 346.779 0.232917 189138 0.00553686 1.89253
0.002755 2515.87 0.0217809 189138 -0.14488 0.255847
0.004745 1747.28 0.0703153 189139 -0.157508 0.36858
0.003505 2505.13 0.00894699 189138 -0.166305 0.256955
0.005975 375.505 0.227298 189138 0.0164633 1.74243
0.000135 2318.69 0.0874497 189138 -0.12223 0.276697
0.000625 2332.9 0.0826996 189138 -0.123351 0.275122
0.000145 2318.81 0.0874116 189138 -0.122229 0.276684
0.000635 2333.36 0.0825464 189138 -0.123391 0.275072
0.005735 452.988 0.215359 189138 0.00455014 1.43916
0.000155 2318.93 0.0873709 189138 -0.122229 0.27667
0.000825 2343.01 0.079262 189138 -0.1243 0.274009
0.006495 344.644 0.232713 189138 0.0160172 1.90379
0.005285 862.114 0.161547 189140 -0.0606424 0.750178
0.000835 2343.57 0.0790704 189138 -0.124356 0.273947
0.007305 346.862 0.232917 189138 0.00539252 1.89207
0.006505 344.569 0.232727 189138 0.0159116 1.90424
0.000845 2344.13 0.078877 189138 -0.124413 0.273885
0.005105 1114.25 0.131592 189139 -0.0964661 0.579191
0.005295 849.01 0.163117 189140 -0.0587404 0.761864
0.006515 344.493 0.232741 189138 0.0158102 1.90468
0.007315 346.943 0.232917 189138 0.0052481 1.89163
0.002765 2517.27 0.0214277 189138 -0.144991 0.255706
0.000855 2344.7 0.0786819 189138 -0.12447 0.273823
0.004755 1729.55 0.0720003 189139 -0.155945 0.372369
0.005305 836.009 0.164675 189140 -0.0568481 0.773824
0.006525 344.419 0.232753 189138 0.0157036 1.90511
0.005115 1099.48 0.133323 189139 -0.0945146 0.587029
0.007325 347.02 0.232917 189138 0.00510035 1.89121
0.000865 2345.28 0.0784849 189138 -0.124528 0.27376
0.002775 2518.67 0.0210742 189138 -0.145102 0.255566
0.004765 1711.81 0.0736872 189139 -0.154378 0.37624
0.003515 2503.45 0.00894363 189138 -0.166329 0.257126
0.005985 373.693 0.22759 189138 0.0166887 1.75108
0.004775 1694.06 0.0753761 189139 -0.152805 0.380194
0.005745 448.017 0.216078 189138 0.00533331 1.45539
0.004785 1676.31 0.0770669 189139 -0.151223 0.384235
0.000165 2319.06 0.0873276 189138 -0.12223 0.276656
0.005315 823.111 0.166221 189140 -0.0549666 0.786065
0.004795 1658.54 0.0787595 189139 -0.149632 0.388365
0.005755 443.174 0.216776 189138 0.00608566 1.47156
0.000175 2319.2 0.0872816 189138 -0.122233 0.276641
0.005325 810.319 0.167755 189140 -0.0530971 0.798595
0.006535 344.387 0.232765 189138 0.0156037 1.90531
0.007335 347.136 0.232917 189138 0.00495104 1.89058
0.000875 2345.85 0.0782863 189138 -0.124588 0.273697
0.006545 344.356 0.232776 189138 0.0155066 1.9055
0.002785 2520.07 0.0207205 189138 -0.145215 0.255425
0.007345 347.248 0.232917 189138 0.00480521 1.88997
0.005995 371.948 0.227869 189138 0.0168958 1.75949
0.000885 2346.43 0.0780859 189138 -0.124647 0.273633
0.006555 344.324 0.232786 189138 0.0154055 1.9057
0.007355 347.357 0.232917 189138 0.00465774 1.88938
0.002795 2521.47 0.0203667 189138 -0.145328 0.255284
0.000895 2347.02 0.0778837 189138 -0.124708 0.273569
0.000185 2319.34 0.087233 189138 -0.122237 0.276624
0.005335 797.632 0.169275 189140 -0.0512405 0.81142
0.000905 2347.61 0.0776799 189138 -0.124769 0.273505
0.000195 2319.5 0.0871819 189138 -0.122244 0.276607
0.006565 344.293 0.232796 189138 0.0153019 1.90589
0.000915 2348.2 0.0774744 189138 -0.124832 0.273439
0.005345 785.052 0.170783 189140 -0.0493979 0.82455
0.000205 2319.66 0.0871282 189138 -0.122254 0.276589
0.006005 370.266 0.228136 189138 0.0170844 1.76767
0.000925 2348.8 0.0772672 189138 -0.124895 0.273374
0.005355 772.581 0.172277 189140 -0.0475702 0.837991
0.006575 344.26 0.232805 189138 0.0151946 1.90609
0.000215 2319.83 0.0870719 189138 -0.122266 0.27657
0.002805 2522.87 0.0200126 189138 -0.145444 0.255144
0.006015 368.645 0.228391 189138 0.0172613 1.77563
0.000935 2349.41 0.0770583 189138 -0.124958 0.273308
0.006585 344.227 0.232813 189138 0.0150829 1.90629
0.005365 760.219 0.173757 189140 -0.0457569 0.851754
0.000225 2320.01 0.087013 189138 -0.12228 0.276551
0.002815 2524.27 0.0196584 189138 -0.145559 0.255004
0.006025 367.265 0.228634 189138 0.0174174 1.78249
0.000945 2350.01 0.0768477 189138 -0.125023 0.273242
0.006595 344.194 0.232821 189138 0.0149665 1.90649
0.005375 747.966 0.175223 189140 -0.0439631 0.865847
0.000235 2320.19 0.0869516 189138 -0.122297 0.27653
0.002825 2525.69 0.0193041 189139 -0.145673 0.254863
0.006035 365.943 0.228865 189138 0.0175667 1.78911
0.000955 2350.62 0.0766355 189138 -0.125088 0.273175
0.006605 344.159 0.232828 189138 0.0148446 1.9067
0.005385 735.825 0.176674 189140 -0.0421067 0.880278
0.000245 2320.38 0.0868877 189138 -0.122317 0.276509
0.002835 2527.37 0.0189497 189138 -0.145814 0.254693
0.006045 364.677 0.229086 189138 0.0177031 1.79549
0.006615 344.122 0.232835 189138 0.0147254 1.90692
0.005395 723.795 0.178111 189140 -0.0404549 0.89506
0.006055 363.465 0.229297 189138 0.0178276 1.80165
0.000255 2320.58 0.0868212 189138 -0.122337 0.276487
0.006625 344.085 0.232841 189138 0.0145889 1.90714
0.005405 711.89 0.179532 189142 -0.0381878 0.910188
0.006065 362.305 0.229497 189138 0.0179407 1.80758
0.002845 2529.07 0.0185951 189138 -0.145952 0.254524
0.000265 2320.79 0.0867522 189138 -0.122359 0.276464
0.006635 344.085 0.232847 189138 0.0144571 1.90715
0.005415 701.507 0.180938 189139 -0.0369943 0.923807
0.006075 361.195 0.229687 189138 0.0180429 1.8133
0.002855 2530.76 0.0182405 189138 -0.146088 0.254355
0.000275 2321.01 0.0866807 189138 -0.122382 0.27644
0.006645 344.085 0.232852 189138 0.0143195 1.90716
0.005425 691.269 0.182326 189139 -0.035353 0.93765
0.002865 2532.45 0.0178858 189138 -0.146225 0.254186
0.000285 2321.23 0.0866068 189138 -0.122404 0.276415
0.006655 344.083 0.232857 189138 0.0141802 1.90718
0.005435 681.169 0.183696 189139 -0.0337397 0.95172
0.002875 2534.15 0.017531 189138 -0.146362 0.254017
0.000295 2321.46 0.0865303 189138 -0.122427 0.27639
0.006665 344.079 0.232861 189138 0.0140419 1.90721
0.000305 2321.7 0.0864514 189138 -0.122449 0.276363
0.006675 344.074 0.232866 189138 0.0139025 1.90725
0.000315 2321.94 0.0863701 189138 -0.12247 0.276336
0.006685 344.067 0.23287 189138 0.0137632 1.9073
0.006695 344.057 0.232873 189138 0.0136246 1.90737
0.006705 344.046 0.232877 189138 0.0134866 1.90744
0.006715 344.032 0.23288 189138 0.0133564 1.90752
