0.001605 2455.38 0.0406766 195905 -0.133866 0.271008
0.001615 2455.95 0.040436 195905 -0.13394 0.27095
0.001625 2456.51 0.0401949 195905 -0.134013 0.270892
0.001635 2457.07 0.0399534 195905 -0.134087 0.270835
0.001645 2457.64 0.0397115 195905 -0.134161 0.270777
0.001655 2458.2 0.0394692 195905 -0.134235 0.270719
0.001665 2458.77 0.0392265 195905 -0.13431 0.270661
0.001675 2459.34 0.0389835 195905 -0.134384 0.270603
0.001685 2459.91 0.03874 195905 -0.134459 0.270545
0.001695 2460.48 0.0384963 195905 -0.134535 0.270487
0.001705 2461.05 0.0382522 195905 -0.13461 0.270428
0.001715 2461.62 0.0380078 195905 -0.134686 0.27037
0.001725 2462.19 0.037763 195905 -0.134761 0.270311
0.001735 2462.77 0.037518 195905 -0.134829 0.270253
0.001745 2463.51 0.0372727 195905 -0.134923 0.270176
0.001755 2464.25 0.0370271 195905 -0.13501 0.270099
0.001765 2464.99 0.0367813 195905 -0.135093 0.270022
0.001775 2465.74 0.0365353 195905 -0.135169 0.269945
0.001785 2466.64 0.036289 195905 -0.135271 0.269849
0.001795 2467.55 0.0360424 195905 -0.135363 0.269754
0.001805 2468.46 0.0357957 195905 -0.135453 0.26966
0.001815 2469.36 0.0355488 195905 -0.135542 0.269565
0.001825 2470.27 0.0353017 195905 -0.13563 0.26947
0.001835 2471.18 0.0350544 195905 -0.135718 0.269375
0.001845 2472.09 0.034807 195905 -0.135803 0.269281
0.001855 2473 0.0345595 195905 -0.135881 0.269186
0.001865 2474.05 0.0343118 195905 -0.135985 0.269075
0.001875 2475.11 0.034064 195905 -0.136079 0.268964
0.001885 2476.17 0.033816 195905 -0.13617 0.268853
0.001895 2477.22 0.033568 195905 -0.13626 0.268743
0.001905 2478.28 0.0333199 195905 -0.136349 0.268632
0.001915 2479.34 0.0330717 195905 -0.136437 0.268522
0.002245 2516.27 0.0248942 195905 -0.139766 0.264702
0.001285 2438.1 0.0480736 195905 -0.131715 0.272784
0.003845 2361.86 0.0257075 195905 -0.176298 0.282216
0.001295 2438.61 0.0478535 195905 -0.131776 0.272731
0.004165 2252.31 0.0342431 195905 -0.181598 0.295895
0.003855 2358.83 0.0259586 195905 -0.176484 0.282578
0.001305 2439.13 0.0476326 195905 -0.131838 0.272678
0.002255 2517.42 0.0246483 195905 -0.139878 0.264584
0.003525 2454.03 0.0183645 195905 -0.170342 0.271639
0.003865 2355.78 0.0262109 195905 -0.176669 0.282942
0.001315 2439.65 0.0474109 195905 -0.1319 0.272624
0.000965 2422.85 0.0545861 195905 -0.13046 0.274364
0.001325 2440.17 0.0471883 195905 -0.131962 0.272571
0.003875 2352.72 0.0264644 195905 -0.176852 0.283309
0.002265 2518.57 0.0244026 195905 -0.139989 0.264467
0.002565 2553.33 0.017135 195905 -0.143355 0.260953
0.004175 2247.69 0.0345221 195905 -0.181659 0.296501
0.001335 2440.69 0.0469649 195905 -0.132025 0.272517
0.003885 2349.66 0.026719 195905 -0.177034 0.283677
0.002575 2554.49 0.016897 195905 -0.143487 0.260838
0.003535 2451.39 0.0185734 195904 -0.170496 0.27193
0.001345 2441.22 0.0467407 195905 -0.132088 0.272463
0.003895 2346.58 0.0269749 195905 -0.177215 0.284047
0.004485 2108.45 0.0430967 195905 -0.17423 0.316055
0.002585 2555.64 0.0166594 195905 -0.143608 0.260723
0.002275 2519.72 0.024157 195905 -0.1401 0.264349
0.001355 2441.74 0.0465158 195905 -0.132152 0.272408
0.003905 2343.5 0.0272319 195905 -0.177395 0.28442
0.000975 2423.28 0.0544004 195905 -0.130468 0.274319
0.002595 2556.8 0.016422 195905 -0.143756 0.260607
0.004495 2104.34 0.0433605 195905 -0.173687 0.316673
0.004185 2243.07 0.0348014 195905 -0.181708 0.29711
0.002885 2574.48 0.0113031 195905 -0.154153 0.25888
0.001365 2442.27 0.04629 195905 -0.132216 0.272354
0.003915 2340.4 0.02749 195905 -0.177573 0.284794
0.003545 2448.63 0.0187835 195905 -0.170672 0.272236
0.002605 2557.96 0.016185 195905 -0.143889 0.260491
0.004505 2100.28 0.0436229 195905 -0.173129 0.317286
0.002285 2520.86 0.0239117 195905 -0.140211 0.264233
0.001925 2480.39 0.0328234 195905 -0.136525 0.268412
0.001375 2442.8 0.0460635 195905 -0.13228 0.2723
0.003925 2337.3 0.0277493 195905 -0.177751 0.285171
0.000985 2423.72 0.0542134 195905 -0.130478 0.274273
0.002615 2559.12 0.0159484 195905 -0.144015 0.260376
0.004515 2096.25 0.0438838 195905 -0.172557 0.317896
0.004195 2238.44 0.0350811 195905 -0.181744 0.297722
0.001935 2481.45 0.0325751 195905 -0.136613 0.268301
0.001385 2443.33 0.0458363 195905 -0.132344 0.272245
0.003935 2334.19 0.0280097 195905 -0.177927 0.28555
0.003555 2445.87 0.0189949 195905 -0.170838 0.272544
0.002895 2573.8 0.0112663 195905 -0.154362 0.25895
0.002625 2560.28 0.015712 195905 -0.144136 0.26026
0.004525 2092.27 0.0441431 195905 -0.17197 0.318502
0.002295 2522.01 0.0236665 195905 -0.140322 0.264116
0.001395 2443.87 0.0456084 195905 -0.132409 0.27219
0.001945 2482.51 0.0323267 195905 -0.136701 0.268191
0.000995 2424.16 0.0540251 195905 -0.13049 0.274227
0.003945 2331.07 0.0282711 195905 -0.178103 0.28593
0.004205 2233.81 0.0353611 195905 -0.181765 0.298338
0.002635 2561.43 0.015476 195905 -0.144248 0.260146
0.004535 2088.33 0.0444009 195905 -0.171369 0.319104
0.001405 2444.4 0.0453797 195905 -0.132474 0.272135
0.001955 2483.56 0.0320783 195905 -0.136789 0.268081
0.003565 2443.09 0.0192077 195905 -0.171007 0.272853
0.003955 2327.94 0.0285336 195905 -0.178278 0.286313
0.002905 2573.12 0.0112305 195905 -0.154557 0.25902
0.002645 2562.58 0.0152402 195905 -0.144349 0.260031
0.002305 2523.15 0.0234215 195905 -0.140432 0.263999
0.004545 2084.44 0.044657 195905 -0.170754 0.319701
0.003205 2534.76 0.0123229 195905 -0.165292 0.262977
0.001415 2444.94 0.0451503 195905 -0.13254 0.27208
0.001965 2484.62 0.0318299 195905 -0.136878 0.267971
0.001005 2424.6 0.0538356 195905 -0.130504 0.274181
0.003965 2324.8 0.0287971 195905 -0.178453 0.286698
0.004215 2229.18 0.0356413 195905 -0.18177 0.298956
0.002655 2563.74 0.0150046 195905 -0.144438 0.259917
0.004555 2080.59 0.0449115 195905 -0.170122 0.320294
0.001425 2445.47 0.0449203 195905 -0.132606 0.272025
0.003575 2440.31 0.0194218 195905 -0.17118 0.273164
0.003215 2532.32 0.0124946 195905 -0.165413 0.263231
0.001975 2485.67 0.0315814 195905 -0.136968 0.267861
0.002915 2572.42 0.0111957 195905 -0.154736 0.259091
0.002315 2524.29 0.0231768 195905 -0.140542 0.263883
0.003975 2321.66 0.0290617 195905 -0.178628 0.287085
0.004565 2076.79 0.0451642 195905 -0.169471 0.320882
0.002665 2564.89 0.014769 195905 -0.144511 0.259802
0.001435 2446.01 0.0446896 195905 -0.132673 0.271969
0.003225 2529.89 0.0126672 195905 -0.165539 0.263485
0.001985 2486.73 0.0313329 195905 -0.137058 0.267751
0.003985 2318.5 0.0293272 195905 -0.178804 0.287475
0.004575 2073.04 0.0454151 195905 -0.168798 0.321464
0.001015 2425.05 0.0536449 195905 -0.130519 0.274135
0.004225 2224.55 0.0359218 195905 -0.181758 0.299578
0.001445 2446.55 0.0444582 195905 -0.132739 0.271913
0.002675 2566.04 0.0145336 195905 -0.144567 0.259688
0.001995 2487.78 0.0310844 195905 -0.13715 0.267642
0.003235 2527.45 0.0128407 195905 -0.16567 0.26374
0.003995 2315.33 0.0295937 195905 -0.178981 0.287866
0.004585 2069.34 0.0456641 195905 -0.168097 0.32204
0.003585 2437.53 0.0196372 195905 -0.171356 0.273476
0.002325 2525.43 0.0229322 195905 -0.140651 0.263767
0.002925 2571.73 0.0111616 195905 -0.154898 0.259163
0.001455 2447.1 0.0442261 195905 -0.132807 0.271858
0.002685 2567.2 0.014298 195905 -0.144604 0.259573
0.002005 2488.84 0.0308359 195905 -0.137242 0.267532
0.003245 2525 0.0130153 195905 -0.165806 0.263997
0.004005 2312.16 0.0298611 195905 -0.179159 0.28826
0.004595 2065.69 0.0459109 195905 -0.167362 0.322611
0.001025 2425.5 0.0534529 195905 -0.130537 0.274088
0.004235 2219.92 0.0362024 195905 -0.181728 0.300201
0.006725 347.507 0.232675 195905 0.00828286 1.95558
0.001465 2447.64 0.0439935 195905 -0.132875 0.271802
0.002015 2489.89 0.0305875 195905 -0.137336 0.267423
0.002695 2568.36 0.0140622 195905 -0.14462 0.259458
0.003255 2522.55 0.0131908 195905 -0.165947 0.264254
0.004015 2308.98 0.0301294 195905 -0.179339 0.288656
0.004605 2062.1 0.0461554 195905 -0.166584 0.323174
0.003595 2434.73 0.019854 195905 -0.171535 0.27379
0.002335 2526.57 0.0226878 195905 -0.140759 0.263651
0.002935 2571.03 0.0111283 195905 -0.155046 0.259235
0.001475 2448.19 0.0437602 195905 -0.132943 0.271746
0.002025 2490.95 0.030339 195905 -0.137431 0.267313
0.002705 2569.52 0.0138261 195905 -0.144618 0.259343
0.003265 2520.09 0.0133674 195905 -0.166091 0.264512
0.001035 2425.95 0.0532597 195905 -0.130557 0.274041
0.004025 2305.78 0.0303986 195905 -0.179521 0.289054
0.004615 2058.57 0.0463974 195905 -0.165751 0.32373
0.004245 2215.28 0.0364831 195905 -0.181678 0.300828
0.001485 2448.73 0.0435263 195905 -0.133011 0.27169
0.002035 2492 0.0300906 195905 -0.137527 0.267204
0.002715 2570.69 0.0135895 195905 -0.144599 0.259227
0.003275 2517.63 0.013545 195905 -0.166238 0.264771
0.006735 347.453 0.232691 195905 0.00820767 1.95592
0.003605 2431.92 0.020072 195905 -0.171716 0.274105
0.002345 2527.71 0.0224437 195905 -0.140867 0.263536
0.002945 2570.33 0.0110956 195905 -0.155179 0.259307
0.004035 2302.58 0.0306687 195905 -0.179706 0.289455
0.004625 2055.11 0.0466363 195905 -0.164852 0.324278
0.001495 2449.28 0.0432918 195905 -0.13308 0.271634
0.002045 2493.06 0.0298422 195905 -0.137623 0.267095
0.002725 2571.87 0.0133524 195905 -0.144568 0.259111
0.003285 2515.16 0.0137237 195905 -0.166387 0.265031
0.001045 2426.41 0.0530652 195905 -0.13058 0.273994
0.004255 2210.66 0.0367638 195905 -0.181608 0.301456
0.004045 2299.36 0.0309396 195905 -0.179894 0.289858
0.004635 2051.72 0.0468719 195905 -0.163874 0.324817
0.002055 2494.11 0.0295939 195905 -0.137712 0.266986
0.002735 2573.05 0.0131147 195905 -0.144531 0.258993
0.001505 2449.83 0.0430567 195905 -0.13315 0.271577
0.003295 2512.69 0.0139036 195905 -0.16654 0.265293
0.003615 2429.11 0.0202915 195905 -0.171899 0.274422
0.006745 347.401 0.232705 195905 0.00813145 1.95624
0.002355 2528.85 0.0221998 195905 -0.140974 0.26342
0.004055 2296.14 0.0312112 195905 -0.180084 0.290263
0.004645 2048.4 0.0471036 195905 -0.162805 0.325345
0.002065 2495.29 0.0293456 195905 -0.137829 0.266864
0.002955 2569.63 0.0110635 195905 -0.155302 0.259379
0.002745 2574.25 0.0128762 195905 -0.144496 0.258876
0.001515 2450.38 0.042821 195905 -0.13322 0.271521
0.003305 2510.21 0.0140845 195905 -0.166694 0.265555
0.004065 2292.91 0.0314836 195905 -0.180278 0.290671
0.001055 2426.87 0.0528696 195905 -0.130605 0.273946
0.004655 2045.17 0.0473307 195905 -0.161637 0.325862
0.004265 2206.03 0.0370446 195905 -0.181516 0.302087
0.002075 2496.46 0.0290973 195905 -0.137936 0.266742
0.002755 2575.45 0.0126372 195905 -0.144471 0.258757
0.001525 2450.93 0.0425848 195905 -0.13329 0.271464
0.003625 2426.29 0.0205122 195905 -0.172085 0.274741
0.003315 2507.73 0.0142665 195905 -0.16685 0.265819
0.004075 2289.66 0.0317568 195905 -0.180474 0.291081
0.002365 2529.98 0.0219561 195905 -0.14108 0.263305
0.004665 2042.03 0.0475526 195905 -0.160363 0.326365
0.006755 347.35 0.232719 195905 0.0080541 1.95655
0.002965 2568.92 0.0110318 195905 -0.155416 0.259452
0.002765 2576.65 0.0123976 195905 -0.144467 0.258639
0.001535 2451.48 0.0423481 195905 -0.133361 0.271407
0.002085 2497.64 0.0288492 195905 -0.138042 0.26662
0.003325 2505.24 0.0144497 195905 -0.167008 0.266083
0.001065 2427.33 0.0526729 195905 -0.130632 0.273898
0.004085 2286.41 0.0320306 195905 -0.180672 0.291494
0.004675 2038.99 0.0477685 195905 -0.158985 0.326855
0.004275 2201.41 0.0373252 195905 -0.181404 0.30272
0.003635 2423.46 0.0207343 195905 -0.172272 0.275061
0.002775 2577.86 0.0121577 195905 -0.144491 0.258519
0.001545 2452.04 0.0421108 195905 -0.133432 0.271351
0.002095 2498.82 0.0286011 195905 -0.138147 0.266498
0.003335 2502.74 0.0146341 195905 -0.167167 0.266349
0.004095 2283.14 0.032305 195905 -0.180873 0.29191
0.004685 2036.06 0.0479778 195905 -0.157514 0.327328
0.002375 2531.12 0.0217126 195905 -0.141187 0.26319
0.006765 347.301 0.232732 195905 0.00797803 1.95685
0.002785 2579.07 0.0119176 195905 -0.144451 0.2584
0.001555 2452.59 0.041873 195905 -0.133504 0.271294
0.002975 2568.22 0.0110007 195905 -0.155523 0.259525
0.001075 2427.79 0.0524749 195905 -0.130662 0.27385
0.003345 2500.24 0.0148196 195905 -0.167328 0.266616
0.002105 2499.99 0.0283531 195905 -0.138253 0.266377
0.004105 2279.82 0.03258 195901 -0.181044 0.292328
0.004695 2033.24 0.0481799 195905 -0.155969 0.327785
0.003645 2420.62 0.0209578 195905 -0.172461 0.275383
0.004285 2196.8 0.0376058 195905 -0.18127 0.303354
0.002795 2580.21 0.0116845 195899 -0.148641 0.258282
0.001565 2453.15 0.0416347 195905 -0.133576 0.271237
0.004115 2275.29 0.0328557 195905 -0.181175 0.292914
0.003355 2497.73 0.0150062 195905 -0.167489 0.266884
0.002385 2532.25 0.0214693 195905 -0.141292 0.263076
0.002115 2501.16 0.0281052 195905 -0.138358 0.266256
0.004705 2030.55 0.0483742 195905 -0.154381 0.328224
0.006775 347.254 0.232744 195905 0.00789671 1.95714
0.002805 2579.65 0.0116342 195905 -0.152833 0.258346
0.002985 2567.51 0.01097 195905 -0.155626 0.259598
0.001085 2428.26 0.0522758 195905 -0.130694 0.273802
0.001575 2453.71 0.0413959 195905 -0.133648 0.27118
0.003655 2417.77 0.0211826 195905 -0.172652 0.275707
0.004125 2270.71 0.0331321 195905 -0.181271 0.293503
0.003365 2495.21 0.0151941 195905 -0.167652 0.267154
0.002125 2502.33 0.0278575 195905 -0.138464 0.266135
0.004295 2192.19 0.0378861 195905 -0.181114 0.30399
0.004715 2027.97 0.0485607 195905 -0.152792 0.328644
0.002815 2579.02 0.0115902 195905 -0.152803 0.258411
0.002395 2533.38 0.0212263 195905 -0.141387 0.262961
0.001585 2454.26 0.0411566 195905 -0.13372 0.271122
0.006785 347.239 0.232756 195905 0.00781473 1.95724
0.004135 2266.12 0.033409 195905 -0.181362 0.294096
0.003375 2492.69 0.0153831 195905 -0.167816 0.267424
0.002135 2503.5 0.0276098 195905 -0.13857 0.266014
0.002995 2566.81 0.0109397 195905 -0.155727 0.25967
0.004725 2025.52 0.0487393 195905 -0.151249 0.329047
0.002825 2578.39 0.0115466 195905 -0.152928 0.258477
0.001095 2428.73 0.0520756 195905 -0.130729 0.273753
0.001595 2454.82 0.0409168 195905 -0.133793 0.271065
0.003665 2414.91 0.0214088 195905 -0.172843 0.276033
0.003385 2490.16 0.0155733 195905 -0.16798 0.267696
0.004145 2261.52 0.0336865 195905 -0.181448 0.294692
0.004305 2187.6 0.0381663 195905 -0.180936 0.304627
0.002145 2504.67 0.0273622 195905 -0.138676 0.265893
0.004735 2023.18 0.0489107 195905 -0.149809 0.329432
0.002835 2577.76 0.0115036 195905 -0.15309 0.258542
0.007365 349.772 0.232916 195904 0.00318738 1.94344
0.002845 2577.12 0.0114614 195905 -0.15328 0.258608
0.007045 347.639 0.232893 195903 0.00763199 1.95529
0.002855 2576.47 0.0114201 195905 -0.15349 0.258675
5e-06 2399.79 0.0644289 195905 -0.129206 0.276768
0.007375 349.855 0.232916 195904 0.00309388 1.94298
0.002865 2575.81 0.01138 195905 -0.153711 0.258742
0.000325 2402.7 0.0631838 195905 -0.129365 0.276465
0.007055 347.674 0.232894 195903 0.00776273 1.9551
0.007385 349.936 0.232916 195904 0.00299938 1.94254
1.5e-05 2399.8 0.0644265 195905 -0.129206 0.276767
0.002875 2575.15 0.011341 195905 -0.153934 0.258811
0.000645 2410.69 0.0597683 195905 -0.129954 0.27563
0.006405 355.034 0.231156 195905 0.00952345 1.91213
0.004805 1963.82 0.0542313 195905 -0.181432 0.339429
0.000655 2411.02 0.0596309 195905 -0.129981 0.275596
0.006415 354.522 0.231254 195905 0.00955048 1.915
0.006085 400.065 0.223772 195905 0.00396705 1.69169
0.000665 2411.34 0.0594917 195905 -0.130008 0.275562
0.006425 354.033 0.231347 195905 0.00955984 1.91775
0.004815 1946.8 0.0558014 195905 -0.180551 0.342404
0.006095 397.54 0.22418 195905 0.00432822 1.70267
0.000675 2411.67 0.0593509 195905 -0.130035 0.275527
0.006435 353.564 0.231435 195905 0.00956007 1.92039
0.004825 1929.72 0.0573788 195905 -0.179851 0.34544
0.006105 395.098 0.224573 195905 0.00469053 1.71342
0.000685 2412.01 0.0592084 195905 -0.130062 0.275493
0.006445 353.115 0.231519 195905 0.00955641 1.92293
0.005765 559.065 0.201293 195906 -0.0205445 1.20393
0.004835 1912.57 0.0589645 195905 -0.179265 0.348543
0.006115 392.737 0.224951 195905 0.0050372 1.72395
0.000695 2412.35 0.0590642 195905 -0.130089 0.275457
0.006455 352.684 0.231599 195905 0.00955076 1.92538
0.004845 1895.35 0.0605593 195905 -0.178728 0.351716
0.005775 551.424 0.202301 195906 -0.0192813 1.22084
0.006125 390.455 0.225315 195905 0.00536854 1.73425
0.000705 2412.69 0.0589183 195905 -0.130116 0.275422
0.006465 352.271 0.231674 195905 0.00954275 1.92773
0.004855 1878.05 0.0621635 195905 -0.178177 0.354963
0.005445 896.391 0.159491 195906 -0.0720011 0.746778
0.006135 388.249 0.225665 195905 0.00568415 1.74432
0.005785 543.933 0.20329 195906 -0.0180228 1.23789
0.000715 2413.03 0.0587708 195905 -0.130141 0.275386
0.006475 351.873 0.231745 195905 0.00953122 1.92999
0.004865 1860.67 0.0637768 195905 -0.177561 0.358284
0.006145 386.117 0.226002 195905 0.00598405 1.75417
0.005455 883.432 0.161027 195906 -0.0700986 0.757838
0.005795 536.593 0.204258 195905 -0.0167775 1.25506
0.000725 2413.38 0.0586217 195905 -0.130167 0.275349
0.006485 351.492 0.231813 195905 0.00951584 1.93217
0.005125 1402.41 0.107007 195906 -0.135867 0.475832
0.004875 1843.22 0.0653989 195905 -0.176836 0.361683
0.006155 384.056 0.226326 195905 0.00626831 1.7638
0.005465 870.582 0.162552 195906 -0.0682053 0.769134
0.005805 529.407 0.205206 195905 -0.0155604 1.27234
0.000735 2413.74 0.0584709 195905 -0.130191 0.275312
0.006495 351.188 0.231877 195905 0.00949609 1.93392
0.004885 1825.71 0.0670288 195905 -0.175977 0.365159
0.006165 382.063 0.226637 195905 0.00653705 1.77321
0.005135 1384.88 0.108684 195906 -0.133963 0.481884
0.000745 2414.09 0.0583185 195905 -0.130215 0.275275
0.006505 350.898 0.231938 195905 0.00947344 1.93559
0.005815 522.37 0.206133 195905 -0.0143665 1.28972
0.005475 857.842 0.164064 195906 -0.0663222 0.780669
0.004895 1808.15 0.0686656 195905 -0.17497 0.368715
0.006175 380.137 0.226936 195905 0.00679055 1.7824
0.005145 1367.37 0.11036 195906 -0.132045 0.488086
0.000755 2414.46 0.0581646 195905 -0.130238 0.275237
0.002405 2534.56 0.0209836 195905 -0.141509 0.262841
0.006515 350.621 0.231995 195905 0.00944679 1.9372
0.005825 515.481 0.207041 195906 -0.0131696 1.30721
0.005485 845.214 0.165565 195906 -0.0644502 0.792449
0.004905 1790.54 0.0703084 195905 -0.173816 0.372349
0.006185 378.274 0.227223 195905 0.00702883 1.79138
0.000765 2414.82 0.058009 195905 -0.130259 0.275199
0.005155 1349.88 0.112036 195906 -0.130112 0.494443
0.006525 350.357 0.232049 195905 0.00941667 1.93873
0.002415 2535.75 0.020741 195905 -0.141619 0.262721
0.005835 509.379 0.207928 195905 -0.0122692 1.32311
0.005495 832.699 0.167052 195906 -0.06259 0.80448
0.004915 1772.9 0.0719562 195905 -0.172525 0.376064
0.006195 376.473 0.227498 195905 0.00725767 1.80015
0.000775 2415.19 0.0578519 195905 -0.130279 0.275161
0.005165 1332.41 0.113712 195906 -0.128163 0.50096
0.006535 350.104 0.232101 195905 0.00938319 1.9402
0.002425 2536.93 0.0204987 195905 -0.141726 0.262602
0.005845 503.414 0.208794 195905 -0.0113167 1.33904
0.005505 820.298 0.168527 195906 -0.0607427 0.816766
0.004925 1755.23 0.0736082 195905 -0.171114 0.379858
0.006205 374.924 0.227762 195905 0.00746345 1.80778
0.000785 2415.56 0.0576932 195905 -0.130298 0.275122
0.005175 1314.96 0.115386 195906 -0.126199 0.507642
0.006545 349.861 0.232149 195905 0.00934644 1.94161
0.002435 2538.12 0.0202567 195905 -0.141832 0.262482
0.005515 808.012 0.169988 195906 -0.0589092 0.829314
0.005855 497.579 0.209639 195905 -0.0104135 1.35499
0.004935 1737.55 0.0752635 195905 -0.169604 0.383734
0.006215 373.434 0.228015 195905 0.00766321 1.81518
0.000795 2415.94 0.057533 195905 -0.130316 0.275083
0.006555 349.629 0.232195 195905 0.00930649 1.94297
0.005185 1297.54 0.117059 195906 -0.124219 0.514495
0.005525 795.842 0.171436 195906 -0.0570903 0.842127
0.002445 2539.3 0.0200149 195905 -0.141938 0.262363
0.005865 491.867 0.210464 195905 -0.00962213 1.37098
0.004945 1719.86 0.0769217 195905 -0.168017 0.387692
0.000805 2416.32 0.0573712 195905 -0.130332 0.275043
0.006225 372 0.228257 195905 0.00785187 1.82237
0.006565 349.406 0.232239 195905 0.00926341 1.94427
0.005195 1280.14 0.11873 195906 -0.122224 0.521526
0.005535 783.789 0.17287 195906 -0.0552868 0.855214
0.002455 2540.48 0.0197733 195905 -0.142045 0.262244
0.004955 1702.17 0.0785821 195905 -0.166371 0.391733
0.005875 486.275 0.211268 195905 -0.00858259 1.387
0.000815 2416.7 0.057208 195905 -0.130347 0.275003
0.006795 347.226 0.232767 195905 0.00773625 1.95734
0.006235 370.62 0.228489 195905 0.0080307 1.82933
0.006575 349.191 0.232279 195905 0.00921758 1.94552
0.005545 771.853 0.17429 195906 -0.0534999 0.868578
0.005205 1262.77 0.1204 195906 -0.120213 0.52874
0.002465 2541.65 0.0195321 195905 -0.142153 0.262125
0.004965 1684.48 0.0802446 195905 -0.164683 0.39586
0.005885 480.801 0.212052 195905 -0.00797097 1.40305
0.000825 2417.08 0.0570432 195905 -0.13036 0.274963
0.006805 347.213 0.232777 195905 0.0076546 1.95743
0.006245 369.291 0.228711 195905 0.00820031 1.83609
0.006585 348.985 0.232318 195905 0.00916868 1.94673
0.005555 760.036 0.175696 195906 -0.0517289 0.882227
0.005215 1245.43 0.122068 195906 -0.118187 0.536144
0.002475 2542.83 0.0192911 195905 -0.142263 0.262007
0.004975 1666.79 0.0819088 195905 -0.162966 0.400075
0.005895 475.446 0.212815 195905 -0.0071003 1.41911
0.000835 2417.47 0.0568769 195905 -0.130372 0.274923
0.006255 368.012 0.228923 195905 0.00835936 1.84265
0.006815 347.201 0.232786 195905 0.00757236 1.95752
0.006595 348.831 0.232355 195905 0.00911742 1.94764
0.005565 748.338 0.177087 195906 -0.0499808 0.896166
0.005225 1228.12 0.123733 195906 -0.116144 0.543745
0.002485 2544.01 0.0190503 195905 -0.142374 0.261888
0.004985 1649.11 0.0835746 195905 -0.161229 0.404379
0.005905 470.209 0.213559 195905 -0.00632311 1.43517
0.000845 2417.87 0.0567092 195905 -0.130383 0.274882
0.006265 366.781 0.229126 195905 0.00850303 1.849
0.006825 347.19 0.232795 195905 0.00748974 1.9576
0.006605 348.685 0.232389 195905 0.00906513 1.94851
0.005575 736.76 0.178463 195906 -0.0481743 0.910402
0.002495 2545.18 0.0188099 195905 -0.142488 0.26177
0.004995 1631.43 0.0852418 195905 -0.15948 0.408776
0.005235 1210.84 0.125397 195906 -0.114085 0.551549
0.005915 465.089 0.214283 195905 -0.00555941 1.45123
0.000855 2418.26 0.05654 195905 -0.130392 0.27484
0.006835 347.179 0.232803 195905 0.00740746 1.95768
0.006275 365.595 0.22932 195905 0.00862313 1.85516
0.006615 348.545 0.232421 195905 0.00901018 1.94934
0.005585 725.302 0.179824 195906 -0.0466739 0.924943
0.002505 2546.35 0.0185697 195905 -0.142604 0.261653
0.005005 1613.76 0.0869104 195905 -0.15772 0.413268
0.005245 1193.6 0.127057 195906 -0.11201 0.559564
0.005925 460.086 0.214987 195905 -0.00481936 1.46727
0.000865 2418.66 0.0563693 195905 -0.1304 0.274799
0.006845 347.168 0.232811 195905 0.00732553 1.95776
0.006285 364.452 0.229505 195905 0.00871088 1.86114
0.006625 348.412 0.232452 195905 0.00895316 1.95013
0.005595 713.963 0.181169 195906 -0.044767 0.939792
0.002515 2547.52 0.0183298 195905 -0.142723 0.261535
0.005935 455.196 0.215672 195905 -0.00410246 1.48329
0.005255 1176.4 0.128715 195906 -0.109919 0.567798
0.000875 2419.07 0.0561972 195905 -0.130408 0.274757
0.005015 1596.1 0.0885803 195905 -0.155952 0.417859
0.006855 347.158 0.232818 195905 0.00724927 1.95783
0.006295 363.35 0.229682 195905 0.00876152 1.86694
0.006635 348.284 0.232481 195905 0.00889407 1.9509
0.005605 702.746 0.182499 195906 -0.0431644 0.954959
0.002525 2548.69 0.0180902 195905 -0.142845 0.261418
0.005945 450.418 0.216338 195905 -0.00340927 1.49929
0.005265 1159.23 0.130369 195906 -0.10781 0.576257
0.000885 2419.48 0.0560237 195905 -0.130414 0.274714
0.005025 1578.44 0.0902514 195905 -0.154178 0.422551
0.006865 347.148 0.232825 195905 0.00716233 1.9579
0.006305 362.418 0.229851 195905 0.00878007 1.87189
0.006645 348.161 0.232508 195905 0.00883301 1.95163
0.005615 691.648 0.183812 195906 -0.0414197 0.970451
0.002535 2549.85 0.017851 195905 -0.142968 0.261301
0.005955 445.749 0.216985 195905 -0.00273345 1.51525
0.005275 1142.11 0.13202 195906 -0.105684 0.584952
0.003395 2487.62 0.0157647 195905 -0.168146 0.267969
0.000895 2419.89 0.0558488 195905 -0.13042 0.274672
0.005035 1560.79 0.0919236 195905 -0.152395 0.427347
0.006875 347.166 0.232831 195905 0.00707808 1.95781
0.006315 361.525 0.230012 195905 0.00878284 1.87666
0.006655 348.043 0.232534 195905 0.00876994 1.95233
0.005625 680.684 0.185109 195908 -0.0395253 0.986266
0.002545 2551.01 0.017612 195905 -0.143095 0.261185
0.005965 441.19 0.217614 195906 -0.00205096 1.53117
0.005285 1125.03 0.133667 195906 -0.103539 0.593889
0.000905 2420.3 0.0556725 195905 -0.130425 0.274629
0.003405 2485.08 0.0159573 195905 -0.168312 0.268244
0.005045 1543.15 0.0935969 195905 -0.150604 0.432252
0.006885 347.185 0.232837 195905 0.00699874 1.95772
0.006325 360.669 0.230165 195905 0.00878953 1.88126
0.006665 347.929 0.232558 195905 0.00870565 1.95301
0.005635 671.094 0.186389 195906 -0.0383312 1.00053
0.002555 2552.17 0.0173733 195905 -0.143224 0.261069
0.005975 437.205 0.218223 195905 -0.00148239 1.54538
0.005295 1108 0.135311 195906 -0.10138 0.603078
0.000915 2420.72 0.0554948 195905 -0.13043 0.274585
0.005055 1525.52 0.0952711 195905 -0.148803 0.437269
0.003415 2482.53 0.0161511 195905 -0.16848 0.268519
0.006895 347.204 0.232843 195905 0.00690772 1.95763
0.003005 2566.1 0.0109099 195905 -0.155827 0.259743
0.006905 347.222 0.232848 195905 0.00680744 1.95754
0.004155 2256.92 0.0339646 195905 -0.181528 0.295292
0.003015 2565.39 0.0108806 195905 -0.155927 0.259816
0.002155 2505.84 0.0271148 195905 -0.138783 0.265773
0.006915 347.24 0.232853 195905 0.00669593 1.95745
0.003025 2564.69 0.0108518 195905 -0.156029 0.259889
0.006925 347.258 0.232857 195905 0.00657468 1.95736
0.004745 2020.95 0.0490757 195905 -0.148523 0.3298
0.001105 2429.2 0.0518742 195905 -0.130766 0.273704
0.004755 2018.81 0.0492356 195905 -0.147501 0.330155
0.003675 2412.05 0.0216363 195905 -0.173035 0.27636
0.001115 2429.67 0.0516718 195905 -0.130806 0.273655
0.004765 2016.75 0.0493921 195905 -0.145577 0.330499
0.004315 2183.02 0.0384461 195905 -0.180736 0.305266
0.001125 2430.15 0.0514682 195905 -0.130847 0.273606
0.003685 2409.17 0.0218652 195905 -0.173228 0.276689
0.007395 350.014 0.232916 195904 0.00290377 1.94211
0.004775 2014.33 0.0495773 195865 -0.165533 0.330837
2.5e-05 2399.81 0.0644215 195905 -0.129205 0.276766
0.001135 2430.63 0.0512636 195905 -0.130891 0.273556
0.004325 2178.45 0.0387256 195905 -0.180514 0.305905
0.003695 2406.29 0.0220954 195905 -0.173421 0.27702
0.000335 2402.87 0.063108 195905 -0.129376 0.276447
0.004785 1997.78 0.0511061 195905 -0.185069 0.33365
0.007405 350.089 0.232916 195904 0.00280717 1.94169
3.5e-05 2399.82 0.0644142 195905 -0.129205 0.276764
0.007065 347.735 0.232896 195903 0.00782652 1.95476
0.001145 2431.11 0.0510579 195905 -0.130937 0.273506
0.004335 2173.9 0.0390046 195905 -0.18027 0.306545
0.003705 2403.39 0.0223269 195905 -0.173615 0.277353
0.000345 2403.05 0.06303 195905 -0.129388 0.276427
0.004795 1980.81 0.0526669 195905 -0.18248 0.336513
0.007415 350.161 0.232916 195904 0.00270974 1.94129
4.5e-05 2399.85 0.0644044 195905 -0.129206 0.276762
0.001155 2431.6 0.0508511 195905 -0.130985 0.273456
0.007075 347.795 0.232898 195903 0.0077463 1.95442
0.004345 2169.36 0.0392832 195905 -0.180005 0.307185
0.003715 2400.49 0.0225598 195905 -0.173809 0.277688
0.006335 359.848 0.230311 195904 0.00882182 1.88569
0.003725 2397.57 0.0227941 195905 -0.174003 0.278025
0.006675 347.82 0.23258 195905 0.00863829 1.95366
0.006345 359.061 0.230451 195904 0.00889272 1.88996
0.003735 2394.65 0.0230297 195905 -0.174197 0.278363
0.005645 661.649 0.18765 195906 -0.0368222 1.01499
0.006355 358.305 0.230583 195905 0.00900148 1.89408
0.006685 347.751 0.232602 195905 0.00856932 1.95408
0.003425 2479.98 0.0163461 195905 -0.168647 0.268796
0.003745 2391.72 0.0232666 195905 -0.17439 0.278704
0.005655 652.342 0.188893 195906 -0.0353453 1.02966
0.006365 357.58 0.23071 195905 0.00913394 1.89805
0.005985 433.33 0.218814 195905 -0.000887097 1.55946
0.006695 347.685 0.232622 195905 0.00850061 1.95449
0.003755 2388.77 0.0235048 195905 -0.174584 0.279046
0.005665 643.174 0.190117 195906 -0.0338866 1.04453
0.006375 356.883 0.23083 195905 0.00926862 1.90188
0.003435 2477.41 0.0165423 195905 -0.168816 0.269074
0.006705 347.623 0.232641 195905 0.00842944 1.95487
0.005995 429.562 0.219387 195905 -0.000313123 1.57339
0.003765 2385.82 0.0237444 195905 -0.174777 0.27939
0.005675 634.143 0.191323 195906 -0.0324528 1.0596
0.006385 356.213 0.230944 195905 0.00938474 1.90558
0.003445 2474.84 0.0167398 195905 -0.168985 0.269354
0.006715 347.564 0.232658 195905 0.00835683 1.95523
0.006005 425.898 0.219942 195905 0.000241407 1.58718
0.003775 2382.86 0.0239853 195905 -0.174969 0.279737
0.006395 355.568 0.231053 195905 0.00947166 1.90915
0.005685 625.251 0.192509 195906 -0.0310441 1.07487
0.003455 2472.27 0.0169385 195905 -0.169155 0.269635
0.006015 422.337 0.220479 195905 0.000775435 1.60082
0.005305 1091.01 0.136949 195906 -0.0990086 0.612528
0.006025 418.875 0.220999 195905 0.00128909 1.6143
0.000925 2421.13 0.0553157 195905 -0.130435 0.274542
0.006035 415.511 0.221502 195905 0.00178246 1.62762
0.005315 1074.12 0.138583 195911 -0.0966648 0.622239
0.000935 2421.56 0.0551353 195905 -0.13044 0.274498
0.005065 1507.89 0.0969462 195905 -0.146993 0.4424
0.006045 412.242 0.221988 195905 0.00225565 1.64077
0.005325 1059.86 0.140245 195906 -0.0953586 0.630666
0.000945 2421.98 0.0549536 195905 -0.130446 0.274453
0.002165 2507 0.0268675 195905 -0.13889 0.265653
0.005075 1490.28 0.098622 195905 -0.145171 0.447651
0.006055 409.066 0.222458 195905 0.00270882 1.65376
0.005335 1045.71 0.1419 195906 -0.0933692 0.639269
0.000955 2422.41 0.0547705 195905 -0.130452 0.274409
0.002175 2508.17 0.0266203 195905 -0.138998 0.265533
0.005085 1472.68 0.100298 195905 -0.143337 0.453024
0.003035 2563.98 0.0108235 195905 -0.156132 0.259963
0.006935 347.275 0.232861 195905 0.00644924 1.95727
0.003045 2563.27 0.0107959 195905 -0.156239 0.260036
0.000355 2403.24 0.0629499 195905 -0.1294 0.276408
0.006945 347.292 0.232865 195905 0.00632963 1.95719
0.007425 350.231 0.232916 195904 0.00261221 1.9409
0.003055 2562.56 0.0107688 195905 -0.156348 0.260109
0.000365 2403.43 0.0628678 195905 -0.129412 0.276388
0.006955 347.308 0.232869 195905 0.00623189 1.95711
0.003065 2561.85 0.0107425 195905 -0.156462 0.260183
0.007435 350.298 0.232916 195904 0.00251307 1.94053
5.5e-05 2399.88 0.0643922 195905 -0.129206 0.276759
0.000375 2403.63 0.0627835 195905 -0.129424 0.276367
0.006965 347.323 0.232872 195905 0.00616055 1.95703
0.003075 2561.13 0.0107168 195905 -0.156579 0.260257
0.007445 350.383 0.232917 195904 0.00241379 1.94006
0.000385 2403.83 0.0626972 195905 -0.129437 0.276346
6.5e-05 2399.91 0.0643776 195905 -0.129207 0.276756
0.006975 347.366 0.232876 195905 0.00615697 1.9568
0.003085 2560.42 0.0106919 195905 -0.156702 0.260331
0.007455 350.465 0.232917 195904 0.00231514 1.93961
0.001165 2432.08 0.0506433 195905 -0.131034 0.273406
0.000395 2404.04 0.0626089 195905 -0.129451 0.276325
0.006985 347.407 0.232879 195905 0.00622623 1.95657
0.003095 2559.7 0.0106679 195905 -0.156723 0.260405
7.5e-05 2399.95 0.0643606 195905 -0.129209 0.276751
0.007465 350.544 0.232917 195904 0.00221543 1.93917
0.001175 2432.57 0.0504345 195905 -0.131085 0.273355
0.000405 2404.25 0.0625185 195905 -0.129464 0.276302
0.003105 2558.91 0.0106509 195900 -0.160714 0.260481
0.006995 347.448 0.232881 195904 0.00636823 1.95634
0.007475 350.62 0.232917 195904 0.00211535 1.93875
0.001185 2433.06 0.0502246 195905 -0.131137 0.273304
0.000415 2404.47 0.062426 195905 -0.129479 0.27628
8.5e-05 2399.99 0.0643412 195905 -0.12921 0.276747
0.003115 2556.56 0.0108103 195905 -0.164686 0.260728
0.007005 347.489 0.232884 195904 0.0065806 1.95612
0.007085 347.853 0.232899 195903 0.00756322 1.9541
0.007485 350.693 0.232917 195904 0.00201486 1.93835
0.001195 2433.56 0.0500138 195905 -0.131191 0.273253
0.000425 2404.69 0.0623316 195905 -0.129493 0.276257
9.5e-05 2400.04 0.0643194 195905 -0.129212 0.276741
0.003125 2554.14 0.0109762 195905 -0.16462 0.260975
0.007015 347.528 0.232886 195904 0.00684494 1.9559
0.007495 350.763 0.232917 195904 0.00191399 1.93796
0.001205 2434.05 0.049802 195905 -0.131246 0.273202
0.000435 2404.91 0.0622351 195905 -0.129508 0.276233
0.007095 347.911 0.232901 195903 0.00729103 1.95378
0.003135 2551.72 0.0111424 195905 -0.164671 0.261224
0.007025 347.566 0.232889 195904 0.00713254 1.95569
0.000105 2400.1 0.0642952 195905 -0.129215 0.276736
0.007505 350.829 0.232917 195904 0.00181277 1.9376
0.001215 2434.55 0.0495892 195905 -0.131302 0.273151
0.000445 2405.15 0.0621367 195905 -0.129524 0.276209
0.003145 2549.3 0.0113091 195905 -0.164732 0.261472
0.007105 347.967 0.232902 195903 0.00695947 1.95347
0.007035 347.603 0.232891 195903 0.00740726 1.95549
0.004355 2164.84 0.0395612 195905 -0.179719 0.307825
0.000115 2400.16 0.0642686 195905 -0.129217 0.276729
0.007515 350.892 0.232917 195904 0.00171121 1.93725
0.000455 2405.38 0.0620362 195905 -0.12954 0.276185
0.001225 2435.05 0.0493754 195905 -0.131359 0.273099
0.003155 2546.88 0.0114764 195905 -0.164803 0.261722
0.007115 348.022 0.232903 195903 0.00660026 1.95317
0.004365 2160.34 0.0398386 195905 -0.179412 0.308466
0.007525 350.952 0.232917 195904 0.00160934 1.93692
0.000125 2400.23 0.0642398 195905 -0.129221 0.276722
0.000465 2405.62 0.0619338 195905 -0.129557 0.27616
0.001235 2435.55 0.0491608 195905 -0.131416 0.273047
0.003165 2544.46 0.0116443 195905 -0.164884 0.261971
0.004375 2155.86 0.0401153 195905 -0.179084 0.309106
0.007535 351.008 0.232917 195904 0.00150716 1.93661
0.007125 348.076 0.232904 195904 0.00624353 1.95287
0.000135 2400.3 0.0642085 195905 -0.129224 0.276715
0.003175 2542.04 0.0118128 195905 -0.164974 0.262222
0.000475 2405.86 0.0618295 195905 -0.129574 0.276134
0.001245 2436.06 0.0489451 195905 -0.131475 0.272995
0.004385 2151.41 0.0403913 195905 -0.178736 0.309745
0.007545 351.06 0.232917 195904 0.00140471 1.93632
0.007135 348.128 0.232905 195904 0.0059134 1.95259
0.000145 2400.38 0.064175 195905 -0.129228 0.276706
0.003185 2539.62 0.011982 195905 -0.165072 0.262473
0.000485 2406.11 0.0617232 195905 -0.129591 0.276108
0.001255 2436.57 0.0487286 195905 -0.131534 0.272942
0.007555 351.109 0.232917 195904 0.00130198 1.93605
0.004395 2146.98 0.0406665 195905 -0.178369 0.310384
0.003785 2379.89 0.0242275 195905 -0.175162 0.280085
0.007145 348.179 0.232906 195904 0.00562726 1.95231
0.003195 2537.19 0.0121521 195905 -0.165179 0.262725
0.000495 2406.37 0.061615 195905 -0.129609 0.276082
0.007565 351.155 0.232917 195904 0.00119898 1.9358
0.001265 2437.07 0.0485111 195905 -0.131594 0.27289
0.004405 2142.57 0.0409408 195905 -0.177981 0.311021
0.000155 2400.46 0.0641391 195905 -0.129232 0.276698
0.003795 2376.91 0.0244709 195905 -0.175353 0.280435
0.007155 348.228 0.232907 195904 0.005393 1.95203
0.000505 2406.62 0.0615048 195905 -0.129628 0.276055
0.005695 616.496 0.193676 195906 -0.0296606 1.09034
0.000515 2406.89 0.0613928 195905 -0.129647 0.276027
0.003465 2469.68 0.0171384 195905 -0.169325 0.269917
0.005705 607.879 0.194823 195906 -0.0283018 1.106
0.006065 405.979 0.222912 195905 0.00314239 1.66657
0.000525 2407.15 0.0612788 195905 -0.129667 0.275999
0.005345 1031.65 0.143546 195906 -0.0914094 0.648053
0.005715 599.398 0.195951 195906 -0.0269669 1.12186
0.003475 2467.09 0.0173396 195905 -0.169495 0.270201
0.000535 2407.43 0.061163 195905 -0.129688 0.275971
0.006075 402.98 0.22335 195905 0.00355776 1.67922
0.002185 2509.33 0.0263732 195905 -0.139106 0.265414
0.005725 591.055 0.197059 195906 -0.0256539 1.13791
0.003485 2464.49 0.0175421 195905 -0.169665 0.270485
0.005355 1017.68 0.145184 195906 -0.0894454 0.657021
0.000545 2407.7 0.0610453 195905 -0.129709 0.275942
0.002195 2510.49 0.0261263 195905 -0.139215 0.265295
0.005735 582.848 0.198147 195906 -0.0243597 1.15415
0.003495 2461.89 0.0177458 195905 -0.169835 0.270772
0.005365 1003.81 0.146812 195906 -0.0874856 0.666179
0.005095 1455.09 0.101975 195905 -0.14149 0.458525
0.005375 990.032 0.148432 195906 -0.0855226 0.675531
0.005105 1437.52 0.103652 195906 -0.13963 0.464157
0.005385 976.352 0.150043 195906 -0.0835715 0.68508
0.007575 351.196 0.232917 195904 0.00109572 1.93557
0.005115 1419.96 0.10533 195906 -0.137755 0.469924
0.001275 2437.59 0.0482928 195905 -0.131654 0.272837
0.005395 962.77 0.151643 195906 -0.0816276 0.694831
0.004415 2138.2 0.0412142 195905 -0.177575 0.311658
0.000165 2400.55 0.0641009 195905 -0.129237 0.276688
0.004425 2133.85 0.0414866 195905 -0.17715 0.312292
0.003805 2373.92 0.0247157 195905 -0.175544 0.280787
0.000175 2400.65 0.0640604 195905 -0.129242 0.276679
0.004435 2129.53 0.0417579 195905 -0.176706 0.312925
0.003815 2370.92 0.0249618 195905 -0.175734 0.281141
0.007165 348.303 0.232908 195904 0.00518978 1.95162
0.000185 2400.75 0.0640176 195905 -0.129248 0.276668
0.004445 2125.25 0.0420282 195905 -0.176245 0.313556
0.000555 2407.98 0.0609257 195905 -0.129731 0.275913
0.003825 2367.91 0.0252091 195905 -0.175923 0.281497
0.007175 348.376 0.232908 195904 0.00504493 1.95121
0.000195 2400.85 0.0639725 195905 -0.129254 0.276657
0.004455 2120.99 0.0422972 195905 -0.175766 0.314185
0.003835 2364.89 0.0254577 195905 -0.176111 0.281856
0.000565 2408.27 0.0608043 195905 -0.129753 0.275883
0.007185 348.448 0.232909 195904 0.00492726 1.95081
0.000205 2400.96 0.0639251 195905 -0.12926 0.276646
0.004465 2116.78 0.042565 195905 -0.17527 0.314811
0.002205 2511.65 0.0258796 195905 -0.139324 0.265176
0.004475 2112.59 0.0428316 195905 -0.174758 0.315435
0.003505 2459.27 0.0179507 195905 -0.170005 0.271059
0.005745 574.78 0.199216 195906 -0.0230801 1.17057
0.007585 351.234 0.232917 195904 0.000992197 1.93536
0.005405 949.288 0.153234 195906 -0.0796893 0.704788
0.005755 566.851 0.200264 195906 -0.02181 1.18717
0.007595 351.269 0.232917 195904 0.000888436 1.93517
0.000575 2408.55 0.0606811 195905 -0.129776 0.275853
0.007195 348.518 0.23291 195904 0.00483083 1.95042
0.000585 2408.85 0.060556 195905 -0.1298 0.275822
0.007205 348.586 0.23291 195904 0.00474503 1.95004
0.000215 2401.08 0.0638755 195905 -0.129267 0.276634
0.000595 2409.15 0.0604292 195905 -0.129825 0.275791
0.002215 2512.81 0.025633 195905 -0.139434 0.265057
0.007215 348.653 0.232911 195904 0.00466231 1.94967
0.003515 2456.65 0.018157 195905 -0.170175 0.271348
0.000605 2409.45 0.0603005 195905 -0.12985 0.27576
0.000225 2401.2 0.0638237 195905 -0.129274 0.276621
0.007225 348.718 0.232911 195904 0.00457724 1.94931
0.002225 2513.96 0.0253866 195905 -0.139544 0.264938
0.005415 935.907 0.154814 195906 -0.0777569 0.714957
0.007605 351.299 0.232917 195904 0.000784454 1.935
0.002235 2515.12 0.0251403 195905 -0.139655 0.26482
0.005425 922.63 0.156384 195906 -0.075831 0.725342
0.000615 2409.75 0.0601701 195905 -0.129875 0.275728
0.000235 2401.33 0.0637696 195905 -0.129282 0.276608
0.000625 2410.06 0.0600379 195905 -0.129901 0.275696
0.007235 348.781 0.232912 195904 0.00448793 1.94895
0.007615 351.326 0.232917 195904 0.000680281 1.93486
0.000245 2401.46 0.0637132 195905 -0.12929 0.276594
0.000635 2410.38 0.059904 195905 -0.129928 0.275663
0.005435 909.457 0.157943 195906 -0.0739122 0.735947
0.007245 348.843 0.232912 195904 0.00438931 1.94861
0.007625 351.349 0.232917 195904 0.000575958 1.93473
0.000255 2401.59 0.0636547 195905 -0.129298 0.27658
0.007635 351.369 0.232917 195904 0.000471542 1.93462
0.007255 348.927 0.232913 195904 0.00428867 1.94814
0.000265 2401.74 0.063594 195905 -0.129307 0.276565
0.007645 351.384 0.232917 195904 0.000367152 1.93454
0.007265 349.01 0.232913 195904 0.00418399 1.94768
0.000275 2401.88 0.063531 195905 -0.129316 0.27655
0.007655 351.396 0.232917 195904 0.00026287 1.93447
0.000285 2402.04 0.0634659 195905 -0.129325 0.276534
0.007275 349.091 0.232913 195904 0.00407635 1.94723
0.007665 351.403 0.232917 195904 0.000160516 1.93443
0.000295 2402.19 0.0633986 195905 -0.129334 0.276517
0.007675 351.407 0.232917 195904 5.24108e-05 1.93441
0.007285 349.17 0.232914 195904 0.00396857 1.94679
0.000305 2402.36 0.0633292 195905 -0.129344 0.2765
0.007295 349.247 0.232914 195904 0.00386228 1.94636
0.000315 2402.52 0.0632576 195905 -0.129355 0.276483
0.007305 349.322 0.232914 195904 0.00375865 1.94594
0.007315 349.395 0.232915 195904 0.00365818 1.94554
0.007325 349.465 0.232915 195904 0.00356072 1.94515
0.007335 349.533 0.232915 195904 0.00346638 1.94477
0.007345 349.599 0.232915 195904 0.00337221 1.94441
0.007355 349.687 0.232915 195904 0.00327935 1.94392
