0.002245 2530.19 0.0223195 197624 -0.114461 0.265521
0.002255 2531.28 0.0220858 197624 -0.114539 0.26541
0.002265 2532.37 0.021852 197624 -0.114617 0.265299
0.002275 2533.47 0.0216181 197624 -0.114692 0.265188
0.002285 2534.71 0.0213842 197624 -0.114783 0.265061
0.002295 2535.95 0.0211502 197624 -0.114869 0.264934
0.002305 2537.19 0.0209162 197624 -0.114953 0.264808
0.002315 2538.43 0.0206821 197624 -0.115036 0.264682
0.002325 2539.67 0.020448 197624 -0.115117 0.264556
0.002335 2540.91 0.0202139 197624 -0.115196 0.26443
0.002345 2542.15 0.0199797 197624 -0.115273 0.264304
0.002355 2543.39 0.0197456 197624 -0.115348 0.264179
0.002365 2544.63 0.0195114 197624 -0.115421 0.264054
0.002375 2545.86 0.0192771 197624 -0.115491 0.263929
0.002385 2547.1 0.0190429 197624 -0.115558 0.263804
0.002395 2548.34 0.0188086 197624 -0.115621 0.263679
0.003845 2326.26 0.0291118 197624 -0.135845 0.289033
0.002405 2549.57 0.0185743 197624 -0.115681 0.263554
0.003855 2323.51 0.0293144 197624 -0.135843 0.289374
0.003865 2320.77 0.0295168 197624 -0.135837 0.289717
0.002415 2550.81 0.01834 197624 -0.115737 0.263429
0.003875 2318.02 0.0297189 197624 -0.135826 0.290059
0.003885 2315.28 0.0299206 197624 -0.135812 0.290402
0.003895 2312.55 0.0301221 197624 -0.135792 0.290746
0.002425 2552.05 0.0181056 197624 -0.115789 0.263304
0.003905 2309.82 0.0303232 197624 -0.135768 0.29109
0.003915 2307.09 0.0305239 197624 -0.135739 0.291434
0.003925 2304.37 0.0307242 197624 -0.135704 0.291778
0.002435 2553.29 0.0178711 197624 -0.115837 0.26318
0.003935 2301.65 0.0309242 197624 -0.135665 0.292122
0.003945 2298.93 0.0311237 197624 -0.135616 0.292467
0.003955 2296.23 0.0313227 197624 -0.135557 0.292812
0.002445 2554.53 0.0176366 197624 -0.11588 0.263055
0.003965 2293.66 0.0315213 197624 -0.13552 0.29314
0.003975 2291.1 0.0317194 197624 -0.135469 0.293468
0.003985 2288.54 0.0319169 197624 -0.135411 0.293796
0.002455 2555.78 0.017402 197624 -0.115916 0.26293
0.003995 2285.99 0.0321139 197624 -0.135349 0.294124
0.004005 2283.45 0.0323104 197624 -0.135282 0.294451
0.004015 2280.91 0.0325062 197624 -0.135209 0.294779
0.002465 2557.18 0.0171673 197624 -0.115963 0.262788
0.004025 2278.38 0.0327014 197624 -0.135131 0.295106
0.004035 2275.86 0.032896 197624 -0.135048 0.295432
0.004045 2273.35 0.0330899 197624 -0.134959 0.295759
0.002475 2558.59 0.0169325 197624 -0.115999 0.262646
0.004055 2270.85 0.0332832 197624 -0.134864 0.296085
0.004065 2268.36 0.0334757 197624 -0.134763 0.29641
0.004075 2265.88 0.0336675 197624 -0.134656 0.296735
0.002485 2560 0.0166976 197624 -0.116028 0.262505
0.004085 2263.41 0.0338585 197624 -0.134543 0.29706
0.004095 2260.95 0.0340488 197624 -0.134423 0.297383
0.002565 2571.38 0.0148117 197624 -0.116152 0.261365
0.004105 2258.5 0.0342382 197624 -0.134297 0.297706
0.002495 2561.41 0.0164625 197624 -0.116052 0.262363
0.002575 2572.82 0.0145751 197624 -0.116171 0.261222
0.004115 2256.06 0.0344268 197624 -0.134164 0.298028
0.002585 2574.26 0.0143383 197624 -0.116194 0.261079
0.004125 2253.64 0.0346146 197624 -0.134024 0.298349
0.002595 2575.7 0.0141014 197624 -0.116224 0.260935
0.004135 2251.23 0.0348015 197624 -0.133878 0.298669
0.002505 2562.83 0.0162273 197624 -0.116072 0.262221
0.001605 2467.71 0.0368702 197624 -0.109792 0.271989
0.002605 2577.15 0.0138644 197624 -0.11626 0.260792
0.004145 2248.83 0.0349874 197624 -0.133725 0.298988
0.003525 2414.36 0.0225837 197624 -0.134445 0.27849
0.002615 2578.59 0.0136273 197624 -0.116305 0.260648
0.004155 2246.45 0.0351724 197624 -0.133564 0.299306
0.002515 2564.25 0.0159918 197624 -0.116088 0.262079
0.002625 2580.04 0.0133902 197624 -0.116359 0.260505
0.001615 2468.19 0.0366537 197624 -0.109848 0.27194
0.002635 2581.49 0.0131532 197624 -0.116422 0.260362
0.003535 2411.63 0.0227867 197624 -0.134521 0.278806
0.001625 2468.82 0.0364366 197624 -0.109917 0.271875
0.002525 2565.67 0.0157562 197624 -0.116101 0.261936
0.002645 2582.94 0.0129163 197624 -0.116496 0.260219
0.004805 1917.72 0.0639515 197624 -0.14372 0.350823
0.001635 2469.46 0.0362191 197624 -0.109982 0.271809
0.003545 2408.89 0.0229899 197624 -0.134596 0.279122
0.002655 2584.38 0.0126797 197624 -0.116473 0.260076
0.002535 2567.09 0.0155204 197624 -0.116113 0.261794
0.001645 2470.09 0.036001 197624 -0.110046 0.271744
0.004815 1902.56 0.0653033 197624 -0.142983 0.353625
0.000965 2440.16 0.0492027 197623 -0.106521 0.274785
0.002665 2585.74 0.0124505 197617 -0.120936 0.259934
0.003555 2406.16 0.0231932 197624 -0.134669 0.27944
0.003205 2502.17 0.016229 197624 -0.131629 0.268707
0.001655 2470.73 0.0357825 197624 -0.110106 0.271678
0.002545 2568.52 0.0152844 197624 -0.116125 0.261651
0.004825 1887.36 0.0666578 197624 -0.142244 0.356479
0.002675 2585.2 0.012417 197624 -0.125362 0.259999
0.003565 2403.42 0.0233967 197624 -0.13474 0.279758
0.000975 2440.53 0.0490399 197623 -0.106556 0.274747
0.001665 2471.52 0.0355635 197624 -0.110178 0.271595
0.002555 2569.95 0.0150481 197624 -0.116137 0.261508
0.004835 1872.13 0.068015 197624 -0.1415 0.359386
0.003215 2499.43 0.0164218 197624 -0.131728 0.269002
0.002685 2584.57 0.0123902 197624 -0.125261 0.260063
0.003575 2400.67 0.0236004 197624 -0.134809 0.280078
0.000985 2440.9 0.048876 197623 -0.106591 0.274709
0.001675 2472.31 0.035344 197624 -0.110246 0.271512
0.004845 1856.87 0.069375 197624 -0.14075 0.362347
0.003225 2496.69 0.0166151 197624 -0.131826 0.269298
0.002695 2583.95 0.0123633 197624 -0.125293 0.260128
0.002705 2583.34 0.0123363 197624 -0.125337 0.260193
0.002715 2582.72 0.0123094 197624 -0.12539 0.260257
0.002725 2582.1 0.0122827 197624 -0.125452 0.260321
0.002735 2581.49 0.0122563 197624 -0.125522 0.260386
0.002745 2580.87 0.0122304 197624 -0.125601 0.26045
0.001285 2453.09 0.0434677 197623 -0.107864 0.27347
0.002755 2580.26 0.0122052 197624 -0.125687 0.260515
0.002885 2572.07 0.0120656 197624 -0.127305 0.261376
0.002765 2579.64 0.0121808 197624 -0.125779 0.260579
0.002775 2579.02 0.0121574 197624 -0.125878 0.260644
0.002895 2571.42 0.0120847 197624 -0.127468 0.261444
0.001295 2453.53 0.0432729 197623 -0.107916 0.273426
0.002785 2578.41 0.0121352 197624 -0.125982 0.260709
0.002795 2577.78 0.0121147 197624 -0.126092 0.260774
0.001305 2453.96 0.0430772 197623 -0.107969 0.273381
0.002905 2570.76 0.0121108 197624 -0.127638 0.261514
0.002805 2577.16 0.012096 197624 -0.126207 0.260839
0.001315 2454.4 0.0428807 197623 -0.108022 0.273337
0.002915 2570.1 0.0121444 197624 -0.127817 0.261584
0.002815 2576.54 0.0120795 197624 -0.126327 0.260905
0.001325 2454.84 0.0426833 197623 -0.108077 0.273292
0.002825 2575.91 0.0120657 197624 -0.126452 0.260971
0.002925 2569.43 0.0121861 197624 -0.128005 0.261654
0.001335 2455.29 0.0424852 197623 -0.108133 0.273247
0.002835 2575.28 0.0120549 197624 -0.126581 0.261038
0.001345 2455.73 0.0422863 197623 -0.108189 0.273202
0.002935 2568.75 0.0122362 197624 -0.128203 0.261725
0.002845 2574.64 0.0120477 197624 -0.126716 0.261105
0.001355 2456.18 0.0420866 197623 -0.108246 0.273157
0.002945 2568.07 0.0122952 197624 -0.128414 0.261796
0.002855 2574.01 0.0120446 197624 -0.126855 0.261172
0.001365 2456.63 0.0418862 197623 -0.108304 0.273111
0.001925 2495.15 0.0297305 197624 -0.112013 0.26913
0.002865 2573.36 0.0120462 197624 -0.126999 0.261239
0.001375 2457.07 0.041685 197623 -0.108363 0.273066
0.002955 2567.38 0.0123632 197624 -0.128637 0.261868
0.000645 2429.9 0.0537255 197623 -0.105619 0.27583
0.002875 2572.72 0.012053 197624 -0.127149 0.261307
0.001385 2457.52 0.041483 197623 -0.108423 0.27302
0.004165 2244.08 0.0353565 197624 -0.133396 0.299623
0.002965 2566.59 0.0124404 197617 -0.128845 0.261941
0.000655 2430.17 0.0536061 197623 -0.105641 0.275802
0.001395 2457.98 0.0412803 197623 -0.108484 0.272974
0.001935 2496.11 0.0295019 197624 -0.112088 0.269031
0.002975 2564.04 0.0125269 197624 -0.129023 0.262212
0.000325 2423.19 0.0566811 197623 -0.105089 0.276513
0.002985 2561.4 0.0126228 197624 -0.129162 0.262484
0.000335 2423.34 0.0566158 197623 -0.105101 0.276498
0.002995 2558.75 0.0127277 197624 -0.129295 0.262756
0.000345 2423.49 0.0565486 197623 -0.105113 0.276483
0.003005 2556.1 0.0128415 197624 -0.129425 0.26303
0.000355 2423.64 0.0564797 197623 -0.105126 0.276467
0.003015 2553.44 0.0129639 197624 -0.129551 0.263304
0.000365 2423.8 0.0564089 197623 -0.105138 0.27645
0.003025 2550.78 0.0130943 197624 -0.129675 0.263579
0.004485 2179.4 0.0405525 197624 -0.124041 0.30857
0.000375 2423.97 0.0563363 197623 -0.105151 0.276434
0.003035 2548.11 0.0132323 197624 -0.129796 0.263856
5e-06 2420.77 0.0577487 197623 -0.104846 0.276759
0.003045 2545.44 0.0133774 197624 -0.129916 0.264133
0.000385 2424.14 0.0562618 197623 -0.105164 0.276417
1.5e-05 2420.78 0.0577466 197623 -0.104851 0.276758
0.003055 2542.77 0.0135289 197624 -0.130035 0.264411
0.000395 2424.31 0.0561856 197623 -0.105178 0.276399
0.004495 2177.82 0.0406887 197624 -0.123684 0.308797
2.5e-05 2420.79 0.0577424 197623 -0.104855 0.276757
0.003065 2540.09 0.0136863 197624 -0.130151 0.26469
0.000405 2424.49 0.0561076 197623 -0.105192 0.276381
3.5e-05 2420.8 0.0577361 197623 -0.10486 0.276756
0.004505 2176.27 0.0408234 197624 -0.123335 0.309021
0.003075 2537.41 0.013849 197624 -0.130267 0.26497
0.000415 2424.67 0.0560279 197623 -0.105206 0.276363
4.5e-05 2420.82 0.0577278 197623 -0.104865 0.276754
0.004515 2174.75 0.0409566 197624 -0.122996 0.30924
0.003085 2534.72 0.0140164 197624 -0.13038 0.265251
0.000425 2424.85 0.0559463 197623 -0.10522 0.276344
5.5e-05 2420.84 0.0577174 197623 -0.10487 0.276752
0.004525 2173.25 0.0410885 197624 -0.122669 0.309457
0.003095 2532.03 0.0141879 197624 -0.130492 0.265533
6.5e-05 2420.87 0.0577049 197623 -0.104875 0.276749
0.000435 2425.04 0.055863 197623 -0.105235 0.276324
0.004535 2171.78 0.0412191 197624 -0.122355 0.30967
0.003105 2529.34 0.014363 197624 -0.130603 0.265817
0.005125 1417.01 0.108341 197624 -0.113303 0.475274
7.5e-05 2420.9 0.0576904 197623 -0.10488 0.276745
0.004545 2170.34 0.0413486 197624 -0.122057 0.30988
0.000445 2425.24 0.055778 197623 -0.10525 0.276305
0.003115 2526.64 0.0145413 197624 -0.130711 0.266101
8.5e-05 2420.94 0.0576738 197623 -0.104886 0.276742
0.004555 2168.91 0.041477 197624 -0.121776 0.310087
0.005445 954.237 0.154889 197625 -0.0708902 0.70756
0.003125 2523.93 0.0147222 197624 -0.130818 0.266386
0.000455 2425.43 0.0556912 197623 -0.105265 0.276285
9.5e-05 2420.98 0.0576552 197623 -0.104891 0.276737
0.004565 2167.52 0.0416044 197624 -0.121513 0.31029
0.005135 1400.92 0.109749 197624 -0.112132 0.480758
0.007365 350.34 0.232913 197626 0.00247035 1.95734
0.005455 941.396 0.156316 197625 -0.0694024 0.717292
0.000105 2421.03 0.0576346 197623 -0.104897 0.276733
0.005765 604.994 0.195777 197625 -0.0261579 1.12123
0.000465 2425.63 0.0556027 197623 -0.105281 0.276264
0.003135 2521.23 0.0149055 197624 -0.130923 0.266673
0.004575 2166.14 0.0417311 197624 -0.121271 0.310492
0.005145 1384.8 0.111157 197624 -0.110958 0.486379
0.007375 350.416 0.232914 197626 0.0023917 1.95692
0.005465 928.616 0.157736 197625 -0.0679129 0.727249
0.000115 2421.08 0.0576119 197623 -0.104904 0.276727
0.006085 418.939 0.221012 197624 0.00106348 1.62815
0.005775 596.405 0.19684 197625 -0.025004 1.13757
0.000475 2425.84 0.0555125 197623 -0.105297 0.276243
0.003145 2518.52 0.0150906 197624 -0.131027 0.26696
0.005155 1368.66 0.112563 197624 -0.109781 0.492143
0.004585 2164.78 0.0418571 197624 -0.121051 0.31069
0.007385 350.49 0.232914 197626 0.00231456 1.95651
0.000125 2421.14 0.0575872 197623 -0.10491 0.276722
0.005475 915.896 0.159149 197625 -0.0664214 0.737435
0.005785 587.921 0.197887 197625 -0.0238657 1.15419
0.006095 415.509 0.221508 197624 0.00165174 1.64184
0.000485 2426.05 0.0554205 197623 -0.105313 0.276222
0.005165 1352.49 0.113969 197624 -0.108599 0.498055
0.003155 2515.8 0.0152775 197624 -0.13113 0.267249
0.004595 2163.45 0.0419827 197624 -0.120854 0.310886
0.007395 350.562 0.232914 197626 0.00223833 1.95611
0.000135 2421.2 0.0575605 197623 -0.104917 0.276716
0.005485 903.239 0.160555 197625 -0.0649278 0.747858
0.005795 579.543 0.198918 197625 -0.0227421 1.17108
0.000495 2426.26 0.0553269 197623 -0.10533 0.276201
0.005175 1336.28 0.115374 197624 -0.107409 0.504122
0.006105 412.187 0.221987 197624 0.00219131 1.65532
0.003165 2513.08 0.0154657 197624 -0.131231 0.267538
0.004605 2162.12 0.0421079 197624 -0.120681 0.31108
0.007405 350.632 0.232915 197626 0.00216257 1.95572
0.000145 2421.26 0.0575318 197623 -0.104924 0.276709
0.005495 890.646 0.161953 197625 -0.0634322 0.758525
0.005805 571.27 0.199933 197625 -0.0215863 1.18825
0.000505 2426.48 0.0552316 197623 -0.105347 0.276178
0.005185 1320.06 0.116777 197625 -0.106208 0.51035
0.006115 409.266 0.22245 197624 0.00262131 1.66738
0.003175 2510.36 0.0156551 197624 -0.131331 0.267829
0.004615 2160.82 0.0422328 197624 -0.120532 0.311272
0.007415 350.699 0.232915 197626 0.00208697 1.95535
0.000155 2421.33 0.0575011 197623 -0.104931 0.276702
0.005505 878.118 0.163343 197625 -0.0619346 0.769442
0.005815 563.11 0.20093 197626 -0.0203319 1.20569
0.005195 1303.8 0.118178 197625 -0.104988 0.516745
0.000515 2426.7 0.0551346 197623 -0.105364 0.276156
0.006125 406.43 0.222898 197624 0.00301984 1.67925
0.003185 2507.63 0.0158456 197624 -0.131431 0.268121
0.004625 2159.53 0.0423578 197624 -0.120447 0.311463
0.007425 350.763 0.232915 197626 0.00201127 1.95499
0.000165 2421.4 0.0574684 197623 -0.104938 0.276694
0.005825 556.017 0.201911 197624 -0.0195003 1.22128
0.005515 865.657 0.164725 197625 -0.0604354 0.780617
0.005205 1287.51 0.119578 197625 -0.103742 0.523313
0.000525 2426.92 0.0550359 197623 -0.105381 0.276133
0.006135 403.673 0.22333 197624 0.00339413 1.69096
0.004635 2158.25 0.0424829 197624 -0.119424 0.311652
0.003195 2504.9 0.0160369 197624 -0.13153 0.268413
0.007435 350.825 0.232915 197626 0.00193578 1.95464
0.000175 2421.48 0.0574338 197623 -0.104946 0.276687
0.005835 549.047 0.202874 197624 -0.0184764 1.23701
0.005525 853.265 0.166099 197625 -0.0589347 0.792056
0.005215 1271.2 0.120975 197625 -0.102459 0.530062
0.000535 2427.15 0.0549356 197623 -0.105399 0.27611
0.007045 348.388 0.232872 197626 0.00493986 1.96819
0.006405 359.87 0.230377 197624 0.00922993 1.90217
0.000545 2427.38 0.0548336 197623 -0.105417 0.276086
0.006725 348.819 0.232526 197624 0.00915693 1.96507
0.006415 359.163 0.23051 197624 0.00929772 1.90605
0.000555 2427.62 0.05473 197623 -0.105436 0.276062
0.007055 348.42 0.232875 197626 0.00487436 1.96801
0.003585 2397.93 0.0238042 197624 -0.134876 0.280398
0.006425 358.485 0.230637 197624 0.00936088 1.90978
0.006735 348.729 0.23255 197624 0.00910659 1.96561
0.000565 2427.85 0.0546248 197623 -0.105455 0.276038
0.007065 348.451 0.232878 197626 0.00480664 1.96784
0.006435 357.835 0.230758 197624 0.00941783 1.91337
0.003595 2395.18 0.0240081 197624 -0.134941 0.28072
0.006745 348.644 0.232573 197624 0.00905559 1.96613
0.007075 348.506 0.232881 197626 0.00473855 1.96754
0.000575 2428.1 0.0545179 197623 -0.105474 0.276013
0.006445 357.213 0.230873 197624 0.00946871 1.91683
0.003605 2392.43 0.0242122 197624 -0.135005 0.281042
0.007085 348.56 0.232883 197626 0.00467212 1.96724
0.006755 348.563 0.232594 197624 0.00900475 1.96663
0.000585 2428.34 0.0544094 197623 -0.105494 0.275988
0.006455 356.615 0.230983 197624 0.0095136 1.92015
0.003615 2389.69 0.0244163 197624 -0.135066 0.281365
0.007095 348.613 0.232886 197626 0.00460375 1.96695
0.000995 2441.27 0.048711 197623 -0.106627 0.274671
0.006765 348.485 0.232614 197624 0.0089547 1.9671
0.000595 2428.59 0.0542994 197623 -0.105514 0.275963
0.006465 356.043 0.231087 197624 0.00955258 1.92336
0.007105 348.666 0.232888 197626 0.00453489 1.96666
0.003625 2386.93 0.0246206 197624 -0.135126 0.28169
0.006475 355.493 0.231186 197624 0.00958574 1.92644
0.006775 348.41 0.232633 197624 0.00890654 1.96756
0.000605 2428.85 0.0541877 197623 -0.105534 0.275937
0.001005 2441.65 0.0485447 197623 -0.106663 0.274633
0.003635 2384.18 0.0248249 197624 -0.135183 0.282015
0.007115 348.717 0.23289 197626 0.00446552 1.96637
0.006485 354.965 0.231281 197624 0.00961321 1.92941
0.006785 348.338 0.232651 197624 0.00885745 1.96799
0.000615 2429.1 0.0540745 197623 -0.105555 0.275911
0.003645 2381.43 0.0250294 197624 -0.135239 0.282341
0.001015 2442.03 0.0483774 197623 -0.106699 0.274594
0.007125 348.768 0.232892 197626 0.00439578 1.9661
0.006495 354.458 0.23137 197624 0.00963496 1.93227
0.003655 2378.67 0.0252338 197624 -0.135292 0.282668
0.006795 348.3 0.232668 197624 0.00880878 1.96824
0.000625 2429.36 0.0539597 197623 -0.105576 0.275884
0.006505 353.97 0.231456 197624 0.00965217 1.93504
0.007135 348.817 0.232894 197626 0.00432572 1.96582
0.001025 2442.41 0.0482089 197623 -0.106736 0.274556
0.003665 2375.91 0.0254384 197624 -0.135343 0.282996
0.006805 348.264 0.232683 197624 0.00875833 1.96847
0.006515 353.569 0.231537 197624 0.00966413 1.93732
0.007145 348.866 0.232896 197626 0.00425615 1.96555
0.000635 2429.63 0.0538434 197623 -0.105597 0.275857
0.003675 2373.15 0.0256429 197624 -0.135392 0.283324
0.001035 2442.79 0.0480393 197623 -0.106774 0.274517
0.006815 348.231 0.232698 197624 0.00869974 1.96868
0.006525 353.186 0.231613 197624 0.00967262 1.93952
0.007155 348.913 0.232897 197626 0.0041851 1.96529
0.003685 2370.4 0.0258475 197624 -0.13544 0.283654
0.001685 2473.11 0.035124 197624 -0.110313 0.27143
0.004855 1841.58 0.0707378 197624 -0.139991 0.365365
0.003695 2367.64 0.0260521 197624 -0.135484 0.283984
0.003235 2493.94 0.016809 197624 -0.131924 0.269595
0.001695 2473.9 0.0349036 197624 -0.110379 0.271347
0.003705 2364.88 0.0262567 197624 -0.135527 0.284316
0.004865 1826.25 0.0721034 197624 -0.139221 0.36844
0.004175 2241.72 0.0355396 197624 -0.133222 0.299938
0.003245 2491.19 0.0170034 197624 -0.132022 0.269893
0.001705 2474.7 0.0346828 197624 -0.110444 0.271264
0.003715 2362.11 0.0264612 197624 -0.135568 0.284648
0.004875 1810.88 0.0734717 197624 -0.138438 0.371574
0.001405 2458.43 0.0410769 197623 -0.108545 0.272928
0.000665 2430.44 0.0534851 197623 -0.105663 0.275774
0.003255 2488.44 0.0171982 197624 -0.13212 0.270192
0.004185 2239.38 0.0357216 197624 -0.133039 0.300252
0.001715 2475.49 0.0344615 197624 -0.11051 0.271181
0.003725 2359.35 0.0266658 197624 -0.135606 0.284981
0.004885 1795.49 0.0748426 197624 -0.13764 0.374769
0.001415 2458.88 0.0408728 197623 -0.108607 0.272882
0.001945 2497.21 0.029273 197624 -0.112177 0.268916
0.003265 2485.68 0.0173935 197624 -0.132217 0.270493
0.000675 2430.72 0.0533627 197623 -0.105686 0.275746
0.001725 2476.29 0.0342398 197624 -0.110574 0.271098
0.004195 2237.06 0.0359026 197624 -0.13285 0.300565
0.003735 2356.59 0.0268702 197624 -0.135641 0.285315
0.004895 1780.05 0.0762163 197624 -0.136827 0.378027
0.001425 2459.34 0.0406679 197623 -0.108669 0.272836
0.001955 2498.32 0.0290438 197624 -0.112261 0.268801
0.003275 2482.92 0.0175891 197624 -0.132313 0.270794
0.000685 2431 0.0532387 197623 -0.10571 0.275717
0.001735 2477.09 0.0340177 197624 -0.110636 0.271015
0.004205 2234.75 0.0360825 197624 -0.132652 0.300876
0.003745 2353.83 0.0270747 197624 -0.135675 0.285649
0.004905 1764.59 0.0775925 197624 -0.135997 0.38135
0.001435 2459.79 0.0404624 197623 -0.108732 0.27279
0.001965 2499.42 0.0288144 197624 -0.112344 0.268686
0.003285 2480.15 0.0177852 197624 -0.132409 0.271097
0.000695 2431.29 0.0531133 197623 -0.105733 0.275688
0.001745 2478.03 0.0337952 197624 -0.110712 0.270915
0.004215 2232.46 0.0362613 197624 -0.132447 0.301185
0.003755 2351.07 0.027279 197624 -0.135705 0.285984
0.001975 2500.52 0.0285848 197624 -0.112426 0.268571
0.004915 1749.09 0.0789713 197624 -0.13515 0.384739
0.001445 2460.25 0.0402561 197623 -0.108795 0.272744
0.003295 2477.38 0.0179817 197624 -0.132504 0.2714
0.000705 2431.58 0.0529864 197623 -0.105757 0.275659
0.001755 2478.98 0.0335723 197624 -0.110784 0.270816
0.004225 2230.19 0.036439 197624 -0.132234 0.301493
0.003765 2348.31 0.0274832 197624 -0.135733 0.28632
0.001985 2501.63 0.0283549 197624 -0.112507 0.268457
0.004925 1733.56 0.0803525 197624 -0.134284 0.388196
0.001455 2460.71 0.0400492 197623 -0.108859 0.272697
0.003305 2474.61 0.0181785 197624 -0.132598 0.271705
0.000715 2431.87 0.052858 197623 -0.105782 0.275629
0.001765 2479.92 0.033349 197624 -0.110854 0.270717
0.004235 2227.94 0.0366155 197624 -0.132013 0.301799
0.001995 2502.73 0.0281249 197624 -0.112587 0.268342
0.003775 2345.55 0.0276874 197624 -0.135758 0.286657
0.001465 2461.17 0.0398416 197623 -0.108923 0.272651
0.004935 1718 0.0817361 197624 -0.133399 0.391724
0.003315 2471.83 0.0183756 197624 -0.132691 0.27201
0.000725 2432.16 0.0527281 197623 -0.105806 0.275599
0.001775 2480.87 0.0331254 197624 -0.110924 0.270618
0.004245 2225.71 0.0367907 197624 -0.131784 0.302103
0.002005 2503.83 0.0278946 197624 -0.112667 0.268228
0.001475 2461.63 0.0396334 197623 -0.108987 0.272604
0.003785 2342.79 0.0278914 197624 -0.135781 0.286995
0.004945 1702.4 0.083122 197624 -0.132495 0.395323
0.003325 2469.05 0.0185731 197624 -0.132782 0.272317
0.000735 2432.46 0.0525968 197623 -0.105832 0.275569
0.001785 2481.82 0.0329014 197624 -0.110994 0.270519
0.004255 2223.49 0.0369648 197624 -0.131547 0.302405
0.002015 2504.93 0.0276641 197624 -0.112745 0.268114
0.001485 2462.09 0.0394245 197623 -0.109051 0.272557
0.003795 2340.03 0.0280952 197624 -0.1358 0.287333
0.004955 1686.78 0.0845101 197624 -0.131571 0.398997
0.003335 2466.27 0.0187709 197624 -0.132872 0.272625
0.000745 2432.76 0.0524641 197623 -0.105857 0.275538
0.001795 2482.77 0.032677 197624 -0.111063 0.27042
0.002025 2506.04 0.0274335 197624 -0.112823 0.268
0.004265 2221.3 0.0371376 197624 -0.131301 0.302705
0.001495 2462.55 0.0392149 197623 -0.109115 0.272511
0.003805 2337.27 0.0282989 197624 -0.135816 0.287671
0.004965 1671.12 0.0859003 197624 -0.130629 0.402747
0.003345 2463.48 0.0189691 197624 -0.132959 0.272934
0.000755 2433.07 0.0523299 197623 -0.105883 0.275507
0.002035 2507.14 0.0272026 197624 -0.1129 0.267886
0.001805 2483.72 0.0324522 197624 -0.111133 0.27032
0.004275 2219.13 0.037309 197624 -0.131047 0.303002
0.001505 2463.02 0.0390047 197623 -0.109178 0.272464
0.003815 2334.52 0.0285025 197624 -0.135828 0.288011
0.004975 1655.43 0.0872925 197624 -0.129667 0.406576
0.003355 2460.69 0.0191676 197624 -0.133044 0.273244
0.002045 2508.24 0.0269716 197624 -0.112976 0.267772
0.000765 2433.37 0.0521943 197623 -0.105909 0.275476
0.001815 2484.67 0.0322272 197624 -0.111203 0.270221
0.004285 2216.98 0.0374791 197624 -0.130785 0.303298
0.001515 2463.48 0.0387939 197623 -0.109242 0.272417
0.003825 2331.76 0.0287058 197624 -0.135838 0.288351
0.004985 1639.72 0.0886866 197624 -0.128686 0.410486
0.002055 2509.34 0.0267403 197624 -0.113052 0.267658
0.006145 400.992 0.223747 197624 0.0037616 1.7025
0.003365 2457.9 0.0193664 197624 -0.133127 0.273555
0.000775 2433.69 0.0520574 197623 -0.105936 0.275444
0.001825 2485.62 0.0320017 197624 -0.111274 0.270122
0.004295 2214.85 0.0376479 197624 -0.130514 0.30359
0.001525 2463.95 0.0385825 197623 -0.109305 0.272369
0.004995 1623.98 0.0900826 197624 -0.127686 0.414479
0.003835 2329.01 0.0289089 197624 -0.135843 0.288692
0.002065 2510.44 0.0265089 197624 -0.113127 0.267545
0.003375 2455.1 0.0195655 197624 -0.133204 0.273867
0.006155 398.389 0.224149 197624 0.00412498 1.71387
0.001835 2486.57 0.031776 197624 -0.111345 0.270023
0.000785 2434 0.051919 197623 -0.105963 0.275412
0.004305 2212.74 0.0378152 197624 -0.130234 0.303881
0.001535 2464.41 0.0383705 197623 -0.109368 0.272322
0.005005 1608.21 0.0914802 197624 -0.126668 0.418558
0.002075 2511.54 0.0262773 197624 -0.113201 0.267432
0.003385 2452.3 0.0197649 197624 -0.133273 0.27418
0.005845 542.197 0.203819 197624 -0.0174734 1.25286
0.004645 2156.56 0.042637 197586 -0.138609 0.311843
0.003395 2449.61 0.0199646 197624 -0.133365 0.274481
0.007445 350.884 0.232915 197626 0.00185925 1.95431
0.005855 535.467 0.204745 197624 -0.0164814 1.26883
0.003405 2446.91 0.0201645 197624 -0.133449 0.274783
0.000185 2421.57 0.0573971 197623 -0.104953 0.276678
0.004655 2142.14 0.0439329 197624 -0.157353 0.314003
0.005535 840.942 0.167465 197625 -0.0574329 0.803768
0.003415 2444.22 0.0203648 197624 -0.133534 0.275087
0.005865 528.858 0.205653 197624 -0.015505 1.28492
0.007455 350.959 0.232916 197626 0.00178241 1.9539
0.000195 2421.65 0.0573585 197623 -0.104961 0.276669
0.004665 2127.29 0.0452579 197624 -0.155341 0.316198
0.003425 2441.52 0.0205653 197624 -0.133618 0.275391
0.005225 1254.87 0.12237 197625 -0.101145 0.536997
0.005545 828.691 0.168822 197625 -0.0559302 0.815759
0.005875 522.37 0.206543 197624 -0.0145445 1.30111
0.007465 351.032 0.232916 197626 0.00170631 1.95349
0.001045 2443.18 0.0478686 197623 -0.106812 0.274477
0.000205 2421.75 0.0573179 197623 -0.10497 0.27666
0.004675 2112.43 0.0465834 197624 -0.154392 0.318425
0.003435 2438.82 0.0207661 197624 -0.133703 0.275696
0.005555 816.513 0.17017 197625 -0.0544271 0.828038
0.005235 1238.51 0.123763 197625 -0.0995472 0.544124
0.005885 516.002 0.207415 197624 -0.0136005 1.31741
0.007475 351.102 0.232916 197626 0.00162943 1.95311
0.001055 2443.57 0.0476967 197623 -0.10685 0.274438
0.000215 2421.84 0.0572754 197623 -0.104978 0.27665
0.003445 2436.11 0.0209671 197624 -0.133789 0.276003
0.004685 2097.56 0.0479097 197624 -0.153434 0.320686
0.005565 804.41 0.171508 197625 -0.0529241 0.840612
0.005245 1222.19 0.125153 197630 -0.0989115 0.551444
0.005895 509.755 0.208268 197624 -0.0126736 1.33379
0.007485 351.168 0.232916 197626 0.00155234 1.95274
0.001065 2443.96 0.0475239 197623 -0.106889 0.274398
0.000225 2421.94 0.0572309 197623 -0.104987 0.27664
0.003455 2433.4 0.0211684 197624 -0.133873 0.27631
0.005575 792.383 0.172838 197625 -0.0514199 0.85349
0.004695 2082.69 0.049237 197624 -0.152507 0.32298
0.005255 1208.36 0.126685 197625 -0.0989592 0.557783
0.005905 503.629 0.209103 197624 -0.011767 1.35025
0.007495 351.232 0.232916 197626 0.00147502 1.95238
0.000235 2422.05 0.0571845 197623 -0.104996 0.276629
0.001075 2444.35 0.0473499 197623 -0.106928 0.274358
0.003465 2430.69 0.0213699 197624 -0.133958 0.276618
0.005585 780.434 0.174158 197625 -0.0499155 0.866681
0.005265 1194.58 0.128213 197624 -0.0975326 0.564258
0.004705 2067.8 0.0505654 197624 -0.151608 0.32531
0.005915 497.623 0.209919 197624 -0.0108734 1.3668
0.007505 351.293 0.232916 197626 0.00139751 1.95204
0.000245 2422.16 0.0571362 197623 -0.105005 0.276618
0.001085 2444.75 0.0471749 197623 -0.106967 0.274318
0.003475 2427.98 0.0215717 197624 -0.134042 0.276928
0.005595 768.564 0.175468 197625 -0.0483147 0.880193
0.005275 1180.83 0.129736 197625 -0.0961732 0.57087
0.004715 2052.89 0.0518952 197624 -0.150737 0.327676
0.007515 351.351 0.232916 197626 0.00131979 1.95172
0.005925 491.736 0.210717 197624 -0.0100758 1.38341
0.000255 2422.27 0.0570859 197623 -0.105015 0.276607
0.001095 2445.14 0.0469988 197623 -0.107007 0.274277
0.003485 2425.26 0.0217736 197624 -0.134125 0.277238
0.005605 756.79 0.176768 197627 -0.0465286 0.894027
0.005285 1167.12 0.131255 197625 -0.0947667 0.577623
0.007525 351.405 0.232916 197626 0.00124189 1.95142
0.004725 2037.97 0.0532265 197624 -0.14989 0.33008
0.000265 2422.39 0.0570337 197623 -0.105025 0.276595
0.005935 485.967 0.211496 197624 -0.00902475 1.40007
0.001105 2445.54 0.0468216 197623 -0.107047 0.274237
0.006825 348.2 0.232712 197624 0.00862876 1.96889
0.003495 2422.54 0.0219758 197624 -0.134207 0.27755
0.005615 746.51 0.178056 197625 -0.045494 0.906463
0.005295 1153.44 0.132769 197625 -0.093331 0.584519
0.006535 352.82 0.231686 197624 0.00967666 1.94162
0.007535 351.457 0.232916 197626 0.00116378 1.95113
0.000275 2422.51 0.0569797 197623 -0.105035 0.276582
0.005945 480.315 0.212258 197624 -0.00840431 1.4168
0.004735 2023.02 0.0545595 197624 -0.149066 0.332523
0.001115 2445.95 0.0466435 197623 -0.107088 0.274196
0.003505 2419.82 0.0221783 197624 -0.134287 0.277862
0.007165 348.982 0.232899 197626 0.00411408 1.96491
0.006835 348.171 0.232725 197624 0.00853959 1.96908
0.005625 736.34 0.179333 197625 -0.0440276 0.91912
0.005305 1139.8 0.134278 197625 -0.0918685 0.591561
0.007545 351.505 0.232917 197626 0.00108547 1.95087
0.006545 352.47 0.231755 197624 0.00967656 1.94363
0.000285 2422.64 0.0569237 197623 -0.105045 0.276569
0.005955 474.778 0.213 197624 -0.00753049 1.43357
0.004745 2008.06 0.0558944 197624 -0.148263 0.335006
0.001125 2446.35 0.0464643 197623 -0.107129 0.274155
0.003515 2417.09 0.0223809 197624 -0.134367 0.278176
0.007175 349.05 0.2329 197626 0.00404485 1.96453
0.006845 348.143 0.232737 197624 0.00842692 1.96926
0.005635 726.274 0.180597 197625 -0.042867 0.932003
0.005315 1126.21 0.135784 197625 -0.0903846 0.59875
0.007555 351.55 0.232917 197626 0.00100694 1.95062
0.006555 352.135 0.231821 197624 0.00967245 1.94556
0.000295 2422.77 0.0568659 197623 -0.105056 0.276556
0.005965 469.355 0.213725 197624 -0.00674398 1.45039
0.004755 1993.07 0.0572314 197624 -0.147478 0.337531
0.001135 2446.76 0.0462841 197623 -0.107171 0.274113
0.007185 349.117 0.232901 197626 0.00397461 1.96416
0.006855 348.117 0.232749 197624 0.0082868 1.96943
0.005645 716.312 0.181848 197625 -0.0412873 0.945109
0.005325 1112.67 0.137284 197625 -0.0888853 0.606091
0.007565 351.592 0.232917 197626 0.000928162 1.95039
0.000305 2422.9 0.0568061 197623 -0.105067 0.276542
0.006565 351.814 0.231883 197624 0.00966452 1.94742
0.005975 464.045 0.214431 197625 -0.00593365 1.46725
0.001145 2447.16 0.046103 197623 -0.107213 0.274072
0.004765 1978.06 0.0585706 197624 -0.146707 0.340098
0.007195 349.182 0.232902 197626 0.00390413 1.96379
0.006865 348.093 0.23276 197624 0.00812555 1.96959
0.005655 706.454 0.183087 197625 -0.040006 0.958447
0.005335 1099.17 0.138781 197625 -0.0873764 0.613586
0.000315 2423.04 0.0567445 197623 -0.105078 0.276528
0.007575 351.63 0.232917 197626 0.000849119 1.95017
0.006575 351.505 0.231942 197624 0.00965292 1.9492
0.005985 459.389 0.215119 197624 -0.00528125 1.48237
0.001155 2447.58 0.0459208 197623 -0.107255 0.27403
0.007205 349.247 0.232904 197626 0.00383298 1.96343
0.004775 1963.02 0.0599121 197624 -0.145949 0.342709
0.006875 348.069 0.23277 197624 0.00796495 1.96974
0.005665 696.701 0.184311 197625 -0.0386618 0.972018
0.005345 1085.73 0.140272 197625 -0.0858633 0.621239
0.007585 351.665 0.232917 197626 0.000769785 1.94998
0.006585 351.21 0.231998 197624 0.00963784 1.95092
0.001545 2464.88 0.0381579 197623 -0.10943 0.272275
0.006165 395.862 0.224537 197624 0.00448051 1.72504
0.006595 350.926 0.232051 197624 0.00961976 1.95257
0.001555 2465.35 0.0379447 197623 -0.109492 0.272227
0.001845 2487.52 0.0315499 197624 -0.111416 0.269923
0.000795 2434.32 0.0517792 197623 -0.105991 0.27538
0.006605 350.704 0.232101 197624 0.00959855 1.95387
0.006175 393.412 0.22491 197624 0.00482374 1.73601
0.001565 2465.82 0.0377309 197624 -0.109553 0.27218
0.001855 2488.47 0.0313235 197624 -0.111489 0.269824
0.006615 350.493 0.232148 197624 0.00957551 1.95511
0.000805 2434.64 0.0516381 197623 -0.106019 0.275347
0.006185 391.035 0.22527 197624 0.00515216 1.74679
0.001575 2466.29 0.0375165 197624 -0.109613 0.272132
0.001865 2489.43 0.0310968 197624 -0.111561 0.269725
0.004315 2210.66 0.0379811 197624 -0.129945 0.304168
0.006195 388.731 0.225617 197624 0.00546505 1.75736
0.000815 2434.96 0.0514956 197623 -0.106047 0.275314
0.006625 350.292 0.232193 197624 0.00954955 1.9563
0.001585 2466.76 0.0373016 197624 -0.109674 0.272084
0.001875 2490.38 0.0308698 197624 -0.111635 0.269626
0.002085 2512.64 0.0260456 197624 -0.113275 0.267318
0.004325 2208.6 0.0381455 197624 -0.129648 0.304453
0.006205 386.496 0.225951 197624 0.0057703 1.76774
0.000825 2435.29 0.0513518 197623 -0.106076 0.275281
0.006635 350.1 0.232236 197624 0.00952103 1.95743
0.001595 2467.24 0.0370862 197624 -0.109733 0.272036
0.001885 2491.33 0.0306425 197624 -0.111709 0.269526
0.005015 1592.41 0.0928795 197624 -0.125632 0.422725
0.004335 2206.57 0.0383084 197624 -0.129342 0.304736
0.006215 384.573 0.226271 197624 0.00604459 1.7768
0.005995 454.849 0.215789 197624 -0.00458153 1.49742
0.001165 2447.99 0.0457377 197623 -0.107298 0.273988
0.006225 382.718 0.22658 197624 0.00631593 1.78562
0.005675 687.053 0.185523 197625 -0.0373372 0.985825
0.006005 450.422 0.21644 197624 -0.00390473 1.51239
0.007215 349.309 0.232905 197626 0.00376065 1.96308
0.006235 380.929 0.226876 197624 0.00657535 1.79421
0.001175 2448.4 0.0455536 197623 -0.107342 0.273946
0.006015 446.106 0.217073 197624 -0.00324749 1.52728
0.005685 677.511 0.186721 197625 -0.0360264 0.99987
0.007225 349.371 0.232906 197626 0.00368651 1.96274
0.004785 1947.95 0.061256 197624 -0.1452 0.345366
0.006025 441.9 0.217688 197624 -0.00261033 1.54207
0.005695 668.075 0.187904 197625 -0.0347317 1.01416
0.006245 379.203 0.22716 197624 0.0068234 1.80258
0.001185 2448.82 0.0453685 197623 -0.107386 0.273904
0.007235 349.431 0.232906 197626 0.0036099 1.96241
0.006885 348.074 0.23278 197624 0.00768252 1.96974
0.006035 437.801 0.218285 197624 -0.00199063 1.55677
0.004795 1932.85 0.0626025 197624 -0.144458 0.348071
0.005705 658.745 0.189073 197625 -0.0334537 1.02869
0.007245 349.489 0.232907 197626 0.00353089 1.96208
0.006255 377.54 0.227433 197624 0.00706016 1.81072
0.001195 2449.24 0.0451825 197623 -0.107431 0.273861
0.005355 1072.34 0.141759 197625 -0.0843502 0.629056
0.007595 351.697 0.232917 197626 0.000690132 1.94981
0.005365 1059 0.143241 197625 -0.08284 0.637039
0.007605 351.725 0.232917 197626 0.000610142 1.94965
0.005375 1045.71 0.144717 197625 -0.0813345 0.645195
0.002095 2513.73 0.0258137 197624 -0.113349 0.267205
0.007615 351.75 0.232917 197626 0.000529805 1.94951
0.000835 2435.62 0.0512066 197623 -0.106105 0.275247
0.005385 1032.48 0.146189 197625 -0.0798342 0.653528
0.006645 349.918 0.232276 197624 0.00949 1.95851
0.007625 351.771 0.232917 197626 0.000449127 1.9494
0.002105 2514.83 0.0255816 197624 -0.113423 0.267092
0.005395 1019.3 0.147654 197625 -0.0783387 0.662043
0.000845 2435.95 0.0510601 197623 -0.106134 0.275213
0.007635 351.788 0.232917 197626 0.000368139 1.9493
0.006655 349.743 0.232314 197624 0.00945651 1.95955
0.002115 2515.93 0.0253494 197624 -0.113496 0.266979
0.005405 1006.18 0.149114 197625 -0.0768475 0.670747
0.000855 2436.28 0.0509123 197623 -0.106164 0.275179
0.007645 351.803 0.232917 197626 0.000286938 1.94922
0.001895 2492.29 0.0304149 197624 -0.111784 0.269427
0.006665 349.576 0.23235 197624 0.0094206 1.96053
0.002125 2517.03 0.0251171 197624 -0.113569 0.266866
0.005415 993.106 0.150567 197625 -0.0753525 0.679645
0.000865 2436.62 0.0507632 197623 -0.106194 0.275145
0.007655 351.813 0.232917 197626 0.00020561 1.94916
0.006675 349.416 0.232384 197624 0.00938223 1.96148
0.002135 2518.13 0.0248846 197624 -0.113642 0.266754
0.001905 2493.24 0.0301871 197624 -0.11186 0.269328
0.005425 980.093 0.152014 197625 -0.0738628 0.688742
0.000875 2436.96 0.0506128 197623 -0.106225 0.27511
0.007665 351.82 0.232917 197626 0.000125638 1.94912
0.006685 349.263 0.232416 197624 0.00934168 1.96239
0.001915 2494.2 0.0299589 197624 -0.111937 0.269229
0.002145 2519.23 0.024652 197624 -0.113715 0.266641
0.005435 967.136 0.153455 197625 -0.0723768 0.698045
0.000885 2437.31 0.0504611 197623 -0.106256 0.275075
0.007675 351.824 0.232917 197626 4.10399e-05 1.9491
0.005025 1576.59 0.0942802 197624 -0.124579 0.426983
0.004345 2204.56 0.0384697 197624 -0.129028 0.305015
0.006045 433.809 0.218865 197624 -0.00138339 1.57135
0.006895 348.08 0.232789 197625 0.00743347 1.96972
0.004355 2202.58 0.0386294 197624 -0.128705 0.305291
0.005715 649.522 0.190228 197625 -0.0321929 1.04347
0.006055 429.924 0.219427 197624 -0.000780355 1.5858
0.007255 349.546 0.232908 197626 0.00344782 1.96177
0.004365 2200.63 0.0387876 197624 -0.128375 0.305564
0.006905 348.087 0.232797 197625 0.00716002 1.9697
0.006265 375.937 0.227695 197624 0.00728565 1.81864
0.006065 426.148 0.219972 197624 -0.000171902 1.60011
0.005725 640.405 0.191368 197625 -0.0309499 1.0585
0.001205 2449.66 0.0449956 197623 -0.107476 0.273819
0.007265 349.623 0.232909 197626 0.00336025 1.96133
0.004375 2198.7 0.038944 197624 -0.128037 0.305834
0.006915 348.095 0.232805 197625 0.0068822 1.96967
0.006075 422.485 0.220501 197624 0.000446301 1.61423
0.006275 374.392 0.227946 197624 0.00749964 1.82633
0.005735 631.393 0.192493 197625 -0.0297249 1.07379
0.006695 349.116 0.232446 197624 0.00929847 1.96327
0.002155 2520.32 0.0244192 197624 -0.113788 0.266528
0.000895 2437.65 0.0503081 197623 -0.106288 0.27504
0.005035 1560.74 0.0956824 197624 -0.123509 0.431335
0.006705 349.011 0.232474 197624 0.00925264 1.9639
0.002165 2521.42 0.0241863 197624 -0.113861 0.266416
0.001215 2450.08 0.0448077 197623 -0.107522 0.273776
0.000905 2438 0.0501539 197623 -0.10632 0.275004
0.007275 349.699 0.232909 197626 0.00327163 1.96091
0.002175 2522.52 0.0239534 197624 -0.113934 0.266304
0.006715 348.913 0.232501 197624 0.00920594 1.9645
0.005045 1544.87 0.0970858 197624 -0.122423 0.435784
0.001225 2450.5 0.0446189 197623 -0.107569 0.273732
0.000915 2438.36 0.0499984 197623 -0.106352 0.274968
0.002185 2523.61 0.0237203 197624 -0.114008 0.266191
0.007285 349.774 0.23291 197626 0.00317973 1.9605
0.005055 1528.97 0.0984903 197624 -0.121321 0.440333
0.001235 2450.93 0.0444293 197623 -0.107616 0.273689
0.000925 2438.71 0.0498417 197623 -0.106385 0.274932
0.002195 2524.71 0.023487 197624 -0.114082 0.266079
0.007295 349.846 0.232911 197626 0.00308643 1.96009
0.006925 348.104 0.232812 197625 0.00660921 1.96965
0.005065 1513.05 0.0998958 197624 -0.120206 0.444985
0.001245 2451.36 0.0442387 197623 -0.107664 0.273646
0.002205 2525.81 0.0232537 197624 -0.114156 0.265967
0.000935 2439.07 0.0496838 197623 -0.106418 0.274896
0.007305 349.917 0.232911 197626 0.00299277 1.9597
0.004385 2196.8 0.0390988 197624 -0.127692 0.3061
0.006935 348.112 0.232819 197625 0.00635054 1.96961
0.005075 1497.1 0.101302 197624 -0.119078 0.449744
0.002215 2526.9 0.0230203 197624 -0.114231 0.265856
0.001255 2451.79 0.0440472 197623 -0.107713 0.273602
0.000945 2439.43 0.0495246 197623 -0.106452 0.274859
0.007315 349.986 0.232912 197626 0.00289992 1.95932
0.006945 348.121 0.232826 197625 0.00611358 1.96958
0.005085 1481.13 0.102709 197624 -0.117939 0.454614
0.004395 2194.93 0.0392519 197624 -0.12734 0.306364
0.002225 2528 0.0227868 197624 -0.114307 0.265744
0.001265 2452.22 0.0438549 197623 -0.107762 0.273558
0.000955 2439.79 0.0493642 197623 -0.106486 0.274822
0.007325 350.053 0.232912 197626 0.0028088 1.95894
0.006285 372.903 0.228186 197624 0.00770166 1.83381
0.005095 1465.14 0.104117 197624 -0.11679 0.459597
0.006955 348.131 0.232832 197625 0.0059031 1.96954
0.004405 2193.09 0.0394033 197624 -0.126982 0.306623
0.002235 2529.09 0.0225532 197624 -0.114383 0.265632
0.001275 2452.65 0.0436618 197623 -0.107813 0.273514
0.005745 622.488 0.193603 197625 -0.028518 1.08934
0.007335 350.117 0.232912 197626 0.00272058 1.95858
0.006295 371.469 0.228417 197624 0.00789126 1.84108
0.005105 1449.12 0.105525 197624 -0.115634 0.464699
0.007345 350.18 0.232913 197626 0.00263448 1.95823
0.006965 348.14 0.232838 197626 0.00572468 1.9695
0.004415 2191.27 0.039553 197624 -0.12662 0.306879
0.006305 370.085 0.228638 197624 0.0080676 1.84814
0.007355 350.261 0.232913 197626 0.00255027 1.95778
0.005115 1433.08 0.106933 197624 -0.114471 0.469923
0.006975 348.149 0.232843 197626 0.00557933 1.96946
0.004425 2189.49 0.0397009 197624 -0.126253 0.307132
0.005755 613.688 0.194698 197625 -0.0273291 1.10515
0.006315 368.751 0.228849 197624 0.00823381 1.855
0.006985 348.184 0.232848 197626 0.0054247 1.96928
0.004435 2187.73 0.0398471 197624 -0.125884 0.307381
0.006325 367.603 0.229051 197624 0.00838306 1.86096
0.006995 348.219 0.232853 197626 0.00532347 1.96909
0.004445 2186.01 0.0399916 197624 -0.125513 0.307626
0.006335 366.501 0.229245 197624 0.00852396 1.86672
0.007005 348.254 0.232857 197626 0.00523011 1.96891
0.004455 2184.31 0.0401343 197624 -0.125141 0.307868
0.006345 365.441 0.22943 197624 0.00865364 1.8723
0.007015 348.288 0.232861 197626 0.00514947 1.96872
0.004465 2182.64 0.0402754 197624 -0.124771 0.308106
0.006355 364.422 0.229606 197624 0.00877262 1.87769
0.007025 348.322 0.232865 197626 0.00507602 1.96854
0.004475 2181.01 0.0404147 197624 -0.124404 0.30834
0.006365 363.442 0.229775 197624 0.00888148 1.88291
0.007035 348.355 0.232869 197626 0.00500695 1.96836
0.006375 362.498 0.229936 197624 0.00898089 1.88796
0.006385 361.59 0.23009 197624 0.00907154 1.89285
0.006395 360.714 0.230237 197624 0.00915367 1.89758
