0.007365 347.146 0.229779 163321 -0.00679971 1.62851
0.007375 346.72 0.229864 163321 -0.00656485 1.63058
0.007385 346.31 0.229946 163321 -0.00633361 1.63258
0.007395 345.915 0.230024 163321 -0.00610576 1.63451
0.007405 345.535 0.230099 163321 -0.00588101 1.63637
0.007415 345.17 0.230171 163321 -0.00565811 1.63816
0.007425 344.836 0.23024 163321 -0.00543672 1.6398
0.007435 344.516 0.230305 163321 -0.00521694 1.64138
0.007445 344.211 0.230367 163321 -0.00499745 1.64289
0.007455 343.919 0.230426 163321 -0.00477853 1.64433
0.007465 343.641 0.230482 163321 -0.00456022 1.64571
0.007475 343.378 0.230535 163321 -0.00434263 1.64702
0.007485 343.127 0.230586 163321 -0.00412575 1.64827
0.007495 342.891 0.230633 163321 -0.00390952 1.64945
0.007505 342.667 0.230678 163321 -0.00369382 1.65056
0.007515 342.457 0.23072 163321 -0.00347857 1.65161
5e-06 2007.96 0.0648659 163315 -0.308178 0.277024
1.5e-05 2007.96 0.0648662 163315 -0.308353 0.277025
0.007525 342.26 0.230759 163321 -0.00326375 1.6526
2.5e-05 2007.94 0.064867 163315 -0.308541 0.277027
3.5e-05 2007.9 0.0648681 163314 -0.308703 0.277031
4.5e-05 2007.52 0.0648695 163315 -0.308905 0.277086
5.5e-05 2007.11 0.0648713 163315 -0.309073 0.277142
0.007535 342.076 0.230796 163321 -0.00304938 1.65352
6.5e-05 2006.7 0.0648735 163315 -0.309246 0.277199
7.5e-05 2006.28 0.064876 163315 -0.309422 0.277256
8.5e-05 2005.86 0.0648788 163315 -0.309599 0.277314
9.5e-05 2005.44 0.064882 163316 -0.309774 0.277372
0.007545 341.905 0.23083 163321 -0.00283554 1.65438
0.000105 2005.01 0.0648855 163316 -0.309944 0.277432
0.000115 2004.58 0.0648893 163316 -0.310108 0.277491
0.000125 2004.14 0.0648935 163316 -0.310265 0.277552
0.000135 2003.7 0.064898 163316 -0.310414 0.277613
0.007555 341.747 0.230861 163321 -0.00262232 1.65517
0.000145 2003.25 0.0649028 163316 -0.310554 0.277674
0.000155 2002.8 0.0649079 163316 -0.310685 0.277737
0.000165 2002.34 0.0649134 163316 -0.310808 0.2778
0.000175 2001.88 0.0649191 163316 -0.310922 0.277863
0.007565 341.601 0.23089 163321 -0.00240977 1.6559
0.004485 2000.5 0.0557585 163324 -0.274011 0.277422
0.000185 2001.41 0.0649252 163316 -0.311028 0.277928
0.007575 341.467 0.230917 163321 -0.00219789 1.65657
0.004495 2001.71 0.0556149 163324 -0.27375 0.277253
0.000195 2000.94 0.0649316 163316 -0.311127 0.277993
0.004505 2002.93 0.0554717 163324 -0.27349 0.277084
0.007585 341.346 0.230941 163321 -0.00198665 1.65718
0.000205 2000.46 0.0649382 163316 -0.311219 0.278058
0.004515 2004.16 0.0553289 163324 -0.273233 0.276914
0.000215 1999.98 0.0649452 163316 -0.311307 0.278125
0.007595 341.238 0.230962 163321 -0.00177599 1.65773
0.004525 2005.39 0.0551867 163324 -0.272977 0.276743
0.000225 1999.5 0.0649524 163316 -0.311389 0.278192
0.007605 341.142 0.230981 163321 -0.00156584 1.65821
0.004535 2006.66 0.0550452 163325 -0.272737 0.276571
0.000235 1999.01 0.0649599 163316 -0.311468 0.278259
0.004545 2008.3 0.0549044 163324 -0.272526 0.276342
0.007615 341.057 0.230998 163321 -0.00135615 1.65864
0.000245 1998.52 0.0649677 163316 -0.311545 0.278328
0.004555 2009.97 0.0547645 163324 -0.272327 0.276113
0.000255 1998.02 0.0649758 163316 -0.311619 0.278396
0.007625 340.985 0.231012 163321 -0.0011469 1.659
0.004565 2011.64 0.0546256 163324 -0.272126 0.275883
0.000265 1997.51 0.0649842 163316 -0.311692 0.278466
0.004575 2013.32 0.0544879 163324 -0.271925 0.275654
0.007635 340.925 0.231024 163321 -0.00093808 1.6593
0.000275 1997.01 0.0649928 163316 -0.311764 0.278536
0.004585 2015 0.0543513 163324 -0.271723 0.275424
0.007645 340.877 0.231033 163321 -0.000729821 1.65955
0.000285 1996.49 0.0650017 163316 -0.311837 0.278607
0.004595 2016.69 0.0542162 163324 -0.271523 0.275194
0.000295 1995.98 0.0650109 163316 -0.311909 0.278678
0.007655 340.842 0.23104 163321 -0.000522188 1.65973
0.004605 2018.38 0.0540825 163324 -0.271324 0.274964
0.000305 1995.46 0.0650203 163316 -0.311982 0.27875
0.004615 2020.07 0.0539504 163324 -0.271127 0.274734
0.007665 340.818 0.231045 163321 -0.000318405 1.65985
0.000315 1994.93 0.06503 163316 -0.312056 0.278823
0.004625 2021.77 0.05382 163324 -0.270932 0.274503
0.007675 340.806 0.231047 163321 -0.000104201 1.65991
0.004635 2023.47 0.0536915 163324 -0.270742 0.274273
0.004645 2025.18 0.053565 163324 -0.270556 0.274042
0.000645 1975.68 0.0654679 163318 -0.314626 0.281507
0.004655 2026.89 0.0534406 163324 -0.270374 0.273812
0.004805 2052.67 0.0519156 163324 -0.268619 0.270383
0.000655 1975.05 0.065484 163318 -0.314689 0.281596
0.004665 2028.6 0.0533184 163324 -0.270198 0.273581
0.002885 1891.07 0.0671398 163323 -0.302538 0.293781
0.000665 1974.42 0.0655003 163318 -0.314751 0.281685
0.004675 2030.32 0.0531986 163324 -0.270029 0.27335
0.003205 1904.79 0.0663943 163323 -0.298556 0.291621
0.000675 1973.78 0.0655166 163318 -0.314811 0.281775
0.004685 2032.04 0.0530814 163324 -0.269866 0.27312
0.000685 1973.14 0.0655331 163318 -0.31487 0.281865
0.004695 2033.76 0.0529667 163324 -0.26971 0.272889
0.003215 1905.25 0.0663643 163323 -0.298425 0.291548
0.000325 1994.4 0.0650399 163316 -0.312131 0.278896
0.004815 2054.37 0.0518424 163324 -0.268584 0.27016
0.000695 1972.5 0.0655498 163318 -0.314928 0.281955
0.004705 2035.48 0.0528548 163324 -0.269563 0.272659
0.003225 1905.72 0.0663337 163323 -0.298292 0.291475
0.000965 1954.11 0.0660297 163319 -0.31605 0.284572
0.002895 1891.46 0.0671222 163323 -0.302417 0.293718
0.000705 1971.86 0.0655665 163318 -0.314984 0.282046
0.004715 2037.2 0.0527458 163324 -0.269424 0.272429
0.003235 1906.19 0.0663028 163323 -0.298158 0.291402
0.004165 1966.54 0.0600893 163323 -0.282242 0.282259
0.004825 2056.06 0.0517734 163324 -0.26856 0.269938
0.000715 1971.22 0.0655833 163318 -0.315039 0.282136
0.004725 2038.93 0.0526398 163324 -0.269293 0.2722
0.003245 1906.66 0.0662713 163323 -0.298022 0.291328
0.000335 1993.87 0.0650501 163316 -0.312207 0.27897
0.002905 1891.86 0.0671043 163323 -0.302297 0.293655
0.000725 1970.57 0.0656003 163318 -0.315093 0.282228
0.004735 2040.65 0.0525369 163324 -0.269173 0.27197
0.003255 1907.14 0.0662394 163323 -0.297884 0.291254
0.000975 1953.3 0.0660482 163319 -0.316069 0.284687
0.004835 2057.75 0.0517087 163324 -0.268548 0.269717
0.004175 1967.46 0.05997 163323 -0.282004 0.282124
0.001605 1902.78 0.0671316 163321 -0.314857 0.292146
0.000735 1969.92 0.0656173 163318 -0.315146 0.282319
0.003265 1907.62 0.066207 163323 -0.297745 0.291179
0.004745 2042.37 0.0524373 163324 -0.269062 0.271742
0.002245 1881.96 0.0676434 163322 -0.309575 0.295283
0.000745 1969.27 0.0656345 163318 -0.315198 0.282411
0.003275 1908.1 0.0661741 163323 -0.297604 0.291104
0.000345 1993.33 0.0650605 163316 -0.312284 0.279044
0.002915 1892.26 0.067086 163323 -0.302176 0.293592
0.004755 2044.1 0.0523412 163324 -0.268961 0.271513
0.004845 2059.43 0.0516485 163324 -0.268547 0.269497
0.000985 1952.5 0.0660667 163319 -0.316089 0.284803
0.004185 1968.4 0.0598493 163323 -0.281764 0.281988
0.000755 1968.62 0.0656517 163318 -0.315248 0.282503
0.003285 1908.58 0.0661407 163323 -0.297463 0.291029
0.001615 1902 0.0671457 163321 -0.314798 0.292264
0.004765 2045.82 0.0522485 163324 -0.268871 0.271286
0.005125 2099.07 0.0520381 163298 -0.2775 0.264348
0.000355 1992.79 0.0650711 163316 -0.312363 0.279119
0.000765 1967.97 0.065669 163318 -0.315298 0.282595
0.002925 1892.66 0.0670674 163323 -0.302054 0.293528
0.003295 1909.08 0.0661068 163323 -0.297321 0.290951
0.002255 1881.88 0.0676441 163322 -0.309474 0.295295
0.004775 2047.53 0.0521595 163324 -0.268791 0.271059
0.004855 2061.11 0.0515929 163324 -0.268557 0.269279
0.000995 1951.7 0.0660853 163319 -0.316109 0.284918
0.005135 2092.06 0.0521295 163324 -0.277674 0.265275
0.004195 1969.34 0.0597273 163324 -0.281523 0.281851
0.000775 1967.31 0.0656865 163318 -0.315347 0.282688
0.001625 1901.23 0.0671595 163321 -0.314737 0.292382
0.003305 1909.58 0.0660724 163323 -0.297178 0.290874
0.004785 2049.25 0.0520743 163324 -0.268723 0.270833
0.000365 1992.25 0.065082 163317 -0.312442 0.279195
0.005145 2084.69 0.0522262 163324 -0.277586 0.26621
0.002935 1893.07 0.0670485 163323 -0.301933 0.293464
0.002265 1881.8 0.0676446 163322 -0.309373 0.295306
0.000785 1966.66 0.065704 163318 -0.315395 0.282781
0.004795 2050.96 0.0519929 163324 -0.268665 0.270608
0.003315 1910.08 0.0660374 163323 -0.297033 0.290796
0.004865 2062.77 0.0515418 163324 -0.268578 0.269062
0.001005 1950.89 0.0661038 163319 -0.316129 0.285034
0.005155 2077.3 0.0523282 163324 -0.277522 0.267156
0.004205 1970.29 0.0596041 163324 -0.281279 0.281713
0.003525 1921.26 0.0651701 163323 -0.294018 0.289065
0.001925 1885.74 0.0674946 163321 -0.31249 0.294736
0.004215 1971.25 0.0594795 163324 -0.281034 0.281574
0.001285 1928.26 0.0666164 163320 -0.316109 0.288336
0.003535 1921.83 0.0651217 163323 -0.293871 0.288979
0.004225 1972.21 0.0593537 163324 -0.280786 0.281434
0.003845 1940.91 0.0632027 163323 -0.288878 0.286067
0.001935 1885.59 0.0675028 163321 -0.312415 0.294758
0.003545 1922.39 0.0650726 163323 -0.293723 0.288892
0.004235 1973.19 0.0592266 163324 -0.280537 0.281293
0.001295 1927.46 0.066634 163320 -0.316088 0.288455
0.001945 1885.45 0.0675107 163321 -0.312338 0.29478
0.003855 1941.59 0.0631249 163323 -0.288696 0.285965
0.003555 1922.96 0.0650227 163323 -0.293574 0.288804
0.004245 1974.17 0.0590983 163324 -0.280287 0.281151
0.001305 1926.65 0.0666516 163320 -0.316065 0.288574
0.003865 1942.27 0.063046 163323 -0.288513 0.285862
0.001955 1885.3 0.0675184 163321 -0.312259 0.294801
0.002565 1880.48 0.0675369 163322 -0.306072 0.295475
0.003565 1923.53 0.0649721 163323 -0.293425 0.288716
0.004255 1975.16 0.0589689 163324 -0.280035 0.281008
0.001315 1925.84 0.0666691 163320 -0.316042 0.288693
0.003875 1942.96 0.062966 163323 -0.288327 0.285758
0.001965 1885.16 0.067526 163321 -0.312179 0.294822
0.004265 1976.16 0.0588382 163324 -0.279781 0.280863
0.003575 1924.11 0.0649208 163323 -0.293276 0.288628
0.002575 1880.48 0.0675291 163322 -0.30594 0.295474
0.001975 1885.01 0.0675332 163321 -0.312096 0.294843
0.001325 1925.04 0.0666865 163320 -0.316018 0.288813
0.003885 1943.65 0.0628848 163323 -0.28814 0.285654
0.004275 1977.17 0.0587064 163324 -0.279526 0.280718
0.003585 1924.68 0.0648687 163323 -0.293125 0.288539
0.007045 374.822 0.224513 163322 -0.0163232 1.50488
0.001985 1884.87 0.0675403 163321 -0.312013 0.294863
0.002585 1880.48 0.0675211 163322 -0.305811 0.295473
0.001335 1924.23 0.0667039 163320 -0.315992 0.288932
0.003895 1944.35 0.0628024 163323 -0.287952 0.285549
0.004285 1978.19 0.0585735 163324 -0.27927 0.280572
0.003595 1925.26 0.0648157 163323 -0.292974 0.28845
0.001995 1884.73 0.0675472 163321 -0.311928 0.294884
0.002595 1880.49 0.0675127 163323 -0.305689 0.295471
0.001345 1923.43 0.0667211 163320 -0.315966 0.289051
0.007055 373.389 0.224774 163322 -0.0159349 1.5108
0.003905 1945.05 0.0627188 163323 -0.287762 0.285444
0.004295 1979.22 0.0584396 163324 -0.279012 0.280424
0.003605 1925.85 0.0647621 163323 -0.292822 0.288361
0.002005 1884.6 0.0675538 163321 -0.311842 0.294904
0.001355 1922.62 0.0667383 163320 -0.315938 0.289171
0.002605 1880.83 0.0675041 163322 -0.305598 0.295415
0.007065 371.995 0.225028 163322 -0.0155542 1.51661
0.003915 1945.75 0.0626339 163323 -0.287571 0.285338
0.003615 1926.43 0.0647076 163323 -0.292669 0.288271
0.004305 1980.26 0.0583046 163324 -0.278753 0.280276
0.002015 1884.46 0.0675602 163321 -0.311754 0.294923
0.001365 1921.82 0.0667553 163320 -0.315909 0.28929
0.002615 1881.17 0.0674951 163322 -0.305515 0.29536
0.007075 370.638 0.225274 163322 -0.0151811 1.52231
0.003925 1946.47 0.0625479 163324 -0.287381 0.285231
0.003625 1927.02 0.0646522 163323 -0.292516 0.28818
0.004315 1981.3 0.0581686 163324 -0.278494 0.280126
0.002025 1884.33 0.0675664 163322 -0.311666 0.294942
0.001375 1921.02 0.0667723 163320 -0.315878 0.289409
0.002625 1881.52 0.0674859 163322 -0.305427 0.295304
0.003935 1947.23 0.0624606 163323 -0.287192 0.285116
0.007085 369.318 0.225512 163322 -0.0148155 1.52789
0.003635 1927.62 0.0645961 163323 -0.292362 0.288089
0.004325 1982.36 0.0580317 163324 -0.278233 0.279976
0.002035 1884.2 0.0675724 163322 -0.311577 0.294961
0.001385 1920.21 0.0667892 163320 -0.315847 0.289529
0.002635 1881.87 0.0674763 163322 -0.305336 0.295248
0.003945 1948 0.0623721 163323 -0.287 0.285001
0.007095 368.034 0.225743 163322 -0.0144563 1.53336
0.003645 1928.21 0.0645391 163323 -0.292207 0.287998
0.004335 1983.42 0.0578938 163324 -0.277972 0.279824
0.002045 1884.07 0.0675781 163322 -0.311487 0.29498
0.001395 1919.41 0.066806 163320 -0.315814 0.289648
0.003955 1948.78 0.0622822 163323 -0.286804 0.284885
0.002645 1882.22 0.0674665 163322 -0.305242 0.295193
0.007105 366.785 0.225967 163322 -0.0141039 1.53872
0.003655 1928.81 0.0644813 163323 -0.292051 0.287906
0.004345 1984.5 0.0577551 163324 -0.27771 0.279671
0.002055 1883.95 0.0675836 163322 -0.311397 0.294999
0.001405 1918.61 0.0668227 163320 -0.31578 0.289767
0.003965 1949.56 0.0621912 163323 -0.286604 0.284768
0.002655 1882.56 0.0674564 163322 -0.305145 0.295137
0.007115 365.659 0.226184 163322 -0.0137636 1.54359
0.003665 1929.42 0.0644226 163323 -0.291894 0.287814
0.004355 1985.58 0.0576156 163324 -0.277447 0.279517
0.002065 1883.82 0.0675889 163322 -0.311306 0.295017
0.001415 1917.81 0.0668393 163320 -0.315744 0.289887
0.003975 1950.34 0.0620988 163323 -0.286402 0.284651
0.002665 1882.91 0.067446 163322 -0.305046 0.295081
0.005765 1528.19 0.0808471 163324 -0.227547 0.363136
0.007125 364.565 0.226395 163322 -0.0134296 1.54835
0.003675 1930.03 0.064363 163323 -0.291736 0.287721
0.004365 1986.67 0.0574754 163324 -0.277183 0.279362
0.002075 1883.7 0.0675939 163322 -0.311214 0.295034
0.003985 1951.14 0.0620051 163323 -0.286197 0.284533
0.001425 1917.01 0.0668558 163320 -0.315708 0.290006
0.002675 1883.27 0.0674353 163322 -0.304945 0.295024
0.005775 1510.1 0.082676 163324 -0.22468 0.367499
0.003685 1930.64 0.0643026 163323 -0.291578 0.287628
0.007135 363.503 0.226598 163322 -0.0131019 1.553
0.004375 1987.77 0.0573345 163324 -0.276919 0.279206
0.002085 1883.58 0.0675987 163322 -0.311122 0.295052
0.003995 1951.93 0.0619102 163323 -0.28599 0.284414
0.002685 1883.62 0.0674243 163322 -0.304842 0.294968
0.001435 1916.21 0.0668721 163320 -0.31567 0.290125
0.005785 1492.04 0.0845067 163324 -0.221786 0.371959
0.003695 1931.25 0.0642412 163323 -0.291418 0.287534
0.007145 362.472 0.226795 163322 -0.0127809 1.55755
0.004385 1988.88 0.0571929 163324 -0.276655 0.279049
0.002095 1883.46 0.0676033 163322 -0.311029 0.295069
0.002695 1883.97 0.067413 163322 -0.304736 0.294911
0.004005 1952.74 0.0618139 163323 -0.285782 0.284294
0.001445 1915.41 0.0668884 163320 -0.315631 0.290245
0.005795 1474.03 0.0863385 163324 -0.218858 0.376518
0.003705 1931.87 0.0641789 163323 -0.291257 0.28744
0.007155 361.47 0.226986 163322 -0.0124663 1.56199
0.004395 1990 0.0570508 163324 -0.27639 0.278891
0.002105 1883.35 0.0676077 163322 -0.310935 0.295085
0.004015 1953.55 0.0617163 163323 -0.285572 0.284173
0.002705 1884.33 0.0674014 163322 -0.304629 0.294854
0.001455 1914.62 0.0669045 163320 -0.315591 0.290364
0.005805 1456.06 0.0881709 163324 -0.215891 0.38118
0.003715 1932.49 0.0641157 163323 -0.291095 0.287346
0.007165 360.496 0.22717 163322 -0.0121579 1.56633
0.004405 1991.13 0.0569082 163324 -0.276125 0.278732
0.002115 1883.23 0.0676118 163322 -0.310841 0.295102
0.004025 1954.37 0.0616173 163323 -0.285361 0.284052
0.002715 1884.69 0.0673895 163322 -0.304521 0.294797
0.001465 1913.82 0.0669206 163320 -0.31555 0.290483
0.005815 1438.13 0.0900032 163324 -0.212886 0.385946
0.003725 1933.11 0.0640515 163323 -0.290932 0.28725
0.007175 359.55 0.227349 163322 -0.0118554 1.57058
0.004415 1992.27 0.0567652 163324 -0.27586 0.278572
0.002125 1883.12 0.0676157 163322 -0.310747 0.295118
0.004035 1955.19 0.061517 163323 -0.285149 0.283929
0.002725 1885.04 0.0673773 163322 -0.304411 0.29474
0.001475 1913.03 0.0669365 163320 -0.315508 0.290602
0.005825 1420.26 0.0918346 163324 -0.209846 0.390819
0.003735 1933.74 0.0639864 163323 -0.290768 0.287155
0.007185 358.63 0.227521 163322 -0.0115585 1.57472
0.004425 1993.42 0.0566218 163324 -0.275595 0.278411
0.005445 1858.7 0.0571495 163324 -0.260424 0.298489
0.002135 1883.01 0.0676193 163322 -0.310652 0.295133
0.004045 1956.02 0.0614154 163323 -0.284935 0.283806
0.002735 1885.41 0.0673648 163323 -0.304299 0.294682
0.001485 1912.23 0.0669523 163320 -0.315464 0.290721
0.005835 1402.45 0.0936645 163325 -0.206777 0.395802
0.003745 1934.37 0.0639203 163323 -0.290603 0.287059
0.007195 357.736 0.227688 163322 -0.0112661 1.57877
0.004435 1994.57 0.0564781 163324 -0.275329 0.278248
0.002145 1882.91 0.0676227 163322 -0.310556 0.295149
0.004055 1956.86 0.0613124 163323 -0.28472 0.283682
0.005455 1851.54 0.0573535 163324 -0.258911 0.299642
0.002745 1885.77 0.067352 163323 -0.304186 0.294624
0.001495 1911.44 0.066968 163320 -0.31542 0.29084
0.005845 1384.69 0.0954923 163325 -0.203686 0.400898
0.003755 1935.01 0.0638532 163323 -0.290437 0.286962
0.007205 356.868 0.22785 163322 -0.0109776 1.58272
0.004445 1995.74 0.0563342 163324 -0.275065 0.278085
0.002155 1882.8 0.0676259 163322 -0.31046 0.295164
0.004065 1957.7 0.061208 163323 -0.284504 0.283557
0.002755 1886.13 0.0673389 163323 -0.304073 0.294566
0.005465 1844.45 0.0575572 163324 -0.257321 0.300791
0.001505 1910.65 0.0669835 163320 -0.315374 0.290959
0.005855 1366.99 0.0973173 163325 -0.200582 0.406109
0.003765 1935.65 0.0637852 163323 -0.290269 0.286865
0.007215 356.089 0.228006 163322 -0.0106953 1.58629
0.004455 1996.91 0.0561902 163324 -0.2748 0.277921
0.002165 1882.7 0.0676288 163322 -0.310364 0.295178
0.004075 1958.55 0.0611023 163323 -0.284286 0.283432
0.002765 1886.5 0.0673255 163323 -0.303958 0.294507
0.005475 1837.43 0.0577601 163324 -0.255654 0.301937
0.001515 1909.85 0.0669989 163320 -0.315328 0.291078
0.005865 1349.36 0.099139 163325 -0.197472 0.411438
0.003775 1936.29 0.0637161 163323 -0.2901 0.286767
0.007225 355.334 0.228156 163322 -0.0104167 1.58977
0.004465 1998.1 0.0560462 163324 -0.274536 0.277755
0.002175 1882.6 0.0676315 163322 -0.310267 0.295193
0.004085 1959.41 0.0609952 163323 -0.284067 0.283305
0.002775 1886.87 0.0673118 163323 -0.303842 0.294448
0.001525 1909.06 0.0670142 163320 -0.31528 0.291197
0.005485 1830.5 0.0579617 163324 -0.253907 0.303078
0.005875 1331.79 0.100957 163325 -0.194364 0.41689
0.003785 1936.94 0.0636459 163323 -0.28993 0.286669
0.007235 354.602 0.228302 163322 -0.0101406 1.59316
0.004475 1999.29 0.0559023 163324 -0.274273 0.277589
0.004095 1960.28 0.0608868 163323 -0.283846 0.283178
0.002185 1882.5 0.0676339 163322 -0.310169 0.295207
0.002785 1887.24 0.0672977 163323 -0.303726 0.294389
0.001535 1908.28 0.0670294 163320 -0.315231 0.291316
0.005495 1823.66 0.0581616 163324 -0.252081 0.304213
0.005885 1314.28 0.102771 163325 -0.191266 0.422469
0.003795 1937.59 0.0635747 163323 -0.289759 0.28657
0.007245 353.893 0.228442 163322 -0.00986714 1.59645
0.004105 1961.15 0.0607769 163323 -0.283623 0.283049
0.006725 456.441 0.210857 163323 -0.0343281 1.23075
0.004115 1962.03 0.0606657 163323 -0.283398 0.28292
0.006085 995.25 0.13777 163325 -0.134713 0.558874
0.004125 1962.92 0.0605532 163323 -0.283171 0.28279
0.006735 452.423 0.211469 163323 -0.0335461 1.24187
0.006405 647.075 0.183091 163324 -0.0696068 0.863615
0.006095 982.178 0.13943 163325 -0.132205 0.566378
0.004135 1963.81 0.0604392 163323 -0.282942 0.282658
0.006745 448.479 0.212068 163323 -0.0327628 1.25298
0.001635 1900.45 0.0671733 163321 -0.314675 0.2925
0.006105 969.209 0.141077 163325 -0.129717 0.574024
0.004145 1964.71 0.060324 163323 -0.282711 0.282526
0.006415 638.766 0.18422 163324 -0.068078 0.874996
0.006755 444.612 0.212654 163323 -0.031985 1.26407
0.001645 1899.67 0.0671868 163321 -0.314611 0.292617
0.000795 1966 0.0657215 163318 -0.315442 0.282875
0.004155 1965.62 0.0602073 163323 -0.282477 0.282393
0.006115 956.344 0.14271 163325 -0.127249 0.581816
0.006425 630.554 0.185332 163324 -0.0665727 0.88654
0.006765 441.181 0.213226 163323 -0.0312981 1.27408
0.001655 1898.9 0.0672002 163321 -0.314545 0.292735
0.000805 1965.34 0.0657392 163318 -0.315488 0.282968
0.000375 1991.7 0.0650932 163317 -0.312522 0.279271
0.000815 1964.68 0.0657569 163318 -0.315534 0.283062
0.003325 1910.58 0.066002 163323 -0.296887 0.290717
0.005165 2069.88 0.0524355 163324 -0.277464 0.268111
0.000385 1991.15 0.0651045 163317 -0.312604 0.279347
0.000825 1964.01 0.0657748 163318 -0.315579 0.283156
0.002945 1893.47 0.0670292 163323 -0.301811 0.2934
0.003335 1911.09 0.065966 163323 -0.296742 0.290638
0.000395 1990.59 0.0651161 163317 -0.312686 0.279424
0.005175 2062.43 0.0525479 163324 -0.277407 0.269076
0.000835 1963.35 0.0657926 163318 -0.315623 0.283251
0.003345 1911.6 0.0659294 163323 -0.296597 0.290559
0.002955 1893.88 0.0670095 163323 -0.301689 0.293336
0.000405 1990.04 0.0651279 163317 -0.312768 0.279502
0.000845 1962.68 0.0658106 163318 -0.315666 0.283345
0.005185 2054.96 0.0526656 163324 -0.277347 0.270052
0.003355 1912.12 0.0658923 163323 -0.296453 0.290479
0.000415 1989.47 0.0651399 163317 -0.312851 0.27958
0.002965 1894.29 0.0669895 163323 -0.301567 0.293271
0.002275 1881.72 0.0676448 163322 -0.309272 0.295317
0.000855 1962.02 0.0658286 163318 -0.315709 0.28344
0.003365 1912.63 0.0658547 163323 -0.29631 0.290399
0.005195 2047.47 0.0527883 163324 -0.277278 0.271038
0.000425 1988.91 0.0651521 163317 -0.312935 0.279659
0.002975 1894.7 0.0669691 163323 -0.301445 0.293206
0.000865 1961.35 0.0658466 163318 -0.315751 0.283535
0.002285 1881.65 0.0676448 163322 -0.30917 0.295327
0.003375 1913.15 0.0658165 163323 -0.296168 0.290318
0.000435 1988.34 0.0651646 163317 -0.313018 0.279738
0.005205 2039.95 0.052916 163324 -0.277194 0.272035
0.002985 1895.12 0.0669484 163323 -0.301322 0.29314
0.000875 1960.68 0.0658648 163318 -0.315792 0.283631
0.003385 1913.68 0.0657777 163323 -0.296026 0.290237
0.002295 1881.57 0.0676445 163322 -0.309068 0.295338
0.000445 1987.76 0.0651772 163317 -0.313102 0.279818
0.005215 2032.41 0.0530486 163324 -0.27709 0.273042
0.002995 1895.53 0.0669273 163323 -0.301199 0.293075
0.000885 1960.01 0.0658829 163319 -0.315831 0.283727
0.003395 1914.2 0.0657384 163323 -0.295885 0.290156
0.000455 1987.19 0.0651901 163317 -0.313185 0.279898
0.002305 1881.5 0.0676439 163322 -0.308965 0.295347
0.000895 1959.34 0.0659011 163319 -0.31587 0.283822
0.005225 2024.84 0.0531861 163324 -0.276959 0.274059
0.003005 1895.95 0.0669059 163323 -0.301076 0.293008
0.003405 1914.73 0.0656984 163323 -0.295744 0.290074
0.000465 1986.61 0.0652031 163317 -0.313269 0.279978
0.002315 1881.43 0.0676431 163322 -0.308863 0.295357
0.004875 2064.43 0.0514955 163324 -0.26861 0.268846
0.000905 1958.66 0.0659194 163319 -0.315908 0.283919
0.005235 2017.25 0.0533283 163324 -0.276796 0.275087
0.003015 1896.37 0.0668841 163323 -0.300953 0.292942
0.003415 1915.26 0.0656579 163323 -0.295603 0.289992
0.000475 1986.03 0.0652164 163317 -0.313352 0.28006
0.002325 1881.37 0.067642 163322 -0.308759 0.295366
0.000915 1957.99 0.0659377 163319 -0.315944 0.284015
0.004885 2066.07 0.0514541 163324 -0.268654 0.268633
0.005245 2009.65 0.0534752 163324 -0.276596 0.276125
0.003025 1896.79 0.0668619 163323 -0.300829 0.292875
0.001015 1950.09 0.0661224 163319 -0.316148 0.28515
0.003425 1915.79 0.0656168 163323 -0.295462 0.28991
0.000485 1985.44 0.0652298 163317 -0.313435 0.280141
0.002335 1881.3 0.0676407 163322 -0.308656 0.295375
0.000925 1957.31 0.065956 163318 -0.315967 0.284112
0.004895 2067.71 0.0514175 163324 -0.26871 0.26842
0.005255 2002.02 0.0536266 163324 -0.276354 0.277174
0.003035 1897.22 0.0668393 163323 -0.300705 0.292808
0.001025 1949.29 0.0661409 163319 -0.316166 0.285266
0.003435 1916.33 0.065575 163323 -0.29532 0.289827
0.000495 1984.85 0.0652435 163317 -0.313517 0.280223
0.002345 1881.24 0.0676391 163322 -0.308552 0.295383
0.000935 1956.51 0.0659744 163319 -0.315995 0.284227
0.004905 2069.33 0.0513859 163324 -0.268778 0.26821
0.003045 1897.65 0.0668164 163323 -0.300581 0.292741
0.005265 1994.39 0.0537824 163324 -0.276065 0.278232
0.003445 1916.86 0.0655326 163323 -0.295177 0.289744
0.001035 1948.48 0.0661595 163319 -0.316184 0.285383
0.000505 1984.26 0.0652573 163317 -0.313598 0.280306
0.002355 1881.18 0.0676373 163322 -0.308447 0.295392
0.000945 1955.71 0.0659928 163319 -0.316013 0.284342
0.004915 2070.94 0.0513594 163324 -0.268859 0.268001
0.003055 1898.08 0.066793 163323 -0.300456 0.292673
0.005275 1986.74 0.0539424 163324 -0.275726 0.2793
0.003455 1917.4 0.0654896 163323 -0.295035 0.28966
0.000515 1983.66 0.0652713 163317 -0.313679 0.280389
0.001045 1947.68 0.0661781 163319 -0.3162 0.285499
0.002365 1881.12 0.0676352 163322 -0.308343 0.295399
0.000955 1954.91 0.0660113 163319 -0.316031 0.284457
0.004925 2072.54 0.0513379 163324 -0.268953 0.267794
0.003065 1898.51 0.0667693 163323 -0.300331 0.292605
0.005285 1979.08 0.0541066 163324 -0.275332 0.280378
0.003465 1917.95 0.065446 163323 -0.294891 0.289576
0.000525 1983.07 0.0652854 163317 -0.313759 0.280472
0.001055 1946.87 0.0661966 163319 -0.316215 0.285616
0.002375 1881.07 0.0676328 163322 -0.308237 0.295407
0.004935 2074.13 0.0513217 163324 -0.269063 0.26759
0.003075 1898.94 0.0667452 163323 -0.300206 0.292537
0.003475 1918.49 0.0654017 163323 -0.294747 0.289492
0.005295 1971.42 0.0542748 163324 -0.274881 0.281464
0.000535 1982.47 0.0652998 163317 -0.313838 0.280556
0.001065 1946.06 0.0662152 163319 -0.316229 0.285733
0.002385 1881.01 0.0676302 163322 -0.308132 0.295414
0.004945 2075.7 0.0513107 163324 -0.269188 0.267387
0.003085 1899.38 0.0667207 163323 -0.300081 0.292469
0.003485 1919.04 0.0653567 163323 -0.294602 0.289408
0.005305 1963.76 0.0544468 163324 -0.274371 0.282559
0.000545 1981.86 0.0653143 163317 -0.313916 0.280641
0.001075 1945.26 0.0662337 163319 -0.316241 0.28585
0.002395 1880.96 0.0676273 163322 -0.308026 0.29542
0.004955 2077.25 0.051305 163324 -0.269333 0.267187
0.003095 1899.82 0.0666958 163323 -0.299956 0.2924
0.003495 1919.59 0.0653111 163323 -0.294457 0.289323
0.005315 1956.1 0.0546225 163324 -0.273799 0.283663
0.000555 1981.26 0.0653289 163317 -0.313993 0.280726
0.004965 2078.79 0.0513047 163324 -0.269497 0.266989
0.001085 1944.45 0.0662523 163319 -0.316251 0.285967
0.002405 1880.91 0.0676242 163322 -0.307919 0.295427
0.002195 1882.41 0.0676361 163322 -0.310071 0.29522
0.003105 1900.26 0.0666705 163323 -0.29983 0.29233
0.003505 1920.15 0.0652648 163323 -0.294312 0.289237
0.002795 1887.61 0.0672834 163323 -0.303609 0.29433
0.005325 1948.45 0.0548017 163324 -0.273164 0.284774
0.000565 1980.65 0.0653438 163317 -0.314068 0.280811
0.004975 2080.31 0.0513097 163324 -0.269685 0.266793
0.001095 1943.64 0.0662708 163319 -0.31626 0.286084
0.002415 1880.87 0.0676208 163322 -0.307811 0.295433
0.003115 1900.7 0.0666448 163323 -0.299704 0.292261
0.003515 1920.7 0.0652178 163323 -0.294165 0.289151
0.002205 1882.31 0.0676381 163322 -0.309973 0.295234
0.005335 1940.8 0.0549843 163324 -0.272466 0.285892
0.002805 1887.99 0.0672687 163323 -0.303492 0.29427
0.000575 1980.03 0.0653588 163317 -0.314143 0.280897
0.004985 2081.81 0.0513202 163324 -0.269899 0.2666
0.001105 1942.83 0.0662893 163319 -0.316266 0.286202
0.002425 1880.82 0.0676171 163322 -0.307703 0.295438
0.003125 1901.15 0.0666187 163323 -0.299578 0.292191
0.005895 1296.84 0.10458 163325 -0.188182 0.428177
0.001545 1907.49 0.0670444 163321 -0.315181 0.291435
0.003135 1901.59 0.0665921 163323 -0.299451 0.292121
0.005505 1816.92 0.0583591 163324 -0.250175 0.30534
0.005905 1279.46 0.106384 163325 -0.185117 0.434021
0.001555 1906.7 0.0670593 163321 -0.31513 0.291553
0.003145 1902.04 0.0665652 163323 -0.299325 0.29205
0.003805 1938.25 0.0635025 163323 -0.289586 0.28647
0.005915 1262.15 0.108182 163325 -0.182073 0.440004
0.005515 1810.28 0.0585539 163324 -0.248194 0.306459
0.001565 1905.91 0.0670741 163321 -0.315078 0.291672
0.003155 1902.5 0.0665378 163323 -0.299198 0.29198
0.007255 353.207 0.228578 163322 -0.00959619 1.59965
0.003815 1938.91 0.0634292 163323 -0.289411 0.286371
0.005925 1244.9 0.109975 163325 -0.179052 0.446133
0.005525 1803.75 0.0587454 163324 -0.24614 0.307568
0.001575 1905.13 0.0670887 163321 -0.315025 0.291791
0.003165 1902.95 0.06651 163323 -0.299071 0.291908
0.007265 352.543 0.228709 163322 -0.0093277 1.60276
0.003825 1939.57 0.0633548 163323 -0.289235 0.28627
0.005935 1227.71 0.111763 163325 -0.176054 0.452411
0.006125 943.583 0.144328 163325 -0.124803 0.589757
0.005535 1797.33 0.0589331 163324 -0.24402 0.308666
0.001585 1904.35 0.0671032 163321 -0.31497 0.291909
0.003175 1903.41 0.0664817 163323 -0.298943 0.291837
0.005945 1210.59 0.113543 163325 -0.173077 0.458846
0.007275 351.9 0.228835 163322 -0.00906168 1.60578
0.003835 1940.24 0.0632793 163323 -0.289057 0.286169
0.005545 1791.03 0.0591165 163324 -0.241843 0.309751
0.006135 930.926 0.145932 163325 -0.122382 0.59785
0.001595 1903.56 0.0671175 163321 -0.314914 0.292027
0.006775 437.823 0.213785 163323 -0.0305957 1.28404
0.006435 622.438 0.186425 163324 -0.0650898 0.89825
0.001665 1898.13 0.0672135 163321 -0.314476 0.292852
0.006445 614.418 0.187501 163324 -0.0636309 0.910129
0.005345 1933.18 0.0551699 163324 -0.271703 0.287017
0.002215 1882.22 0.0676398 163322 -0.309874 0.295246
0.006455 606.492 0.18856 163324 -0.0621302 0.922178
0.001675 1897.36 0.0672265 163321 -0.314405 0.29297
0.005355 1925.57 0.0553585 163324 -0.270875 0.288148
0.002815 1888.37 0.0672537 163323 -0.303374 0.29421
0.002225 1882.13 0.0676412 163322 -0.309775 0.295259
0.006465 598.672 0.189602 163325 -0.0605908 0.934388
0.005365 1917.98 0.0555499 163324 -0.269982 0.289285
0.004995 2083.29 0.0513361 163324 -0.270142 0.26641
0.001685 1896.59 0.0672395 163321 -0.314331 0.293087
0.002235 1882.05 0.0676425 163322 -0.309675 0.295271
0.002825 1888.75 0.0672384 163323 -0.303255 0.29415
0.006475 591.837 0.190626 163324 -0.0594611 0.945331
0.005375 1910.43 0.0557437 163324 -0.269023 0.290426
0.001695 1895.83 0.0672522 163321 -0.314255 0.293204
0.001115 1942.02 0.0663078 163319 -0.316271 0.28632
0.000585 1979.42 0.0653739 163317 -0.314216 0.280983
0.001705 1895.06 0.0672648 163321 -0.314176 0.29332
0.002435 1880.78 0.0676131 163322 -0.307595 0.295444
0.001125 1941.21 0.0663263 163319 -0.316275 0.286437
0.005955 1193.52 0.115318 163325 -0.170119 0.465443
0.001715 1894.3 0.0672772 163321 -0.314093 0.293436
0.000595 1978.8 0.0653892 163317 -0.314288 0.281069
0.002445 1880.74 0.0676089 163322 -0.307485 0.295449
0.001135 1940.4 0.0663447 163319 -0.316276 0.286555
0.007285 351.278 0.228956 163322 -0.00879828 1.60872
0.005965 1176.52 0.117085 163325 -0.167178 0.472209
0.001725 1893.54 0.0672894 163321 -0.314006 0.293552
0.002455 1880.71 0.0676044 163322 -0.307375 0.295453
0.001145 1939.59 0.0663631 163319 -0.316275 0.286673
0.000605 1978.18 0.0654047 163317 -0.314358 0.281156
0.005975 1159.57 0.118845 163325 -0.164248 0.479149
0.007295 350.676 0.229073 163322 -0.00853766 1.61157
0.003185 1903.86 0.066453 163323 -0.298815 0.291765
0.001735 1892.79 0.0673015 163321 -0.313916 0.293668
0.001155 1938.79 0.0663815 163319 -0.316273 0.286792
0.002465 1880.67 0.0675996 163322 -0.307263 0.295457
0.000615 1977.56 0.0654203 163318 -0.314427 0.281243
0.005985 1142.69 0.120598 163325 -0.161327 0.486271
0.007305 350.095 0.229186 163322 -0.00828 1.61433
0.005555 1784.85 0.0592954 163324 -0.239619 0.310823
0.001165 1937.98 0.0663999 163319 -0.316269 0.28691
0.002475 1880.64 0.0675946 163322 -0.30715 0.295461
0.001745 1892.04 0.0673134 163321 -0.313822 0.293783
0.003195 1904.32 0.0664239 163323 -0.298686 0.291693
0.005995 1125.87 0.122343 163325 -0.158406 0.493581
0.007315 349.533 0.229295 163322 -0.00802497 1.61701
0.000625 1976.94 0.065436 163318 -0.314495 0.281331
0.001175 1937.17 0.0664182 163319 -0.316264 0.287028
0.006145 918.373 0.147521 163325 -0.119989 0.606099
0.006785 434.535 0.21433 163323 -0.0299087 1.29394
0.001185 1936.36 0.0664365 163320 -0.316256 0.287147
0.005005 2084.74 0.0513574 163324 -0.270419 0.266224
0.006155 905.924 0.149095 163325 -0.117626 0.614508
0.006485 585.104 0.191632 163324 -0.0581814 0.956371
0.006795 431.317 0.214863 163323 -0.0292369 1.30378
0.001195 1935.55 0.0664547 163320 -0.316248 0.287265
0.006165 893.577 0.150654 163325 -0.115295 0.623081
0.002835 1889.13 0.0672228 163323 -0.303136 0.294089
0.005015 2086.17 0.0513843 163324 -0.270732 0.26604
0.006805 428.166 0.215383 163323 -0.0285805 1.31357
0.001205 1934.74 0.0664729 163320 -0.316237 0.287384
0.006495 578.467 0.192621 163324 -0.0569298 0.967508
0.006175 881.331 0.152198 163325 -0.112995 0.631823
0.002845 1889.51 0.0672069 163323 -0.303017 0.294028
0.005025 2087.58 0.0514166 163324 -0.271087 0.26586
0.006815 425.081 0.21589 163323 -0.0279385 1.32328
0.001215 1933.93 0.066491 163320 -0.316226 0.287503
0.006505 571.924 0.193591 163324 -0.0557008 0.978742
0.006185 869.186 0.153727 163325 -0.110729 0.640738
0.002855 1889.9 0.0671906 163323 -0.302898 0.293966
0.006825 422.062 0.216385 163323 -0.0273099 1.33294
0.001225 1933.12 0.0665091 163320 -0.316212 0.287621
0.005035 2088.95 0.0514544 163324 -0.271487 0.265685
0.006515 565.473 0.194545 163324 -0.0544978 0.990073
0.006195 857.14 0.155239 163325 -0.108495 0.649833
0.002865 1890.29 0.067174 163323 -0.302778 0.293905
0.006835 419.106 0.216868 163323 -0.0266937 1.34252
0.001235 1932.31 0.0665271 163320 -0.316198 0.28774
0.005045 2090.29 0.0514977 163324 -0.271937 0.265513
0.006525 559.114 0.195481 163324 -0.05332 1.0015
0.006205 845.192 0.156737 163325 -0.106292 0.659112
0.002875 1890.68 0.0671571 163323 -0.302658 0.293843
0.006845 416.213 0.217338 163323 -0.0260888 1.35204
0.001245 1931.5 0.0665451 163320 -0.316182 0.287859
0.006535 552.844 0.196401 163324 -0.052167 1.01303
0.006215 833.34 0.158218 163325 -0.10412 0.668581
0.005385 1902.9 0.0559399 163324 -0.267998 0.291571
0.006225 821.584 0.159683 163325 -0.101976 0.678245
0.002485 1880.61 0.0675893 163322 -0.307037 0.295464
0.005395 1895.42 0.0561381 163324 -0.266907 0.29272
0.006235 809.923 0.161132 163325 -0.09986 0.688111
0.002495 1880.59 0.0675837 163322 -0.306922 0.295467
0.005565 1778.8 0.0594694 163324 -0.237361 0.31188
0.005405 1887.97 0.056338 163324 -0.265749 0.293872
0.006245 798.357 0.162565 163325 -0.0977667 0.698184
0.006005 1109.11 0.12408 163325 -0.155489 0.501086
0.002505 1880.56 0.0675779 163322 -0.306805 0.29547
0.005575 1772.88 0.0596384 163324 -0.235086 0.312922
0.005415 1880.57 0.0565395 163324 -0.264524 0.295025
0.006255 786.884 0.163981 163325 -0.0956974 0.70847
0.002515 1880.54 0.0675717 163322 -0.306688 0.295472
0.006015 1092.41 0.125809 163325 -0.152324 0.508793
0.005585 1767.09 0.0598024 163324 -0.23281 0.313948
0.005425 1873.22 0.0567421 163324 -0.263228 0.29618
0.006265 775.504 0.165381 163325 -0.0935177 0.718975
0.002525 1880.52 0.0675653 163322 -0.306568 0.295473
0.006025 1075.84 0.127528 163330 -0.149309 0.516699
0.005595 1761.44 0.0599615 163324 -0.230551 0.314958
0.006275 764.242 0.166764 163327 -0.091243 0.729693
0.005435 1865.93 0.0569455 163324 -0.261862 0.297335
0.002535 1880.51 0.0675586 163322 -0.306447 0.295474
0.006035 1062.13 0.129267 163325 -0.147397 0.523401
0.005605 1755.91 0.0601159 163324 -0.228328 0.315951
0.006285 754.601 0.16813 163324 -0.0897542 0.739118
0.002545 1880.5 0.0675517 163322 -0.306324 0.295475
0.006045 1048.56 0.130993 163325 -0.144834 0.530231
0.006295 745.077 0.169478 163324 -0.0878803 0.748683
0.005615 1750.51 0.0602662 163324 -0.22616 0.316928
0.002555 1880.49 0.0675444 163322 -0.306199 0.295475
0.001755 1891.29 0.0673251 163321 -0.313724 0.293898
0.007325 349.02 0.229399 163322 -0.00777334 1.61947
0.000635 1976.31 0.0654519 163318 -0.314561 0.281419
0.007335 348.525 0.2295 163322 -0.00752536 1.62185
0.005055 2091.59 0.0515464 163324 -0.272441 0.265346
0.007345 348.048 0.229597 163322 -0.00728012 1.62415
0.001255 1930.69 0.066563 163320 -0.316166 0.287978
0.006855 413.382 0.217797 163323 -0.0254948 1.36148
0.006545 546.663 0.197303 163324 -0.0510377 1.02466
0.001265 1929.88 0.0665809 163320 -0.316148 0.288097
0.006055 1035.08 0.132707 163325 -0.142298 0.53719
0.006865 410.61 0.218245 163323 -0.0249037 1.37085
0.006305 735.657 0.170807 163324 -0.0862972 0.758388
0.006555 540.568 0.198189 163324 -0.0499315 1.03638
0.001275 1929.07 0.0665987 163320 -0.316129 0.288217
0.005625 1745.24 0.0604129 163324 -0.224061 0.317887
0.006875 407.9 0.21868 163323 -0.024319 1.38014
0.006065 1021.7 0.134408 163325 -0.139762 0.544283
0.001765 1890.54 0.0673366 163321 -0.313621 0.294012
0.007355 347.588 0.229689 163321 -0.00703818 1.62637
0.006075 1008.43 0.136096 163325 -0.137235 0.551509
0.005065 2092.86 0.0516007 163324 -0.273002 0.265185
0.001775 1889.8 0.0673479 163321 -0.313513 0.294126
0.006315 726.341 0.172118 163324 -0.0843404 0.768238
0.006565 534.56 0.199059 163324 -0.0488473 1.04821
0.006885 405.498 0.219105 163323 -0.0237788 1.3885
0.006325 717.128 0.173411 163324 -0.0826697 0.778232
0.005635 1740.09 0.0605569 163324 -0.222099 0.318831
0.006575 528.636 0.199912 163324 -0.0477844 1.06013
0.005075 2094.08 0.0516603 163324 -0.273625 0.265029
0.006335 708.018 0.174684 163324 -0.0809534 0.788372
0.006895 403.153 0.219518 163323 -0.0232366 1.39675
0.005645 1735.06 0.060699 163324 -0.219123 0.31976
0.006585 522.795 0.200749 163324 -0.0467407 1.07215
0.005085 2095.26 0.0517253 163324 -0.274312 0.264879
0.006345 699.01 0.17594 163324 -0.0792643 0.798661
0.001785 1889.06 0.0673591 163321 -0.313401 0.294239
0.005655 1729.73 0.0608786 163288 -0.240255 0.320679
0.006905 400.865 0.21992 163323 -0.0227044 1.4049
0.006595 517.038 0.201571 163324 -0.0457163 1.08427
0.005095 2096.38 0.0517957 163324 -0.275067 0.264735
0.006355 690.103 0.177177 163324 -0.0775973 0.8091
0.001795 1888.33 0.06737 163321 -0.313257 0.294352
0.005665 1711.45 0.0626621 163325 -0.260205 0.32418
0.006915 398.631 0.220312 163322 -0.0221829 1.41295
0.006605 511.363 0.202377 163324 -0.0446749 1.09648
0.005105 2097.45 0.0518714 163324 -0.275889 0.264598
0.006365 681.298 0.178396 163324 -0.0759535 0.819691
0.001805 1887.62 0.0673808 163323 -0.313149 0.294463
0.005675 1692.85 0.0644796 163324 -0.255255 0.327745
0.006925 396.452 0.220693 163322 -0.0216723 1.42089
0.006615 505.776 0.203167 163324 -0.0436227 1.10878
0.005115 2098.46 0.0519523 163324 -0.276818 0.264469
0.006375 672.593 0.179597 163324 -0.0743324 0.830437
0.001815 1887.45 0.0673914 163321 -0.313121 0.294486
0.005685 1674.34 0.0662948 163324 -0.251776 0.331375
0.006935 394.325 0.221064 163322 -0.0211725 1.42873
0.006625 500.885 0.203941 163323 -0.0427817 1.11978
0.006385 663.988 0.18078 163324 -0.0727342 0.841338
0.001825 1887.29 0.0674018 163321 -0.313082 0.294509
0.006635 496.079 0.2047 163323 -0.0418684 1.13081
0.005695 1655.9 0.0681091 163324 -0.248403 0.335071
0.006395 655.482 0.181944 163324 -0.071159 0.852397
0.006945 392.249 0.221424 163322 -0.0206831 1.43646
0.001835 1887.14 0.067412 163321 -0.313038 0.294532
0.006645 491.356 0.205444 163323 -0.0410444 1.14186
0.001845 1886.98 0.067422 163321 -0.31299 0.294555
0.005705 1637.52 0.0699233 163324 -0.245178 0.338839
0.006655 486.714 0.206172 163324 -0.0399756 1.15294
0.001855 1886.82 0.0674317 163321 -0.312938 0.294578
0.006955 390.224 0.221775 163322 -0.020204 1.44408
0.006665 482.154 0.206885 163323 -0.0393106 1.16403
0.005715 1619.19 0.0717386 163324 -0.242076 0.342681
0.001865 1886.67 0.0674413 163321 -0.312884 0.294601
0.006965 388.248 0.222115 163322 -0.0197347 1.45159
0.006675 477.673 0.207583 163323 -0.038398 1.17513
0.005725 1600.91 0.0735554 163324 -0.239073 0.346601
0.001875 1886.51 0.0674507 163321 -0.312825 0.294624
0.006975 386.321 0.222447 163322 -0.0192753 1.459
0.006685 473.271 0.208267 163323 -0.037568 1.18625
0.005735 1582.68 0.0753746 163324 -0.236143 0.350604
0.001885 1886.35 0.0674599 163321 -0.312764 0.294647
0.006985 384.441 0.222768 163322 -0.0188223 1.4663
0.006695 468.948 0.208935 163323 -0.0367426 1.19737
0.005745 1564.48 0.0771962 163324 -0.23326 0.354692
0.001895 1886.2 0.0674689 163321 -0.3127 0.294669
0.006995 382.608 0.223081 163322 -0.0183771 1.47349
0.006705 464.703 0.20959 163323 -0.0359279 1.2085
0.005755 1546.32 0.0790204 163324 -0.230402 0.358868
0.001905 1886.05 0.0674777 163321 -0.312632 0.294692
0.007005 380.964 0.223385 163322 -0.0179534 1.48
0.006715 460.534 0.21023 163323 -0.0351227 1.21963
0.001915 1885.89 0.0674863 163321 -0.312562 0.294714
0.007015 379.365 0.22368 163322 -0.0175344 1.4864
0.007025 377.809 0.223966 163322 -0.0171228 1.49268
0.007035 376.295 0.224243 163322 -0.0167191 1.49883
