0.002885 2144.01 0.0631912 221505 0.024071 0.353619
0.002895 2148.8 0.0625644 221505 0.0235849 0.352826
0.002905 2153.57 0.0619383 221505 0.023099 0.352039
0.002915 2158.32 0.0613129 221505 0.0226149 0.351259
0.002925 2163.13 0.0606883 221505 0.0221249 0.350472
0.002935 2167.92 0.0600644 221505 0.0216358 0.349692
0.002945 2172.7 0.0594412 221505 0.0211457 0.348918
0.002955 2177.46 0.0588187 221505 0.0206551 0.34815
0.002965 2182.2 0.058197 221505 0.0201646 0.347388
0.002975 2186.92 0.0575759 221505 0.0196747 0.346632
0.002985 2191.63 0.0569556 221505 0.0191859 0.345882
0.002995 2196.32 0.056336 221505 0.0186987 0.345138
0.003005 2200.99 0.055717 221505 0.018214 0.3444
0.003015 2205.65 0.0550988 221505 0.0177345 0.343667
0.003025 2210.26 0.0544813 221505 0.0172501 0.342944
0.003035 2214.86 0.0538644 221505 0.0167709 0.342226
0.003045 2219.44 0.0532482 221505 0.0162943 0.341514
0.003055 2224.01 0.0526327 221505 0.01582 0.340807
0.003065 2228.56 0.0520178 221505 0.015348 0.340106
0.003075 2233.1 0.0514036 221505 0.0148785 0.339409
0.003085 2237.62 0.05079 221505 0.0144114 0.338717
0.003095 2242.13 0.0501771 221505 0.0139466 0.338031
0.003105 2246.62 0.0495648 221505 0.013484 0.337349
0.003115 2251.1 0.0489532 221505 0.0130236 0.336672
0.003125 2255.57 0.0483421 221505 0.0125653 0.336
0.003135 2260.02 0.0477317 221505 0.0121089 0.335332
0.003145 2264.46 0.0471219 221505 0.0116544 0.334669
0.003155 2268.88 0.0465127 221505 0.0112016 0.33401
0.003165 2273.3 0.0459041 221505 0.0107504 0.333356
0.003175 2277.7 0.0452961 221505 0.0103008 0.332706
0.003185 2282.09 0.0446887 221505 0.00985251 0.332061
0.003195 2286.46 0.0440818 221505 0.00940556 0.33142
0.001605 1392.21 0.148088 221505 0.0703497 0.545544
0.007365 357.636 0.232917 221505 0.012115 2.14911
0.006725 357.37 0.232694 221505 0.0365252 2.15016
0.001615 1398.89 0.14742 221505 0.0701651 0.542929
0.007375 357.732 0.232917 221505 0.0117168 2.14853
0.001285 1177.8 0.168879 221505 0.0741544 0.645284
0.001625 1405.57 0.14675 221505 0.0699767 0.54034
0.006735 357.337 0.232711 221505 0.036156 2.15039
0.007385 357.819 0.232917 221505 0.0113519 2.14801
0.004165 2445.13 0.00998189 221505 -0.046657 0.309287
0.001635 1412.24 0.14608 221505 0.0697846 0.537778
0.006745 357.298 0.232726 221505 0.0357834 2.15065
0.007395 357.898 0.232917 221505 0.0109692 2.14754
0.002245 1799.36 0.104809 221505 0.0518078 0.421714
0.001645 1418.91 0.14541 221505 0.0695886 0.535243
0.004175 2443.41 0.00996128 221505 -0.0467861 0.309498
0.006755 357.253 0.23274 221505 0.035427 2.15096
0.007405 357.968 0.232917 221505 0.0105874 2.14712
0.001655 1425.57 0.144738 221505 0.069389 0.532733
0.002565 1980.33 0.0836415 221505 0.0387213 0.383021
0.004185 2441.62 0.00994653 221498 -0.0509412 0.309709
0.002255 1805.27 0.104138 221505 0.0514271 0.420328
0.006765 357.201 0.232754 221505 0.035033 2.1513
0.007415 358.03 0.232917 221505 0.0102053 2.14675
0.001295 1184.45 0.168253 221505 0.0740991 0.641647
0.001665 1432.22 0.144066 221505 0.0691856 0.53025
0.006775 357.239 0.232766 221505 0.0346422 2.15109
0.004195 2437.82 0.0101494 221505 -0.0550738 0.310192
0.002265 1811.17 0.103468 221505 0.0510443 0.418954
0.007425 358.083 0.232917 221505 0.00982337 2.14643
0.007045 357.313 0.232902 221505 0.0243658 2.15099
0.001675 1438.87 0.143394 221505 0.0689785 0.527792
0.006785 357.272 0.232778 221505 0.0342913 2.15092
0.004205 2433.95 0.010358 221505 -0.0551321 0.310677
0.002275 1817.05 0.102799 221505 0.0506593 0.417593
0.007435 358.127 0.232917 221505 0.00944123 2.14616
0.002575 1985.71 0.082991 221505 0.0382886 0.381978
0.001925 1602.07 0.126457 221505 0.0626609 0.473846
0.001305 1191.1 0.167625 221505 0.0740396 0.638047
0.007445 358.163 0.232917 221505 0.00906761 2.14595
0.006795 357.299 0.232788 221505 0.0339192 2.15078
0.004215 2430.1 0.0105659 221505 -0.0553105 0.311162
0.002285 1822.92 0.10213 221505 0.0502722 0.416244
0.001685 1445.5 0.142721 221505 0.0687677 0.525359
0.004485 2331.36 0.0158516 221505 -0.0580133 0.324144
0.006805 357.321 0.232798 221505 0.0335487 2.15068
0.007455 358.19 0.232917 221505 0.0086752 2.14579
0.004225 2426.25 0.0107732 221505 -0.0554799 0.311647
0.002295 1828.76 0.101461 221505 0.049883 0.414908
0.001695 1452.14 0.142047 221505 0.0685532 0.522951
0.002585 1991.07 0.0823411 221505 0.0378547 0.380944
0.007055 357.306 0.232903 221505 0.0239721 2.15104
0.006815 357.336 0.232807 221505 0.0331807 2.15061
0.007465 358.304 0.232917 221505 0.00828374 2.14511
0.001315 1197.77 0.166996 221505 0.073976 0.634483
0.001935 1608.45 0.125777 221505 0.0623653 0.471958
0.004235 2422.42 0.0109798 221505 -0.0556429 0.312133
0.002305 1834.59 0.100793 221505 0.0494918 0.413584
0.001705 1458.76 0.141373 221505 0.0683351 0.520568
0.006825 357.345 0.232816 221505 0.0328104 2.15057
0.004495 2327.95 0.0160331 221505 -0.0580728 0.324612
0.007475 358.41 0.232917 221505 0.00791644 2.14447
0.002595 1996.41 0.081692 221505 0.0374197 0.37992
0.007065 357.29 0.232904 221505 0.023594 2.15114
0.004245 2418.59 0.0111857 221505 -0.0557993 0.312619
0.002315 1840.41 0.100126 221505 0.0490985 0.412272
0.001715 1465.38 0.140698 221505 0.0681134 0.518209
0.006835 357.347 0.232824 221505 0.0324285 2.15057
0.007485 358.508 0.232917 221505 0.00753565 2.14388
0.001325 1204.44 0.166364 221505 0.0739082 0.630955
0.001945 1614.82 0.125098 221505 0.0620667 0.47009
0.004255 2414.78 0.011391 221505 -0.0559494 0.313104
0.002325 1846.21 0.0994588 221505 0.0487033 0.410972
0.001725 1471.98 0.140023 221505 0.0678881 0.515875
0.006845 357.343 0.232831 221505 0.0320504 2.15062
0.007495 358.598 0.232917 221505 0.00715508 2.14335
0.004505 2324.56 0.0162137 221505 -0.0581323 0.325079
0.004265 2410.98 0.0115954 221505 -0.056093 0.31359
0.002605 2001.74 0.0810437 221505 0.0369836 0.378903
0.007075 357.265 0.232905 221505 0.0232112 2.15129
0.002335 1851.99 0.0987925 221505 0.0483061 0.409684
0.001735 1478.58 0.139347 221505 0.0676592 0.513564
0.007505 358.679 0.232917 221505 0.00677355 2.14286
0.006855 357.33 0.232838 221505 0.0316664 2.15071
0.004275 2407.19 0.0117991 221505 -0.0562302 0.314076
0.001335 1211.11 0.165731 221505 0.0738363 0.627462
0.001955 1621.18 0.124418 221505 0.061765 0.46824
0.002345 1857.75 0.0981268 221505 0.0479071 0.408408
0.001745 1485.17 0.138671 221505 0.0674268 0.511277
0.007515 358.752 0.232917 221505 0.00639144 2.14242
0.006865 357.403 0.232844 221505 0.0312633 2.15029
0.004285 2403.42 0.0120019 221505 -0.0563612 0.314562
0.004515 2321.2 0.0163933 221505 -0.0581919 0.325545
0.002615 2007.05 0.080396 221505 0.0365464 0.377895
0.007085 357.231 0.232906 221505 0.022826 2.1515
0.002355 1863.5 0.0974616 221505 0.0475062 0.407143
0.006875 357.467 0.23285 221505 0.0308992 2.14992
0.007525 358.816 0.232917 221505 0.00600803 2.14204
0.001755 1491.76 0.137994 221505 0.0671908 0.509013
0.004295 2399.66 0.0122039 221505 -0.0564859 0.315047
0.001345 1217.8 0.165095 221505 0.0737601 0.624004
0.003205 2290.82 0.0434755 221505 0.00895983 0.330783
0.002365 1869.23 0.096797 221505 0.0471034 0.405889
0.004305 2395.91 0.012405 221505 -0.0566046 0.315532
0.007535 358.872 0.232917 221505 0.00563101 2.14171
0.006885 357.522 0.232855 221505 0.0305102 2.1496
0.001765 1498.33 0.137318 221505 0.0669513 0.506772
0.001965 1627.53 0.123739 221505 0.0614603 0.466408
0.004525 2317.85 0.016572 221505 -0.0582603 0.326009
0.002625 2012.35 0.0797491 221505 0.0361079 0.376896
0.007095 357.186 0.232907 221505 0.0224584 2.15177
0.002375 1874.95 0.0961331 221505 0.0466988 0.404647
0.004315 2392.18 0.0126052 221505 -0.0567173 0.316017
0.007545 358.918 0.232917 221505 0.00523681 2.14144
0.001355 1224.49 0.164459 221505 0.0736798 0.620582
0.006895 357.565 0.23286 221505 0.0301226 2.14935
0.001775 1504.89 0.13664 221505 0.0667083 0.504554
0.002385 1880.65 0.0954698 221505 0.0462925 0.403416
0.004325 2388.46 0.0128044 221505 -0.0568244 0.316502
0.007555 359.049 0.232917 221505 0.00484276 2.14066
0.001975 1633.86 0.12306 221505 0.0611525 0.464594
0.003215 2295.18 0.0428698 221505 0.00851524 0.33015
0.006905 357.599 0.232865 221505 0.0297362 2.14916
0.002395 1886.33 0.094807 221505 0.0458845 0.402196
0.001785 1511.45 0.135963 221505 0.0664618 0.502358
0.004535 2314.53 0.0167499 221505 -0.0580601 0.326472
0.002635 2017.63 0.0791029 221505 0.0356682 0.375905
0.004335 2384.76 0.0130027 221505 -0.0569259 0.316986
0.007565 359.171 0.232917 221505 0.00446592 2.13993
0.007105 357.133 0.232908 221505 0.0220555 2.1521
0.006915 357.623 0.232869 221505 0.0293531 2.14903
0.002405 1891.99 0.0941449 221505 0.0454748 0.400987
0.001365 1231.18 0.16382 221505 0.0735954 0.617194
0.001795 1517.99 0.135285 221505 0.066212 0.500185
0.001985 1640.18 0.12238 221505 0.0608419 0.462797
0.003225 2299.52 0.0422646 221505 0.00807171 0.329521
0.004345 2381.07 0.0132 221505 -0.0570223 0.317469
0.007575 359.282 0.232917 221505 0.00407807 2.13926
0.006925 357.638 0.232873 221505 0.028974 2.14895
0.002415 1897.64 0.0934835 221505 0.0450634 0.399788
0.004545 2311.07 0.016938 221492 -0.0652216 0.326935
0.001805 1524.52 0.134607 221505 0.0659586 0.498034
0.002645 2022.89 0.0784575 221505 0.0352273 0.374922
0.004355 2377.41 0.0133963 221505 -0.0571137 0.317952
0.007585 359.384 0.232917 221505 0.00368999 2.13866
0.007115 357.164 0.232909 221505 0.0216579 2.15191
0.002425 1903.27 0.0928226 221505 0.0446504 0.398601
0.006935 357.643 0.232876 221505 0.0285817 2.14893
0.001375 1237.88 0.16318 221505 0.0735068 0.613841
0.001995 1646.48 0.121701 221505 0.0605282 0.461019
0.001815 1531.05 0.133929 221505 0.0657019 0.495905
0.003235 2303.84 0.0416599 221505 0.00762917 0.328896
0.004365 2373.75 0.0135916 221505 -0.0572004 0.318434
0.007595 359.476 0.232917 221505 0.0033012 2.13811
0.002435 1908.88 0.0921624 221505 0.0442359 0.397423
0.006945 357.64 0.23288 221505 0.0281926 2.14895
0.004555 2303.33 0.0175568 221505 -0.072293 0.328045
0.002655 2028.13 0.0778128 221505 0.0347849 0.373947
0.001825 1537.56 0.13325 221505 0.0654419 0.493797
0.004375 2370.12 0.0137858 221505 -0.0572829 0.318915
0.007125 357.188 0.23291 221505 0.0212962 2.15177
0.007605 359.557 0.232917 221505 0.00291225 2.13763
0.002445 1914.48 0.0915029 221505 0.0438198 0.396256
0.006955 357.629 0.232883 221505 0.0278104 2.14903
0.001385 1244.58 0.162538 221505 0.0734141 0.610521
0.002005 1652.77 0.121022 221505 0.0602116 0.459258
0.001835 1544.06 0.132571 221505 0.0651784 0.49171
0.004385 2366.5 0.013979 221505 -0.0573614 0.319396
0.003245 2308.16 0.0410558 221505 0.00718756 0.328275
0.003525 2425.81 0.0243355 221505 -0.00477136 0.312195
0.007615 359.628 0.232917 221505 0.00252336 2.13721
0.002455 1920.06 0.090844 221505 0.0434023 0.3951
0.006965 357.609 0.232886 221505 0.0274321 2.14916
0.004565 2295.46 0.0181861 221505 -0.071914 0.329163
0.002665 2033.36 0.0771688 221505 0.0343411 0.372981
0.001845 1550.55 0.131892 221505 0.0649117 0.489644
0.004395 2362.9 0.0141711 221505 -0.0574364 0.319875
0.007135 357.203 0.232911 221505 0.0209213 2.15168
0.007625 359.688 0.232917 221505 0.00213472 2.13685
0.002465 1925.62 0.0901858 221505 0.0429833 0.393953
0.003535 2429.98 0.0237448 221505 -0.00518354 0.311653
0.001395 1251.29 0.161894 221505 0.0733173 0.607236
0.006975 357.58 0.232888 221505 0.0270508 2.14934
0.002015 1659.05 0.120343 221505 0.0598922 0.457514
0.001855 1557.03 0.131213 221505 0.0646416 0.487599
0.004405 2359.32 0.0143621 221505 -0.0575082 0.320354
0.003255 2312.46 0.0404523 221505 0.00674682 0.327658
0.007635 359.739 0.232917 221505 0.00174652 2.13655
0.002475 1931.17 0.0895283 221505 0.0425629 0.392817
0.003545 2434.14 0.0231547 221505 -0.00559421 0.311115
0.006985 357.542 0.232891 221505 0.0266684 2.14958
0.004575 2287.61 0.0188147 221505 -0.0718114 0.330287
0.002675 2038.57 0.0765256 221505 0.0338958 0.372022
0.001865 1563.5 0.130534 221505 0.0643683 0.485575
0.004415 2355.76 0.014552 221505 -0.0575771 0.320832
0.007645 359.779 0.232917 221505 0.00135907 2.13631
0.007145 357.21 0.232911 221505 0.0205289 2.15164
0.001405 1258 0.161249 221505 0.0732163 0.603984
0.002485 1936.7 0.0888714 221505 0.0421411 0.39169
0.003555 2438.29 0.0225649 221505 -0.00600351 0.31058
0.006995 357.496 0.232893 221505 0.0262855 2.14986
0.002025 1665.32 0.119665 221505 0.0595699 0.455787
0.004425 2352.21 0.0147409 221505 -0.0576437 0.321308
0.001875 1569.96 0.129855 221505 0.0640917 0.483571
0.007655 359.809 0.232917 221505 0.000972553 2.13613
0.003265 2316.76 0.0398492 221505 0.00630688 0.327045
0.004585 2279.77 0.0194425 221505 -0.0716955 0.331416
0.002495 1942.21 0.0882153 221505 0.0417179 0.390573
0.003565 2442.43 0.0219757 221505 -0.00641157 0.310047
0.007005 357.44 0.232895 221505 0.0259009 2.1502
0.002685 2043.77 0.0758832 221505 0.0334487 0.371071
0.004435 2348.69 0.0149286 221505 -0.0577083 0.321784
0.007155 357.209 0.232912 221505 0.0201427 2.15165
0.001885 1576.4 0.129175 221505 0.0638119 0.481587
0.007665 359.829 0.232917 221505 0.000593379 2.13602
0.001415 1264.71 0.160603 221505 0.0731112 0.600766
0.002035 1671.57 0.118986 221505 0.0592447 0.454077
0.002505 1947.71 0.0875598 221505 0.0412935 0.389466
0.007015 357.375 0.232897 221505 0.0255347 2.1506
0.003575 2446.57 0.0213869 221505 -0.00681849 0.309518
0.004445 2345.18 0.0151153 221505 -0.0577712 0.322258
0.003275 2321.04 0.0392467 221505 0.0058677 0.326436
0.004595 2271.94 0.0200697 221505 -0.0715751 0.33255
0.001895 1582.84 0.128496 221505 0.0635289 0.479622
0.007675 359.839 0.232917 221505 0.000193807 2.13596
0.002695 2048.95 0.0752414 221505 0.0329999 0.370128
0.007025 357.301 0.232899 221505 0.0251309 2.15105
0.003585 2450.69 0.0207986 221505 -0.00722442 0.308991
0.004455 2341.7 0.015301 221505 -0.0578329 0.322732
0.002515 1953.19 0.086905 221505 0.0408678 0.388369
0.001905 1589.26 0.127816 221505 0.0632427 0.477677
0.001425 1271.42 0.159955 221505 0.0730021 0.59758
0.007165 357.199 0.232912 221505 0.0197565 2.15172
0.007035 357.311 0.2329 221505 0.0247478 2.151
0.003595 2454.81 0.0202108 221505 -0.00762946 0.308467
0.004465 2338.23 0.0154855 221505 -0.0578936 0.323204
0.002525 1958.65 0.0862509 221505 0.0404408 0.387281
0.001915 1595.67 0.127137 221505 0.0629534 0.475752
0.003845 2492.42 0.01158 221505 -0.029292 0.303651
0.000965 973.162 0.187592 221505 0.0737586 0.78165
0.004805 2112.64 0.0330388 221505 -0.067111 0.357514
0.000325 688.191 0.211837 221505 0.0647098 1.1074
0.000975 979.206 0.187054 221505 0.0738317 0.776802
0.004815 2105.37 0.0336429 221505 -0.066776 0.358744
5e-06 651.44 0.214781 221505 0.0621824 1.1703
0.000985 985.281 0.186513 221505 0.0739011 0.77199
0.000335 690.578 0.211644 221505 0.0648504 1.10355
0.004825 2098.15 0.0342453 221505 -0.0664294 0.359977
0.003855 2492.71 0.0113471 221505 -0.0296585 0.303609
0.000645 800.806 0.202523 221505 0.0698212 0.950833
0.000995 991.385 0.185969 221505 0.0739668 0.767214
0.000345 693.043 0.211444 221505 0.0649936 1.0996
0.004835 2090.96 0.0348459 221505 -0.0660716 0.361211
0.006405 365.12 0.230765 221505 0.0469463 2.10191
0.004845 2083.81 0.0354447 221505 -0.0657029 0.362447
0.000355 695.584 0.211238 221505 0.0651391 1.09556
0.001005 997.517 0.18542 221505 0.0740294 0.762475
0.003865 2493.01 0.0111143 221505 -0.0300242 0.303566
1.5e-05 651.501 0.214776 221505 0.0621855 1.17019
0.005125 1704.01 0.0700112 221506 -0.0716102 0.443232
0.004855 2076.71 0.0360417 221505 -0.0653236 0.363684
0.000365 698.202 0.211025 221505 0.065287 1.09143
0.001015 1003.68 0.184869 221505 0.0740883 0.757773
0.000655 805.426 0.202132 221505 0.0699794 0.945349
0.004865 2069.65 0.0366367 221505 -0.0649341 0.364923
0.000375 700.896 0.210806 221505 0.0654357 1.08721
0.001025 1009.86 0.184314 221505 0.0741427 0.753109
0.006085 426.501 0.219628 221505 0.0474979 1.79229
0.003875 2493.3 0.0108814 221505 -0.0303903 0.303523
0.004875 2062.63 0.0372297 221505 -0.0645349 0.366162
2.5e-05 651.625 0.214766 221505 0.0621965 1.16997
0.006415 364.444 0.2309 221505 0.0467246 2.10596
0.000385 703.666 0.210581 221505 0.0655912 1.0829
0.001035 1016.08 0.183756 221505 0.0741934 0.748482
0.006095 422.774 0.220263 221505 0.0477889 1.8084
0.004885 2055.66 0.0378207 221505 -0.0641263 0.367402
0.000665 810.105 0.201737 221505 0.0701362 0.939859
0.005135 1684.41 0.0718273 221506 -0.0703443 0.448396
0.001045 1022.32 0.183194 221505 0.0742402 0.743893
0.000395 706.512 0.210349 221505 0.0656735 1.07851
0.004895 2048.73 0.0384096 221505 -0.0637088 0.368642
0.006105 419.165 0.220874 221505 0.0480486 1.82429
0.005445 1100.75 0.129774 221506 -0.0258209 0.68713
0.003885 2493.6 0.0106484 221505 -0.0306307 0.303481
0.001055 1028.58 0.18263 221505 0.0742831 0.739342
0.000405 709.433 0.210111 221505 0.0660397 1.07404
0.004905 2041.86 0.0389963 221505 -0.0632829 0.369882
3.5e-05 651.813 0.214751 221505 0.062213 1.16963
0.006115 415.67 0.221462 221505 0.0482764 1.83994
0.006425 363.794 0.231027 221505 0.0464733 2.10987
0.000675 814.842 0.201336 221505 0.0702915 0.934366
0.005145 1664.78 0.0736453 221506 -0.0690674 0.45369
0.005455 1084.44 0.131697 221506 -0.024211 0.697522
0.001065 1034.87 0.182062 221505 0.0743222 0.73483
0.000415 712.429 0.209866 221505 0.0659865 1.0695
0.004915 2035.03 0.0395808 221505 -0.0628488 0.371122
0.006125 412.281 0.222027 221505 0.0484723 1.85537
0.003895 2493.81 0.0104217 221498 -0.0348747 0.303439
0.005465 1068.2 0.133612 221506 -0.0226047 0.708192
0.001075 1041.18 0.181491 221505 0.0743573 0.730356
4.5e-05 652.065 0.214731 221505 0.0622351 1.16917
0.004925 2028.25 0.040163 221505 -0.0624071 0.372362
0.000425 715.5 0.209615 221505 0.0662172 1.06488
0.006135 408.995 0.22257 221505 0.0486377 1.87058
0.000685 819.635 0.200929 221505 0.0704452 0.928873
0.006435 363.314 0.231147 221505 0.0461953 2.11279
0.005155 1645.12 0.075465 221506 -0.0677789 0.459118
0.005475 1052.03 0.135519 221506 -0.021002 0.719149
0.001085 1047.51 0.180917 221505 0.0743884 0.72592
0.004935 2021.52 0.040743 221505 -0.0619581 0.3736
0.000435 718.645 0.209357 221505 0.0663738 1.06019
0.006145 405.804 0.223092 221506 0.0487975 1.8856
0.003905 2492.04 0.0104031 221505 -0.0391142 0.303657
5.5e-05 652.383 0.214706 221505 0.0622627 1.1686
0.001095 1053.87 0.18034 221505 0.0744156 0.721523
0.005485 1035.91 0.137416 221506 -0.0194032 0.730405
0.000445 721.864 0.209093 221505 0.0665363 1.05544
0.004945 2014.84 0.0413206 221505 -0.0615004 0.374838
0.006155 403.106 0.223591 221505 0.0489115 1.89851
0.000695 824.484 0.200517 221505 0.0705972 0.923381
0.006445 362.849 0.23126 221505 0.0459071 2.11563
0.001105 1060.24 0.17976 221505 0.0744387 0.717165
0.000455 725.156 0.208823 221505 0.0666984 1.05062
0.005495 1019.87 0.139305 221507 -0.0178088 0.741972
0.004955 2008.22 0.0418958 221505 -0.0610814 0.376074
0.006165 400.51 0.224071 221505 0.0490415 1.91111
0.005165 1625.44 0.0772865 221506 -0.066478 0.464686
0.003915 2490.18 0.0103905 221505 -0.0393159 0.303875
0.001115 1066.64 0.179177 221505 0.0744578 0.712845
0.000465 728.52 0.208546 221505 0.0668616 1.04574
0.005505 1003.89 0.141185 221507 -0.0162178 0.753861
0.004965 2001.65 0.0424685 221505 -0.0598312 0.377308
0.006175 398.012 0.22453 221505 0.0491503 1.92339
6.5e-05 652.768 0.214676 221505 0.0622958 1.16791
0.001125 1073.05 0.178591 221505 0.0744729 0.708564
0.000475 731.957 0.208263 221505 0.0670257 1.0408
0.005515 987.975 0.143056 221507 -0.0146214 0.766086
0.004975 1994.82 0.043062 221471 -0.074811 0.378544
0.006455 362.397 0.231366 221505 0.045611 2.1184
0.006185 395.609 0.224969 221505 0.049241 1.93536
0.000705 829.387 0.2001 221505 0.0707474 0.917893
0.001135 1079.49 0.178003 221505 0.074484 0.704322
0.000485 735.466 0.207974 221505 0.0671904 1.0358
0.005525 972.129 0.144917 221507 -0.0130414 0.778659
0.004985 1975.89 0.04482 221506 -0.0892649 0.382226
0.005175 1605.73 0.0791095 221506 -0.0651641 0.470399
0.003925 2488.33 0.0103776 221505 -0.0396421 0.304094
0.006195 393.298 0.225389 221505 0.0493128 1.94701
0.000495 739.045 0.207679 221505 0.0673557 1.03076
0.001145 1085.94 0.177412 221505 0.0744909 0.700119
0.005535 956.35 0.146769 221507 -0.0114706 0.791596
0.004995 1956.62 0.0466037 221505 -0.0872367 0.385988
7.5e-05 653.219 0.21464 221505 0.062334 1.16709
0.006465 361.957 0.231466 221505 0.0453156 2.1211
0.006205 391.074 0.22579 221505 0.0493651 1.95835
0.000505 742.696 0.207377 221505 0.0675214 1.02566
0.000715 834.344 0.199678 221505 0.0708957 0.91241
0.001155 1092.41 0.176818 221505 0.0744938 0.695954
0.005005 1937.33 0.04839 221505 -0.0861214 0.38983
0.005545 940.639 0.14861 221507 -0.0099072 0.804911
0.006215 388.935 0.226174 221505 0.0493961 1.96939
0.000515 746.415 0.207069 221505 0.0676875 1.02052
0.003935 2486.48 0.0103644 221505 -0.0399646 0.304312
0.005185 1586 0.0809339 221506 -0.0638362 0.476262
0.001165 1098.89 0.176222 221505 0.0744925 0.691828
8.5e-05 653.739 0.214599 221505 0.0623775 1.16616
0.005555 924.995 0.150441 221507 -0.00835189 0.818622
0.005015 1918.01 0.0501787 221505 -0.0849511 0.393755
0.006225 386.876 0.22654 221505 0.0494038 1.98014
0.000525 750.204 0.206755 221505 0.0678538 1.01534
0.006475 361.53 0.23156 221505 0.0450197 2.12372
0.000725 839.355 0.19925 221505 0.071042 0.906935
0.001175 1105.4 0.175623 221505 0.0744872 0.68774
0.005025 1898.68 0.0519699 221505 -0.0837764 0.397764
0.005565 909.42 0.152262 221507 -0.00680558 0.832745
0.006235 384.891 0.22689 221505 0.0493858 1.9906
0.000535 754.062 0.206435 221505 0.0680202 1.01011
0.005765 653.163 0.185513 221507 0.0222206 1.16308
0.001185 1111.91 0.175021 221505 0.0744777 0.683691
0.005195 1566.24 0.0827596 221506 -0.0624936 0.482281
0.005035 1879.32 0.0537635 221505 -0.0825947 0.401862
0.003945 2484.63 0.010351 221505 -0.0402848 0.304531
0.005575 893.912 0.154071 221507 -0.00526776 0.847299
9.5e-05 654.328 0.214552 221505 0.062426 1.1651
0.006245 382.975 0.227223 221505 0.0493525 2.00081
0.000545 757.987 0.206109 221505 0.0681865 1.00485
0.006485 361.114 0.231649 221505 0.0447199 2.12628
0.000735 844.417 0.198818 221505 0.0711863 0.901469
0.001195 1118.45 0.174417 221505 0.0744641 0.679681
0.005045 1859.94 0.0555596 221505 -0.081406 0.40605
0.005585 878.47 0.155869 221507 -0.00373478 0.862304
0.006255 381.386 0.22754 221505 0.0492962 2.00939
0.000555 761.98 0.205777 221505 0.0683526 0.999558
0.005205 1546.46 0.0845864 221506 -0.0611352 0.488464
0.001205 1124.99 0.173811 221505 0.0744463 0.675708
0.005055 1840.53 0.057358 221505 -0.0802099 0.410332
0.006265 379.865 0.227842 221505 0.0492372 2.01768
0.005595 863.096 0.157656 221507 -0.00210702 0.877782
0.005775 642.198 0.186976 221507 0.0235213 1.18315
0.003955 2482.79 0.0103373 221505 -0.0406028 0.30475
0.000565 766.039 0.205439 221505 0.0685185 0.994232
0.000105 654.986 0.2145 221505 0.0624794 1.16392
0.006495 360.71 0.231732 221505 0.0444174 2.12877
0.006275 378.407 0.228129 221505 0.0491581 2.02568
0.001215 1131.55 0.173202 221505 0.0744244 0.671774
0.005065 1821.1 0.0591589 221505 -0.0790064 0.414712
0.000745 849.531 0.19838 221505 0.0713285 0.896014
0.005605 847.8 0.159431 221510 -0.000122315 0.893753
0.000575 770.163 0.205094 221505 0.0686839 0.988878
0.005215 1526.65 0.0864141 221506 -0.0597603 0.494815
0.006285 377.009 0.228402 221505 0.0490627 2.03342
0.001225 1138.13 0.172591 221505 0.0743984 0.667877
0.005075 1801.65 0.060962 221505 -0.0777951 0.419192
0.005615 834.649 0.161192 221507 0.000824551 0.907947
0.002045 1677.8 0.118308 221505 0.0589167 0.452383
0.003965 2480.95 0.0103233 221505 -0.0409185 0.304968
0.005785 631.378 0.188417 221506 0.0248306 1.20365
0.006295 375.668 0.228662 221505 0.0489522 2.04091
0.000585 774.352 0.204744 221505 0.0688488 0.983498
0.000115 655.715 0.214442 221505 0.0625377 1.16262
0.006505 360.315 0.231811 221505 0.044106 2.13121
0.001235 1144.71 0.171978 221505 0.0743681 0.664018
0.005085 1782.17 0.0627675 221505 -0.0765758 0.423776
0.005625 821.632 0.162938 221507 0.00231088 0.922464
0.000755 854.695 0.197937 221505 0.0714683 0.890573
0.005225 1506.81 0.0882424 221506 -0.0583676 0.501343
0.006305 374.379 0.228909 221505 0.0488268 2.04815
0.000595 778.606 0.204388 221505 0.0690131 0.978095
0.003975 2479.11 0.0103091 221505 -0.0412318 0.305187
0.001245 1151.31 0.171363 221505 0.0743337 0.660197
0.005095 1762.67 0.0645752 221505 -0.0753481 0.428468
0.005635 808.736 0.164667 221507 0.00378016 0.93731
0.002055 1684.02 0.11763 221505 0.0585859 0.450706
0.005795 620.702 0.189836 221508 0.0263082 1.2246
0.000125 656.515 0.214379 221505 0.0626007 1.16119
0.006515 360.059 0.231884 221505 0.0437953 2.13282
0.006315 373.139 0.229143 221505 0.0486859 2.05516
0.000605 782.922 0.204027 221505 0.0691767 0.972673
0.001255 1157.92 0.170745 221505 0.0742951 0.656413
0.005105 1743.14 0.0663851 221505 -0.0741116 0.433272
0.005645 795.964 0.166381 221507 0.00525053 0.952492
0.000765 859.908 0.19749 221505 0.0716059 0.885145
0.005235 1486.95 0.0900713 221506 -0.0569563 0.508055
0.003985 2477.28 0.0102946 221505 -0.0415428 0.305405
0.006325 371.946 0.229365 221505 0.0485279 2.06196
0.000615 787.302 0.203659 221505 0.0693394 0.967233
0.001265 1164.54 0.170125 221505 0.0742524 0.652667
0.005115 1723.59 0.0681971 221505 -0.0728658 0.438192
0.005655 783.317 0.168077 221507 0.00671303 0.968017
0.002065 1690.23 0.116952 221505 0.0582524 0.449045
0.000135 657.387 0.214309 221505 0.0626682 1.15964
0.005805 611.333 0.191231 221506 0.0271805 1.24359
0.006525 359.814 0.231953 221505 0.0434906 2.13437
0.003285 2325.31 0.0386446 221505 0.0054292 0.325831
0.006535 359.577 0.232018 221505 0.0431771 2.13586
0.002705 2054.11 0.0746005 221505 0.0325492 0.369193
0.003295 2329.57 0.0380431 221505 0.00499133 0.325229
0.004605 2264.14 0.0206962 221505 -0.0714496 0.333691
0.006545 359.349 0.232079 221505 0.0428589 2.13731
0.002715 2059.25 0.0739602 221505 0.0320964 0.368266
0.003305 2333.82 0.0374421 221505 0.0045546 0.324631
0.006555 359.127 0.232136 221505 0.0425355 2.13871
0.003605 2458.92 0.0196234 221505 -0.00803375 0.307945
0.004615 2256.35 0.021322 221505 -0.0713186 0.334836
0.002725 2064.38 0.0733208 221505 0.0316415 0.367346
0.003315 2338.06 0.0368415 221505 0.00412238 0.324037
0.006565 358.911 0.232189 221505 0.0422069 2.14008
0.004625 2248.57 0.0219471 221505 -0.0711815 0.335988
0.003615 2463.03 0.0190366 221505 -0.00843739 0.307426
0.002735 2069.49 0.0726821 221505 0.0311843 0.366433
0.006575 358.698 0.232239 221505 0.0418722 2.14142
0.003325 2342.32 0.0362415 221505 0.00368224 0.323441
0.004635 2240.82 0.0225714 221505 -0.0710379 0.337144
0.006585 358.488 0.232286 221505 0.0415381 2.14275
0.003335 2346.57 0.0356419 221505 0.00324798 0.32285
0.002745 2074.58 0.0720441 221505 0.0307247 0.365528
0.003625 2467.12 0.0184503 221505 -0.0088405 0.30691
0.004645 2233.08 0.023195 221505 -0.0708871 0.338306
0.004475 2334.78 0.0156691 221505 -0.0579536 0.323674
0.006595 358.279 0.23233 221505 0.0411875 2.14407
0.003345 2350.81 0.0350428 221505 0.00281595 0.322261
0.002755 2079.66 0.0714069 221505 0.0302627 0.364631
0.003635 2471.21 0.0178644 221505 -0.00924318 0.306397
0.004655 2225.37 0.0238178 221505 -0.0707286 0.339473
0.006605 358.182 0.23237 221505 0.0408364 2.14472
0.003355 2355.04 0.0344441 221505 0.00238553 0.321677
0.002535 1964.09 0.0855975 221505 0.0400127 0.386202
0.003365 2359.26 0.033846 221505 0.00195665 0.321095
0.002545 1969.52 0.0849448 221505 0.0395834 0.385132
0.001435 1278.14 0.159306 221505 0.0728888 0.594428
0.003375 2363.47 0.0332482 221505 0.00152922 0.320518
0.002555 1974.93 0.0842928 221505 0.0391529 0.384072
0.007175 357.18 0.232913 221505 0.0193792 2.15183
0.006335 370.794 0.229576 221505 0.048357 2.06856
0.000625 791.742 0.203286 221505 0.0695011 0.961778
0.007185 357.153 0.232913 221505 0.0190147 2.152
0.006345 369.876 0.229775 221505 0.0481748 2.07388
0.001275 1171.16 0.169503 221505 0.0742055 0.648957
0.000635 796.244 0.202907 221505 0.0696618 0.95631
0.007195 357.117 0.232914 221505 0.0186174 2.15222
0.006355 368.998 0.229964 221505 0.0479888 2.079
0.005665 770.799 0.169757 221507 0.0081693 0.983891
0.005245 1467.07 0.0919004 221506 -0.0555252 0.514958
0.003995 2475.45 0.0102799 221505 -0.0418514 0.305623
0.000775 865.17 0.197037 221505 0.0717411 0.879734
0.002075 1696.42 0.116275 221505 0.0579161 0.4474
0.005255 1447.16 0.0937293 221506 -0.054073 0.52206
0.000145 658.331 0.214234 221505 0.0627403 1.15797
0.004005 2473.63 0.0102648 221505 -0.0421576 0.305841
0.000785 870.479 0.19658 221505 0.0718738 0.874341
0.005265 1427.23 0.095558 221506 -0.0525986 0.529369
0.002085 1702.6 0.115597 221505 0.0575771 0.445771
0.005815 602.137 0.192601 221506 0.0283387 1.26283
0.004015 2471.8 0.0102495 221505 -0.0424611 0.306059
0.000155 659.348 0.214153 221505 0.0628169 1.15617
0.000795 875.835 0.196118 221505 0.0720039 0.868966
0.002765 2084.72 0.0707704 221505 0.0297981 0.363741
0.005275 1407.28 0.0973858 221506 -0.0511006 0.536896
0.003645 2475.29 0.0172791 221505 -0.00964565 0.305886
0.002095 1708.76 0.11492 221505 0.0572354 0.444158
0.004025 2469.99 0.0102338 221505 -0.0427621 0.306277
0.003655 2479.37 0.0166944 221505 -0.0100506 0.305377
0.000805 881.237 0.195651 221505 0.0721314 0.863613
0.000165 660.439 0.214066 221505 0.0628977 1.15425
0.005825 593.108 0.193946 221506 0.0294479 1.2823
0.002775 2089.76 0.0701347 221505 0.0293311 0.362858
0.005285 1387.3 0.0992127 221506 -0.0495776 0.544647
0.003665 2483.44 0.0161102 221505 -0.0102581 0.304872
0.002105 1714.91 0.114244 221505 0.0568911 0.44256
0.004035 2468.18 0.0102179 221505 -0.0430604 0.306494
0.003675 2487.36 0.0155363 221493 -0.0168676 0.30437
0.000815 886.683 0.195179 221505 0.0722561 0.858281
0.000175 661.603 0.213974 221505 0.0629828 1.1522
0.003685 2487.79 0.0152952 221505 -0.0234719 0.304326
0.005835 584.242 0.195265 221506 0.0305259 1.30202
0.002785 2094.79 0.0694997 221505 0.0288616 0.361982
0.005295 1367.31 0.101038 221506 -0.0480282 0.552635
0.003695 2488.08 0.0150637 221505 -0.023665 0.304284
0.002115 1721.04 0.113567 221505 0.0565441 0.440977
0.004045 2466.37 0.0102017 221505 -0.0433559 0.306711
0.004665 2217.67 0.0244398 221505 -0.0705619 0.340645
0.003705 2488.37 0.0148321 221505 -0.0240511 0.304241
0.000825 892.174 0.194703 221505 0.0723781 0.852972
0.000185 662.843 0.213875 221505 0.063072 1.15003
0.005845 575.537 0.196559 221506 0.0315706 1.32197
0.006615 358.086 0.232409 221505 0.0404973 2.14535
0.003715 2488.66 0.0146004 221505 -0.0244333 0.304199
0.002795 2099.79 0.0688655 221505 0.0283896 0.361114
0.005305 1347.3 0.102861 221506 -0.0464508 0.560868
0.002125 1727.16 0.112891 221505 0.0561946 0.439409
0.004055 2464.57 0.0101852 221505 -0.0436486 0.306928
0.003725 2488.95 0.0143686 221505 -0.024814 0.304157
0.000835 897.708 0.194223 221505 0.0724972 0.847687
0.000195 664.157 0.21377 221505 0.0631654 1.14774
0.004675 2210 0.025061 221505 -0.0703863 0.341822
0.005855 566.993 0.197827 221506 0.0325875 1.34216
0.003735 2489.23 0.0141367 221505 -0.0251934 0.304115
0.002805 2104.78 0.0682321 221505 0.0279154 0.360253
0.005315 1327.28 0.104682 221506 -0.0448417 0.569357
0.006625 357.99 0.232445 221505 0.040146 2.14599
0.003745 2489.52 0.0139047 221505 -0.0255715 0.304073
0.002135 1733.26 0.112215 221505 0.0558425 0.437857
0.004065 2462.77 0.0101683 221505 -0.0439384 0.307145
0.000845 903.283 0.193738 221505 0.0726135 0.842428
0.000205 665.547 0.213659 221505 0.0632627 1.14533
0.003755 2489.81 0.0136726 221505 -0.0259484 0.304031
0.004685 2202.35 0.0256813 221505 -0.0702013 0.343005
0.005865 558.609 0.199069 221506 0.0335814 1.36257
0.002815 2109.75 0.0675994 221505 0.027439 0.359399
0.005325 1307.24 0.1065 221506 -0.0432128 0.578114
0.003765 2490.1 0.0134404 221505 -0.0263242 0.303989
0.006635 357.892 0.232478 221505 0.0397906 2.14663
0.004075 2460.98 0.0101512 221505 -0.0442252 0.307361
0.002145 1739.35 0.11154 221505 0.0554878 0.436319
0.000855 908.9 0.193248 221505 0.0727267 0.837196
0.000215 667.012 0.213542 221505 0.0633639 1.1428
0.003775 2490.39 0.0132081 221505 -0.0266988 0.303947
0.001445 1284.86 0.158655 221505 0.0727714 0.591307
0.004695 2194.72 0.0263007 221505 -0.0700065 0.344191
0.002825 2114.71 0.0669674 221505 0.0269608 0.358551
0.005875 550.385 0.200285 221506 0.0345554 1.38321
0.003785 2490.68 0.0129757 221505 -0.0270723 0.303904
0.005335 1287.18 0.108314 221506 -0.0413216 0.587151
0.006645 357.792 0.232509 221505 0.0394318 2.14729
0.004085 2459.19 0.0101337 221505 -0.0445088 0.307577
0.002155 1745.42 0.110865 221505 0.0551306 0.434795
0.000865 914.558 0.192754 221505 0.0728369 0.831991
0.000225 668.553 0.213418 221505 0.063469 1.14014
0.003795 2490.97 0.0127433 221505 -0.0274448 0.303862
0.004705 2187.11 0.0269192 221505 -0.0698012 0.345383
0.002835 2119.64 0.0663362 221505 0.026481 0.357711
0.001455 1291.58 0.158003 221505 0.07265 0.588219
0.003385 2367.67 0.032651 221505 0.00110316 0.319943
0.006655 357.688 0.232539 221505 0.0390693 2.14796
0.003805 2491.26 0.0125108 221505 -0.0278162 0.30382
0.005345 1267.17 0.110126 221513 -0.0405428 0.596477
0.005885 542.323 0.201475 221506 0.03551 1.40405
0.000875 920.255 0.192256 221505 0.0729439 0.826815
0.002165 1751.48 0.11019 221505 0.054771 0.433286
0.004095 2457.41 0.010116 221505 -0.0447893 0.307793
0.004715 2179.53 0.0275366 221505 -0.0695852 0.346579
0.003815 2491.55 0.0122782 221505 -0.0281867 0.303778
0.000235 670.171 0.213289 221505 0.0635778 1.13737
0.002845 2124.56 0.0657057 221505 0.026 0.356878
0.001465 1298.3 0.15735 221505 0.0725245 0.585163
0.006665 357.58 0.232566 221505 0.0387198 2.14866
0.003395 2371.86 0.0320542 221505 0.000678348 0.319372
0.005355 1250.23 0.112122 221506 -0.0405757 0.604577
0.005895 534.424 0.202638 221506 0.0364422 1.42509
0.003825 2491.84 0.0120455 221505 -0.0285561 0.303736
0.000885 925.99 0.191754 221505 0.0730478 0.821668
0.002175 1757.52 0.109516 221505 0.0544088 0.431792
0.004105 2455.63 0.0100978 221505 -0.0450664 0.308008
0.004725 2171.98 0.028153 221505 -0.069358 0.347779
0.002855 2129.46 0.0650759 221505 0.0255181 0.356051
0.000245 671.865 0.213153 221505 0.0636903 1.13449
0.006365 368.156 0.230143 221505 0.0477879 2.08393
0.001475 1305.02 0.156695 221505 0.072395 0.582138
0.003835 2492.13 0.0118128 221505 -0.0289246 0.303693
0.006675 357.467 0.232591 221505 0.0383407 2.14938
0.003405 2376.04 0.0314578 221505 0.000254699 0.318804
0.005365 1233.38 0.114113 221506 -0.0388249 0.612872
0.007205 357.168 0.232914 221505 0.0182195 2.15191
0.005675 758.41 0.171418 221507 0.00961342 1.00012
0.005905 526.686 0.203774 221506 0.0373461 1.44632
0.005685 746.154 0.173062 221507 0.0111264 1.01671
0.005375 1216.59 0.116097 221506 -0.0371964 0.621369
0.000895 931.764 0.191248 221505 0.0731485 0.816552
0.007215 357.212 0.232914 221505 0.0178614 2.15165
0.005695 734.032 0.174687 221506 0.012349 1.03367
0.002185 1763.54 0.108842 221505 0.0540443 0.430311
0.005705 722.048 0.176294 221507 0.0139855 1.051
0.005385 1199.86 0.118073 221506 -0.0355569 0.630075
0.006375 367.348 0.230312 221505 0.0475783 2.08869
0.005915 519.109 0.204883 221506 0.038215 1.46773
0.005715 710.204 0.177881 221507 0.0153324 1.06871
0.007225 357.248 0.232915 221505 0.0174828 2.15143
0.000905 937.574 0.190737 221505 0.0732459 0.811467
0.006385 366.573 0.230472 221505 0.0473659 2.09327
0.005725 698.502 0.179448 221507 0.0167459 1.0868
0.002195 1769.55 0.108169 221505 0.0536774 0.428844
0.004115 2453.87 0.0100794 221505 -0.0453402 0.308222
0.005395 1183.19 0.120042 221506 -0.0339238 0.638997
0.006395 365.83 0.230623 221505 0.0471559 2.09768
0.005735 686.946 0.180996 221507 0.0181431 1.10528
0.005925 511.688 0.205966 221506 0.0390575 1.48931
0.005745 675.536 0.182523 221507 0.0195259 1.12415
0.007235 357.276 0.232915 221505 0.0171053 2.15126
0.000915 943.42 0.190223 221505 0.07334 0.806413
0.002205 1775.55 0.107496 221505 0.053308 0.427392
0.004735 2164.45 0.0287682 221505 -0.0691192 0.348984
0.002865 2134.35 0.064447 221505 0.0250367 0.355231
0.000255 673.636 0.21301 221505 0.0638063 1.13148
0.002215 1781.52 0.106824 221505 0.0529364 0.425952
0.001485 1311.74 0.15604 221505 0.0722615 0.579144
0.004745 2156.96 0.0293823 221505 -0.0688686 0.350192
0.006685 357.455 0.232615 221505 0.037966 2.1495
0.002875 2139.21 0.0638187 221505 0.0245606 0.354418
0.003415 2380.21 0.0308619 221505 -0.0001679 0.31824
0.002225 1787.49 0.106152 221505 0.0525625 0.424526
0.005405 1166.58 0.122004 221506 -0.0322953 0.648143
0.005755 664.276 0.184029 221507 0.0208872 1.14341
0.004125 2452.11 0.0100606 221505 -0.0456104 0.308436
0.005935 504.42 0.207022 221507 0.0399463 1.51108
0.007245 357.297 0.232915 221505 0.0167286 2.15114
0.004135 2450.35 0.0100415 221505 -0.0458771 0.30865
0.000925 949.302 0.189704 221505 0.0734307 0.801393
0.005945 498.054 0.208051 221506 0.0405689 1.5307
0.000265 675.484 0.212862 221505 0.0639259 1.12837
0.004145 2448.6 0.010022 221505 -0.04614 0.308863
0.007255 357.31 0.232915 221505 0.0163515 2.15106
0.004755 2149.49 0.0299952 221505 -0.0686061 0.351404
0.000935 955.217 0.189182 221505 0.0735179 0.796406
0.005955 491.856 0.209052 221506 0.0412233 1.5503
0.001495 1318.46 0.155383 221505 0.0721239 0.576182
0.004155 2446.86 0.0100021 221505 -0.0463991 0.309075
0.000275 677.409 0.212707 221505 0.0640487 1.12514
0.007265 357.315 0.232915 221505 0.015961 2.15103
0.000945 961.166 0.188656 221505 0.0736017 0.791453
0.004765 2142.05 0.0306068 221505 -0.0683314 0.35262
0.005965 485.817 0.210025 221505 0.0421002 1.56988
0.001505 1325.17 0.154725 221505 0.0719823 0.573249
0.000285 679.411 0.212546 221505 0.0641749 1.12181
0.006695 357.439 0.232637 221505 0.037619 2.14963
0.000955 967.148 0.188125 221505 0.0736819 0.786534
0.007275 357.31 0.232916 221505 0.0155782 2.15106
0.004775 2134.65 0.031217 221505 -0.0680445 0.353839
0.001515 1331.89 0.154066 221505 0.0718367 0.570348
0.005975 479.931 0.210971 221506 0.0425325 1.58945
0.000295 681.49 0.212378 221505 0.0643042 1.11836
0.003425 2384.38 0.0302664 221505 -0.000589558 0.317678
0.002235 1793.43 0.10548 221505 0.0521862 0.423114
0.000305 683.646 0.212204 221505 0.0644365 1.11481
0.005415 1150.03 0.123958 221506 -0.0306711 0.657521
0.003435 2388.53 0.0296714 221505 -0.00101039 0.31712
0.006705 357.42 0.232657 221505 0.0372564 2.14979
0.007285 357.298 0.232916 221505 0.015194 2.15114
0.003445 2392.67 0.0290767 221505 -0.0014305 0.316565
0.004785 2127.27 0.0318257 221505 -0.0677454 0.355061
0.006715 357.397 0.232676 221505 0.0368922 2.14996
0.001525 1338.61 0.153405 221505 0.0716872 0.567476
0.007295 357.371 0.232916 221505 0.0147919 2.15069
0.005985 474.195 0.21189 221505 0.043199 1.609
0.000315 685.88 0.212024 221505 0.0645718 1.11116
0.007305 357.437 0.232916 221505 0.0144296 2.1503
0.005425 1133.54 0.125905 221506 -0.0290508 0.667139
0.005995 468.604 0.212781 221505 0.0437549 1.62851
0.003455 2396.81 0.0284826 221505 -0.00185002 0.316013
0.004795 2119.94 0.032433 221505 -0.0674342 0.356286
0.006005 463.154 0.213646 221505 0.0442831 1.648
0.001535 1345.32 0.152744 221505 0.0715337 0.564634
0.003465 2400.93 0.0278888 221505 -0.00226906 0.315464
0.007315 357.494 0.232916 221505 0.0140449 2.14996
0.005435 1117.11 0.127843 221506 -0.0274341 0.677005
0.003475 2405.05 0.0272955 221505 -0.00268776 0.314919
0.006015 457.84 0.214484 221505 0.0447765 1.66745
0.007325 357.541 0.232916 221505 0.0136605 2.14967
0.001545 1352.03 0.152082 221505 0.0713762 0.561821
0.003485 2409.16 0.0267026 221505 -0.00310558 0.314376
0.007335 357.579 0.232917 221505 0.0132755 2.14945
0.006025 452.66 0.215296 221505 0.0452367 1.68685
0.001555 1358.73 0.151418 221505 0.0712149 0.559037
0.003495 2413.26 0.0261102 221505 -0.00351864 0.313836
0.007345 357.608 0.232917 221505 0.012891 2.14928
0.006035 447.608 0.216082 221505 0.045668 1.70621
0.001565 1365.44 0.150754 221505 0.0710496 0.556282
0.003505 2417.45 0.0255182 221505 -0.00394147 0.313286
0.007355 357.627 0.232917 221505 0.0125108 2.14916
0.006045 442.68 0.216842 221506 0.0461142 1.72554
0.001575 1372.14 0.150089 221505 0.0708804 0.553556
0.003515 2421.64 0.0249266 221505 -0.00435757 0.312739
0.006055 438.435 0.217576 221505 0.0464467 1.74256
0.001585 1378.83 0.149423 221505 0.0707073 0.550857
0.006065 434.327 0.218285 221505 0.0468271 1.75936
0.001595 1385.53 0.148756 221505 0.0705304 0.548187
0.006075 430.35 0.218969 221505 0.0471764 1.77594
