0.004485 2225.13 0.0666821 370226 -0.0976373 0.568758
0.004495 2224.94 0.0666037 370226 -0.0979463 0.568793
0.004505 2224.74 0.0665268 370226 -0.0982556 0.56883
0.004515 2224.54 0.0664511 370226 -0.0985654 0.56887
0.004525 2224.32 0.0663768 370226 -0.0988756 0.568913
0.004535 2224.09 0.0663039 370226 -0.099186 0.568958
0.004545 2223.86 0.0662323 370226 -0.0994967 0.569005
0.004555 2223.61 0.0661621 370226 -0.0998077 0.569055
0.004565 2223.36 0.0660932 370226 -0.100119 0.569108
0.004575 2223.09 0.0660256 370226 -0.10043 0.569163
0.004585 2222.82 0.0659594 370226 -0.100741 0.56922
0.004595 2222.53 0.0658946 370226 -0.101053 0.56928
0.004605 2222.24 0.0658311 370226 -0.101364 0.569343
0.004615 2221.94 0.0657689 370226 -0.101676 0.569408
0.004625 2221.62 0.0657081 370226 -0.101987 0.569475
0.004635 2221.3 0.0656486 370226 -0.102299 0.569545
0.004645 2220.96 0.0655904 370226 -0.102614 0.569618
0.004655 2220.63 0.0655336 370226 -0.102922 0.569692
0.004665 2220.28 0.0654781 370226 -0.103234 0.569769
0.004675 2219.92 0.065424 370226 -0.103547 0.569848
0.001925 1721.59 0.131273 370226 -0.0151151 0.737048
0.004685 2219.55 0.0653712 370226 -0.10386 0.56993
5e-06 1083.14 0.188579 370226 -0.000270502 1.1705
0.001935 1726.03 0.130866 370226 -0.0153466 0.735156
0.004695 2219.17 0.0653197 370226 -0.104173 0.570014
1.5e-05 1083.19 0.188574 370226 -0.000271532 1.17045
0.001945 1730.47 0.130459 370226 -0.0155798 0.733277
0.004705 2218.78 0.0652695 370226 -0.104488 0.570102
2.5e-05 1083.29 0.188566 370226 -0.000272352 1.17034
0.001955 1734.89 0.130053 370226 -0.0158147 0.731412
0.004715 2218.38 0.0652207 370226 -0.104802 0.570191
3.5e-05 1083.43 0.188553 370226 -0.000273093 1.17018
0.001965 1739.31 0.129648 370226 -0.0160512 0.72956
0.004725 2217.97 0.0651732 370226 -0.105117 0.570284
4.5e-05 1083.63 0.188536 370226 -0.000273737 1.16997
0.001975 1743.71 0.129243 370226 -0.0162893 0.727721
0.004735 2217.55 0.065127 370226 -0.105432 0.570379
5.5e-05 1083.87 0.188515 370226 -0.000274258 1.16971
0.001985 1748.11 0.128839 370226 -0.016529 0.725896
0.004745 2217.12 0.0650822 370226 -0.105748 0.570477
6.5e-05 1084.16 0.188489 370226 -0.00027463 1.1694
0.001995 1752.5 0.128436 370226 -0.0167703 0.724084
0.004755 2216.68 0.0650387 370226 -0.106064 0.570577
7.5e-05 1084.5 0.18846 370226 -0.000274829 1.16903
0.002005 1756.87 0.128034 370226 -0.0170132 0.722285
0.004765 2216.23 0.0649965 370226 -0.10638 0.570681
8.5e-05 1084.89 0.188426 370226 -0.000274838 1.16861
0.005125 2191.88 0.0643251 370226 -0.117895 0.576559
0.002015 1761.24 0.127632 370226 -0.0172578 0.720499
0.004775 2215.77 0.0649556 370226 -0.106696 0.570787
9.5e-05 1085.32 0.188387 370226 -0.000274646 1.16814
0.002025 1765.59 0.127231 370226 -0.0175039 0.718726
0.004785 2215.3 0.064916 370226 -0.107013 0.570896
0.005135 2190.94 0.0643285 370226 -0.118216 0.576792
0.000105 1085.81 0.188345 370226 -0.000274244 1.16762
0.002035 1769.94 0.126831 370226 -0.0177516 0.716966
0.004795 2214.82 0.0648777 370226 -0.107331 0.571007
0.005145 2190 0.064333 370226 -0.118536 0.577028
0.000115 1086.34 0.188298 370226 -0.000273627 1.16705
0.002045 1774.27 0.126432 370226 -0.0180009 0.715219
0.005155 2189.04 0.0643385 370226 -0.118857 0.577268
0.000125 1086.92 0.188247 370226 -0.000272787 1.16642
0.002055 1778.6 0.126034 370226 -0.0182518 0.713485
0.005165 2188.07 0.064345 370226 -0.119176 0.577511
0.000135 1087.55 0.188192 370226 -0.000271721 1.16575
0.006725 1206.21 0.127451 370232 -0.0785594 1.04642
0.002065 1782.91 0.125636 370226 -0.0185042 0.711763
0.007045 623.484 0.197972 370230 -0.0148638 2.03808
0.005175 2187.09 0.0643526 370226 -0.119496 0.577757
0.000145 1088.23 0.188132 370226 -0.000270423 1.16502
0.002075 1787.21 0.12524 370226 -0.0187582 0.710054
0.006735 1179.33 0.130132 370238 -0.0753487 1.07043
0.000155 1088.96 0.188068 370226 -0.000268892 1.16424
0.005185 2186.1 0.0643611 370226 -0.119816 0.578006
0.007055 611.817 0.199476 370231 -0.0134335 2.07749
0.002085 1791.5 0.124844 370226 -0.0190137 0.708358
0.006745 1156.03 0.132863 370231 -0.0736654 1.09213
0.000165 1089.74 0.188 370226 -0.000267126 1.16341
0.005195 2185.09 0.0643706 370226 -0.120135 0.578259
0.002095 1795.78 0.124449 370226 -0.0192708 0.706675
0.007065 601.486 0.200935 370229 -0.0126524 2.11372
0.006755 1132.98 0.135567 370231 -0.071027 1.11451
0.000175 1090.56 0.187928 370226 -0.000265126 1.16253
0.005205 2184.08 0.0643811 370226 -0.120453 0.578514
0.002105 1800.04 0.124055 370226 -0.0195295 0.705004
0.007075 591.419 0.202349 370229 -0.0115936 2.15026
0.006765 1110.15 0.138242 370231 -0.0684543 1.13759
0.005765 2112.16 0.0651535 370227 -0.135611 0.597365
0.000185 1091.43 0.187851 370226 -0.000262898 1.1616
0.005215 2183.05 0.0643925 370226 -0.120771 0.578773
0.002115 1804.3 0.123662 370226 -0.0197897 0.703346
0.006775 1087.55 0.140887 370231 -0.0659063 1.16141
0.007085 581.61 0.203719 370229 -0.0105862 2.1871
0.000195 1092.35 0.18777 370226 -0.000260446 1.16062
0.005225 2182.01 0.0644047 370226 -0.121089 0.579035
0.005775 2110.95 0.06513 370227 -0.135767 0.59769
0.002125 1808.54 0.12327 370226 -0.0200514 0.7017
0.006785 1065.18 0.143501 370231 -0.063393 1.18598
0.007095 572.053 0.205044 370229 -0.0096151 2.22421
0.000205 1093.32 0.187685 370226 -0.00025778 1.15959
0.005235 2180.96 0.0644179 370226 -0.121406 0.5793
0.005785 2109.75 0.0651031 370227 -0.135919 0.598012
0.002135 1812.77 0.122879 370226 -0.0203146 0.700066
0.002245 1858.43 0.118641 370226 -0.0233086 0.682895
0.006795 1043.04 0.146084 370231 -0.0609144 1.21136
0.007105 562.744 0.206327 370229 -0.00868494 2.26159
0.000215 1094.34 0.187596 370226 -0.000254907 1.15851
0.005795 2108.56 0.0650726 370227 -0.136067 0.598332
0.005245 2179.9 0.0644319 370226 -0.121723 0.579569
0.002145 1816.98 0.122488 370226 -0.0205794 0.698445
0.006805 1021.13 0.148635 370232 -0.0584717 1.23757
0.002255 1862.5 0.118262 370226 -0.0235895 0.681405
0.007115 553.676 0.207566 370229 -0.0077611 2.29922
0.000225 1095.41 0.187502 370226 -0.000251839 1.15739
0.005805 2107.39 0.0650383 370227 -0.136209 0.598649
0.002155 1821.19 0.122099 370226 -0.0208457 0.696836
0.005255 2178.83 0.0644468 370226 -0.122039 0.579841
0.006815 999.446 0.151152 370232 -0.0560523 1.26464
0.002265 1866.56 0.117884 370226 -0.0238718 0.679927
0.007125 544.848 0.208763 370229 -0.00676788 2.33708
0.000235 1096.52 0.187404 370226 -0.000248586 1.15621
0.005815 2106.22 0.0650001 370227 -0.136346 0.598963
0.002165 1825.38 0.121711 370226 -0.0211134 0.695239
0.006825 977.99 0.153636 370232 -0.0536627 1.29263
0.005265 2177.75 0.0644624 370226 -0.122354 0.580115
0.002275 1870.6 0.117507 370226 -0.0241555 0.67846
0.007135 537.09 0.209919 370228 -0.00616528 2.37143
0.000245 1097.68 0.187302 370226 -0.000245159 1.15498
0.005825 2105.07 0.0649578 370227 -0.136476 0.599273
0.002175 1829.56 0.121323 370226 -0.0213827 0.693654
0.006835 956.761 0.156084 370232 -0.0513322 1.32156
0.005275 2176.66 0.0644789 370226 -0.122669 0.580393
0.007145 529.573 0.211032 370228 -0.00541318 2.4057
0.002285 1874.63 0.117132 370226 -0.0244406 0.677004
0.000255 1098.89 0.187196 370226 -0.000241572 1.15371
0.005835 2103.93 0.0649112 370227 -0.1366 0.59958
0.002185 1833.72 0.120937 370226 -0.0216534 0.692081
0.006845 935.759 0.158497 370232 -0.049037 1.35148
0.005285 2175.55 0.064496 370226 -0.122983 0.580675
0.007155 522.29 0.212104 370228 -0.00470483 2.43985
0.000265 1100.15 0.187085 370226 -0.00023784 1.15239
0.005845 2102.81 0.0648602 370227 -0.136717 0.599884
0.002295 1878.64 0.116757 370226 -0.0247271 0.67556
0.002195 1837.87 0.120552 370226 -0.0219257 0.690521
0.006855 914.981 0.160874 370232 -0.0465982 1.38245
0.000325 1108.7 0.186333 370226 -0.000213598 1.1435
0.005295 2174.44 0.0645139 370226 -0.123296 0.580959
0.007165 515.234 0.213136 370228 -0.00403088 2.47387
0.000275 1101.46 0.18697 370226 -0.000233981 1.15103
0.005855 2101.7 0.0648046 370227 -0.136826 0.600183
0.002305 1882.64 0.116383 370226 -0.025015 0.674127
0.002205 1842.01 0.120168 370226 -0.0221994 0.688972
0.006865 894.451 0.163214 370235 -0.0437853 1.41448
0.000335 1110.29 0.186193 370226 -0.000209496 1.14186
0.005305 2173.31 0.0645325 370226 -0.123608 0.581246
0.007175 508.399 0.214128 370228 -0.00339573 2.50774
0.000285 1102.81 0.186851 370226 -0.000230015 1.14961
0.005865 2100.61 0.0647443 370227 -0.136929 0.600477
0.002315 1886.62 0.116011 370226 -0.0253042 0.672706
0.002215 1846.14 0.119784 370226 -0.0224745 0.687435
0.006875 876.437 0.165515 370231 -0.042438 1.44385
0.000345 1111.93 0.186049 370226 -0.000205453 1.14018
0.005315 2172.18 0.0645517 370226 -0.12392 0.581537
0.007185 501.778 0.215081 370228 -0.00277716 2.54144
0.000295 1104.21 0.186728 370226 -0.000225966 1.14815
0.005875 2099.53 0.064679 370227 -0.137024 0.600767
0.002325 1890.59 0.11564 370226 -0.0255948 0.671295
0.002225 1850.25 0.119402 370226 -0.0227511 0.68591
0.006885 858.701 0.167775 370231 -0.0404216 1.47399
0.005325 2171.03 0.0645715 370226 -0.12423 0.58183
0.000355 1113.61 0.185901 370226 -0.000201497 1.13846
0.007195 495.365 0.215997 370228 -0.00220918 2.57496
0.000305 1105.66 0.186601 370226 -0.000221862 1.14665
0.005885 2098.48 0.0646085 370227 -0.137111 0.601052
0.004165 2226.24 0.0699048 370226 -0.0877749 0.568877
0.002335 1894.54 0.11527 370226 -0.0258867 0.669896
0.002235 1854.35 0.119021 370226 -0.0230291 0.684397
0.006895 841.23 0.169993 370231 -0.0384655 1.50493
0.005335 2169.87 0.0645919 370226 -0.124539 0.582127
0.000365 1115.34 0.185748 370226 -0.000197655 1.13669
0.007205 489.74 0.216875 370228 -0.00158475 2.60514
0.000315 1107.16 0.186469 370226 -0.000217729 1.1451
0.005895 2097.44 0.0645328 370227 -0.13719 0.601332
0.004805 2214.32 0.0648408 370226 -0.107648 0.571122
0.005905 2096.43 0.0644517 370227 -0.137261 0.601606
0.001605 1575.97 0.144551 370226 -0.00861052 0.804945
0.005915 2095.44 0.0643648 370227 -0.137324 0.601874
0.000965 1293.46 0.169962 370226 -0.00128879 0.980289
0.005925 2094.47 0.0642721 370227 -0.137377 0.602135
0.004815 2213.82 0.0648051 370226 -0.107966 0.571239
0.005445 2156.16 0.0648415 370226 -0.127822 0.585674
0.005935 2093.52 0.0641734 370227 -0.137422 0.60239
0.001615 1580.58 0.144133 370226 -0.00878616 0.802603
0.002885 2081 0.0968533 370226 -0.0441449 0.609798
0.005945 2092.6 0.0640685 370227 -0.137457 0.602638
0.004825 2213.3 0.0647708 370226 -0.108285 0.571359
0.000975 1297.42 0.169609 370226 -0.00134543 0.977301
0.003525 2193.97 0.0805656 370226 -0.0667941 0.577958
0.005955 2091.71 0.0639571 370227 -0.137484 0.602879
0.001625 1585.19 0.143714 370226 -0.00896364 0.800276
0.005455 2154.81 0.0648652 370226 -0.128108 0.586027
0.005965 2090.85 0.0638391 370227 -0.137501 0.603111
0.004835 2212.78 0.0647378 370226 -0.108603 0.571482
0.000645 1181.8 0.179882 370226 -0.000259109 1.07279
0.000985 1301.4 0.169254 370226 -0.00140376 0.974315
0.002895 2083.65 0.0965556 370226 -0.0444797 0.609017
0.005975 2090.01 0.0637143 370227 -0.137509 0.603336
0.000655 1184.77 0.179619 370226 -0.000271765 1.0701
0.001635 1589.8 0.143296 370226 -0.00914296 0.797962
0.005465 2153.45 0.0648888 370226 -0.128392 0.586383
0.003535 2194.95 0.0803557 370226 -0.0671373 0.57769
0.005985 2089.21 0.0635824 370227 -0.137507 0.603552
0.004845 2212.24 0.064706 370226 -0.108922 0.571608
0.000665 1187.78 0.179352 370226 -0.000285427 1.06739
0.000995 1305.41 0.168896 370226 -0.00146378 0.97133
0.005995 2088.43 0.0634434 370227 -0.137497 0.603758
0.002905 2086.29 0.0962592 370226 -0.0448163 0.608243
0.000675 1190.83 0.179083 370226 -0.000300123 1.06466
0.001645 1594.41 0.142877 370226 -0.00932412 0.795663
0.006005 2087.7 0.0632968 370227 -0.137478 0.603956
0.005475 2152.08 0.0649123 370226 -0.128674 0.586741
0.000685 1193.92 0.178809 370226 -0.000315883 1.06191
0.003545 2195.91 0.0801472 370226 -0.0674809 0.577427
0.004855 2211.69 0.0646756 370226 -0.109242 0.571737
0.006015 2086.99 0.0631426 370226 -0.137451 0.604144
0.001005 1309.44 0.168537 370226 -0.00152551 0.968346
0.000695 1197.04 0.178533 370226 -0.000332737 1.05915
0.002915 2088.9 0.0959643 370226 -0.0451579 0.607477
0.002565 1981.04 0.107091 370226 -0.0329834 0.640651
0.006025 2086.28 0.0629805 370227 -0.1374 0.604335
0.001655 1599.01 0.142459 370226 -0.00950709 0.793378
0.000705 1200.19 0.178253 370226 -0.000350715 1.05636
0.005485 2150.71 0.0649356 370226 -0.128954 0.587101
0.003555 2196.86 0.0799401 370226 -0.0678246 0.577168
0.006035 2085.6 0.0628103 370227 -0.13733 0.604516
0.002575 1984.6 0.10675 370226 -0.033311 0.639502
0.004865 2211.13 0.0646465 370226 -0.109561 0.571868
0.000715 1203.38 0.17797 370226 -0.000369845 1.05356
0.001015 1313.49 0.168175 370226 -0.00158896 0.965365
0.002925 2091.49 0.0956707 370226 -0.0455082 0.606719
0.001665 1603.62 0.142041 370226 -0.00969189 0.791108
0.005495 2149.32 0.0649586 370226 -0.129231 0.587464
0.006045 2084.97 0.0626318 370227 -0.137237 0.604684
0.002585 1988.14 0.106411 370226 -0.0336405 0.638363
0.000725 1206.61 0.177684 370226 -0.000390156 1.05075
0.003565 2197.8 0.0797343 370226 -0.0681684 0.576912
0.004875 2210.56 0.0646186 370226 -0.109881 0.572003
0.006055 2084.38 0.0624447 370227 -0.13712 0.604839
0.002595 1991.66 0.106073 370226 -0.0339722 0.637234
0.000735 1209.87 0.177395 370226 -0.000411673 1.04792
0.003845 2217.07 0.0745312 370226 -0.0775664 0.571606
0.002935 2094.07 0.0953785 370226 -0.0458695 0.605969
0.001025 1317.56 0.167811 370226 -0.00165414 0.962387
0.006065 2083.84 0.0622489 370227 -0.136978 0.604981
0.001675 1608.22 0.141623 370226 -0.0098785 0.788852
0.000745 1213.17 0.177103 370226 -0.00043442 1.04507
0.002605 1995.16 0.105736 370226 -0.034306 0.636115
0.005505 2147.94 0.0649813 370226 -0.129506 0.587828
0.003855 2217.55 0.0743653 370226 -0.077892 0.571472
0.003575 2198.72 0.0795299 370226 -0.0685121 0.576661
0.004885 2209.98 0.064592 370226 -0.110202 0.57214
0.006075 2083.35 0.0620441 370227 -0.136811 0.605107
0.000755 1216.5 0.176807 370226 -0.000458422 1.04222
0.002615 1998.64 0.105401 370226 -0.0346421 0.635006
0.002945 2096.54 0.0950876 370226 -0.0462318 0.60525
0.001035 1321.65 0.167446 370226 -0.00172107 0.959411
0.003865 2218.02 0.0742008 370226 -0.0782172 0.57134
0.001285 1429.53 0.157778 370226 -0.00398553 0.887166
0.003875 2218.47 0.0740376 370226 -0.0785418 0.571212
0.006085 2082.92 0.0618301 370227 -0.136619 0.605218
0.001295 1434.01 0.157374 370226 -0.00410048 0.884397
0.003885 2218.91 0.0738759 370226 -0.0788661 0.571087
0.006405 1917.57 0.0657098 370227 -0.139185 0.657139
0.001305 1438.51 0.15697 370226 -0.00421735 0.88164
0.003895 2219.35 0.0737155 370226 -0.0791899 0.570964
0.007365 429.573 0.226516 370227 0.00264306 2.97924
0.006415 1900.93 0.0667289 370227 -0.137488 0.662894
0.001315 1443.01 0.156565 370226 -0.00433613 0.878895
0.003905 2219.77 0.0735565 370226 -0.0795134 0.570845
0.003205 2151.18 0.0880067 370226 -0.0557656 0.589724
0.006095 2082.55 0.0616067 370227 -0.136401 0.605311
0.006425 1884.47 0.0677316 370227 -0.135762 0.668692
0.001325 1447.53 0.156158 370226 -0.00445682 0.876162
0.003915 2220.17 0.0733988 370226 -0.0798365 0.570728
0.004175 2226.34 0.0697829 370226 -0.0880887 0.568838
0.006435 1868.17 0.0687179 370227 -0.134005 0.67453
0.001335 1452.05 0.155751 370226 -0.00457943 0.87344
0.003925 2220.57 0.0732426 370226 -0.0801593 0.570615
0.002345 1898.48 0.114901 370226 -0.0261799 0.668508
0.001345 1456.58 0.155343 370226 -0.00470396 0.870731
0.006445 1852.06 0.0696873 370227 -0.132213 0.680405
0.007375 427.324 0.22689 370227 0.00273051 2.99537
0.003935 2220.96 0.0730877 370226 -0.0804824 0.570504
0.003215 2152.91 0.0877529 370226 -0.0561211 0.589243
0.006105 2082.25 0.0613738 370227 -0.136159 0.605387
0.001355 1461.11 0.154935 370226 -0.00483041 0.868034
0.006455 1836.15 0.0706399 370227 -0.130383 0.686313
0.004185 2226.44 0.0696624 370226 -0.0884022 0.568802
0.003945 2221.33 0.0729342 370226 -0.0808082 0.570396
0.006465 1820.43 0.0715752 370227 -0.128512 0.692248
0.001365 1465.66 0.154525 370226 -0.00495877 0.86535
0.003225 2154.62 0.0875005 370226 -0.0564763 0.588767
0.006905 824.024 0.172168 370231 -0.0365464 1.5367
0.003955 2221.67 0.0727821 370226 -0.0811254 0.570299
0.002355 1902.4 0.114533 370226 -0.0264745 0.667131
0.005345 2168.7 0.0646128 370226 -0.124847 0.582427
0.006475 1804.93 0.0724932 370227 -0.126598 0.698206
0.001375 1470.21 0.154115 370226 -0.00508905 0.862678
0.007385 425.418 0.227244 370227 0.00278311 3.00922
0.003235 2156.32 0.0872494 370226 -0.0568312 0.588297
0.006115 2082.01 0.0611312 370227 -0.135895 0.605444
0.003965 2221.99 0.0726313 370226 -0.0814454 0.570204
0.004195 2226.52 0.0695432 370226 -0.0887155 0.568768
0.006485 1789.65 0.0733937 370227 -0.12464 0.704181
0.005355 2167.53 0.0646342 370226 -0.125154 0.582729
0.001385 1474.77 0.153704 370226 -0.00522125 0.860019
0.003245 2158 0.0869997 370226 -0.0571859 0.587831
0.006915 807.078 0.1743 370231 -0.0346738 1.56933
0.002365 1906.31 0.114166 370226 -0.0267705 0.665764
0.007395 423.611 0.227577 370227 0.00283317 3.02248
0.003975 2222.3 0.072482 370226 -0.0817652 0.570112
0.006495 1774.61 0.0742765 370227 -0.122637 0.710167
0.005365 2166.34 0.0646561 370226 -0.125459 0.583035
0.001395 1479.33 0.153293 370226 -0.00535536 0.857373
0.003255 2159.66 0.0867514 370226 -0.057542 0.587371
0.006125 2081.83 0.0608787 370227 -0.13561 0.605481
0.004205 2226.6 0.0694254 370226 -0.0890285 0.568736
0.003985 2222.6 0.072334 370226 -0.0820846 0.570023
0.006505 1759.81 0.0751415 370227 -0.120587 0.716156
0.001405 1483.9 0.15288 370226 -0.00549139 0.85474
0.003265 2161.3 0.0865045 370226 -0.0578992 0.586917
0.005375 2165.14 0.0646783 370226 -0.125763 0.583344
0.006925 790.392 0.176389 370231 -0.0328476 1.60283
0.002375 1910.2 0.113801 370226 -0.0270677 0.664409
0.007405 421.896 0.22789 370227 0.0028682 3.03516
0.006515 1745.27 0.0759885 370227 -0.118492 0.722142
0.003995 2222.9 0.0721873 370226 -0.0824035 0.569937
0.001415 1488.48 0.152468 370226 -0.00562932 0.85212
0.005385 2163.94 0.064701 370226 -0.126065 0.583655
0.003275 2162.79 0.0862589 370226 -0.0582464 0.586506
0.006135 2081.73 0.0606166 370227 -0.135306 0.605497
0.006525 1731 0.0768176 370227 -0.116347 0.728117
0.004215 2226.66 0.069309 370226 -0.0893411 0.568707
0.004005 2223.18 0.0720421 370226 -0.082722 0.569853
0.005395 2162.72 0.0647239 370226 -0.126365 0.583969
0.001425 1493.06 0.152054 370226 -0.00576917 0.849514
0.003285 2164.26 0.0860147 370226 -0.0585952 0.586099
0.006535 1717.01 0.0776288 370227 -0.114217 0.734071
0.006935 773.961 0.178434 370231 -0.0310643 1.63725
0.002385 1914.08 0.113437 370226 -0.0273663 0.663065
0.004015 2223.45 0.0718982 370226 -0.0830402 0.569772
0.005405 2161.49 0.0647471 370226 -0.126666 0.584286
0.001435 1497.64 0.15164 370226 -0.00591093 0.84692
0.007415 420.269 0.228185 370227 0.00288785 3.0473
0.003295 2165.72 0.0857719 370226 -0.0589432 0.585698
0.006545 1703.31 0.078422 370228 -0.111228 0.739998
0.006145 2081.71 0.0603449 370227 -0.134985 0.605492
0.005415 2160.17 0.0647705 370226 -0.126955 0.584629
0.004225 2226.71 0.069194 370226 -0.0896532 0.568681
0.004025 2223.7 0.0717557 370226 -0.0833579 0.569694
0.001445 1502.23 0.151226 370226 -0.0060546 0.84434
0.003305 2167.16 0.0855304 370226 -0.0592901 0.585301
0.006555 1689.73 0.0792195 370186 -0.122568 0.745892
0.006945 757.784 0.180436 370231 -0.0293265 1.67261
0.005425 2158.84 0.0647941 370226 -0.127245 0.584975
0.002395 1917.94 0.113074 370226 -0.0276663 0.661731
0.004035 2223.95 0.0716146 370226 -0.0836753 0.569619
0.003315 2168.58 0.0852903 370226 -0.0596358 0.584909
0.001455 1506.82 0.150811 370226 -0.00620018 0.841774
0.006565 1659.94 0.0821654 370230 -0.132163 0.759394
0.007425 418.725 0.228462 370227 0.00289154 3.05891
0.005435 2157.51 0.0648177 370226 -0.127534 0.585323
0.006155 2081.76 0.0600622 370227 -0.134648 0.605465
0.001465 1511.42 0.150396 370226 -0.00634765 0.839221
0.003325 2169.99 0.0850516 370226 -0.0599803 0.584521
0.004045 2224.19 0.0714748 370226 -0.0839923 0.569546
0.007215 484.318 0.217716 370227 -0.00129606 2.6349
0.004055 2224.42 0.0713364 370226 -0.084309 0.569476
0.000375 1117.12 0.185592 370226 -0.000193956 1.13488
0.007225 479.091 0.218521 370227 -0.000774524 2.66425
0.004065 2224.63 0.0711994 370226 -0.0846253 0.569408
0.001685 1612.81 0.141205 370226 -0.0100669 0.78661
0.004075 2224.84 0.0710638 370226 -0.0849414 0.569344
0.007235 474.053 0.21929 370227 -0.000355302 2.69316
0.000765 1219.86 0.176509 370226 -0.0004837 1.03934
0.002625 2002.1 0.105067 370226 -0.0349804 0.633906
0.004085 2225.04 0.0709295 370226 -0.0852572 0.569281
0.007245 469.196 0.220026 370227 4.5271e-05 2.72163
0.000775 1223.26 0.176208 370226 -0.000510276 1.03646
0.000385 1118.95 0.185431 370226 -0.000190426 1.13303
0.004095 2225.22 0.0707966 370226 -0.0855726 0.569222
0.002635 2005.54 0.104735 370226 -0.0353211 0.632817
0.007255 464.513 0.220729 370228 0.000443646 2.74965
0.001695 1617.41 0.140787 370226 -0.0102571 0.784383
0.000785 1226.69 0.175903 370226 -0.000538171 1.03357
0.004105 2225.4 0.0706651 370226 -0.0858879 0.569165
0.000395 1120.82 0.185267 370226 -0.000187097 1.13114
0.005515 2146.54 0.0650035 370226 -0.129778 0.588195
0.002645 2008.96 0.104403 370226 -0.0356644 0.631737
0.007265 460.454 0.221399 370227 0.000724174 2.77446
0.001705 1622 0.140369 370226 -0.0104492 0.782169
0.000795 1230.15 0.175596 370226 -0.000567408 1.03066
0.004115 2225.56 0.070535 370226 -0.0862029 0.56911
0.000405 1122.73 0.185098 370226 -0.000183995 1.12921
0.002655 2012.36 0.104073 370226 -0.0360101 0.630667
0.005525 2145.14 0.0650253 370226 -0.130047 0.588564
0.007275 456.561 0.222037 370227 0.0010264 2.79868
0.000805 1233.64 0.175286 370226 -0.000598006 1.02775
0.001715 1626.58 0.139952 370226 -0.010643 0.779971
0.004125 2225.72 0.0704062 370226 -0.0865177 0.569059
0.000415 1124.69 0.184925 370226 -0.000181153 1.12724
0.002665 2015.74 0.103745 370226 -0.0363585 0.629607
0.005535 2143.74 0.0650465 370226 -0.130313 0.588934
0.007285 452.827 0.222644 370227 0.00130061 2.82232
0.000815 1237.17 0.174973 370226 -0.000629987 1.02482
0.001725 1631.17 0.139535 370226 -0.0108386 0.777786
0.000425 1126.7 0.184748 370226 -0.000178601 1.12523
0.004135 2225.86 0.0702788 370226 -0.0868323 0.569009
0.002675 2019.11 0.103417 370226 -0.0367102 0.628557
0.007295 449.245 0.223222 370227 0.0015497 2.84537
0.000825 1240.72 0.174657 370226 -0.000663373 1.02189
0.005545 2142.33 0.065067 370226 -0.130576 0.589306
0.001735 1635.74 0.139118 370226 -0.0110359 0.775616
0.000435 1128.75 0.184567 370226 -0.000176369 1.12318
0.004145 2226 0.0701528 370226 -0.0871466 0.568963
0.002685 2022.44 0.103091 370226 -0.0370669 0.627517
0.007305 445.807 0.223771 370227 0.00177644 2.86785
0.000835 1244.3 0.174338 370226 -0.000698183 1.01895
0.005555 2140.92 0.0650868 370226 -0.130835 0.58968
0.001745 1640.32 0.138701 370226 -0.0112351 0.77346
0.000445 1130.85 0.184382 370226 -0.00017449 1.1211
0.004155 2226.12 0.0700281 370226 -0.0874609 0.568919
0.007315 442.507 0.224293 370227 0.00199316 2.88977
0.002695 2025.69 0.102767 370226 -0.0374226 0.626511
0.004895 2209.39 0.0645667 370226 -0.110522 0.572281
0.003585 2199.63 0.0793269 370226 -0.0688557 0.576414
0.002955 2098.99 0.0947982 370226 -0.0466031 0.604539
0.001045 1325.77 0.167078 370226 -0.00178976 0.95644
0.004905 2208.79 0.0645427 370226 -0.110843 0.572424
0.004235 2226.76 0.0690803 370226 -0.0899648 0.568657
0.003595 2200.52 0.0791252 370226 -0.069199 0.57617
0.006955 741.856 0.182394 370231 -0.0274348 1.70894
0.002965 2101.42 0.09451 370226 -0.0469786 0.603835
0.004915 2208.17 0.06452 370226 -0.111164 0.572571
0.001055 1329.9 0.166709 370226 -0.0018602 0.953472
0.006575 1630.16 0.0851157 370229 -0.127388 0.773297
0.003605 2201.4 0.078925 370226 -0.0695422 0.57593
0.004245 2226.79 0.068968 370226 -0.0902759 0.568636
0.006585 1600.6 0.08805 370230 -0.123782 0.787618
0.002975 2103.83 0.0942233 370226 -0.0473554 0.603139
0.006965 726.19 0.184308 370233 -0.0255397 1.74624
0.004925 2207.55 0.0644985 370226 -0.111485 0.57272
0.001065 1334.05 0.166337 370226 -0.00193243 0.950509
0.006595 1571.24 0.0909686 370230 -0.120179 0.802378
0.003615 2202.26 0.0787261 370226 -0.069885 0.575695
0.004255 2226.82 0.0688572 370226 -0.0905862 0.568617
0.006605 1542.08 0.0938715 370230 -0.11665 0.817596
0.001475 1516.02 0.14998 370226 -0.00649703 0.836682
0.002985 2106.22 0.0939379 370226 -0.0477314 0.602449
0.004935 2206.91 0.0644783 370226 -0.111806 0.572873
0.006615 1513.12 0.0967588 370230 -0.11319 0.833297
0.006975 712.407 0.186177 370230 -0.0243416 1.78047
0.001075 1338.23 0.165964 370226 -0.00200643 0.947551
0.001485 1520.62 0.149564 370226 -0.00664831 0.834157
0.006625 1484.36 0.0996305 370230 -0.109796 0.849506
0.003625 2203.11 0.0785286 370226 -0.0702275 0.575463
0.004265 2226.84 0.0687477 370226 -0.0908962 0.5686
0.001495 1525.23 0.149148 370226 -0.00680148 0.831645
0.006635 1455.77 0.102487 370230 -0.106467 0.866248
0.002995 2108.58 0.0936539 370226 -0.0481057 0.601767
0.004945 2206.26 0.0644594 370226 -0.112128 0.573028
0.006985 698.904 0.188 370230 -0.0229146 1.81532
0.001085 1342.42 0.165589 370226 -0.00208223 0.944598
0.001505 1529.83 0.148731 370226 -0.00695654 0.829147
0.006645 1427.38 0.105327 370230 -0.103198 0.883554
0.003635 2203.95 0.0783324 370226 -0.0705697 0.575235
0.004275 2226.84 0.0686396 370226 -0.0912088 0.568586
0.001515 1534.44 0.148314 370226 -0.00711349 0.826664
0.006655 1399.15 0.108152 370230 -0.0999878 0.901453
0.003005 2110.93 0.0933713 370226 -0.0484781 0.601093
0.004955 2205.61 0.0644417 370226 -0.112449 0.573187
0.006995 685.673 0.189776 370230 -0.021475 1.85082
0.001525 1539.06 0.147897 370226 -0.00727233 0.824194
0.006665 1371.1 0.110961 370230 -0.0968316 0.919978
0.001095 1346.63 0.165213 370226 -0.00215983 0.94165
0.003645 2204.77 0.0781377 370226 -0.0709115 0.57501
0.004285 2226.86 0.0685329 370226 -0.0915138 0.56857
0.001535 1543.67 0.147479 370226 -0.00743305 0.821738
0.006675 1343.22 0.113753 370231 -0.0937256 0.939164
0.003335 2171.38 0.0848143 370226 -0.0603238 0.584138
0.003015 2113.26 0.09309 370226 -0.048849 0.600425
0.001545 1548.28 0.147061 370226 -0.00759566 0.819297
0.006685 1315.5 0.116529 370231 -0.0906657 0.95905
0.002405 1921.78 0.112712 370226 -0.0279675 0.660408
0.004965 2204.93 0.0644252 370226 -0.112771 0.573349
0.007005 672.712 0.191506 370230 -0.0200769 1.88697
0.003345 2172.76 0.0845783 370226 -0.0606663 0.583759
0.001105 1350.86 0.164835 370226 -0.00223924 0.938709
0.003655 2205.57 0.0779443 370226 -0.071254 0.57479
0.001555 1552.9 0.146643 370226 -0.00776013 0.816869
0.006695 1287.94 0.119287 370231 -0.0876478 0.979674
0.004295 2226.86 0.0684277 370226 -0.0918221 0.568556
0.003025 2115.57 0.0928101 370226 -0.0492204 0.599764
0.003355 2174.12 0.0843437 370226 -0.0610078 0.583385
0.001565 1557.51 0.146225 370226 -0.00792648 0.814456
0.006705 1260.54 0.122027 370231 -0.0846656 1.00108
0.004975 2204.25 0.06441 370226 -0.113092 0.573513
0.002415 1925.61 0.112351 370226 -0.0282701 0.659095
0.003365 2175.47 0.0841104 370226 -0.0613485 0.583015
0.001115 1355.1 0.164455 370226 -0.00232046 0.935774
0.007015 660.016 0.193191 370230 -0.0187238 1.92376
0.003665 2206.37 0.0777523 370226 -0.0715982 0.574573
0.001575 1562.13 0.145807 370226 -0.0080947 0.812057
0.006715 1233.3 0.124749 370231 -0.0817198 1.02331
0.003375 2176.81 0.0838786 370226 -0.0616885 0.582649
0.004305 2226.85 0.0683237 370226 -0.0921297 0.568545
0.003035 2117.85 0.0925316 370226 -0.0495934 0.599111
0.007435 417.257 0.228722 370227 0.00288036 3.07004
0.006165 2081.89 0.059769 370227 -0.134301 0.605416
0.000845 1247.92 0.174017 370226 -0.000734437 1.016
0.003045 2120.01 0.0922545 370226 -0.0499582 0.598498
0.005565 2139.5 0.0651058 370226 -0.13109 0.590055
0.000855 1251.56 0.173693 370226 -0.000772155 1.01305
0.007445 416.032 0.228966 370227 0.00284418 3.07942
0.002705 2028.89 0.102443 370226 -0.0377775 0.625519
0.006175 2082.1 0.0594653 370227 -0.133946 0.605344
0.000865 1255.24 0.173366 370226 -0.000811357 1.01009
0.003055 2122.13 0.0919787 370226 -0.0503254 0.597892
0.002715 2031.98 0.102121 370226 -0.0381294 0.624565
0.000875 1258.94 0.173037 370226 -0.00085206 1.00712
0.001755 1644.89 0.138285 370226 -0.011436 0.771318
0.005575 2138.08 0.0651238 370226 -0.131342 0.590432
0.000885 1262.67 0.172705 370226 -0.000894282 1.00415
0.007455 414.873 0.229194 370227 0.00279836 3.08835
0.002725 2035.05 0.101801 370226 -0.0384841 0.62362
0.006185 2082.39 0.0591513 370227 -0.133585 0.60525
0.000895 1266.42 0.172371 370226 -0.000938042 1.00118
0.003065 2124.24 0.0917043 370226 -0.0506929 0.597293
0.002735 2038.1 0.101481 370226 -0.0388393 0.622684
0.000455 1132.99 0.184193 370226 -0.000172994 1.11898
0.000905 1270.21 0.172034 370226 -0.000983355 0.9982
0.002745 2041.13 0.101163 370226 -0.0391949 0.621757
0.005585 2136.65 0.0651409 370226 -0.13159 0.59081
0.001765 1649.45 0.137869 370226 -0.0116386 0.76919
0.007465 413.774 0.229407 370227 0.00273834 3.09686
0.000915 1274.02 0.171694 370226 -0.00103024 0.995219
0.002755 2044.14 0.100847 370226 -0.0395509 0.620839
0.006195 2082.76 0.0588271 370227 -0.133221 0.605132
0.003075 2126.33 0.0914313 370226 -0.05106 0.5967
0.000465 1135.18 0.184001 370226 -0.000171914 1.11683
0.000925 1277.86 0.171353 370226 -0.00107871 0.992236
0.002765 2047.13 0.100531 370226 -0.0399074 0.619929
0.005595 2135.23 0.0651568 370226 -0.131834 0.591189
0.001775 1654.01 0.137453 370226 -0.011843 0.767076
0.000935 1281.72 0.171009 370226 -0.00112878 0.98925
0.002775 2050.1 0.100217 370226 -0.0402645 0.619029
0.007475 412.73 0.229607 370227 0.00266708 3.10499
0.007325 439.676 0.224787 370227 0.00214395 2.90889
0.006205 2083.21 0.0584926 370227 -0.132858 0.60499
0.000945 1285.61 0.170662 370226 -0.00118048 0.986264
0.002785 2053.05 0.0999049 370226 -0.0406224 0.618137
0.003085 2128.4 0.0911596 370226 -0.0514268 0.596113
0.000475 1137.41 0.183804 370226 -0.00017128 1.11464
0.007335 436.973 0.225256 370227 0.00229792 2.92738
0.005605 2133.8 0.0651716 370226 -0.132075 0.591569
0.001785 1658.56 0.137038 370226 -0.0120492 0.764977
0.000955 1289.52 0.170313 370226 -0.00123381 0.983276
0.002795 2055.98 0.0995936 370226 -0.0409811 0.617253
0.007485 411.739 0.229792 370227 0.00258623 3.11275
0.007345 434.393 0.225699 370227 0.00243099 2.94526
0.006215 2083.75 0.0581482 370227 -0.132499 0.604826
0.002805 2058.88 0.0992837 370226 -0.0413406 0.616378
0.003095 2130.45 0.0908893 370226 -0.051793 0.595533
0.007355 431.928 0.226119 370227 0.00254536 2.96254
0.000485 1139.69 0.183603 370226 -0.000171125 1.11241
0.005615 2132.37 0.065185 370226 -0.132313 0.591949
0.001585 1566.74 0.145388 370226 -0.00826478 0.809672
0.003385 2178.13 0.0836481 370226 -0.062028 0.582287
0.001595 1571.35 0.14497 370226 -0.00843672 0.807302
0.004985 2203.56 0.064396 370226 -0.113414 0.573681
0.001125 1359.37 0.164073 370226 -0.00240351 0.932846
0.002425 1929.43 0.111992 370226 -0.028574 0.657793
0.007025 647.583 0.194829 370230 -0.0174154 1.96121
0.004995 2202.85 0.0643833 370226 -0.113736 0.573852
0.003675 2207.07 0.0775617 370226 -0.071933 0.574379
0.001135 1363.64 0.16369 370226 -0.0024884 0.929925
0.004315 2226.84 0.068221 370226 -0.092436 0.568536
0.002435 1933.22 0.111634 370226 -0.0288793 0.656502
0.005005 2202.14 0.0643718 370226 -0.114057 0.574026
0.001795 1663.11 0.136623 370226 -0.0122571 0.762892
0.007035 635.407 0.196423 370230 -0.0161498 1.99931
0.002815 2061.77 0.0989751 370226 -0.0417014 0.615512
0.001145 1367.94 0.163305 370226 -0.00257512 0.927011
0.003685 2207.76 0.0773724 370226 -0.0722699 0.574189
0.007495 410.948 0.229965 370227 0.00249215 3.119
0.006225 2084.36 0.057794 370227 -0.132147 0.604639
0.003105 2132.49 0.0906204 370226 -0.0521587 0.594959
0.003695 2208.44 0.0771845 370226 -0.0726065 0.574003
0.000495 1142.01 0.183399 370226 -0.00017148 1.11015
0.007505 410.203 0.230125 370227 0.00239414 3.12492
0.003395 2179.44 0.083419 370226 -0.0623674 0.58193
0.006235 2085.06 0.0574302 370227 -0.131805 0.60443
0.005625 2130.94 0.0651971 370226 -0.132551 0.592331
0.003705 2209.1 0.076998 370226 -0.0729422 0.57382
0.003405 2180.73 0.0831913 370226 -0.0627069 0.581576
0.003115 2134.5 0.0903528 370226 -0.0525239 0.594392
0.007515 409.501 0.230274 370227 0.00228808 3.13051
0.000505 1144.37 0.18319 370226 -0.000172376 1.10786
0.003415 2182 0.0829649 370226 -0.0630468 0.581227
0.006245 2085.83 0.0570571 370227 -0.131475 0.604198
0.002825 2064.63 0.098668 370226 -0.0420643 0.614654
0.003715 2209.76 0.0768129 370226 -0.0732771 0.57364
0.005635 2129.51 0.0652076 370226 -0.13279 0.592713
0.003425 2183.27 0.0827399 370226 -0.0633888 0.580882
0.003125 2136.49 0.0900867 370226 -0.0528886 0.593831
0.007525 408.84 0.230411 370227 0.00217464 3.13579
0.000515 1146.77 0.182978 370226 -0.000173846 1.10554
0.002835 2067.41 0.0983621 370226 -0.0424188 0.613824
0.006255 2086.68 0.0566751 370227 -0.13116 0.603946
0.003435 2184.51 0.0825163 370226 -0.0637331 0.580542
0.003725 2210.39 0.0766291 370226 -0.0736113 0.573464
0.002845 2070.17 0.0980576 370226 -0.0427729 0.613003
0.003445 2185.62 0.0822941 370226 -0.0640684 0.580239
0.003135 2138.47 0.0898219 370226 -0.0532538 0.593276
0.005645 2128.07 0.0652165 370226 -0.133034 0.593097
0.007535 408.217 0.230537 370227 0.00205514 3.14078
0.000525 1149.22 0.182762 370226 -0.000175921 1.10319
0.002855 2072.91 0.0977545 370226 -0.0431232 0.61219
0.006265 2087.6 0.0562845 370227 -0.130862 0.603673
0.003455 2186.72 0.0820732 370226 -0.0644068 0.57994
0.003735 2211.02 0.0764467 370226 -0.0739447 0.573291
0.002445 1937 0.111277 370226 -0.029186 0.655221
0.002865 2075.62 0.0974527 370226 -0.0434685 0.611385
0.003465 2187.79 0.0818537 370226 -0.064746 0.579645
0.003145 2140.42 0.0895585 370226 -0.0536204 0.592727
0.005655 2126.63 0.0652237 370226 -0.133285 0.593481
0.007545 407.631 0.230653 370227 0.00192945 3.14549
0.002875 2078.32 0.0971523 370226 -0.0438086 0.610587
0.003475 2188.86 0.0816356 370226 -0.0650858 0.579354
0.000535 1151.71 0.182542 370226 -0.000178631 1.1008
0.006275 2088.59 0.0558857 370227 -0.130582 0.603379
0.003745 2211.63 0.0762657 370226 -0.0742773 0.573122
0.003485 2189.91 0.0814189 370226 -0.0654262 0.579066
0.004325 2226.81 0.0681196 370226 -0.0927419 0.56853
0.003495 2190.95 0.0812035 370226 -0.0657672 0.578783
0.005015 2201.41 0.0643614 370226 -0.114382 0.574203
0.004335 2226.78 0.0680196 370226 -0.0930475 0.568526
0.001805 1667.65 0.136208 370226 -0.0124667 0.76082
0.003505 2191.97 0.0809895 370226 -0.0661089 0.578504
0.001155 1372.25 0.162919 370226 -0.00266369 0.924106
0.005025 2200.6 0.0643523 370226 -0.114697 0.574402
0.004345 2226.74 0.0679209 370226 -0.0933527 0.568525
0.001815 1672.18 0.135794 370226 -0.0126781 0.758763
0.003515 2192.98 0.0807769 370226 -0.0664512 0.578229
0.005035 2199.78 0.0643444 370226 -0.115014 0.574603
0.004355 2226.68 0.0678236 370226 -0.0936578 0.568526
0.003155 2142.26 0.0892964 370226 -0.0539777 0.592213
0.002455 1940.77 0.110921 370226 -0.029494 0.653951
0.004365 2226.62 0.0677277 370226 -0.0939626 0.568529
0.007555 407.199 0.230759 370227 0.00179899 3.14901
0.003165 2144.08 0.0890357 370226 -0.0543368 0.591704
0.004375 2226.55 0.0676331 370226 -0.0942674 0.568535
0.002465 1944.51 0.110566 370226 -0.0298035 0.652691
0.003175 2145.88 0.0887764 370226 -0.0546952 0.591201
0.007565 406.799 0.230856 370227 0.00167127 3.15227
0.004385 2226.47 0.0675399 370226 -0.0945722 0.568543
0.002475 1948.24 0.110213 370226 -0.0301144 0.651441
0.005665 2125.19 0.0652291 370226 -0.133543 0.593867
0.003185 2147.66 0.0885185 370226 -0.0550527 0.590703
0.007575 406.43 0.230943 370227 0.00154441 3.15528
0.004395 2226.38 0.067448 370226 -0.0948771 0.568553
0.002485 1951.96 0.109861 370226 -0.0304268 0.650202
0.000545 1154.24 0.182318 370226 -0.000182009 1.09839
0.005675 2123.75 0.0652325 370226 -0.133807 0.594255
0.004405 2226.28 0.0673574 370226 -0.0951823 0.568566
0.003195 2149.43 0.0882619 370226 -0.0554095 0.590211
0.007585 406.089 0.231021 370227 0.00142086 3.15807
0.002495 1955.65 0.10951 370226 -0.0307406 0.648972
0.005685 2122.3 0.0652338 370226 -0.134063 0.594645
0.006285 2089.65 0.055479 370227 -0.130347 0.603067
0.003755 2212.23 0.076086 370226 -0.0746092 0.572956
0.005695 2120.85 0.0652328 370227 -0.134315 0.595036
0.001165 1376.58 0.162531 370226 -0.00275411 0.921208
0.006295 2090.77 0.0550651 370227 -0.129535 0.602737
0.001825 1676.71 0.135381 370226 -0.0128911 0.75672
0.005705 2119.59 0.0652296 370226 -0.134549 0.595372
0.003765 2212.82 0.0759078 370226 -0.0749404 0.572793
0.005045 2198.95 0.0643376 370226 -0.115333 0.574808
0.006305 2091.63 0.0546669 370171 -0.142336 0.602396
0.001175 1380.92 0.162142 370226 -0.00284639 0.918318
0.000555 1156.82 0.182091 370226 -0.000186086 1.09594
0.005715 2118.33 0.0652239 370226 -0.134762 0.595707
0.003775 2213.39 0.0757309 370226 -0.0752709 0.572634
0.001835 1681.23 0.134967 370226 -0.0131059 0.75469
0.004415 2226.17 0.0672683 370226 -0.0954877 0.568582
0.006315 2073.92 0.0558226 370228 -0.154516 0.607622
0.001185 1385.27 0.161751 370226 -0.00294054 0.915438
0.005055 2198.1 0.0643321 370226 -0.115653 0.575016
0.005725 2117.08 0.0652155 370227 -0.134953 0.596043
0.000565 1159.43 0.18186 370226 -0.000190893 1.09347
0.003785 2213.95 0.0755554 370226 -0.0756007 0.572477
0.001845 1685.75 0.134555 370226 -0.0133224 0.752675
0.004425 2226.05 0.0671805 370226 -0.0957935 0.568599
0.006325 2056 0.0569839 370227 -0.152214 0.612909
0.001195 1389.64 0.16136 370226 -0.00303655 0.912566
0.005735 2115.84 0.0652045 370227 -0.135128 0.596376
0.005065 2197.25 0.0643277 370226 -0.115973 0.575227
0.000575 1162.09 0.181625 370226 -0.000196459 1.09098
0.002505 1959.33 0.109161 370226 -0.031056 0.647753
0.004435 2225.92 0.067094 370226 -0.0960997 0.56862
0.003795 2214.5 0.0753812 370226 -0.0759298 0.572324
0.001855 1690.25 0.134143 370226 -0.0135406 0.750674
0.006335 2038.22 0.0581296 370227 -0.150627 0.618251
0.001205 1394.03 0.160966 370226 -0.00313443 0.909703
0.005745 2114.6 0.0651905 370227 -0.135293 0.596708
0.000585 1164.78 0.181387 370226 -0.000202815 1.08845
0.005075 2196.38 0.0643244 370226 -0.116293 0.575441
0.004445 2225.78 0.0670089 370226 -0.0964063 0.568642
0.002515 1963 0.108813 370226 -0.031373 0.646545
0.003805 2215.04 0.0752085 370226 -0.0762583 0.572174
0.006345 2020.56 0.0592596 370227 -0.149012 0.623648
0.001865 1694.75 0.133731 370226 -0.0137605 0.748686
0.005755 2113.38 0.0651736 370227 -0.135453 0.597038
0.001215 1398.42 0.160572 370226 -0.0032342 0.90685
0.000595 1167.52 0.181145 370226 -0.000209991 1.0859
0.005085 2195.5 0.0643223 370226 -0.116613 0.575658
0.004455 2225.63 0.0669252 370226 -0.0967133 0.568668
0.002525 1966.64 0.108466 370226 -0.0316916 0.645346
0.003815 2215.57 0.0750371 370226 -0.0765862 0.572028
0.006355 2003.04 0.060374 370227 -0.147397 0.629099
0.001875 1699.25 0.13332 370226 -0.0139821 0.746712
0.000605 1170.3 0.180899 370226 -0.000218014 1.08332
0.001225 1402.83 0.160176 370226 -0.00333585 0.904007
0.005095 2194.61 0.0643213 370226 -0.116933 0.575879
0.007595 405.775 0.23109 370227 0.001296 3.16063
0.004465 2225.47 0.0668428 370226 -0.0970208 0.568695
0.005105 2193.71 0.0643215 370226 -0.117254 0.576102
0.002535 1970.27 0.10812 370226 -0.0320119 0.644157
0.007605 405.595 0.231151 370227 0.00116409 3.16214
0.003825 2216.08 0.0748671 370226 -0.0769135 0.571884
0.005115 2192.8 0.0643227 370226 -0.117575 0.576329
0.004475 2225.3 0.0667617 370226 -0.0973288 0.568725
0.006365 1985.66 0.0614728 370227 -0.145778 0.634604
0.002545 1973.88 0.107776 370226 -0.0323339 0.642978
0.000615 1173.12 0.18065 370226 -0.000226911 1.08072
0.001885 1703.73 0.132909 370226 -0.0142054 0.744752
0.001235 1407.25 0.159779 370226 -0.00343938 0.901174
0.000625 1175.97 0.180398 370226 -0.000236709 1.0781
0.007615 405.44 0.231204 370227 0.0010299 3.16345
0.001895 1708.21 0.1325 370226 -0.0144303 0.742806
0.003835 2216.58 0.0746984 370226 -0.0772402 0.571744
0.000635 1178.87 0.180141 370226 -0.000247433 1.07545
0.001245 1411.68 0.159381 370226 -0.00354481 0.898351
0.006375 1968.42 0.0625559 370227 -0.144152 0.640162
0.001905 1712.68 0.13209 370226 -0.0146569 0.740873
0.002555 1977.47 0.107433 370226 -0.0326577 0.64181
0.007625 405.308 0.231249 370227 0.000885714 3.16455
0.001915 1717.14 0.131682 370226 -0.0148852 0.738954
0.001255 1416.13 0.158982 370226 -0.00365214 0.895538
0.006385 1951.32 0.0636231 370227 -0.142513 0.645771
0.007635 405.2 0.231287 370227 0.000733078 3.16546
0.001265 1420.58 0.158582 370226 -0.00376136 0.892736
0.006395 1934.37 0.0646744 370227 -0.140859 0.651431
0.007645 405.114 0.231316 370227 0.000574002 3.16619
0.001275 1425.05 0.15818 370226 -0.00387249 0.889945
0.007655 405.05 0.231339 370227 0.000411443 3.16673
0.007665 405.008 0.231353 370227 0.000250268 3.16709
0.007675 404.987 0.231361 370227 8.16456e-05 3.16726
