0.000965 1522.63 0.150301 463947 0.00289696 1.04031
0.000975 1525.81 0.149997 463947 0.00282476 1.03815
0.000985 1529 0.149692 463947 0.00274889 1.03599
0.000995 1532.22 0.149385 463947 0.00267423 1.03383
0.001005 1535.46 0.149075 463947 0.00260257 1.03167
0.001015 1538.71 0.148764 463947 0.00253361 1.0295
0.001025 1541.98 0.148451 463947 0.00246603 1.02733
0.001035 1545.26 0.148137 463947 0.00239843 1.02515
0.001045 1548.57 0.14782 463947 0.00232981 1.02298
0.001055 1551.89 0.147502 463947 0.00225968 1.0208
0.001065 1555.22 0.147182 463947 0.00218796 1.01863
0.001075 1558.58 0.146861 463947 0.00211473 1.01645
0.001085 1561.94 0.146538 463947 0.00204013 1.01427
0.001095 1565.33 0.146213 463947 0.00196426 1.01209
0.001105 1568.73 0.145886 463947 0.00188713 1.00991
0.001115 1572.14 0.145559 463947 0.00180873 1.00773
0.001125 1575.56 0.145229 463947 0.00172905 1.00555
0.001135 1579.01 0.144898 463947 0.00164807 1.00337
0.001145 1582.46 0.144566 463947 0.00156582 1.00119
0.001155 1585.93 0.144232 463947 0.0014823 0.999017
0.001165 1589.41 0.143897 463947 0.00139754 0.996842
0.001175 1592.9 0.14356 463947 0.00131155 0.994669
0.001185 1596.41 0.143222 463947 0.00122433 0.992498
0.001195 1599.92 0.142883 463947 0.00113584 0.990328
0.001205 1603.45 0.142543 463947 0.00104604 0.988161
0.001215 1606.99 0.142201 463947 0.000954907 0.985997
0.001225 1610.54 0.141858 463947 0.000862384 0.983835
0.001235 1614.11 0.141513 463947 0.000768445 0.981676
0.001245 1617.68 0.141168 463947 0.000673073 0.979521
0.001255 1621.26 0.140821 463947 0.000576271 0.977368
0.001265 1624.86 0.140473 463947 0.000478056 0.97522
0.001275 1628.46 0.140125 463947 0.000378454 0.973075
0.006085 2337.92 0.0200206 463945 -0.0992983 0.673507
0.001605 1750.82 0.128149 463947 -0.00362853 0.905448
0.006095 2338.13 0.0198886 463945 -0.0995421 0.673428
0.005445 2324.22 0.0294307 463945 -0.0854721 0.678635
0.001615 1754.58 0.127777 463947 -0.00377022 0.903518
0.006105 2338.32 0.0197568 463945 -0.0997883 0.673353
5e-06 1352.04 0.166428 463947 0.00481444 1.17084
0.001625 1758.34 0.127404 463947 -0.00391329 0.901597
0.006115 2338.51 0.0196252 463945 -0.100037 0.67328
0.005455 2324.33 0.0292726 463945 -0.0856737 0.678585
0.000325 1373.31 0.164433 463947 0.00471014 1.15279
0.001635 1762.1 0.127032 463947 -0.00405779 0.899684
0.006125 2338.68 0.0194937 463945 -0.100288 0.673211
0.005465 2324.43 0.0291147 463945 -0.0858751 0.678535
0.002245 1983.5 0.104445 463947 -0.0150446 0.799698
0.001645 1765.86 0.126659 463947 -0.00420374 0.897778
0.006135 2338.85 0.0193622 463945 -0.100541 0.673144
0.000335 1374.63 0.16431 463947 0.00469967 1.15169
0.005475 2324.53 0.0289568 463945 -0.0860763 0.678487
0.005765 2329.76 0.0244881 463945 -0.0920961 0.676441
1.5e-05 1352.08 0.166424 463947 0.00481273 1.1708
0.002255 1986.89 0.104086 463947 -0.015257 0.798338
0.001655 1769.62 0.126285 463947 -0.00435113 0.895882
0.006145 2339 0.0192307 463945 -0.100797 0.673081
0.000345 1375.98 0.164183 463947 0.00468866 1.15057
0.005485 2324.63 0.0287991 463945 -0.0862772 0.678439
0.005775 2329.93 0.0243398 463945 -0.0923093 0.676375
2.5e-05 1352.16 0.166416 463947 0.00481137 1.17073
0.004485 2320.45 0.0451992 463946 -0.066943 0.681609
0.002265 1990.27 0.103728 463947 -0.0154702 0.796986
0.001665 1773.38 0.125912 463947 -0.00449993 0.893993
0.006155 2339.15 0.0190991 463945 -0.101055 0.673021
0.000355 1377.37 0.164053 463947 0.00467721 1.14941
0.005495 2324.73 0.0286415 463945 -0.0864779 0.678392
0.005785 2330.09 0.0241923 463946 -0.0925193 0.67631
3.5e-05 1352.29 0.166405 463947 0.00481013 1.17063
0.002275 1993.63 0.103371 463947 -0.0156843 0.795644
0.001675 1777.13 0.125538 463947 -0.00465008 0.892113
0.006165 2339.28 0.0189674 463945 -0.101315 0.672964
0.004495 2320.58 0.0450212 463946 -0.0671667 0.681554
0.005795 2330.41 0.0240451 463945 -0.0927326 0.676199
0.000365 1378.79 0.163919 463947 0.00466543 1.14823
0.005505 2324.82 0.0284841 463945 -0.0866783 0.678346
4.5e-05 1352.45 0.16639 463947 0.00480897 1.17049
0.002285 1996.99 0.103014 463947 -0.0158992 0.79431
0.001685 1780.89 0.125164 463947 -0.00480151 0.890242
0.006175 2339.39 0.0188356 463945 -0.101577 0.672911
0.004505 2320.7 0.0448436 463946 -0.0673887 0.6815
0.005805 2330.73 0.0238984 463945 -0.0929421 0.676089
0.000375 1380.25 0.163781 463947 0.00465342 1.14702
0.005515 2324.92 0.0283269 463945 -0.0868785 0.678301
0.002295 2000.34 0.102658 463947 -0.016115 0.792985
5.5e-05 1352.65 0.166371 463947 0.00480787 1.17031
0.001695 1784.65 0.12479 463947 -0.00495419 0.888379
0.006185 2339.5 0.0187035 463945 -0.101841 0.672861
0.005815 2331.04 0.0237523 463945 -0.0931492 0.675981
0.004515 2320.81 0.0446666 463946 -0.0676104 0.681449
0.000385 1381.75 0.163641 463947 0.00464124 1.14578
0.005525 2325.01 0.0281698 463945 -0.0870785 0.678256
0.002305 2003.67 0.102303 463947 -0.0163316 0.791669
0.001705 1788.4 0.124416 463947 -0.00510806 0.886524
6.5e-05 1352.9 0.166348 463947 0.00480681 1.1701
0.006195 2339.59 0.0185712 463945 -0.102107 0.672815
0.005825 2331.36 0.0236068 463945 -0.0933553 0.675873
0.004525 2320.92 0.0444901 463946 -0.0678317 0.681399
0.002315 2006.99 0.101948 463947 -0.016549 0.790362
0.000395 1383.29 0.163496 463947 0.00462894 1.14452
0.005535 2325.09 0.0280129 463945 -0.0872784 0.678212
0.000645 1432.87 0.158825 463947 0.00413266 1.10511
0.001715 1792.15 0.124042 463947 -0.00526312 0.884678
0.005835 2331.66 0.0234618 463945 -0.0935617 0.675766
7.5e-05 1353.18 0.166321 463947 0.00480576 1.16986
0.006205 2339.67 0.0184385 463945 -0.102374 0.672772
0.002325 2010.31 0.101594 463947 -0.0167673 0.789063
0.004535 2321.02 0.044314 463946 -0.0680527 0.681351
0.000405 1384.86 0.163349 463947 0.00461653 1.14322
0.005545 2325.18 0.0278562 463945 -0.0874777 0.678169
0.000655 1435.27 0.158598 463947 0.00410214 1.10327
0.001725 1795.9 0.123667 463947 -0.00541935 0.882841
0.005845 2331.97 0.0233175 463945 -0.0937697 0.675661
8.5e-05 1353.51 0.166291 463947 0.0048047 1.16958
0.006215 2339.74 0.0183054 463945 -0.102643 0.672734
0.002335 2013.61 0.101241 463947 -0.0169865 0.787772
0.004545 2321.11 0.0441384 463946 -0.0682732 0.681305
0.000415 1386.47 0.163197 463947 0.00460397 1.14191
0.005555 2325.26 0.0277 463945 -0.0876776 0.678127
0.000665 1437.7 0.158369 463947 0.00407069 1.10142
0.005855 2332.27 0.0231737 463945 -0.0939803 0.675556
0.001735 1799.65 0.123293 463947 -0.00557674 0.881012
9.5e-05 1353.87 0.166256 463947 0.0048036 1.16926
0.006225 2339.79 0.0181719 463945 -0.102914 0.672699
0.002345 2016.9 0.100889 463947 -0.0172066 0.786491
0.004555 2321.2 0.0439632 463946 -0.0684933 0.681261
0.000425 1388.11 0.163043 463947 0.00459119 1.14056
0.005565 2325.51 0.0275438 463945 -0.0878842 0.678036
0.000675 1440.16 0.158136 463947 0.00403833 1.09955
0.005865 2332.56 0.0230305 463945 -0.0941941 0.675453
0.001745 1803.39 0.122918 463947 -0.0057353 0.879193
0.000105 1354.28 0.166218 463947 0.00480245 1.16892
0.006235 2339.83 0.0180379 463945 -0.103187 0.672668
0.002355 2020.17 0.100537 463947 -0.0174275 0.785218
0.000435 1389.79 0.162885 463947 0.00457811 1.13919
0.004565 2321.28 0.0437885 463946 -0.0687128 0.681219
0.005575 2325.76 0.0273878 463945 -0.0880901 0.677946
0.000685 1442.64 0.157901 463947 0.00400516 1.09766
0.005875 2332.85 0.0228879 463945 -0.0944112 0.675351
0.001755 1807.14 0.122543 463947 -0.00589504 0.877382
0.000115 1354.72 0.166176 463947 0.00480122 1.16853
0.002365 2023.44 0.100186 463947 -0.0176493 0.783953
0.006245 2339.83 0.0179036 463942 -0.103447 0.672641
0.000445 1391.51 0.162724 463947 0.00456462 1.13779
0.004575 2321.35 0.0436143 463946 -0.0689316 0.681178
0.002885 2171.4 0.0830429 463947 -0.0297479 0.730496
0.005585 2326 0.027232 463945 -0.0882962 0.677857
0.000695 1445.16 0.157663 463947 0.00397132 1.09576
0.005885 2333.14 0.0227459 463945 -0.0946316 0.67525
0.001765 1810.88 0.122169 463947 -0.00605595 0.875579
0.003525 2274.52 0.0653248 463946 -0.0445217 0.696878
0.002375 2026.69 0.0998351 463947 -0.017872 0.782697
0.000125 1355.21 0.166131 463947 0.00479989 1.16811
0.006255 2338.85 0.0177683 463945 -0.103688 0.672909
0.000455 1393.26 0.162559 463947 0.00455061 1.13637
0.004585 2321.42 0.0434404 463946 -0.0691495 0.681139
0.005595 2326.24 0.0270765 463945 -0.0885024 0.677769
0.002895 2173.71 0.0827367 463947 -0.0299928 0.729716
0.005895 2333.42 0.0226045 463945 -0.0948549 0.675151
0.000705 1447.7 0.157423 463947 0.00393693 1.09385
0.001775 1814.61 0.121794 463947 -0.00621804 0.873786
0.003205 2233.07 0.0737072 463946 -0.0363391 0.710128
0.002385 2029.93 0.0994853 463947 -0.0180955 0.78145
0.003535 2275.55 0.0650779 463946 -0.0447735 0.696551
0.000135 1355.74 0.166081 463947 0.00479845 1.16766
0.006265 2337.84 0.0176322 463945 -0.103904 0.673179
0.004595 2321.48 0.0432671 463946 -0.0693663 0.681102
0.000465 1395.04 0.162391 463947 0.00453599 1.13492
0.005605 2326.47 0.0269213 463945 -0.0887087 0.677682
0.002905 2176 0.0824314 463947 -0.0302446 0.728942
0.005905 2333.7 0.0224637 463945 -0.0950807 0.675054
0.000715 1450.27 0.157179 463947 0.00390195 1.09192
0.001785 1818.35 0.121419 463947 -0.00638131 0.872001
0.002395 2033.16 0.0991363 463947 -0.0183199 0.780211
0.003545 2276.57 0.0648318 463946 -0.045024 0.696227
0.003215 2234.68 0.0734309 463946 -0.036591 0.709609
0.000145 1356.31 0.166028 463947 0.00479686 1.16717
0.006275 2336.83 0.0174953 463945 -0.104115 0.67345
0.004605 2321.53 0.0430941 463946 -0.0695821 0.681067
0.000475 1396.87 0.16222 463947 0.00452065 1.13345
0.005615 2326.71 0.0267664 463945 -0.0889152 0.677596
0.002915 2178.28 0.0821271 463947 -0.0305004 0.728175
0.005915 2333.96 0.0223235 463945 -0.0953086 0.674959
0.000725 1452.87 0.156933 463947 0.00386585 1.08998
0.001795 1822.08 0.121045 463947 -0.00654577 0.870226
0.002405 2036.38 0.098788 463947 -0.0185451 0.778981
0.003555 2277.58 0.0645866 463946 -0.0452728 0.695908
0.003225 2236.27 0.0731556 463946 -0.0368444 0.709095
0.000155 1356.92 0.165971 463947 0.0047951 1.16665
0.006285 2335.81 0.0173575 463945 -0.104318 0.673723
0.004615 2321.58 0.0429216 463946 -0.0697969 0.681033
0.005625 2326.94 0.0266119 463945 -0.0891218 0.677511
0.000485 1398.72 0.162045 463947 0.00450454 1.13195
0.005925 2334.22 0.0221839 463945 -0.0955382 0.674866
0.002925 2180.46 0.0818236 463947 -0.0307597 0.727442
0.000735 1455.5 0.156685 463947 0.00382713 1.08802
0.002415 2039.58 0.0984405 463947 -0.0187711 0.777759
0.001805 1825.8 0.12067 463947 -0.0067114 0.868459
0.003565 2278.58 0.0643423 463946 -0.0455194 0.695591
0.003235 2237.77 0.0728812 463946 -0.0371016 0.708612
0.000165 1357.56 0.16591 463947 0.00479317 1.1661
0.006295 2334.79 0.0172189 463945 -0.104512 0.673997
0.004625 2321.63 0.0427495 463946 -0.0700109 0.681001
0.005635 2327.16 0.0264576 463945 -0.0893286 0.677427
0.000495 1400.61 0.161867 463947 0.00448759 1.13043
0.005935 2334.48 0.0220449 463945 -0.0957692 0.674775
0.000745 1458.15 0.156433 463947 0.00378289 1.08605
0.002935 2182.63 0.0815211 463947 -0.0310169 0.726715
0.002425 2042.78 0.0980937 463947 -0.0189979 0.776546
0.001815 1829.52 0.120295 463947 -0.00687819 0.866701
0.003575 2279.56 0.0640989 463946 -0.0457636 0.695279
0.003245 2239.26 0.0726077 463946 -0.0373593 0.708134
0.000175 1358.25 0.165846 463947 0.00479105 1.16551
0.006305 2333.77 0.0170793 463945 -0.104698 0.674272
0.005645 2327.39 0.0263037 463945 -0.0895357 0.677344
0.004635 2321.67 0.0425778 463946 -0.0702247 0.680971
0.005945 2334.72 0.0219065 463945 -0.0960013 0.674686
0.000755 1460.83 0.15618 463947 0.00372856 1.08407
0.000505 1402.53 0.161686 463947 0.0044698 1.12889
0.002945 2184.78 0.0812195 463947 -0.0312677 0.725995
0.002435 2045.96 0.0977476 463947 -0.0192254 0.775341
0.003585 2280.54 0.0638564 463946 -0.0460051 0.69497
0.001825 1833.24 0.119921 463947 -0.00704613 0.864952
0.006315 2332.75 0.0169386 463945 -0.104874 0.674547
0.003255 2240.73 0.0723352 463946 -0.0376176 0.707661
0.000185 1358.98 0.165778 463947 0.0047887 1.16489
0.005655 2327.61 0.0261501 463945 -0.0897432 0.677262
0.005955 2334.96 0.0217686 463945 -0.0962342 0.674599
0.004645 2321.7 0.0424065 463946 -0.0704389 0.680942
0.000765 1463.53 0.155923 463947 0.0036581 1.08208
0.002955 2186.91 0.0809189 463947 -0.031505 0.725282
0.000515 1404.49 0.161502 463947 0.00445114 1.12733
0.002445 2049.12 0.0974023 463947 -0.0194537 0.774144
0.003595 2281.5 0.0636147 463946 -0.0462444 0.694664
0.001835 1836.96 0.119547 463947 -0.00721517 0.863212
0.006325 2331.73 0.0167967 463945 -0.105037 0.674821
0.003265 2242.19 0.0720636 463946 -0.0378759 0.707192
0.000195 1359.75 0.165706 463947 0.00478611 1.16423
0.005665 2327.82 0.0259969 463945 -0.0899514 0.677181
0.005965 2335.19 0.0216313 463945 -0.0964675 0.674514
0.000775 1466.26 0.155664 463947 0.00356491 1.08008
0.004655 2321.73 0.0422356 463946 -0.0706548 0.680915
0.002965 2189.03 0.0806192 463947 -0.0317198 0.724574
0.002455 2052.28 0.0970578 463947 -0.0196826 0.772955
0.000525 1406.48 0.161314 463947 0.00443162 1.12574
0.003605 2282.46 0.0633739 463946 -0.0464821 0.69436
0.001845 1840.67 0.119172 463947 -0.00738528 0.861482
0.006335 2330.71 0.0166536 463945 -0.105181 0.675095
0.003275 2243.63 0.0717929 463946 -0.0381336 0.706729
0.000205 1360.56 0.16563 463947 0.00478326 1.16355
0.005675 2328.04 0.0258441 463945 -0.0901603 0.677102
0.005975 2335.42 0.0214945 463945 -0.0967011 0.674431
0.000785 1469.02 0.155403 463947 0.0034435 1.07806
0.004665 2321.75 0.0420651 463946 -0.0708736 0.68089
0.002975 2191.14 0.0803204 463947 -0.031902 0.723873
0.002465 2055.42 0.0967141 463947 -0.0199122 0.771775
0.003615 2283.41 0.063134 463946 -0.0467196 0.69406
0.000535 1408.5 0.161124 463947 0.00441125 1.12413
0.001855 1844.37 0.118798 463947 -0.00755642 0.85976
0.006345 2329.71 0.0165089 463945 -0.105301 0.675366
0.003285 2245.06 0.0715231 463946 -0.0383909 0.70627
0.005685 2328.25 0.0256917 463945 -0.0903704 0.677023
0.005985 2335.63 0.0213583 463945 -0.0969347 0.674351
0.000215 1361.41 0.16555 463947 0.0047801 1.16282
0.000795 1471.8 0.155139 463947 0.00329171 1.07603
0.004675 2321.76 0.0418951 463946 -0.0710966 0.680866
0.002985 2193.23 0.0800226 463947 -0.0320419 0.723179
0.003625 2284.34 0.062895 463946 -0.046956 0.693763
0.007365 774.613 0.164551 463951 -0.0314649 2.03894
0.002475 2058.55 0.0963711 463947 -0.0201424 0.770603
0.000545 1410.56 0.16093 463947 0.00439005 1.1225
0.001865 1848.07 0.118424 463947 -0.00772854 0.858047
0.006355 2328.71 0.0163623 463945 -0.105384 0.675634
0.005995 2335.84 0.0212225 463945 -0.097168 0.674273
0.005695 2328.45 0.0255396 463945 -0.0905818 0.676946
0.003295 2246.48 0.0712543 463946 -0.0386476 0.705816
0.000225 1362.29 0.165467 463947 0.0047766 1.16207
0.000805 1474.61 0.154872 463947 0.00311284 1.074
0.004685 2321.77 0.0417254 463946 -0.071325 0.680844
0.002995 2195.3 0.0797257 463946 -0.0321316 0.722491
0.003635 2285.19 0.0626568 463946 -0.0471952 0.693492
0.007375 759.462 0.166867 463951 -0.0298298 2.0801
0.000555 1412.65 0.160733 463947 0.00436803 1.12085
0.002485 2061.66 0.096029 463947 -0.0203731 0.76944
0.001875 1851.77 0.11805 463947 -0.0079016 0.856343
0.006365 2327.73 0.0162132 463945 -0.10542 0.675897
0.006005 2336.04 0.0210873 463945 -0.0974006 0.674197
0.005705 2328.65 0.025388 463945 -0.0907948 0.676869
0.000235 1363.22 0.16538 463947 0.00477271 1.16128
0.000815 1477.44 0.154604 463948 0.00291701 1.07195
0.003305 2247.88 0.0709864 463946 -0.038904 0.705366
0.003005 2197.28 0.0794297 463946 -0.0321703 0.721833
0.003645 2286.04 0.0624195 463946 -0.0474348 0.693224
0.004695 2321.78 0.0415564 463946 -0.0715593 0.680823
0.007385 744.669 0.169114 463951 -0.0282583 2.12192
0.002495 2064.77 0.0956876 463947 -0.0206043 0.768284
0.000565 1414.77 0.160533 463947 0.00434519 1.11918
0.001885 1855.46 0.117676 463947 -0.00807559 0.854649
0.006375 2326.78 0.016061 463945 -0.105394 0.676152
0.006015 2336.23 0.0209526 463945 -0.0976324 0.674124
0.005715 2328.85 0.0252369 463945 -0.0910096 0.676794
0.000825 1480.3 0.154332 463948 0.00272089 1.06989
0.000245 1364.19 0.165289 463947 0.00476836 1.16046
0.003015 2199.25 0.0791347 463946 -0.032163 0.721182
0.003315 2249.27 0.0707194 463946 -0.0391601 0.704922
0.003655 2286.87 0.062183 463946 -0.0476767 0.692959
0.004705 2321.78 0.0413877 463946 -0.0718011 0.680804
0.007395 730.229 0.171292 463950 -0.0267228 2.16438
0.002505 2067.86 0.0953471 463947 -0.0208359 0.767137
0.001895 1859.14 0.117303 463947 -0.00825052 0.852963
0.006025 2336.5 0.0208183 463945 -0.0978692 0.674028
0.000575 1416.92 0.16033 463947 0.00432155 1.11748
0.006385 2325.86 0.0159047 463945 -0.105296 0.676396
0.000835 1483.18 0.154059 463948 0.00254551 1.06783
0.005725 2329.04 0.0250862 463945 -0.0912261 0.676721
0.000255 1365.19 0.165195 463947 0.00476349 1.15961
0.003025 2201.2 0.0788406 463946 -0.0321243 0.720537
0.003325 2250.64 0.0704534 463946 -0.0394162 0.704482
0.003665 2287.69 0.0619474 463946 -0.0479211 0.692697
0.002515 2070.94 0.0950073 463947 -0.0210679 0.765997
0.004715 2321.77 0.0412191 463946 -0.0720531 0.680786
0.007405 716.139 0.173401 463950 -0.0252318 2.20748
0.001905 1862.82 0.116929 463947 -0.00842641 0.851287
0.006035 2336.76 0.0206845 463945 -0.0981051 0.673935
0.000585 1419.11 0.160124 463947 0.00429709 1.11577
0.006395 2325 0.0157431 463945 -0.105124 0.676626
0.000845 1486.08 0.153783 463948 0.00241225 1.06575
0.005735 2329.23 0.0249359 463945 -0.0914438 0.676649
0.000265 1366.24 0.165097 463947 0.00475802 1.15873
0.003035 2203.13 0.0785474 463946 -0.0320759 0.719898
0.003335 2252 0.0701883 463946 -0.0396723 0.704046
0.003675 2288.5 0.0617127 463946 -0.0481679 0.692438
0.002525 2074 0.0946683 463947 -0.0213002 0.764866
0.001285 1632.07 0.139775 463947 0.0002775 0.970934
0.002535 2077.05 0.0943302 463947 -0.0215327 0.763742
0.001925 1870.16 0.116183 463947 -0.00878126 0.847961
0.006405 2324.2 0.0155754 463945 -0.104887 0.676839
0.002545 2080.09 0.0939929 463947 -0.0217656 0.762627
0.001295 1635.69 0.139423 463947 0.000175221 0.968798
0.001935 1873.82 0.11581 463947 -0.00896034 0.846312
0.006725 2137.69 0.0245239 463946 -0.115566 0.735204
0.002555 2083.12 0.0936564 463947 -0.0219988 0.761519
0.001305 1639.32 0.139071 463947 7.16394e-05 0.966665
0.006415 2323.46 0.0154004 463945 -0.10461 0.677031
0.001945 1877.48 0.115438 463947 -0.00914058 0.844672
0.005125 2322.13 0.0345235 463945 -0.0789191 0.67987
0.007045 1569.26 0.0666911 463950 -0.10131 1.00163
0.001955 1881.13 0.115066 463947 -0.00932201 0.843041
0.004165 2314.7 0.0511865 463946 -0.0597199 0.683871
0.003845 2300.61 0.0578498 463946 -0.051996 0.688561
0.005135 2322.18 0.0343634 463945 -0.0791259 0.679837
0.004175 2314.98 0.05099 463946 -0.0599491 0.68377
0.001965 1884.77 0.114694 463947 -0.00950464 0.841419
0.007055 1539.03 0.0700482 463950 -0.0979383 1.02136
0.004185 2315.26 0.0507941 463946 -0.0601772 0.683671
0.002565 2086.13 0.0933208 463947 -0.0222323 0.760419
0.004195 2315.55 0.0505989 463946 -0.0604084 0.68357
0.005145 2322.22 0.0342034 463945 -0.0793324 0.679804
0.003855 2301.23 0.0576299 463946 -0.0521523 0.688362
0.007065 1508.91 0.0733945 463950 -0.095509 1.04181
0.001975 1888.41 0.114322 463947 -0.00968846 0.839807
0.004205 2315.82 0.0504043 463946 -0.0606381 0.683472
0.004805 2321.8 0.0397161 463946 -0.0741872 0.680602
0.004215 2316.09 0.0502104 463946 -0.0608675 0.683375
0.005155 2322.26 0.0340435 463945 -0.0795388 0.679773
0.003045 2205.05 0.0782552 463946 -0.0320441 0.719265
0.002575 2089.13 0.092986 463947 -0.0224662 0.759327
0.003865 2301.83 0.0574107 463945 -0.0523045 0.688167
0.004225 2316.35 0.0500171 463946 -0.0610965 0.683281
0.007075 1478.88 0.0767346 463950 -0.0931487 1.06304
0.004815 2321.85 0.0395506 463946 -0.0743341 0.680569
0.001985 1892.04 0.113951 463947 -0.00987345 0.838203
0.003055 2206.96 0.0779639 463946 -0.0320555 0.718637
0.005165 2322.29 0.0338837 463945 -0.0797452 0.679743
0.004235 2316.6 0.0498244 463946 -0.0613252 0.68319
0.004825 2321.89 0.0393853 463946 -0.0744526 0.680537
0.004725 2321.76 0.0410508 463946 -0.0723102 0.68077
0.002585 2092.12 0.092652 463947 -0.0227008 0.758242
0.003875 2302.43 0.0571924 463945 -0.0524565 0.687974
0.003065 2208.85 0.0776735 463945 -0.0321318 0.718016
0.004245 2316.85 0.0496324 463946 -0.0615534 0.683101
0.004835 2321.93 0.0392204 463946 -0.0745444 0.680507
0.007085 1448.91 0.0800716 463950 -0.0908729 1.08511
0.001995 1895.66 0.11358 463947 -0.0100596 0.836609
0.005175 2322.32 0.0337239 463945 -0.0799516 0.679714
0.003075 2210.72 0.0773841 463945 -0.0322864 0.7174
0.004255 2317.08 0.049441 463946 -0.0617813 0.683014
0.004845 2321.96 0.0390556 463946 -0.0746131 0.680478
0.007415 702.397 0.17544 463950 -0.0236891 2.25118
0.004735 2321.75 0.0408828 463946 -0.0725718 0.680755
0.001915 1866.49 0.116556 463947 -0.0086033 0.849619
0.002595 2095.1 0.0923189 463947 -0.022936 0.757165
0.003885 2303.01 0.0569749 463945 -0.0526125 0.687785
0.004265 2317.31 0.0492502 463946 -0.0620087 0.682929
0.004275 2317.53 0.04906 463946 -0.0622358 0.682847
0.003345 2253.35 0.0699241 463946 -0.0399283 0.703616
0.004285 2317.74 0.0488705 463946 -0.0624625 0.682767
0.006045 2337.01 0.020551 463945 -0.0983414 0.673845
0.004295 2317.95 0.0486815 463946 -0.0626889 0.682689
0.003685 2289.31 0.0614788 463946 -0.0484166 0.692183
0.004305 2318.15 0.0484932 463946 -0.062915 0.682613
0.000595 1421.32 0.159915 463947 0.00427182 1.11404
0.004315 2318.34 0.0483054 463946 -0.0631409 0.68254
0.003695 2290.1 0.0612458 463946 -0.0486667 0.691931
0.003355 2254.69 0.0696608 463946 -0.0401844 0.703189
0.000605 1423.57 0.159703 463947 0.00424571 1.11229
0.004325 2318.52 0.0481182 463946 -0.0633665 0.682468
0.003705 2290.88 0.0610136 463946 -0.0489174 0.691682
0.006055 2337.25 0.0204179 463945 -0.0985785 0.673757
0.004335 2318.69 0.0479316 463946 -0.063592 0.682399
0.000615 1425.85 0.159488 463947 0.00421876 1.11052
0.003715 2291.64 0.0607822 463946 -0.0491682 0.691437
0.000855 1489 0.153505 463948 0.00233801 1.06367
0.004345 2318.86 0.0477456 463946 -0.0638173 0.682332
0.003725 2292.4 0.0605517 463946 -0.0494185 0.691196
0.000625 1428.16 0.15927 463947 0.00419095 1.10874
0.003365 2256.01 0.0693985 463946 -0.0404407 0.702768
0.004355 2319.02 0.0475602 463946 -0.0640424 0.682267
0.003735 2293.14 0.060322 463946 -0.0496676 0.690958
0.005745 2329.41 0.0247862 463945 -0.0916621 0.676578
0.000635 1430.5 0.159049 463947 0.00416226 1.10693
0.006065 2337.48 0.0202852 463945 -0.0988167 0.673671
0.004365 2319.17 0.0473753 463946 -0.0642672 0.682204
0.003745 2293.88 0.0600931 463946 -0.0499147 0.690724
0.005755 2329.59 0.0246369 463945 -0.0918799 0.676509
0.000865 1491.95 0.153224 463948 0.00233092 1.06158
0.000275 1367.32 0.164996 463947 0.00475189 1.15782
0.006735 2125.55 0.025352 463946 -0.114929 0.739389
0.001315 1642.96 0.138718 463947 -3.32315e-05 0.964538
0.006745 2113.48 0.0261711 463946 -0.114293 0.743593
0.000875 1494.93 0.152942 463948 0.00238781 1.05948
0.000285 1368.44 0.16489 463947 0.00474505 1.15687
0.006755 2101.51 0.0269813 463946 -0.113656 0.747816
0.006425 2322.8 0.0152178 463945 -0.104331 0.677202
0.006765 2089.61 0.0277825 463946 -0.113019 0.752058
0.000885 1497.92 0.152657 463948 0.00249447 1.05737
0.001325 1646.6 0.138364 463947 -0.000139388 0.962415
0.006775 2077.81 0.0285745 463946 -0.112381 0.756318
0.000295 1369.6 0.164781 463947 0.00473745 1.1559
0.006785 2066.09 0.0293573 463946 -0.11174 0.760596
0.003085 2212.59 0.0770957 463945 -0.032521 0.71679
0.006795 2054.46 0.0301308 463946 -0.111095 0.764889
0.004855 2321.98 0.0388912 463946 -0.0746635 0.68045
0.001335 1650.25 0.138009 463947 -0.000246834 0.960296
0.000895 1500.93 0.15237 463948 0.00262875 1.05526
0.006435 2322.21 0.0150278 463945 -0.104107 0.677354
0.000305 1370.8 0.164669 463947 0.00472909 1.15489
0.006805 2042.93 0.0308948 463946 -0.110447 0.769198
0.003095 2214.43 0.0768081 463945 -0.0328244 0.716186
0.004865 2322.01 0.038727 463945 -0.0747018 0.680424
0.002005 1899.27 0.113209 463947 -0.0102468 0.835023
0.004875 2322.02 0.0385631 463945 -0.0747347 0.680399
0.006815 2031.48 0.0316494 463946 -0.109792 0.773522
0.003105 2216.2 0.0765216 463945 -0.0331816 0.715609
0.001345 1653.92 0.137653 463947 -0.000355575 0.958183
0.000905 1503.97 0.15208 463947 0.00276547 1.05314
0.006825 2020.13 0.0323943 463946 -0.109132 0.777858
0.003115 2217.95 0.0762359 463946 -0.0335667 0.715036
0.000315 1372.04 0.164553 463947 0.00471997 1.15386
0.004885 2322.04 0.0383994 463945 -0.0747692 0.680376
0.006445 2321.68 0.0148315 463945 -0.103834 0.677489
0.006835 2008.88 0.0331295 463946 -0.108464 0.782206
0.003125 2219.69 0.0759512 463946 -0.0339575 0.71447
0.001355 1657.58 0.137296 463947 -0.000465616 0.956075
0.002015 1902.88 0.112839 463947 -0.0104351 0.833447
0.007095 1419 0.0834068 463950 -0.088635 1.10807
0.002025 1906.48 0.112469 463947 -0.0106244 0.83188
0.007425 689.01 0.177408 463951 -0.0219388 2.29546
0.005185 2322.35 0.0335642 463945 -0.0801581 0.679685
0.007105 1389.13 0.0867398 463951 -0.0864116 1.13199
0.002035 1910.07 0.112099 463947 -0.0108148 0.830323
0.007435 677.418 0.179304 463949 -0.0210885 2.33526
0.004745 2321.73 0.0407152 463946 -0.0728347 0.680742
0.007445 666.188 0.181127 463949 -0.0198348 2.37515
0.007115 1359.3 0.0900684 463951 -0.0842157 1.15693
0.002045 1913.66 0.11173 463947 -0.0110062 0.828774
0.005195 2322.38 0.0334045 463945 -0.0803646 0.679658
0.007455 655.314 0.182877 463949 -0.0186342 2.41509
0.002605 2098.06 0.0919867 463947 -0.0231722 0.756096
0.007465 644.791 0.184552 463949 -0.0174652 2.45504
0.004755 2321.7 0.0405478 463946 -0.0730946 0.68073
0.003895 2303.59 0.0567582 463945 -0.0527752 0.687599
0.002055 1917.23 0.111361 463947 -0.0111986 0.827234
0.007125 1329.5 0.0933887 463951 -0.0821131 1.18296
0.005205 2322.4 0.0332449 463945 -0.0805712 0.679631
0.007475 634.616 0.186154 463948 -0.0162756 2.49492
0.002615 2101.01 0.0916553 463947 -0.0234095 0.755034
0.004765 2321.67 0.0403808 463946 -0.0733456 0.680719
0.007485 624.793 0.187681 463950 -0.0149684 2.53468
0.002065 1920.8 0.110993 463947 -0.011392 0.825704
0.007135 1299.71 0.0966962 463952 -0.0802153 1.21021
0.003905 2304.12 0.0565422 463945 -0.0529517 0.687424
0.007495 616.525 0.189134 463948 -0.014236 2.56917
0.005215 2322.42 0.0330854 463945 -0.0807777 0.679606
0.003375 2257.32 0.069137 463946 -0.0406971 0.702351
0.004775 2321.64 0.0402145 463946 -0.0735831 0.68071
0.007505 608.611 0.19051 463947 -0.0132522 2.60307
0.002625 2103.94 0.0913247 463947 -0.0236482 0.75398
0.002075 1924.36 0.110625 463947 -0.0115865 0.824182
0.007145 1269.84 0.0999855 463952 -0.078663 1.2388
0.003915 2304.65 0.056327 463945 -0.0531422 0.687252
0.005225 2322.44 0.0329259 463945 -0.0809842 0.679581
0.007515 601.046 0.191811 463947 -0.0123073 2.63632
0.004375 2319.32 0.047191 463946 -0.0644919 0.682144
0.004785 2321.7 0.0400481 463946 -0.073812 0.680673
0.003385 2258.61 0.0688765 463946 -0.0409537 0.701938
0.007525 593.826 0.193035 463947 -0.0113873 2.66885
0.002635 2106.87 0.0909951 463947 -0.0238885 0.752934
0.002085 1927.92 0.110257 463947 -0.0117819 0.82267
0.007155 1239.81 0.103251 463952 -0.0763438 1.26895
0.003925 2305.16 0.0561126 463945 -0.0533502 0.687084
0.005235 2322.45 0.0327665 463945 -0.0811906 0.679558
0.004385 2319.46 0.0470072 463946 -0.0647164 0.682085
0.007535 586.948 0.194184 463947 -0.0104663 2.70058
0.004795 2321.75 0.0398819 463946 -0.0740123 0.680637
0.003395 2259.89 0.0686169 463946 -0.0412107 0.70153
0.003755 2294.6 0.0598651 463946 -0.0501586 0.690492
0.002645 2109.77 0.0906663 463947 -0.0241307 0.751895
0.004395 2319.59 0.046824 463946 -0.0649406 0.682029
0.002095 1931.46 0.10989 463947 -0.0119784 0.821167
0.006075 2337.71 0.0201527 463945 -0.0990565 0.673587
0.004895 2322.04 0.0382361 463945 -0.074813 0.680353
0.000915 1507.03 0.151789 463947 0.00288193 1.05102
0.006845 1997.73 0.0338549 463946 -0.107786 0.786565
0.000925 1510.11 0.151495 463947 0.0029622 1.04888
0.003135 2221.41 0.0756674 463946 -0.0343353 0.713909
0.006455 2321.11 0.0146371 463930 -0.107413 0.677614
0.000935 1513.21 0.1512 463947 0.00299935 1.04675
0.006855 1986.68 0.0345703 463946 -0.107121 0.790933
0.001365 1661.26 0.136939 463947 -0.000576962 0.953973
0.003145 2223.12 0.0753846 463946 -0.034688 0.713353
0.000945 1516.33 0.150902 463947 0.00299505 1.0446
0.006465 2315.54 0.0149061 463945 -0.11103 0.679247
0.006865 1975.74 0.0352754 463946 -0.106061 0.795308
0.001375 1664.94 0.13658 463947 -0.000689614 0.951876
0.003155 2224.82 0.0751027 463946 -0.0350111 0.712802
0.000955 1519.47 0.150603 463947 0.00295728 1.04246
0.006475 2309.9 0.0151781 463945 -0.110945 0.680884
0.006875 1964.75 0.0359814 463911 -0.112344 0.799691
0.007545 580.414 0.195257 463948 -0.00949566 2.73142
0.007165 1209.65 0.10649 463966 -0.0762801 1.30079
0.003935 2305.67 0.0558989 463945 -0.053577 0.686918
0.007555 575.206 0.196253 463947 -0.00882791 2.75656
0.003405 2261.16 0.0683583 463946 -0.0414665 0.701127
0.007175 1183.72 0.109796 463951 -0.0734906 1.32942
0.003945 2306.16 0.055686 463945 -0.0538229 0.686755
0.007565 570.342 0.197172 463946 -0.00803423 2.78046
0.003415 2262.34 0.0681005 463946 -0.0417235 0.70075
0.007185 1158.01 0.11307 463952 -0.0714014 1.35912
0.003955 2306.65 0.0554739 463945 -0.0540869 0.686595
0.007575 565.817 0.198014 463946 -0.00726333 2.80306
0.004405 2319.71 0.0466414 463946 -0.0651646 0.681974
0.007195 1132.66 0.116315 463952 -0.0683695 1.38973
0.003965 2307.12 0.0552625 463945 -0.0543669 0.686439
0.003425 2263.52 0.0678437 463946 -0.0419793 0.700377
0.007585 561.628 0.19878 463946 -0.00650882 2.82431
0.007205 1107.71 0.119529 463952 -0.0654656 1.42125
0.003975 2307.59 0.0550518 463945 -0.05466 0.686284
0.004415 2319.83 0.0464592 463946 -0.0653883 0.681922
0.003765 2295.31 0.0596379 463946 -0.0503981 0.690265
0.003435 2264.67 0.0675877 463946 -0.0422347 0.700008
0.007595 557.775 0.199469 463946 -0.00576226 2.84413
0.003985 2308.05 0.0548419 463945 -0.0549626 0.686133
0.007215 1083.12 0.122706 463952 -0.0628071 1.45374
0.004425 2319.94 0.0462777 463946 -0.0656117 0.681871
0.003445 2265.82 0.0673327 463946 -0.04249 0.699643
0.003775 2296.01 0.0594116 463946 -0.0506316 0.69004
0.005245 2322.46 0.0326072 463945 -0.0813966 0.679535
0.003995 2308.49 0.0546328 463945 -0.0552708 0.685985
0.007225 1058.84 0.125845 463952 -0.0603422 1.48733
0.007605 554.257 0.200081 463947 -0.00500436 2.86247
0.004435 2320.04 0.0460966 463946 -0.0658347 0.681823
0.003455 2266.95 0.0670785 463946 -0.042745 0.699283
0.004005 2308.93 0.0544244 463945 -0.055581 0.685839
0.005255 2322.47 0.0324479 463945 -0.0816022 0.679513
0.003785 2296.7 0.059186 463946 -0.0508576 0.689819
0.007235 1034.82 0.128942 463953 -0.0579813 1.52211
0.003465 2268.07 0.0668253 463946 -0.0429997 0.698927
0.007615 551.939 0.200616 463946 -0.00436256 2.87473
0.004445 2320.14 0.0459161 463946 -0.0660574 0.681776
0.004015 2309.36 0.0542167 463945 -0.0558895 0.685696
0.005265 2322.47 0.0322888 463945 -0.0818075 0.679492
0.007245 1011.07 0.131995 463953 -0.055667 1.55814
0.003795 2297.38 0.0589613 463946 -0.0510744 0.689601
0.003475 2269.18 0.066573 463946 -0.0432542 0.698575
0.004455 2320.23 0.0457361 463946 -0.0662796 0.681731
0.007625 549.956 0.201074 463946 -0.0036783 2.88531
0.004025 2309.78 0.0540097 463945 -0.0561934 0.685556
0.005275 2322.48 0.03213 463945 -0.082012 0.679472
0.007255 987.588 0.135004 463953 -0.0533476 1.59549
0.003805 2298.05 0.0587374 463946 -0.0512809 0.689387
0.003485 2270.27 0.0663216 463946 -0.0435084 0.698228
0.004465 2320.31 0.0455566 463946 -0.0665015 0.681689
0.007635 548.305 0.201456 463946 -0.00300025 2.89417
0.004035 2310.19 0.0538035 463946 -0.0564904 0.685419
0.007265 964.368 0.137965 463953 -0.0508624 1.63422
0.005285 2322.47 0.0319709 463945 -0.0822162 0.679453
0.003815 2298.71 0.0585142 463946 -0.0514761 0.689176
0.003495 2271.35 0.066071 463946 -0.0437623 0.697884
0.004475 2320.38 0.0453776 463946 -0.0667227 0.681648
0.007645 546.986 0.201761 463946 -0.00232857 2.9013
0.004045 2310.59 0.053598 463946 -0.056779 0.685284
0.007275 941.445 0.140877 463957 -0.0479412 1.67435
0.005295 2322.47 0.0318118 463945 -0.0824189 0.679435
0.003825 2299.35 0.0582919 463946 -0.0516599 0.688967
0.003505 2272.42 0.0658214 463946 -0.0440159 0.697545
0.002655 2112.67 0.0903384 463947 -0.0243752 0.750864
0.003515 2273.48 0.0655727 463946 -0.0442691 0.697209
0.002105 1934.99 0.109523 463947 -0.0121758 0.819673
0.004905 2322.05 0.0380732 463945 -0.0748739 0.680332
0.002115 1938.52 0.109157 463947 -0.0123743 0.818187
0.001385 1668.63 0.13622 463947 -0.000803569 0.949784
0.006885 1941.01 0.0378337 463947 -0.117809 0.809532
0.004915 2322.04 0.0379104 463945 -0.0749354 0.680313
0.002125 1942.04 0.108792 463947 -0.0125737 0.816711
0.001395 1672.32 0.13586 463947 -0.000918823 0.947698
0.003165 2226.5 0.0748217 463946 -0.0353061 0.712257
0.002135 1945.55 0.108426 463947 -0.0127741 0.815244
0.004925 2322.04 0.0377476 463945 -0.0750189 0.680295
0.006895 1917.19 0.0396843 463947 -0.115708 0.819586
0.001405 1676.02 0.135499 463947 -0.00103537 0.945618
0.003175 2228.16 0.0745417 463946 -0.035579 0.711717
0.002145 1949.04 0.108062 463947 -0.0129755 0.813786
0.004935 2322.03 0.037585 463945 -0.0751279 0.680278
0.006905 1893.47 0.0415214 463947 -0.114066 0.829853
0.001415 1679.73 0.135137 463947 -0.00115321 0.943545
0.003185 2229.81 0.0742626 463946 -0.0358376 0.711182
0.002155 1952.53 0.107698 463947 -0.0131778 0.812337
0.004945 2322.01 0.0374225 463945 -0.0752592 0.680262
0.006915 1869.85 0.0433436 463947 -0.112355 0.840337
0.001425 1683.44 0.134775 463947 -0.00127233 0.941477
0.002165 1956.01 0.107334 463947 -0.0133812 0.810897
0.006485 2304.25 0.0154494 463945 -0.111148 0.68253
0.003195 2231.45 0.0739844 463946 -0.0360891 0.710653
0.004955 2322 0.0372603 463945 -0.0754106 0.680248
0.001435 1687.15 0.134411 463947 -0.00139274 0.939416
0.006925 1846.35 0.0451495 463947 -0.110597 0.851038
0.002175 1959.48 0.106971 463947 -0.0135855 0.809466
0.007285 921.373 0.143743 463952 -0.0466973 1.71115
0.004055 2310.98 0.0533932 463946 -0.0570583 0.685152
0.002185 1962.95 0.106608 463947 -0.0137909 0.808044
0.007655 545.997 0.20199 463946 -0.00166301 2.90667
0.007295 901.636 0.146553 463952 -0.0446491 1.74897
0.002195 1966.4 0.106246 463947 -0.0139973 0.806631
0.004065 2311.36 0.0531891 463946 -0.0573282 0.685022
0.005305 2322.47 0.031653 463945 -0.0826208 0.679417
0.007305 882.226 0.149305 463952 -0.0426534 1.78783
0.002205 1969.84 0.105885 463947 -0.0142048 0.805226
0.004075 2311.74 0.0529857 463946 -0.0575893 0.684896
0.007665 545.338 0.202142 463946 -0.00101041 2.91025
0.005315 2322.61 0.0314939 463945 -0.0828292 0.679356
0.007315 863.145 0.151999 463952 -0.0406833 1.82775
0.003835 2299.99 0.0580705 463946 -0.0518327 0.688762
0.002215 1973.27 0.105524 463947 -0.0144133 0.803831
0.004085 2312.1 0.0527831 463946 -0.0578423 0.684772
0.005325 2322.75 0.0313348 463945 -0.0830347 0.679295
0.007325 844.393 0.154633 463952 -0.0387499 1.86875
0.007675 545.008 0.202218 463946 -0.000332515 2.91205
0.002665 2115.54 0.0900113 463947 -0.0246211 0.749841
0.006495 2298.59 0.0157218 463945 -0.111419 0.68419
0.004965 2321.97 0.0370982 463945 -0.0755799 0.680234
0.002675 2118.32 0.0896852 463947 -0.0248682 0.748857
0.006505 2292.9 0.0159958 463945 -0.111711 0.685867
0.001445 1690.87 0.134048 463947 -0.00151444 0.937361
0.002685 2121.02 0.0893599 463947 -0.0251169 0.747904
0.004975 2321.95 0.0369362 463945 -0.075764 0.680223
0.006515 2287.18 0.0162715 463945 -0.111972 0.687559
0.001455 1694.6 0.133683 463947 -0.00163744 0.935313
0.006935 1822.97 0.0469371 463947 -0.108782 0.861957
0.002695 2123.7 0.0890355 463947 -0.0253639 0.746958
0.004985 2321.91 0.0367744 463945 -0.0759598 0.680212
0.006525 2281.44 0.0165481 463945 -0.112168 0.689266
0.001465 1698.32 0.133318 463947 -0.00176174 0.933271
0.006945 1799.73 0.0487041 463947 -0.106903 0.873094
0.002705 2126.37 0.088712 463947 -0.0256105 0.746019
0.004995 2321.88 0.0366128 463945 -0.0761642 0.680202
0.006535 2275.7 0.0168245 463945 -0.11228 0.690983
0.001475 1702.06 0.132952 463947 -0.00188736 0.931236
0.002715 2129.02 0.0883894 463947 -0.025857 0.745087
0.006955 1776.65 0.0504479 463947 -0.104955 0.884446
0.005005 2321.84 0.0364513 463945 -0.0763743 0.680194
0.006545 2269.96 0.0170995 463945 -0.112305 0.692706
0.001485 1705.79 0.132585 463947 -0.0020143 0.929209
0.002225 1976.69 0.105163 463947 -0.0146227 0.802444
0.004095 2312.46 0.0525811 463946 -0.0580886 0.68465
0.002725 2131.66 0.0880676 463947 -0.0261031 0.744162
0.006965 1753.75 0.0521658 463947 -0.102936 0.89601
0.006555 2264.25 0.0173717 463945 -0.112253 0.694432
0.005015 2321.8 0.03629 463945 -0.0765877 0.680187
0.001495 1709.53 0.132218 463947 -0.00214255 0.927188
0.002235 1980.1 0.104804 463947 -0.0148332 0.801067
0.002735 2134.29 0.0877468 463947 -0.0263487 0.743244
0.004105 2312.8 0.0523798 463946 -0.0583293 0.684531
0.005335 2322.88 0.0311757 463945 -0.0832402 0.679236
0.007335 825.969 0.157207 463952 -0.0368516 1.91086
0.001505 1713.28 0.131851 463947 -0.00227209 0.925174
0.005345 2323.02 0.0310168 463945 -0.0834449 0.679177
0.006975 1731.04 0.0538551 463947 -0.100851 0.907781
0.007345 807.875 0.159718 463952 -0.0348412 1.9541
0.001515 1717.02 0.131483 463947 -0.00240289 0.923167
0.005355 2323.15 0.0308578 463945 -0.0836491 0.679119
0.006565 2258.57 0.0176404 463945 -0.11214 0.696156
0.006985 1708.54 0.0555132 463948 -0.0987095 0.919756
0.007355 790.127 0.162167 463954 -0.0324902 1.99846
0.001525 1720.77 0.131114 463947 -0.00253489 0.921168
0.005365 2323.28 0.030699 463945 -0.0838528 0.679062
0.006575 2252.94 0.0179046 463945 -0.111982 0.697875
0.005025 2321.75 0.0361288 463945 -0.0768024 0.68018
0.006585 2247.36 0.0181639 463945 -0.111795 0.699589
0.005035 2321.7 0.0359677 463945 -0.077016 0.680175
0.006595 2241.82 0.0184179 463945 -0.11159 0.701294
0.002745 2136.9 0.0874268 463947 -0.0265933 0.742333
0.005045 2321.65 0.0358072 463945 -0.0772289 0.680171
0.004115 2313.14 0.0521793 463946 -0.0585658 0.684415
0.006605 2236.35 0.0186666 463945 -0.111376 0.702991
0.006995 1686.27 0.0571384 463948 -0.0965286 0.93193
0.002755 2139.5 0.0871077 463947 -0.0268361 0.741429
0.005055 2321.72 0.0356463 463945 -0.077448 0.68013
0.004125 2313.47 0.0519794 463946 -0.0587993 0.684301
0.006615 2230.93 0.0189097 463946 -0.111156 0.704679
0.005375 2323.41 0.0305401 463945 -0.084056 0.679006
0.007005 1664.23 0.0587299 463948 -0.0943251 0.944298
0.002765 2142.09 0.0867896 463947 -0.0270755 0.740532
0.005065 2321.79 0.0354856 463945 -0.0776618 0.680089
0.004135 2313.79 0.0517801 463946 -0.0590307 0.68419
0.006625 2225.57 0.0191473 463946 -0.110934 0.706357
0.001535 1724.52 0.130745 463947 -0.00266802 0.919176
0.005385 2323.53 0.0303814 463945 -0.0842589 0.678951
0.007015 1642.45 0.0602883 463948 -0.0921776 0.956858
0.005075 2321.85 0.035325 463945 -0.0778746 0.68005
0.002775 2144.63 0.0864723 463947 -0.0273118 0.73965
0.005395 2323.65 0.0302227 463945 -0.0844615 0.678896
0.004145 2314.1 0.0515816 463946 -0.059261 0.684081
0.006635 2220.26 0.0193794 463946 -0.110712 0.708025
0.001545 1728.27 0.130375 463947 -0.00280222 0.917192
0.007025 1620.91 0.0618156 463948 -0.0894771 0.96961
0.005085 2321.92 0.0351645 463945 -0.0780858 0.680012
0.002785 2147.17 0.086156 463947 -0.0275418 0.738775
0.005405 2323.77 0.0300642 463945 -0.0846639 0.678842
0.004155 2314.4 0.0513837 463946 -0.0594906 0.683975
0.006645 2215.02 0.0196059 463946 -0.11049 0.709683
0.001555 1732.03 0.130005 463947 -0.00293742 0.915215
0.007035 1599.55 0.0633304 463927 -0.0961108 0.982558
0.005415 2323.89 0.0299057 463945 -0.0848662 0.678789
0.005095 2321.97 0.0350041 463945 -0.0782956 0.679975
0.002795 2149.69 0.0858405 463947 -0.0277659 0.737905
0.006655 2209.83 0.019827 463946 -0.110279 0.71133
0.001565 1735.78 0.129635 463947 -0.00307359 0.913246
0.002805 2152.2 0.085526 463947 -0.0279847 0.73704
0.005425 2324 0.0297473 463945 -0.0850683 0.678737
0.006665 2204.7 0.0200427 463946 -0.109858 0.712966
0.002815 2154.71 0.0852124 463947 -0.0281993 0.73618
0.001575 1739.54 0.129264 463947 -0.00321073 0.911285
0.005435 2324.11 0.0295889 463945 -0.0852703 0.678685
0.006675 2199.52 0.0202608 463924 -0.114235 0.714595
0.005105 2322.03 0.0348438 463945 -0.0785042 0.679939
0.002825 2157.2 0.0848997 463947 -0.0284124 0.735324
0.001585 1743.3 0.128893 463947 -0.00334888 0.909331
0.006685 2187.08 0.0211246 463946 -0.118344 0.718672
0.005115 2322.08 0.0346836 463945 -0.078712 0.679904
0.002835 2159.69 0.084588 463947 -0.0286249 0.734473
0.001595 1747.06 0.128521 463947 -0.00348811 0.907386
0.006695 2174.61 0.0219874 463946 -0.117475 0.722773
0.002845 2162.05 0.0842771 463947 -0.0288401 0.733669
0.006705 2162.22 0.0228416 463946 -0.116844 0.726896
0.002855 2164.4 0.0839672 463947 -0.0290576 0.732868
0.006715 2149.92 0.0236871 463946 -0.116204 0.73104
0.002865 2166.74 0.0836582 463947 -0.0292806 0.732072
0.002875 2169.08 0.0833501 463947 -0.0295105 0.731282
