0.005445 2350.54 0.0250269 496693 -0.0812757 0.717729
0.005455 2350.71 0.0248473 496693 -0.0814543 0.71765
0.005465 2350.89 0.0246676 496693 -0.0816327 0.717572
0.005475 2351.06 0.0244879 496693 -0.0818109 0.717495
0.005485 2351.23 0.0243081 496693 -0.0819888 0.717419
0.005495 2351.39 0.0241284 496693 -0.0821666 0.717343
0.005505 2351.66 0.0239484 496693 -0.0823484 0.717235
0.005515 2351.93 0.0237683 496693 -0.0825295 0.717128
0.005525 2352.2 0.0235882 496693 -0.0827101 0.717021
0.005535 2352.46 0.0234079 496693 -0.0828904 0.716916
0.005545 2352.72 0.0232274 496693 -0.0830702 0.716812
0.005555 2352.97 0.0230469 496693 -0.0832497 0.716709
0.005565 2353.22 0.0228662 496693 -0.0834289 0.716607
0.005575 2353.47 0.0226853 496693 -0.0836077 0.716506
0.005585 2353.71 0.0225042 496693 -0.0837863 0.716406
0.005595 2353.95 0.022323 496693 -0.0839645 0.716308
0.005605 2354.19 0.0221416 496693 -0.0841424 0.71621
0.005615 2354.43 0.0219599 496693 -0.0843201 0.716113
0.005625 2354.66 0.0217781 496693 -0.0844976 0.716017
0.005635 2354.88 0.021596 496693 -0.0846749 0.715921
0.005645 2355.11 0.0214136 496693 -0.0848519 0.715827
0.005655 2355.33 0.021231 496693 -0.0850287 0.715734
0.005665 2355.55 0.0210481 496693 -0.0852054 0.715642
0.005675 2355.76 0.0208649 496693 -0.0853819 0.71555
0.005125 2344.57 0.0307932 496693 -0.0754814 0.72032
0.005685 2355.97 0.0206814 496693 -0.0855582 0.715459
0.005695 2356.18 0.0204976 496693 -0.0857343 0.71537
0.005135 2344.76 0.0306114 496693 -0.0756646 0.72024
0.005705 2356.38 0.0203135 496693 -0.0859101 0.715281
0.005145 2344.94 0.0304297 496693 -0.0758476 0.72016
0.005715 2356.59 0.0201292 496693 -0.0860858 0.715193
0.005155 2345.12 0.0302482 496693 -0.0760303 0.720083
0.005725 2356.9 0.0199443 496693 -0.0862657 0.715071
0.005165 2345.29 0.0300668 496693 -0.0762128 0.720006
0.005735 2357.21 0.0197591 496693 -0.0864446 0.714951
0.005175 2345.46 0.0298856 496693 -0.0763949 0.71993
0.005745 2357.51 0.0195736 496693 -0.0866231 0.714832
0.005185 2345.63 0.0297045 496693 -0.0765768 0.719856
0.005755 2357.81 0.0193876 496693 -0.0868009 0.714714
0.001605 1804.47 0.124927 496693 -0.00601515 0.940138
0.005195 2345.79 0.0295236 496693 -0.0767584 0.719783
0.005205 2345.95 0.0293427 496693 -0.0769397 0.719711
0.001615 1807.84 0.124584 496693 -0.0061459 0.938395
0.005215 2346.11 0.029162 496693 -0.0771208 0.71964
0.005225 2346.26 0.0289815 496693 -0.0773016 0.71957
0.005235 2346.4 0.028801 496693 -0.0774822 0.719502
0.001625 1811.21 0.124241 496693 -0.00627768 0.936659
0.004485 2332.48 0.0429437 496693 -0.063497 0.72545
0.005245 2346.55 0.0286207 496693 -0.0776626 0.719434
0.001635 1814.58 0.123897 496693 -0.00641049 0.934929
0.005255 2346.69 0.0284404 496693 -0.0778427 0.719368
0.001645 1817.96 0.123553 496693 -0.00654433 0.933205
0.005265 2346.82 0.0282603 496693 -0.0780223 0.719302
0.001655 1821.33 0.123209 496693 -0.0066792 0.931488
0.004495 2332.71 0.0427437 496693 -0.0636931 0.725359
0.001285 1698 0.135585 496693 -0.00239469 0.998684
0.005275 2346.96 0.0280803 496693 -0.078202 0.719238
0.001665 1824.7 0.122864 496693 -0.0068151 0.929777
0.004505 2332.93 0.0425441 496693 -0.0638883 0.725269
0.005285 2347.2 0.0279004 496693 -0.0783856 0.71914
0.001675 1828.07 0.122519 496693 -0.00695203 0.928073
0.004515 2333.15 0.0423448 496693 -0.0640823 0.725181
0.005295 2347.43 0.0277204 496693 -0.0785683 0.719043
0.001685 1831.44 0.122174 496693 -0.00708998 0.926376
0.004525 2333.36 0.042146 496693 -0.0642746 0.725095
0.001295 1701.25 0.135264 496693 -0.00249091 0.996792
0.005305 2347.67 0.0275406 496693 -0.0787508 0.718948
0.001695 1834.81 0.121828 496693 -0.00722896 0.924685
0.004535 2333.56 0.0419476 496693 -0.064465 0.725011
0.001305 1704.5 0.134943 496693 -0.00258824 0.994903
5e-06 1446.75 0.15975 496693 0.00225034 1.17083
0.005315 2347.9 0.0273609 496693 -0.0789329 0.718854
0.004545 2333.82 0.0417495 496693 -0.0646569 0.724908
0.001705 1838.18 0.121482 496693 -0.00736896 0.923002
0.001315 1707.76 0.13462 496693 -0.00268667 0.993017
0.005325 2348.12 0.0271812 496693 -0.0791147 0.718761
0.004555 2334.08 0.0415518 496693 -0.0648463 0.724808
0.001715 1841.54 0.121136 496693 -0.00750997 0.921325
0.001325 1711.03 0.134297 496693 -0.0027862 0.991133
0.005335 2348.34 0.0270015 496693 -0.0792963 0.718669
0.004565 2334.34 0.0413545 496693 -0.0650345 0.724709
1.5e-05 1446.78 0.159747 496693 0.00225069 1.1708
0.001725 1844.9 0.12079 496693 -0.00765198 0.919655
0.001335 1714.3 0.133973 496693 -0.00288684 0.989253
0.005345 2348.56 0.0268219 496693 -0.0794775 0.718578
0.000965 1599.93 0.145158 496693 0.000104952 1.05946
0.004575 2334.58 0.0411576 496693 -0.0652218 0.724611
2.5e-05 1446.86 0.15974 496693 0.00225103 1.17074
0.001735 1848.27 0.120444 496693 -0.007795 0.917992
0.001345 1717.59 0.133647 496693 -0.00298857 0.987375
0.005355 2348.78 0.0266424 496693 -0.0796585 0.718488
0.004585 2334.83 0.040961 496693 -0.0654087 0.724515
3.5e-05 1446.97 0.159729 496693 0.00225132 1.17065
0.001745 1851.63 0.120097 496693 -0.00793901 0.916336
0.001355 1720.87 0.133321 496693 -0.00309141 0.985502
0.005365 2348.99 0.0264629 496693 -0.0798391 0.7184
0.004595 2335.06 0.0407648 496693 -0.0655957 0.72442
4.5e-05 1447.12 0.159715 496693 0.00225155 1.17053
0.001755 1854.98 0.11975 496693 -0.00808401 0.914687
0.001365 1724.17 0.132994 496693 -0.00319535 0.983632
0.005375 2349.19 0.0262834 496693 -0.0800195 0.718312
0.000975 1602.78 0.144883 496693 4.35757e-05 1.05759
0.004605 2335.3 0.0405689 496693 -0.0657832 0.724327
5.5e-05 1447.3 0.159698 496693 0.00225167 1.17038
0.001765 1858.34 0.119403 496693 -0.00822999 0.913045
0.001375 1727.47 0.132666 496693 -0.00330039 0.981765
0.005385 2349.39 0.0261039 496693 -0.0801997 0.718226
0.004165 2322.04 0.0495741 496693 -0.0571622 0.729335
0.004615 2335.52 0.0403734 496693 -0.0659712 0.724235
6.5e-05 1447.52 0.159677 496693 0.00225165 1.1702
0.001775 1861.69 0.119056 496693 -0.00837695 0.91141
0.001385 1730.77 0.132337 496693 -0.00340653 0.979902
0.005395 2349.59 0.0259244 496693 -0.0803796 0.71814
0.000985 1605.65 0.144606 496693 -1.88513e-05 1.05572
0.004625 2335.75 0.0401783 496693 -0.0661598 0.724145
7.5e-05 1447.78 0.159653 496693 0.00225146 1.17
0.001785 1865.04 0.118709 496693 -0.00852489 0.909783
0.001395 1734.09 0.132007 496693 -0.00351376 0.978044
0.005405 2349.79 0.0257449 496693 -0.0805593 0.718056
0.000995 1608.53 0.144327 496693 -8.23334e-05 1.05384
0.004635 2335.97 0.0399835 496693 -0.0663491 0.724057
8.5e-05 1448.08 0.159625 496693 0.00225109 1.16976
0.001795 1868.38 0.118362 496693 -0.0086738 0.908163
0.001405 1737.4 0.131677 496693 -0.00362209 0.976189
0.005415 2349.98 0.0255655 496693 -0.0807387 0.717973
0.001005 1611.43 0.144047 496693 -0.000146874 1.05196
0.004175 2322.45 0.0493595 496693 -0.0573653 0.729188
0.004805 2338.97 0.0367219 496693 -0.0695568 0.722765
0.004645 2336.18 0.039789 496693 -0.0665388 0.72397
9.5e-05 1448.41 0.159594 496693 0.0022505 1.16949
0.001805 1871.73 0.118014 496693 -0.00882367 0.90655
0.001415 1740.72 0.131345 496693 -0.0037315 0.974339
0.005425 2350.17 0.025386 496693 -0.0809179 0.717891
0.001015 1614.34 0.143765 496693 -0.000212478 1.05007
0.004185 2322.85 0.0491455 496693 -0.0575679 0.729043
0.004655 2336.39 0.0395949 496693 -0.0667289 0.723884
0.000105 1448.78 0.159559 496693 0.00224968 1.1692
0.001815 1875.07 0.117667 496693 -0.00897451 0.904944
0.001425 1744.05 0.131013 496693 -0.00384201 0.972493
0.005435 2350.35 0.0252064 496693 -0.0810969 0.71781
0.001025 1617.27 0.143481 496693 -0.000279148 1.04819
0.004195 2323.25 0.0489319 496693 -0.05777 0.728901
0.004665 2336.59 0.0394011 496693 -0.0669192 0.7238
0.000115 1449.19 0.159521 496693 0.0022486 1.16887
0.000325 1465.98 0.157939 496693 0.00214738 1.15557
0.003525 2277.4 0.0645231 496693 -0.0435153 0.744657
0.000335 1467.16 0.157827 496693 0.00213797 1.15464
0.000345 1468.38 0.157712 496693 0.00212807 1.15369
0.000355 1469.63 0.157594 496693 0.00211767 1.15272
0.003535 2278.43 0.0642691 496693 -0.0437361 0.744309
0.000365 1470.91 0.157473 496693 0.00210675 1.15172
0.003545 2279.44 0.0640159 496693 -0.0439566 0.743966
0.003845 2304.67 0.0567316 496693 -0.0504781 0.735385
0.000375 1472.23 0.157349 496693 0.00209531 1.1507
0.003555 2280.44 0.0637633 496693 -0.0441768 0.743627
0.000645 1519.48 0.152871 496693 0.00154563 1.11516
0.000385 1473.58 0.157222 496693 0.00208332 1.14965
0.003565 2281.43 0.0635115 496693 -0.0443967 0.743291
0.000395 1474.96 0.157091 496693 0.00207079 1.14858
0.003855 2305.35 0.0564988 496693 -0.0506911 0.735154
0.003575 2282.41 0.0632603 496693 -0.0446164 0.742959
0.000655 1521.63 0.152666 496693 0.00151488 1.11359
0.000405 1476.37 0.156958 496693 0.0020577 1.14749
0.003865 2306.02 0.0562667 496693 -0.0509038 0.734925
0.003585 2283.38 0.0630098 496693 -0.0448358 0.74263
0.000665 1523.81 0.152459 496693 0.00148328 1.11201
0.000415 1477.82 0.156821 496693 0.00204403 1.14638
0.005765 2358.11 0.0192012 496693 -0.0869783 0.714597
0.003875 2306.67 0.0560351 496693 -0.0511162 0.7347
0.003595 2284.33 0.06276 496693 -0.0450551 0.742306
0.000675 1526.01 0.152249 496693 0.00145084 1.11042
0.000425 1479.3 0.156681 496693 0.00202978 1.14524
0.003885 2307.32 0.0558042 496693 -0.0513283 0.734478
0.003605 2285.28 0.0625109 496693 -0.0452741 0.741985
0.000685 1528.24 0.152036 496693 0.00141753 1.10881
0.000435 1480.81 0.156539 496693 0.00201493 1.14408
0.003895 2307.96 0.0555739 496693 -0.0515402 0.734258
0.003615 2286.21 0.0622625 496693 -0.045493 0.741667
0.000695 1530.5 0.151821 496693 0.00138336 1.10719
0.000445 1482.35 0.156393 496693 0.00199948 1.1429
0.005775 2358.4 0.0190144 496693 -0.087155 0.71448
0.001925 1911.53 0.113843 496693 -0.0106962 0.887771
0.003905 2308.59 0.0553442 496693 -0.0517519 0.734042
0.003625 2287.14 0.0620147 496693 -0.0457117 0.741354
0.000705 1532.78 0.151604 496693 0.00134831 1.10555
0.000455 1483.92 0.156244 496693 0.00198341 1.14169
0.005785 2358.69 0.0188272 496693 -0.0873312 0.714365
0.003205 2237.1 0.0730251 496693 -0.0363453 0.758432
0.003915 2309.21 0.0551151 496693 -0.0519633 0.733828
0.003635 2288.05 0.0617677 496693 -0.0459303 0.741043
0.000715 1535.08 0.151384 496693 0.00131237 1.1039
0.000465 1485.53 0.156092 496693 0.00196671 1.14047
0.005795 2358.98 0.0186395 496693 -0.0875069 0.714251
0.003925 2309.82 0.0548866 496693 -0.0521745 0.733617
0.003645 2288.96 0.0615213 496693 -0.0461488 0.740737
0.000725 1537.41 0.151162 496693 0.00127554 1.10224
0.000475 1487.16 0.155938 496693 0.00194937 1.13922
0.005805 2359.27 0.0184513 496693 -0.087682 0.714137
0.001935 1914.81 0.113495 496693 -0.0108583 0.886256
0.003935 2310.42 0.0546587 496693 -0.0523855 0.73341
0.003655 2289.85 0.0612755 496693 -0.0463672 0.740434
0.000735 1539.77 0.150937 496693 0.00123781 1.10057
0.000485 1488.83 0.15578 496693 0.00193137 1.13796
0.005815 2359.55 0.0182627 496693 -0.0878566 0.714024
0.003215 2238.59 0.0727482 496693 -0.0365675 0.757916
0.001945 1918.09 0.113148 496693 -0.0110213 0.884747
0.003945 2311.01 0.0544313 496693 -0.0525963 0.733205
0.006085 2368.35 0.0129298 496693 -0.0922968 0.710606
0.003665 2290.73 0.0610305 496693 -0.0465855 0.740134
0.000745 1542.14 0.15071 496693 0.00119916 1.09888
0.006405 2362.59 0.0076929 496693 -0.0998734 0.711341
0.000495 1490.53 0.155619 496693 0.00191271 1.13667
0.005825 2359.83 0.0180736 496693 -0.0880307 0.713912
0.003225 2240.08 0.0724721 496693 -0.0367907 0.757404
0.001955 1921.37 0.112801 496693 -0.0111852 0.883247
0.003955 2311.6 0.0542046 496693 -0.0528069 0.733003
0.003675 2291.61 0.0607861 496693 -0.0468037 0.739838
0.000755 1544.55 0.15048 496693 0.0011596 1.09719
0.000505 1492.25 0.155456 496693 0.00189338 1.13536
0.005835 2360.11 0.0178839 496693 -0.0882043 0.713801
0.003235 2241.55 0.0721966 496693 -0.0370148 0.756897
0.001965 1924.64 0.112454 496693 -0.01135 0.881754
0.003965 2312.17 0.0539785 496693 -0.0530174 0.732804
0.003685 2292.47 0.0605424 496693 -0.0470219 0.739546
0.000765 1546.97 0.150248 496693 0.00111912 1.09548
0.006095 2368.71 0.0127212 496693 -0.0924495 0.710468
0.000515 1494.01 0.155289 496693 0.00187336 1.13404
0.005845 2360.38 0.0176937 496693 -0.0883774 0.71369
0.003245 2243.01 0.0719219 496693 -0.0372397 0.756395
0.001975 1927.9 0.112107 496693 -0.0115157 0.880268
0.003975 2312.74 0.0537529 496693 -0.0532277 0.732607
0.003695 2293.32 0.0602993 496693 -0.0472401 0.739257
0.006415 2360.45 0.00768973 496693 -0.099946 0.711954
0.002885 2180.89 0.0822702 496693 -0.0292692 0.778215
0.000775 1549.42 0.150014 496693 0.00107771 1.09376
0.000525 1495.8 0.15512 496693 0.00185264 1.13269
0.006105 2369.07 0.0125115 496693 -0.0926011 0.710329
0.005855 2360.65 0.017503 496693 -0.0885502 0.71358
0.003255 2244.46 0.0716479 496693 -0.0374656 0.755898
0.001985 1931.16 0.11176 496693 -0.0116822 0.878791
0.003985 2313.29 0.053528 496693 -0.0534377 0.732414
0.003705 2294.16 0.060057 496693 -0.0474582 0.738971
0.006425 2358.32 0.00768472 496693 -0.10002 0.712564
0.000785 1551.89 0.149778 496693 0.00103536 1.09203
0.000535 1497.61 0.154948 496693 0.00183121 1.13133
0.006115 2369.44 0.0123009 496693 -0.0927514 0.71019
0.005865 2360.92 0.0173117 496693 -0.0887235 0.713471
0.003265 2245.89 0.0713747 496693 -0.0376909 0.755405
0.001995 1934.41 0.111414 496693 -0.0118497 0.877321
0.003995 2313.84 0.0533036 496693 -0.0536467 0.732223
0.003715 2294.99 0.0598152 496693 -0.0476763 0.738689
0.006435 2356.19 0.00767792 496693 -0.100094 0.713172
0.000795 1554.38 0.149539 496693 0.000992059 1.09029
0.000545 1499.46 0.154773 496693 0.00180906 1.12994
0.006125 2369.8 0.0120894 496693 -0.0929009 0.710051
0.005875 2361.19 0.0171198 496693 -0.0888994 0.713363
0.002895 2182.92 0.0819702 496693 -0.0295009 0.777489
0.003275 2247.26 0.0711022 496693 -0.0379179 0.754935
0.007365 1156.32 0.103274 496698 -0.05785 1.44872
0.002005 1937.65 0.111067 496693 -0.0120181 0.875859
0.004005 2314.39 0.0530798 496693 -0.0538578 0.732032
0.003725 2295.81 0.0595742 496693 -0.0478932 0.738411
0.006445 2354.09 0.00766933 496693 -0.100169 0.713777
0.000805 1556.9 0.149298 496693 0.000947809 1.08854
0.000555 1501.33 0.154595 496693 0.00178618 1.12854
0.006135 2370.31 0.0118767 496693 -0.0930545 0.709869
0.005885 2361.45 0.0169273 496693 -0.0890836 0.713255
0.002905 2184.92 0.0816708 496693 -0.0297312 0.776768
0.003285 2248.62 0.0708304 496693 -0.0381439 0.754469
0.002015 1940.89 0.110721 496693 -0.0121874 0.874404
0.004015 2314.93 0.0528565 496693 -0.0540675 0.731844
0.003735 2296.6 0.0593337 496693 -0.0481118 0.73814
0.006455 2351.99 0.00765896 496693 -0.100244 0.714379
0.000815 1559.44 0.149055 496693 0.000902599 1.08678
0.000565 1503.24 0.154414 496693 0.00176255 1.12712
0.006145 2370.82 0.011663 496693 -0.093206 0.709686
0.005895 2361.71 0.0167343 496693 -0.0892844 0.71315
0.002915 2186.92 0.0813721 496693 -0.0299609 0.776055
0.003295 2249.96 0.0705593 496693 -0.0383698 0.754007
0.002025 1944.12 0.110375 496693 -0.0123575 0.872957
0.004025 2315.46 0.0526338 496693 -0.0542766 0.731658
0.003745 2297.39 0.059094 496693 -0.048329 0.737874
0.006465 2349.9 0.00764684 496693 -0.100318 0.714978
0.002245 2013.23 0.102831 496693 -0.0163215 0.843095
0.000825 1562 0.148809 496693 0.000856421 1.08501
0.007375 1133.82 0.106117 496698 -0.0554952 1.47757
0.000575 1505.17 0.154231 496693 0.00173818 1.12569
0.006155 2371.33 0.0114483 496693 -0.0933557 0.709504
0.005905 2361.96 0.0165406 496693 -0.0895012 0.713047
0.002925 2188.9 0.0810741 496693 -0.0301901 0.775347
0.003305 2251.3 0.070289 496693 -0.0385954 0.75355
0.002035 1947.34 0.110029 496693 -0.0125286 0.871518
0.004035 2315.99 0.0524117 496693 -0.0544852 0.731475
0.003755 2298.16 0.0588549 496693 -0.0485457 0.73761
0.006475 2347.83 0.00763296 496693 -0.100391 0.715575
0.000835 1564.58 0.148562 496693 0.000809269 1.08324
0.000585 1507.13 0.154045 496693 0.00171304 1.12423
0.007385 1111.68 0.108902 496698 -0.0531327 1.50711
0.006165 2371.84 0.0112325 496693 -0.0935037 0.709321
0.005915 2362.2 0.0163463 496693 -0.0897065 0.712947
0.002935 2190.86 0.0807769 496693 -0.0304187 0.774645
0.003315 2252.62 0.0700193 496693 -0.0388209 0.753098
0.002045 1950.56 0.109683 496693 -0.0127005 0.870087
0.004045 2316.5 0.0521902 496693 -0.0546935 0.731295
0.003765 2298.92 0.0586164 496693 -0.0487619 0.73735
0.006485 2345.77 0.00761732 496693 -0.100463 0.716168
0.000845 1567.18 0.148312 496693 0.000761135 1.08145
0.000595 1509.12 0.153856 496693 0.00168713 1.12276
0.002565 2105.1 0.0922374 496693 -0.0226764 0.806339
0.002255 2016.27 0.102492 496693 -0.0165116 0.841828
0.007395 1089.91 0.111626 496699 -0.0507764 1.53733
0.006175 2372.36 0.0110156 496693 -0.0936505 0.709137
0.005925 2362.54 0.0161513 496693 -0.0898638 0.712814
0.002945 2192.82 0.0804804 496693 -0.0306468 0.773949
0.003325 2253.93 0.0697504 496693 -0.0390461 0.75265
0.002055 1953.77 0.109338 496693 -0.0128733 0.868663
0.004055 2317.01 0.0519692 496693 -0.0549013 0.731118
0.003775 2299.68 0.0583786 496693 -0.0489777 0.737093
0.006495 2343.73 0.00759994 496693 -0.100534 0.716758
0.000855 1569.8 0.14806 496693 0.000712014 1.07966
0.000605 1511.14 0.153664 496693 0.00166043 1.12127
0.002265 2019.3 0.102154 496693 -0.0167025 0.840568
0.007405 1068.52 0.114287 496699 -0.0484313 1.56824
0.007045 1922.86 0.031893 496694 -0.0948459 0.871154
0.006185 2372.87 0.0107977 496693 -0.0937963 0.708953
0.005935 2362.89 0.0159557 496693 -0.0899725 0.71268
0.002955 2194.76 0.0801846 496693 -0.0308742 0.77326
0.003335 2255.22 0.0694823 496693 -0.0392711 0.752207
0.002065 1956.97 0.108993 496693 -0.0130469 0.867248
0.004065 2317.51 0.0517487 496693 -0.0551087 0.730943
0.003785 2300.42 0.0581414 496693 -0.0491932 0.73684
0.006505 2341.7 0.00758078 496693 -0.100605 0.717345
0.000865 1572.44 0.147807 496693 0.000661899 1.07785
0.002575 2107.79 0.0919157 496693 -0.0228444 0.805306
0.000615 1513.18 0.15347 496693 0.00163294 1.11977
0.002275 2022.32 0.101816 496693 -0.0168943 0.839316
0.007415 1047.52 0.116883 496699 -0.0461036 1.5998
0.006195 2373.39 0.0105787 496693 -0.0939414 0.708768
0.005945 2363.25 0.0157594 496693 -0.0900811 0.712543
0.002965 2196.68 0.0798895 496693 -0.0311011 0.772576
0.003345 2256.51 0.0692148 496693 -0.0394958 0.751768
0.002075 1960.17 0.108648 496693 -0.0132215 0.86584
0.004075 2318 0.0515289 496693 -0.0553158 0.730771
0.006725 2245.85 0.0114843 496693 -0.106868 0.747106
0.003795 2301.15 0.0579048 496693 -0.0494082 0.736589
0.006515 2339.68 0.00755986 496693 -0.100602 0.717929
0.000875 1575.11 0.147551 496693 0.000610785 1.07604
0.002585 2110.48 0.0915946 496693 -0.0230077 0.804277
0.000625 1515.25 0.153273 496693 0.00160465 1.11825
0.002285 2025.33 0.101479 496693 -0.017087 0.838071
0.007055 1910.6 0.0326768 496694 -0.0938975 0.876708
0.007425 1026.93 0.11941 496699 -0.0436164 1.63202
0.006205 2373.91 0.0103586 496693 -0.0940863 0.708583
0.005955 2363.62 0.0155624 496693 -0.0902147 0.712404
0.002975 2198.59 0.0795951 496693 -0.0313261 0.771898
0.003355 2257.78 0.0689481 496693 -0.0397203 0.751333
0.002085 1963.36 0.108303 496693 -0.0133969 0.864439
0.004085 2318.48 0.0513095 496693 -0.0555224 0.730601
0.003805 2301.88 0.0576689 496693 -0.0496229 0.736342
0.006525 2337.63 0.00754016 496685 -0.102353 0.71851
0.000885 1577.79 0.147293 496693 0.000558665 1.07423
0.002595 2113.05 0.0912742 496693 -0.0231731 0.803301
0.000635 1517.35 0.153073 496693 0.00157555 1.11671
0.002295 2028.33 0.101142 496693 -0.0172805 0.836835
0.007065 1898.49 0.0334451 496694 -0.0926394 0.882264
0.001825 1878.4 0.117319 496693 -0.00912631 0.903346
0.007435 1006.78 0.121865 496703 -0.0408094 1.66484
0.006215 2374.43 0.0101376 496693 -0.0942312 0.708397
0.005965 2363.99 0.0153646 496693 -0.0903688 0.712264
0.002985 2200.43 0.0793015 496693 -0.0315512 0.771246
0.001435 1747.38 0.13068 496693 -0.00395361 0.970651
0.002995 2202.26 0.0790086 496693 -0.0317738 0.7706
0.003005 2204.07 0.0787164 496693 -0.0319948 0.769959
0.003015 2205.88 0.0784249 496693 -0.0322145 0.769323
0.001445 1750.72 0.130347 496693 -0.0040663 0.968814
0.003025 2207.67 0.0781341 496693 -0.0324329 0.768692
0.001035 1620.21 0.143195 496693 -0.000346887 1.04629
0.001455 1754.06 0.130013 496693 -0.00418007 0.966982
0.003035 2209.44 0.0778441 496693 -0.0326502 0.768066
0.004815 2339.18 0.0365328 496693 -0.0697443 0.722676
0.001465 1757.4 0.129678 496693 -0.00429492 0.965155
0.003045 2211.21 0.0775548 496693 -0.0328668 0.767444
0.001475 1760.74 0.129342 496693 -0.00441085 0.963333
0.003055 2212.97 0.0772662 496693 -0.0330828 0.766828
0.001045 1623.17 0.142908 496693 -0.000415698 1.0444
0.001485 1764.09 0.129006 496693 -0.00452786 0.961515
0.003065 2214.71 0.0769784 496693 -0.0332987 0.766216
0.001055 1626.15 0.142619 496693 -0.000485585 1.0425
0.004825 2339.39 0.036344 496693 -0.0699314 0.722589
0.004205 2323.63 0.0487189 496693 -0.0579716 0.72876
0.001495 1767.45 0.128669 496693 -0.00464594 0.959703
0.003075 2216.45 0.0766913 496693 -0.0335147 0.765608
0.001065 1629.14 0.142328 496693 -0.00055655 1.0406
0.004835 2339.6 0.0361554 496693 -0.0701179 0.722503
0.004675 2336.79 0.0392077 496693 -0.0671094 0.723718
0.001505 1770.8 0.128331 496693 -0.0047651 0.957896
0.003085 2218.17 0.0764049 496693 -0.0337314 0.765006
0.001075 1632.14 0.142036 496693 -0.000628595 1.0387
0.004845 2339.8 0.0359671 496693 -0.0703039 0.722419
0.000125 1449.63 0.159479 496693 0.00224727 1.16852
0.001515 1774.16 0.127993 496693 -0.00488533 0.956095
0.003095 2219.89 0.0761192 496693 -0.0339474 0.764407
0.001085 1635.16 0.141743 496693 -0.000701723 1.0368
0.004855 2340 0.0357791 496693 -0.0704896 0.722336
0.004215 2324.01 0.0485063 496693 -0.0581725 0.728622
0.003365 2259.04 0.0686821 496693 -0.0399445 0.750903
0.001525 1777.52 0.127655 496693 -0.00500664 0.954299
0.003105 2221.51 0.0758343 496693 -0.0341648 0.763842
0.001095 1638.19 0.141448 496693 -0.000775938 1.03489
0.004865 2340.19 0.0355914 496693 -0.0706749 0.722255
0.004225 2324.39 0.0482943 496693 -0.058373 0.728487
0.004685 2336.98 0.0390146 496693 -0.0672996 0.723638
0.006735 2237.78 0.0119767 496693 -0.106464 0.749758
0.001535 1780.88 0.127315 496693 -0.00512901 0.952508
0.003115 2223.11 0.0755501 496693 -0.0343809 0.763282
0.003375 2260.29 0.0684168 496693 -0.0401686 0.750477
0.001105 1641.24 0.141151 496693 -0.00085124 1.03298
0.004235 2324.75 0.0480827 496693 -0.0585728 0.728353
0.004875 2340.38 0.0354039 496693 -0.0708603 0.722175
0.000135 1450.11 0.159434 496693 0.00224565 1.16813
0.004695 2337.16 0.0388218 496693 -0.0674896 0.723559
0.001545 1784.25 0.126976 496693 -0.00525245 0.950723
0.003125 2224.71 0.0752667 496693 -0.034597 0.762725
0.006745 2229.77 0.0124628 496693 -0.106175 0.752411
0.004245 2325.11 0.0478717 496693 -0.0587722 0.728222
0.002095 1966.54 0.107959 496693 -0.0135732 0.863047
0.003385 2261.53 0.0681522 496693 -0.0403925 0.750055
0.001115 1644.3 0.140853 496693 -0.000927633 1.03108
0.004885 2340.56 0.0352167 496693 -0.0710456 0.722096
0.004705 2337.34 0.0386293 496693 -0.0676793 0.723481
0.001555 1787.62 0.126635 496693 -0.00537695 0.948944
0.000145 1450.62 0.159385 496693 0.00224373 1.16772
0.003135 2226.3 0.0749839 496693 -0.0348134 0.762173
0.006755 2221.82 0.0129426 496693 -0.105879 0.755064
0.004255 2325.46 0.0476611 496693 -0.0589708 0.728092
0.003395 2262.75 0.0678884 496693 -0.0406162 0.749638
0.002105 1969.71 0.107614 496693 -0.0137503 0.861662
0.001125 1647.37 0.140554 496693 -0.00100512 1.02917
0.004715 2337.52 0.0384372 496693 -0.0678686 0.723406
0.004895 2340.74 0.0350298 496693 -0.07123 0.722019
0.001565 1790.98 0.126295 496693 -0.0055025 0.947171
0.000155 1451.17 0.159334 496693 0.00224152 1.16728
0.003145 2227.88 0.0747019 496693 -0.0350301 0.761626
0.006765 2213.92 0.0134159 496693 -0.10558 0.757716
0.004265 2325.81 0.047451 496693 -0.0591683 0.727965
0.002115 1972.87 0.107271 496693 -0.0139284 0.860285
0.003405 2263.96 0.0676252 496693 -0.0408399 0.749225
0.001135 1650.45 0.140253 496693 -0.0010837 1.02726
0.004725 2337.69 0.0382454 496693 -0.0680576 0.723332
0.004905 2340.92 0.0348431 496693 -0.0714117 0.721942
0.001575 1794.35 0.125953 496693 -0.0056291 0.945404
0.003155 2229.44 0.0744206 496693 -0.0352474 0.761082
0.000165 1451.76 0.159278 496693 0.00223898 1.16681
0.006775 2206.08 0.0138827 496693 -0.105276 0.760368
0.004275 2326.18 0.0472414 496693 -0.0593681 0.72783
0.002125 1976.03 0.106927 496693 -0.0141073 0.858916
0.003415 2265.16 0.0673628 496693 -0.0410635 0.748816
0.001145 1653.54 0.13995 496693 -0.00116338 1.02535
0.004735 2337.86 0.0380539 496693 -0.0682462 0.723259
0.004915 2341.09 0.0346566 496693 -0.0715886 0.721868
0.001585 1797.72 0.125612 496693 -0.00575675 0.943643
0.003165 2230.99 0.0741401 496693 -0.0354653 0.760543
0.004095 2318.95 0.0510907 496693 -0.0557287 0.730434
0.004285 2326.55 0.0470322 496693 -0.0595662 0.727697
0.006785 2198.3 0.0143427 496693 -0.104969 0.763019
0.000175 1452.39 0.15922 496693 0.00223612 1.16631
0.002135 1979.18 0.106584 496693 -0.014287 0.857555
0.003425 2266.35 0.0671011 496693 -0.041287 0.748411
0.001155 1656.65 0.139647 496693 -0.00124416 1.02344
0.004745 2338.02 0.0378627 496693 -0.0684344 0.723188
0.004925 2341.25 0.0344705 496693 -0.0717599 0.721794
0.001595 1801.1 0.12527 496693 -0.00588543 0.941887
0.003175 2232.54 0.0738602 496693 -0.035684 0.760009
0.004295 2326.9 0.0468236 496693 -0.0597637 0.727566
0.004105 2319.42 0.0508725 496693 -0.0559347 0.73027
0.006795 2190.57 0.0147959 496693 -0.104657 0.765668
0.000185 1453.05 0.159157 496693 0.00223292 1.16579
0.002145 1982.32 0.106241 496693 -0.0144677 0.856201
0.003435 2267.53 0.0668401 496693 -0.0415106 0.748011
0.004755 2338.17 0.0376718 496693 -0.0686221 0.723118
0.007445 989.966 0.124259 496697 -0.0393963 1.69325
0.003815 2302.59 0.0574337 496693 -0.0498372 0.736098
0.004765 2338.32 0.0374812 496693 -0.0688094 0.72305
0.006225 2374.95 0.00991551 496693 -0.0943767 0.70821
0.007455 973.635 0.126572 496697 -0.037303 1.72181
0.006535 2332.97 0.0077534 496693 -0.104034 0.719922
0.003825 2303.29 0.057199 496693 -0.0500511 0.735858
0.004775 2338.47 0.0372909 496693 -0.0689962 0.722984
0.000895 1580.49 0.147033 496693 0.000505536 1.0724
0.007465 957.778 0.128803 496697 -0.0352605 1.75048
0.006235 2375.48 0.00969245 496693 -0.094523 0.708023
0.005975 2364.36 0.0151662 496693 -0.0905321 0.712125
0.003835 2303.99 0.056965 496693 -0.0502648 0.73562
0.004785 2338.61 0.0371009 496693 -0.0691824 0.722918
0.006545 2328.29 0.00796595 496693 -0.103893 0.72133
0.002605 2115.6 0.0909544 496693 -0.0233347 0.802329
0.007475 942.4 0.130948 496697 -0.0332427 1.77921
0.002305 2031.32 0.100805 496693 -0.0174748 0.835606
0.007075 1886.42 0.0342078 496663 -0.0975267 0.887823
0.007485 927.502 0.133005 496697 -0.0312591 1.80796
0.002315 2034.29 0.100469 496693 -0.0176699 0.834385
0.001835 1881.73 0.116971 496693 -0.00927906 0.901755
0.007085 1862.99 0.0360381 496695 -0.101646 0.899014
0.007495 913.086 0.134973 496696 -0.0293107 1.83667
0.002325 2037.26 0.100133 496693 -0.0178658 0.833171
0.000195 1453.74 0.159092 496693 0.00222938 1.16523
0.001845 1885.06 0.116624 496693 -0.00943276 0.900171
0.001165 1659.77 0.139342 496693 -0.00132603 1.02153
0.007095 1839.54 0.0378628 496695 -0.0996633 0.910443
0.007505 899.154 0.13685 496696 -0.027289 1.8653
0.002335 2040.22 0.0997982 496693 -0.0180626 0.831966
0.004935 2341.42 0.0342845 496693 -0.071928 0.721722
0.000205 1454.47 0.159023 496693 0.00222548 1.16465
0.001855 1888.39 0.116276 496693 -0.00958742 0.898595
0.003185 2234.07 0.0735811 496693 -0.0359035 0.759479
0.007105 1816.19 0.0396732 496695 -0.098156 0.922117
0.007515 885.726 0.138633 496699 -0.0250729 1.89376
0.001175 1662.9 0.139035 496693 -0.00140902 1.01962
0.002345 2043.17 0.0994635 496693 -0.0182601 0.830768
0.001865 1891.71 0.115928 496693 -0.00974301 0.897026
0.000215 1455.24 0.158951 496693 0.00222121 1.16404
0.004945 2341.57 0.0340988 496693 -0.0720985 0.721651
0.004305 2327.25 0.0466154 496693 -0.0599607 0.727436
0.007115 1792.94 0.0414696 496695 -0.0966446 0.934046
0.007525 875.127 0.140321 496695 -0.0237704 1.91685
0.003195 2235.59 0.0733028 496693 -0.036124 0.758953
0.001185 1666.04 0.138728 496693 -0.0014931 1.01771
0.001875 1895.02 0.115581 496693 -0.00989955 0.895465
0.002355 2046.1 0.0991293 496693 -0.0184585 0.829578
0.000225 1456.04 0.158875 496693 0.00221657 1.16341
0.004955 2341.73 0.0339133 496693 -0.0722775 0.721581
0.004115 2319.87 0.0506547 496693 -0.0561402 0.730108
0.006805 2182.91 0.0152421 496693 -0.10434 0.768313
0.004965 2341.88 0.0337281 496693 -0.0724684 0.721513
0.002155 1985.45 0.105898 496693 -0.0146491 0.854856
0.004125 2320.32 0.0504376 496693 -0.0563454 0.729948
0.003445 2268.7 0.0665798 496693 -0.0417342 0.747615
0.006815 2175.31 0.0156812 496693 -0.104017 0.770955
0.004975 2342.02 0.0335431 496693 -0.0726698 0.721445
0.006245 2376 0.00946845 496693 -0.0946705 0.707836
0.004135 2320.76 0.0502209 496693 -0.0565502 0.729791
0.002165 1988.57 0.105556 496693 -0.0148315 0.853518
0.006825 2167.78 0.016113 496693 -0.103683 0.773593
0.003455 2269.85 0.0663203 496693 -0.0419578 0.747222
0.004985 2342.17 0.0333583 496693 -0.0728757 0.721379
0.004145 2321.2 0.0500048 496693 -0.0567546 0.729637
0.006255 2376.53 0.00924354 496693 -0.0948197 0.707648
0.006835 2160.31 0.0165374 496693 -0.103338 0.776225
0.002175 1991.68 0.105214 496693 -0.0150147 0.852188
0.003465 2270.99 0.0660614 496693 -0.0421816 0.746834
0.000905 1583.21 0.146771 496693 0.000451391 1.07057
0.004995 2342.3 0.0331738 496693 -0.0730791 0.721315
0.004155 2321.62 0.0497892 496693 -0.0569586 0.729485
0.006265 2377.06 0.00901777 496693 -0.0949709 0.707459
0.005985 2364.72 0.014967 496693 -0.0906978 0.711986
0.006845 2152.91 0.0169542 496693 -0.102978 0.778851
0.002185 1994.79 0.104873 496693 -0.0151988 0.850865
0.003475 2272.12 0.0658033 496693 -0.0424042 0.746451
0.004795 2338.75 0.0369113 496693 -0.069368 0.722855
0.006555 2323.65 0.00817498 496693 -0.103825 0.722735
0.003485 2273.2 0.0655458 496693 -0.0426281 0.746084
0.002615 2118.16 0.0906352 496693 -0.0234994 0.80136
0.007125 1769.79 0.0432519 496695 -0.0951491 0.946238
0.003495 2274.27 0.0652891 496693 -0.0428506 0.745721
0.004315 2327.6 0.0464076 496693 -0.0601573 0.727309
0.002625 2120.71 0.0903167 496693 -0.0236704 0.800394
0.003505 2275.33 0.0650331 496693 -0.0430726 0.745362
0.007135 1746.74 0.04502 496695 -0.0936579 0.958701
0.007535 865.051 0.14191 496695 -0.0220474 1.93935
0.002635 2123.25 0.0899988 496693 -0.0238492 0.799433
0.004325 2327.94 0.0462004 496693 -0.0603537 0.727184
0.001195 1669.19 0.138419 496693 -0.00157829 1.0158
0.003515 2276.37 0.0647777 496693 -0.0432941 0.745007
0.007145 1723.79 0.0467735 496695 -0.0921615 0.971444
0.001885 1898.33 0.115233 496693 -0.010057 0.893911
0.002645 2125.79 0.0896815 496693 -0.0240354 0.798477
0.002365 2049.03 0.0987956 496693 -0.0186576 0.828396
0.000235 1456.88 0.158797 496693 0.00221155 1.16274
0.002655 2128.32 0.089365 496693 -0.0242282 0.797526
0.005005 2342.44 0.0329895 496693 -0.0732753 0.721251
0.002375 2051.94 0.0984625 496693 -0.0188576 0.827221
0.000915 1585.95 0.146507 496693 0.000396226 1.06874
0.002665 2130.84 0.089049 496693 -0.0244253 0.79658
0.000245 1457.75 0.158714 496693 0.00220612 1.16205
0.006275 2377.59 0.0087912 496693 -0.0951244 0.707271
0.002385 2054.84 0.0981298 496693 -0.0190583 0.826054
0.005015 2342.57 0.0328053 496693 -0.0734634 0.721189
0.006855 2145.58 0.0173634 496693 -0.102607 0.78147
0.002675 2133.27 0.0887338 496693 -0.0246271 0.795669
0.000925 1588.71 0.146241 496693 0.000340037 1.06689
0.000255 1458.66 0.158629 496693 0.0022003 1.16133
0.002195 1997.89 0.104531 496693 -0.0153838 0.849551
0.002395 2057.73 0.0977977 496693 -0.0192598 0.824895
0.005025 2342.69 0.0326214 496693 -0.0736459 0.721127
0.006285 2378.12 0.00856389 496693 -0.0952805 0.707082
0.005995 2365.09 0.014767 496693 -0.0908634 0.711847
0.002685 2135.7 0.0884192 496693 -0.0248298 0.794764
0.006865 2138.32 0.0177647 496693 -0.102231 0.78408
0.000935 1591.49 0.145973 496693 0.00028282 1.06504
0.006565 2319.03 0.00838041 496693 -0.10375 0.724136
0.000265 1459.6 0.15854 496693 0.00219405 1.16059
0.002405 2060.61 0.0974661 496693 -0.0194621 0.823743
0.002205 2000.97 0.104191 496693 -0.0155696 0.848244
0.005035 2342.81 0.0324377 496693 -0.0738256 0.721068
0.006295 2378.65 0.00833589 496693 -0.0954394 0.706893
0.006005 2365.45 0.0145662 496693 -0.0910279 0.711708
0.002695 2138.11 0.0881052 496693 -0.0250342 0.793865
0.000945 1594.29 0.145703 496693 0.00022457 1.06319
0.006875 2131.14 0.018158 496693 -0.101856 0.786681
0.000275 1460.58 0.158448 496693 0.00218739 1.15981
0.006575 2314.45 0.00858214 496693 -0.103671 0.725532
0.002415 2063.48 0.097135 496693 -0.0196652 0.822599
0.002215 2004.05 0.10385 496693 -0.0157563 0.846945
0.005045 2342.93 0.0322544 496693 -0.0740057 0.721009
0.006305 2379.18 0.00810729 496693 -0.0956042 0.706704
0.002705 2140.51 0.0877919 496693 -0.0252405 0.792971
0.006015 2365.82 0.0143647 496693 -0.0911911 0.71157
0.000955 1597.1 0.145432 496693 0.000165282 1.06133
0.000285 1461.59 0.158353 496693 0.00218029 1.15902
0.006885 2124.03 0.0185431 496693 -0.101494 0.78927
0.006585 2309.9 0.00878009 496693 -0.10359 0.726923
0.002425 2066.34 0.0968045 496693 -0.0198692 0.821463
0.005055 2343.15 0.0320711 496693 -0.0741905 0.720918
0.002225 2007.12 0.10351 496693 -0.0159438 0.845654
0.006315 2379.71 0.00787817 496693 -0.0957013 0.706516
0.002715 2142.9 0.0874793 496693 -0.0254489 0.792083
0.007545 855.492 0.143399 496695 -0.0203628 1.96118
0.004335 2328.27 0.0459935 496693 -0.06055 0.727061
0.002725 2145.28 0.0871674 496693 -0.0256597 0.791201
0.007155 1700.94 0.0485118 496695 -0.0906502 0.984471
0.007555 846.451 0.144786 496695 -0.0187023 1.98228
0.001205 1672.36 0.138109 496693 -0.00166459 1.01389
0.002735 2147.65 0.0868561 496693 -0.0258732 0.790326
0.004345 2328.59 0.0457872 496693 -0.0607461 0.72694
0.001895 1901.64 0.114885 496693 -0.0102154 0.892365
0.007165 1678.2 0.0502341 496695 -0.0891163 0.997789
0.007565 837.929 0.14607 496695 -0.0170712 2.00259
0.006025 2366.18 0.0141623 496693 -0.0913531 0.711432
0.001215 1675.53 0.137797 496693 -0.00175199 1.01199
0.002745 2150 0.0865455 496693 -0.0260885 0.789457
0.004355 2328.91 0.0455813 496693 -0.0609423 0.726821
0.007175 1655.58 0.0519394 496695 -0.0875535 1.0114
0.001905 1904.94 0.114538 496693 -0.0103748 0.890826
0.007575 829.929 0.147252 496694 -0.0154172 2.02204
0.000295 1462.64 0.158254 496693 0.00217275 1.15819
0.006035 2366.54 0.0139591 496693 -0.0915137 0.711295
0.006895 2117 0.0189198 496693 -0.100938 0.791848
0.002755 2152.32 0.0862356 496693 -0.0263078 0.788604
0.001225 1678.71 0.137485 496693 -0.0018405 1.01008
0.004365 2329.23 0.0453758 496693 -0.0611384 0.726703
0.007185 1633.09 0.0536265 496695 -0.085959 1.02531
0.001915 1908.24 0.11419 496693 -0.010535 0.889295
0.007585 822.463 0.148328 496697 -0.0136987 2.04054
0.006045 2366.9 0.013755 496693 -0.091673 0.711157
0.000305 1463.72 0.158152 496693 0.00216476 1.15734
0.002765 2154.62 0.0859264 496693 -0.0265282 0.787758
0.006595 2305.39 0.00897418 496693 -0.103505 0.72831
0.002435 2069.18 0.0964745 496693 -0.0200739 0.820335
0.002775 2156.91 0.0856179 496693 -0.0267505 0.786918
0.006605 2300.91 0.00916433 496693 -0.103418 0.72969
0.002445 2072.02 0.0961451 496693 -0.0202795 0.819214
0.002785 2159.19 0.0853101 496693 -0.0269746 0.786085
0.006615 2296.46 0.00935049 496693 -0.103329 0.731065
0.002455 2074.84 0.0958163 496693 -0.0204859 0.818101
0.002795 2161.45 0.0850029 496693 -0.0272004 0.785259
0.006625 2292.05 0.00953259 496693 -0.103238 0.732434
0.002465 2077.65 0.095488 496693 -0.020693 0.816995
0.002805 2163.69 0.0846965 496693 -0.0274277 0.784439
0.002235 2010.18 0.10317 496693 -0.0161322 0.844371
0.006635 2287.68 0.0097106 496693 -0.103146 0.733797
0.002475 2080.44 0.0951602 496693 -0.0209008 0.815897
0.002815 2165.93 0.0843908 496693 -0.0276555 0.783626
0.005065 2343.37 0.031888 496693 -0.0743754 0.720829
0.006325 2380.2 0.00765219 496685 -0.0976239 0.706329
0.007195 1610.74 0.0552943 496695 -0.0843288 1.03953
0.005075 2343.58 0.0317051 496693 -0.0745606 0.720741
0.006905 2109.96 0.0192945 496673 -0.104377 0.794415
0.006335 2377.98 0.00766175 496693 -0.0994914 0.706966
0.001235 1681.91 0.137171 496693 -0.0019301 1.00818
0.007205 1588.53 0.0569413 496695 -0.0827169 1.05404
0.005085 2343.79 0.0315223 496693 -0.0747455 0.720654
0.004375 2329.53 0.0451708 496693 -0.0613346 0.726588
0.006345 2375.74 0.00767212 496693 -0.0994726 0.7076
0.006915 2095.86 0.0202784 496694 -0.107493 0.799749
0.006055 2367.26 0.0135501 496693 -0.091831 0.711019
0.007215 1566.49 0.0585662 496696 -0.080603 1.06886
0.001245 1685.11 0.136856 496693 -0.00202082 1.00627
0.005095 2343.99 0.0313398 496693 -0.0749299 0.720568
0.007595 817.613 0.149299 496694 -0.0123933 2.05275
0.006355 2373.52 0.00768047 496693 -0.0995364 0.708231
0.004385 2329.83 0.0449662 496693 -0.0615308 0.726475
0.006925 2081.77 0.0212567 496694 -0.106444 0.805119
0.000315 1464.83 0.158047 496693 0.0021563 1.15647
0.007225 1544.56 0.0601801 496678 -0.0859274 1.08399
0.006065 2367.62 0.0133442 496693 -0.0919876 0.710882
0.001255 1688.32 0.13654 496693 -0.00211263 1.00437
0.005105 2344.19 0.0311574 496693 -0.075114 0.720484
0.006365 2371.31 0.00768683 496693 -0.0995995 0.708859
0.007605 813.305 0.150162 496694 -0.0109015 2.06373
0.004395 2330.13 0.044762 496693 -0.0617271 0.726363
0.006935 2067.79 0.0222228 496694 -0.105592 0.81052
0.007235 1514.88 0.0634308 496698 -0.0897356 1.10527
0.006075 2367.98 0.0131375 496693 -0.0921428 0.710744
0.006645 2283.34 0.00988448 496693 -0.103054 0.735153
0.001265 1691.54 0.136222 496693 -0.00220555 1.00248
0.005115 2344.38 0.0309753 496693 -0.0752978 0.720401
0.006375 2369.11 0.00769122 496693 -0.099665 0.709484
0.004405 2330.41 0.0445583 496693 -0.0619234 0.726254
0.007615 809.534 0.150918 496694 -0.00942141 2.07345
0.006945 2053.93 0.0231761 496694 -0.1047 0.815949
0.002485 2083.23 0.0948331 496693 -0.0211091 0.814807
0.002825 2168.11 0.0840857 496693 -0.0278856 0.782833
0.007245 1485.27 0.066667 496697 -0.0867096 1.12732
0.002495 2086 0.0945065 496693 -0.0213174 0.813724
0.006655 2279.03 0.0100542 496693 -0.102961 0.736503
0.002835 2170.28 0.0837814 496693 -0.0281155 0.782047
0.001275 1694.77 0.135904 496693 -0.00229957 1.00058
0.002505 2088.76 0.0941806 496693 -0.0215249 0.812649
0.007255 1455.8 0.0698771 496698 -0.0843269 1.15016
0.006385 2366.92 0.00769368 496693 -0.0997326 0.710106
0.006665 2274.76 0.0102198 496693 -0.102869 0.737846
0.004415 2330.69 0.044355 496693 -0.0621198 0.726147
0.002845 2172.43 0.0834777 496693 -0.0283457 0.781267
0.002515 2091.51 0.0938552 496693 -0.0217307 0.811581
0.007625 806.3 0.151567 496693 -0.00795151 2.08185
0.006955 2040.18 0.0241161 496694 -0.103783 0.821404
0.002525 2094.24 0.0935304 496693 -0.0219332 0.81052
0.007265 1426.47 0.0730596 496698 -0.0818796 1.17384
0.007635 803.605 0.152107 496693 -0.00649282 2.0889
0.006395 2364.75 0.00769423 496693 -0.0998021 0.710724
0.006965 2026.56 0.0250421 496694 -0.102842 0.826882
0.002535 2096.97 0.0932062 496693 -0.0221303 0.809466
0.007275 1397.28 0.0762128 496698 -0.0794241 1.19838
0.006675 2270.53 0.0103812 496693 -0.102778 0.739182
0.004425 2330.97 0.0441522 496693 -0.0623163 0.726041
0.007285 1368.26 0.0793349 496698 -0.076958 1.22384
0.006685 2266.34 0.0105384 496693 -0.102687 0.740511
0.002855 2174.57 0.0831748 496693 -0.0285764 0.780494
0.004435 2331.24 0.0439497 496693 -0.062513 0.725938
0.007645 801.448 0.15254 496693 -0.00504395 2.09458
0.007295 1339.4 0.0824245 496699 -0.0744831 1.25025
0.006975 2013.08 0.0259536 496694 -0.101879 0.832379
0.006695 2262.18 0.0106915 496693 -0.102603 0.741833
0.002865 2176.69 0.0828726 496693 -0.0288074 0.779728
0.004445 2331.5 0.0437477 496693 -0.0627097 0.725836
0.007305 1310.71 0.0854795 496699 -0.0719893 1.27767
0.007655 799.83 0.152864 496693 -0.00360381 2.09887
0.006705 2258.05 0.0108405 496693 -0.102412 0.743148
0.006985 1999.73 0.0268501 496694 -0.100895 0.837893
0.002875 2178.8 0.082571 496693 -0.0290388 0.778968
0.004455 2331.75 0.0435461 496693 -0.0629066 0.725737
0.002545 2099.69 0.0928827 496693 -0.0223205 0.808418
0.007315 1282.2 0.0884984 496699 -0.0695092 1.30613
0.007665 798.751 0.15308 496693 -0.00218383 2.10173
0.006715 2253.91 0.0109896 496681 -0.104702 0.744457
0.004465 2332 0.0433449 496693 -0.0631036 0.725639
0.007675 798.211 0.153189 496694 -0.000721355 2.10317
0.006995 1986.53 0.0277311 496694 -0.0998951 0.843419
0.002555 2102.39 0.0925597 496693 -0.0225025 0.807376
0.007325 1253.89 0.0914789 496700 -0.0660473 1.33569
0.004475 2332.24 0.0431441 496693 -0.0633004 0.725544
0.007005 1973.49 0.0285961 496694 -0.0988831 0.848956
0.007335 1225.82 0.0944182 496701 -0.0651753 1.36634
0.007015 1960.59 0.0294449 496694 -0.0978654 0.8545
0.007345 1202.32 0.0974222 496698 -0.0619237 1.39312
0.007025 1947.86 0.0302773 496694 -0.0968487 0.860049
0.007355 1179.16 0.100375 496698 -0.0602123 1.42057
0.007035 1935.28 0.0310933 496694 -0.0958404 0.865601
