0.005125 311.889 0.232915 119704 0.14935 1.33175
0.005135 311.914 0.232915 119704 0.14877 1.33164
0.005145 311.932 0.232915 119704 0.148194 1.33157
0.005155 311.942 0.232916 119704 0.147598 1.33152
0.005165 311.943 0.232916 119704 0.147004 1.33152
0.005175 311.936 0.232916 119704 0.146398 1.33155
0.005185 311.921 0.232916 119704 0.145818 1.33162
0.005195 311.897 0.232916 119704 0.145228 1.33172
0.005205 311.863 0.232917 119704 0.144633 1.33186
0.005215 311.82 0.232917 119704 0.144031 1.33205
0.005225 311.766 0.232917 119704 0.143452 1.33228
0.005235 311.7 0.232917 119704 0.14281 1.33256
0.005245 311.752 0.232917 119704 0.142194 1.33234
0.005255 311.801 0.232917 119704 0.141661 1.33213
0.005265 311.843 0.232917 119704 0.141079 1.33195
0.005275 311.878 0.232917 119704 0.140495 1.3318
0.005285 311.904 0.232917 119704 0.139908 1.33169
0.005295 311.922 0.232917 119704 0.139328 1.33161
0.005305 311.932 0.232917 119704 0.138721 1.33157
0.005315 311.932 0.232917 119704 0.138127 1.33157
0.005325 311.924 0.232917 119704 0.137518 1.33161
0.005335 311.908 0.232917 119704 0.136941 1.33168
0.005345 311.883 0.232917 119704 0.136356 1.33178
0.005355 311.85 0.232917 119704 0.135768 1.33192
0.005365 311.809 0.232917 119704 0.135174 1.3321
0.005375 311.758 0.232917 119704 0.134601 1.33231
0.005385 311.697 0.232917 119704 0.13396 1.33258
0.005395 311.753 0.232917 119704 0.133339 1.33234
0.005405 311.805 0.232917 119704 0.132795 1.33212
0.005415 311.849 0.232917 119704 0.132198 1.33193
0.005425 311.884 0.232917 119704 0.131599 1.33178
0.005435 311.91 0.232917 119704 0.130997 1.33167
0.005765 311.933 0.232918 119704 0.111458 1.33157
0.006085 311.896 0.232918 119704 0.0924207 1.33173
0.005445 311.926 0.232917 119704 0.1304 1.3316
0.005775 311.92 0.232918 119704 0.110867 1.33163
0.004805 312.398 0.232816 119704 0.167871 1.32942
0.006095 311.863 0.232918 119704 0.0918233 1.33187
0.005785 311.897 0.232918 119704 0.110272 1.33172
0.001605 1643.93 0.106715 119704 0.243852 0.249651
0.005455 311.933 0.232917 119704 0.129776 1.33157
0.006105 311.82 0.232918 119704 0.0912208 1.33206
0.002245 2301.85 0.0409731 119704 0.215738 0.178338
0.005795 311.864 0.232918 119704 0.109671 1.33186
0.004815 312.384 0.232826 119704 0.16733 1.32949
0.005465 311.931 0.232917 119704 0.129163 1.33158
0.006405 311.814 0.232918 119704 0.0734608 1.33208
0.006115 311.766 0.232918 119704 0.0906445 1.33229
0.001615 1655.23 0.10559 119704 0.244049 0.247945
0.005805 311.821 0.232918 119704 0.109064 1.33205
0.002565 2257.56 0.0333125 119704 0.131976 0.181817
0.004825 312.368 0.232835 119704 0.166783 1.32957
0.005475 311.919 0.232917 119704 0.128558 1.33163
0.002255 2310.81 0.0400577 119704 0.214834 0.177648
0.006125 311.701 0.232918 119704 0.0900106 1.33256
0.001925 1991.88 0.0720538 119704 0.239742 0.206046
0.001625 1666.51 0.104466 119704 0.244225 0.246266
0.005815 311.766 0.232918 119704 0.108483 1.33228
0.006725 311.763 0.232918 119704 0.0544095 1.3323
0.006415 311.764 0.232918 119704 0.0728999 1.33229
0.004835 312.351 0.232843 119704 0.16623 1.32966
0.005485 311.899 0.232917 119704 0.127968 1.33171
0.002265 2319.73 0.0391448 119704 0.213957 0.176966
0.007045 311.874 0.232918 119705 0.0375079 1.33184
0.006135 311.755 0.232918 119704 0.0893911 1.33233
0.002575 2251.93 0.0333508 119704 0.13139 0.18227
0.001635 1677.76 0.103345 119704 0.244379 0.244612
0.005825 311.699 0.232918 119704 0.107844 1.33257
0.007365 312.22 0.232918 119705 0.0186607 1.33036
0.001935 2002.21 0.0710247 119704 0.239277 0.204985
0.006425 311.704 0.232918 119704 0.0722728 1.33255
0.004485 321.466 0.231057 119704 0.183196 1.29052
0.004845 312.329 0.232851 119704 0.165671 1.32976
0.006735 311.813 0.232918 119704 0.0538354 1.33209
0.005495 311.87 0.232917 119704 0.127384 1.33184
0.002275 2328.61 0.0382343 119704 0.213112 0.176292
0.001285 1275.59 0.143233 119704 0.226572 0.321952
0.006145 311.804 0.232918 119704 0.0888493 1.33212
0.002585 2246.28 0.0333898 119704 0.13083 0.182727
0.001645 1688.99 0.102226 119704 0.244512 0.242985
0.002885 2056.96 0.0365371 119704 0.0755429 0.199468
0.007055 311.91 0.232918 119705 0.0369601 1.33168
5e-06 354.163 0.23008 119704 0.0923915 1.17058
0.005835 311.751 0.232918 119704 0.107223 1.33235
0.001945 2012.51 0.0699993 119704 0.238792 0.203938
0.006435 311.764 0.232918 119704 0.0716533 1.33229
0.003205 1527.93 0.068857 119705 0.106005 0.268304
0.007375 312.264 0.232918 119705 0.0180795 1.33017
0.004165 387.551 0.217796 119704 0.184542 1.06641
0.004855 312.304 0.232857 119704 0.165107 1.32987
0.006745 311.855 0.232918 119704 0.0532194 1.33191
0.005505 311.834 0.232917 119704 0.126818 1.33199
0.000965 915.411 0.178248 119704 0.19078 0.449439
0.004495 320.61 0.231199 119704 0.182853 1.29406
0.002285 2337.46 0.037326 119704 0.212305 0.175626
0.006155 311.846 0.232918 119704 0.0882655 1.33194
0.003525 990.969 0.125521 119705 0.133176 0.414019
0.002595 2240.62 0.0334296 119704 0.130293 0.183186
0.000325 409.813 0.225262 119704 0.105924 1.01022
0.001295 1287.16 0.142095 119704 0.227419 0.319046
0.003845 601.405 0.179482 119705 0.166286 0.683985
0.001655 1700.2 0.10111 119704 0.244624 0.241382
0.000645 606.942 0.207357 119704 0.144836 0.679891
0.002895 2041.31 0.0376046 119704 0.0756521 0.200992
0.007065 311.939 0.232918 119705 0.0363994 1.33156
0.005845 311.799 0.232918 119704 0.106683 1.33214
0.001955 2022.76 0.0689776 119704 0.238288 0.202905
0.006445 311.817 0.232918 119704 0.0711017 1.33207
0.001665 1711.39 0.0999956 119704 0.244715 0.239803
1.5e-05 354.237 0.230074 119704 0.092405 1.17033
0.007385 312.301 0.232918 119705 0.0174987 1.33001
0.003215 1510.77 0.0696273 119705 0.108197 0.271348
0.004865 312.274 0.232864 119704 0.164539 1.33001
0.006755 311.89 0.232918 119704 0.0526029 1.33176
0.005515 311.794 0.232918 119704 0.126264 1.33216
0.004175 383.33 0.218567 119704 0.1848 1.07832
0.004505 320.059 0.23133 119704 0.182499 1.29637
0.002295 2346.26 0.0364198 119704 0.211541 0.174968
0.000975 926.157 0.177217 119704 0.192114 0.444191
0.006165 311.881 0.232918 119704 0.0876824 1.3318
0.004875 312.238 0.232869 119704 0.163966 1.33017
0.002605 2234.96 0.0334701 119704 0.129781 0.183649
0.003535 973.909 0.127343 119712 0.135024 0.421321
0.000335 413.748 0.224914 119704 0.107487 1.00053
0.004515 319.537 0.231453 119704 0.182137 1.29857
0.001305 1298.74 0.140954 119704 0.228248 0.316192
0.003855 591.238 0.181006 119705 0.166829 0.695829
0.002905 2025.59 0.0386746 119704 0.0758005 0.202546
0.007075 311.959 0.232918 119705 0.0358309 1.33147
0.005855 311.84 0.232918 119704 0.1061 1.33197
0.000655 615.228 0.206589 119704 0.146281 0.670663
0.001965 2032.97 0.0679597 119704 0.237766 0.201887
0.006455 311.862 0.232918 119704 0.0705084 1.33188
0.001675 1722.55 0.0988838 119704 0.244785 0.238249
2.5e-05 354.39 0.230061 119704 0.0924471 1.16982
0.007395 312.332 0.232918 119705 0.0169186 1.32988
0.003225 1493.62 0.0703659 119705 0.1105 0.274463
0.006765 311.917 0.232918 119704 0.0519888 1.33164
0.005525 311.75 0.232918 119704 0.125734 1.33235
0.004185 379.174 0.219311 119704 0.184953 1.09031
0.002305 2355.04 0.0355157 119704 0.210822 0.174317
0.006175 311.907 0.232918 119704 0.0870972 1.33168
0.000985 936.95 0.176181 119704 0.193436 0.439042
0.004885 312.196 0.232874 119704 0.163387 1.33036
0.002615 2229.29 0.0335112 119704 0.129293 0.184114
0.006775 311.936 0.232918 119704 0.0513906 1.33156
0.003545 960.752 0.129154 119705 0.135618 0.427089
0.004525 319.035 0.231568 119704 0.181742 1.30069
0.000345 417.833 0.224553 119706 0.106436 0.990678
0.001315 1310.32 0.139813 119704 0.229059 0.313387
0.002915 2009.81 0.0397468 119704 0.0759944 0.204131
0.003865 581.044 0.182516 119705 0.167309 0.708122
0.007085 311.971 0.232918 119705 0.0352493 1.33142
0.005865 311.875 0.232918 119704 0.105518 1.33182
0.000665 623.622 0.20581 119704 0.147732 0.661567
0.001975 2043.15 0.0669456 119704 0.237224 0.200883
0.006465 311.897 0.232918 119704 0.0699161 1.33173
0.001685 1733.68 0.0977745 119704 0.244833 0.236718
3.5e-05 354.624 0.230042 119704 0.0925114 1.16904
0.007405 312.356 0.232918 119705 0.0163396 1.32978
0.003235 1476.46 0.0710708 119705 0.112921 0.277649
0.005875 311.902 0.232918 119704 0.104933 1.3317
0.005535 311.7 0.232918 119704 0.125109 1.33256
0.004195 375.069 0.220028 119705 0.185129 1.10242
0.002315 2363.78 0.0346133 119704 0.210204 0.173673
0.006185 311.926 0.232918 119704 0.0865164 1.3316
0.000995 947.788 0.17514 119704 0.194747 0.433989
0.004895 312.147 0.232878 119704 0.162803 1.33058
0.002625 2223.61 0.0335528 119704 0.128829 0.184583
0.006785 311.947 0.232918 119704 0.0508008 1.33151
0.003555 947.669 0.130954 119705 0.137092 0.433011
0.004535 318.553 0.231674 119704 0.18134 1.30273
0.006195 311.936 0.232918 119704 0.0859229 1.33156
0.000355 422.069 0.224177 119704 0.109327 0.980635
0.001325 1321.9 0.138671 119704 0.22985 0.310631
0.002925 1993.95 0.0408207 119704 0.0762322 0.205748
0.003875 570.812 0.184012 119705 0.167797 0.720903
0.007095 311.975 0.232918 119705 0.0346427 1.33141
0.001985 2053.28 0.0659353 119704 0.236664 0.199893
0.000675 632.12 0.20502 119704 0.149188 0.652603
0.006475 311.922 0.232918 119704 0.0693259 1.33162
0.001695 1744.79 0.0966678 119704 0.24486 0.235211
4.5e-05 354.943 0.230015 119704 0.0925991 1.16798
0.007415 312.372 0.232918 119705 0.0157642 1.32971
0.007105 311.97 0.232918 119705 0.0340323 1.33143
0.003245 1459.32 0.0717402 119705 0.115474 0.28091
0.005885 311.922 0.232918 119704 0.104349 1.33162
0.005545 311.766 0.232918 119704 0.124475 1.33228
0.004205 372.026 0.220714 119704 0.185341 1.1116
0.002325 2372.27 0.0337126 119693 0.209617 0.173036
0.004905 312.089 0.232883 119704 0.162213 1.33083
0.001005 958.671 0.174093 119704 0.196046 0.429032
0.002635 2217.92 0.0335948 119704 0.12839 0.185054
0.006795 311.949 0.232918 119704 0.0502244 1.3315
0.003565 934.599 0.132742 119705 0.138506 0.439093
0.004545 318.09 0.231773 119704 0.180936 1.3047
0.006205 311.938 0.232918 119704 0.0853248 1.33155
0.000365 426.454 0.223788 119704 0.109623 0.970463
0.001335 1333.48 0.137528 119704 0.230622 0.307922
0.002935 1978.04 0.041896 119704 0.0765149 0.207398
0.003885 560.547 0.185494 119708 0.168743 0.734216
0.001995 2063.38 0.0649288 119704 0.236085 0.198916
0.000685 640.723 0.20422 119704 0.150647 0.643774
0.006485 311.937 0.232918 119704 0.0687388 1.33156
0.001705 1755.87 0.0955637 119704 0.244866 0.233726
5.5e-05 355.349 0.229981 119704 0.0927108 1.16663
0.007425 312.383 0.232918 119705 0.015188 1.32967
0.007115 311.956 0.232918 119705 0.0334381 1.33148
0.003255 1442.2 0.0723721 119705 0.118009 0.284245
0.005895 311.934 0.232918 119704 0.103761 1.33156
0.005555 311.822 0.232918 119704 0.123903 1.33204
0.004215 369.085 0.221376 119704 0.185631 1.12063
0.002335 2377.07 0.0328574 119675 0.181725 0.172664
0.004915 312.022 0.232886 119704 0.161615 1.33112
0.001015 969.596 0.173042 119704 0.197333 0.424168
0.002645 2212.23 0.0336372 119704 0.127976 0.185528
0.006805 311.943 0.232918 119704 0.0496413 1.33153
0.003575 921.536 0.13452 119705 0.139887 0.445345
0.004555 317.646 0.231865 119704 0.180528 1.30659
0.006215 311.932 0.232918 119704 0.0847153 1.33158
0.000375 430.991 0.223384 119704 0.110658 0.96016
0.001345 1345.07 0.136383 119704 0.231375 0.30526
0.002945 1962.06 0.0429722 119704 0.0768434 0.209081
0.006815 311.927 0.232918 119704 0.0490905 1.3316
0.003895 552.772 0.186956 119705 0.16899 0.744618
0.002005 2073.43 0.0639261 119704 0.235487 0.197953
0.000695 649.427 0.20341 119704 0.152111 0.63508
0.006495 311.942 0.232918 119704 0.0681358 1.33153
0.001715 1766.93 0.0944623 119704 0.244851 0.232263
6.5e-05 355.846 0.22994 119704 0.0928472 1.16498
0.007435 312.386 0.232918 119705 0.0145945 1.32965
0.007125 311.934 0.232918 119705 0.0328393 1.33158
0.005905 311.938 0.232918 119704 0.103155 1.33155
0.002015 2083.45 0.0629273 119704 0.234871 0.197003
0.003265 1425.1 0.0729649 119705 0.122376 0.287657
0.005565 311.865 0.232918 119704 0.123291 1.33186
0.004225 366.232 0.222011 119704 0.185832 1.12953
0.002345 2373.4 0.0328146 119704 0.153131 0.172971
0.004925 311.945 0.23289 119704 0.16104 1.33146
0.001025 980.562 0.171985 119704 0.198607 0.419395
0.002655 2206.54 0.0336799 119704 0.127586 0.186005
0.003585 908.479 0.136288 119705 0.141224 0.451774
0.004565 317.22 0.231951 119704 0.180112 1.30841
0.005575 311.896 0.232918 119704 0.122695 1.33173
0.006225 311.917 0.232918 119704 0.0841316 1.33164
0.000385 435.677 0.222967 119704 0.111658 0.949742
0.001355 1356.66 0.135239 119704 0.232109 0.302644
0.002955 1946.02 0.0440489 119704 0.0772187 0.210798
0.004575 316.81 0.23203 119704 0.179683 1.31016
0.006825 311.903 0.232918 119704 0.0485362 1.3317
0.003905 545.086 0.188401 119704 0.169934 0.755216
0.000705 658.23 0.202589 119704 0.153577 0.626521
0.006505 311.938 0.232918 119704 0.0675318 1.33155
0.001725 1777.95 0.0933637 119704 0.244814 0.230823
7.5e-05 356.436 0.22989 119704 0.0930089 1.16303
0.007445 312.382 0.232918 119705 0.0140026 1.32967
0.007135 311.903 0.232918 119705 0.0322367 1.33171
0.005915 311.933 0.232918 119704 0.102542 1.33157
0.002025 2093.42 0.0619322 119704 0.234236 0.196065
0.003275 1408.04 0.0735548 119706 0.0996961 0.291148
0.000715 667.13 0.201758 119704 0.155045 0.618099
0.004235 363.458 0.22262 119704 0.185977 1.13831
0.002355 2369.07 0.0328179 119704 0.152066 0.173286
8.5e-05 357.123 0.229832 119704 0.0931963 1.16077
0.004935 311.856 0.232893 119704 0.160402 1.33184
0.001035 991.569 0.170924 119704 0.19987 0.414711
0.002665 2200.84 0.0337227 119704 0.127222 0.186484
0.003595 895.422 0.138047 119705 0.14252 0.458391
0.005585 311.918 0.232918 119704 0.122108 1.33163
0.006235 311.893 0.232918 119704 0.0835399 1.33174
0.000395 440.514 0.222535 119704 0.112699 0.939225
0.001365 1368.25 0.134093 119704 0.232823 0.300072
0.002965 1929.91 0.0451254 119704 0.0776418 0.212551
0.004585 316.415 0.232103 119704 0.179239 1.31185
0.006835 311.869 0.232918 119704 0.0479811 1.33185
0.003915 537.471 0.189827 119704 0.17081 0.766018
0.006515 311.924 0.232918 119704 0.0669452 1.33161
0.001735 1788.95 0.0922679 119704 0.244757 0.229404
0.007455 312.372 0.232918 119705 0.0134507 1.32971
0.007145 311.864 0.232918 119705 0.0316312 1.33188
0.005925 311.92 0.232918 119704 0.101947 1.33163
0.002035 2103.35 0.0609411 119704 0.233583 0.195141
0.003285 1391.01 0.0759066 119705 0.0773545 0.294707
0.000725 676.125 0.200917 119704 0.156515 0.609814
0.004245 360.759 0.223203 119704 0.186084 1.147
0.002365 2364.71 0.0328234 119704 0.15071 0.173605
9.5e-05 357.91 0.229766 119704 0.0934096 1.15819
0.004945 311.89 0.232895 119704 0.1598 1.3317
0.001045 1002.61 0.169858 119704 0.201124 0.410116
0.002675 2195.14 0.0337656 119704 0.126884 0.186966
0.005595 311.931 0.232918 119704 0.121526 1.33158
0.003605 882.363 0.139797 119705 0.143776 0.465206
0.006245 311.86 0.232918 119704 0.0829446 1.33188
0.000405 445.5 0.222089 119704 0.113764 0.928624
0.001375 1379.83 0.132948 119704 0.233518 0.297544
0.000105 358.8 0.229691 119704 0.0936491 1.15529
0.002975 1913.75 0.0462014 119704 0.0781137 0.214341
0.004595 316.031 0.232171 119704 0.178779 1.3135
0.006845 311.826 0.232918 119704 0.0474261 1.33203
0.003925 529.924 0.191233 119704 0.171653 0.777032
0.006525 311.9 0.232918 119704 0.0663613 1.33171
0.001745 1799.92 0.091175 119704 0.244679 0.228006
0.007465 312.355 0.232918 119705 0.0128568 1.32978
0.007155 311.814 0.232918 119705 0.0310561 1.33209
0.005935 311.896 0.232918 119704 0.101347 1.33173
0.002045 2113.25 0.0599537 119704 0.23291 0.194229
0.003295 1374.06 0.0782742 119705 0.0824334 0.298341
0.000735 685.213 0.200067 119704 0.157986 0.601665
0.004255 358.131 0.223761 119704 0.18617 1.15558
0.002375 2360.3 0.0328312 119704 0.149363 0.173927
0.007475 312.47 0.232918 119705 0.012253 1.32929
0.004955 311.922 0.232897 119704 0.159279 1.33157
0.002685 2189.44 0.0338085 119704 0.126572 0.187451
0.001055 1013.69 0.168788 119704 0.202361 0.405606
0.005605 311.936 0.232918 119704 0.120924 1.33155
0.006255 311.818 0.232918 119704 0.0823441 1.33206
0.000415 450.635 0.221629 119704 0.114852 0.917952
0.003615 869.298 0.141538 119705 0.144993 0.472229
0.001385 1391.42 0.131801 119704 0.234193 0.295059
0.000115 359.796 0.229606 119704 0.0939151 1.15206
0.002985 1897.52 0.0472763 119704 0.0786354 0.216167
0.002695 2183.74 0.0338513 119704 0.126286 0.187938
0.004605 315.657 0.232234 119704 0.178304 1.31511
0.006855 311.773 0.232918 119704 0.0468998 1.33226
0.006535 311.867 0.232918 119704 0.0657736 1.33185
0.003935 522.442 0.192618 119704 0.172445 0.788267
0.001755 1810.86 0.090085 119704 0.244579 0.226628
0.007165 311.756 0.232918 119705 0.0304195 1.33234
0.005945 311.864 0.232918 119704 0.100743 1.33187
0.002055 2123.1 0.0589703 119704 0.232218 0.193329
0.003305 1357.18 0.0806167 119705 0.0856374 0.302052
0.000745 694.392 0.199207 119704 0.159457 0.593652
0.004265 355.574 0.224294 119704 0.186241 1.16405
0.007485 312.58 0.232918 119705 0.0117151 1.32883
0.002385 2355.82 0.0328411 119702 0.148057 0.174254
0.004965 311.95 0.2329 119704 0.158714 1.33145
0.005615 311.932 0.232918 119704 0.120319 1.33157
0.001065 1024.81 0.167713 119704 0.203583 0.40118
0.006265 311.765 0.232918 119704 0.0817696 1.33229
0.000425 455.918 0.221155 119704 0.115963 0.907225
0.003625 856.223 0.143272 119705 0.146175 0.479473
0.001395 1403 0.130655 119704 0.234848 0.292616
0.000125 360.9 0.229513 119704 0.0942078 1.1485
0.002995 1881.23 0.0483494 119704 0.0792081 0.218033
0.002705 2178.04 0.0338937 119704 0.126027 0.188428
0.004615 315.29 0.232292 119704 0.17783 1.31669
0.006865 311.71 0.232918 119704 0.0463474 1.33253
0.006545 311.824 0.232918 119704 0.0651886 1.33204
0.003945 515.021 0.193982 119704 0.173187 0.799737
0.001765 1821.77 0.088998 119704 0.244459 0.225271
0.007175 311.82 0.232918 119705 0.0297961 1.33207
0.005955 311.82 0.232918 119704 0.100133 1.33205
0.002065 2132.9 0.0579906 119704 0.231506 0.192441
0.003315 1340.37 0.082933 119705 0.0888882 0.305843
0.000755 703.66 0.198338 119704 0.160928 0.585774
0.004275 353.087 0.224803 119704 0.186301 1.17241
0.007495 312.683 0.232918 119705 0.0111426 1.32839
0.002395 2350.63 0.0328531 119704 0.146814 0.174641
0.004975 311.973 0.232902 119704 0.158147 1.33136
0.005625 311.919 0.232918 119704 0.119726 1.33163
0.001075 1035.96 0.166634 119704 0.204792 0.396837
0.006275 311.702 0.232918 119704 0.0811363 1.33256
0.000435 461.348 0.220667 119704 0.117097 0.896456
0.003635 843.133 0.144999 119705 0.147321 0.486951
0.007505 312.781 0.232918 119705 0.0105721 1.32797
0.001405 1414.57 0.129508 119704 0.235483 0.290215
0.000135 362.116 0.229409 119704 0.0945273 1.14461
0.003005 1864.88 0.04942 119704 0.079833 0.219937
0.002715 2172.35 0.0339358 119704 0.125795 0.18892
0.001085 1047.14 0.165551 119704 0.205987 0.392575
0.004625 314.934 0.232345 119704 0.177419 1.31822
0.006875 311.767 0.232918 119704 0.0457828 1.33229
0.006555 311.77 0.232918 119704 0.0646159 1.33227
0.003955 507.657 0.195325 119704 0.173882 0.811453
0.001775 1832.66 0.0879141 119704 0.244318 0.223934
0.007185 311.876 0.232918 119705 0.0292386 1.33183
0.005965 311.766 0.232918 119704 0.0995489 1.33228
0.002075 2142.67 0.0570148 119704 0.230774 0.191566
0.003325 1323.62 0.085222 119705 0.0920201 0.309717
0.000765 713.015 0.19746 119704 0.162398 0.578032
0.004285 350.669 0.225289 119704 0.18635 1.18065
0.002405 2345.36 0.0328672 119704 0.145587 0.175032
0.004985 311.99 0.232903 119704 0.157579 1.33129
0.005635 311.897 0.232918 119704 0.119132 1.33172
0.006285 311.758 0.232918 119704 0.0805142 1.33232
0.000445 466.925 0.220165 119704 0.118253 0.88566
0.003645 830.024 0.146719 119705 0.148431 0.494676
0.007515 312.872 0.232918 119705 0.0100003 1.32759
0.001415 1426.15 0.128362 119704 0.236098 0.287853
0.000145 363.447 0.229296 119704 0.094874 1.14037
0.003015 1848.48 0.0504876 119704 0.0805114 0.221883
0.002725 2166.65 0.0339774 119704 0.125591 0.189414
0.001095 1058.36 0.164464 119704 0.207168 0.388392
0.004635 314.609 0.232395 119704 0.17721 1.31963
0.006885 311.817 0.232918 119704 0.0453062 1.33207
0.006565 311.718 0.232918 119704 0.0643858 1.33249
0.003965 500.347 0.196645 119704 0.174541 0.823427
0.001785 1843.51 0.0868334 119704 0.244156 0.222617
0.007195 311.925 0.232918 119705 0.0286472 1.33162
0.003025 1832.02 0.0515514 119704 0.0812446 0.22387
0.005975 311.7 0.232918 119704 0.0989085 1.33257
0.002085 2152.39 0.0560428 119704 0.230022 0.190702
0.006575 311.748 0.232918 119704 0.063817 1.33236
0.003335 1306.92 0.0874828 119705 0.0950427 0.313679
0.000775 722.455 0.196573 119704 0.163866 0.570423
0.004295 348.319 0.225751 119704 0.186388 1.18877
0.002415 2340.06 0.0328832 119704 0.144423 0.175428
0.004995 312.001 0.232905 119704 0.157006 1.33125
0.005645 311.864 0.232918 119704 0.118531 1.33186
0.006295 311.809 0.232918 119704 0.0799662 1.3321
0.000455 472.647 0.219649 119704 0.11943 0.874848
0.003655 816.891 0.148432 119705 0.149502 0.502666
0.007525 312.957 0.232918 119705 0.00942767 1.32722
0.001425 1437.71 0.127216 119704 0.236693 0.285531
0.000155 364.896 0.229172 119704 0.0952481 1.1358
0.002735 2160.97 0.0340183 119704 0.125414 0.18991
0.001105 1069.6 0.163373 119704 0.208334 0.384286
0.004645 314.338 0.23244 119704 0.176722 1.32081
0.006895 311.86 0.232918 119705 0.0448064 1.33189
0.003975 493.087 0.197944 119704 0.175183 0.835672
0.001795 1854.32 0.0857557 119704 0.243974 0.221319
0.007205 311.967 0.232918 119705 0.0280585 1.33144
0.003035 1815.5 0.0526106 119704 0.082034 0.2259
0.005985 311.753 0.232918 119704 0.0982834 1.33234
0.004655 314.208 0.232481 119704 0.17598 1.32139
0.002095 2162.07 0.0550746 119704 0.22925 0.189849
0.006585 311.809 0.232918 119704 0.0628616 1.3321
0.003345 1290.27 0.0897149 119705 0.0979556 0.317733
0.000785 731.978 0.195677 119704 0.165332 0.562947
0.004305 346.038 0.226192 119704 0.186411 1.19676
0.002425 2334.72 0.0329011 119704 0.143312 0.175828
0.005005 312.004 0.232906 119704 0.156413 1.33123
0.005655 311.821 0.232918 119704 0.117924 1.33205
0.006305 311.851 0.232918 119704 0.0793736 1.33192
0.000465 478.513 0.21912 119704 0.120627 0.864033
0.003665 803.728 0.150139 119705 0.15053 0.510936
0.007535 313.037 0.232918 119705 0.00885359 1.32689
0.001435 1449.27 0.126069 119704 0.237267 0.283248
0.000165 366.465 0.229038 119704 0.0956497 1.13089
0.002745 2155.29 0.0340584 119704 0.125267 0.190408
0.001115 1080.87 0.162278 119704 0.209485 0.380257
0.006905 311.895 0.232918 119705 0.044319 1.33174
0.003985 485.88 0.19922 119704 0.17584 0.848193
0.000475 484.522 0.218576 119704 0.121844 0.853229
0.001805 1865.11 0.0846813 119704 0.243771 0.220039
0.007215 312 0.232918 119705 0.02747 1.3313
0.003045 1798.93 0.0536643 119704 0.0828812 0.227975
0.000175 368.157 0.228893 119704 0.0960792 1.12564
0.005995 311.801 0.232918 119704 0.09774 1.33213
0.004665 314.062 0.23252 119704 0.175417 1.32204
0.002105 2171.71 0.0541101 119704 0.228456 0.189008
0.006595 311.852 0.232918 119704 0.0622927 1.33192
0.003355 1273.66 0.0919178 119705 0.100765 0.321883
0.000795 741.582 0.194773 119704 0.166795 0.555603
0.004315 343.823 0.226611 119704 0.186408 1.20463
0.002435 2329.35 0.0329208 119704 0.142252 0.176232
0.005015 312.001 0.232907 119704 0.155818 1.33125
0.005665 311.766 0.232918 119704 0.117343 1.33228
0.006315 311.886 0.232918 119704 0.0787777 1.33177
0.003675 790.529 0.151839 119705 0.151508 0.519507
0.007545 313.11 0.232918 119705 0.00827734 1.32657
0.001445 1460.82 0.124923 119704 0.237821 0.281002
0.002755 2149.61 0.0340975 119704 0.125148 0.190908
0.001125 1092.17 0.16118 119704 0.210621 0.376301
0.006915 311.922 0.232918 119705 0.0438412 1.33162
0.005025 311.989 0.232909 119704 0.155237 1.3313
0.003995 478.729 0.200473 119704 0.176546 0.86099
0.000485 490.673 0.218019 119704 0.12308 0.842445
0.001815 1875.86 0.0836101 119704 0.243547 0.218779
0.007225 312.026 0.232918 119705 0.0268827 1.33119
0.003055 1782.3 0.0547117 119704 0.0837877 0.230095
0.000185 369.975 0.228737 119704 0.0965368 1.12006
0.001135 1103.49 0.160079 119704 0.211742 0.372419
0.006005 311.843 0.232918 119704 0.0971545 1.33196
0.004675 313.917 0.232555 119704 0.174909 1.32269
0.002115 2181.3 0.0531494 119704 0.227642 0.188179
0.006605 311.887 0.232918 119704 0.0617146 1.33177
0.003365 1257.09 0.0940914 119705 0.103455 0.326135
0.000805 751.265 0.19386 119704 0.168256 0.54839
0.004325 341.671 0.227008 119704 0.186363 1.21236
0.002445 2323.96 0.0329423 119704 0.141241 0.17664
0.005675 311.698 0.232918 119704 0.116705 1.33257
0.006325 311.912 0.232918 119704 0.0781765 1.33166
0.003685 777.286 0.153534 119705 0.152428 0.528399
0.007555 313.178 0.232918 119705 0.00769813 1.32629
0.001455 1472.36 0.123778 119704 0.238355 0.278794
0.002765 2143.95 0.0341356 119704 0.125058 0.19141
0.007565 313.24 0.232918 119705 0.0071151 1.32603
0.006925 311.942 0.232918 119705 0.0433776 1.33154
0.005035 311.97 0.23291 119704 0.154653 1.33139
0.004005 471.645 0.201703 119704 0.177325 0.874056
0.000495 496.963 0.217449 119704 0.124334 0.831694
0.001825 1886.59 0.0825423 119704 0.243302 0.217536
0.007235 312.044 0.232918 119705 0.0263012 1.33111
0.003065 1765.62 0.0557519 119704 0.0847553 0.232261
0.000195 371.921 0.22857 119704 0.0970226 1.11414
0.001145 1114.84 0.158974 119704 0.212847 0.368608
0.006015 311.877 0.232918 119704 0.0965703 1.33181
0.004685 313.777 0.232587 119704 0.174411 1.32331
0.002125 2190.84 0.0521923 119704 0.226806 0.18736
0.006615 311.914 0.232918 119704 0.0611367 1.33165
0.003375 1240.54 0.0962358 119705 0.106668 0.330494
0.000815 761.025 0.192939 119704 0.169712 0.541307
0.004335 339.574 0.227386 119704 0.186244 1.22
0.002455 2318.54 0.0329655 119704 0.140274 0.177051
0.005685 311.75 0.232918 119704 0.116088 1.33235
0.006335 311.929 0.232918 119704 0.0775831 1.33159
0.003695 763.991 0.155222 119705 0.153282 0.537637
0.001465 1483.9 0.122633 119704 0.238868 0.276622
0.002775 2138.29 0.0341723 119704 0.124998 0.191914
0.007575 313.296 0.232918 119705 0.00652743 1.32579
0.006935 311.952 0.232918 119705 0.0429232 1.33149
0.005045 311.942 0.23291 119704 0.154062 1.33151
0.004015 464.636 0.202908 119704 0.17816 0.887376
0.000505 503.392 0.216865 119704 0.125606 0.820984
0.001835 1897.27 0.0814778 119704 0.243037 0.216311
0.007245 312.054 0.232918 119705 0.0257082 1.33107
0.003075 1748.9 0.0567838 119704 0.0857858 0.234476
0.000205 373.998 0.228391 119704 0.097537 1.10789
0.001155 1126.22 0.157866 119704 0.213937 0.364866
0.005055 311.904 0.232911 119704 0.153467 1.33167
0.006025 311.905 0.232918 119704 0.0959845 1.33169
0.004695 313.642 0.232617 119704 0.173906 1.32391
0.002135 2200.34 0.0512389 119704 0.22595 0.186552
0.006625 311.933 0.232918 119704 0.0605591 1.33157
0.003385 1224.02 0.0983514 119703 0.107282 0.334961
0.000825 770.86 0.19201 119704 0.171164 0.534351
0.004345 337.522 0.227745 119704 0.186109 1.22756
0.002465 2313.09 0.0329903 119704 0.139351 0.177467
0.005695 311.797 0.232918 119704 0.115555 1.33215
0.006345 311.937 0.232918 119704 0.0769618 1.33155
0.003705 750.635 0.156905 119705 0.154068 0.547248
0.001475 1495.42 0.121489 119704 0.23936 0.274486
0.007585 313.347 0.232918 119705 0.00593433 1.32557
0.002785 2132.64 0.0342075 119704 0.124967 0.19242
0.006945 311.955 0.232918 119705 0.0424683 1.33148
0.004025 457.709 0.20409 119704 0.178973 0.900944
0.000515 509.958 0.216267 119704 0.126895 0.810327
0.001845 1907.93 0.0804166 119704 0.242752 0.215104
0.007255 312.056 0.232918 119705 0.0251101 1.33106
0.003085 1732.12 0.0578063 119704 0.0868812 0.23674
0.000215 376.208 0.2282 119704 0.09808 1.10133
0.001165 1137.61 0.156755 119704 0.21501 0.361193
0.005065 311.856 0.232912 119704 0.152864 1.33188
0.006035 311.924 0.232918 119704 0.0954017 1.33161
0.004705 313.511 0.232645 119704 0.173392 1.3245
0.002145 2209.8 0.0502891 119704 0.225075 0.185755
0.006635 311.944 0.232918 119704 0.0599677 1.33152
0.003395 1207.52 0.100439 119705 0.111535 0.339555
0.000835 780.768 0.191073 119704 0.172612 0.527521
0.004355 336.052 0.228082 119704 0.186024 1.23307
0.002475 2307.62 0.0330166 119704 0.138467 0.177886
0.005705 311.838 0.232918 119704 0.114978 1.33197
0.006355 311.937 0.232918 119704 0.0763573 1.33155
0.003715 737.207 0.158583 119705 0.154918 0.557263
0.001485 1506.93 0.120345 119704 0.239832 0.272384
0.007595 313.393 0.232918 119705 0.00533516 1.32538
0.002795 2127.01 0.0342411 119704 0.124968 0.192927
0.006955 311.948 0.232918 119705 0.0419696 1.33151
0.004035 450.856 0.205247 119704 0.179643 0.914782
0.000525 516.659 0.215657 119704 0.1282 0.799732
0.001855 1918.55 0.0793589 119704 0.242446 0.213915
0.007265 312.05 0.232918 119705 0.0245047 1.33108
0.003095 1715.3 0.0588184 119704 0.0880435 0.239055
0.000225 378.552 0.227997 119704 0.0986518 1.09444
0.001175 1149.02 0.155641 119704 0.216062 0.357587
0.005075 311.797 0.232913 119704 0.152283 1.33214
0.006045 311.936 0.232918 119704 0.0948125 1.33156
0.004715 313.382 0.23267 119704 0.172869 1.32507
0.002155 2219.21 0.0493429 119704 0.22418 0.184968
0.006645 311.947 0.232918 119704 0.0593619 1.33151
0.003405 1191.02 0.102498 119705 0.11319 0.344271
0.000845 790.747 0.190128 119704 0.174054 0.520816
0.004365 334.649 0.228402 119704 0.185956 1.23837
0.002485 2302.13 0.0330444 119704 0.137622 0.178309
0.005715 311.873 0.232918 119704 0.114402 1.33183
0.006365 311.928 0.232918 119704 0.0757479 1.33159
0.003725 723.724 0.160255 119710 0.156387 0.567716
0.001495 1518.43 0.119202 119704 0.240282 0.270317
0.007605 313.433 0.232918 119705 0.00472946 1.32521
0.002805 2121.39 0.0342728 119704 0.124998 0.193435
0.006965 311.933 0.232918 119705 0.0415056 1.33158
0.004045 444.056 0.20638 119706 0.18031 0.928949
0.000535 523.494 0.215033 119704 0.12952 0.789206
0.001865 1929.13 0.0783047 119704 0.24212 0.212742
0.007275 312.036 0.232918 119705 0.0239248 1.33114
0.003105 1698.43 0.0598187 119704 0.089275 0.241422
0.000235 381.034 0.227782 119704 0.0992525 1.08724
0.001185 1160.46 0.154524 119704 0.217112 0.354047
0.005085 311.725 0.232913 119704 0.151641 1.33244
0.006055 311.939 0.232918 119704 0.0942106 1.33155
0.004725 313.254 0.232692 119704 0.172337 1.32563
0.002165 2228.58 0.0484001 119704 0.223269 0.184192
0.006655 311.941 0.232918 119704 0.0587421 1.33154
0.003415 1174.53 0.104531 119705 0.115378 0.349119
0.000855 800.796 0.189175 119704 0.17549 0.514235
0.004375 333.306 0.228705 119704 0.185829 1.24349
0.002495 2296.62 0.0330737 119704 0.136811 0.178736
0.005725 311.9 0.232918 119704 0.113823 1.33171
0.006375 311.912 0.232918 119704 0.0751818 1.33166
0.003735 713.37 0.161917 119705 0.156613 0.575983
0.001505 1529.92 0.11806 119704 0.240712 0.268283
0.002175 2237.9 0.0474607 119704 0.222343 0.183427
0.007615 313.468 0.232918 119705 0.00411703 1.32506
0.002815 2115.79 0.0343024 119704 0.12506 0.193945
0.006975 311.909 0.232918 119705 0.0410369 1.33168
0.004055 438.954 0.207482 119704 0.180622 0.93988
0.005735 311.921 0.232918 119704 0.113245 1.33162
0.000545 530.46 0.214397 119704 0.130854 0.778757
0.001875 1939.68 0.0772539 119704 0.241773 0.211586
0.001515 1541.39 0.116919 119704 0.241121 0.266282
0.007625 313.497 0.232918 119705 0.00349797 1.32494
0.007285 312.014 0.232918 119705 0.0233387 1.33124
0.003115 1681.53 0.060806 119704 0.0905781 0.243843
0.000245 383.655 0.227554 119704 0.0998822 1.07975
0.001195 1171.91 0.153405 119704 0.217506 0.35057
0.005095 311.773 0.232914 119704 0.15103 1.33224
0.001885 1950.19 0.0762067 119704 0.241407 0.210446
0.006065 311.933 0.232918 119704 0.0936017 1.33157
0.004735 313.126 0.232713 119704 0.171796 1.3262
0.006665 311.926 0.232918 119704 0.0581433 1.3316
0.003425 1158.03 0.106539 119705 0.117453 0.354108
0.000865 810.913 0.188216 119704 0.17692 0.507774
0.004385 332.014 0.22899 119704 0.185667 1.24846
0.002505 2291.09 0.0331042 119704 0.136034 0.179166
0.006385 311.887 0.232918 119704 0.0746121 1.33177
0.003745 703.085 0.16357 119705 0.157767 0.584462
0.002185 2247.17 0.0465246 119704 0.221404 0.182671
0.002825 2110.21 0.0343297 119704 0.125153 0.194456
0.006985 311.876 0.232918 119705 0.0405623 1.33182
0.004065 433.944 0.20856 119704 0.181052 0.950883
0.005745 311.933 0.232918 119704 0.112664 1.33157
0.000875 821.096 0.187249 119704 0.178343 0.501433
0.000555 537.556 0.213748 119704 0.132203 0.768394
0.001525 1552.85 0.11578 119704 0.241509 0.264314
0.007635 313.522 0.232918 119705 0.00287275 1.32483
0.007295 311.983 0.232918 119705 0.0227493 1.33137
0.003125 1664.58 0.061779 119704 0.0919552 0.24632
0.000255 386.417 0.227314 119704 0.100541 1.07196
0.001205 1183.38 0.152283 119706 0.220401 0.34716
0.005105 311.818 0.232914 119704 0.150502 1.33205
0.001895 1960.67 0.075163 119704 0.24102 0.209323
0.006075 311.919 0.232918 119704 0.0930139 1.33163
0.001535 1564.3 0.114641 119704 0.241876 0.262376
0.004745 312.996 0.232733 119704 0.171246 1.32677
0.006675 311.902 0.232918 119704 0.0575345 1.33171
0.003135 1647.59 0.0627361 119704 0.0934091 0.248853
0.003435 1141.52 0.108522 119705 0.119436 0.359246
0.004395 330.771 0.22926 119704 0.185481 1.25328
0.002515 2285.54 0.0331361 119704 0.135288 0.179599
0.006395 311.854 0.232918 119704 0.074041 1.33191
0.003755 692.835 0.165213 119705 0.158844 0.593164
0.002195 2256.4 0.0455918 119704 0.220457 0.181925
0.002835 2104.64 0.0343545 119704 0.125275 0.194967
0.006995 311.833 0.232918 119705 0.0400779 1.33201
0.004075 428.996 0.20961 119704 0.181319 0.962003
0.005755 311.937 0.232918 119704 0.112063 1.33155
0.000885 831.342 0.186275 119704 0.17976 0.49521
0.000565 544.78 0.213086 119704 0.133565 0.758123
0.007645 313.542 0.232918 119705 0.00224253 1.32475
0.007005 311.781 0.232918 119705 0.0396092 1.33223
0.000575 552.13 0.212412 119704 0.134938 0.74795
0.007655 313.556 0.232918 119705 0.00160863 1.32469
0.007015 311.719 0.232918 119705 0.0390976 1.3325
0.000585 559.605 0.211725 119704 0.136324 0.73788
0.007305 311.945 0.232918 119705 0.0221885 1.33153
0.007665 313.566 0.232918 119705 0.000983159 1.32465
0.007025 311.778 0.232918 119705 0.0385351 1.33224
0.000265 389.321 0.227061 119704 0.101228 1.06389
0.000595 567.201 0.211026 119704 0.13772 0.727919
0.001215 1194.86 0.151159 119704 0.219501 0.343804
0.007675 313.571 0.232918 119705 0.000320665 1.32462
0.007035 311.83 0.232918 119705 0.0380444 1.33202
0.007315 311.898 0.232918 119705 0.0215695 1.33173
0.000605 574.917 0.210316 119704 0.139126 0.718072
0.005115 311.856 0.232915 119704 0.149927 1.33189
0.001905 1971.11 0.074123 119704 0.240614 0.208215
0.001915 1981.52 0.0730865 119704 0.240188 0.207123
0.001545 1575.73 0.113504 119704 0.242222 0.26047
0.001555 1587.14 0.112369 119704 0.242547 0.258595
0.004755 312.862 0.23275 119704 0.170686 1.32736
0.001565 1598.54 0.111234 119704 0.24285 0.256749
0.006685 311.868 0.232918 119704 0.05692 1.33185
0.001575 1609.91 0.110102 119704 0.243132 0.254932
0.001585 1621.27 0.108971 119704 0.243393 0.253143
0.004765 312.724 0.232766 119704 0.170114 1.32797
0.001595 1632.61 0.107842 119704 0.243633 0.251383
0.006695 311.824 0.232918 119704 0.0562997 1.33204
0.003145 1630.57 0.0636759 119704 0.0949426 0.251444
0.006705 311.771 0.232918 119704 0.0557083 1.33227
0.006715 311.707 0.232918 119704 0.0550516 1.33254
0.003155 1613.52 0.0645968 119705 0.0965588 0.254095
0.004405 329.574 0.229513 119704 0.185279 1.25795
0.003165 1596.45 0.0654972 119705 0.0982611 0.256808
0.004415 328.422 0.229752 119704 0.185063 1.26248
0.003175 1579.34 0.0663752 119705 0.100053 0.259583
0.004425 327.311 0.229976 119704 0.184815 1.26688
0.003185 1562.22 0.067229 119705 0.101938 0.262424
0.002525 2279.97 0.0331692 119704 0.134571 0.180036
0.004435 326.242 0.230187 119704 0.184616 1.27114
0.003195 1545.08 0.0680569 119705 0.103921 0.26533
0.004445 325.211 0.230384 119704 0.183738 1.27528
0.003765 682.616 0.166845 119705 0.159883 0.602101
0.004455 324.218 0.230569 119702 0.185288 1.27927
0.002205 2265.58 0.0446622 119704 0.219505 0.181189
0.004465 323.264 0.230743 119704 0.183196 1.28316
0.003445 1124.99 0.110482 119705 0.121322 0.364542
0.004475 322.348 0.230905 119704 0.18356 1.2869
0.002845 2099.09 0.0343766 119704 0.125432 0.19548
0.003775 672.423 0.168466 119705 0.160867 0.611287
0.003455 1108.43 0.112421 119705 0.123111 0.370007
0.002215 2274.71 0.0437356 119704 0.218551 0.180462
0.004085 424.103 0.210632 119704 0.181637 0.973257
0.002225 2283.8 0.042812 119704 0.217602 0.179745
0.002235 2292.85 0.0418912 119704 0.216663 0.179037
0.004095 419.27 0.211626 119704 0.181289 0.984633
0.000895 841.651 0.185294 119704 0.181168 0.489103
0.004105 414.505 0.212591 119702 0.183563 0.996099
0.004115 409.814 0.213528 119704 0.182033 1.00768
0.004125 405.201 0.214438 119704 0.183108 1.01931
0.000905 852.02 0.184306 119704 0.182569 0.48311
0.004135 400.668 0.215319 119704 0.18346 1.03101
0.000275 392.37 0.226795 119704 0.101945 1.05555
0.000915 862.448 0.183312 119704 0.183961 0.477229
0.004145 396.216 0.216172 119704 0.18386 1.04276
0.000925 872.934 0.182311 119704 0.185344 0.471458
0.004155 391.844 0.216998 119704 0.18422 1.05456
0.000935 883.474 0.181304 119704 0.186718 0.465796
0.001225 1206.36 0.150033 119704 0.221108 0.340511
0.000945 894.068 0.180291 119704 0.188082 0.46024
0.007325 311.976 0.232918 119705 0.020954 1.3314
0.000955 904.715 0.179272 119704 0.189436 0.454788
0.007335 312.047 0.232918 119705 0.0204058 1.3311
0.001235 1217.87 0.148904 119704 0.222054 0.337278
0.000615 582.752 0.209593 119704 0.140541 0.708342
0.001245 1229.4 0.147773 119704 0.222998 0.334102
0.001255 1240.93 0.146641 119704 0.223919 0.330983
0.001265 1252.48 0.145507 119704 0.224821 0.327919
0.000625 590.702 0.208859 119704 0.141965 0.698733
0.001275 1264.03 0.144371 119704 0.225706 0.324909
0.004775 312.579 0.232781 119704 0.169555 1.3286
0.004785 312.426 0.232794 119704 0.168949 1.32927
0.002535 2274.39 0.0332035 119704 0.133883 0.180476
0.004795 312.412 0.232805 119704 0.168377 1.32934
0.002545 2268.79 0.0332388 119704 0.133221 0.18092
0.003785 662.253 0.170075 119705 0.161799 0.620737
0.003465 1091.83 0.11434 119705 0.124806 0.37565
0.002555 2263.18 0.0332752 119704 0.132586 0.181367
0.002855 2093.56 0.0343956 119704 0.1264 0.195994
0.002865 2087.55 0.0344525 119677 0.100588 0.196511
0.002875 2072.55 0.0354724 119704 0.0747242 0.197973
0.000285 395.563 0.226515 119704 0.10269 1.04695
0.007345 312.112 0.232918 119705 0.0198229 1.33082
0.007355 312.169 0.232918 119705 0.0192421 1.33057
0.000635 598.766 0.208114 119704 0.143397 0.689249
0.003475 1075.19 0.116241 119705 0.126406 0.381484
0.003485 1058.49 0.118125 119705 0.127912 0.387521
0.003795 652.1 0.171674 119705 0.162679 0.630466
0.003495 1041.73 0.119993 119705 0.129323 0.393777
0.003505 1024.9 0.121848 119705 0.130641 0.400267
0.003515 1007.98 0.12369 119705 0.13187 0.407008
0.003805 641.958 0.17326 119705 0.163507 0.640493
0.000295 398.904 0.226222 119704 0.103464 1.0381
0.003815 631.824 0.174834 119705 0.164284 0.650836
0.003825 621.691 0.176396 119705 0.165008 0.661516
0.003835 611.554 0.177946 119705 0.165677 0.672557
0.000305 402.391 0.225916 119704 0.104264 1.02903
0.000315 406.028 0.225596 119704 0.10511 1.01973
