5e-06 1689.89 0.142257 577795 0.0325214 1.16429
1.5e-05 1689.9 0.142255 577795 0.032622 1.16428
2.5e-05 1689.92 0.142253 577795 0.0327462 1.16426
3.5e-05 1689.96 0.142249 577795 0.0328808 1.16424
4.5e-05 1690.01 0.142244 577794 0.0330399 1.16421
5.5e-05 1690.07 0.142238 577794 0.0332322 1.16416
6.5e-05 1690.14 0.14223 577794 0.0334564 1.16412
7.5e-05 1690.22 0.142221 577794 0.033698 1.16406
8.5e-05 1690.32 0.142211 577794 0.0339298 1.16399
9.5e-05 1690.42 0.1422 577793 0.0341166 1.16392
0.000105 1690.54 0.142187 577793 0.0342229 1.16384
0.000115 1690.68 0.142173 577793 0.0342212 1.16375
0.000125 1690.82 0.142158 577793 0.0340998 1.16365
0.000135 1690.98 0.142141 577794 0.0338671 1.16354
0.000145 1691.14 0.142123 577794 0.0335516 1.16342
0.000155 1691.33 0.142104 577794 0.0331964 1.1633
0.000165 1691.52 0.142083 577795 0.032851 1.16317
0.000175 1691.73 0.142061 577795 0.0325604 1.16303
0.000185 1691.95 0.142038 577795 0.0323562 1.16288
0.000195 1692.18 0.142013 577795 0.032251 1.16272
0.000205 1692.42 0.141987 577795 0.0322376 1.16255
0.000215 1692.68 0.14196 577795 0.0322941 1.16238
0.000225 1692.95 0.141931 577795 0.0323918 1.16219
0.000235 1693.23 0.141901 577795 0.0325052 1.162
0.000245 1693.52 0.14187 577795 0.0326193 1.1618
0.000255 1693.83 0.141837 577795 0.0327323 1.16159
0.000265 1694.15 0.141803 577795 0.0328538 1.16137
0.000275 1694.49 0.141767 577795 0.0329987 1.16114
0.000285 1694.83 0.14173 577794 0.0331794 1.16091
0.000295 1695.19 0.141692 577794 0.0333998 1.16066
0.000305 1695.56 0.141652 577794 0.0336506 1.16041
0.000315 1695.95 0.141611 577794 0.0339083 1.16014
0.000325 1696.35 0.141569 577794 0.0341388 1.15987
0.000645 1716.02 0.139453 577795 0.0329205 1.14665
0.000965 1748.96 0.135852 577795 0.0332577 1.12518
0.000655 1716.85 0.139363 577795 0.0327544 1.1461
0.000335 1696.76 0.141525 577793 0.0343039 1.15959
0.001285 1793.91 0.130819 577793 0.0347312 1.09716
0.000975 1750.19 0.135716 577795 0.033327 1.12439
0.000345 1697.18 0.141479 577793 0.0343701 1.1593
0.000665 1717.7 0.139271 577795 0.0326889 1.14554
0.000985 1751.44 0.135579 577795 0.0334317 1.1236
0.001295 1795.48 0.13064 577793 0.0347781 1.0962
0.000355 1697.62 0.141433 577793 0.034318 1.15901
0.000675 1718.56 0.139179 577795 0.0327095 1.14497
0.001605 1848.5 0.124503 577795 0.0326123 1.06495
0.000995 1752.69 0.13544 577794 0.0335891 1.1228
0.000365 1698.07 0.141384 577794 0.0341475 1.1587
0.001305 1797.06 0.13046 577793 0.0346902 1.09524
0.000685 1719.43 0.139084 577795 0.0327868 1.14439
0.001925 1909.71 0.117119 577794 0.0322463 1.03097
0.001005 1753.96 0.135299 577794 0.0338024 1.12199
0.001615 1850.33 0.124287 577795 0.032472 1.0639
0.000375 1698.53 0.141335 577794 0.0338799 1.15839
0.001315 1798.66 0.130278 577793 0.0344699 1.09428
0.000695 1720.31 0.138988 577795 0.0328876 1.14381
0.001015 1755.24 0.135157 577794 0.0340576 1.12118
0.001625 1852.16 0.12407 577795 0.032444 1.06285
0.001935 1911.69 0.116874 577794 0.0322367 1.02991
0.000385 1699.01 0.141284 577794 0.0335547 1.15807
0.000705 1721.21 0.138891 577795 0.0329852 1.14321
0.001325 1800.26 0.130095 577794 0.0341447 1.09331
0.001025 1756.53 0.135014 577794 0.0343247 1.12036
0.001635 1854.01 0.123852 577795 0.0324983 1.0618
0.001945 1913.68 0.116628 577794 0.0322443 1.02884
0.000395 1699.5 0.141231 577794 0.0332212 1.15773
0.000715 1722.12 0.138792 577795 0.0330669 1.14261
0.001335 1801.87 0.129912 577794 0.0337628 1.09234
0.001035 1757.83 0.13487 577793 0.0345623 1.11953
0.001645 1855.85 0.123633 577795 0.0325925 1.06075
0.001955 1915.67 0.116381 577794 0.0322973 1.02778
0.000405 1700 0.141178 577795 0.032928 1.15739
0.000725 1723.04 0.138692 577795 0.0331364 1.142
0.001345 1803.49 0.129726 577794 0.0333836 1.09136
0.001045 1759.15 0.134724 577793 0.0347266 1.1187
0.001655 1857.71 0.123413 577795 0.0326859 1.05969
0.000415 1700.52 0.141122 577795 0.0327124 1.15705
0.001965 1917.66 0.116133 577794 0.0324137 1.02671
0.000735 1723.98 0.13859 577795 0.0332102 1.14139
0.001355 1805.12 0.12954 577795 0.0330633 1.09039
0.001055 1760.47 0.134577 577793 0.0347806 1.11786
0.001665 1859.57 0.123192 577795 0.0327518 1.05864
0.000425 1701.05 0.141066 577795 0.0325925 1.15669
0.001975 1919.66 0.115885 577794 0.0325969 1.02565
0.000745 1724.92 0.138487 577795 0.0333107 1.14076
0.001365 1806.76 0.129352 577795 0.0328422 1.0894
0.001065 1761.81 0.134428 577793 0.0347036 1.11702
0.001675 1861.43 0.12297 577794 0.0327838 1.05758
0.000435 1701.59 0.141008 577795 0.0325653 1.15632
0.001985 1921.66 0.115636 577794 0.0328339 1.02458
0.000755 1725.88 0.138382 577794 0.0334565 1.14013
0.001375 1808.41 0.129164 577795 0.0327358 1.08842
0.001075 1763.16 0.134278 577793 0.0344977 1.11617
0.001685 1863.31 0.122747 577794 0.0327948 1.05653
0.000445 1702.14 0.140948 577795 0.0326101 1.15595
0.001995 1923.66 0.115386 577793 0.033097 1.02352
0.000765 1726.86 0.138276 577794 0.0336553 1.13949
0.001385 1810.06 0.128974 577795 0.0327328 1.08743
0.001085 1764.52 0.134126 577794 0.0341894 1.11532
0.001695 1865.18 0.122524 577794 0.0328107 1.05547
0.000455 1702.71 0.140887 577795 0.0326967 1.15556
0.002005 1925.66 0.115135 577793 0.0333474 1.02246
0.000775 1727.85 0.138169 577794 0.0338985 1.13884
0.001395 1811.73 0.128782 577795 0.0328013 1.08643
0.001095 1765.88 0.133974 577794 0.0338252 1.11446
0.001705 1867.07 0.122299 577794 0.0328604 1.05441
0.000465 1703.29 0.140825 577795 0.0327957 1.15517
0.002015 1927.67 0.114883 577793 0.0335403 1.0214
0.000785 1728.85 0.13806 577794 0.034161 1.13819
0.001405 1813.4 0.12859 577795 0.0329008 1.08544
0.001105 1767.27 0.13382 577795 0.0334619 1.1136
0.001715 1868.96 0.122073 577794 0.0329664 1.05335
0.000475 1703.89 0.140761 577795 0.0328876 1.15477
0.002025 1929.68 0.114631 577793 0.0336325 1.02034
0.000795 1729.86 0.137949 577793 0.0344049 1.13753
0.001415 1815.08 0.128396 577795 0.032995 1.08444
0.001115 1768.66 0.133664 577795 0.0331538 1.11273
0.001725 1870.85 0.121846 577794 0.0331381 1.05229
0.000485 1704.5 0.140695 577795 0.0329673 1.15436
0.002035 1931.69 0.114378 577793 0.0335912 1.01928
0.000805 1730.88 0.137838 577793 0.0345876 1.13686
0.001425 1816.77 0.128202 577795 0.0330628 1.08344
0.001125 1770.06 0.133507 577795 0.0329401 1.11185
0.000495 1705.12 0.140629 577795 0.0330445 1.15394
0.001735 1872.75 0.121618 577794 0.0333677 1.05122
0.002045 1933.71 0.114125 577793 0.0334031 1.01822
0.000815 1731.92 0.137724 577793 0.0346705 1.13618
0.001435 1818.47 0.128006 577795 0.0331026 1.08243
0.001135 1771.47 0.133349 577795 0.0328364 1.11097
0.000505 1705.75 0.14056 577795 0.0331376 1.15351
0.001745 1874.65 0.12139 577794 0.0336317 1.05016
0.002055 1935.72 0.11387 577793 0.0330809 1.01717
0.001445 1820.18 0.127809 577795 0.0331301 1.08142
0.000825 1732.97 0.137609 577793 0.0346292 1.1355
0.000515 1706.4 0.140491 577794 0.033266 1.15308
0.001755 1876.56 0.12116 577793 0.0338929 1.0491
0.001145 1772.9 0.13319 577795 0.0328328 1.11008
0.002065 1937.74 0.113615 577794 0.0326644 1.01611
0.000835 1734.03 0.137493 577793 0.0344606 1.13481
0.001455 1821.89 0.12761 577795 0.0331717 1.08041
0.000525 1707.06 0.14042 577794 0.033442 1.15263
0.001765 1878.48 0.120929 577793 0.0341067 1.04803
0.001155 1774.33 0.133029 577795 0.0329001 1.10919
0.002245 1974.31 0.108911 577793 0.0322274 0.997332
0.002075 1939.76 0.11336 577794 0.0322139 1.01506
0.001465 1823.61 0.127411 577794 0.0332539 1.07939
0.000845 1735.11 0.137376 577794 0.0341848 1.13411
0.000535 1707.74 0.140347 577794 0.0336643 1.15218
0.001165 1775.77 0.132867 577795 0.0330003 1.10829
0.001775 1880.4 0.120698 577793 0.0342288 1.04697
0.002085 1941.78 0.113103 577794 0.0317966 1.014
0.001475 1825.34 0.12721 577794 0.0333952 1.07838
0.000855 1736.19 0.137257 577794 0.0338431 1.1334
0.002565 2039.31 0.100116 577793 0.0308111 0.965546
0.000545 1708.42 0.140273 577794 0.0339156 1.15172
0.001175 1777.23 0.132703 577795 0.033099 1.10739
0.001785 1882.32 0.120465 577793 0.0342244 1.0459
0.002095 1943.81 0.112846 577795 0.0314705 1.01295
0.001485 1827.08 0.127009 577794 0.0335987 1.07736
0.000865 1737.29 0.137136 577794 0.0334888 1.13269
0.002255 1976.35 0.108644 577793 0.0324764 0.996304
0.000555 1709.12 0.140198 577794 0.034164 1.15125
0.001185 1778.7 0.132538 577795 0.0331759 1.10649
0.001795 1884.25 0.120232 577793 0.0340768 1.04484
0.002575 2041.32 0.0998345 577793 0.0304424 0.964596
0.002105 1945.83 0.112588 577795 0.0312697 1.0119
0.001495 1828.82 0.126806 577794 0.0338506 1.07633
0.000875 1738.41 0.137014 577795 0.0331758 1.13197
0.000565 1709.84 0.140121 577793 0.0343695 1.15077
0.002265 1978.39 0.108377 577793 0.0326713 0.995278
0.001195 1780.17 0.132372 577795 0.033229 1.10557
0.001805 1886.18 0.119998 577793 0.0337945 1.04377
0.002585 2043.32 0.0995522 577794 0.0301877 0.963648
0.002115 1947.86 0.11233 577795 0.0311963 1.01085
0.001505 1830.58 0.126602 577794 0.0341207 1.07531
0.000885 1739.53 0.136891 577795 0.0329459 1.13124
0.000575 1710.56 0.140042 577793 0.0344922 1.15028
0.002275 1980.43 0.108108 577793 0.0327646 0.994254
0.001205 1781.66 0.132205 577795 0.0332729 1.10466
0.001815 1888.12 0.119763 577794 0.0334119 1.04271
0.002125 1949.89 0.11207 577795 0.0312235 1.0098
0.002595 2045.32 0.0992696 577794 0.0301041 0.962703
0.001515 1832.34 0.126397 577793 0.0343676 1.07428
0.000895 1740.67 0.136766 577795 0.0328199 1.13051
0.000585 1711.3 0.139963 577793 0.0345022 1.14979
0.002285 1982.47 0.107839 577793 0.0327189 0.993232
0.001215 1783.15 0.132036 577795 0.0333324 1.10374
0.001825 1890.06 0.119527 577794 0.0329847 1.04164
0.002135 1951.92 0.111811 577795 0.0313056 1.00875
0.002605 2047.32 0.0989867 577794 0.0301541 0.961761
0.001525 1834.1 0.126191 577793 0.0345459 1.07325
0.000905 1741.82 0.13664 577795 0.0327946 1.12977
0.000595 1712.06 0.139881 577793 0.0343876 1.14928
0.002295 1984.51 0.10757 577793 0.0325232 0.992212
0.001225 1784.66 0.131866 577794 0.0334324 1.10281
0.001835 1892.01 0.11929 577794 0.0325775 1.04057
0.002145 1953.95 0.11155 577794 0.0313947 1.00771
0.002615 2049.32 0.0987034 577794 0.0302209 0.960821
0.001535 1835.88 0.125984 577793 0.0346151 1.07222
0.000915 1742.98 0.136512 577795 0.0328465 1.12902
0.000605 1712.82 0.139799 577794 0.0341592 1.14877
0.002305 1986.55 0.1073 577793 0.0322098 0.991195
0.001235 1786.18 0.131695 577794 0.0335897 1.10188
0.001845 1893.96 0.119052 577795 0.0322484 1.03951
0.002155 1955.98 0.111289 577794 0.0314547 1.00666
0.002625 2051.31 0.0984197 577794 0.0301826 0.959885
0.001545 1837.66 0.125775 577793 0.0345492 1.07119
0.000925 1744.15 0.136383 577795 0.0329408 1.12827
0.000615 1713.6 0.139714 577794 0.0338493 1.14825
0.002315 1988.59 0.10703 577793 0.0318563 0.99018
0.001245 1787.7 0.131522 577794 0.0338055 1.10094
0.001855 1895.92 0.118813 577795 0.032035 1.03844
0.002165 1958.01 0.111027 577794 0.0314714 1.00562
0.002635 2053.31 0.0981358 577794 0.0299916 0.958951
0.001555 1839.45 0.125566 577793 0.0343445 1.07015
0.000935 1745.33 0.136252 577795 0.0330437 1.1275
0.000625 1714.4 0.139629 577794 0.0335054 1.14773
0.002325 1990.63 0.106759 577794 0.0315616 0.989167
0.001255 1789.24 0.131348 577794 0.034064 1.1
0.001865 1897.88 0.118574 577795 0.0319456 1.03737
0.002175 1960.05 0.110765 577794 0.0314529 1.00458
0.000945 1746.53 0.13612 577795 0.0331321 1.12674
0.002645 2055.29 0.0978515 577794 0.0296976 0.958021
0.001565 1841.25 0.125355 577793 0.0340231 1.06911
0.000635 1715.2 0.139542 577795 0.0331805 1.14719
0.002335 1992.67 0.106487 577794 0.0313996 0.988156
0.001265 1790.79 0.131173 577794 0.0343331 1.09906
0.001875 1899.84 0.118333 577795 0.0319598 1.03631
0.002185 1962.08 0.110502 577794 0.0314242 1.00354
0.000955 1747.74 0.135987 577795 0.0332 1.12596
0.002655 2057.28 0.0975669 577794 0.0294009 0.957095
0.001575 1843.05 0.125144 577794 0.0336304 1.06807
0.001585 1844.86 0.124931 577794 0.0332261 1.06703
0.001595 1846.68 0.124717 577795 0.0328711 1.06599
0.007365 2247.56 0.000233139 577794 0.0016083 0.86393
0.002885 2102.2 0.0909465 577793 0.0287358 0.936547
0.007375 2247.03 0.000233022 577793 0.00197068 0.864125
0.003205 2161.81 0.081584 577794 0.025711 0.910472
0.007045 2273.66 0.000333725 577808 -9.1702e-05 0.854573
0.003215 2163.57 0.08129 577794 0.0256945 0.909722
0.007055 2272.6 0.00032686 577796 2.9925e-05 0.854931
0.003225 2165.31 0.080996 577791 0.025735 0.908975
0.007385 2246.5 0.000232918 577793 0.00198811 0.864316
0.007065 2271.59 0.000321916 577796 0.000267866 0.855286
0.003235 2167.04 0.080702 577794 0.0258427 0.908246
0.003245 2168.75 0.0804079 577794 0.0260117 0.907519
0.007075 2270.6 0.000317046 577795 0.000639915 0.855638
0.003255 2170.45 0.0801139 577794 0.026222 0.906796
0.007085 2269.62 0.000312248 577794 0.00105842 0.855987
0.003265 2172.15 0.0798197 577793 0.0264488 0.906075
0.007395 2245.98 0.000232825 577793 0.00150277 0.864505
0.007095 2268.64 0.000307519 577794 0.00145204 0.856334
0.002895 2104.14 0.0906559 577794 0.0284607 0.935678
0.003275 2173.85 0.0795256 577793 0.026672 0.905358
0.007105 2267.68 0.000302857 577793 0.00177392 0.856677
0.003285 2175.54 0.0792315 577793 0.0268779 0.904643
0.007115 2266.72 0.000298258 577793 0.00188704 0.857019
0.006725 2315.23 0.00109544 577794 0.00108221 0.840032
0.003295 2177.22 0.0789373 577792 0.0270526 0.903931
0.007405 2245.48 0.000232741 577793 0.000505267 0.864689
0.007125 2265.77 0.00029372 577793 0.0015406 0.857358
0.002905 2106.07 0.0903652 577794 0.0281088 0.934812
0.003305 2178.9 0.0786432 577792 0.0271723 0.903221
0.007135 2264.84 0.000289242 577793 0.000569992 0.857693
0.003315 2180.58 0.078349 577792 0.0272012 0.902515
0.007145 2263.91 0.000284819 577793 -0.000855983 0.858025
0.003325 2182.26 0.0780549 577792 0.0271009 0.901811
0.007155 2262.99 0.000280449 577792 -0.0022422 0.858353
0.007415 2244.98 0.000232666 577793 -0.000791091 0.864869
0.002915 2108.01 0.0900743 577794 0.0278093 0.933949
0.003335 2183.93 0.0777607 577792 0.0268487 0.90111
0.007165 2262.08 0.00027613 577792 -0.00307021 0.858679
0.003345 2185.59 0.0774666 577793 0.02645 0.900411
0.007175 2261.18 0.00027186 577792 -0.00311358 0.859004
0.003355 2187.25 0.0771725 577790 0.0259356 0.899715
0.007185 2260.29 0.000267635 577794 -0.00250286 0.859325
0.007425 2244.5 0.0002326 577792 -0.00200648 0.865045
0.003365 2188.89 0.0768784 577794 0.025351 0.899034
0.007195 2259.42 0.000263454 577795 -0.00156624 0.859644
0.002925 2109.93 0.0897832 577794 0.027623 0.93309
0.003375 2190.51 0.0765843 577794 0.0247507 0.898354
0.007205 2258.55 0.000259314 577796 -0.000637294 0.859959
0.003525 2214.39 0.0721785 577793 0.0245812 0.888468
0.006735 2313.85 0.00104107 577783 0.000927767 0.840489
0.003385 2192.14 0.0762903 577794 0.0242077 0.897677
0.007215 2257.69 0.000255212 577796 5.73229e-05 0.86027
0.007435 2244.03 0.000232541 577792 -0.00275274 0.865218
0.003845 2260.07 0.0628569 577788 0.0237403 0.869981
0.002935 2111.86 0.089492 577794 0.0275331 0.932233
0.003395 2193.76 0.0759963 577794 0.02381 0.897002
0.006405 2358.58 0.00326889 577796 0.00206499 0.825613
0.007225 2256.84 0.000251147 577796 0.000431497 0.860577
0.003855 2261.38 0.0625683 577792 0.0237582 0.869462
0.003405 2195.37 0.0757023 577793 0.0236253 0.896329
0.006745 2312.46 0.000994886 577795 0.000747874 0.840981
0.007235 2256 0.000247116 577796 0.000515029 0.860881
0.003865 2262.68 0.0622798 577792 0.0236223 0.868946
0.003415 2196.98 0.0754083 577793 0.0236489 0.895659
0.007445 2243.64 0.000232489 577813 -0.00285617 0.865388
0.006415 2357.25 0.00319489 577795 0.00202636 0.826046
0.007245 2255.17 0.000243117 577795 0.000391316 0.86118
0.003875 2263.97 0.0619916 577792 0.0232802 0.868432
0.003425 2198.59 0.0751144 577794 0.0237914 0.894992
0.002945 2113.78 0.0892006 577794 0.0274976 0.93138
0.007255 2254.35 0.000239148 577795 0.000146142 0.861476
0.006425 2355.92 0.0031213 577795 0.00211537 0.826479
0.003885 2265.25 0.0617035 577793 0.0226997 0.867921
0.003435 2200.19 0.0748205 577794 0.0239308 0.894327
0.006755 2311.03 0.000956932 577795 0.000607059 0.841473
0.007265 2253.61 0.000236361 577810 -0.000134459 0.861769
0.003445 2201.79 0.0745267 577794 0.0239874 0.893664
0.006435 2354.58 0.00304811 577794 0.00240703 0.826913
0.003895 2266.53 0.0614157 577793 0.0218927 0.867412
0.007455 2243.3 0.000232443 577794 -0.00237551 0.865482
0.007275 2252.9 0.000234905 577794 -0.000371849 0.862001
0.003455 2203.39 0.074233 577794 0.0239575 0.893004
0.002955 2115.69 0.0889091 577794 0.0274958 0.930531
0.003905 2267.81 0.0611281 577794 0.020941 0.866905
0.006445 2353.25 0.00297533 577794 0.00281444 0.827347
0.003535 2215.91 0.0718853 577793 0.0248176 0.887844
0.007285 2252.26 0.000234629 577794 -0.000516921 0.862231
0.003465 2204.98 0.0739393 577794 0.0238908 0.892346
0.006765 2309.6 0.000919206 577795 0.00052893 0.841964
0.003915 2269.08 0.0608407 577794 0.0200045 0.8664
0.007465 2243.05 0.000232403 577795 -0.00156618 0.865572
0.004165 2298.97 0.0537369 577793 0.0200443 0.854608
0.006455 2351.91 0.00290296 577793 0.00306588 0.827782
0.007295 2251.64 0.000234376 577795 -0.00057834 0.862457
0.003475 2206.56 0.0736456 577794 0.0238458 0.891691
0.002965 2117.6 0.0886174 577794 0.0275339 0.929684
0.003925 2270.34 0.0605535 577794 0.0192832 0.865898
0.003545 2217.42 0.0715922 577793 0.0250394 0.887223
0.006775 2308.18 0.000881703 577795 0.000510487 0.842453
0.007305 2251.02 0.000234145 577795 -0.000578549 0.862679
0.006465 2350.58 0.00283101 577793 0.00292129 0.828219
0.003485 2208.14 0.073352 577794 0.0238631 0.891039
0.007475 2242.81 0.000232368 577796 -0.000701115 0.865658
0.003935 2271.6 0.0602666 577794 0.0189359 0.865397
0.007315 2250.42 0.000233934 577796 -0.000504203 0.862898
0.006475 2349.24 0.00275946 577794 0.00241723 0.828658
0.003495 2209.72 0.0730585 577794 0.0239585 0.890388
0.002975 2119.51 0.0883255 577794 0.0276248 0.928841
0.003945 2272.86 0.0599798 577793 0.0189968 0.864899
0.007325 2249.83 0.000233743 577796 -0.000304825 0.863112
0.003505 2211.3 0.0727651 577794 0.0241258 0.88974
0.006485 2347.9 0.00268833 577795 0.001844 0.829097
0.003555 2218.94 0.0712992 577793 0.0252398 0.886603
0.006785 2306.77 0.000844415 577795 0.000569738 0.842941
0.003955 2274.11 0.0596934 577793 0.0193521 0.864403
0.007335 2249.25 0.000233568 577796 4.98463e-05 0.863323
0.003515 2212.85 0.0724718 577789 0.0243429 0.889095
0.007485 2242.59 0.000232337 577796 -1.02685e-05 0.86574
0.006495 2346.56 0.00261761 577795 0.00148194 0.829538
0.003965 2275.36 0.0594071 577794 0.0197988 0.863909
0.007345 2248.67 0.00023341 577795 0.000534549 0.863529
0.002985 2121.41 0.0880336 577794 0.0277696 0.928001
0.006085 2374.98 0.00843114 577792 0.00663786 0.821042
0.002995 2123.31 0.0877415 577795 0.0279554 0.927164
0.005765 2383.56 0.0146485 577792 0.00875986 0.819281
0.004485 2331.47 0.0449327 577794 0.0157553 0.841906
0.005775 2383.41 0.0144467 577791 0.00957106 0.819293
0.003005 2125.21 0.0874492 577793 0.0281626 0.926324
0.004495 2332.38 0.0446639 577794 0.0159411 0.841552
0.005785 2383.26 0.0142453 577790 0.0101502 0.819306
0.004505 2333.28 0.0443955 577794 0.0161894 0.841201
0.005795 2383.1 0.0140445 577791 0.00999666 0.819324
0.004515 2334.17 0.0441275 577794 0.0163803 0.840851
0.005805 2382.91 0.0138441 577785 0.00898758 0.819344
0.003015 2127.11 0.0871568 577793 0.0283722 0.92549
0.004525 2335.06 0.0438599 577794 0.0164459 0.840504
0.005815 2382.71 0.0136443 577793 0.00752553 0.819386
0.005825 2382.48 0.013445 577795 0.00619167 0.81943
0.004535 2335.94 0.0435928 577794 0.0163862 0.840159
0.006095 2374.65 0.00824461 577795 0.00476078 0.821124
0.005835 2382.24 0.0132461 577795 0.00539487 0.819475
0.004545 2336.82 0.0433261 577794 0.0162574 0.839816
0.003025 2129 0.0868644 577791 0.0285657 0.924659
0.005845 2382 0.0130478 577796 0.00515449 0.81952
0.004555 2337.7 0.0430598 577794 0.0161408 0.839474
0.005445 2383.94 0.0213841 577793 0.0102825 0.820332
0.005855 2381.76 0.0128499 577795 0.0052596 0.819567
0.004565 2338.57 0.0427939 577794 0.0161078 0.839135
0.006105 2374.32 0.00805853 577796 0.00363407 0.821205
0.003035 2130.88 0.0865718 577792 0.0287207 0.923837
0.005125 2374.89 0.0286848 577794 0.0116484 0.824585
0.005865 2381.51 0.0126525 577795 0.00549116 0.819615
0.004575 2339.42 0.0425285 577791 0.016193 0.838797
0.005875 2381.25 0.0124556 577794 0.00573348 0.819665
0.004585 2340.26 0.0422636 577794 0.0163836 0.838472
0.005135 2375.34 0.0284479 577794 0.0117509 0.824393
0.005885 2380.99 0.0122592 577794 0.00594048 0.819716
0.004595 2341.08 0.0419991 577794 0.0166296 0.838149
0.006115 2373.98 0.00787291 577796 0.00333124 0.821285
0.003045 2132.76 0.086279 577792 0.028806 0.923017
0.005145 2375.79 0.0282116 577794 0.0119548 0.824204
0.005895 2380.73 0.0120633 577794 0.00606352 0.81977
0.004605 2341.9 0.041735 577793 0.0168706 0.837827
0.006125 2373.64 0.00768773 577796 0.00342251 0.821365
0.005905 2380.46 0.0118679 577793 0.0060375 0.819825
0.004615 2342.71 0.0414714 577793 0.0170684 0.837508
0.005155 2376.22 0.0279759 577789 0.0122014 0.824016
0.005455 2384.07 0.0211652 577793 0.0104038 0.820251
0.005915 2380.18 0.0116729 577794 0.00582745 0.819882
0.003055 2134.62 0.0859862 577792 0.0287841 0.922202
0.004625 2343.52 0.0412082 577793 0.0172251 0.837191
0.004805 2356.95 0.0365522 577794 0.0143931 0.831892
0.005165 2376.63 0.0277407 577793 0.0124297 0.823844
0.005925 2379.9 0.0114785 577794 0.00547404 0.819941
0.006135 2373.3 0.007503 577795 0.00356365 0.821447
0.004635 2344.32 0.0409455 577793 0.0173764 0.836875
0.005465 2384.2 0.0209469 577793 0.0105114 0.820172
0.003065 2136.49 0.0856933 577792 0.0286233 0.921389
0.005935 2379.62 0.0112845 577794 0.00508951 0.820002
0.004645 2345.12 0.0406833 577792 0.0175595 0.836561
0.005175 2377.02 0.0275061 577793 0.0126181 0.823675
0.005945 2379.33 0.011091 577795 0.00480863 0.820064
0.004655 2345.91 0.0404215 577792 0.0177747 0.836249
0.006145 2372.95 0.00731871 577795 0.00370263 0.821529
0.005185 2377.41 0.027272 577793 0.0127958 0.823507
0.005475 2384.31 0.0207291 577793 0.0107228 0.820095
0.004665 2346.7 0.0401602 577792 0.0179634 0.835939
0.005955 2379.04 0.0108979 577795 0.00473325 0.820127
0.003075 2138.35 0.0854003 577793 0.0283166 0.92058
0.005195 2377.77 0.0270385 577788 0.0130256 0.823341
0.004675 2347.48 0.0398993 577792 0.0180203 0.835632
0.005965 2378.75 0.0107054 577794 0.00489642 0.820191
0.005205 2378.12 0.0268056 577792 0.0133362 0.823191
0.004685 2348.26 0.039639 577792 0.0178372 0.835326
0.006155 2372.61 0.00713486 577794 0.00390794 0.821611
0.005975 2378.45 0.0105133 577794 0.00525631 0.820256
0.005215 2378.44 0.0265732 577792 0.0136719 0.823043
0.005485 2384.42 0.0205119 577792 0.0110945 0.82002
0.004695 2349.03 0.0393791 577792 0.0173567 0.835023
0.003085 2140.2 0.0851072 577793 0.0278958 0.919775
0.005985 2378.15 0.0103217 577794 0.00572225 0.820322
0.002345 1994.71 0.106215 577794 0.0313772 0.987146
0.005225 2378.76 0.0263414 577791 0.013885 0.822897
0.004815 2357.63 0.0362981 577794 0.0142631 0.831623
0.004705 2349.8 0.0391196 577793 0.0166102 0.834722
0.005995 2377.84 0.0101305 577793 0.00617146 0.820388
0.006165 2372.26 0.00695145 577794 0.00416429 0.821695
0.005495 2384.53 0.0202952 577791 0.0115325 0.819947
0.003095 2142.05 0.084814 577793 0.0274299 0.918973
0.005235 2379.08 0.0261102 577791 0.013808 0.822754
0.004715 2350.56 0.0388607 577794 0.0157179 0.834423
0.006005 2377.54 0.00993984 577793 0.00642219 0.820456
0.005245 2379.39 0.0258795 577792 0.0133511 0.822613
0.004725 2351.32 0.0386022 577794 0.0148508 0.834126
0.006015 2377.23 0.00974964 577793 0.0063011 0.820525
0.006175 2371.93 0.00676847 577798 0.00434291 0.821779
0.005255 2379.69 0.0256494 577793 0.0125682 0.822476
0.004825 2358.3 0.0360446 577794 0.0140958 0.831356
0.004735 2352.06 0.0383442 577791 0.0141713 0.83383
0.005505 2384.63 0.0200791 577791 0.0118029 0.819876
0.006025 2376.92 0.00955989 577793 0.00592093 0.820597
0.003105 2143.9 0.0845207 577794 0.0270017 0.918174
0.005265 2379.98 0.0254198 577794 0.0116418 0.82234
0.004745 2352.79 0.0380868 577795 0.0137813 0.833548
0.006035 2376.6 0.00937062 577794 0.00584193 0.820669
0.006185 2371.6 0.00658593 577793 0.00430209 0.821849
0.005275 2380.27 0.0251908 577794 0.0107964 0.822207
0.004755 2353.49 0.0378298 577794 0.0136922 0.833267
0.006045 2376.29 0.0091818 577793 0.00661671 0.82074
0.004835 2358.96 0.0357916 577794 0.0139705 0.831091
0.005515 2384.72 0.0198635 577791 0.0116648 0.819808
0.005285 2380.55 0.0249624 577795 0.0101996 0.822075
0.001275 1792.34 0.130996 577793 0.0345704 1.09811
0.004765 2354.2 0.0375732 577794 0.013832 0.832988
0.002355 1996.75 0.105943 577794 0.0314258 0.986139
0.003115 2145.73 0.0842273 577794 0.0266721 0.917379
0.006055 2375.96 0.00899345 577791 0.00800207 0.820812
0.006195 2371.29 0.00640382 577794 0.00401094 0.82192
0.005295 2380.83 0.0247345 577795 0.00990772 0.821944
0.004845 2359.62 0.0355391 577794 0.0139466 0.830829
0.005525 2384.8 0.0196485 577792 0.0110333 0.819743
0.004775 2354.89 0.0373172 577794 0.0140771 0.832711
0.006065 2375.64 0.00880555 577790 0.00889966 0.820885
0.001885 1901.8 0.118092 577795 0.0320371 1.03524
0.006075 2375.31 0.00861812 577790 0.00837813 0.820962
0.002195 1964.12 0.110238 577794 0.0314167 1.0025
0.002665 2059.26 0.097282 577794 0.0291823 0.956171
0.003975 2276.6 0.0591211 577794 0.0201487 0.863418
0.002205 1966.16 0.109974 577794 0.0314581 1.00146
0.006505 2345.23 0.0025473 577795 0.00140869 0.829978
0.002675 2061.24 0.0969968 577794 0.0290655 0.95525
0.002215 1968.19 0.109709 577794 0.0315652 1.00043
0.003985 2277.83 0.0588353 577794 0.0203096 0.862929
0.003565 2220.44 0.0710062 577792 0.0254067 0.885987
0.006515 2343.89 0.0024774 577795 0.00155872 0.830419
0.002225 1970.23 0.109444 577794 0.0317399 0.999394
0.004175 2300.08 0.0534564 577794 0.0192284 0.854172
0.003995 2279.07 0.0585498 577794 0.0203015 0.862443
0.002685 2063.21 0.0967113 577794 0.0290289 0.954332
0.006525 2342.55 0.0024079 577795 0.00188475 0.83086
0.002235 1972.27 0.109178 577794 0.0319694 0.998362
0.007355 2248.11 0.000233268 577794 0.00108429 0.863731
0.004005 2280.29 0.0582645 577794 0.0202145 0.861959
0.006795 2305.36 0.000807334 577795 0.000753869 0.843428
0.004015 2281.51 0.0579795 577794 0.0201484 0.861477
0.007495 2242.37 0.00023231 577796 0.000396453 0.865817
0.004025 2282.73 0.0576947 577794 0.0201682 0.860997
0.003125 2147.56 0.0839338 577793 0.0264556 0.91659
0.004035 2283.94 0.0574102 577794 0.0202901 0.860519
0.006805 2303.95 0.000770453 577795 0.00109774 0.843913
0.004045 2285.15 0.057126 577794 0.0204893 0.860044
0.002365 1998.79 0.10567 577794 0.0314403 0.985134
0.007505 2242.16 0.000232286 577796 0.000510522 0.865889
0.004055 2286.35 0.056842 577794 0.0207223 0.85957
0.006815 2302.56 0.000733762 577794 0.00158427 0.844397
0.005305 2381.1 0.0245072 577795 0.00987277 0.821816
0.003135 2149.37 0.0836403 577793 0.0263221 0.915807
0.007515 2241.97 0.000232266 577795 0.000397107 0.865957
0.004065 2287.53 0.0565583 577791 0.0209512 0.859099
0.006825 2301.16 0.000697254 577794 0.00213111 0.844879
0.005315 2381.36 0.0242805 577795 0.0099896 0.821689
0.003145 2151.17 0.0833467 577795 0.026225 0.915035
0.007525 2241.79 0.000232249 577795 0.000165607 0.86602
0.006205 2370.99 0.00622214 577794 0.00357402 0.821993
0.002375 2000.83 0.105397 577794 0.0313419 0.984131
0.004075 2288.71 0.0562749 577793 0.0211586 0.858639
0.006835 2299.79 0.00066557 577796 0.00257518 0.845361
0.005325 2381.62 0.0240543 577794 0.0101457 0.821564
0.003155 2152.96 0.0830531 577793 0.0261308 0.914263
0.007535 2241.62 0.000232234 577794 -7.14065e-05 0.86608
0.002385 2002.86 0.105123 577794 0.0311229 0.983131
0.004085 2289.87 0.0559917 577793 0.0213494 0.858182
0.006845 2298.42 0.000638829 577794 0.00265836 0.845834
0.004785 2355.59 0.0370617 577794 0.0143013 0.832435
0.005335 2381.87 0.0238287 577794 0.0102524 0.821442
0.003165 2154.74 0.0827594 577793 0.0260311 0.913498
0.007545 2241.46 0.000232221 577794 -0.000246429 0.866137
0.002395 2004.9 0.104848 577794 0.030843 0.982133
0.004095 2291.02 0.0557088 577793 0.0215352 0.857727
0.006855 2297.06 0.000616906 577794 0.00209624 0.846306
0.005345 2382.12 0.0236037 577794 0.0102569 0.821322
0.006215 2370.67 0.00604088 577795 0.00316944 0.822065
0.004795 2356.27 0.0368067 577794 0.0144161 0.832162
0.003175 2156.51 0.0824656 577794 0.0259325 0.912739
0.007555 2241.31 0.000232211 577794 -0.000356424 0.866189
0.002405 2006.93 0.104573 577794 0.0305866 0.981137
0.004105 2292.17 0.0554263 577792 0.0217131 0.857274
0.004855 2360.27 0.0352872 577794 0.0140445 0.830568
0.004115 2293.32 0.055144 577792 0.02185 0.856823
0.005535 2384.88 0.019434 577793 0.010054 0.819681
0.004125 2294.46 0.054862 577792 0.0218847 0.856375
0.001895 1903.77 0.11785 577795 0.0321317 1.03417
0.004135 2295.6 0.0545802 577792 0.0217472 0.855929
0.002695 2065.19 0.0964254 577794 0.0290426 0.953418
0.004865 2360.92 0.0350357 577794 0.0142404 0.83031
0.001905 1905.75 0.117607 577794 0.0322065 1.03311
0.004145 2296.72 0.0542988 577792 0.0213874 0.855486
0.005545 2384.95 0.0192201 577794 0.00902803 0.819621
0.004875 2361.55 0.0347848 577793 0.0144799 0.830055
0.002705 2067.16 0.0961393 577794 0.0290919 0.952506
0.006535 2341.19 0.00233881 577790 0.00238774 0.831302
0.001915 1907.73 0.117364 577794 0.0322434 1.03204
0.004155 2297.85 0.0540177 577793 0.0208011 0.855046
0.004885 2362.18 0.0345343 577793 0.0147071 0.829803
0.005555 2385 0.0190067 577790 0.00818851 0.819563
0.002715 2069.12 0.095853 577794 0.0291789 0.951598
0.006545 2339.83 0.00227012 577793 0.00300868 0.831758
0.004895 2362.79 0.0342844 577791 0.0148958 0.829555
0.005565 2385.04 0.0187939 577795 0.00769519 0.81952
0.003575 2221.94 0.0707134 577792 0.0255139 0.885372
0.004185 2301.19 0.0531762 577794 0.0184955 0.853738
0.005575 2385.05 0.0185816 577795 0.00750238 0.819479
0.006865 2295.72 0.000595143 577793 0.00078076 0.846775
0.003585 2223.44 0.0704207 577792 0.0255225 0.884761
0.005355 2382.35 0.0233792 577794 0.0101444 0.821204
0.005585 2385.05 0.0183699 577795 0.00756984 0.81944
0.004195 2302.29 0.0528963 577794 0.0179756 0.853306
0.003595 2224.93 0.070128 577792 0.0253903 0.884152
0.006875 2294.37 0.000573537 577792 -0.00100457 0.847242
0.003185 2158.28 0.0821718 577796 0.0258423 0.911984
0.005595 2385.05 0.0181587 577794 0.00776331 0.819403
0.006225 2370.36 0.00586004 577795 0.00294515 0.822138
0.004205 2303.39 0.0526168 577794 0.01774 0.852876
0.005365 2382.59 0.0231553 577794 0.00993678 0.821089
0.003605 2226.42 0.0698355 577792 0.0250846 0.883546
0.006885 2293.04 0.000552081 577791 -0.00260259 0.847707
0.007565 2241.17 0.000232202 577795 -0.000428785 0.866239
0.005605 2385.05 0.0179481 577794 0.00797942 0.819368
0.003195 2160.05 0.0818779 577794 0.0257657 0.911226
0.004215 2304.48 0.0523376 577794 0.0177724 0.852448
0.002415 2008.97 0.104298 577794 0.0304136 0.980144
0.006235 2370.05 0.00567962 577795 0.00296853 0.822211
0.002725 2071.08 0.0955663 577794 0.0293088 0.950692
0.006245 2369.73 0.00549961 577795 0.0032336 0.822284
0.004905 2363.39 0.0340351 577793 0.0150634 0.829315
0.002735 2073.04 0.0952794 577794 0.0294794 0.94979
0.006255 2369.42 0.00532002 577794 0.00368236 0.822356
0.006555 2338.46 0.00220182 577793 0.0035854 0.832214
0.004915 2363.98 0.0337862 577793 0.0152562 0.829078
0.002745 2075 0.0949922 577793 0.0296789 0.948891
0.005375 2382.81 0.0229319 577794 0.00968728 0.820976
0.006265 2369.1 0.00514082 577793 0.00420858 0.82243
0.003615 2227.91 0.0695431 577793 0.0245924 0.882942
0.004925 2364.56 0.0335379 577792 0.0155055 0.828843
0.002755 2076.95 0.0947047 577793 0.0298884 0.947994
0.006565 2337.08 0.00213392 577793 0.00392685 0.832671
0.006275 2368.79 0.00496203 577793 0.00466437 0.822503
0.006895 2291.71 0.00053077 577791 -0.00333573 0.848172
0.004935 2365.13 0.0332901 577792 0.0157843 0.82861
0.005385 2383.01 0.0227091 577789 0.00946424 0.820865
0.003625 2229.39 0.0692508 577793 0.0239311 0.882341
0.006285 2368.47 0.00478363 577793 0.00490184 0.822578
0.006575 2335.7 0.0020664 577793 0.00383791 0.833131
0.004945 2365.69 0.0330428 577792 0.0159923 0.828379
0.002765 2078.9 0.094417 577793 0.0300844 0.947101
0.006905 2290.39 0.000509598 577792 -0.00296323 0.848636
0.005395 2383.2 0.0224869 577794 0.00933922 0.820771
0.006295 2368.15 0.00460562 577793 0.00483784 0.822653
0.003635 2230.86 0.0689587 577794 0.0231607 0.881743
0.004955 2366.26 0.0327961 577791 0.0159899 0.82815
0.006585 2334.33 0.00199927 577794 0.00304088 0.83359
0.005615 2385.03 0.017738 577794 0.0081186 0.819335
0.006915 2289.08 0.000488559 577794 -0.00184322 0.8491
0.005405 2383.36 0.0222652 577794 0.00935794 0.820679
0.006305 2367.84 0.00442799 577793 0.00449228 0.822728
0.003645 2232.33 0.0686666 577794 0.0223906 0.881148
0.004965 2366.81 0.0325499 577792 0.0156661 0.827925
0.002775 2080.85 0.094129 577792 0.0302379 0.94621
0.006595 2332.95 0.00193251 577793 0.00131042 0.834049
0.004225 2305.57 0.0520587 577794 0.0179757 0.852022
0.006925 2287.81 0.000470554 577803 -0.000644882 0.849561
0.005415 2383.52 0.0220441 577794 0.00952668 0.820589
0.005625 2384.99 0.0175284 577789 0.00811618 0.819305
0.006315 2367.52 0.00425074 577794 0.00397047 0.822804
0.003655 2233.78 0.0683747 577793 0.0217625 0.880557
0.004975 2367.36 0.0323042 577792 0.0150037 0.827701
0.006605 2331.58 0.00186613 577792 -0.00104249 0.834507
0.002785 2082.79 0.0938408 577792 0.0303143 0.945323
0.004235 2306.65 0.0517801 577794 0.0182159 0.851598
0.006935 2286.55 0.000455735 577796 0.00014202 0.849992
0.005425 2383.66 0.0218236 577794 0.00979471 0.820501
0.005635 2384.95 0.0173193 577793 0.00795507 0.81929
0.006325 2367.2 0.00407387 577794 0.00340943 0.822879
0.003665 2235.23 0.0680829 577793 0.021401 0.879971
0.004985 2367.9 0.0320591 577793 0.0141018 0.82748
0.006615 2330.2 0.00180011 577790 -0.00294091 0.834965
0.002795 2084.73 0.0935524 577792 0.0302781 0.944439
0.004245 2307.72 0.0515018 577792 0.0183795 0.851177
0.006945 2285.33 0.000443945 577796 0.000457373 0.85042
0.005435 2383.81 0.0216036 577793 0.0100739 0.820416
0.006335 2366.89 0.00389735 577794 0.00293959 0.822955
0.005645 2384.88 0.0171107 577794 0.00766569 0.819278
0.003675 2236.66 0.0677913 577794 0.0213519 0.879392
0.004995 2368.44 0.0318145 577794 0.0131429 0.827261
0.006625 2328.83 0.00173444 577790 -0.00324561 0.835426
0.004255 2308.79 0.0512239 577794 0.0184155 0.850764
0.002805 2086.67 0.0932637 577792 0.0301015 0.943558
0.006955 2284.13 0.000432272 577796 0.000538648 0.850846
0.006345 2366.11 0.00375564 577679 0.00260823 0.82303
0.005655 2384.8 0.0169027 577794 0.0073217 0.819268
0.003685 2238.09 0.0674997 577793 0.0215501 0.878815
0.005005 2368.97 0.0315705 577794 0.0123227 0.827044
0.006635 2327.46 0.00166913 577792 -0.00188068 0.835889
0.007575 2241.04 0.000232194 577795 -0.000464637 0.866284
0.002425 2011 0.104022 577794 0.0303383 0.979153
0.006645 2326.09 0.00160415 577794 3.88349e-06 0.836353
0.004265 2309.84 0.0509464 577794 0.0183427 0.850353
0.007585 2240.93 0.000232187 577796 -0.000416331 0.866326
0.006355 2365.24 0.00364486 577794 0.00242705 0.823459
0.006655 2324.72 0.00153951 577796 0.0011611 0.836816
0.002435 2013.03 0.103746 577794 0.0303416 0.978164
0.002815 2088.6 0.0929748 577793 0.0297832 0.94268
0.007595 2240.83 0.000232182 577796 -0.000215373 0.866362
0.004275 2310.88 0.0506692 577794 0.0182272 0.849944
0.006365 2363.91 0.00356888 577795 0.00233162 0.823889
0.006965 2282.92 0.000420714 577796 0.000584563 0.851269
0.006665 2323.36 0.00147519 577796 0.00132384 0.837277
0.002445 2015.07 0.103469 577794 0.0303968 0.977178
0.007605 2240.73 0.000232178 577796 0.000182253 0.866395
0.004285 2311.92 0.0503923 577794 0.0181464 0.849538
0.005665 2384.72 0.0166952 577794 0.00703415 0.819259
0.002825 2090.53 0.0926856 577793 0.0293713 0.941804
0.006375 2362.58 0.00349329 577795 0.00227537 0.824319
0.006975 2281.73 0.000409266 577795 0.000570725 0.851689
0.006675 2322 0.00141118 577796 0.00106178 0.837738
0.007615 2240.65 0.000232174 577795 0.00076457 0.866422
0.004295 2312.96 0.0501158 577794 0.0181565 0.849133
0.002455 2017.09 0.103192 577794 0.0304888 0.976194
0.002835 2092.47 0.0923963 577795 0.028972 0.940932
0.005675 2384.63 0.0164882 577794 0.00690046 0.819253
0.006385 2361.25 0.00341809 577796 0.00221397 0.82475
0.003695 2239.5 0.0672084 577793 0.0218487 0.878244
0.006985 2280.54 0.000397924 577795 0.000356043 0.852107
0.006685 2320.64 0.00134747 577796 0.000918954 0.838197
0.007625 2240.59 0.000232171 577795 0.00144792 0.866445
0.004305 2313.99 0.0498396 577794 0.0182743 0.848731
0.002465 2019.12 0.102914 577794 0.0306154 0.975213
0.002845 2094.41 0.0921067 577795 0.0287134 0.940055
0.006395 2359.91 0.00334329 577796 0.00214058 0.825182
0.005685 2384.53 0.0162817 577794 0.00697614 0.819248
0.006995 2279.37 0.000386684 577794 -6.12314e-05 0.852523
0.003705 2240.91 0.0669171 577794 0.0220954 0.877677
0.007635 2240.53 0.000232169 577794 0.00207429 0.866464
0.005015 2369.5 0.031327 577795 0.0117807 0.826828
0.006695 2319.28 0.00128405 577795 0.000984623 0.838657
0.007645 2240.48 0.000232167 577793 0.00243549 0.86648
0.004315 2315.01 0.0495638 577794 0.0184765 0.84833
0.005025 2370.02 0.031084 577795 0.0115615 0.826613
0.007655 2240.45 0.000232166 577793 0.00233872 0.866491
0.002475 2021.15 0.102636 577794 0.0307776 0.974234
0.006705 2317.93 0.00122092 577795 0.00110232 0.839116
0.002855 2096.35 0.0918169 577794 0.0286619 0.939174
0.005035 2370.53 0.0308416 577794 0.0116158 0.826401
0.004325 2316.03 0.0492883 577794 0.0187151 0.847932
0.007665 2240.43 0.000232165 577793 0.00169845 0.866499
0.005695 2384.43 0.0160758 577794 0.00725453 0.819245
0.002485 2023.17 0.102358 577793 0.0309707 0.973258
0.006715 2316.58 0.00115805 577795 0.00114737 0.839574
0.005045 2371.04 0.0305997 577794 0.0118325 0.82619
0.004335 2317.05 0.0490132 577793 0.0189439 0.847535
0.002865 2098.3 0.091527 577794 0.0287548 0.938296
0.007675 2240.41 0.000232165 577793 0.000623583 0.866503
0.005705 2384.32 0.0158703 577793 0.00765733 0.819244
0.002495 2025.2 0.102079 577793 0.0311802 0.972284
0.003715 2242.31 0.066626 577794 0.0222054 0.877112
0.007005 2278.2 0.000375543 577794 -0.000455526 0.852937
0.002505 2027.22 0.1018 577793 0.0313828 0.971312
0.002875 2100.25 0.0912368 577794 0.0288279 0.93742
0.003725 2243.7 0.0663351 577794 0.022186 0.87655
0.007015 2277.04 0.000364496 577794 -0.000583459 0.853349
0.002515 2029.24 0.10152 577793 0.0315486 0.970344
0.003735 2245.09 0.0660443 577794 0.0221079 0.87599
0.005055 2371.54 0.0303584 577794 0.0120822 0.825982
0.004345 2318.06 0.0487385 577793 0.0191406 0.847141
0.005715 2384.21 0.0156654 577793 0.00804045 0.819245
0.005065 2372.04 0.0301177 577793 0.0122577 0.825776
0.007025 2275.89 0.00035354 577795 -0.000439706 0.85376
0.004355 2319.06 0.0484641 577793 0.019314 0.846749
0.002525 2031.26 0.10124 577792 0.031642 0.969378
0.005725 2384.09 0.015461 577793 0.00824665 0.819248
0.005075 2372.53 0.0298775 577793 0.0122997 0.825572
0.007035 2274.74 0.000342669 577796 -0.000227643 0.854168
0.004365 2320.06 0.0481902 577793 0.0194889 0.846358
0.003745 2246.48 0.0657537 577794 0.0220534 0.875432
0.002535 2033.28 0.10096 577792 0.0316266 0.968416
0.005735 2383.96 0.0152571 577793 0.00822053 0.819254
0.005085 2373.01 0.0296378 577794 0.0122056 0.825371
0.002545 2035.29 0.100679 577792 0.0314748 0.967456
0.004375 2321.05 0.0479166 577792 0.0196781 0.84597
0.005745 2383.83 0.0150537 577793 0.00811144 0.819261
0.003755 2247.86 0.0654632 577794 0.0220768 0.874877
0.005095 2373.49 0.0293987 577794 0.0120209 0.825171
0.002555 2037.3 0.100398 577793 0.031187 0.9665
0.004385 2322.04 0.0476433 577792 0.0198575 0.845584
0.005755 2383.7 0.0148509 577793 0.00822227 0.81927
0.003765 2249.24 0.0651729 577794 0.0221919 0.874324
0.005105 2373.96 0.0291602 577794 0.011819 0.824974
0.004395 2323.02 0.0473705 577792 0.0199605 0.8452
0.003775 2250.61 0.0648828 577794 0.0223799 0.873773
0.005115 2374.43 0.0289222 577794 0.0116764 0.824779
0.004405 2324 0.047098 577792 0.019898 0.844819
0.003785 2251.97 0.0645928 577794 0.0226067 0.873224
0.004415 2324.98 0.046826 577792 0.0195962 0.84444
0.003795 2253.34 0.0643031 577793 0.0228402 0.872678
0.004425 2325.93 0.0465543 577789 0.0190336 0.844063
0.003805 2254.7 0.0640134 577793 0.0230619 0.872134
0.004435 2326.88 0.046283 577793 0.0182641 0.843699
0.003815 2256.05 0.063724 577793 0.0232676 0.871592
0.004445 2327.81 0.0460122 577794 0.0174086 0.843337
0.003825 2257.4 0.0634348 577793 0.0234581 0.871053
0.004455 2328.73 0.0457417 577794 0.0166233 0.842977
0.003835 2258.74 0.0631458 577792 0.0236248 0.870515
0.004465 2329.65 0.0454716 577794 0.0160481 0.842618
0.004475 2330.56 0.045202 577794 0.0157616 0.842261
