0.007365 300.014 0.232892 101335 0.00137102 1.17196
0.007375 300.014 0.232893 101335 0.0010589 1.17197
0.007385 300.013 0.232894 101335 0.00079356 1.17197
0.007395 300.013 0.232895 101335 0.000596504 1.17197
0.007405 300.013 0.232895 101335 0.000469569 1.17198
0.007415 300.012 0.232896 101335 0.000388568 1.17198
0.007425 300.012 0.232897 101335 0.000318259 1.17198
0.007435 300.012 0.232897 101336 0.000235614 1.17199
0.007445 300.011 0.232898 101336 0.000145845 1.17199
0.007455 300.011 0.232898 101336 7.29794e-05 1.17199
0.007465 300.011 0.232899 101336 3.81178e-05 1.17199
0.007475 300.011 0.232899 101336 3.75938e-05 1.172
0.007485 300.01 0.2329 101336 4.95321e-05 1.172
0.007495 300.01 0.2329 101336 4.80914e-05 1.172
0.007505 300.01 0.232901 101336 2.09136e-05 1.172
0.007515 300.01 0.232901 101336 -2.5415e-05 1.172
0.007525 300.009 0.232902 101336 -7.59383e-05 1.17201
0.007535 300.009 0.232902 101336 -0.000121007 1.17201
0.007545 300.009 0.232902 101336 -0.000157836 1.17201
0.007555 300.009 0.232903 101336 -0.000192944 1.17201
0.007565 300.009 0.232903 101336 -0.0002238 1.17201
0.007575 300.009 0.232903 101336 -0.00024866 1.17201
0.007585 300.009 0.232903 101336 -0.000261585 1.17201
0.007595 300.009 0.232903 101336 -0.000259687 1.17202
0.007605 300.008 0.232904 101336 -0.000244886 1.17202
0.007615 300.008 0.232904 101336 -0.000219535 1.17202
0.007625 300.008 0.232904 101336 -0.000186799 1.17202
0.007635 300.008 0.232904 101336 -0.000147018 1.17202
0.007645 300.008 0.232904 101336 -0.000106114 1.17202
0.007655 300.008 0.232904 101336 -6.77015e-05 1.17202
0.007665 300.008 0.232904 101336 -3.46138e-05 1.17202
0.007045 300.053 0.232837 101334 0.00408516 1.17171
0.007675 300.008 0.232904 101336 -9.9452e-06 1.17202
0.006725 300.215 0.232665 101334 0.0034125 1.17087
0.006405 300.827 0.232167 101333 0.00368175 1.16801
0.007055 300.051 0.23284 101334 0.00404831 1.17172
0.006735 300.206 0.232674 101334 0.00349641 1.17091
0.001605 2361.03 0.0169504 101334 -0.179346 0.14792
0.006415 300.793 0.232191 101333 0.0037489 1.16816
0.006745 300.198 0.232682 101334 0.00367199 1.17096
0.001925 2321.53 0.00910265 101333 -0.191208 0.150167
0.007065 300.048 0.232843 101334 0.00403178 1.17174
0.006425 300.76 0.232215 101333 0.00380329 1.16831
0.006755 300.19 0.23269 101334 0.00370649 1.171
0.001615 2360.66 0.0165933 101334 -0.179244 0.147936
0.001285 2366.66 0.0292866 101336 -0.158923 0.14783
0.007075 300.046 0.232846 101334 0.00405054 1.17175
0.006765 300.182 0.232698 101334 0.00351954 1.17104
0.006435 300.728 0.232238 101333 0.00383085 1.16845
0.000965 2142.45 0.0636233 101333 -0.133258 0.163531
0.001935 2319.2 0.00899502 101333 -0.191417 0.150309
0.001625 2360.3 0.0162368 101334 -0.178202 0.14795
0.007085 300.044 0.232848 101334 0.00417902 1.17176
0.002245 2249.87 0.00566904 101333 -0.180221 0.15467
0.006775 300.174 0.232706 101334 0.00343375 1.17107
0.006445 300.697 0.23226 101333 0.00383383 1.16859
0.001295 2370.07 0.0284901 101192 -0.158009 0.147405
0.001945 2316.88 0.00888738 101334 -0.189341 0.150452
0.007095 300.042 0.232851 101333 0.00437731 1.17177
0.006085 302.989 0.230817 101333 0.00362076 1.15869
0.001635 2359.93 0.0158809 101333 -0.177204 0.147963
0.000975 2149.78 0.0625027 101334 -0.134094 0.162966
0.006785 300.167 0.232713 101334 0.00364126 1.17111
0.006455 300.67 0.232282 101333 0.00382056 1.16872
0.000645 1850.86 0.102114 101333 -0.118279 0.189568
0.007105 300.041 0.232853 101333 0.00439708 1.17178
0.001305 2372.9 0.0278914 101336 -0.157089 0.147427
0.002255 2247.73 0.00556242 101333 -0.180681 0.15481
0.000325 1404.45 0.149432 101333 -0.0856871 0.250148
0.001955 2314.56 0.00877976 101334 -0.187824 0.150594
0.001645 2359.57 0.0155255 101333 -0.17781 0.147978
0.006795 300.16 0.23272 101334 0.00350137 1.17115
0.000985 2157.09 0.0613858 101334 -0.134281 0.162406
5e-06 386.755 0.227758 101362 -0.00685029 0.909391
0.006095 302.879 0.230882 101333 0.00358113 1.15916
0.006465 300.644 0.232302 101333 0.00379833 1.16884
0.007115 300.04 0.232856 101334 0.00417576 1.17179
0.002565 2163.65 0.00559788 101333 -0.178636 0.160552
0.001315 2372.45 0.0275224 101338 -0.159671 0.14745
0.005765 310.207 0.2274 101333 0.00255035 1.12993
0.000655 1861.31 0.100812 101333 -0.118911 0.188496
0.002265 2245.6 0.00545587 101334 -0.183635 0.15495
0.001965 2312.25 0.00867215 101334 -0.188449 0.150736
0.002885 2069.42 0.00733223 101333 -0.179851 0.167588
0.001655 2359.21 0.0151706 101334 -0.179615 0.147994
0.006805 300.153 0.232727 101334 0.00319678 1.17118
0.000335 1422.22 0.147722 101333 -0.0870462 0.247013
0.003205 1954.1 0.0121836 101334 -0.169738 0.177219
0.000995 2164.37 0.0602725 101333 -0.133607 0.161852
0.006105 302.771 0.230944 101333 0.00353804 1.15961
0.006475 300.619 0.232323 101333 0.00377891 1.16896
0.005445 332.018 0.219465 101333 -0.000743437 1.05289
0.007125 300.039 0.232858 101334 0.00384106 1.17179
0.003525 1750.33 0.0253256 101334 -0.167494 0.197596
1.5e-05 460.051 0.223309 101359 0.00620578 0.764477
0.002575 2160.96 0.00561208 101333 -0.178875 0.160744
0.001325 2372 0.0271533 101337 -0.171475 0.147468
0.003845 1454.89 0.0507369 101333 -0.166094 0.237499
0.000665 1871.69 0.0995174 101333 -0.11953 0.187442
0.005775 309.829 0.227559 101333 0.00259307 1.13138
0.002275 2243.47 0.00534941 101334 -0.185682 0.155089
0.005125 389.71 0.203358 101334 -0.0110587 0.893746
0.001975 2309.95 0.00856454 101333 -0.189737 0.150877
0.001665 2358.86 0.0148163 101334 -0.180031 0.148009
0.006815 300.146 0.232734 101333 0.00369667 1.17121
0.002895 2065.66 0.00749299 101333 -0.178715 0.167885
0.004805 514.268 0.176325 101334 -0.0316154 0.674659
0.000345 1439.76 0.146032 101333 -0.0884123 0.243995
0.001005 2171.63 0.0591626 101333 -0.133248 0.161303
0.006115 302.667 0.231005 101333 0.00349602 1.16005
0.006485 300.594 0.232342 101333 0.00375543 1.16907
0.004165 1052.23 0.0946307 101334 -0.121559 0.328321
0.003215 1950.68 0.0123229 101334 -0.167865 0.177521
0.007135 300.039 0.23286 101333 0.00461285 1.1718
0.005455 330.963 0.219816 101333 -0.000506067 1.05635
0.004485 732.236 0.138799 101334 -0.0696636 0.472421
2.5e-05 524.614 0.219325 101280 0.00187603 0.66986
0.002585 2158.27 0.00562604 101333 -0.178724 0.160935
0.003535 1743.13 0.0258086 101334 -0.167325 0.198405
0.001335 2371.56 0.0267843 101332 -0.187998 0.147479
0.000675 1882 0.0982306 101333 -0.120139 0.186407
0.005785 309.46 0.227713 101333 0.00263096 1.1328
0.005465 329.928 0.22016 101333 -0.00029691 1.05977
0.002285 2241.34 0.00524307 101334 -0.185778 0.155227
0.003855 1442.04 0.0520676 101334 -0.164206 0.23961
0.001985 2307.65 0.00845695 101333 -0.189614 0.151019
0.006825 300.144 0.23274 101336 0.00533018 1.17126
0.001675 2358.5 0.0144626 101334 -0.177853 0.148022
0.002905 2061.91 0.00765331 101333 -0.176606 0.168183
0.005135 387.145 0.204019 101334 -0.0106583 0.899779
0.000355 1457.07 0.144361 101333 -0.089772 0.241088
0.001015 2178.86 0.0580561 101333 -0.13415 0.160761
0.006125 302.565 0.231064 101333 0.00345561 1.16048
0.006495 300.57 0.232361 101333 0.00383854 1.16918
0.004815 508.972 0.17734 101334 -0.0307284 0.681755
0.007145 300.039 0.232862 101335 0.00414613 1.17182
0.003225 1947.28 0.0124615 101332 -0.161481 0.177821
0.004175 1041.24 0.096057 101334 -0.119988 0.331791
3.5e-05 575.713 0.215651 101348 -0.0214227 0.610808
0.002595 2155.59 0.00563976 101333 -0.17783 0.161127
0.003545 1735.93 0.026291 101333 -0.165802 0.19922
0.004495 723.62 0.140099 101334 -0.0682124 0.478079
0.001345 2371.13 0.0264154 101329 -0.193416 0.147493
0.000685 1892.23 0.0969513 101333 -0.12075 0.185391
0.005795 309.099 0.227863 101333 0.00266811 1.13419
0.005475 328.913 0.220496 101333 -0.000116604 1.06314
0.002295 2238.9 0.00517693 101318 -0.185089 0.155364
0.006835 300.135 0.232746 101333 0.00405633 1.17127
0.003865 1429.17 0.0533997 101334 -0.161038 0.241764
0.001995 2305.35 0.00834938 101334 -0.188187 0.151161
0.001685 2358.15 0.0141094 101332 -0.175336 0.148034
0.002915 2058.16 0.00781319 101334 -0.176178 0.168481
0.005145 384.618 0.204669 101334 -0.0102697 0.905801
0.000365 1474.15 0.142709 101333 -0.0910877 0.238286
0.001025 2186.07 0.056953 101334 -0.135349 0.160224
0.006135 302.465 0.231122 101333 0.00341441 1.1609
0.006505 300.546 0.23238 101333 0.00338379 1.16929
0.007155 300.03 0.232864 101332 0.00437112 1.17182
0.004825 503.719 0.178344 101334 -0.0298544 0.688943
0.003235 1943.88 0.0125995 101332 -0.160338 0.178124
0.004185 1030.26 0.0974816 101334 -0.118423 0.335332
4.5e-05 623.013 0.212206 101345 -0.0280572 0.564408
0.002605 2152.92 0.00565325 101333 -0.176964 0.161318
0.003555 1728.74 0.0267728 101333 -0.164306 0.200042
0.004505 715.036 0.141392 101334 -0.0667696 0.483853
0.001355 2370.71 0.0260465 101333 -0.182395 0.147518
0.005805 308.746 0.22801 101333 0.00270982 1.13556
0.000695 1902.4 0.0956794 101333 -0.12136 0.184392
0.006845 300.129 0.232752 101334 0.00314573 1.17131
0.002305 2236.33 0.00515627 101334 -0.184407 0.155557
0.005485 327.919 0.220824 101333 3.9816e-05 1.06647
0.003875 1416.27 0.0547334 101334 -0.15993 0.24396
0.002005 2303.07 0.00824182 101334 -0.187258 0.151303
0.001695 2357.8 0.0137567 101333 -0.176464 0.148048
0.002925 2054.43 0.00797261 101333 -0.177218 0.168778
0.005155 382.129 0.205309 101334 -0.00988972 0.911814
0.000375 1491.01 0.141075 101333 -0.0923703 0.235582
0.006145 302.369 0.231178 101333 0.00337085 1.16131
0.001035 2193.26 0.0558532 101334 -0.135074 0.159692
0.006515 300.523 0.232398 101334 0.00559922 1.16941
0.007165 300.03 0.232866 101333 0.00486058 1.17184
0.004835 498.509 0.179338 101334 -0.028997 0.696224
0.003245 1940.49 0.0127369 101334 -0.166323 0.178431
0.004195 1019.29 0.0989045 101334 -0.116748 0.338948
0.006155 302.274 0.231232 101333 0.00332786 1.16171
5.5e-05 667.512 0.20895 101343 -0.0332447 0.526763
0.002615 2150.26 0.00566649 101333 -0.176971 0.161509
0.003565 1721.55 0.0272539 101334 -0.164572 0.200871
0.004515 706.486 0.142679 101334 -0.0653088 0.489745
0.005815 308.437 0.228152 101333 0.00275846 1.13677
0.006855 300.123 0.232758 101334 0.00371983 1.17134
0.001365 2370.29 0.0256778 101338 -0.170366 0.147543
0.000705 1912.5 0.0944146 101333 -0.121939 0.183409
0.002315 2233.44 0.00517561 101334 -0.184524 0.15575
0.005495 326.943 0.221145 101333 0.000152543 1.06976
0.003885 1403.35 0.0560687 101334 -0.159815 0.246201
0.002015 2300.78 0.00813428 101334 -0.187703 0.151444
0.001705 2357.45 0.0134046 101334 -0.180447 0.148064
0.002935 2050.71 0.00813157 101333 -0.17753 0.169076
0.005165 379.676 0.205938 101334 -0.00951456 0.917816
0.000385 1507.66 0.139459 101333 -0.0936558 0.232972
0.006525 300.501 0.232415 101332 0.00624389 1.16949
0.007175 300.03 0.232868 101333 0.00407026 1.17184
0.001045 2200.42 0.0547565 101333 -0.133536 0.159164
0.004845 493.34 0.180321 101334 -0.028159 0.7036
0.003255 1937.11 0.0128739 101335 -0.171896 0.178738
0.002945 2046.99 0.00829006 101333 -0.176347 0.169375
0.006165 302.182 0.231284 101333 0.00329291 1.1621
0.004205 1008.33 0.100325 101334 -0.115061 0.342638
6.5e-05 709.664 0.205851 101341 -0.0376129 0.495459
0.002625 2147.6 0.00567949 101333 -0.177459 0.161701
0.003575 1714.37 0.0277344 101334 -0.165183 0.201706
0.006865 300.118 0.232764 101334 0.00366444 1.17136
0.004525 697.968 0.14396 101334 -0.0638589 0.495758
0.005825 308.136 0.228291 101333 0.00281886 1.13795
0.001375 2369.87 0.0253093 101336 -0.172776 0.147558
0.000715 1922.54 0.0931568 101333 -0.122486 0.182444
0.002325 2230.56 0.00519476 101334 -0.186589 0.155942
0.005505 325.987 0.221458 101333 0.000307821 1.073
0.003895 1390.4 0.0574056 101334 -0.158437 0.248489
0.002025 2298.51 0.00802676 101333 -0.188447 0.151585
0.001715 2357.11 0.013053 101335 -0.181248 0.148079
0.005175 377.26 0.206556 101334 -0.00914134 0.923807
0.006535 300.479 0.232432 101333 0.00318145 1.1696
0.000395 1524.11 0.137859 101333 -0.0949285 0.230449
0.007185 300.028 0.23287 101334 0.00462059 1.17185
0.001055 2207.56 0.0536629 101333 -0.133112 0.158641
0.004855 488.237 0.181294 101338 -0.0272995 0.711069
0.003265 1933.73 0.0130105 101335 -0.173109 0.179041
0.002955 2043.28 0.00844807 101333 -0.175177 0.169674
0.006175 302.092 0.231335 101334 0.00327875 1.16249
0.004215 997.382 0.101745 101334 -0.113411 0.346406
7.5e-05 749.809 0.202889 101340 -0.0415267 0.468916
0.002635 2144.96 0.00569224 101333 -0.177191 0.161892
0.006875 300.113 0.232769 101334 0.00367863 1.17139
0.003585 1707.2 0.0282141 101334 -0.163429 0.202547
0.005835 307.842 0.228425 101333 0.00289123 1.1391
0.004535 689.483 0.145234 101334 -0.0624212 0.501898
0.001385 2369.46 0.0249411 101332 -0.184288 0.147569
0.000725 1932.51 0.0919059 101333 -0.123042 0.181494
0.002335 2227.69 0.00521373 101333 -0.189497 0.156133
0.005515 325.051 0.221764 101334 -0.000190473 1.07619
0.003905 1377.42 0.0587442 101334 -0.156361 0.250827
0.002035 2296.24 0.00791927 101333 -0.188149 0.151726
0.001725 2356.77 0.012702 101333 -0.176884 0.14809
0.006545 300.461 0.232448 101333 0.00394256 1.16969
0.005185 374.879 0.207163 101334 -0.00876808 0.929787
0.007195 300.027 0.232871 101334 0.00475895 1.17186
0.000405 1540.36 0.136276 101333 -0.0961449 0.228009
0.001065 2214.68 0.0525724 101334 -0.134931 0.158125
0.004865 483.75 0.182256 101334 -0.026604 0.717717
0.003275 1929.13 0.0132349 101268 -0.171985 0.179346
0.002965 2039.59 0.00860559 101333 -0.175221 0.169974
0.006185 302.014 0.231385 101333 0.00326591 1.16282
0.004225 986.447 0.103161 101334 -0.111739 0.350255
8.5e-05 788.214 0.200044 101339 -0.0449012 0.446055
0.002645 2142.32 0.00570475 101333 -0.175917 0.162083
0.006885 300.108 0.232774 101334 0.00374953 1.17142
0.003595 1700.03 0.0286932 101333 -0.160536 0.203393
0.005845 307.555 0.228557 101333 0.00297701 1.14023
0.004545 681.108 0.1465 101345 -0.0608723 0.508163
0.001395 2369.06 0.024573 101331 -0.187658 0.147585
0.000735 1942.42 0.0906618 101333 -0.123635 0.18056
0.002345 2224.82 0.00523252 101333 -0.189796 0.156325
0.005525 324.228 0.222063 101332 0.0017106 1.07901
0.003915 1364.41 0.0600844 101334 -0.155066 0.253215
0.002045 2293.97 0.00781179 101334 -0.187018 0.151868
0.006555 300.442 0.232463 101333 0.00396141 1.16977
0.003605 1692.87 0.0291717 101333 -0.16059 0.204248
0.001735 2356.43 0.0123516 101332 -0.172894 0.148101
0.007205 300.026 0.232873 101333 0.00477226 1.17187
0.005195 372.533 0.20776 101334 -0.00839459 0.935755
0.000415 1556.42 0.134709 101333 -0.0973228 0.225647
0.001075 2221.78 0.0514849 101334 -0.136641 0.157613
0.004875 479.331 0.183207 101334 -0.0258713 0.724419
0.003285 1923.17 0.0136367 101335 -0.170811 0.18001
0.002975 2035.9 0.00876259 101333 -0.17571 0.170273
0.006195 301.937 0.231433 101334 0.00334214 1.16315
0.004235 975.524 0.104576 101334 -0.110034 0.354185
0.006895 300.103 0.232779 101334 0.00375498 1.17144
9.5e-05 825.089 0.197304 101338 -0.0478894 0.426107
0.002655 2139.68 0.00571702 101333 -0.175009 0.162274
0.005855 307.275 0.228684 101333 0.00304749 1.14133
0.004885 474.957 0.184147 101334 -0.0251593 0.731176
0.004555 673.798 0.14776 101334 -0.0597386 0.513662
0.006205 301.863 0.231479 101333 0.00277181 1.16347
0.001405 2368.66 0.0242054 101333 -0.180277 0.147606
0.000745 1952.27 0.0894243 101333 -0.124216 0.179641
0.002355 2221.96 0.00525113 101334 -0.186826 0.156519
0.005535 323.424 0.222354 101333 -6.23028e-05 1.0818
0.003925 1351.36 0.0614262 101334 -0.154266 0.255654
0.006565 300.425 0.232479 101333 0.00399577 1.16986
0.002055 2291.71 0.00770434 101334 -0.186379 0.152009
0.007215 300.025 0.232875 101333 0.00479632 1.17188
0.003615 1685.72 0.0296494 101334 -0.163041 0.20511
0.001745 2356.1 0.0120017 101333 -0.174846 0.148115
0.005205 370.222 0.208346 101334 -0.00802286 0.941711
0.000425 1572.29 0.133157 101333 -0.0985256 0.223361
0.001085 2228.86 0.0504004 101334 -0.135421 0.157105
0.003295 1915.98 0.0141265 101335 -0.172008 0.180679
0.002985 2032.22 0.00891907 101333 -0.175339 0.170573
0.006905 300.098 0.232784 101334 0.00373848 1.17147
0.004245 964.615 0.105989 101334 -0.108328 0.3582
0.000105 860.609 0.194656 101337 -0.0506146 0.408508
0.002665 2137.06 0.00572904 101333 -0.175571 0.162465
0.005865 307.001 0.228808 101333 0.00318287 1.14241
0.004895 470.629 0.185076 101334 -0.0244563 0.737989
0.006215 301.791 0.231524 101332 0.00461518 1.16376
0.004565 666.606 0.14901 101334 -0.0584569 0.519246
0.001415 2368.26 0.023838 101336 -0.173962 0.147626
0.000755 1962.06 0.0881934 101333 -0.124724 0.178737
0.002365 2219.11 0.00526955 101334 -0.184479 0.156712
0.005545 322.637 0.222639 101333 0.000678928 1.08454
0.006575 300.408 0.232493 101333 0.00402201 1.16994
0.003935 1338.29 0.0627696 101334 -0.153006 0.258148
0.007225 300.024 0.232876 101333 0.00487637 1.17188
0.002065 2289.46 0.00759691 101334 -0.186785 0.15215
0.003625 1678.58 0.0301265 101334 -0.162101 0.205976
0.001755 2355.76 0.0116524 101335 -0.180724 0.148131
0.005215 367.949 0.208922 101335 -0.00764857 0.947654
0.000435 1587.98 0.13162 101333 -0.0997393 0.221145
0.001095 2235.92 0.0493187 101333 -0.132576 0.1566
0.006915 300.094 0.232789 101334 0.00378934 1.17149
0.003305 1908.78 0.0146159 101334 -0.177632 0.18135
0.002995 2028.55 0.009075 101333 -0.174247 0.170873
0.004255 953.718 0.107399 101334 -0.106633 0.362303
0.000115 894.914 0.192092 101337 -0.05306 0.392837
0.002675 2134.44 0.00574083 101333 -0.176505 0.162656
0.005875 306.734 0.228929 101333 0.00264017 1.14347
0.006225 301.721 0.231568 101334 0.00285284 1.16408
0.004905 466.345 0.185993 101334 -0.0237658 0.744857
0.004575 659.459 0.150253 101334 -0.05721 0.524918
0.001425 2367.86 0.023471 101335 -0.175794 0.147641
0.000765 1971.78 0.0869688 101333 -0.125201 0.177848
0.002375 2216.27 0.00528779 101334 -0.185401 0.156904
0.005555 321.868 0.222917 101333 0.000729921 1.08723
0.006585 300.391 0.232508 101333 0.00404916 1.17002
0.007235 300.023 0.232878 101333 0.00493883 1.17189
0.000775 1981.45 0.0857505 101333 -0.125749 0.176972
0.003945 1325.18 0.0641147 101334 -0.151411 0.260699
0.002075 2287.21 0.00748951 101334 -0.1873 0.152291
0.003635 1671.44 0.030603 101333 -0.156615 0.206847
0.001765 2355.44 0.0113037 101335 -0.184774 0.148144
0.005225 365.934 0.209487 101334 -0.00729714 0.952973
0.006925 300.09 0.232794 101334 0.00386935 1.17151
0.000445 1603.5 0.130098 101333 -0.100871 0.218996
0.001105 2242.97 0.0482399 101333 -0.132438 0.156101
0.003315 1901.59 0.0151049 101332 -0.18339 0.182025
0.000125 928.125 0.189604 101336 -0.0552424 0.378769
0.002685 2131.83 0.00575238 101333 -0.17586 0.162847
0.005885 306.473 0.229047 101332 0.00451601 1.14449
0.003005 2024.89 0.00923037 101333 -0.17364 0.171174
0.004265 942.835 0.108807 101334 -0.104924 0.366496
0.004585 652.356 0.151487 101334 -0.0559534 0.530678
0.001435 2367.47 0.0231044 101332 -0.181908 0.147654
0.006235 301.652 0.231611 101333 0.00353696 1.16438
0.006595 300.375 0.232521 101333 0.00405951 1.17009
0.007245 300.022 0.232879 101334 0.00486715 1.17189
0.004915 462.105 0.186899 101334 -0.0230864 0.751782
0.000785 1991.06 0.0845383 101333 -0.126363 0.17611
0.003955 1312.03 0.0654613 101334 -0.150069 0.263307
0.002085 2284.97 0.00738213 101334 -0.186854 0.152431
0.002385 2213.43 0.00530585 101333 -0.187219 0.157095
0.005565 321.114 0.223188 101333 0.00085239 1.08988
0.005235 363.958 0.210042 101334 -0.00694889 0.958261
0.003645 1664.32 0.0310788 101332 -0.154625 0.207725
0.006935 300.086 0.232798 101334 0.0039082 1.17153
0.001775 2355.11 0.0109557 101334 -0.185506 0.148156
0.004925 457.908 0.187794 101334 -0.0224143 0.758764
0.003325 1894.4 0.0155936 101332 -0.18162 0.182708
0.000135 960.344 0.187185 101336 -0.0572641 0.366052
0.002695 2129.23 0.0057637 101333 -0.173809 0.163037
0.005895 306.219 0.229161 101333 0.00275761 1.14552
0.000455 1618.85 0.128591 101333 -0.101937 0.216911
0.004595 645.297 0.152712 101334 -0.0546982 0.53653
0.001115 2249.99 0.0471639 101334 -0.135976 0.155609
0.001445 2367.08 0.0227383 101332 -0.183663 0.147669
0.006605 300.359 0.232535 101333 0.00401396 1.17017
0.007255 300.021 0.23288 101334 0.00468772 1.1719
0.003015 2021.24 0.00938514 101333 -0.173867 0.171475
0.004275 931.966 0.110212 101334 -0.103185 0.370782
0.000795 2000.61 0.0833321 101333 -0.126898 0.175261
0.003965 1298.85 0.0668095 101334 -0.148951 0.265976
0.006245 301.585 0.231652 101333 0.00353603 1.16467
0.002095 2282.73 0.00727479 101333 -0.18575 0.152572
0.002395 2210.6 0.00532373 101333 -0.186765 0.157287
0.005575 320.376 0.223453 101333 0.000957345 1.09248
0.005245 362.015 0.210587 101334 -0.00661079 0.963519
0.000805 2010.1 0.0821319 101333 -0.1273 0.174425
0.006945 300.083 0.232802 101334 0.0038919 1.17155
0.003655 1657.2 0.0315541 101334 -0.160367 0.208614
0.001785 2353.84 0.0106913 101292 -0.184989 0.148167
0.004935 453.755 0.188678 101334 -0.0217498 0.765801
0.003335 1887.21 0.016082 101334 -0.174896 0.1834
0.000145 991.654 0.18483 101336 -0.0591136 0.354484
0.002705 2126.64 0.0057748 101333 -0.172968 0.163227
0.005905 305.996 0.229272 101333 0.00338806 1.14641
0.000465 1634.03 0.127097 101333 -0.103069 0.214886
0.004945 449.645 0.189551 101334 -0.0210934 0.772896
0.004605 638.281 0.153929 101334 -0.0534585 0.542474
0.003345 1880.02 0.0165702 101334 -0.173386 0.184094
0.001125 2256.99 0.0460907 101335 -0.138348 0.15512
0.006615 300.343 0.232548 101333 0.00390374 1.17024
0.007265 300.02 0.232882 101334 0.00450089 1.17191
0.001455 2366.69 0.0223726 101334 -0.179675 0.147688
0.003025 2017.6 0.0095393 101333 -0.173934 0.171776
0.004285 921.109 0.111615 101334 -0.10145 0.375165
0.003975 1285.63 0.0681592 101334 -0.147728 0.268708
0.006255 301.52 0.231692 101333 0.003603 1.16495
0.002105 2280.5 0.00716747 101333 -0.185254 0.152713
0.002405 2207.78 0.00534143 101334 -0.184664 0.15748
0.005585 319.654 0.223712 101333 0.00106604 1.09504
0.005255 360.104 0.211121 101334 -0.0062849 0.968746
0.006955 300.079 0.232806 101334 0.00385699 1.17157
0.000815 2019.54 0.0809375 101333 -0.127734 0.173602
0.003665 1650.1 0.0320287 101335 -0.162693 0.209508
0.001795 2352.37 0.0105008 101334 -0.184381 0.148312
0.000155 1022.13 0.182533 101335 -0.0607571 0.343904
0.002715 2124.05 0.00578567 101333 -0.17473 0.163418
0.005915 305.779 0.22938 101333 0.00334795 1.14728
0.000475 1649.05 0.125617 101333 -0.104263 0.21292
0.004955 445.577 0.190413 101334 -0.0204411 0.780047
0.004615 631.309 0.155137 101334 -0.0522244 0.548514
0.003355 1872.83 0.0170582 101333 -0.177474 0.184791
0.001135 2263.98 0.0450202 101334 -0.135341 0.154633
0.006625 300.328 0.23256 101333 0.00378033 1.17031
0.007275 300.019 0.232883 101334 0.00432747 1.17191
0.001465 2366.3 0.0220073 101335 -0.176121 0.147706
0.004625 624.38 0.156336 101334 -0.0509925 0.554651
0.003035 2013.98 0.00969281 101333 -0.173105 0.172078
0.004295 910.267 0.113014 101334 -0.0997402 0.379646
0.003985 1272.37 0.0695103 101334 -0.146319 0.271506
0.006265 301.457 0.231731 101333 0.00365051 1.16522
0.002115 2278.28 0.00706018 101334 -0.185807 0.152854
0.001475 2365.92 0.0216426 101334 -0.177242 0.147721
0.002415 2204.97 0.00535894 101334 -0.183517 0.157673
0.005595 318.947 0.223964 101333 0.00117092 1.09756
0.005265 358.225 0.211645 101334 -0.00597315 0.973942
0.006965 300.076 0.23281 101334 0.00384335 1.17159
0.000825 2028.93 0.0797487 101333 -0.128344 0.172791
0.003675 1643.01 0.0325029 101333 -0.153548 0.210402
0.001805 2349.96 0.0103934 101335 -0.184993 0.148456
0.002425 2202.16 0.00537626 101333 -0.184103 0.157865
0.000165 1051.84 0.180291 101335 -0.0623629 0.334182
0.002725 2121.47 0.00579633 101334 -0.176279 0.16361
0.005925 305.567 0.229485 101333 0.00336277 1.14813
0.000485 1663.92 0.124149 101333 -0.105377 0.21101
0.004965 441.552 0.191264 101334 -0.0197939 0.787254
0.003365 1865.63 0.017546 101333 -0.178894 0.185495
0.001145 2270.95 0.0439523 101332 -0.13049 0.154149
0.007285 300.019 0.232884 101334 0.00413016 1.17192
0.006635 300.315 0.232572 101333 0.00370789 1.17038
0.004635 617.495 0.157526 101334 -0.0497689 0.560888
0.003045 2010.36 0.00984566 101333 -0.172082 0.172379
0.004305 899.439 0.114411 101334 -0.0979976 0.384231
0.003995 1259.07 0.0708629 101334 -0.144759 0.274371
0.006275 301.402 0.231769 101333 0.00370221 1.16546
0.002125 2276.06 0.00695292 101334 -0.186323 0.152994
0.001485 2365.53 0.0212784 101333 -0.180519 0.147734
0.005605 318.254 0.22421 101333 0.001269 1.10005
0.006975 300.072 0.232814 101334 0.00386437 1.17161
0.005275 356.377 0.212159 101334 -0.00567581 0.979107
0.000835 2038.26 0.0785655 101333 -0.128989 0.171993
0.003685 1635.93 0.0329765 101331 -0.146594 0.211303
0.001815 2347.55 0.010286 101335 -0.189149 0.148599
0.002435 2199.36 0.0053934 101333 -0.18482 0.158056
0.000175 1080.82 0.1781 101335 -0.0640373 0.325209
0.002735 2118.9 0.00580678 101333 -0.17437 0.163799
0.005935 305.361 0.229588 101333 0.00335789 1.14897
0.000495 1678.63 0.122695 101333 -0.106369 0.209152
0.004975 437.568 0.192104 101334 -0.0191552 0.794519
0.003375 1858.44 0.0180337 101333 -0.17562 0.186207
0.007295 300.018 0.232885 101334 0.00385584 1.17193
0.001155 2277.9 0.0428872 101332 -0.131324 0.153672
0.006645 300.303 0.232584 101333 0.00372618 1.17044
0.004645 610.652 0.158708 101334 -0.0485525 0.567226
0.003055 2006.75 0.00999781 101333 -0.171929 0.172681
0.004315 888.625 0.115805 101334 -0.0961969 0.388922
0.004005 1245.74 0.0722168 101334 -0.143115 0.277306
0.006655 300.291 0.232595 101333 0.00381384 1.1705
0.006285 301.348 0.231805 101333 0.00374478 1.1657
0.002135 2273.84 0.00684569 101334 -0.185646 0.153135
0.001495 2365.15 0.0209147 101333 -0.181402 0.14775
0.006985 300.069 0.232818 101334 0.00390944 1.17162
0.005615 317.577 0.22445 101334 0.00135966 1.10249
0.005285 354.559 0.212664 101334 -0.00539144 0.98424
0.000845 2047.54 0.0773878 101333 -0.129438 0.171205
0.002145 2271.63 0.0067385 101333 -0.184294 0.153275
0.003695 1628.86 0.0334496 101333 -0.15384 0.212219
0.001825 2345.15 0.0101785 101333 -0.195205 0.14874
0.002445 2196.57 0.00541035 101333 -0.184156 0.158249
0.000185 1109.14 0.175956 101335 -0.0657484 0.316897
0.002745 2116.34 0.00581703 101332 -0.171123 0.163987
0.005945 305.159 0.229687 101333 0.00336549 1.14978
0.000505 1693.19 0.121253 101333 -0.107294 0.207344
0.004985 433.641 0.192933 101337 -0.0185027 0.801838
0.007305 300.017 0.232886 101334 0.00349853 1.17193
0.003385 1851.24 0.0185214 101334 -0.172931 0.186925
0.001165 2284.84 0.0418248 101334 -0.137901 0.153202
0.004655 603.851 0.15988 101334 -0.0473419 0.573669
0.003065 2003.16 0.0101492 101333 -0.172331 0.172983
0.004325 877.826 0.117196 101334 -0.0944238 0.393722
0.004015 1232.36 0.0735721 101335 -0.143405 0.280318
0.006665 300.279 0.232606 101333 0.0039226 1.17056
0.006295 301.296 0.231841 101333 0.0037706 1.16593
0.006995 300.066 0.232821 101334 0.0039671 1.17164
0.001505 2364.77 0.0205515 101334 -0.179363 0.147767
0.005625 316.98 0.224684 101333 0.00144025 1.10465
0.005295 352.771 0.213158 101334 -0.00511747 0.989343
0.000855 2056.76 0.0762154 101333 -0.129714 0.17043
0.002155 2269.43 0.00663134 101333 -0.183916 0.153415
0.003705 1621.81 0.0339222 101336 -0.165191 0.213141
0.001835 2342.76 0.010071 101332 -0.196961 0.148881
0.002455 2193.79 0.0054271 101333 -0.182731 0.158441
0.000195 1136.82 0.173856 101334 -0.0676251 0.30917
0.002755 2113.78 0.00582708 101332 -0.171188 0.164178
0.005955 304.963 0.229783 101333 0.00338753 1.15058
0.000515 1706.89 0.119823 101290 -0.108225 0.205586
0.007315 300.017 0.232888 101334 0.00309763 1.17194
0.001845 2340.37 0.0099635 101333 -0.192349 0.149027
0.004995 430.172 0.19375 101334 -0.017928 0.808379
0.002765 2111.24 0.00583695 101334 -0.174413 0.164369
0.003395 1844.04 0.0190089 101334 -0.173799 0.187646
0.001175 2291.76 0.040765 101336 -0.140935 0.152735
0.004665 597.093 0.161044 101334 -0.0461456 0.580217
0.003075 1999.57 0.0102999 101333 -0.171957 0.173285
0.004335 867.042 0.118584 101334 -0.0926701 0.398636
0.006675 300.267 0.232617 101333 0.00400561 1.17061
0.004025 1218.94 0.0749287 101334 -0.140621 0.283398
0.006305 301.245 0.231875 101333 0.00377326 1.16615
0.007005 300.063 0.232825 101334 0.0040359 1.17165
0.001515 2364.39 0.0201889 101334 -0.177542 0.147784
0.005635 316.398 0.224912 101333 0.00151456 1.10677
0.005305 351.012 0.213643 101334 -0.00485096 0.994414
0.000865 2065.93 0.0750483 101333 -0.130072 0.169665
0.002165 2267.23 0.00652422 101334 -0.184911 0.153555
0.003715 1614.77 0.0343945 101336 -0.168923 0.214064
0.002465 2191.01 0.00544367 101333 -0.182071 0.158633
0.001525 2364.01 0.0198268 101334 -0.177987 0.147799
0.000205 1163.91 0.171799 101335 -0.0672908 0.301969
0.005315 349.286 0.214118 101335 -0.0045834 0.999453
0.005965 304.771 0.229877 101333 0.00342485 1.15135
0.000525 1719.17 0.118405 101333 -0.10925 0.204195
0.007325 300.016 0.232889 101334 0.00270489 1.17194
0.001855 2338 0.00985595 101335 -0.187597 0.149172
0.005005 426.761 0.194557 101334 -0.017356 0.81494
0.002775 2108.7 0.00584664 101334 -0.176928 0.16456
0.003405 1836.84 0.0194962 101333 -0.175356 0.188374
0.001185 2298.66 0.0397079 101334 -0.134917 0.152267
0.004675 590.377 0.162198 101334 -0.0449642 0.586875
0.003085 1996 0.0104498 101333 -0.170588 0.173587
0.006685 300.256 0.232627 101333 0.00401748 1.17067
0.004345 856.426 0.119969 101352 -0.0907639 0.403664
0.006315 301.195 0.231908 101333 0.0037551 1.16637
0.004035 1205.49 0.0762865 101334 -0.13908 0.28656
0.007015 300.06 0.232828 101334 0.00410427 1.17167
0.003095 1992.44 0.0105989 101333 -0.169709 0.173889
0.005645 315.829 0.225134 101333 0.00158651 1.10885
0.000875 2074.52 0.0738864 101307 -0.130648 0.168912
0.002175 2265.04 0.00641715 101334 -0.18558 0.153696
0.003725 1606.41 0.0350213 101249 -0.166622 0.214992
0.002475 2188.24 0.00546003 101333 -0.182397 0.158825
0.001535 2363.64 0.0194653 101333 -0.179482 0.147813
0.000215 1189.69 0.16978 101271 -0.0696762 0.295229
0.005975 304.584 0.229969 101333 0.00347271 1.15211
0.005325 347.767 0.214584 101334 -0.00432349 1.00392
0.007335 300.016 0.23289 101335 0.00234752 1.17195
0.000535 1730.63 0.116996 101333 -0.110236 0.202834
0.001865 2335.62 0.00974837 101334 -0.188696 0.149314
0.005015 423.394 0.195351 101334 -0.0167344 0.821524
0.002785 2106.16 0.00585619 101334 -0.177249 0.164749
0.003415 1829.63 0.0199835 101333 -0.174415 0.189108
0.001195 2305.54 0.0386534 101331 -0.126813 0.151801
0.004685 583.703 0.163344 101334 -0.043785 0.593645
0.006695 300.245 0.232637 101333 0.00391721 1.17072
0.004355 847.205 0.12135 101334 -0.089345 0.408005
0.006325 301.147 0.231941 101333 0.00372645 1.16658
0.007025 300.058 0.232831 101334 0.00414381 1.17168
0.001205 2312.4 0.0376016 101331 -0.129609 0.151345
0.004045 1191.99 0.0776455 101334 -0.1376 0.289804
0.006705 300.235 0.232647 101334 0.00371468 1.17077
0.003105 1988.9 0.0107472 101333 -0.170265 0.174192
0.005655 315.273 0.225351 101333 0.00165952 1.1109
0.000885 2082.68 0.0727292 101333 -0.131222 0.168286
0.002185 2262.86 0.00631011 101334 -0.184453 0.153835
0.003735 1595.08 0.0361832 101337 -0.164029 0.216696
0.002485 2185.48 0.0054762 101333 -0.182575 0.159017
0.004055 1178.46 0.0790056 101334 -0.136745 0.293132
0.001545 2363.26 0.0191043 101333 -0.179987 0.147828
0.000225 1211.47 0.167796 101334 -0.0717111 0.290093
0.005985 304.401 0.230057 101333 0.00352302 1.15286
0.007345 300.015 0.23289 101335 0.00201831 1.17195
0.005335 346.279 0.21504 101334 -0.0040551 1.00835
0.000545 1742 0.115598 101333 -0.111123 0.201502
0.001875 2333.26 0.00964078 101333 -0.193044 0.149455
0.005025 420.069 0.196135 101334 -0.0168208 0.828127
0.002795 2103.15 0.00591032 101309 -0.176568 0.164938
0.003425 1822.43 0.0204706 101334 -0.172273 0.189849
0.004695 577.07 0.16448 101334 -0.0426181 0.600528
0.004365 838.166 0.122726 101334 -0.0877578 0.412425
0.006335 301.1 0.231972 101333 0.0036988 1.16679
0.007035 300.055 0.232834 101334 0.0041311 1.1717
0.001215 2319.25 0.0365525 101335 -0.141839 0.150897
0.006715 300.225 0.232656 101334 0.00350422 1.17082
0.003115 1985.36 0.0108947 101334 -0.170858 0.174495
0.004705 570.478 0.165607 101334 -0.041467 0.607528
0.005665 314.729 0.225562 101333 0.00173687 1.1129
0.000895 2090.26 0.0715764 101333 -0.131519 0.167667
0.002195 2260.68 0.00620313 101333 -0.182508 0.153974
0.003745 1582.39 0.0375014 101336 -0.167536 0.218426
0.002495 2182.73 0.00549216 101333 -0.181852 0.159209
0.004065 1164.89 0.0803669 101334 -0.135744 0.296547
0.001555 2362.88 0.0187439 101334 -0.179282 0.147845
0.005995 304.241 0.230144 101333 0.00356823 1.15351
0.000235 1232.16 0.165842 101334 -0.073281 0.285214
0.007355 300.015 0.232891 101335 0.00169531 1.17196
0.005345 344.82 0.215486 101334 -0.00377688 1.01273
0.004075 1151.66 0.0817369 101366 -0.13406 0.300049
0.000555 1753.27 0.114209 101333 -0.111891 0.200198
0.001885 2330.9 0.00953317 101333 -0.193854 0.149597
0.005035 416.787 0.196907 101335 -0.0142832 0.834764
0.002805 2099.8 0.00603024 101334 -0.175875 0.165231
0.003435 1815.22 0.0209575 101334 -0.171705 0.190596
0.006345 301.055 0.232003 101333 0.0036768 1.16699
0.004375 829.159 0.124097 101334 -0.0862368 0.416925
0.001225 2326.08 0.0355061 101338 -0.145287 0.150451
0.003125 1981.84 0.0110413 101333 -0.169638 0.174797
0.004715 563.967 0.166725 101340 -0.0402618 0.614646
0.005675 314.197 0.225768 101333 0.00182047 1.11487
0.000905 2097.82 0.070428 101333 -0.131657 0.167056
0.002205 2258.5 0.00609619 101333 -0.182333 0.154114
0.003755 1569.69 0.0388203 101334 -0.178663 0.22018
0.004725 558.227 0.167833 101334 -0.0393184 0.62099
0.002505 2179.98 0.00550792 101333 -0.180806 0.159401
0.001565 2362.51 0.0183841 101334 -0.178493 0.147861
0.006005 304.086 0.230227 101333 0.00360218 1.15415
0.000245 1252.51 0.163917 101334 -0.0746305 0.280571
0.005355 343.387 0.215924 101334 -0.00348741 1.01707
0.004085 1140.29 0.0831675 101334 -0.132717 0.302945
0.000565 1764.45 0.112829 101333 -0.112616 0.198921
0.001895 2328.55 0.00942555 101334 -0.190557 0.149741
0.005045 413.547 0.197668 101334 -0.01569 0.841397
0.002815 2095.97 0.00619455 101334 -0.176208 0.165525
0.003445 1808.01 0.0214442 101333 -0.172396 0.191348
0.006355 301.01 0.232032 101333 0.00365668 1.16719
0.004385 820.185 0.125462 101334 -0.0846996 0.421509
0.001235 2332.89 0.0344625 101333 -0.133184 0.149998
0.003135 1978.33 0.011187 101333 -0.167522 0.175098
0.000915 2105.33 0.0692838 101333 -0.132024 0.166452
0.005685 313.677 0.225969 101333 0.00191045 1.1168
0.002215 2256.34 0.00598931 101334 -0.18431 0.154254
0.003765 1556.99 0.04014 101332 -0.184706 0.221965
0.004735 552.571 0.168931 101334 -0.0382966 0.627412
0.002515 2177.24 0.00552346 101333 -0.180387 0.159593
0.001575 2362.14 0.0180248 101334 -0.178277 0.147875
0.006015 303.935 0.230309 101333 0.00362541 1.15477
0.000255 1272.53 0.16202 101334 -0.0758795 0.276147
0.005365 341.98 0.216352 101334 -0.00318662 1.02136
0.004095 1129.28 0.084605 101334 -0.131729 0.305899
0.004745 546.963 0.170018 101334 -0.0373017 0.633912
0.000575 1775.54 0.111459 101333 -0.113388 0.19767
0.001905 2326.2 0.00931792 101334 -0.188011 0.149884
0.005055 410.349 0.198418 101334 -0.0144547 0.84806
0.002825 2092.15 0.00635841 101334 -0.178787 0.165818
0.003455 1800.8 0.0219307 101333 -0.172153 0.192107
0.006365 300.971 0.232061 101333 0.00363173 1.16736
0.004395 811.243 0.126822 101334 -0.0831415 0.426177
0.000585 1786.55 0.110098 101333 -0.114175 0.196444
0.001915 2323.86 0.00921029 101334 -0.188885 0.150026
0.001245 2339.68 0.0334216 101329 -0.121868 0.14955
0.003145 1974.83 0.0113319 101333 -0.167339 0.175401
0.002835 2088.34 0.00652182 101333 -0.182003 0.166111
0.000925 2112.82 0.0681437 101333 -0.132639 0.165855
0.003155 1971.35 0.0114759 101334 -0.169208 0.175704
0.000935 2120.27 0.0670077 101334 -0.133025 0.165264
0.005695 313.168 0.226165 101333 0.00200501 1.1187
0.000945 2127.69 0.0658757 101333 -0.132908 0.16468
0.002225 2254.18 0.00588249 101334 -0.185231 0.154394
0.003165 1967.88 0.0116191 101334 -0.169564 0.176007
0.000955 2135.09 0.0647476 101333 -0.132772 0.164102
0.003775 1544.28 0.0414607 101333 -0.176213 0.22379
0.002235 2252.02 0.00577573 101334 -0.182974 0.154533
0.005705 312.67 0.226356 101333 0.00210184 1.12056
0.002525 2174.51 0.00553879 101333 -0.180581 0.159785
0.001585 2361.77 0.0176661 101333 -0.178477 0.147889
0.005715 312.234 0.226541 101333 0.00219685 1.12221
0.002535 2171.78 0.0055539 101333 -0.180524 0.159977
0.005725 311.809 0.226722 101333 0.00228599 1.12381
0.006025 303.787 0.230388 101333 0.00364082 1.15538
0.001595 2361.4 0.017308 101333 -0.178892 0.147904
0.002545 2169.07 0.00556879 101333 -0.179768 0.160169
0.002845 2084.54 0.00668478 101332 -0.181859 0.166405
0.005735 311.394 0.226899 101333 0.00236747 1.12539
0.000265 1292.24 0.16015 101334 -0.0772435 0.271926
0.005375 340.598 0.216771 101333 -0.00287562 1.02561
0.005745 310.989 0.22707 101333 0.00243889 1.12693
0.004105 1118.27 0.0860413 101334 -0.130979 0.308912
0.000275 1311.64 0.158305 101333 -0.0787023 0.267894
0.005755 310.593 0.227238 101333 0.00249961 1.12844
0.004755 541.401 0.171095 101334 -0.0363136 0.640493
0.005385 339.242 0.217182 101333 -0.00255678 1.02983
0.000285 1330.75 0.156484 101333 -0.0801027 0.264038
0.005065 407.191 0.199157 101334 -0.0139463 0.854743
0.003465 1793.58 0.0224169 101333 -0.170734 0.192872
0.005075 404.073 0.199884 101334 -0.0133938 0.861444
0.006375 300.934 0.232088 101333 0.00360864 1.16753
0.003475 1786.37 0.0229028 101334 -0.169827 0.193644
0.005085 400.995 0.200601 101334 -0.0128805 0.868164
0.006385 300.897 0.232115 101333 0.00360205 1.1677
0.003485 1779.16 0.0233883 101334 -0.169931 0.194422
0.005095 397.957 0.201307 101334 -0.0123852 0.874901
0.006395 300.862 0.232141 101333 0.0036266 1.16786
0.003495 1771.95 0.0238733 101333 -0.169675 0.195205
0.005105 394.965 0.202001 101336 -0.0119011 0.881655
0.003505 1764.74 0.0243579 101333 -0.168428 0.195996
0.004405 802.335 0.128176 101334 -0.0816111 0.430932
0.003515 1757.53 0.0248421 101333 -0.167435 0.196792
0.004415 793.458 0.129525 101334 -0.0800996 0.435777
0.000595 1797.47 0.108746 101333 -0.114905 0.195242
0.004425 784.615 0.130868 101334 -0.0785853 0.440714
0.001255 2346.46 0.0323835 101331 -0.127603 0.149116
0.003175 1964.41 0.0117614 101333 -0.166521 0.176308
0.004435 775.804 0.132205 101334 -0.0770777 0.445746
0.001265 2353.21 0.0313482 101337 -0.144524 0.148689
0.004445 767.025 0.133536 101334 -0.0755814 0.450875
0.001275 2359.95 0.0303158 101338 -0.156395 0.14826
0.003185 1960.97 0.0119029 101332 -0.163754 0.17661
0.004455 758.279 0.134861 101334 -0.0740923 0.456104
0.003785 1531.55 0.0427822 101335 -0.167139 0.225648
0.004465 749.565 0.13618 101334 -0.0726114 0.461436
0.004475 740.884 0.137493 101334 -0.0711347 0.466874
0.003795 1518.82 0.0441049 101334 -0.16996 0.227531
0.002555 2166.36 0.00558345 101333 -0.178885 0.16036
0.003805 1506.07 0.0454287 101333 -0.174191 0.229448
0.003815 1493.3 0.0467538 101333 -0.170282 0.231406
0.002855 2080.75 0.0068473 101333 -0.178376 0.166702
0.003825 1480.51 0.0480801 101334 -0.164955 0.233401
0.006035 303.643 0.230465 101333 0.00365253 1.15598
0.004115 1107.26 0.0874763 101334 -0.129578 0.311986
0.003835 1467.71 0.0494078 101334 -0.164775 0.23543
0.006045 303.503 0.230539 101333 0.00366242 1.15656
0.005395 337.91 0.217584 101333 -0.0022338 1.03399
0.004765 535.885 0.172162 101334 -0.0353407 0.647156
0.000295 1349.58 0.154688 101333 -0.0814608 0.260345
0.005405 336.602 0.217977 101333 -0.0019121 1.03812
0.005115 392.314 0.202685 101334 -0.0114759 0.887705
0.004775 530.414 0.173218 101334 -0.0343867 0.653903
0.005415 335.32 0.218361 101334 -0.00159557 1.04221
0.000305 1368.13 0.152914 101333 -0.082866 0.256806
0.000605 1808.3 0.107403 101333 -0.115586 0.194064
0.000315 1386.42 0.151162 101333 -0.0842962 0.25341
0.000615 1819.06 0.106068 101333 -0.116267 0.192908
0.003195 1957.53 0.0120437 101333 -0.16581 0.176914
0.002865 2076.96 0.00700938 101334 -0.176508 0.166998
0.000625 1829.74 0.104742 101333 -0.116957 0.191774
0.006055 303.366 0.230612 101333 0.00366846 1.15712
0.004125 1096.24 0.08891 101334 -0.127689 0.315123
0.004785 524.988 0.174264 101334 -0.0334473 0.660734
0.006065 303.233 0.230682 101333 0.003666 1.15768
0.005425 334.195 0.218737 101333 -0.00129127 1.04582
0.004135 1085.23 0.0903424 101334 -0.126172 0.318323
0.004795 519.606 0.1753 101334 -0.0325221 0.667652
0.000635 1840.34 0.103424 101333 -0.117631 0.190661
0.006075 303.103 0.230751 101333 0.00365125 1.15822
0.002875 2073.18 0.00717103 101333 -0.178216 0.167293
0.004145 1074.22 0.0917733 101334 -0.124877 0.321589
0.005435 333.096 0.219105 101333 -0.00100675 1.04937
0.004155 1063.22 0.0932028 101334 -0.123276 0.324921
