0.005445 300.195 0.232918 101651 -0.00326318 1.17496
0.005455 300.195 0.232918 101651 -0.00326559 1.17496
0.005465 300.195 0.232918 101651 -0.00326684 1.17497
0.005475 300.194 0.232918 101651 -0.0032678 1.17497
0.005485 300.194 0.232918 101651 -0.00326889 1.17497
0.005495 300.194 0.232918 101651 -0.00327082 1.17497
0.005505 300.194 0.232918 101651 -0.00326235 1.17497
0.005515 300.194 0.232918 101651 -0.00327914 1.17497
0.005525 300.194 0.232918 101651 -0.00328358 1.17497
0.005535 300.194 0.232918 101651 -0.00329044 1.17497
0.005545 300.195 0.232918 101651 -0.00329859 1.17497
0.005555 300.195 0.232918 101651 -0.00330853 1.17497
0.005565 300.195 0.232918 101651 -0.00332011 1.17497
0.005575 300.195 0.232918 101651 -0.00333544 1.17497
0.005585 300.195 0.232918 101651 -0.00335348 1.17497
0.005595 300.195 0.232918 101651 -0.00337115 1.17497
0.005605 300.195 0.232918 101651 -0.00338858 1.17497
0.005615 300.195 0.232918 101651 -0.00340664 1.17497
0.005625 300.194 0.232918 101651 -0.0034246 1.17497
0.005635 300.194 0.232918 101651 -0.00344191 1.17497
0.005645 300.194 0.232918 101651 -0.00345724 1.17497
0.005655 300.193 0.232918 101651 -0.00347609 1.17497
0.005665 300.194 0.232918 101651 -0.00348325 1.17497
0.005675 300.194 0.232918 101651 -0.00349121 1.17497
0.005685 300.194 0.232918 101651 -0.003497 1.17497
0.005695 300.195 0.232918 101651 -0.00350001 1.17497
0.005705 300.195 0.232918 101651 -0.00350031 1.17497
0.005715 300.195 0.232918 101651 -0.00349828 1.17497
0.005725 300.195 0.232918 101651 -0.00349353 1.17497
0.005735 300.195 0.232918 101651 -0.00348619 1.17497
0.005745 300.195 0.232918 101651 -0.00347749 1.17497
0.005755 300.195 0.232918 101651 -0.0034681 1.17497
0.004805 300.196 0.232918 101651 -0.00640187 1.17497
0.005125 300.196 0.232918 101651 -0.00323405 1.17496
0.007365 300.203 0.232918 101650 0.000296677 1.17492
0.005135 300.195 0.232918 101651 -0.00313792 1.17496
0.004815 300.196 0.232918 101651 -0.00618325 1.17497
0.005145 300.195 0.232918 101651 -0.00307657 1.17496
0.005765 300.195 0.232918 101651 -0.0034575 1.17497
0.005155 300.195 0.232918 101651 -0.00302448 1.17496
0.007045 300.195 0.232918 101650 -5.79029e-05 1.17495
0.005165 300.195 0.232918 101651 -0.0029835 1.17496
0.005775 300.194 0.232918 101651 -0.003446 1.17497
0.004485 300.196 0.232918 101653 -0.0031058 1.17498
0.004825 300.196 0.232918 101652 -0.00599558 1.17497
0.005175 300.195 0.232918 101651 -0.002952 1.17496
0.007375 300.204 0.232918 101650 0.000304328 1.17492
0.007055 300.195 0.232918 101650 -3.75704e-05 1.17495
0.005785 300.194 0.232918 101651 -0.00343376 1.17497
0.004495 300.196 0.232918 101653 -0.00308898 1.17498
0.005185 300.194 0.232918 101651 -0.0029292 1.17496
0.005195 300.194 0.232918 101651 -0.00291466 1.17496
0.007065 300.195 0.232918 101650 -1.7604e-05 1.17495
0.004505 300.196 0.232918 101653 -0.00307269 1.17498
0.005795 300.194 0.232918 101651 -0.00342183 1.17497
0.004835 300.196 0.232918 101652 -0.00583314 1.17497
0.005205 300.194 0.232918 101651 -0.00290677 1.17497
0.004515 300.196 0.232918 101653 -0.00305652 1.17498
0.007075 300.195 0.232918 101650 1.38589e-06 1.17495
0.005805 300.193 0.232918 101651 -0.00340674 1.17497
0.007385 300.205 0.232918 101650 0.00031102 1.17491
0.006725 300.194 0.232918 101650 -0.000732998 1.17496
0.005215 300.194 0.232918 101651 -0.00290245 1.17496
0.007085 300.195 0.232918 101650 1.86314e-05 1.17495
0.005815 300.194 0.232918 101651 -0.00339609 1.17497
0.004525 300.196 0.232918 101653 -0.00303976 1.17498
0.004845 300.196 0.232918 101652 -0.00574959 1.17497
0.005225 300.194 0.232918 101651 -0.00290816 1.17496
0.007095 300.195 0.232918 101650 3.76015e-05 1.17495
0.007395 300.206 0.232918 101650 0.000316505 1.17491
0.005825 300.194 0.232918 101651 -0.00338612 1.17497
0.004535 300.196 0.232918 101653 -0.00302196 1.17498
0.005235 300.195 0.232918 101651 -0.00291751 1.17496
0.007105 300.195 0.232918 101650 5.68129e-05 1.17495
0.006405 300.193 0.232918 101651 -0.00154475 1.17497
0.005835 300.194 0.232918 101651 -0.00337788 1.17497
0.004545 300.196 0.232918 101653 -0.00300566 1.17498
0.005245 300.195 0.232918 101651 -0.00293116 1.17496
0.007115 300.195 0.232918 101650 7.29356e-05 1.17495
0.004855 300.196 0.232918 101652 -0.00568276 1.17497
0.006735 300.195 0.232918 101650 -0.000697585 1.17496
0.005845 300.195 0.232918 101651 -0.00337297 1.17497
0.004555 300.196 0.232918 101653 -0.00298904 1.17498
0.006415 300.194 0.232918 101651 -0.0015069 1.17497
0.007405 300.207 0.232918 101650 0.000320551 1.17491
0.005255 300.195 0.232918 101651 -0.00294778 1.17496
0.007125 300.195 0.232918 101650 8.79927e-05 1.17495
0.005855 300.195 0.232918 101651 -0.00337281 1.17497
0.004565 300.196 0.232918 101653 -0.00297228 1.17498
0.006425 300.194 0.232918 101651 -0.00148187 1.17497
0.005265 300.195 0.232918 101651 -0.0029661 1.17496
0.007135 300.195 0.232918 101650 0.000101845 1.17495
0.005865 300.195 0.232918 101651 -0.00337905 1.17497
0.004575 300.196 0.232918 101653 -0.00295669 1.17498
0.006745 300.195 0.232918 101650 -0.0006632 1.17496
0.004865 300.196 0.232918 101652 -0.00562767 1.17497
0.006435 300.194 0.232918 101651 -0.00145748 1.17497
0.005875 300.195 0.232918 101651 -0.00340139 1.17497
0.005275 300.195 0.232918 101651 -0.00298322 1.17496
0.007145 300.195 0.232918 101650 0.000114494 1.17496
0.004585 300.195 0.232918 101653 -0.00294104 1.17498
0.007415 300.208 0.232918 101650 0.000322953 1.1749
0.005885 300.195 0.232918 101651 -0.00342576 1.17497
0.005285 300.195 0.232918 101651 -0.00300973 1.17496
0.007155 300.194 0.232918 101650 0.000125777 1.17496
0.004595 300.195 0.232918 101653 -0.00293787 1.17498
0.006445 300.194 0.232918 101651 -0.00143581 1.17496
0.006755 300.195 0.232918 101650 -0.000629688 1.17496
0.005895 300.195 0.232918 101651 -0.0034559 1.17497
0.005295 300.195 0.232918 101651 -0.00303965 1.17496
0.004605 300.195 0.232918 101653 -0.00293914 1.17498
0.007165 300.194 0.232918 101650 0.000132716 1.17496
0.006455 300.195 0.232918 101651 -0.00141645 1.17496
0.004875 300.196 0.232918 101652 -0.00558514 1.17497
0.007425 300.208 0.232918 101650 0.000323542 1.1749
0.005905 300.195 0.232918 101651 -0.00349842 1.17497
0.004615 300.196 0.232918 101653 -0.00296015 1.17498
0.005305 300.195 0.232918 101651 -0.00306687 1.17496
0.007175 300.194 0.232918 101650 0.000147376 1.17496
0.006465 300.195 0.232918 101651 -0.00139962 1.17496
0.006765 300.196 0.232918 101650 -0.000597506 1.17496
0.005915 300.195 0.232918 101651 -0.00355278 1.17497
0.005315 300.195 0.232918 101651 -0.00309392 1.17496
0.007185 300.195 0.232918 101650 0.00015539 1.17495
0.004625 300.196 0.232918 101653 -0.00300789 1.17498
0.006475 300.195 0.232918 101651 -0.00138822 1.17496
0.004885 300.196 0.232918 101652 -0.0055503 1.17497
0.005925 300.194 0.232918 101651 -0.00361863 1.17497
0.007435 300.209 0.232918 101650 0.000322216 1.1749
0.005325 300.194 0.232918 101651 -0.00312034 1.17496
0.007195 300.195 0.232918 101650 0.000163503 1.17495
0.004635 300.196 0.232918 101653 -0.00309258 1.17498
0.006485 300.195 0.232918 101651 -0.00137013 1.17496
0.006775 300.196 0.232918 101650 -0.00056739 1.17495
0.005935 300.194 0.232918 101651 -0.00369599 1.17497
0.005335 300.194 0.232918 101651 -0.00314535 1.17496
0.007205 300.196 0.232918 101650 0.000170853 1.17495
0.004645 300.197 0.232918 101653 -0.00323616 1.17498
0.004895 300.195 0.232918 101652 -0.00551871 1.17497
0.006495 300.195 0.232918 101651 -0.00134737 1.17496
0.005945 300.194 0.232918 101651 -0.00377718 1.17497
0.005345 300.194 0.232918 101651 -0.00316887 1.17497
0.007445 300.21 0.232918 101650 0.000318838 1.17489
0.004655 300.197 0.232918 101652 -0.00349087 1.17498
0.007215 300.196 0.232918 101650 0.000177782 1.17495
0.006505 300.195 0.232918 101651 -0.00133003 1.17496
0.006785 300.196 0.232918 101650 -0.000542075 1.17495
0.005955 300.193 0.232918 101651 -0.00391209 1.17497
0.005355 300.193 0.232918 101651 -0.00317667 1.17497
0.004665 300.197 0.232918 101652 -0.00380017 1.17497
0.007225 300.196 0.232918 101650 0.000184419 1.17495
0.006515 300.194 0.232918 101651 -0.00131264 1.17496
0.004905 300.195 0.232918 101652 -0.00549362 1.17497
0.005965 300.194 0.232918 101651 -0.00398285 1.17497
0.006085 300.194 0.232918 101651 -0.00385743 1.17497
0.007455 300.211 0.232918 101650 0.000313756 1.17489
0.004675 300.197 0.232918 101652 -0.00407042 1.17497
0.007235 300.197 0.232918 101650 0.000190922 1.17495
0.005365 300.194 0.232918 101651 -0.00321095 1.17497
0.006525 300.194 0.232918 101651 -0.00129498 1.17496
0.006795 300.196 0.232918 101650 -0.000514546 1.17495
0.005975 300.194 0.232918 101651 -0.00407945 1.17497
0.004915 300.195 0.232918 101652 -0.00543641 1.17497
0.004685 300.196 0.232918 101652 -0.00438943 1.17497
0.007245 300.197 0.232918 101650 0.000197434 1.17495
0.005375 300.194 0.232918 101651 -0.00322618 1.17497
0.006535 300.194 0.232918 101651 -0.00127676 1.17497
0.005985 300.194 0.232918 101651 -0.0041772 1.17496
0.007465 300.212 0.232918 101650 0.000305043 1.17489
0.004695 300.196 0.232918 101652 -0.00477252 1.17497
0.007255 300.197 0.232918 101650 0.000204086 1.17494
0.006095 300.193 0.232918 101651 -0.0037007 1.17497
0.005385 300.194 0.232918 101651 -0.00323992 1.17496
0.006545 300.194 0.232918 101651 -0.00125854 1.17497
0.005995 300.194 0.232918 101651 -0.00426743 1.17496
0.006805 300.196 0.232918 101650 -0.000478701 1.17495
0.004705 300.196 0.232918 101652 -0.00521131 1.17497
0.004925 300.196 0.232918 101652 -0.00538451 1.17497
0.007265 300.197 0.232918 101650 0.000210998 1.17494
0.005395 300.195 0.232918 101651 -0.00325004 1.17496
0.006555 300.193 0.232918 101651 -0.00124503 1.17497
0.006005 300.194 0.232918 101651 -0.00434325 1.17496
0.007475 300.214 0.232918 101650 0.000296989 1.17488
0.004715 300.196 0.232918 101652 -0.00567957 1.17497
0.006105 300.193 0.232918 101651 -0.0034816 1.17497
0.007275 300.197 0.232918 101650 0.000218269 1.17494
5e-06 300.273 0.232918 101654 -0.817364 1.1747
0.005405 300.195 0.232918 101651 -0.00325652 1.17496
0.006015 300.195 0.232918 101651 -0.00439734 1.17496
0.006565 300.194 0.232918 101651 -0.00121497 1.17497
0.006815 300.196 0.232918 101650 -0.000451884 1.17495
0.004725 300.195 0.232918 101651 -0.006153 1.17497
0.004935 300.196 0.232918 101652 -0.00532075 1.17497
0.007285 300.198 0.232918 101650 0.000225956 1.17494
0.006025 300.195 0.232918 101651 -0.00442312 1.17496
0.005415 300.195 0.232918 101651 -0.0032593 1.17496
1.5e-05 300.273 0.232918 101654 -0.816986 1.17469
0.007485 300.216 0.232918 101650 0.00028609 1.17487
0.006575 300.194 0.232918 101651 -0.00119428 1.17496
0.006115 300.194 0.232918 101651 -0.00333718 1.17497
0.004735 300.195 0.232918 101651 -0.00660532 1.17497
0.007295 300.198 0.232918 101650 0.000234029 1.17494
0.006035 300.195 0.232918 101651 -0.00440109 1.17496
0.005425 300.195 0.232918 101651 -0.0032517 1.17496
2.5e-05 300.272 0.232918 101654 -0.816798 1.17469
0.006825 300.195 0.232918 101650 -0.000426888 1.17496
0.006585 300.194 0.232918 101651 -0.00117112 1.17496
0.004945 300.196 0.232918 101652 -0.00524743 1.17497
0.006045 300.194 0.232918 101651 -0.00435055 1.17496
0.007305 300.198 0.232918 101650 0.000242142 1.17494
0.004745 300.194 0.232918 101651 -0.007001 1.17497
0.005435 300.195 0.232918 101651 -0.00325039 1.17496
0.007495 300.218 0.232918 101650 0.000273414 1.17486
3.5e-05 300.272 0.232918 101654 -0.816671 1.17469
0.006125 300.194 0.232918 101651 -0.00317744 1.17497
0.006595 300.194 0.232918 101651 -0.00114718 1.17496
0.006055 300.194 0.232918 101651 -0.00426812 1.17496
0.007315 300.198 0.232918 101650 0.000251125 1.17494
0.000645 300.372 0.232914 101654 -0.815883 1.17429
0.007325 300.199 0.232918 101650 0.000261482 1.17494
0.003845 300.385 0.232908 101652 -0.00704037 1.17421
0.007335 300.2 0.232918 101650 0.000270321 1.17493
0.000655 300.391 0.232914 101653 -0.815825 1.17422
0.001925 1345.79 0.115386 101653 -0.468944 0.259258
0.007345 300.201 0.232918 101650 0.000279479 1.17493
0.000665 300.414 0.232913 101653 -0.815758 1.17413
0.000325 300.272 0.232918 101654 -0.816018 1.17469
0.003855 300.356 0.232909 101652 -0.00688995 1.17433
0.007355 300.202 0.232918 101650 0.00028831 1.17493
0.000675 300.441 0.232912 101653 -0.815743 1.17402
0.001935 1361.54 0.113601 101653 -0.465727 0.256247
0.003865 300.331 0.232911 101652 -0.00677667 1.17443
0.004165 300.196 0.232918 101653 -0.00358069 1.17498
0.003875 300.309 0.232912 101652 -0.00668172 1.17451
0.002245 1855.91 0.0589828 101653 -0.371572 0.187842
0.003885 300.291 0.232913 101652 -0.00660568 1.17459
0.004175 300.196 0.232918 101653 -0.00359639 1.17498
0.003525 319.887 0.23082 101653 -0.0268191 1.10123
0.003895 300.276 0.232914 101652 -0.00654549 1.17465
0.004185 300.196 0.232918 101653 -0.00358652 1.17498
0.002255 1872.07 0.0572429 101653 -0.368009 0.186218
0.003535 317.531 0.231082 101653 -0.0251784 1.10954
0.000965 311.202 0.23222 101652 -0.802908 1.13285
0.004195 300.196 0.232918 101653 -0.00356876 1.17498
0.003905 300.263 0.232915 101652 -0.0064964 1.1747
0.002265 1888.27 0.0555021 101653 -0.364411 0.184619
0.003545 315.364 0.231316 101653 -0.023624 1.11729
0.004205 300.196 0.232918 101653 -0.00355331 1.17498
0.001605 859.005 0.171716 101653 -0.583222 0.407059
0.003915 300.252 0.232915 101652 -0.00644949 1.17474
0.000975 312.544 0.23212 101652 -0.801839 1.12792
0.003555 313.699 0.231523 101653 -0.0222415 1.12333
0.002275 1904.5 0.0537601 101653 -0.360826 0.183044
0.004215 300.196 0.232918 101653 -0.00354339 1.17498
0.002885 1307.98 0.113888 101654 -0.398098 0.266371
0.003925 300.242 0.232916 101652 -0.00639172 1.17478
0.000985 314.025 0.232007 101652 -0.800684 1.12254
0.003565 312.195 0.231707 101653 -0.0209665 1.12886
0.004225 300.196 0.232918 101653 -0.00353385 1.17498
0.001615 873.403 0.170028 101653 -0.579257 0.40031
0.002285 1920.76 0.0520173 101653 -0.357315 0.181493
0.003935 300.234 0.232916 101652 -0.00631158 1.17481
0.002895 1280.83 0.116515 101654 -0.392167 0.272026
0.000995 315.653 0.231882 101652 -0.799448 1.11668
0.003575 310.837 0.231868 101653 -0.0197854 1.13389
0.004235 300.196 0.232918 101653 -0.0035244 1.17498
0.002295 1937.06 0.050274 101653 -0.35394 0.179965
0.001625 887.877 0.168331 101653 -0.575326 0.393747
0.003945 300.228 0.232916 101652 -0.00621139 1.17484
0.002905 1253.55 0.119147 101654 -0.386109 0.277957
0.001005 317.44 0.231741 101652 -0.798107 1.11032
0.004245 300.196 0.232918 101653 -0.00351476 1.17498
0.003585 309.614 0.232011 101653 -0.0187114 1.13846
0.002305 1953.37 0.0485309 101653 -0.35077 0.178461
0.003955 300.222 0.232917 101652 -0.00612265 1.17486
0.001635 902.426 0.166626 101653 -0.571429 0.387363
0.001015 319.397 0.231585 101652 -0.796724 1.10344
0.002915 1226.13 0.121783 101654 -0.379336 0.284185
0.004255 300.196 0.232918 101653 -0.00350406 1.17498
0.003595 308.515 0.232135 101653 -0.0176694 1.1426
0.002315 1969.7 0.0467891 101653 -0.347876 0.176981
0.001285 466.119 0.216975 101653 -0.717269 0.753414
0.003965 300.217 0.232917 101652 -0.00611595 1.17488
0.001025 321.533 0.231412 101652 -0.794594 1.09602
0.001645 917.045 0.164913 101653 -0.567563 0.381153
0.004265 300.196 0.232918 101653 -0.00349228 1.17498
0.003605 307.528 0.232244 101653 -0.0173153 1.14634
0.002925 1198.58 0.124423 101656 -0.374639 0.290735
0.002325 1986.02 0.0450498 101653 -0.345262 0.175526
0.003975 300.213 0.232917 101652 -0.00629836 1.1749
0.001035 323.858 0.23122 101651 -0.794734 1.08805
0.001295 475.454 0.215955 101653 -0.713301 0.738501
0.001655 931.733 0.163193 101653 -0.563727 0.375112
0.004275 300.196 0.232918 101653 -0.00347963 1.17498
0.002335 2002.33 0.0433145 101653 -0.34288 0.174096
0.003615 306.644 0.232339 101654 -0.0147052 1.14973
0.002935 1170.9 0.127068 101655 -0.366366 0.297622
0.003985 300.209 0.232917 101651 -0.00676026 1.17491
0.001045 326.388 0.231008 101652 -0.791262 1.07954
0.001305 485.044 0.214901 101653 -0.709221 0.723782
0.004285 300.195 0.232918 101653 -0.00346684 1.17499
0.002345 2017.78 0.0416533 101615 -0.378648 0.172699
0.001665 946.485 0.161466 101653 -0.559919 0.369233
0.003625 305.853 0.232422 101653 -0.0157652 1.15275
0.002945 1143.08 0.129716 101655 -0.36012 0.304883
0.003995 300.205 0.232917 101651 -0.00767656 1.17492
0.001055 329.128 0.230775 101652 -0.78997 1.07045
0.004295 300.195 0.232918 101653 -0.00345602 1.17499
0.001315 494.884 0.213814 101653 -0.705047 0.709277
0.002355 2021.76 0.041241 101653 -0.413377 0.17242
0.001675 961.3 0.159733 101653 -0.556137 0.363512
0.003635 305.145 0.232494 101653 -0.0144275 1.15548
0.002955 1115.12 0.132367 101655 -0.353056 0.312544
0.004005 300.203 0.232917 101651 -0.00875314 1.17493
0.001065 332.091 0.230519 101652 -0.78796 1.0608
0.004305 300.195 0.232918 101653 -0.00343633 1.17499
0.001325 504.965 0.212694 101653 -0.700809 0.695005
0.002365 2025.06 0.0408846 101653 -0.409656 0.172137
0.001685 976.175 0.157995 101653 -0.55238 0.357943
0.003645 304.514 0.232556 101653 -0.0138138 1.15793
0.002965 1087.04 0.135021 101655 -0.34577 0.32064
0.001075 335.285 0.230239 101652 -0.785882 1.05058
0.004015 300.201 0.232917 101650 -0.00994068 1.17493
0.004315 300.195 0.232918 101653 -0.00342119 1.17498
0.001335 515.282 0.211543 101653 -0.696539 0.680981
0.002375 2028.46 0.0405208 101653 -0.406922 0.171845
0.001695 991.107 0.156251 101653 -0.548643 0.352522
0.003655 303.95 0.23261 101653 -0.0131976 1.16012
0.002565 2003.63 0.0439741 101653 -0.430874 0.173918
0.002975 1058.84 0.137678 101655 -0.336958 0.329205
0.001085 338.72 0.229933 101652 -0.783669 1.03981
0.004325 300.196 0.232918 101653 -0.00340449 1.17498
0.004025 300.2 0.232917 101650 -0.0108815 1.17493
0.001345 525.827 0.210361 101653 -0.692257 0.667219
0.002385 2031.96 0.0401513 101653 -0.404609 0.171547
0.001705 1006.09 0.154502 101653 -0.544924 0.347244
0.003665 303.449 0.232656 101653 -0.0126475 1.16208
0.004335 300.196 0.232918 101653 -0.00338724 1.17498
0.001095 342.406 0.229601 101652 -0.781339 1.02851
0.002985 1030.74 0.140334 101670 -0.327947 0.338254
0.002575 1997.39 0.0447271 101653 -0.426725 0.174458
0.004035 300.199 0.232917 101650 -0.0112788 1.17493
0.001355 536.593 0.209149 101653 -0.687976 0.65373
0.002395 2035.54 0.0397774 101653 -0.402641 0.171243
0.003675 303.001 0.232696 101653 -0.0121377 1.16384
0.004345 300.196 0.232918 101653 -0.00336962 1.17498
0.001715 1021.13 0.152748 101653 -0.541236 0.342103
0.002995 1009.79 0.142989 101654 -0.324041 0.345248
0.001105 346.351 0.22924 101652 -0.778888 1.01667
0.002585 1991.29 0.0454694 101653 -0.422847 0.17499
0.004045 300.198 0.232917 101650 -0.0110049 1.17494
0.003685 302.602 0.23273 101653 -0.0116743 1.1654
0.001365 547.574 0.207908 101653 -0.683696 0.640521
0.002405 2039.18 0.0394007 101653 -0.400996 0.170935
0.004355 300.196 0.232918 101653 -0.00335222 1.17498
0.001115 350.562 0.22885 101652 -0.776317 1.00434
0.003005 989.031 0.145632 101654 -0.318041 0.352527
0.001725 1036.22 0.15099 101653 -0.537573 0.337096
0.004055 300.198 0.232917 101650 -0.0101272 1.17494
0.003205 595.459 0.194082 101655 -0.17497 0.587368
0.002595 1985.32 0.046202 101653 -0.419464 0.175514
0.003695 302.245 0.232759 101653 -0.0111821 1.16681
0.001375 558.763 0.206639 101653 -0.679419 0.627599
0.002415 2042.87 0.0390222 101653 -0.399639 0.170624
0.004365 300.196 0.232918 101653 -0.00333633 1.17498
0.003015 968.31 0.148261 101654 -0.311885 0.360105
0.001125 355.046 0.228429 101652 -0.773626 0.991525
0.001735 1051.36 0.149229 101653 -0.533932 0.332218
0.004065 300.197 0.232917 101651 -0.00884605 1.17495
0.003215 577.531 0.196171 101655 -0.166765 0.605738
0.003705 301.974 0.232784 101653 -0.0112478 1.16788
0.002605 1979.45 0.0469272 101653 -0.416745 0.176032
0.001385 570.152 0.205342 101653 -0.675144 0.61497
0.004375 300.196 0.232918 101653 -0.00331603 1.17498
0.002425 2046.61 0.0386431 101653 -0.39853 0.17031
0.003025 947.639 0.150877 101655 -0.305546 0.367997
0.001135 359.81 0.227977 101653 -0.770818 0.978271
0.001745 1066.55 0.147464 101653 -0.530315 0.327465
0.004075 300.197 0.232917 101651 -0.00745253 1.17496
0.003225 559.908 0.198212 101660 -0.158288 0.624977
0.003715 301.736 0.232805 101651 -0.00912651 1.16881
0.004385 300.196 0.232918 101653 -0.00329328 1.17498
0.002615 1973.66 0.0476477 101653 -0.414082 0.176548
0.001395 581.734 0.20402 101653 -0.670868 0.602636
0.002435 2050.39 0.0382642 101653 -0.397631 0.169995
0.003035 927.03 0.153477 101655 -0.299041 0.376219
0.001145 364.857 0.227492 101653 -0.767897 0.964606
0.004085 300.197 0.232917 101652 -0.00607651 1.17496
0.001755 1081.77 0.145695 101653 -0.526721 0.322833
0.003235 546.179 0.200205 101654 -0.153269 0.640806
0.004395 300.196 0.232918 101653 -0.00327367 1.17498
0.003725 301.528 0.232823 101653 -0.0103922 1.16965
0.002625 1966.88 0.0484401 101602 -0.455996 0.177068
0.001405 593.504 0.202671 101653 -0.666591 0.590598
0.002445 2054.19 0.0378863 101653 -0.396902 0.169678
0.003045 906.493 0.156061 101655 -0.29238 0.384786
0.001155 370.194 0.226974 101653 -0.764869 0.950569
0.004095 300.197 0.232917 101652 -0.00471022 1.17497
0.001765 1097.04 0.143924 101653 -0.52315 0.318318
0.003245 532.793 0.202141 101654 -0.146847 0.657064
0.004405 300.196 0.232918 101653 -0.00325401 1.17498
0.003735 301.346 0.232839 101652 -0.00937425 1.17038
0.001415 605.453 0.201299 101653 -0.662309 0.578858
0.002635 1944.45 0.0507312 101653 -0.49658 0.179194
0.002455 2058.01 0.0375098 101653 -0.396242 0.169361
0.004755 300.194 0.232918 101651 -0.00720446 1.17497
0.003055 886.039 0.158628 101655 -0.285577 0.393715
0.001165 375.822 0.226421 101653 -0.761742 0.9362
0.004105 300.197 0.232917 101653 -0.00388431 1.17498
0.001775 1112.35 0.14215 101653 -0.519602 0.313916
0.003255 519.733 0.204018 101654 -0.140512 0.673742
0.004415 300.196 0.232918 101653 -0.00323459 1.17498
0.001425 617.577 0.199903 101653 -0.658023 0.567414
0.003745 301.187 0.232852 101652 -0.00900969 1.17101
0.002645 1920.9 0.0531035 101653 -0.492161 0.181386
0.002465 2061.85 0.0371354 101653 -0.395327 0.169044
0.004765 300.194 0.232918 101651 -0.00721306 1.17497
0.003065 865.68 0.161175 101655 -0.278642 0.403026
0.001175 381.744 0.225833 101653 -0.758514 0.921541
0.004115 300.197 0.232917 101653 -0.00334359 1.17498
0.001785 1127.7 0.140373 101653 -0.516076 0.309624
0.003265 507.005 0.205834 101654 -0.134223 0.690828
0.004425 300.195 0.232918 101653 -0.00321544 1.17498
0.001435 629.867 0.198484 101653 -0.653731 0.556264
0.003755 301.048 0.232863 101652 -0.00864593 1.17156
0.002475 2064.98 0.0368226 101620 -0.428436 0.168732
0.002655 1897.24 0.0554871 101653 -0.489724 0.183645
0.004775 300.195 0.232918 101651 -0.00709786 1.17497
0.003075 845.425 0.163703 101655 -0.27159 0.412736
0.001185 387.962 0.22521 101653 -0.755176 0.906636
0.004125 300.196 0.232917 101653 -0.00317727 1.17498
0.001795 1143.09 0.138595 101653 -0.512572 0.305437
0.003275 494.62 0.207588 101654 -0.12802 0.708307
0.004435 300.195 0.232918 101653 -0.00319744 1.17498
0.001445 642.319 0.197044 101653 -0.649439 0.545405
0.003765 300.927 0.232872 101652 -0.0083602 1.17205
0.002485 2058.37 0.0375949 101653 -0.460336 0.169323
0.004785 300.195 0.232918 101651 -0.00688894 1.17497
0.006835 300.195 0.232918 101650 -0.000403816 1.17496
0.003085 825.285 0.166209 101655 -0.264435 0.422868
0.002665 1873.41 0.0578854 101653 -0.488049 0.185976
0.004135 300.196 0.232917 101653 -0.00324868 1.17498
0.001195 394.476 0.224551 101653 -0.751691 0.891529
0.001805 1158.51 0.136815 101653 -0.509094 0.301354
0.003285 482.584 0.209279 101654 -0.121912 0.726158
0.004445 300.195 0.232918 101653 -0.0031812 1.17499
0.003775 300.822 0.23288 101652 -0.00813175 1.17247
0.001455 654.925 0.195582 101653 -0.645154 0.534834
0.002495 2051.14 0.0384198 101653 -0.456791 0.169916
0.004795 300.196 0.232918 101651 -0.00664368 1.17497
0.003095 805.268 0.168693 101655 -0.257191 0.433442
0.006845 300.195 0.232918 101650 -0.000382628 1.17496
0.002675 1849.38 0.0603012 101653 -0.486815 0.188388
0.001815 1173.96 0.135033 101653 -0.505629 0.297369
0.004145 300.195 0.232918 101653 -0.00343989 1.17499
0.001205 401.285 0.223855 101653 -0.748108 0.876265
0.003295 470.906 0.210905 101654 -0.115913 0.744359
4.5e-05 300.272 0.232918 101654 -0.816581 1.17469
0.003305 459.592 0.212466 101654 -0.11003 0.762882
5.5e-05 300.272 0.232918 101654 -0.816515 1.17469
0.006065 300.194 0.232918 101651 -0.00415429 1.17496
0.003315 448.647 0.21396 101654 -0.104292 0.781697
0.007505 300.22 0.232918 101650 0.000259287 1.17485
6.5e-05 300.272 0.232918 101654 -0.816462 1.17469
0.006075 300.194 0.232918 101651 -0.00401574 1.17496
0.003325 438.076 0.215388 101654 -0.0986426 0.800769
0.006605 300.195 0.232918 101651 -0.00112227 1.17496
0.007515 300.222 0.232918 101650 0.000244017 1.17485
7.5e-05 300.272 0.232918 101654 -0.816418 1.17469
0.004955 300.196 0.232918 101652 -0.00516591 1.17497
8.5e-05 300.272 0.232918 101654 -0.816378 1.17469
0.006135 300.194 0.232918 101651 -0.00301996 1.17497
0.004965 300.196 0.232918 101651 -0.00508082 1.17497
9.5e-05 300.272 0.232918 101654 -0.816341 1.17469
0.000335 300.272 0.232918 101654 -0.816018 1.17469
0.004975 300.196 0.232918 101651 -0.00499534 1.17496
0.006145 300.194 0.232918 101651 -0.00287482 1.17497
0.000105 300.272 0.232918 101654 -0.816306 1.17469
0.000345 300.272 0.232918 101654 -0.816017 1.17469
0.004985 300.196 0.232918 101651 -0.00486357 1.17496
0.006155 300.195 0.232918 101651 -0.00274439 1.17497
0.000685 300.472 0.232911 101654 -0.815112 1.1739
0.000115 300.272 0.232918 101654 -0.816271 1.17469
0.004995 300.196 0.232918 101651 -0.00474051 1.17496
0.000355 300.273 0.232918 101654 -0.816013 1.17469
0.006165 300.195 0.232918 101651 -0.00263107 1.17497
0.000125 300.272 0.232918 101654 -0.816239 1.17469
0.005005 300.196 0.232918 101651 -0.00461468 1.17496
0.000695 300.515 0.232909 101655 -0.816826 1.17374
0.006175 300.195 0.232918 101651 -0.00252964 1.17496
0.000365 300.273 0.232918 101654 -0.816003 1.17469
0.000135 300.272 0.232918 101654 -0.816208 1.17469
0.005015 300.196 0.232918 101651 -0.00448555 1.17496
0.000705 300.551 0.232907 101653 -0.81507 1.17358
0.006185 300.195 0.232918 101651 -0.00245251 1.17496
0.000375 300.273 0.232918 101654 -0.815992 1.17469
0.000145 300.272 0.232918 101654 -0.816179 1.17469
0.005025 300.195 0.232918 101651 -0.00435402 1.17497
0.000715 300.601 0.232905 101653 -0.815459 1.17338
0.005035 300.195 0.232918 101651 -0.00422159 1.17497
0.006195 300.195 0.232918 101651 -0.00238143 1.17497
0.000385 300.273 0.232918 101653 -0.815989 1.17469
0.000155 300.272 0.232918 101654 -0.816153 1.17469
0.000725 300.659 0.232903 101653 -0.815347 1.17315
0.005045 300.195 0.232918 101651 -0.00409399 1.17497
0.006205 300.195 0.232918 101651 -0.00232158 1.17497
0.001945 1377.32 0.111815 101653 -0.462528 0.253302
0.000395 300.273 0.232918 101654 -0.816006 1.17469
0.005055 300.194 0.232918 101651 -0.00400008 1.17497
0.000165 300.272 0.232918 101654 -0.816129 1.17469
0.000735 300.726 0.2329 101653 -0.815261 1.17289
0.006215 300.195 0.232918 101651 -0.00226864 1.17497
0.000405 300.273 0.232917 101654 -0.816059 1.17469
0.005065 300.195 0.232918 101651 -0.00382114 1.17497
0.001955 1393.11 0.110031 101653 -0.459346 0.250421
0.000745 300.803 0.232896 101653 -0.815127 1.17258
0.000175 300.272 0.232918 101654 -0.816108 1.17469
0.000415 300.273 0.232917 101654 -0.816152 1.17469
0.006225 300.194 0.232918 101651 -0.00222264 1.17497
0.005075 300.195 0.232918 101651 -0.0037102 1.17496
0.001965 1408.92 0.108248 101653 -0.456181 0.247601
0.004455 300.195 0.232918 101653 -0.00315802 1.17498
0.006235 300.194 0.232918 101651 -0.00218192 1.17497
0.000755 300.893 0.232892 101653 -0.81493 1.17222
0.000185 300.272 0.232918 101654 -0.81609 1.17469
0.005085 300.195 0.232918 101651 -0.0035955 1.17496
0.000425 300.274 0.232917 101654 -0.816278 1.17469
0.001975 1424.74 0.106466 101653 -0.453033 0.244842
0.006245 300.194 0.232918 101651 -0.00214637 1.17497
0.004465 300.195 0.232918 101653 -0.0031409 1.17498
0.005095 300.195 0.232918 101651 -0.00349068 1.17496
0.000765 300.997 0.232887 101653 -0.81466 1.17181
0.001825 1189.45 0.133249 101653 -0.502751 0.29348
0.000195 300.272 0.232918 101654 -0.816075 1.17469
0.000435 300.274 0.232917 101654 -0.816409 1.17469
0.001985 1440.58 0.104684 101653 -0.449902 0.242141
0.006255 300.193 0.232918 101651 -0.00211872 1.17497
0.004475 300.196 0.232918 101653 -0.00312304 1.17498
0.005105 300.195 0.232918 101651 -0.00339508 1.17496
0.000775 301.117 0.232881 101653 -0.814371 1.17134
0.000205 300.272 0.232918 101654 -0.816063 1.17469
0.001835 1204.97 0.131465 101651 -0.497648 0.289681
0.000445 300.274 0.232917 101654 -0.816507 1.17469
0.006265 300.194 0.232918 101651 -0.00207256 1.17497
0.001995 1456.44 0.102904 101653 -0.446787 0.239496
0.003785 300.731 0.232886 101652 -0.00796218 1.17283
0.002005 1472.31 0.101126 101653 -0.443688 0.236907
0.001465 667.681 0.194101 101653 -0.640885 0.524546
0.003795 300.652 0.232891 101652 -0.00776449 1.17315
0.002015 1488.19 0.0993481 101653 -0.440606 0.234371
0.003805 300.583 0.232896 101652 -0.00817212 1.17342
0.001475 680.58 0.192601 101653 -0.63664 0.514537
0.002505 2044 0.0392383 101653 -0.453663 0.170505
0.002025 1504.08 0.0975722 101653 -0.437542 0.231887
0.003815 300.523 0.2329 101653 -0.006261 1.17367
0.003105 785.383 0.171152 101655 -0.249873 0.444484
0.001485 693.617 0.191082 101653 -0.632422 0.504802
0.002035 1519.99 0.0957978 101653 -0.434496 0.229453
0.002515 2036.97 0.0400498 101653 -0.450411 0.17109
0.003825 300.471 0.232903 101652 -0.00791414 1.17387
0.006855 300.195 0.232918 101650 -0.000363435 1.17496
0.001495 706.786 0.189546 101653 -0.628235 0.495333
0.003115 765.638 0.173587 101655 -0.242495 0.456019
0.002045 1535.91 0.0940251 101653 -0.431469 0.227068
0.002525 2030.04 0.0408536 101653 -0.446931 0.17167
0.003835 300.425 0.232906 101652 -0.00714843 1.17405
0.006865 300.194 0.232918 101650 -0.000354735 1.17496
0.001505 720.082 0.187994 101653 -0.624073 0.486127
0.003125 746.041 0.175994 101655 -0.235071 0.468076
0.002055 1551.84 0.092254 101653 -0.428461 0.224731
0.006875 300.195 0.232918 101650 -0.000326499 1.17496
0.002685 1825.15 0.0627358 101653 -0.485735 0.190885
0.006885 300.195 0.232918 101650 -0.000312538 1.17496
0.004155 300.196 0.232918 101653 -0.0035236 1.17498
0.006895 300.195 0.232918 101650 -0.000298217 1.17496
0.001215 408.39 0.223122 101653 -0.743701 0.860888
0.002695 1800.7 0.0651899 101653 -0.484528 0.193473
0.006905 300.195 0.232918 101650 -0.000285227 1.17495
0.003335 427.881 0.216748 101654 -0.0938158 0.820061
0.006915 300.196 0.232918 101650 -0.000273159 1.17495
0.007525 300.224 0.232918 101650 0.000227887 1.17484
0.006925 300.196 0.232918 101650 -0.000262497 1.17495
0.003345 418.066 0.21804 101655 -0.0866329 0.839545
0.006615 300.195 0.232918 101651 -0.00109678 1.17496
0.007535 300.226 0.232918 101650 0.000211175 1.17483
0.005115 300.196 0.232918 101651 -0.00331453 1.17496
0.006935 300.196 0.232918 101650 -0.000254917 1.17495
0.003355 408.629 0.219265 101654 -0.0834114 0.859142
0.006625 300.195 0.232918 101651 -0.00107172 1.17496
0.007545 300.228 0.232918 101650 0.000194145 1.17482
0.000455 300.275 0.232917 101654 -0.81654 1.17468
0.000785 301.255 0.232874 101653 -0.814184 1.17079
0.007555 300.229 0.232918 101650 0.00017704 1.17482
0.000465 300.275 0.232917 101654 -0.816499 1.17468
0.000215 300.272 0.232918 101654 -0.816054 1.17469
0.007565 300.231 0.232918 101650 0.000160072 1.17481
0.006275 300.194 0.232918 101651 -0.00204019 1.17497
0.000475 300.276 0.232917 101654 -0.816404 1.17468
0.000795 301.413 0.232866 101653 -0.81437 1.17017
0.000225 300.272 0.232918 101654 -0.816045 1.17469
0.001845 1220.51 0.12968 101653 -0.495932 0.285979
0.007575 300.232 0.232918 101650 0.000143414 1.17481
0.000485 300.277 0.232917 101654 -0.816287 1.17467
0.006285 300.194 0.232918 101651 -0.0020045 1.17497
0.002535 2023.24 0.0416488 101653 -0.443204 0.172243
0.000805 301.595 0.232857 101654 -0.814429 1.16946
0.000235 300.272 0.232918 101654 -0.816036 1.17469
0.007585 300.234 0.232918 101650 0.000127204 1.1748
0.001515 733.5 0.186425 101653 -0.619933 0.477177
0.001855 1236.09 0.127894 101653 -0.492003 0.282361
0.000495 300.278 0.232917 101654 -0.816182 1.17467
0.006295 300.194 0.232918 101651 -0.00196789 1.17497
0.003135 726.599 0.178372 101655 -0.227613 0.480683
0.002545 2016.56 0.0424345 101653 -0.439242 0.17281
0.000815 301.802 0.232845 101653 -0.817412 1.16863
0.000245 300.272 0.232918 101654 -0.816029 1.17469
0.007595 300.235 0.232918 101650 0.000111534 1.1748
0.002065 1567.77 0.0904847 101653 -0.425475 0.22244
0.000505 300.279 0.232917 101654 -0.816108 1.17466
0.001865 1251.69 0.126107 101653 -0.48865 0.278827
0.006305 300.195 0.232918 101651 -0.00192986 1.17496
0.001525 747.035 0.184842 101653 -0.615807 0.468475
0.002555 2010.02 0.0432098 101653 -0.435097 0.173368
0.000825 302.041 0.232832 101655 -0.817219 1.16772
0.003145 707.319 0.18072 101655 -0.220131 0.493875
0.000255 300.272 0.232918 101654 -0.816025 1.17469
0.007605 300.236 0.232918 101650 9.64589e-05 1.17479
0.002705 1776.03 0.0676628 101653 -0.482965 0.196157
0.007615 300.237 0.232918 101650 8.19965e-05 1.17479
0.001225 415.786 0.222353 101651 -0.741697 0.845428
0.002715 1751.15 0.0701531 101653 -0.480889 0.19894
0.006945 300.196 0.232918 101650 -0.000237962 1.17495
0.007625 300.238 0.232918 101650 6.81313e-05 1.17478
0.001235 423.474 0.221547 101653 -0.735924 0.82996
0.003365 399.571 0.220423 101654 -0.0778001 0.87884
0.002725 1726.08 0.072659 101653 -0.478222 0.201825
0.007635 300.239 0.232918 101650 5.48215e-05 1.17478
0.006955 300.196 0.232918 101650 -0.000220645 1.17495
0.006635 300.195 0.232918 101651 -0.001047 1.17496
0.001245 431.448 0.220704 101653 -0.732642 0.814489
0.007645 300.239 0.232918 101650 4.2009e-05 1.17478
0.003375 390.889 0.221513 101654 -0.0730818 0.898586
0.002735 1700.85 0.0751786 101654 -0.474961 0.204817
0.006965 300.196 0.232918 101650 -0.000205592 1.17495
0.006645 300.195 0.232918 101651 -0.00101107 1.17496
0.007655 300.24 0.232918 101650 2.96238e-05 1.17478
0.001255 439.704 0.219826 101653 -0.72875 0.799066
0.003385 382.58 0.222537 101654 -0.0684044 0.91833
0.002745 1675.47 0.0777098 101654 -0.471162 0.207917
0.006975 300.195 0.232918 101650 -0.000190019 1.17495
0.006655 300.195 0.232918 101651 -0.000977623 1.17496
0.007665 300.24 0.232918 101650 1.77331e-05 1.17477
0.001265 448.238 0.218911 101653 -0.724952 0.783725
0.003395 374.656 0.223496 101655 -0.0639599 0.937992
0.000515 300.281 0.232917 101654 -0.816071 1.17466
0.002755 1649.95 0.0802509 101654 -0.466913 0.211131
0.006985 300.195 0.232918 101650 -0.000173694 1.17495
0.006665 300.195 0.232918 101651 -0.000944312 1.17496
0.007675 300.24 0.232918 101650 5.62127e-06 1.17477
0.001275 457.045 0.21796 101653 -0.721138 0.768498
0.003405 368.487 0.22439 101653 -0.0601879 0.953905
0.000525 300.283 0.232917 101654 -0.816059 1.17465
0.002765 1624.31 0.0828005 101654 -0.46232 0.214462
0.006995 300.195 0.232918 101650 -0.000156458 1.17496
0.006675 300.194 0.232918 101651 -0.000910223 1.17496
0.003415 362.691 0.225219 101653 -0.0564319 0.969374
0.002075 1583.72 0.0887173 101653 -0.422512 0.220195
0.001875 1267.31 0.12432 101653 -0.485313 0.275376
0.006315 300.195 0.232918 101651 -0.00189131 1.17496
0.002085 1599.68 0.0869519 101653 -0.419573 0.217993
0.001535 760.683 0.183244 101653 -0.611689 0.460017
0.001885 1282.96 0.122533 101653 -0.481999 0.272003
0.006325 300.195 0.232918 101651 -0.00185171 1.17496
0.002095 1615.64 0.0851885 101653 -0.416658 0.215834
0.000835 302.312 0.232817 101656 -0.819182 1.16666
0.001895 1298.64 0.120746 101653 -0.478707 0.268707
0.000265 300.272 0.232918 101654 -0.816023 1.17469
0.001545 774.439 0.181633 101653 -0.607579 0.451794
0.006335 300.195 0.232918 101651 -0.0018088 1.17496
0.002105 1631.61 0.0834273 101653 -0.413769 0.213717
0.003155 688.207 0.183037 101655 -0.212631 0.507684
0.000845 302.62 0.2328 101656 -0.819896 1.16546
0.000535 300.285 0.232917 101654 -0.81606 1.17464
0.001905 1314.33 0.118959 101653 -0.475433 0.265486
0.006345 300.195 0.232918 101651 -0.00176314 1.17496
0.000275 300.272 0.232918 101654 -0.816022 1.17469
0.001555 788.298 0.180009 101653 -0.603475 0.443802
0.002115 1647.58 0.0816683 101653 -0.410904 0.21164
0.000855 302.968 0.232779 101656 -0.819571 1.1641
0.003165 669.273 0.18532 101655 -0.205119 0.522148
0.000545 300.288 0.232917 101654 -0.816062 1.17463
0.001915 1330.05 0.117172 101653 -0.472179 0.262337
0.006355 300.195 0.232918 101651 -0.00172213 1.17496
0.000285 300.272 0.232918 101654 -0.81602 1.17469
0.001565 802.257 0.178372 101653 -0.599382 0.436033
0.002125 1663.56 0.0799115 101653 -0.408061 0.209603
0.002775 1598.56 0.0853576 101654 -0.457478 0.217917
0.002135 1679.54 0.0781572 101653 -0.405234 0.207604
0.007005 300.194 0.232918 101650 -0.000139196 1.17496
0.002785 1572.7 0.0879215 101654 -0.452467 0.221499
0.002145 1695.53 0.0764052 101653 -0.402417 0.205642
0.007015 300.194 0.232918 101650 -0.000123691 1.17496
0.006685 300.194 0.232918 101650 -0.000875566 1.17496
0.002155 1711.52 0.0746555 101653 -0.399598 0.203717
0.002795 1546.74 0.0904919 101654 -0.447344 0.225218
0.007025 300.194 0.232918 101650 -9.74512e-05 1.17496
0.006695 300.194 0.232918 101650 -0.00084174 1.17496
0.002165 1727.51 0.0729082 101653 -0.396764 0.201828
0.003425 357.252 0.225986 101653 -0.0528484 0.98435
0.007035 300.195 0.232918 101650 -7.84717e-05 1.17496
0.000555 300.291 0.232917 101654 -0.816064 1.17462
0.006705 300.194 0.232918 101650 -0.000815238 1.17496
0.002805 1520.67 0.0930683 101654 -0.442143 0.22908
0.002175 1743.51 0.071163 101653 -0.393898 0.199972
0.003435 352.161 0.226694 101653 -0.0494434 0.998793
0.000565 300.295 0.232917 101654 -0.81607 1.1746
0.006715 300.194 0.232918 101650 -0.000766305 1.17496
0.002185 1759.52 0.0694199 101653 -0.390981 0.198149
0.003445 347.408 0.227344 101653 -0.0462213 1.01267
0.000865 303.362 0.232756 101656 -0.818055 1.16256
0.006365 300.194 0.232918 101651 -0.00168152 1.17497
0.003455 342.979 0.227939 101653 -0.0431826 1.02594
0.003175 650.522 0.187568 101655 -0.197596 0.537306
0.000875 303.807 0.232728 101655 -0.815657 1.16082
0.006375 300.194 0.232918 101651 -0.00164243 1.17497
0.003465 338.863 0.228482 101653 -0.0403247 1.0386
0.003185 631.964 0.189778 101655 -0.190064 0.553199
0.000885 304.309 0.232697 101654 -0.812905 1.15887
0.000295 300.272 0.232918 101654 -0.816019 1.17469
0.006385 300.194 0.232918 101651 -0.00160534 1.17497
0.003475 335.045 0.228977 101653 -0.0376624 1.05062
0.003195 613.606 0.19195 101655 -0.182512 0.56987
0.001575 816.31 0.176724 101653 -0.595305 0.42848
0.000895 304.874 0.232661 101653 -0.810419 1.15668
0.006395 300.194 0.232918 101651 -0.00157159 1.17497
0.000575 300.3 0.232917 101654 -0.81608 1.17458
0.002815 1494.49 0.0956507 101654 -0.436882 0.233094
0.002195 1775.54 0.0676784 101653 -0.387995 0.196359
0.003485 331.51 0.229426 101653 -0.0351214 1.062
0.002825 1468.2 0.098239 101654 -0.431564 0.23727
0.000305 300.272 0.232918 101654 -0.816018 1.17469
0.002205 1791.57 0.0659383 101653 -0.38492 0.194599
0.001585 830.456 0.175065 101653 -0.591249 0.421138
0.003495 328.243 0.229831 101653 -0.0333895 1.07274
0.002835 1441.8 0.100833 101654 -0.426186 0.241618
0.000905 305.509 0.232619 101653 -0.807878 1.15424
0.000315 300.272 0.232918 101654 -0.816017 1.17469
0.002215 1807.62 0.0641992 101653 -0.381744 0.192868
0.000585 300.306 0.232917 101654 -0.816093 1.17456
0.003505 325.227 0.230197 101655 -0.0294153 1.08287
0.002845 1415.29 0.103433 101654 -0.42074 0.246149
0.001595 844.688 0.173395 101653 -0.58722 0.414
0.000915 306.219 0.232572 101651 -0.808245 1.15151
0.002225 1823.69 0.0624605 101653 -0.378458 0.191166
0.000595 300.313 0.232916 101654 -0.8161 1.17453
0.003515 322.448 0.230525 101653 -0.0292977 1.09234
0.002235 1839.78 0.0607218 101653 -0.375063 0.189491
0.002855 1388.65 0.106039 101654 -0.415218 0.250876
0.000605 300.321 0.232916 101654 -0.816092 1.1745
0.000925 307.016 0.232518 101652 -0.805668 1.1485
0.002865 1361.89 0.10865 101654 -0.40961 0.255812
0.000615 300.33 0.232916 101654 -0.816062 1.17446
0.000935 307.904 0.232457 101652 -0.805479 1.14514
0.000625 300.342 0.232915 101654 -0.816011 1.17441
0.002875 1335 0.111267 101654 -0.403907 0.260972
0.000945 308.891 0.232387 101652 -0.804709 1.14143
0.000635 300.356 0.232915 101654 -0.815948 1.17436
0.000955 309.987 0.232309 101652 -0.803876 1.13734
