0.006725 346.263 0.2329 195725 0.0415218 1.96129
0.006735 346.246 0.232901 195725 0.0411087 1.96139
0.006745 346.225 0.232903 195725 0.0406948 1.96152
0.006755 346.198 0.232904 195725 0.0402939 1.96167
0.006765 346.164 0.232905 195725 0.0398339 1.96187
0.006775 346.214 0.232906 195725 0.039368 1.96159
0.006785 346.252 0.232907 195725 0.0389352 1.96138
0.006795 346.276 0.232908 195725 0.03849 1.96124
0.006805 346.287 0.232909 195724 0.0380341 1.96118
0.006815 346.288 0.23291 195724 0.0375921 1.96118
0.006825 346.278 0.23291 195725 0.037141 1.96124
0.006835 346.259 0.232911 195725 0.0367122 1.96135
0.007045 346.46 0.232917 195725 0.0276085 1.96024
0.007055 346.436 0.232917 195725 0.0271599 1.96037
0.007065 346.501 0.232917 195725 0.0267024 1.96
0.006845 346.229 0.232912 195725 0.0362942 1.96152
0.007075 346.556 0.232917 195725 0.0262888 1.95969
0.007085 346.602 0.232917 195725 0.0258492 1.95943
0.007095 346.637 0.232917 195725 0.0254105 1.95923
0.007105 346.662 0.232917 195725 0.0249743 1.9591
0.006855 346.19 0.232912 195725 0.0358384 1.96175
0.007115 346.676 0.232917 195724 0.0245347 1.95902
0.007125 346.679 0.232917 195724 0.0240877 1.95899
0.007135 346.673 0.232917 195725 0.0236496 1.95903
0.007145 346.657 0.232917 195725 0.0232119 1.95912
0.006865 346.237 0.232913 195725 0.0353851 1.96148
0.007155 346.73 0.232917 195725 0.0227571 1.95871
0.007165 346.795 0.232917 195725 0.02235 1.95834
0.007175 346.852 0.232917 195725 0.0219178 1.95802
0.007185 346.9 0.232917 195725 0.0214866 1.95775
0.006875 346.277 0.232913 195725 0.0349773 1.96125
0.007195 346.94 0.232917 195725 0.0210547 1.95752
0.007205 346.971 0.232917 195725 0.020623 1.95735
0.006405 347.08 0.232674 195725 0.0552975 1.95622
0.007215 346.993 0.232917 195725 0.0201933 1.95722
0.007225 347.006 0.232917 195724 0.0197618 1.95715
0.006415 347.022 0.232692 195725 0.0548735 1.95657
0.006885 346.309 0.232913 195725 0.0345455 1.96107
0.007235 347.011 0.232917 195724 0.0193183 1.95713
0.006425 346.957 0.232709 195725 0.0544472 1.95697
0.007245 347.006 0.232917 195725 0.0188838 1.95715
0.006435 346.885 0.232724 195725 0.0540201 1.9574
0.007255 347.092 0.232917 195725 0.0184302 1.95667
0.006445 346.805 0.232739 195725 0.0535909 1.95788
0.007265 347.17 0.232917 195725 0.018024 1.95623
0.006895 346.332 0.232914 195725 0.0341161 1.96094
0.006455 346.718 0.232752 195725 0.0531822 1.9584
0.007275 347.24 0.232917 195725 0.0175922 1.95584
0.006465 346.622 0.232765 195725 0.0527321 1.95896
0.007285 347.301 0.232917 195725 0.0171612 1.95549
0.007295 347.354 0.232917 195725 0.0167291 1.95519
0.006475 346.621 0.232776 195725 0.0523052 1.95899
0.007305 347.399 0.232917 195725 0.0162966 1.95494
0.006485 346.614 0.232787 195725 0.0518812 1.95905
0.006905 346.346 0.232914 195725 0.0336859 1.96087
0.007315 347.434 0.232917 195725 0.0158641 1.95474
0.006495 346.602 0.232797 195725 0.0514648 1.95914
0.007325 347.461 0.232917 195725 0.015432 1.95459
0.006505 346.583 0.232806 195725 0.0510421 1.95926
0.007335 347.478 0.232917 195725 0.015004 1.95449
0.003205 2257.94 0.0432918 195725 -0.0127541 0.296772
0.006515 346.558 0.232814 195725 0.0506167 1.95942
0.007345 347.487 0.232917 195725 0.0145581 1.95445
0.006915 346.351 0.232914 195724 0.0332403 1.96084
0.003215 2262.29 0.042743 195725 -0.0133883 0.296197
0.006525 346.525 0.232822 195725 0.0501887 1.95963
0.007355 347.587 0.232917 195725 0.0141092 1.95388
0.003225 2266.62 0.0421967 195725 -0.0140258 0.295627
0.006535 346.484 0.23283 195725 0.0497589 1.95987
0.003235 2270.92 0.0416527 195725 -0.0146666 0.295062
0.006545 346.435 0.232837 195725 0.0493259 1.96017
0.003245 2275.2 0.0411113 195725 -0.0153108 0.294502
0.006555 346.377 0.232843 195725 0.0489123 1.96051
0.003255 2279.46 0.0405722 195725 -0.0159585 0.293946
0.006565 346.309 0.232849 195725 0.0484561 1.9609
0.003265 2283.7 0.0400357 195725 -0.0166096 0.293396
0.006575 346.332 0.232854 195725 0.048013 1.96079
0.003275 2287.92 0.0395015 195725 -0.0172641 0.292851
0.006585 346.348 0.232859 195725 0.0476128 1.96071
0.003285 2292.11 0.0389697 195725 -0.0179222 0.29231
0.006595 346.356 0.232864 195725 0.047177 1.96067
0.003295 2296.28 0.0384404 195725 -0.0185841 0.291774
0.006605 346.357 0.232868 195725 0.0467446 1.96068
0.003305 2300.42 0.0379134 195724 -0.0192505 0.291243
0.006615 346.35 0.232872 195725 0.046303 1.96072
0.003315 2304.43 0.0373888 195725 -0.0199174 0.290732
0.006625 346.335 0.232876 195725 0.0458795 1.96082
0.003325 2308.41 0.0368666 195725 -0.0205903 0.290226
0.006635 346.312 0.232879 195725 0.0454486 1.96096
0.003335 2312.36 0.0363467 195725 -0.0212684 0.289724
0.005765 415.564 0.219315 195726 0.0685885 1.62555
0.006645 346.279 0.232882 195725 0.0450138 1.96115
0.003345 2316.29 0.0358291 195725 -0.0219514 0.289227
0.006925 346.347 0.232915 195725 0.0327958 1.96086
0.006655 346.237 0.232885 195725 0.0445965 1.9614
0.005775 412.134 0.219953 195725 0.0688211 1.63935
0.003355 2320.2 0.0353138 195725 -0.0226393 0.288734
0.006665 346.185 0.232888 195725 0.0441373 1.9617
0.005785 408.821 0.220568 195725 0.0690869 1.6529
0.003365 2324.09 0.0348008 195725 -0.0233322 0.288246
0.006675 346.22 0.23289 195725 0.0436856 1.96151
0.005795 405.622 0.22116 195725 0.0693236 1.66621
0.003375 2327.95 0.0342902 195725 -0.0240301 0.287762
0.005805 402.533 0.22173 195725 0.0695348 1.67926
0.006685 346.247 0.232892 195725 0.0432751 1.96136
0.003385 2331.79 0.0337817 195725 -0.024733 0.287282
0.005445 632.284 0.185205 195726 0.0438348 1.06198
0.005125 1064.97 0.126407 195726 -0.0140753 0.627664
0.005815 399.549 0.222278 195725 0.0697186 1.69207
0.006695 346.265 0.232895 195725 0.0428472 1.96127
0.003395 2335.61 0.0332755 195725 -0.0254411 0.286808
5e-06 576.439 0.219083 195725 0.0493976 1.17063
0.005825 396.667 0.222805 195725 0.0698747 1.70462
0.006705 346.274 0.232896 195724 0.0423978 1.96122
0.005135 1049.01 0.128507 195726 -0.0119146 0.637269
0.003405 2339.4 0.0327716 195725 -0.0261541 0.286337
0.000645 733.442 0.20632 195725 0.0580766 0.918628
1.5e-05 576.505 0.219078 195725 0.0494006 1.1705
0.005835 393.882 0.22331 195725 0.0700021 1.71693
0.006715 346.273 0.232898 195725 0.0419602 1.96123
0.005145 1033.17 0.130595 195726 -0.00975979 0.647104
0.003415 2343.17 0.0322698 195725 -0.0268723 0.285871
0.000655 738.272 0.205913 195725 0.0582643 0.912584
0.000665 743.16 0.205501 195725 0.0584505 0.906546
0.000675 748.107 0.205082 195725 0.058635 0.900516
0.000685 753.112 0.204659 195725 0.0588178 0.894498
0.000695 758.173 0.204229 195725 0.0589987 0.888492
0.000705 763.289 0.203794 195725 0.0591775 0.882503
0.000715 768.46 0.203354 195725 0.0593541 0.87653
0.000725 773.685 0.202908 195725 0.0595284 0.870578
0.000735 778.961 0.202457 195725 0.0597003 0.864647
0.000745 784.29 0.202001 195725 0.0598696 0.858739
0.000755 789.669 0.20154 195725 0.0600362 0.852857
0.007365 347.679 0.232917 195725 0.0136994 1.95337
0.000765 795.097 0.201073 195725 0.0602001 0.847001
0.000775 800.574 0.200602 195725 0.0603612 0.841174
0.000785 806.099 0.200125 195725 0.0605192 0.835377
0.000795 811.67 0.199644 195725 0.0606742 0.829611
0.000805 817.287 0.199157 195725 0.0608261 0.823878
0.000815 822.949 0.198666 195725 0.0609747 0.818179
0.000825 828.654 0.19817 195725 0.0611201 0.812514
0.000835 834.402 0.19767 195725 0.061262 0.806886
0.000845 840.192 0.197165 195725 0.0614006 0.801296
0.000855 846.023 0.196655 195725 0.0615356 0.795743
0.000865 851.893 0.196141 195725 0.0616671 0.79023
0.007375 347.763 0.232917 195725 0.0132689 1.95289
0.000875 857.802 0.195623 195725 0.061795 0.784757
0.000885 863.75 0.1951 195725 0.0619192 0.779324
0.003525 2382.85 0.0268898 195719 -0.0351095 0.281037
0.000895 869.734 0.194574 195725 0.0620396 0.773933
0.007385 347.839 0.232917 195725 0.0128398 1.95246
0.003845 2402.74 0.0153501 195725 -0.0674491 0.278486
0.000905 875.755 0.194042 195725 0.0621563 0.768584
0.001285 1123.16 0.171376 195725 0.0633965 0.598531
0.000915 881.811 0.193507 195725 0.0622691 0.763277
0.004485 2071.6 0.029919 195725 -0.102116 0.322363
0.003855 2400.43 0.0152884 195725 -0.0678143 0.278744
0.000925 887.901 0.192968 195725 0.0623781 0.758014
0.001295 1129.97 0.170729 195725 0.0633389 0.594906
0.007395 347.908 0.232917 195725 0.0124102 1.95208
0.003865 2398.13 0.0152266 195725 -0.0681745 0.279003
0.000935 894.025 0.192425 195725 0.0624831 0.752794
0.004495 2059.37 0.0307918 195725 -0.101319 0.324269
0.001305 1136.79 0.17008 195725 0.0632766 0.591322
0.003875 2395.83 0.0151649 195725 -0.0685297 0.279263
0.000945 900.181 0.191878 195725 0.0625842 0.747619
0.004505 2047.16 0.0316618 195725 -0.100493 0.326194
0.001315 1143.61 0.169429 195725 0.0632095 0.587776
0.003885 2393.53 0.0151032 195725 -0.0688802 0.279522
0.000955 906.369 0.191327 195725 0.0626811 0.742488
0.004515 2034.99 0.0325287 195725 -0.0996389 0.328137
0.001325 1150.45 0.168776 195725 0.0631378 0.58427
0.003895 2391.24 0.0150414 195725 -0.0692259 0.279781
0.003905 2388.95 0.0149795 195725 -0.069567 0.280041
0.003915 2386.66 0.0149176 195725 -0.0699037 0.2803
0.003925 2384.38 0.0148556 195725 -0.070236 0.28056
0.003935 2382.1 0.0147934 195725 -0.0705641 0.280819
0.003945 2379.83 0.0147311 195725 -0.070888 0.281078
0.003955 2377.56 0.0146686 195725 -0.0712079 0.281338
0.003965 2375.3 0.014606 195725 -0.0715239 0.281597
0.003975 2373.04 0.0145432 195725 -0.071836 0.281856
0.003985 2370.79 0.0144802 195725 -0.0721442 0.282114
0.004165 2292.76 0.0171745 195725 -0.0879298 0.291544
0.003995 2368.55 0.0144169 195725 -0.0724487 0.282373
0.004005 2366.31 0.0143534 195725 -0.0727494 0.282631
0.004015 2364.08 0.0142897 195725 -0.0730463 0.282889
0.004175 2287.14 0.0174548 195725 -0.0880028 0.29225
0.004025 2361.86 0.0142258 195725 -0.0733397 0.283147
0.004185 2281.54 0.017734 195725 -0.0880684 0.292958
0.004035 2359.64 0.0141616 195725 -0.0736323 0.283404
0.004195 2275.95 0.0180121 195725 -0.0881261 0.293667
0.004045 2357.43 0.0140971 195725 -0.0737234 0.283661
0.004205 2270.38 0.0182891 195725 -0.0881757 0.294379
0.004055 2355.1 0.0140427 195714 -0.0804323 0.283918
0.004215 2264.82 0.0185648 195725 -0.0882167 0.295092
0.004065 2349.51 0.0143218 195725 -0.0870568 0.284599
0.004225 2259.27 0.0188393 195725 -0.0882489 0.295807
0.004075 2343.79 0.0146106 195725 -0.086986 0.285283
0.004235 2253.75 0.0191125 195725 -0.0882719 0.296523
0.004085 2338.08 0.0148987 195725 -0.0871159 0.28597
0.004245 2248.24 0.0193843 195725 -0.0882853 0.29724
0.004095 2332.38 0.0151861 195725 -0.0872374 0.286659
0.004255 2242.74 0.0196547 195725 -0.088289 0.297959
0.004105 2326.69 0.0154727 195725 -0.0873536 0.28735
0.004265 2237.27 0.0199236 195725 -0.0882827 0.298679
0.004115 2321.01 0.0157585 195725 -0.0874645 0.288044
0.004275 2231.81 0.020191 195725 -0.0882659 0.2994
0.004125 2315.34 0.0160435 195725 -0.0875699 0.288739
0.004285 2226.37 0.0204568 195725 -0.0882387 0.300122
0.004135 2309.68 0.0163276 195725 -0.0876694 0.289437
0.004295 2220.96 0.0207209 195725 -0.0882005 0.300845
0.004145 2304.03 0.0166109 195725 -0.0877627 0.290137
0.004305 2215.56 0.0209834 195725 -0.0881514 0.301568
0.004155 2298.39 0.0168931 195725 -0.0878497 0.290839
0.006085 355.962 0.230647 195725 0.0670409 1.90504
0.006095 355.364 0.230787 195725 0.066768 1.90838
0.004805 1699.62 0.0571641 195726 -0.093353 0.392776
0.006105 354.791 0.230919 195725 0.0664823 1.91159
0.006115 354.241 0.231044 195725 0.0661869 1.91468
0.006125 353.711 0.231161 195725 0.0658816 1.91767
0.000965 912.588 0.190772 195725 0.062774 0.737402
0.004815 1678.8 0.0593637 195726 -0.0896085 0.397647
0.006135 353.2 0.231272 195725 0.0655664 1.92056
0.005845 391.189 0.223796 195725 0.0700996 1.72901
0.005155 1017.43 0.13267 195726 -0.00762049 0.657175
2.5e-05 576.638 0.219068 195725 0.0494112 1.17023
0.005855 388.584 0.224261 195725 0.0701664 1.74085
0.003425 2346.91 0.0317702 195725 -0.0275956 0.28541
0.004825 1658.03 0.061563 195726 -0.0870716 0.40263
0.005165 1001.81 0.134731 195726 -0.00549447 0.66749
0.006145 352.706 0.231377 195725 0.0652414 1.92336
0.005865 386.06 0.224707 195725 0.070201 1.75248
3.5e-05 576.838 0.219053 195725 0.0494273 1.16982
0.003435 2350.62 0.0312728 195725 -0.0283241 0.284953
0.005175 986.301 0.136778 195726 -0.00337584 0.678057
0.005875 383.613 0.225134 195725 0.0702245 1.7639
4.5e-05 577.107 0.219032 195725 0.049449 1.16927
0.003445 2354.32 0.0307776 195725 -0.0290576 0.2845
0.005185 970.907 0.138811 195726 -0.0012842 0.688882
0.005885 381.576 0.225542 195725 0.0702264 1.77356
5.5e-05 577.446 0.219006 195725 0.0494763 1.16858
0.004835 1637.31 0.0637617 195726 -0.0844612 0.407727
0.003455 2357.98 0.0302844 195725 -0.0297964 0.284052
0.006155 352.225 0.231476 195725 0.0649064 1.92609
0.005195 955.628 0.140829 195726 0.000788545 0.699975
0.005895 379.62 0.225933 195725 0.070235 1.78293
0.000975 918.836 0.190213 195725 0.0628628 0.732361
6.5e-05 577.855 0.218974 195725 0.0495092 1.16774
0.003465 2361.62 0.0297934 195725 -0.0305402 0.283608
0.005205 940.464 0.142831 195726 0.00284302 0.711343
0.005905 377.742 0.226306 195725 0.0702187 1.79203
0.003475 2365.24 0.0293044 195725 -0.0312891 0.283168
7.5e-05 578.336 0.218937 195725 0.0495476 1.16676
0.005215 925.416 0.144818 195726 0.00487815 0.722995
0.005915 375.936 0.226662 195725 0.0701803 1.80086
0.004845 1616.64 0.0659596 195726 -0.0818613 0.412942
0.006165 351.756 0.231568 195725 0.0645643 1.92876
0.003485 2368.83 0.0288175 195725 -0.0320432 0.282733
8.5e-05 578.889 0.218894 195725 0.0495916 1.16564
0.005225 910.484 0.146789 195726 0.00689268 0.734942
0.005925 374.199 0.227002 195725 0.0701191 1.80944
0.000985 925.114 0.189651 195725 0.0629475 0.727365
0.003495 2372.39 0.0283326 195725 -0.0328023 0.282303
9.5e-05 579.514 0.218845 195725 0.0496411 1.16437
0.005235 895.669 0.148743 195726 0.00888509 0.747192
0.005935 372.526 0.227327 195725 0.0700353 1.81778
0.003505 2375.93 0.0278497 195725 -0.0335663 0.281876
0.000105 580.213 0.218791 195725 0.049696 1.16296
0.005245 880.97 0.15068 195726 0.0108537 0.759757
0.005945 370.913 0.227636 195725 0.069929 1.8259
0.004855 1596.03 0.0681566 195726 -0.0792675 0.41828
0.006175 351.297 0.231656 195725 0.0642125 1.93138
0.003515 2379.44 0.0273687 195725 -0.0343406 0.281454
0.000115 580.986 0.218731 195725 0.0497564 1.1614
0.005255 866.388 0.152601 195726 0.0127966 0.772647
0.005955 369.356 0.22793 195725 0.0698004 1.8338
0.000995 931.42 0.189085 195725 0.063028 0.722415
0.005455 622.119 0.186684 195726 0.0451251 1.07953
0.005465 612.093 0.188137 195726 0.0463706 1.09742
0.005475 602.201 0.189564 195726 0.0475699 1.11566
0.005485 592.441 0.190966 195726 0.0487241 1.13425
0.005495 582.807 0.192342 195726 0.0498722 1.15322
0.005505 573.3 0.193693 195727 0.051174 1.17258
0.005515 565.07 0.195016 195726 0.0519795 1.18988
0.005525 557.003 0.196311 195726 0.0530536 1.20734
0.006935 346.333 0.232915 195725 0.0323608 1.96094
0.005535 549.095 0.197579 195726 0.0540884 1.22497
0.005545 541.343 0.19882 195726 0.0550972 1.24275
0.005555 533.748 0.200033 195726 0.0560726 1.26068
0.005565 526.306 0.201218 195726 0.0570133 1.27875
0.006945 346.31 0.232915 195725 0.031944 1.96108
0.005575 519.018 0.202376 195726 0.0579174 1.29696
0.006955 346.276 0.232915 195725 0.0314897 1.96127
0.005585 511.879 0.203506 195725 0.0587834 1.31531
0.006965 346.329 0.232916 195725 0.0310353 1.96097
0.005595 504.887 0.20461 195725 0.0596074 1.33378
0.006975 346.375 0.232916 195725 0.030627 1.96071
0.005605 498.039 0.205686 195725 0.0603948 1.35238
0.006985 346.413 0.232916 195725 0.0301949 1.9605
0.005615 491.33 0.206735 195725 0.0610639 1.37111
0.006995 346.442 0.232916 195725 0.029765 1.96033
0.005625 484.756 0.207758 195725 0.0619568 1.38997
0.005635 478.311 0.208753 195725 0.0624141 1.40897
0.007005 346.462 0.232916 195725 0.0293374 1.96022
0.005645 471.992 0.209723 195726 0.0631854 1.42812
0.007015 346.474 0.232916 195725 0.0289086 1.96015
0.005655 466.543 0.210665 195725 0.0636931 1.44506
0.000325 615.267 0.216025 195725 0.0521472 1.09626
0.007025 346.478 0.232916 195724 0.0284675 1.96013
0.005665 461.242 0.21158 195725 0.0643086 1.46194
0.002565 1940.65 0.0829907 195725 0.0241748 0.345565
0.005675 456.085 0.212469 195725 0.0648868 1.47875
0.007035 346.473 0.232917 195725 0.028025 1.96016
0.005685 451.07 0.213331 195725 0.065436 1.49547
0.005695 446.192 0.214167 195725 0.0659521 1.5121
0.005705 441.448 0.214978 195725 0.0664343 1.52862
0.005715 436.835 0.215762 195725 0.0668812 1.54504
0.005725 432.349 0.216522 195725 0.0672916 1.56135
0.005735 427.984 0.217256 195725 0.0676637 1.57756
0.005745 423.735 0.217966 195725 0.0679967 1.59365
0.005755 419.597 0.218652 195725 0.0682915 1.60964
0.002885 2106.68 0.0621176 195725 0.00670974 0.318214
0.001925 1555.83 0.127553 195725 0.050814 0.431452
0.001935 1562.33 0.126849 195725 0.0504893 0.429651
0.002895 2111.77 0.0614941 195725 0.00611063 0.317442
0.001945 1568.81 0.126144 195725 0.0501612 0.427868
0.002905 2116.84 0.0608728 195725 0.00550709 0.316678
0.001955 1575.27 0.12544 195725 0.0498297 0.426104
0.002915 2121.89 0.0602536 195725 0.00490057 0.315922
0.001965 1581.72 0.124736 195725 0.0494949 0.424358
0.002925 2126.91 0.0596365 195725 0.00429198 0.315172
0.001975 1588.16 0.124031 195725 0.0491569 0.42263
0.002935 2131.91 0.0590215 195725 0.00368215 0.31443
0.001985 1594.59 0.123327 195725 0.0488156 0.42092
0.002945 2136.88 0.0584088 195725 0.00307179 0.313694
0.001995 1601 0.122623 195725 0.048471 0.419226
0.002955 2141.83 0.0577982 195725 0.00246153 0.312965
0.002005 1607.4 0.121918 195725 0.0481232 0.41755
0.001605 1342.23 0.149907 195725 0.0592622 0.500437
0.002965 2146.76 0.0571898 195725 0.00185186 0.312243
0.002015 1613.79 0.121214 195725 0.0477723 0.415891
0.002975 2151.66 0.0565837 195725 0.00124315 0.311528
0.002025 1620.16 0.120509 195725 0.0474182 0.414249
0.002985 2156.54 0.0559798 195725 0.000635681 0.31082
0.002035 1626.51 0.119805 195725 0.047061 0.412623
0.002995 2161.4 0.0553782 195725 2.95893e-05 0.310118
0.001615 1349.04 0.149217 195725 0.0590596 0.497899
0.002045 1632.85 0.1191 195725 0.0467007 0.411013
0.003005 2166.23 0.0547789 195725 -0.000575068 0.309422
0.001625 1355.84 0.148527 195725 0.0588528 0.49539
0.002055 1639.18 0.118396 195725 0.0463373 0.40942
0.003015 2171.04 0.0541818 195725 -0.00117832 0.308732
0.001635 1362.64 0.147835 195725 0.0586419 0.492908
0.003025 2175.83 0.0535871 195725 -0.00178028 0.308049
0.002065 1645.49 0.117692 195725 0.0459709 0.407843
0.001645 1369.43 0.147143 195725 0.0584267 0.490453
0.003035 2180.59 0.0529948 195725 -0.0023811 0.307372
0.002075 1651.79 0.116988 195725 0.0456014 0.406281
0.001655 1376.22 0.14645 195725 0.0582074 0.488024
0.003045 2185.34 0.0524048 195725 -0.002981 0.306701
0.002085 1658.07 0.116284 195725 0.0452289 0.404735
0.003055 2190.06 0.0518171 195725 -0.00358019 0.306036
0.001665 1382.99 0.145756 195725 0.057984 0.485623
0.002245 1756.5 0.10505 195725 0.03888 0.381957
0.002095 1664.34 0.11558 195725 0.0448535 0.403204
0.003065 2194.76 0.0512318 195725 -0.0041791 0.305377
0.001675 1389.76 0.145062 195725 0.0577565 0.483247
0.003075 2199.44 0.0506489 195725 -0.00477893 0.304723
0.001685 1396.52 0.144367 195725 0.0575249 0.480897
0.002105 1670.59 0.114876 195725 0.0444751 0.401688
0.003085 2204.07 0.0500684 195725 -0.0053768 0.304079
0.001695 1403.28 0.143671 195725 0.0572893 0.478573
0.002115 1676.83 0.114173 195725 0.0440938 0.400187
0.003095 2208.67 0.0494903 195725 -0.00597759 0.303441
0.002255 1762.52 0.104351 195725 0.0384598 0.380647
0.001705 1410.02 0.142975 195725 0.0570496 0.476274
0.002125 1683.05 0.113469 195725 0.0437096 0.398701
0.003105 2213.26 0.0489146 195725 -0.00658055 0.302808
0.001715 1416.76 0.142278 195725 0.056806 0.473999
0.002265 1768.52 0.103652 195725 0.0380369 0.37935
0.002135 1689.26 0.112766 195725 0.0433225 0.39723
0.003115 2217.83 0.0483413 195725 -0.00718566 0.30218
0.001725 1423.48 0.141581 195725 0.0565584 0.471749
0.002275 1774.5 0.102954 195725 0.0376114 0.378065
0.002145 1695.45 0.112063 195725 0.0429325 0.395773
0.003125 2222.37 0.0477705 195725 -0.00779313 0.301558
0.001735 1430.2 0.140883 195725 0.0563068 0.469524
0.002285 1780.47 0.102256 195725 0.0371833 0.376793
0.002155 1701.63 0.111361 195725 0.0425398 0.39433
0.003135 2226.89 0.0472021 195725 -0.00840312 0.300941
0.001745 1436.91 0.140185 195725 0.0560514 0.467322
0.002295 1786.42 0.101558 195725 0.0367526 0.375532
0.002165 1707.79 0.110658 195725 0.0421441 0.392901
0.003145 2231.39 0.0466361 195725 -0.00901579 0.30033
0.001755 1443.61 0.139486 195725 0.055792 0.465144
0.002305 1792.36 0.100861 195725 0.0363192 0.374283
0.002175 1713.93 0.109956 195725 0.0417457 0.391486
0.003155 2235.87 0.0460726 195725 -0.00963126 0.299724
0.001765 1450.3 0.138787 195725 0.0555288 0.462989
0.002315 1798.28 0.100165 195725 0.0358833 0.373046
0.002185 1720.06 0.109254 195725 0.0413445 0.390085
0.003165 2240.33 0.0455116 195725 -0.0102496 0.299123
0.001775 1456.98 0.138087 195725 0.0552617 0.460857
0.002325 1804.18 0.0994689 195725 0.0354448 0.37182
0.007405 347.968 0.232917 195725 0.0119805 1.95174
0.003175 2244.76 0.0449529 195725 -0.0108711 0.298528
0.001785 1463.65 0.137387 195725 0.0549909 0.458748
0.002195 1726.18 0.108553 195725 0.0409406 0.388697
0.002335 1810.06 0.0987736 195725 0.0350037 0.370606
0.003185 2249.18 0.0443968 195725 -0.0114956 0.297937
0.001795 1470.31 0.136687 195725 0.0547162 0.456662
0.002205 1732.27 0.107851 195725 0.0405339 0.387323
0.002345 1815.93 0.0980789 195725 0.03456 0.369404
0.003195 2253.57 0.0438431 195725 -0.0121232 0.297352
0.001805 1476.95 0.135986 195725 0.0544378 0.454597
0.002215 1738.35 0.107151 195725 0.0401245 0.385962
0.002355 1821.78 0.0973848 195725 0.0341138 0.368212
0.001815 1483.59 0.135284 195725 0.0541557 0.452555
0.007415 348.02 0.232917 195725 0.0115503 1.95145
0.002225 1744.42 0.10645 195725 0.0397123 0.384614
0.002365 1827.61 0.0966913 195725 0.033665 0.367032
0.002375 1833.43 0.0959985 195725 0.0332137 0.365862
0.002385 1839.23 0.0953064 195725 0.0327598 0.364703
0.002395 1845.01 0.094615 195725 0.0323035 0.363555
0.002405 1850.78 0.0939243 195725 0.0318446 0.362418
0.002415 1856.53 0.0932343 195725 0.0313832 0.361291
0.002425 1862.26 0.0925451 195725 0.0309194 0.360174
0.002435 1867.97 0.0918567 195725 0.0304531 0.359068
0.002445 1873.67 0.0911692 195725 0.0299843 0.357971
0.002455 1879.35 0.0904824 195725 0.0295132 0.356885
0.002465 1885.01 0.0897965 195725 0.0290396 0.355809
0.003535 2384.7 0.0264127 195725 -0.035858 0.28082
0.002475 1890.65 0.0891115 195725 0.0285636 0.354742
0.004525 2022.86 0.0333924 195725 -0.0987562 0.330098
0.002485 1896.28 0.0884275 195725 0.0280852 0.353685
0.001335 1157.28 0.168121 195725 0.0630613 0.580803
0.002495 1901.89 0.0877443 195725 0.0276044 0.352638
0.004535 2010.76 0.0342529 195725 -0.0978444 0.332076
0.003545 2386.47 0.0259372 195725 -0.0365932 0.280606
0.001345 1164.12 0.167465 195725 0.0629801 0.577374
0.002505 1907.48 0.0870621 195725 0.0271214 0.3516
0.004545 1998.71 0.0351098 195725 -0.096903 0.334071
0.003555 2388.21 0.0254634 195725 -0.0373192 0.280395
0.001355 1170.97 0.166807 195725 0.0628942 0.573983
0.002515 1913.05 0.0863809 195725 0.026636 0.350571
0.004555 1986.7 0.0359632 195725 -0.0959317 0.336084
0.003565 2389.94 0.0249912 195725 -0.0380351 0.280186
0.001365 1177.82 0.166147 195725 0.0628036 0.57063
0.002525 1918.6 0.0857008 195725 0.0261483 0.349552
0.003575 2391.64 0.0245206 195725 -0.0387407 0.27998
0.004565 1974.74 0.0368127 195725 -0.0949301 0.338113
0.001375 1184.67 0.165486 195725 0.0627084 0.567314
0.002535 1924.14 0.0850216 195725 0.0256583 0.348541
0.003585 2393.32 0.0240516 195725 -0.0394363 0.279776
0.004575 1962.83 0.0376584 195725 -0.0938976 0.340158
0.001385 1191.52 0.164823 195725 0.0626085 0.564035
0.002545 1929.66 0.0843435 195725 0.0251661 0.34754
0.003595 2394.99 0.0235841 195725 -0.0401216 0.279575
0.004585 1950.97 0.0385001 195725 -0.0928339 0.34222
0.001395 1198.38 0.164158 195725 0.0625039 0.560793
0.002555 1935.16 0.0836665 195725 0.0246716 0.346548
0.003605 2396.64 0.0231182 195725 -0.0407968 0.279376
0.004595 1939.16 0.0393375 195725 -0.0917385 0.344297
0.004315 2210.19 0.021244 195725 -0.0880911 0.302292
0.004605 1927.42 0.0401706 195725 -0.090611 0.346389
0.005265 851.921 0.154503 195727 0.0147117 0.785874
0.005965 367.849 0.22821 195725 0.0696495 1.84151
0.004615 1915.74 0.0409992 195725 -0.0894508 0.348495
0.000125 581.834 0.218664 195725 0.0498222 1.1597
0.005275 837.569 0.156388 195727 0.0165966 0.799451
0.004625 1904.13 0.0418231 195725 -0.0882577 0.350616
0.005975 366.39 0.228477 195725 0.0694885 1.84905
0.004865 1575.46 0.0703526 195726 -0.0766808 0.423745
0.004325 2204.85 0.0215028 195725 -0.0880194 0.303017
0.005285 823.331 0.158254 195727 0.0184489 0.813392
0.006185 350.988 0.231738 195725 0.0638643 1.93318
0.000135 582.758 0.218592 195725 0.0498933 1.15785
0.004635 1892.58 0.0426422 195725 -0.087031 0.35275
0.005985 365.22 0.22873 195725 0.0693233 1.85515
0.001005 937.754 0.188516 195725 0.0631043 0.71751
0.004335 2199.52 0.0217597 195725 -0.0879362 0.303741
0.005295 809.204 0.160102 195727 0.0202658 0.827712
0.000145 583.758 0.218514 195725 0.0499698 1.15585
0.004875 1554.95 0.0725473 195726 -0.0741018 0.42934
0.004645 1881.11 0.0434563 195725 -0.0857704 0.354897
0.005995 364.102 0.228971 195725 0.0691616 1.86104
0.004345 2194.23 0.0220147 195725 -0.0878414 0.304466
0.005305 795.188 0.161931 195727 0.0220459 0.842427
0.006195 350.691 0.231815 195725 0.0635231 1.9349
0.006005 363.03 0.229199 195725 0.0689828 1.86671
0.004655 1869.71 0.0442654 195725 -0.0844755 0.357056
0.004885 1534.5 0.0747405 195726 -0.0715313 0.435072
0.000155 584.834 0.21843 195725 0.0500515 1.15371
0.004355 2188.95 0.0222676 195725 -0.0877348 0.30519
0.005315 781.278 0.16374 195727 0.0237911 0.857556
0.001015 944.114 0.187943 195725 0.0631764 0.712652
0.006205 350.404 0.231887 195725 0.0631715 1.93657
0.006015 362.003 0.229416 195725 0.0687893 1.87218
0.004665 1858.4 0.0450691 195725 -0.0831458 0.359227
0.004895 1514.09 0.0769321 195726 -0.0689698 0.440943
0.000165 585.988 0.21834 195725 0.0501382 1.15142
0.005325 767.473 0.16553 195727 0.0255863 0.873117
0.004365 2183.71 0.0225185 195725 -0.0876163 0.305915
0.001025 950.5 0.187367 195725 0.063244 0.707839
0.006215 350.126 0.231956 195725 0.0628139 1.93819
0.006025 361.017 0.229622 195725 0.0685808 1.87747
0.004675 1847.17 0.0458673 195725 -0.081781 0.361407
0.004905 1493.74 0.0791218 195726 -0.0664179 0.446961
0.005335 753.779 0.1673 195729 0.0276864 0.889131
0.000175 587.22 0.218244 195725 0.0502299 1.14899
0.004375 2178.49 0.0227672 195725 -0.0874858 0.306639
0.006225 349.856 0.23202 195725 0.0624502 1.93977
0.001035 956.911 0.186788 195725 0.0633072 0.703073
0.006035 360.068 0.229817 195725 0.068357 1.88258
0.004685 1836.02 0.04666 195725 -0.0803807 0.363598
0.004915 1473.44 0.0813095 195726 -0.063876 0.453129
0.005345 741.973 0.169048 195726 0.0289192 0.90341
0.000185 588.53 0.218141 195725 0.0503264 1.14641
0.004385 2173.31 0.0230137 195725 -0.0873431 0.307362
0.006235 349.592 0.23208 195725 0.0620802 1.94131
0.001045 963.346 0.186205 195725 0.0633657 0.698352
0.006045 359.154 0.230002 195725 0.068118 1.88753
0.004695 1824.97 0.0474469 195725 -0.0789446 0.365797
0.004925 1453.2 0.083495 195726 -0.0613447 0.459455
0.005355 730.33 0.170773 195726 0.0303597 0.917964
0.000195 589.919 0.218032 195725 0.0504277 1.14369
0.004395 2168.15 0.023258 195725 -0.0872027 0.308085
0.006245 349.332 0.232136 195725 0.0617041 1.94282
0.001055 969.804 0.185619 195725 0.0634197 0.693678
0.006055 358.271 0.230177 195725 0.0678637 1.89233
0.004705 1814.02 0.0482279 195725 -0.0774724 0.368004
0.004935 1433 0.085678 195726 -0.0588246 0.465943
0.005365 718.837 0.172474 195726 0.0321763 0.932794
0.000205 591.387 0.217917 195725 0.0505339 1.14083
0.004405 2163.03 0.0234999 195725 -0.0866349 0.308807
0.006255 349.076 0.232189 195725 0.0613212 1.94432
0.001065 976.285 0.185029 195725 0.0634693 0.68905
0.006065 357.417 0.230343 195725 0.0675953 1.897
0.002575 1946.11 0.082316 195725 0.0236759 0.34459
0.004715 1803.17 0.0490028 195725 -0.0759637 0.370217
0.004945 1412.86 0.0878583 195726 -0.0563162 0.4726
0.005375 707.496 0.174151 195726 0.033693 0.947907
0.000215 592.934 0.217795 195725 0.050645 1.13783
0.004415 2157.69 0.0237559 195704 -0.0968369 0.30953
0.006265 348.822 0.232239 195725 0.0609376 1.9458
0.001075 982.789 0.184437 195725 0.0635144 0.684467
0.006075 356.587 0.230499 195725 0.0673175 1.90156
0.004725 1792.42 0.0497715 195725 -0.0744185 0.372436
0.004955 1392.77 0.0900358 195726 -0.0538199 0.479434
0.002585 1951.56 0.0816424 195725 0.0231747 0.343624
0.005385 696.305 0.175804 195726 0.0352522 0.963305
0.004425 2145.54 0.0246288 195725 -0.106749 0.311306
0.000335 617.782 0.215824 195725 0.0523061 1.09177
0.004435 2133.17 0.0255161 195725 -0.105679 0.313103
0.001825 1490.22 0.134583 195725 0.0538699 0.450533
0.004445 2120.81 0.0264014 195725 -0.105032 0.314918
0.007425 348.064 0.232917 195725 0.0111185 1.95121
0.002235 1750.47 0.10575 195725 0.0392975 0.383279
0.001835 1496.83 0.133881 195725 0.0535804 0.448534
0.004455 2108.47 0.0272845 195725 -0.104344 0.316751
0.007435 348.099 0.232917 195725 0.0106943 1.95101
0.001405 1205.24 0.163492 195725 0.0623947 0.557586
0.000345 620.377 0.215616 195725 0.0524681 1.08717
0.004465 2096.16 0.0281652 195725 -0.103629 0.318603
0.003615 2398.27 0.0226538 195725 -0.0414618 0.279179
0.004475 2083.87 0.0290434 195725 -0.102886 0.320474
0.000225 594.562 0.217667 195725 0.0507608 1.1347
0.003625 2399.89 0.0221908 195725 -0.0421165 0.278984
0.004965 1372.74 0.0922101 195726 -0.0513363 0.48645
0.006275 348.568 0.232285 195725 0.0605394 1.94728
0.003635 2401.49 0.0217293 195725 -0.042761 0.278792
0.001085 989.313 0.183842 195725 0.0635552 0.679931
0.004975 1352.75 0.0943811 195726 -0.0488658 0.493657
0.003645 2403.08 0.0212693 195725 -0.0433951 0.278601
0.006285 348.433 0.232328 195725 0.0601455 1.9481
0.004985 1332.82 0.0965484 195726 -0.046409 0.501063
0.001095 995.857 0.183243 195725 0.063592 0.67544
0.003655 2404.65 0.0208106 195725 -0.0440189 0.278412
0.004735 1781.78 0.0505337 195725 -0.0728363 0.374659
0.006295 348.3 0.232369 195725 0.0597647 1.9489
0.004995 1312.93 0.0987118 195726 -0.0439662 0.508675
0.003665 2406.21 0.0203533 195725 -0.0446323 0.278224
0.001105 1002.42 0.182642 195725 0.0636249 0.670995
0.006305 348.168 0.232407 195725 0.0593731 1.94969
0.005395 685.265 0.177433 195726 0.0367737 0.978995
0.004745 1771.25 0.0512894 195725 -0.0712171 0.376885
0.003675 2407.76 0.0198973 195725 -0.0452354 0.278039
0.005005 1293.09 0.100871 195726 -0.041538 0.516503
0.001115 1009 0.182038 195725 0.0636521 0.666595
0.006315 348.036 0.232443 195725 0.0589789 1.95048
0.004755 1760.84 0.0520384 195725 -0.069561 0.379113
0.005405 674.375 0.179037 195726 0.0382617 0.994979
0.003685 2409.29 0.0194426 195725 -0.0458281 0.277855
0.005015 1273.31 0.103026 195726 -0.0391248 0.524557
0.006325 347.904 0.232476 195725 0.058582 1.95127
0.001125 1015.61 0.181431 195725 0.0636748 0.66224
0.004765 1750.56 0.0527805 195725 -0.0678639 0.381341
0.005415 663.633 0.180617 195726 0.0397134 1.01126
0.003695 2410.81 0.0189892 195725 -0.0464103 0.277672
0.005025 1253.57 0.105176 195726 -0.0367271 0.532847
0.006335 347.772 0.232507 195725 0.0581829 1.95206
0.001135 1022.23 0.180821 195725 0.0636927 0.657931
0.004775 1740.4 0.0535156 195725 -0.0662034 0.383567
0.002595 1956.99 0.08097 195725 0.0226712 0.342667
0.003705 2412.33 0.018537 195725 -0.0469822 0.277491
0.005425 653.039 0.182171 195726 0.0411272 1.02785
0.005035 1233.87 0.107321 195726 -0.0343454 0.541383
0.006345 347.638 0.232537 195725 0.0577812 1.95285
0.004785 1730.38 0.0542435 195725 -0.0634609 0.385792
0.001145 1028.86 0.180208 195725 0.0637059 0.653667
0.003715 2413.83 0.0180861 195725 -0.0475437 0.277311
0.002605 1962.4 0.0802989 195725 0.0221653 0.341718
0.005045 1214.22 0.109461 195726 -0.03198 0.550177
0.005435 642.589 0.183701 195726 0.0425015 1.04476
0.006355 347.502 0.232564 195725 0.0573749 1.95366
0.004795 1720.24 0.0549898 195699 -0.0788612 0.388014
0.001155 1035.51 0.179593 195725 0.0637144 0.649447
0.001845 1503.44 0.133179 195725 0.0532872 0.446555
0.001165 1042.18 0.178975 195725 0.0637183 0.645272
0.007445 348.125 0.232918 195725 0.010246 1.95087
0.001855 1510.03 0.132476 195725 0.0529904 0.444597
0.001175 1048.86 0.178355 195725 0.0637175 0.641141
0.001415 1212.1 0.162825 195725 0.0622809 0.554415
0.001865 1516.61 0.131773 195725 0.0526901 0.44266
0.007455 348.242 0.232918 195725 0.00979724 1.95021
0.001185 1055.56 0.177732 195725 0.0637119 0.637054
0.000355 623.053 0.215402 195725 0.0526332 1.08247
0.001425 1218.97 0.162156 195725 0.0621625 0.55128
0.001875 1523.18 0.13107 195725 0.0523862 0.440743
0.007465 348.35 0.232918 195725 0.00937508 1.9496
0.001195 1062.27 0.177107 195725 0.0637017 0.63301
0.000365 625.809 0.215181 195725 0.0528012 1.07767
0.001435 1225.83 0.161485 195725 0.0620395 0.548179
0.001205 1068.99 0.176479 195725 0.0636868 0.62901
0.001885 1529.73 0.130367 195725 0.0520787 0.438845
0.007475 348.448 0.232918 195725 0.00893597 1.94905
0.000375 628.644 0.214953 195725 0.0529719 1.07278
0.001445 1232.69 0.160813 195725 0.0619119 0.545113
0.001215 1075.73 0.175849 195725 0.0636671 0.625053
0.001895 1536.28 0.129664 195725 0.0517677 0.436968
0.000235 596.269 0.217532 195725 0.0508812 1.13143
0.007485 348.536 0.232918 195725 0.008497 1.94856
0.000385 631.559 0.214718 195725 0.0531451 1.0678
0.001455 1239.56 0.16014 195725 0.0617797 0.542081
0.001225 1082.47 0.175216 195725 0.0636426 0.621139
0.001905 1542.81 0.12896 195725 0.0514533 0.43511
0.003725 2415.33 0.0176363 195725 -0.0480948 0.277132
0.007495 348.614 0.232918 195725 0.00805762 1.94813
0.000245 598.057 0.217391 195725 0.0510059 1.12802
0.000395 634.554 0.214477 195725 0.0533209 1.06273
0.001235 1089.23 0.174582 195725 0.0636135 0.617267
0.001465 1246.42 0.159466 195725 0.061643 0.539083
0.001915 1549.33 0.128257 195725 0.0511353 0.433271
0.003735 2416.81 0.0171877 195725 -0.048636 0.276954
0.007505 348.681 0.232918 195725 0.00761898 1.94775
0.000255 599.925 0.217244 195725 0.0511348 1.12449
0.002615 1967.79 0.079629 195725 0.0216572 0.340778
0.001245 1096 0.173945 195725 0.0635796 0.613437
0.000405 637.626 0.214229 195725 0.0534989 1.05757
0.001475 1253.28 0.15879 195725 0.0615018 0.536118
0.003745 2418.29 0.0167403 195725 -0.0491679 0.276778
0.005055 1194.62 0.111595 195726 -0.0296315 0.559242
0.006365 347.363 0.232589 195725 0.0569745 1.95448
0.003755 2419.76 0.0162939 195725 -0.0494786 0.276602
0.002625 1973.16 0.0789604 195725 0.0211465 0.339845
0.005065 1175.06 0.113723 195726 -0.0273003 0.56859
0.006375 347.219 0.232613 195725 0.0565472 1.95533
0.003765 2421.07 0.0158605 195713 -0.0572464 0.276429
0.005075 1155.54 0.115845 195726 -0.0249852 0.578236
0.002635 1978.52 0.0782931 195725 0.0206334 0.338922
0.006385 347.177 0.232635 195725 0.0561227 1.9556
0.003775 2418.91 0.0157858 195725 -0.0649583 0.276684
0.005085 1136.06 0.11796 195726 -0.0226868 0.588195
0.002645 1983.86 0.0776272 195725 0.0201176 0.338006
0.006395 347.131 0.232655 195725 0.0557187 1.9559
0.003785 2416.6 0.015723 195725 -0.0651422 0.27694
0.007515 348.739 0.232918 195725 0.00718073 1.94743
0.005095 1116.61 0.120068 195727 -0.0202524 0.598484
0.000265 601.874 0.217089 195725 0.0512679 1.12082
0.005105 1097.24 0.122168 195732 -0.0176999 0.609116
0.001255 1102.78 0.173306 195725 0.0635409 0.609649
0.000275 603.904 0.216929 195725 0.051405 1.11703
0.000415 640.778 0.213974 195725 0.0536791 1.05234
0.005115 1081.03 0.124293 195726 -0.0162737 0.618282
0.001265 1109.56 0.172665 195725 0.0634975 0.605902
0.001485 1260.14 0.158113 195725 0.061356 0.533186
0.001275 1116.36 0.172022 195725 0.0634494 0.602196
0.002655 1989.17 0.0769626 195725 0.0195989 0.337098
0.001495 1267 0.157435 195725 0.0612058 0.530287
0.003795 2414.29 0.0156604 195725 -0.0655422 0.277196
0.001505 1273.86 0.156756 195725 0.061051 0.52742
0.007525 348.786 0.232918 195725 0.0067524 1.94716
0.000285 606.015 0.216761 195725 0.051546 1.11311
0.003805 2411.98 0.0155981 195725 -0.065935 0.277454
0.001515 1280.71 0.156076 195725 0.0608919 0.524584
0.007535 348.824 0.232918 195725 0.00630512 1.94695
0.000295 608.206 0.216587 195725 0.0516909 1.10907
0.003815 2409.66 0.0155359 195725 -0.0663218 0.277711
0.001525 1287.56 0.155394 195725 0.0607282 0.521781
0.007545 348.952 0.232918 195725 0.00585951 1.94624
0.000305 610.479 0.216406 195725 0.0518395 1.10492
0.003825 2407.35 0.0154739 195725 -0.0667029 0.277969
0.001535 1294.41 0.154712 195725 0.0605602 0.519008
0.007555 349.071 0.232918 195725 0.00543796 1.94557
0.000425 644.007 0.213712 195725 0.0538613 1.04703
0.000315 612.832 0.216219 195725 0.0519916 1.10064
0.003835 2405.04 0.015412 195725 -0.0670787 0.278227
0.001545 1301.26 0.154028 195725 0.0603878 0.516266
0.007565 349.181 0.232918 195725 0.00500359 1.94496
0.000435 647.313 0.213444 195725 0.0540453 1.04165
0.001555 1308.1 0.153344 195725 0.060211 0.513554
0.002665 1994.47 0.0762994 195725 0.0190774 0.336199
0.007575 349.282 0.232918 195725 0.0045698 1.9444
0.001565 1314.93 0.152658 195725 0.0600299 0.510872
0.002675 1999.75 0.0756376 195725 0.0185527 0.335307
0.000445 650.696 0.213169 195725 0.0542311 1.0362
0.001575 1321.76 0.151972 195725 0.0598444 0.50822
0.007585 349.375 0.232918 195725 0.00413554 1.94389
0.002685 2005.02 0.0749773 195725 0.0180247 0.334424
0.000455 654.156 0.212888 195725 0.0544184 1.03068
0.001585 1328.59 0.151285 195725 0.0596546 0.505597
0.007595 349.458 0.232918 195725 0.0037011 1.94342
0.002695 2010.26 0.0743184 195725 0.0174931 0.333548
0.000465 657.691 0.2126 195725 0.0546071 1.02511
0.001595 1335.41 0.150596 195725 0.0594605 0.503003
0.007605 349.532 0.232918 195725 0.00326646 1.94301
0.002705 2015.48 0.0736611 195725 0.0169579 0.33268
0.007615 349.596 0.232918 195725 0.00283165 1.94265
0.002715 2020.68 0.0730052 195725 0.0164188 0.331819
0.000475 661.301 0.212305 195725 0.054797 1.01948
0.007625 349.652 0.232918 195725 0.00239671 1.94234
0.002725 2025.87 0.072351 195725 0.0158755 0.330966
0.000485 664.985 0.212004 195725 0.0549881 1.01379
0.007635 349.698 0.232918 195725 0.00196176 1.94208
0.002735 2031.03 0.0716983 195725 0.0153282 0.330121
0.000495 668.744 0.211696 195725 0.0551801 1.00806
0.007645 349.736 0.232918 195725 0.00152718 1.94188
0.002745 2036.18 0.0710472 195725 0.0147765 0.329284
0.000505 672.575 0.211382 195725 0.055373 1.00228
0.007655 349.764 0.232918 195725 0.00109321 1.94172
0.002755 2041.3 0.0703978 195725 0.0142206 0.328454
0.000515 676.479 0.211061 195725 0.0555665 0.996465
0.007665 349.782 0.232918 195725 0.000667138 1.94162
0.002765 2046.4 0.0697501 195725 0.0136605 0.327631
0.000525 680.454 0.210734 195725 0.0557605 0.990608
0.007675 349.791 0.232918 195724 0.00021791 1.94157
0.002775 2051.48 0.069104 195725 0.0130964 0.326816
0.000535 684.5 0.2104 195725 0.0559548 0.984717
0.002785 2056.54 0.0684597 195725 0.0125285 0.326008
0.000545 688.616 0.21006 195725 0.0561494 0.978795
0.002795 2061.58 0.0678172 195725 0.0119571 0.325208
0.000555 692.801 0.209713 195725 0.0563442 0.972846
0.002805 2066.6 0.0671764 195725 0.0113828 0.324415
0.000565 697.055 0.209361 195725 0.0565374 0.966874
0.002815 2071.59 0.0665374 195725 0.010806 0.323629
0.000575 701.376 0.209002 195725 0.0567343 0.960881
0.002825 2076.57 0.0659002 195725 0.0102273 0.32285
0.000585 705.764 0.208637 195725 0.0568547 0.954872
0.002835 2081.52 0.065265 195725 0.00964614 0.322078
0.000595 710.217 0.208266 195725 0.0572592 0.948848
0.002845 2086.49 0.0646316 195725 0.00906485 0.321309
0.000605 714.736 0.207889 195725 0.0572483 0.942814
0.002855 2091.53 0.0640001 195725 0.00848315 0.320529
0.000615 719.319 0.207505 195725 0.0575094 0.936772
0.002865 2096.56 0.0633706 195725 0.00789547 0.319757
0.000625 723.965 0.207116 195725 0.0576964 0.930725
0.002875 2101.57 0.0627431 195725 0.00730228 0.318992
0.000635 728.673 0.206721 195725 0.0578877 0.924676
