0.007365 370.719 0.232862 266358 0.0101737 2.49288
0.007375 370.789 0.232866 266358 0.00987076 2.49242
0.007385 370.852 0.23287 266358 0.00955529 2.49201
0.007395 370.907 0.232873 266358 0.00924139 2.49165
0.007405 370.956 0.232877 266358 0.00892754 2.49133
0.007415 370.998 0.23288 266358 0.00861244 2.49106
0.007425 371.032 0.232883 266358 0.00830033 2.49084
0.007435 371.058 0.232885 266358 0.00797059 2.49068
0.007445 371.151 0.232888 266358 0.00763893 2.49006
0.007455 371.234 0.23289 266358 0.00732124 2.48951
0.007465 371.306 0.232892 266358 0.00699296 2.48903
0.007475 371.367 0.232894 266358 0.00666541 2.48863
0.007485 371.417 0.232896 266358 0.00633846 2.4883
0.007495 371.457 0.232897 266358 0.0060179 2.48804
0.007505 371.486 0.232899 266358 0.00568581 2.48785
0.007515 371.581 0.2329 266358 0.00535515 2.48722
0.007525 371.667 0.232902 266358 0.00504008 2.48665
5e-06 781.877 0.20742 266359 0.0497532 1.17065
0.007535 371.743 0.232903 266358 0.00471628 2.48615
0.003205 2234.2 0.0607053 266359 -0.00354512 0.408291
1.5e-05 781.933 0.207415 266359 0.0497587 1.17056
0.003215 2237.58 0.0603238 266359 -0.00400531 0.40767
2.5e-05 782.046 0.207406 266359 0.0497684 1.17039
0.003225 2240.95 0.059945 266359 -0.00446807 0.407055
3.5e-05 782.216 0.207391 266359 0.049781 1.17014
0.007545 371.81 0.232904 266358 0.00439274 2.48571
0.003235 2244.3 0.0595689 266359 -0.00493431 0.406445
4.5e-05 782.444 0.207371 266359 0.0497966 1.16979
0.007045 371.516 0.232324 266358 0.0200787 2.48632
0.003245 2247.62 0.0591956 266359 -0.00540439 0.40584
5.5e-05 782.73 0.207346 266359 0.049815 1.16936
0.007055 371.36 0.232364 266358 0.0198116 2.48744
0.003255 2250.93 0.0588251 266359 -0.0058786 0.40524
6.5e-05 783.075 0.207316 266359 0.0498359 1.16884
0.007065 371.21 0.232401 266358 0.0195475 2.48852
0.007555 371.866 0.232905 266358 0.00406849 2.48533
7.5e-05 783.48 0.207281 266359 0.0498593 1.16824
0.003265 2254.23 0.0584573 266359 -0.00635716 0.404645
0.007075 371.065 0.232436 266358 0.0192512 2.48956
8.5e-05 783.945 0.207241 266359 0.0498849 1.16754
0.003275 2257.5 0.0580924 266359 -0.00684021 0.404055
0.007085 371.005 0.232468 266358 0.0189366 2.49003
9.5e-05 784.47 0.207196 266359 0.0499127 1.16675
0.003285 2260.75 0.0577302 266359 -0.00732779 0.403471
0.007095 370.938 0.232499 266358 0.0186279 2.49054
0.007565 371.913 0.232905 266358 0.003749 2.48502
0.000105 785.055 0.207145 266359 0.0499426 1.16588
0.003295 2263.98 0.0573708 266359 -0.00781989 0.402891
0.000965 1052.55 0.18284 266359 0.0546136 0.868237
0.007105 370.864 0.232528 266358 0.0183185 2.49109
0.000115 785.701 0.207089 266359 0.0499745 1.16491
0.003305 2267.2 0.0570143 266359 -0.00831642 0.402317
0.007115 370.785 0.232554 266358 0.018015 2.49168
0.000125 786.409 0.207027 266359 0.0500084 1.16386
0.003315 2270.39 0.0566605 266359 -0.00881726 0.401748
0.007575 371.95 0.232906 266358 0.00341771 2.48478
0.007125 370.703 0.232579 266358 0.0177126 2.49229
0.000135 787.178 0.20696 266359 0.0500441 1.16271
0.007135 370.617 0.232603 266358 0.0174221 2.49291
0.000145 788.008 0.206888 266359 0.0500818 1.16148
0.003325 2273.56 0.0563096 266359 -0.00932222 0.401184
0.000975 1057.67 0.182356 266359 0.0546255 0.864009
0.000155 788.901 0.206811 266359 0.0501212 1.16015
0.007145 370.527 0.232625 266358 0.0171054 2.49357
0.003335 2276.71 0.0559615 266359 -0.0098311 0.400625
0.007585 372.051 0.232907 266358 0.00308702 2.48411
0.000165 789.856 0.206728 266359 0.0501625 1.15874
0.007155 370.517 0.232645 266358 0.0167915 2.49368
0.003345 2279.84 0.0556162 266359 -0.0103432 0.400072
0.000175 790.873 0.206639 266359 0.0502056 1.15724
0.007165 370.503 0.232664 266358 0.0164939 2.49382
0.003355 2282.93 0.0552738 266358 -0.0108536 0.399524
0.003525 2326.84 0.0498887 266359 -0.0199246 0.391911
0.000985 1062.83 0.181869 266359 0.0546349 0.859799
0.000185 791.952 0.206545 266359 0.0502504 1.15566
0.007175 370.484 0.232682 266358 0.0161858 2.49399
0.003365 2285.74 0.0549342 266359 -0.011377 0.39903
0.007595 372.142 0.232907 266358 0.00276937 2.4835
0.000195 793.094 0.206445 266359 0.0502969 1.15398
0.007185 370.46 0.232699 266358 0.0158763 2.49419
0.003375 2288.52 0.0545975 266359 -0.0118979 0.398542
0.000205 794.299 0.20634 266359 0.0503451 1.15222
0.007195 370.429 0.232714 266358 0.0155643 2.49443
0.000995 1068.02 0.181379 266359 0.0546419 0.855606
0.003385 2291.28 0.0542636 266359 -0.0124208 0.398058
0.003535 2328.91 0.0495978 266359 -0.0204678 0.391558
0.000215 795.567 0.20623 266359 0.0503949 1.15037
0.007605 372.224 0.232908 266358 0.00244412 2.48296
0.007205 370.392 0.232729 266358 0.0152658 2.49472
0.003395 2294.02 0.0539325 266359 -0.0129461 0.397579
0.000225 796.897 0.206114 266359 0.0504464 1.14844
0.001285 1228.36 0.165928 266359 0.0535571 0.743511
0.007215 370.348 0.232742 266358 0.0149371 2.49505
0.003405 2296.73 0.0536042 266359 -0.0134735 0.397105
0.000235 798.29 0.205992 266359 0.0504993 1.14642
0.001005 1073.23 0.180885 266359 0.0546463 0.851431
0.007225 370.378 0.232755 266358 0.0146116 2.49488
0.001295 1234.15 0.16536 266359 0.0534759 0.740012
0.003415 2299.42 0.0532788 266359 -0.0140029 0.396636
0.000245 799.747 0.205865 266359 0.0505538 1.14432
0.003545 2330.95 0.0493096 266359 -0.021012 0.39121
0.007235 370.402 0.232766 266358 0.0143134 2.49475
0.007615 372.295 0.232908 266358 0.00211899 2.48248
0.001305 1239.95 0.164791 266359 0.0533929 0.736538
0.003425 2302.09 0.0529563 266359 -0.0145341 0.396172
0.000255 801.266 0.205732 266359 0.0506097 1.14214
0.007245 370.418 0.232777 266358 0.0140026 2.49466
0.001315 1245.76 0.164219 266359 0.0533081 0.733091
0.003435 2304.74 0.0526366 266359 -0.015067 0.395712
0.000265 802.848 0.205593 266359 0.0506669 1.13987
0.001015 1078.47 0.180389 266359 0.0546479 0.847275
0.007255 370.427 0.232787 266358 0.0136854 2.49463
0.001325 1251.58 0.163646 266359 0.0532215 0.729669
0.003445 2307.37 0.0523198 266359 -0.0156016 0.395257
0.003555 2332.97 0.0490244 266359 -0.0215571 0.390866
0.000275 804.493 0.205449 266359 0.0507254 1.13753
0.007265 370.429 0.232797 266358 0.0133647 2.49464
0.001335 1257.42 0.163071 266359 0.0531332 0.726272
0.007625 372.356 0.232909 266358 0.00179354 2.48208
0.003455 2309.97 0.0520059 266359 -0.0161378 0.394808
0.000285 806.201 0.2053 266359 0.0507852 1.1351
0.007275 370.423 0.232806 266358 0.0130479 2.4947
0.001345 1263.26 0.162494 266359 0.0530432 0.722902
0.003465 2312.55 0.0516948 266359 -0.0166755 0.394362
0.000295 807.972 0.205144 266359 0.0508462 1.1326
0.007285 370.41 0.232814 266358 0.0127298 2.49482
0.001025 1083.74 0.179889 266359 0.0546469 0.843138
0.001355 1269.11 0.161916 266359 0.0529513 0.719557
0.003475 2315.11 0.0513866 266359 -0.0172146 0.393922
0.003565 2334.97 0.048742 266359 -0.0221032 0.390526
0.000305 809.806 0.204983 266359 0.0509083 1.13002
0.007635 372.408 0.232909 266358 0.00146805 2.48174
0.000645 907.801 0.196232 266359 0.0532683 1.00739
0.000315 811.702 0.204817 266359 0.0509714 1.12736
0.000325 813.661 0.204645 266359 0.0510356 1.12463
0.007295 370.466 0.232822 266358 0.0123982 2.49446
0.001365 1274.97 0.161336 266359 0.0528575 0.716237
0.003485 2317.64 0.0510812 266359 -0.0177551 0.393486
0.000655 911.652 0.195882 266359 0.0533328 1.00311
0.001035 1089.04 0.179385 266359 0.0546432 0.83902
0.003575 2336.95 0.0484625 266359 -0.0226502 0.39019
0.003495 2320.15 0.0507788 266359 -0.018297 0.393055
0.000665 915.553 0.195528 266359 0.0533962 0.998814
0.007305 370.516 0.232829 266358 0.0120975 2.49415
0.001045 1094.36 0.178879 266359 0.054637 0.834924
0.007645 372.448 0.232909 266358 0.00114281 2.48147
0.003585 2338.9 0.0481858 266359 -0.0231982 0.389858
0.003505 2322.63 0.0504793 266358 -0.0188343 0.392629
0.001055 1099.71 0.17837 266359 0.0546284 0.830847
0.000675 919.503 0.195169 266359 0.0534587 0.994502
0.007655 372.479 0.232909 266358 0.000818003 2.48126
0.003595 2340.83 0.0479121 266359 -0.0237472 0.389531
0.007315 370.558 0.232835 266358 0.0117796 2.49388
0.001065 1105.08 0.177857 266359 0.0546176 0.826792
0.003605 2342.74 0.0476412 266359 -0.0242973 0.389207
0.007665 372.5 0.23291 266358 0.000498907 2.48113
0.001375 1280.85 0.160754 266359 0.0527617 0.712944
0.003515 2324.75 0.0501826 266359 -0.0193818 0.392268
0.001075 1110.47 0.177342 266359 0.0546045 0.822759
0.003615 2344.63 0.0473731 266359 -0.0248484 0.388888
0.007675 372.51 0.23291 266358 0.000163074 2.48106
0.000685 923.501 0.194805 266359 0.05352 0.990174
0.007325 370.591 0.232841 266358 0.0114622 2.49368
0.000335 815.682 0.204467 266359 0.0511006 1.12183
0.003845 2375.03 0.0419894 266359 -0.0375467 0.383753
0.004485 2358.07 0.0340737 266359 -0.0712184 0.385842
0.003855 2375.96 0.0417886 266359 -0.0380968 0.383594
0.004165 2382.95 0.0368445 266359 -0.0552397 0.382174
0.004495 2356.94 0.0340251 266359 -0.0716745 0.386016
0.003865 2376.87 0.0415906 266359 -0.0386478 0.383439
0.000345 817.766 0.204284 266359 0.0511666 1.11895
0.004805 2314.04 0.0341892 266359 -0.0849021 0.392848
0.004505 2355.8 0.033979 266359 -0.072128 0.386191
0.003875 2377.76 0.0413953 266359 -0.0391999 0.383287
0.006725 390.712 0.228388 266358 0.0269252 2.3592
0.003885 2378.63 0.0412027 266359 -0.0397534 0.383138
0.004515 2354.65 0.0339356 266359 -0.072579 0.386369
0.000355 819.911 0.204094 266359 0.0512334 1.11601
0.004175 2382.73 0.0367237 266359 -0.0557768 0.382198
0.003895 2379.48 0.0410127 266359 -0.0403085 0.382994
0.004525 2353.49 0.0338949 266359 -0.0730276 0.386549
0.005125 2237.12 0.0398666 266359 -0.102035 0.406008
0.003905 2380.31 0.0408254 266359 -0.0408652 0.382852
0.004535 2352.32 0.033857 266359 -0.0734738 0.386731
0.004815 2312.42 0.0342657 266359 -0.0853284 0.393113
0.005135 2229.37 0.0401582 266359 -0.102394 0.407408
0.003915 2381.11 0.0406408 266359 -0.0414246 0.382714
0.004545 2351.13 0.033822 266359 -0.0739177 0.386915
0.000365 822.119 0.2039 266359 0.0513009 1.11299
0.006085 842.06 0.164975 266361 -0.0180502 1.08173
0.004185 2382.5 0.0366051 266359 -0.0563124 0.382225
0.004555 2349.93 0.0337898 266359 -0.0743593 0.387101
0.003925 2381.88 0.0404589 266357 -0.0419784 0.38258
0.005145 2221.6 0.0404568 266359 -0.102715 0.408821
0.006735 389.37 0.228642 266358 0.0268318 2.36759
0.004825 2310.79 0.034348 266359 -0.0857584 0.39338
0.004565 2348.72 0.0337606 266359 -0.0747988 0.38729
0.003935 2382.18 0.0402795 266359 -0.0425394 0.382525
0.005155 2213.81 0.0407621 266359 -0.102999 0.410247
0.000375 824.388 0.2037 266359 0.0513692 1.10991
0.005445 1995.3 0.0517697 266359 -0.0953626 0.454839
0.004575 2347.5 0.0337345 266359 -0.0752363 0.387481
0.003945 2382.45 0.0401028 266359 -0.0430938 0.382473
0.005165 2206 0.0410742 266359 -0.103245 0.411688
0.004195 2382.24 0.0364888 266359 -0.0568464 0.382255
0.006095 826.194 0.166791 266364 -0.01588 1.1027
0.004585 2346.27 0.0337115 266359 -0.0756717 0.387673
0.004835 2309.15 0.034436 266359 -0.0861926 0.39365
0.003955 2382.7 0.0399286 266359 -0.0436496 0.382424
0.006745 388.079 0.228884 266358 0.026725 2.37572
0.005175 2198.17 0.0413929 266359 -0.103454 0.41314
0.000385 826.719 0.203494 266359 0.0514381 1.10676
0.004595 2345.02 0.0336917 266359 -0.0761054 0.387868
0.003965 2382.92 0.039757 266359 -0.0442063 0.382379
0.004205 2381.97 0.0363747 266359 -0.0573791 0.382287
0.005185 2190.34 0.041718 266359 -0.103624 0.414606
0.005455 1988.59 0.0521876 266359 -0.0946655 0.456369
0.004605 2343.77 0.0336752 266359 -0.0765372 0.388065
0.003975 2383.12 0.039588 266359 -0.0447637 0.382337
0.006105 812.413 0.168587 266361 -0.014807 1.12158
0.004845 2307.5 0.0345299 266359 -0.0866315 0.393922
0.005195 2182.5 0.0420495 266359 -0.103756 0.416083
0.006755 386.835 0.229114 266358 0.026605 2.38361
0.004615 2342.5 0.033662 266359 -0.0769675 0.388264
0.000395 829.111 0.203282 266359 0.0515076 1.10355
0.003985 2383.31 0.0394215 266359 -0.0453216 0.382298
0.004215 2381.68 0.0362628 266359 -0.0579103 0.382323
0.005205 2174.66 0.0423871 266359 -0.103849 0.417571
0.005465 1981.96 0.0526055 266359 -0.0939538 0.457889
0.004625 2341.23 0.0336524 266359 -0.0773962 0.388465
0.003995 2383.47 0.0392576 266359 -0.0458799 0.382263
0.006115 798.816 0.17036 266361 -0.0131996 1.14088
0.005215 2166.82 0.0427306 266359 -0.103904 0.41907
0.004855 2305.83 0.0346299 266359 -0.0870758 0.394196
0.006765 385.636 0.229332 266358 0.0264731 2.39126
0.004635 2339.94 0.0336463 266359 -0.0778228 0.388668
0.004005 2383.61 0.0390962 266359 -0.0464384 0.382231
0.000405 831.564 0.203065 266359 0.0515777 1.10028
0.005225 2158.98 0.04308 266359 -0.10392 0.420579
0.004225 2381.36 0.0361532 266359 -0.0584401 0.382362
0.005475 1975.42 0.0530235 266359 -0.0932292 0.459399
0.004645 2338.64 0.0336438 266358 -0.0782405 0.388873
0.006125 785.393 0.17211 266361 -0.011627 1.16058
0.004015 2383.72 0.0389372 266359 -0.0469967 0.382203
0.004865 2304.16 0.034736 266359 -0.0875259 0.394473
0.005235 2151.15 0.0434351 266359 -0.103897 0.422097
0.006775 384.477 0.229538 266359 0.0263327 2.3987
0.004655 2337.18 0.0336451 266359 -0.0786683 0.389107
0.000415 834.077 0.202843 266359 0.0516482 1.09694
0.004025 2383.82 0.0387808 266359 -0.0475548 0.382178
0.004235 2381.03 0.0360457 266359 -0.0589673 0.382405
0.005245 2143.33 0.0437955 266359 -0.103835 0.423625
0.005485 1968.97 0.0534413 266359 -0.0924933 0.460899
0.004665 2335.7 0.0336502 266359 -0.0790865 0.389343
0.004035 2383.89 0.0386269 266359 -0.0481122 0.382156
0.006135 772.145 0.173836 266361 -0.0100699 1.18071
0.005255 2135.53 0.0441611 266359 -0.103735 0.42516
0.004875 2302.47 0.0348483 266359 -0.0879825 0.394752
0.004675 2334.21 0.0336593 266359 -0.0795027 0.389581
0.004045 2383.95 0.0384754 266359 -0.0486686 0.382138
0.006785 383.541 0.229734 266358 0.026182 2.40477
0.005265 2127.74 0.0445317 266359 -0.103596 0.426703
0.000425 836.652 0.202615 266359 0.0517192 1.09355
0.004685 2332.72 0.0336725 266359 -0.0799177 0.389821
0.004245 2380.67 0.0359405 266357 -0.0594862 0.38245
0.004055 2383.98 0.0383265 266359 -0.0492243 0.382123
0.005495 1962.61 0.0538587 266359 -0.0917474 0.462388
0.006145 759.071 0.175539 266361 -0.00854413 1.20127
0.005275 2119.98 0.0449071 266359 -0.10342 0.428253
0.004695 2331.21 0.0336898 266359 -0.0803318 0.390062
0.004885 2300.77 0.034967 266359 -0.0884461 0.395034
0.004065 2383.99 0.03818 266359 -0.0497798 0.382111
0.006795 382.644 0.22992 266358 0.0260301 2.41063
0.005285 2112.25 0.0452869 266359 -0.103205 0.429809
0.004705 2329.7 0.0337115 266359 -0.0807451 0.390306
0.000435 839.286 0.202381 266359 0.0517905 1.0901
0.004075 2383.98 0.0380358 266359 -0.0503337 0.382103
0.004255 2379.93 0.0358374 266359 -0.0600116 0.382559
0.006405 503.562 0.210291 266359 0.0197916 1.82074
0.005295 2104.55 0.045671 266359 -0.102953 0.43137
0.004715 2328.17 0.0337375 266359 -0.0811579 0.390551
0.005505 1956.35 0.0542756 266359 -0.0909931 0.463864
0.006155 746.172 0.177218 266361 -0.00697165 1.22227
0.004085 2383.95 0.0378941 266359 -0.050885 0.382098
0.004895 2299.05 0.0350921 266359 -0.0889173 0.395319
0.005305 2096.88 0.0460592 266359 -0.102665 0.432935
0.006805 381.784 0.230096 266358 0.0258683 2.41627
0.006415 497.237 0.211235 266359 0.0204398 1.84429
0.004725 2326.64 0.0337681 266359 -0.0815704 0.390799
0.000445 841.98 0.202142 266359 0.0518621 1.08659
0.004095 2383.89 0.0377547 266359 -0.0514348 0.382096
0.004265 2379.16 0.0357365 266359 -0.0605248 0.382672
0.005315 2089.26 0.046451 266359 -0.10234 0.434504
0.006425 491.081 0.212151 266359 0.0210151 1.8678
0.005515 1950.18 0.0546918 266359 -0.0902292 0.465327
0.004735 2325.1 0.0338033 266359 -0.081983 0.391048
0.006165 733.447 0.178871 266360 -0.0057072 1.24371
0.005765 1446.82 0.100787 266360 -0.0784106 0.627446
0.004105 2383.82 0.0376177 266359 -0.0519833 0.382098
0.004905 2297.32 0.0352237 266359 -0.0893967 0.395607
0.005325 2081.67 0.0468464 266359 -0.101981 0.436076
0.006435 485.101 0.213038 266359 0.0218724 1.89121
0.006815 380.959 0.230263 266358 0.0256977 2.4217
0.004745 2323.54 0.0338432 266359 -0.082396 0.391299
0.000455 844.733 0.201897 266359 0.051934 1.08303
0.004275 2378.37 0.0356377 266359 -0.0610362 0.382788
0.004115 2383.72 0.037483 266359 -0.0525301 0.382103
0.005335 2074.14 0.047245 266359 -0.101587 0.437649
0.005775 1424.94 0.102843 266360 -0.0765021 0.637114
0.006445 479.306 0.213896 266359 0.0223327 1.91448
0.005525 1944.11 0.0551072 266359 -0.089511 0.466778
0.004755 2321.98 0.033888 266359 -0.0828097 0.391552
0.006175 720.896 0.1805 266361 -0.00405966 1.26562
0.004915 2295.57 0.0353619 266359 -0.089885 0.395898
0.004125 2383.61 0.0373507 266359 -0.0530754 0.382111
0.005345 2066.65 0.0476466 266359 -0.10116 0.439224
0.006455 473.695 0.214728 266359 0.0230259 1.93755
0.005785 1403.08 0.104899 266360 -0.0745792 0.647075
0.004765 2320.41 0.0339378 266359 -0.0832244 0.391808
0.000465 847.546 0.201647 266359 0.0520061 1.07941
0.006825 380.167 0.230421 266358 0.025518 2.42695
0.004285 2377.56 0.0355412 266359 -0.0615455 0.382906
0.005535 1938.14 0.0555218 266359 -0.0878872 0.468214
0.004135 2383.47 0.0372207 266359 -0.0536189 0.382122
0.005355 2059.22 0.0480509 266359 -0.1007 0.440799
0.006465 468.256 0.215532 266360 0.0235874 1.96045
0.006185 708.519 0.182104 266361 -0.00272156 1.28798
0.005795 1381.24 0.106954 266360 -0.0726415 0.657342
0.004775 2318.83 0.0339927 266359 -0.0836407 0.392065
0.004925 2293.81 0.0355068 266359 -0.0903826 0.396192
0.004145 2383.32 0.037093 266359 -0.0541608 0.382136
0.005365 2051.84 0.0484577 266359 -0.10021 0.442374
0.006475 463.478 0.216308 266359 0.0239283 1.98105
0.000475 850.417 0.201391 266359 0.0520783 1.07575
0.005805 1359.42 0.109007 266360 -0.0706893 0.66793
0.004785 2317.24 0.0340528 266359 -0.0840587 0.392324
0.006835 379.403 0.23057 266358 0.025329 2.43202
0.004295 2376.74 0.0354467 266359 -0.0620526 0.383028
0.005545 1931.94 0.0559601 266316 -0.103352 0.46964
0.004155 2383.14 0.0369676 266359 -0.0547011 0.382154
0.005375 2044.53 0.0488666 266359 -0.099691 0.443946
0.006485 458.834 0.217059 266359 0.0242629 2.00149
0.005815 1337.63 0.111059 266360 -0.0687227 0.678852
0.004795 2315.65 0.0341183 266359 -0.084479 0.392585
0.006195 696.313 0.183681 266361 -0.00134279 1.31082
0.004935 2292.03 0.0356584 266359 -0.0908903 0.39649
0.000485 853.347 0.20113 266359 0.0521506 1.07203
0.005385 2037.28 0.0492774 266359 -0.0991436 0.445517
0.005825 1315.87 0.113108 266360 -0.0667423 0.690123
0.002885 2106 0.0743152 266359 0.0106262 0.433218
0.001605 1417.43 0.147041 266359 0.0498969 0.644054
0.005835 1294.14 0.115154 266361 -0.0647488 0.70176
0.002895 2110.37 0.0738506 266359 0.0102061 0.432319
0.002245 1788.3 0.108315 266359 0.0347085 0.51027
0.005845 1272.44 0.117197 266361 -0.0627432 0.71378
0.002565 1955.89 0.0903639 266359 0.023596 0.466509
0.002905 2114.71 0.0733884 266359 0.00977655 0.431431
0.001615 1423.4 0.146434 266359 0.0497408 0.641346
0.005855 1250.77 0.119237 266361 -0.0607247 0.7262
0.002255 1793.78 0.107731 266359 0.0344047 0.508712
0.002915 2119.02 0.0729286 266359 0.00934744 0.43055
0.001925 1606.91 0.127487 266359 0.0436099 0.567953
0.002575 1960.86 0.0898304 266359 0.0232127 0.465326
0.001625 1429.36 0.145826 266359 0.0495821 0.638661
0.005865 1229.14 0.121272 266361 -0.0587 0.739041
0.002265 1799.23 0.107149 266359 0.0340993 0.507167
0.002925 2123.32 0.0724713 266359 0.00891616 0.429677
0.002585 1965.81 0.0892988 266359 0.0228275 0.464153
0.001935 1612.74 0.126877 266359 0.0433714 0.565898
0.001635 1435.33 0.145218 266359 0.0494207 0.635999
0.005875 1207.54 0.123302 266361 -0.0564699 0.752323
0.002935 2127.6 0.0720164 266359 0.00848234 0.428811
0.002275 1804.67 0.106568 266359 0.033791 0.505636
0.002595 1970.74 0.0887691 266359 0.0224406 0.46299
0.001945 1618.56 0.126268 266359 0.0431304 0.56386
0.001645 1441.3 0.144609 266359 0.0492567 0.633359
0.005885 1186.01 0.125327 266367 -0.0544128 0.76606
0.002945 2131.86 0.071564 266359 0.00804618 0.427952
0.002285 1810.1 0.105989 266359 0.0334793 0.504118
0.002605 1975.66 0.0882414 266359 0.0220519 0.461836
0.001955 1624.37 0.125659 266359 0.0428869 0.56184
0.001655 1447.26 0.144 266359 0.0490901 0.630742
0.005895 1167.67 0.127429 266360 -0.053446 0.778143
0.002955 2136.11 0.071114 266359 0.00760786 0.4271
0.002295 1815.52 0.10541 266359 0.0331635 0.502613
0.002615 1980.56 0.0877155 266359 0.0216614 0.460693
0.001965 1630.17 0.125051 266359 0.0426409 0.559838
0.005905 1149.47 0.129522 266360 -0.0514909 0.790542
0.002965 2140.33 0.0706666 266359 0.00716757 0.426255
0.001665 1453.23 0.143391 266359 0.0489208 0.628147
0.002305 1820.92 0.104833 266359 0.0328434 0.501121
0.002625 1985.44 0.0871917 266359 0.0212693 0.459559
0.001975 1635.96 0.124443 266359 0.0423924 0.557852
0.005915 1131.37 0.131605 266360 -0.049578 0.803268
0.002975 2144.54 0.0702216 266359 0.00672553 0.425417
0.002315 1826.3 0.104258 266359 0.032519 0.499642
0.001675 1459.19 0.142781 266359 0.0487488 0.625574
0.002635 1990.3 0.0866698 266359 0.0208755 0.458435
0.001985 1641.74 0.123836 266359 0.0421415 0.555884
0.005925 1113.38 0.133677 266361 -0.0476554 0.81633
0.002985 2148.72 0.0697792 266359 0.006282 0.424586
0.002325 1831.67 0.103683 266359 0.0321905 0.498176
0.002645 1995.15 0.0861499 266359 0.02048 0.457321
0.001685 1465.15 0.14217 266359 0.0485743 0.623023
0.001995 1647.52 0.123229 266359 0.0418881 0.553933
0.005935 1095.51 0.135737 266361 -0.0457353 0.82974
0.002995 2152.89 0.0693393 266359 0.00583722 0.423763
0.002335 1837.03 0.103111 266359 0.0318584 0.496722
0.002655 1999.97 0.085632 266359 0.020083 0.456216
0.001085 1115.89 0.176824 266359 0.0545891 0.818747
0.001695 1471.11 0.141559 266359 0.0483971 0.620494
0.002005 1653.28 0.122622 266359 0.0416323 0.551999
0.005945 1077.75 0.137786 266361 -0.0438187 0.843507
0.003005 2157.04 0.0689019 266359 0.00539148 0.422946
0.002345 1842.37 0.102539 266359 0.031523 0.49528
0.002665 2004.78 0.0851162 266359 0.0196844 0.45512
0.001705 1477.07 0.140948 266359 0.0482173 0.617986
0.001095 1121.33 0.176303 266359 0.0545712 0.814757
0.002015 1659.04 0.122017 266359 0.0413741 0.550081
0.005955 1060.1 0.139823 266361 -0.0419074 0.857645
0.003015 2161.17 0.0684671 266359 0.00494505 0.422135
0.002675 2009.58 0.0846024 266359 0.0192844 0.454033
0.002355 1847.7 0.101969 266359 0.0311848 0.493851
0.001715 1483.02 0.140337 266359 0.0480348 0.6155
0.002025 1664.78 0.121412 266359 0.0411136 0.548181
0.005965 1042.58 0.141847 266361 -0.040003 0.872165
0.001105 1126.8 0.175779 266359 0.0545504 0.81079
0.003025 2165.28 0.0680349 266359 0.00449821 0.421332
0.002685 2014.35 0.0840906 266359 0.0188828 0.452956
0.002365 1853.01 0.1014 266359 0.030844 0.492434
0.001725 1488.97 0.139725 266359 0.0478498 0.613034
0.002035 1670.51 0.120807 266359 0.0408507 0.546296
0.005975 1025.17 0.143858 266361 -0.0381068 0.88708
0.003035 2169.37 0.0676052 266359 0.00405187 0.420535
0.001115 1132.28 0.175253 266359 0.0545265 0.806846
0.002695 2019.11 0.083581 266359 0.0184799 0.451888
0.002375 1858.3 0.100833 266359 0.030501 0.491029
0.002045 1676.24 0.120204 266359 0.0405855 0.544428
0.003045 2173.44 0.0671781 266358 0.00360933 0.419745
0.005985 1007.89 0.145856 266361 -0.0362201 0.902404
0.001735 1494.92 0.139113 266359 0.0476622 0.610591
0.001125 1137.79 0.174724 266359 0.0544988 0.802925
0.002705 2023.84 0.0830734 266359 0.0180756 0.450829
0.002385 1863.59 0.100268 266359 0.030156 0.489637
0.002055 1681.95 0.119601 266359 0.0403179 0.542576
0.003055 2177.39 0.0667537 266359 0.00315823 0.418982
0.005995 990.736 0.147839 266361 -0.0343316 0.918152
0.001745 1500.86 0.138501 266359 0.047472 0.608168
0.002715 2028.56 0.082568 266359 0.0176701 0.449779
0.002395 1868.85 0.0997034 266359 0.0298089 0.488256
0.001135 1143.32 0.174192 266359 0.0544672 0.799027
0.002065 1687.66 0.118999 266359 0.0400479 0.54074
0.003065 2181.32 0.0663318 266359 0.00271149 0.418225
0.006005 973.705 0.149808 266361 -0.032465 0.934337
0.001755 1506.8 0.137889 266359 0.0472792 0.605765
0.002725 2033.27 0.0820647 266359 0.0172632 0.448737
0.002405 1874.1 0.0991408 266359 0.0294599 0.486887
0.002075 1693.35 0.118397 266359 0.0397752 0.538919
0.001145 1148.87 0.173657 266359 0.0544314 0.795154
0.003075 2185.23 0.0659125 266359 0.00226576 0.417474
0.006015 956.801 0.151761 266361 -0.0306181 0.950976
0.001765 1512.73 0.137276 266359 0.0470837 0.603384
0.002735 2037.95 0.0815635 266359 0.0168552 0.447705
0.002415 1879.33 0.0985797 266359 0.0291089 0.48553
0.002085 1699.03 0.117797 266359 0.0394995 0.537115
0.001155 1154.44 0.17312 266359 0.0543913 0.791304
0.003085 2189.13 0.0654959 266359 0.00182064 0.416729
0.006025 940.024 0.153699 266361 -0.0287863 0.968087
0.001775 1518.66 0.136664 266359 0.0468858 0.601023
0.002745 2042.61 0.0810646 266359 0.016446 0.446681
0.002425 1884.55 0.0980202 266359 0.0287558 0.484184
0.002095 1704.7 0.117197 266359 0.0392205 0.535326
0.001165 1160.02 0.172581 266359 0.0543469 0.787478
0.003095 2193 0.0650819 266359 0.00137617 0.41599
0.006035 923.375 0.155621 266361 -0.0269709 0.985686
0.001785 1524.59 0.136051 266359 0.0466852 0.598682
0.002755 2047.26 0.0805678 266359 0.0160357 0.445666
0.002435 1889.76 0.0974623 266359 0.0284007 0.48285
0.002105 1710.36 0.116598 266359 0.0389378 0.533553
0.001175 1165.63 0.172039 266359 0.0542983 0.783677
0.003105 2196.86 0.0646706 266359 0.000932279 0.415257
0.006045 906.855 0.157527 266361 -0.0251732 1.00379
0.001795 1530.51 0.135439 266359 0.0464821 0.596361
0.002765 2051.89 0.0800731 266359 0.0156243 0.444659
0.002445 1894.94 0.096906 266359 0.0280434 0.481527
0.002115 1716.01 0.116 266359 0.0386511 0.531794
0.001185 1171.25 0.171494 266359 0.0542457 0.7799
0.003115 2200.7 0.0642619 266359 0.000488816 0.41453
0.006055 890.463 0.159415 266361 -0.0233946 1.02243
0.001805 1536.42 0.134826 266359 0.0462764 0.594061
0.002775 2056.5 0.0795808 266359 0.015212 0.443661
0.002455 1900.11 0.0963514 266359 0.0276841 0.480216
0.002125 1721.64 0.115403 266359 0.03836 0.530051
0.001195 1176.89 0.170948 266359 0.0541895 0.776148
0.003125 2204.53 0.0638559 266359 4.55401e-05 0.413808
0.006065 874.201 0.161287 266361 -0.0216348 1.04161
0.001815 1542.33 0.134214 266359 0.0460681 0.59178
0.002785 2061.1 0.0790906 266359 0.0147988 0.44267
0.002465 1905.27 0.0957984 266359 0.0273226 0.478916
0.002135 1727.27 0.114806 266359 0.0380646 0.528323
0.003135 2208.33 0.0634526 266359 -0.000397876 0.413093
0.001205 1182.55 0.170399 266359 0.0541298 0.77242
0.006075 858.066 0.16314 266361 -0.0198919 1.06137
0.001825 1548.24 0.133601 266359 0.0458573 0.589519
0.002795 2065.67 0.0786027 266359 0.0143846 0.441689
0.002475 1910.4 0.0952471 266359 0.026959 0.477627
0.002145 1732.88 0.114211 266359 0.0377651 0.52661
0.003145 2212.12 0.063052 266359 -0.000841841 0.412383
0.001215 1188.22 0.169847 266359 0.0540671 0.768718
0.001835 1554.14 0.132989 266359 0.045644 0.587277
0.002805 2070.23 0.078117 266359 0.0139697 0.440715
0.002485 1915.52 0.0946975 266359 0.0265934 0.476348
0.002155 1738.48 0.113617 266359 0.037462 0.524912
0.003625 2346.5 0.0471079 266359 -0.0254005 0.388573
0.002165 1744.06 0.113023 266359 0.0371562 0.523228
0.001385 1286.72 0.160171 266359 0.052664 0.709675
0.003635 2348.34 0.0468456 266359 -0.0259538 0.388262
0.002175 1749.64 0.112431 266359 0.0368485 0.521559
0.001395 1292.61 0.159587 266359 0.0525642 0.706432
0.000695 927.547 0.194436 266359 0.0535802 0.985833
0.003645 2350.16 0.0465862 266359 -0.026508 0.387956
0.002185 1755.2 0.111839 266359 0.0365401 0.519904
0.001405 1298.51 0.159001 266359 0.0524622 0.703215
0.007335 370.616 0.232847 266358 0.0111444 2.49352
0.000705 931.64 0.194062 266359 0.0536393 0.98148
0.003655 2351.96 0.0463296 266359 -0.0270633 0.387653
0.002195 1760.75 0.111249 266359 0.036232 0.518263
0.001415 1304.41 0.158413 266359 0.052358 0.700023
0.000715 935.78 0.193684 266359 0.0536971 0.977117
0.007345 370.633 0.232852 266358 0.0108296 2.49343
0.003665 2353.73 0.0460758 266359 -0.0276196 0.387354
0.002205 1766.29 0.11066 266359 0.0359249 0.516637
0.001425 1310.32 0.157825 266359 0.0522515 0.696856
0.003675 2355.48 0.045825 266359 -0.0281773 0.38706
0.007355 370.642 0.232857 266358 0.0105022 2.49338
0.000725 939.965 0.193301 266359 0.0537536 0.972744
0.002215 1771.81 0.110072 266359 0.0356191 0.515024
0.001435 1316.24 0.157235 266359 0.0521426 0.693714
0.003685 2357.2 0.045577 266357 -0.0287287 0.38677
0.006495 454.311 0.217782 266359 0.0245667 2.02181
0.003695 2358.49 0.0453318 266359 -0.0292882 0.386554
0.004305 2375.9 0.0353545 266359 -0.0625575 0.383152
0.006505 449.908 0.21848 266359 0.0248665 2.04198
0.003705 2359.74 0.0450894 266359 -0.0298415 0.386342
0.006845 378.667 0.230711 266358 0.0251316 2.43693
0.006515 445.628 0.219153 266359 0.0251596 2.06198
0.004315 2375.04 0.0352644 266359 -0.0630602 0.383279
0.003715 2360.97 0.0448498 266359 -0.0303942 0.386134
0.006855 377.955 0.230845 266359 0.0249252 2.4417
0.005395 2030.09 0.04969 266359 -0.0985698 0.447084
0.006525 441.469 0.2198 266359 0.0254374 2.08179
0.003725 2362.18 0.0446131 266359 -0.0309467 0.385929
0.004325 2374.17 0.0351764 266359 -0.0635605 0.383408
0.006865 377.402 0.230971 266358 0.0247119 2.44545
0.005405 2022.98 0.050104 266359 -0.0979712 0.448647
0.006535 437.43 0.220424 266359 0.0256964 2.1014
0.003735 2363.37 0.0443791 266359 -0.0314987 0.385728
0.006875 376.871 0.23109 266358 0.0244965 2.44906
0.004335 2373.27 0.0350907 266359 -0.0640585 0.383541
0.005555 1910.02 0.0579483 266360 -0.118054 0.475101
0.006545 433.505 0.221024 266359 0.025957 2.1208
0.005415 2015.94 0.0505192 266359 -0.0973495 0.450204
0.003745 2364.54 0.044148 266359 -0.0320503 0.385531
0.006885 376.36 0.231202 266358 0.024272 2.45254
0.004345 2372.37 0.0350071 266359 -0.064554 0.383676
0.006205 684.278 0.185233 266361 -2.87764e-06 1.33415
0.006555 430.122 0.2216 266359 0.0261398 2.13786
0.005565 1887.8 0.0599639 266359 -0.115191 0.48069
0.005425 2008.98 0.0509353 266359 -0.0967063 0.451756
0.003755 2365.68 0.0439197 266359 -0.0326014 0.385337
0.006895 375.866 0.231308 266358 0.0240403 2.45591
0.004355 2371.44 0.0349256 266359 -0.0650471 0.383814
0.006565 426.855 0.222154 266359 0.0263425 2.15458
0.005575 1865.6 0.0619822 266359 -0.11338 0.486408
0.005435 2002.1 0.0513523 266359 -0.0960435 0.453302
0.006215 672.411 0.186758 266361 0.00130398 1.35797
0.006905 375.388 0.231408 266358 0.0238016 2.45918
0.003765 2366.8 0.0436941 266359 -0.0331521 0.385147
0.004365 2370.5 0.0348464 266359 -0.0655377 0.383955
0.006575 423.701 0.222686 266359 0.0265209 2.17098
0.005585 1843.42 0.0640032 266359 -0.111521 0.49226
0.006915 374.924 0.231503 266358 0.0235581 2.46237
0.006225 660.711 0.188257 266361 0.00257896 1.3823
0.003775 2367.91 0.0434713 266359 -0.0337022 0.38496
0.006585 420.655 0.223196 266359 0.0266772 2.18706
0.004375 2369.55 0.0347694 266359 -0.0660257 0.384098
0.006925 374.471 0.231591 266359 0.0233069 2.46548
0.004945 2290.23 0.0358169 266359 -0.0914085 0.396791
0.006935 374.145 0.231675 266358 0.0230528 2.46775
0.000495 856.335 0.200863 266359 0.0522229 1.06827
0.004955 2288.41 0.0359822 266359 -0.0919378 0.397096
0.006945 373.83 0.231754 266358 0.0228002 2.46996
0.003155 2215.89 0.062654 266359 -0.00128683 0.411678
0.000505 859.38 0.200591 266359 0.0522951 1.06446
0.006955 373.524 0.231828 266358 0.0225409 2.4721
0.004965 2286.57 0.0361545 266359 -0.0924787 0.397405
0.001225 1193.91 0.169294 266359 0.0540014 0.765041
0.003165 2219.65 0.0622588 266359 -0.00173339 0.410979
0.000515 862.483 0.200314 266359 0.0523673 1.06061
0.006965 373.226 0.231898 266358 0.0222774 2.47419
0.004975 2284.7 0.0363338 266359 -0.0930318 0.397719
0.001845 1560.03 0.132377 266359 0.0454281 0.585055
0.003175 2223.38 0.0618663 266359 -0.00218209 0.410286
0.006975 372.934 0.231963 266358 0.0220092 2.47623
0.004985 2282.82 0.03652 266359 -0.0935975 0.398036
0.000525 865.642 0.200031 266359 0.0524393 1.05672
0.001235 1199.62 0.168738 266359 0.0539331 0.761389
0.001855 1565.91 0.131765 266359 0.0452096 0.582851
0.002815 2074.77 0.0776337 266359 0.013554 0.439749
0.006985 372.648 0.232025 266358 0.0217399 2.47824
0.003185 2227.1 0.0614766 266359 -0.0026328 0.409598
0.004995 2280.91 0.0367134 266359 -0.0941761 0.398359
0.000535 868.857 0.199743 266359 0.052511 1.05279
0.001245 1205.34 0.16818 266359 0.0538623 0.757762
0.001865 1571.79 0.131153 266359 0.0449886 0.580667
0.006995 372.366 0.232083 266358 0.0214617 2.48021
0.002825 2079.29 0.0771526 266359 0.0131376 0.438792
0.003195 2230.79 0.0610896 266358 -0.00308232 0.408916
0.005005 2278.97 0.0369137 266359 -0.0947682 0.398686
0.000545 872.128 0.19945 266359 0.0525825 1.04882
0.001875 1577.66 0.130541 266359 0.0447651 0.578502
0.001255 1211.08 0.16762 266359 0.0537891 0.754161
0.002495 1920.63 0.0941496 266359 0.0262256 0.475081
0.000735 944.196 0.192913 266359 0.0538087 0.968364
0.001265 1216.82 0.167058 266359 0.0537138 0.750585
0.002505 1925.72 0.0936034 266359 0.0258559 0.473825
0.002225 1777.32 0.109485 266359 0.0353148 0.513426
0.001445 1322.16 0.156643 266359 0.0520313 0.690597
0.000745 948.471 0.192521 266359 0.0538625 0.963977
0.001275 1222.59 0.166494 266359 0.0536364 0.747035
0.002515 1930.79 0.093059 266359 0.0254841 0.472579
0.002235 1782.82 0.108899 266359 0.0350115 0.511841
0.001455 1328.09 0.156051 266359 0.0519176 0.687506
0.000755 952.79 0.192125 266359 0.0539149 0.959585
0.005595 1821.26 0.0660269 266359 -0.109673 0.498251
0.006235 649.175 0.189729 266361 0.0038787 1.40716
0.003785 2368.99 0.0432514 266359 -0.0342519 0.384777
0.005605 1799.11 0.0680534 266359 -0.107832 0.504385
0.006595 417.712 0.223685 266359 0.0268103 2.20283
0.006245 637.805 0.191173 266362 0.00537274 1.43256
0.005615 1776.99 0.0700825 266359 -0.105997 0.510668
0.003795 2370.05 0.0430341 266359 -0.0348013 0.384598
0.004385 2368.58 0.0346946 266359 -0.0665112 0.384244
0.006605 414.867 0.224153 266359 0.0269204 2.21828
0.006255 627.836 0.19259 266360 0.00619594 1.4556
0.005625 1754.88 0.0721143 266360 -0.104169 0.517107
0.003805 2371.09 0.0428197 266359 -0.0353503 0.384422
0.007005 372.189 0.232138 266358 0.0211823 2.48149
0.004395 2367.59 0.034622 266359 -0.066994 0.384393
0.006615 412.115 0.224602 266359 0.0270092 2.23344
0.005635 1732.78 0.0741488 266360 -0.102345 0.523706
0.003815 2372.1 0.042608 266359 -0.0358992 0.384249
0.006265 618.063 0.193977 266360 0.00734061 1.47894
0.004405 2366.59 0.0345517 266359 -0.0674741 0.384544
0.002835 2083.79 0.0766738 266359 0.0127205 0.437842
0.006625 409.452 0.225031 266359 0.0270897 2.24831
0.007015 372.016 0.232189 266358 0.020908 2.48273
0.003825 2373.1 0.0423991 266359 -0.0364481 0.38408
0.005645 1710.7 0.0761859 266360 -0.100525 0.530473
0.006275 608.48 0.195335 266360 0.0084483 1.50255
0.004415 2365.57 0.0344837 266359 -0.0679516 0.384697
0.006635 407.19 0.225442 266359 0.0271311 2.26113
0.002845 2088.28 0.0761974 266359 0.0123028 0.4369
0.007025 371.846 0.232237 266358 0.0206289 2.48395
0.003835 2374.07 0.0421929 266359 -0.0369972 0.383915
0.005655 1688.63 0.0782255 266360 -0.0987067 0.537413
0.006285 599.087 0.196663 266360 0.00953346 1.52644
0.004425 2364.54 0.034418 266359 -0.0684264 0.384854
0.005015 2277.01 0.0371212 266359 -0.095374 0.399019
0.000555 875.455 0.199151 266359 0.0526536 1.04481
0.004435 2363.5 0.0343546 266359 -0.0688984 0.385012
0.001885 1583.53 0.12993 266359 0.0445391 0.576355
0.005025 2275.02 0.0373358 266359 -0.0959938 0.399357
0.004445 2362.44 0.0342935 266359 -0.0693678 0.385174
0.000565 878.836 0.198848 266359 0.0527243 1.04077
0.002525 1935.84 0.0925163 266359 0.0251104 0.471344
0.005035 2273 0.0375574 266359 -0.0966279 0.399701
0.001895 1589.39 0.129319 266359 0.0443106 0.574227
0.004455 2361.37 0.0342349 266359 -0.0698344 0.385337
0.000575 882.272 0.198538 266359 0.0527945 1.03669
0.001465 1334.02 0.155457 266359 0.0518013 0.684439
0.005045 2270.95 0.0377861 266358 -0.0972764 0.400051
0.001905 1595.24 0.128708 266359 0.0440795 0.572118
0.002535 1940.88 0.0919755 266359 0.0247347 0.47012
0.004465 2360.28 0.0341787 266359 -0.0702984 0.385503
0.000585 885.762 0.198224 266359 0.0528642 1.03259
0.000765 957.153 0.191724 266359 0.0539658 0.95519
0.001475 1339.96 0.154862 266359 0.0516824 0.681397
0.005055 2268.87 0.0380218 266358 -0.0979394 0.400407
0.001915 1601.08 0.128097 266359 0.043846 0.570026
0.004475 2359.18 0.034125 266359 -0.0707597 0.385672
0.000595 889.305 0.197905 266359 0.0529334 1.02845
0.002545 1945.9 0.0914365 266359 0.024357 0.468906
0.007035 371.679 0.232282 266358 0.0203512 2.48515
0.006645 405.015 0.225834 266359 0.0271767 2.27359
0.005665 1666.58 0.0802677 266360 -0.0968894 0.544534
0.006655 402.924 0.226209 266359 0.0272036 2.28571
0.002855 2092.74 0.0757233 266359 0.0118851 0.435966
0.005675 1644.54 0.0823121 266360 -0.0950712 0.551842
0.006665 400.912 0.226567 266359 0.0272131 2.29749
0.002865 2097.19 0.0752516 266359 0.0114706 0.43504
0.006295 589.883 0.197961 266360 0.0105882 1.55059
0.005685 1622.52 0.0843588 266360 -0.0932506 0.559347
0.006675 398.974 0.226908 266359 0.0272047 2.30895
0.002875 2101.61 0.0747822 266359 0.011051 0.434124
0.006305 580.867 0.19923 266360 0.0116113 1.57501
0.000775 961.558 0.191318 266359 0.0540151 0.950792
0.006315 572.037 0.200469 266360 0.0126007 1.59967
0.001485 1345.9 0.154266 266359 0.051561 0.67838
0.000785 966.006 0.190909 266359 0.0540629 0.946394
0.006325 563.39 0.201678 266360 0.0135541 1.62457
0.001495 1351.84 0.153669 266359 0.051437 0.675387
0.005065 2266.75 0.0382646 266358 -0.098617 0.40077
0.006335 554.923 0.202858 266360 0.0144691 1.64972
0.000795 970.495 0.190494 266359 0.0541091 0.941995
0.001505 1357.79 0.153071 266359 0.0513103 0.672419
0.006345 546.632 0.204009 266360 0.0153447 1.67511
0.005075 2264.6 0.0385143 266358 -0.0993089 0.401139
0.000805 975.025 0.190076 266359 0.0541536 0.937597
0.001515 1363.75 0.152472 266359 0.051181 0.669475
0.006355 538.512 0.20513 266360 0.0162014 1.70074
0.005085 2262.41 0.0387709 266358 -0.100016 0.401516
0.000605 892.901 0.19758 266359 0.0530019 1.02429
0.000815 979.595 0.189653 266359 0.0541964 0.933202
0.001525 1369.7 0.151872 266359 0.051049 0.666555
0.006365 530.56 0.206221 266360 0.0171195 1.72661
0.005095 2260.04 0.039034 266342 -0.100683 0.4019
0.002555 1950.9 0.0908993 266359 0.0239774 0.467702
0.005695 1600.5 0.0864075 266360 -0.0914259 0.567054
0.000825 984.205 0.189227 266359 0.0542374 0.92881
0.001535 1375.66 0.151271 266359 0.0509144 0.66366
0.006375 523.548 0.207283 266359 0.0177188 1.75011
0.005105 2252.53 0.0393044 266359 -0.101215 0.403254
0.000615 896.549 0.197251 266359 0.0530697 1.0201
0.005705 1578.5 0.0884581 266360 -0.0895954 0.574973
0.000835 988.854 0.188796 266359 0.0542767 0.924423
0.006685 397.107 0.227234 266358 0.0271782 2.3201
0.001545 1381.63 0.150669 266359 0.0507771 0.660788
0.000845 993.541 0.188361 266359 0.0543141 0.920041
0.006385 516.715 0.208315 266359 0.0184451 1.77363
0.006695 395.306 0.227544 266358 0.0271344 2.33097
0.000855 998.266 0.187922 266359 0.05435 0.915666
0.001555 1387.59 0.150066 266359 0.0506371 0.65794
0.005115 2244.84 0.039582 266359 -0.101639 0.404624
0.006705 393.566 0.227839 266359 0.0270795 2.34155
0.000865 1003.03 0.187479 266359 0.0543839 0.911299
0.001565 1393.55 0.149463 266359 0.0504944 0.655116
0.006395 510.054 0.209318 266359 0.0191321 1.79718
0.006715 392.11 0.22812 266358 0.0270036 2.35052
0.005715 1556.52 0.0905104 266360 -0.0877576 0.583113
0.000625 900.248 0.196916 266359 0.0531367 1.01588
0.000875 1007.83 0.187032 266359 0.0544157 0.90694
0.001575 1399.52 0.148858 266359 0.050349 0.652316
0.000635 903.999 0.196576 266359 0.0532029 1.01165
0.005725 1534.55 0.0925641 266360 -0.085911 0.591482
0.000885 1012.66 0.186581 266359 0.0544455 0.902591
0.001585 1405.49 0.148253 266359 0.050201 0.649538
0.005735 1512.59 0.0946189 266360 -0.0840541 0.600089
0.000895 1017.53 0.186126 266359 0.0544734 0.898252
0.001595 1411.46 0.147647 266359 0.0500503 0.646785
0.005745 1490.65 0.0966746 266360 -0.0821858 0.608945
0.000905 1022.43 0.185668 266359 0.0544993 0.893924
0.005755 1468.73 0.0987308 266360 -0.0803049 0.618061
0.000915 1027.37 0.185205 266359 0.0545233 0.889608
0.000925 1032.34 0.184739 266359 0.0545453 0.885305
0.000935 1037.35 0.18427 266359 0.0545654 0.881016
0.000945 1042.38 0.183797 266359 0.0545835 0.876741
0.000955 1047.45 0.18332 266359 0.0545996 0.872481
