0.001605 1709.28 0.124241 431453 0.0109506 0.861715
0.001615 1713.68 0.123781 431453 0.0108174 0.859513
0.001625 1718.08 0.123322 431453 0.0106828 0.857321
0.001635 1722.48 0.122862 431453 0.0105467 0.85514
0.001645 1726.88 0.122402 431453 0.0104092 0.852969
0.001655 1731.29 0.121941 431453 0.0102703 0.850808
0.001665 1735.69 0.121481 431453 0.0101299 0.848657
0.001675 1740.1 0.12102 431453 0.00998808 0.846517
0.001685 1744.51 0.120558 431453 0.00984483 0.844388
0.001695 1748.91 0.120097 431453 0.00970015 0.842269
0.001705 1753.32 0.119636 431453 0.00955403 0.840161
0.001715 1757.73 0.119174 431453 0.00940649 0.838063
0.001725 1762.13 0.118712 431453 0.00925752 0.835976
0.001735 1766.54 0.11825 431453 0.00910713 0.8339
0.001745 1770.94 0.117789 431453 0.00895532 0.831835
0.001755 1775.35 0.117327 431453 0.00880209 0.82978
0.001765 1779.75 0.116865 431453 0.00864745 0.827736
0.001775 1784.15 0.116403 431453 0.0084914 0.825703
0.001785 1788.55 0.115941 431453 0.00833394 0.823681
0.001795 1792.94 0.115479 431453 0.00817508 0.821669
0.001805 1797.34 0.115017 431453 0.00801481 0.819669
0.001815 1801.73 0.114556 431453 0.00785315 0.817679
0.001825 1806.12 0.114094 431453 0.0076901 0.815701
0.001835 1810.51 0.113633 431453 0.00752566 0.813733
0.001845 1814.89 0.113172 431453 0.00735983 0.811776
0.001855 1819.27 0.112711 431453 0.00719262 0.80983
0.001865 1823.64 0.11225 431453 0.00702404 0.807895
0.001875 1828.02 0.11179 431453 0.00685409 0.805971
0.001885 1832.38 0.111329 431453 0.00668276 0.804058
0.001895 1836.75 0.11087 431453 0.00651008 0.802156
0.001905 1841.11 0.11041 431453 0.00633604 0.800264
0.001915 1845.46 0.109951 431453 0.00616064 0.798384
0.002885 2219.8 0.0693525 431453 -0.0166328 0.664026
0.002895 2222.76 0.0689919 431453 -0.0169242 0.663137
0.005445 2368.71 0.0160624 431453 -0.0840706 0.618896
0.002905 2225.71 0.0686327 431453 -0.0172164 0.662256
0.005455 2368.45 0.0159555 431453 -0.0842951 0.618947
0.002915 2228.65 0.0682748 431453 -0.0175094 0.661382
0.005125 2377.49 0.0196465 431453 -0.0767954 0.617172
0.005465 2368.18 0.0158489 431453 -0.0845195 0.618999
0.002925 2231.56 0.0679183 431453 -0.0178025 0.660516
0.005475 2367.91 0.0157423 431453 -0.0847438 0.619053
0.002935 2234.38 0.0675632 431453 -0.0180967 0.659679
0.005135 2377.2 0.0195279 431453 -0.0770245 0.617229
0.005485 2367.63 0.0156359 431453 -0.0849679 0.619107
0.002945 2237.19 0.0672095 431453 -0.018391 0.65885
0.005145 2376.91 0.0194097 431453 -0.0772539 0.617287
0.005495 2367.36 0.0155296 431453 -0.0851918 0.619162
0.002955 2239.97 0.0668571 431453 -0.0186856 0.658027
0.005155 2376.61 0.0192921 431453 -0.0774833 0.617346
0.005505 2367.07 0.0154234 431453 -0.0854154 0.619219
0.002965 2242.74 0.0665062 431453 -0.0189806 0.657212
0.005515 2366.79 0.0153173 431453 -0.0856388 0.619276
0.005165 2376.31 0.0191749 431453 -0.0777129 0.617407
0.002975 2245.49 0.0661566 431453 -0.0192759 0.656404
0.005525 2366.5 0.0152112 431453 -0.0858619 0.619334
0.002985 2248.22 0.0658085 431453 -0.0195713 0.655603
0.005175 2376.01 0.0190583 431453 -0.0779425 0.617469
0.005535 2366.2 0.0151051 431453 -0.0860846 0.619394
0.002995 2250.94 0.0654617 431453 -0.0198669 0.654809
0.005545 2365.9 0.014999 431453 -0.0863069 0.619455
0.005185 2375.7 0.0189421 431453 -0.0781722 0.617532
0.003005 2253.63 0.0651163 431453 -0.0201615 0.654022
0.005555 2365.6 0.0148929 431453 -0.0865273 0.619516
0.005195 2375.38 0.0188264 431453 -0.0784018 0.617596
0.003015 2256.2 0.0647724 431453 -0.0204558 0.653274
0.005565 2365.3 0.0147869 431454 -0.0867493 0.619579
0.003525 2350.81 0.0490785 431453 -0.034876 0.626655
0.005205 2375.06 0.0187112 431453 -0.0786313 0.617662
0.003025 2258.76 0.0644298 431453 -0.0207484 0.652532
0.005575 2365.13 0.0146807 431453 -0.0869765 0.619606
0.003035 2261.29 0.0640886 431453 -0.0210396 0.651797
0.005585 2364.95 0.0145744 431453 -0.087202 0.619635
0.005215 2374.74 0.0185965 431453 -0.0788605 0.617729
0.003045 2263.81 0.0637488 431453 -0.0213292 0.651068
0.005595 2364.77 0.0144681 431453 -0.0874275 0.619665
0.005225 2374.41 0.0184822 431453 -0.0790894 0.617797
0.003055 2266.31 0.0634104 431453 -0.0216172 0.650345
0.005605 2364.59 0.0143616 431453 -0.0876526 0.619696
0.003535 2352.06 0.0488067 431453 -0.035161 0.626311
0.005235 2374.07 0.0183683 431453 -0.0793179 0.617866
0.003065 2268.8 0.0630734 431453 -0.0219035 0.649628
0.005615 2364.4 0.0142549 431453 -0.0878773 0.619728
0.003545 2353.3 0.0485362 431453 -0.0354469 0.625971
0.005245 2373.73 0.0182549 431453 -0.0795457 0.617937
0.003075 2271.27 0.0627378 431453 -0.0221883 0.648917
0.005625 2364.2 0.0141482 431453 -0.0881016 0.619761
0.003555 2354.53 0.048267 431453 -0.0357342 0.625635
0.003085 2273.72 0.0624037 431453 -0.0224705 0.648212
0.005255 2373.39 0.0181419 431453 -0.0797728 0.618009
0.005635 2364.01 0.0140412 431453 -0.0883255 0.619796
0.003565 2355.74 0.0479992 431453 -0.036021 0.625303
0.003095 2276.06 0.0620709 431453 -0.022751 0.647543
0.005645 2363.81 0.0139339 431453 -0.0885489 0.619831
0.003575 2356.8 0.0477328 431453 -0.0363081 0.625012
0.005265 2373.04 0.0180294 431453 -0.0799991 0.618082
0.003105 2278.38 0.0617395 431453 -0.0230288 0.646878
0.005655 2363.6 0.0138265 431453 -0.0887718 0.619868
0.003585 2357.85 0.0474676 431453 -0.0365944 0.624725
0.003115 2280.69 0.0614095 431453 -0.0233049 0.646219
0.005665 2363.39 0.0137188 431453 -0.0889942 0.619905
0.005275 2372.69 0.0179172 431453 -0.0802227 0.618156
0.003595 2358.88 0.0472038 431453 -0.0368807 0.624442
0.003125 2282.98 0.0610809 431453 -0.0235798 0.645565
0.005675 2363.18 0.0136107 431453 -0.0892161 0.619944
0.003135 2285.26 0.0607537 431453 -0.0238543 0.644916
0.003605 2359.9 0.0469414 431453 -0.0371673 0.624162
0.005285 2372.34 0.0178055 431454 -0.0804478 0.618231
0.005685 2362.97 0.0135024 431453 -0.0894373 0.619983
0.003145 2287.53 0.0604279 431453 -0.0241295 0.644272
0.003615 2360.91 0.0466802 431453 -0.037454 0.623886
0.005695 2362.75 0.0133937 431453 -0.0896579 0.620024
0.003155 2289.78 0.0601036 431452 -0.0244043 0.643633
0.005295 2372.14 0.0176942 431453 -0.0806782 0.618264
0.003625 2361.9 0.0464204 431453 -0.037741 0.623614
0.005705 2362.52 0.0132846 431453 -0.0898777 0.620065
0.003165 2291.84 0.0597806 431453 -0.0246797 0.643048
0.005715 2362.3 0.0131751 431453 -0.0900968 0.620108
0.003635 2362.88 0.0461619 431453 -0.0380283 0.623345
0.005305 2371.94 0.0175832 431453 -0.0809067 0.618298
0.003175 2293.89 0.059459 431453 -0.0249544 0.642468
0.005725 2362.07 0.0130651 431453 -0.0903152 0.620151
0.003645 2363.84 0.0459048 431453 -0.038316 0.62308
0.003185 2295.93 0.0591388 431453 -0.02523 0.641893
0.005735 2361.83 0.0129547 431453 -0.0905327 0.620195
0.005315 2371.74 0.0174726 431453 -0.081135 0.618333
0.003655 2364.79 0.0456489 431453 -0.038604 0.622818
0.003195 2297.95 0.05882 431453 -0.0255067 0.641322
0.005745 2361.6 0.0128438 431453 -0.0907492 0.62024
0.003665 2365.73 0.0453944 431453 -0.0388923 0.622561
0.002245 1985.31 0.0950974 431453 -0.000347968 0.74235
0.001285 1571.43 0.138566 431453 0.0144477 0.93701
0.000965 1446.23 0.151464 431453 0.0165017 1.01787
0.001295 1575.6 0.138135 431453 0.0143609 0.934537
0.002255 1989.4 0.0946598 431453 -0.000565845 0.740829
0.000645 1345.28 0.161782 431452 0.0173355 1.09408
0.001305 1579.79 0.137701 431453 0.0142727 0.932069
0.002265 1993.48 0.0942232 431453 -0.000784874 0.739318
0.001315 1583.98 0.137267 431453 0.0141831 0.929608
0.003205 2299.96 0.0585026 431453 -0.0257851 0.640756
0.000655 1347.95 0.16151 431452 0.017324 1.09192
0.002275 1997.55 0.0937874 431453 -0.00100505 0.737817
0.000975 1449.84 0.151093 431453 0.0164578 1.01534
0.001325 1588.19 0.136831 431453 0.014092 0.927154
0.003215 2301.96 0.0581866 431453 -0.0260652 0.640194
0.002285 2001.6 0.0933526 431453 -0.00122637 0.736327
0.000665 1350.66 0.161234 431452 0.0173117 1.08973
0.000985 1453.47 0.150721 431453 0.0164126 1.01281
0.001335 1592.41 0.136394 431453 0.0139995 0.924706
0.003225 2303.94 0.057872 431453 -0.0263473 0.639637
0.002295 2005.65 0.0929187 431453 -0.00144883 0.734846
0.000675 1353.4 0.160955 431452 0.0172986 1.08753
0.001345 1596.64 0.135956 431453 0.0139056 0.922265
0.000995 1457.12 0.150346 431453 0.0163662 1.01028
0.003235 2305.91 0.0575588 431453 -0.0266312 0.639085
0.002305 2009.68 0.0924858 431453 -0.00167243 0.733375
0.000685 1356.17 0.160672 431452 0.0172847 1.08531
0.001355 1600.88 0.135517 431453 0.0138102 0.919831
0.001005 1460.8 0.149968 431453 0.0163185 1.00775
0.003245 2307.86 0.057247 431453 -0.0269174 0.638538
0.002315 2013.71 0.0920539 431453 -0.00189716 0.731914
0.000695 1358.98 0.160386 431452 0.01727 1.08307
0.001365 1605.13 0.135076 431453 0.0137133 0.917405
0.001015 1464.5 0.149589 431453 0.0162696 1.00521
0.000325 1279.76 0.168438 431452 0.0173923 1.15003
0.003255 2309.8 0.0569366 431452 -0.0272041 0.637995
0.002325 2017.72 0.091623 431453 -0.00212302 0.730463
0.000705 1361.82 0.160097 431452 0.0172544 1.08082
0.001375 1609.39 0.134634 431453 0.013615 0.914986
0.001025 1468.22 0.149206 431453 0.0162194 1.00267
0.003265 2311.59 0.0566276 431453 -0.0274916 0.637497
0.002335 2021.72 0.091193 431453 -0.00235001 0.729021
0.002565 2110.31 0.0816037 431453 -0.00788191 0.698482
0.000715 1364.69 0.159804 431452 0.0172379 1.07855
0.001035 1471.96 0.148822 431453 0.0161679 1.00012
0.001385 1613.66 0.134192 431453 0.0135152 0.912574
0.003275 2313.35 0.05632 431453 -0.0277785 0.637004
0.002345 2025.71 0.0907641 431453 -0.00257813 0.72759
0.000335 1281.18 0.168294 431452 0.0173964 1.14876
0.000725 1367.6 0.159507 431452 0.0172206 1.07626
0.002575 2114 0.0812008 431453 -0.0081362 0.697265
0.001925 1849.81 0.109492 431453 0.0059839 0.796514
0.001395 1617.94 0.133748 431453 0.0134139 0.91017
0.001045 1475.72 0.148435 431453 0.0161152 0.997581
0.003285 2315.11 0.0560137 431453 -0.0280653 0.636514
0.002355 2029.69 0.0903362 431453 -0.00280737 0.726168
0.000345 1282.64 0.168145 431452 0.0174004 1.14744
0.000735 1370.54 0.159207 431452 0.0172023 1.07396
0.002585 2117.68 0.0807991 431453 -0.00839167 0.696056
0.001405 1622.22 0.133303 431453 0.0133112 0.907774
5e-06 1256.98 0.170743 431452 0.0173002 1.17086
0.001935 1854.15 0.109033 431453 0.00580582 0.794656
0.001055 1479.5 0.148046 431453 0.0160612 0.995037
0.003295 2316.84 0.0557089 431453 -0.0283518 0.63603
0.002365 2033.66 0.0899093 431453 -0.00303773 0.724755
0.000745 1373.51 0.158904 431452 0.0171831 1.07164
0.000355 1284.15 0.167992 431452 0.0174042 1.1461
0.001415 1626.52 0.132857 431453 0.013207 0.905387
0.002595 2121.34 0.0803986 431453 -0.00864833 0.694856
0.001945 1858.49 0.108575 431453 0.00562639 0.792808
1.5e-05 1257.02 0.170739 431452 0.0172975 1.17082
0.001065 1483.31 0.147655 431453 0.0160058 0.992492
0.003305 2318.57 0.0554054 431453 -0.0286381 0.63555
0.002375 2037.61 0.0894834 431453 -0.00326922 0.723353
0.000365 1285.7 0.167835 431452 0.0174078 1.14472
0.000755 1376.51 0.158598 431452 0.017163 1.06931
0.001425 1630.82 0.132411 431453 0.0131013 0.903007
0.002605 2124.99 0.0799993 431453 -0.0089062 0.693665
0.001955 1862.83 0.108117 431453 0.00544564 0.790971
0.001075 1487.13 0.147262 431453 0.0159492 0.989948
2.5e-05 1257.1 0.17073 431452 0.0172959 1.17074
0.003315 2320.28 0.0551034 431453 -0.028924 0.635074
0.002385 2041.55 0.0890586 431453 -0.00350183 0.72196
0.000375 1287.29 0.167674 431452 0.0174111 1.14331
0.000765 1379.54 0.158288 431452 0.017142 1.06696
0.001435 1635.13 0.131963 431453 0.0129942 0.900636
0.002615 2128.62 0.0796014 431453 -0.00916527 0.692482
0.001965 1867.15 0.10766 431453 0.00526356 0.789146
0.001085 1490.98 0.146866 431453 0.0158912 0.987403
0.003325 2321.98 0.0548027 431453 -0.0292095 0.634603
0.002395 2045.48 0.0886349 431453 -0.00373556 0.720576
3.5e-05 1257.23 0.170717 431452 0.0172948 1.17062
0.000385 1288.92 0.167509 431452 0.0174142 1.14186
0.000775 1382.6 0.157975 431452 0.01712 1.0646
0.001445 1639.45 0.131514 431453 0.0128856 0.898273
0.002625 2132.24 0.0792047 431453 -0.00942556 0.691309
0.001975 1871.48 0.107203 431453 0.00508017 0.78733
0.001095 1494.84 0.146469 431453 0.0158319 0.984858
0.003335 2323.66 0.0545034 431453 -0.0294948 0.634137
0.002405 2049.4 0.0882122 431453 -0.00397041 0.719202
4.5e-05 1257.4 0.1707 431452 0.0172943 1.17047
0.000395 1290.6 0.167339 431452 0.0174169 1.14038
0.000785 1385.7 0.157659 431452 0.017097 1.06223
0.001455 1643.77 0.131065 431453 0.0127755 0.895919
0.002635 2135.84 0.0788092 431453 -0.00968708 0.690144
0.001985 1875.79 0.106746 431453 0.00489546 0.785526
0.001105 1498.72 0.146069 431453 0.0157713 0.982315
0.003345 2325.33 0.0542055 431453 -0.0297799 0.633674
0.002415 2053.31 0.0877907 431453 -0.00420638 0.717838
5.5e-05 1257.62 0.170679 431452 0.0172942 1.17027
0.000405 1292.31 0.167165 431452 0.0174194 1.13887
0.000795 1388.82 0.15734 431452 0.017073 1.05984
0.001465 1648.1 0.130615 431453 0.012664 0.893573
0.002645 2139.42 0.0784151 431453 -0.00994983 0.688988
0.001995 1880.1 0.10629 431453 0.00470944 0.783733
0.001115 1502.62 0.145667 431453 0.0157093 0.979773
0.003355 2326.98 0.0539089 431453 -0.030065 0.633216
0.002425 2057.2 0.0873702 431453 -0.00444347 0.716483
6.5e-05 1257.87 0.170653 431452 0.0172947 1.17003
0.000415 1294.07 0.166987 431452 0.0174215 1.13732
0.000805 1391.98 0.157018 431452 0.0170481 1.05744
0.001475 1652.44 0.130164 431453 0.012551 0.891237
0.002655 2143 0.0780222 431453 -0.0102138 0.68784
0.002005 1884.4 0.105835 431453 0.00452212 0.78195
0.001125 1506.54 0.145264 431453 0.0156461 0.977232
0.003365 2328.62 0.0536138 431453 -0.0303501 0.632763
0.002435 2061.08 0.0869508 431453 -0.00468168 0.715137
0.000425 1295.87 0.166805 431452 0.0174233 1.13575
7.5e-05 1258.17 0.170622 431452 0.0172955 1.16975
0.000815 1395.16 0.156692 431452 0.0170221 1.05504
0.001485 1656.79 0.129712 431453 0.0124366 0.888909
0.002665 2146.55 0.0776306 431453 -0.010479 0.686702
0.002015 1888.7 0.10538 431453 0.0043335 0.780179
0.003375 2330.25 0.0533201 431453 -0.030636 0.632313
0.001135 1510.48 0.144858 431453 0.0155814 0.974692
0.002445 2064.95 0.0865326 431453 -0.00492102 0.713801
0.000435 1297.7 0.166618 431452 0.0174247 1.13414
8.5e-05 1258.52 0.170588 431452 0.0172968 1.16943
0.000825 1398.38 0.156364 431452 0.0169951 1.05262
0.001495 1661.14 0.129259 431453 0.0123207 0.886591
0.002675 2150.09 0.0772403 431453 -0.0107455 0.685571
0.002025 1892.99 0.104925 431453 0.00414359 0.778418
0.003385 2331.86 0.0530277 431452 -0.0309209 0.631868
0.001145 1514.43 0.144451 431453 0.0155155 0.972155
0.002455 2068.8 0.0861154 431453 -0.00516149 0.712474
0.000445 1299.58 0.166427 431452 0.0174258 1.1325
9.5e-05 1258.9 0.170549 431452 0.0172985 1.16907
0.000835 1401.62 0.156032 431452 0.016967 1.05019
0.002685 2153.62 0.0768513 431453 -0.0110133 0.68445
0.001505 1665.49 0.128806 431453 0.0122033 0.884281
0.002035 1897.27 0.104471 431453 0.0039524 0.776667
0.003395 2333.3 0.0527367 431453 -0.0312053 0.631471
0.001155 1518.4 0.144042 431453 0.0154481 0.969621
0.002465 2072.64 0.0856994 431453 -0.00540308 0.711156
0.000455 1301.5 0.166233 431452 0.0174264 1.13083
0.000105 1259.33 0.170505 431452 0.0173006 1.16867
0.002695 2157.12 0.0764636 431453 -0.0112823 0.683337
0.000845 1404.89 0.155698 431452 0.0169379 1.04775
0.001515 1669.85 0.128352 431453 0.0120845 0.881981
0.002045 1901.55 0.104018 431453 0.00375994 0.774928
0.003405 2334.72 0.0524471 431453 -0.0314882 0.631077
0.001165 1522.39 0.14363 431453 0.0153794 0.967089
0.002475 2076.47 0.0852846 431453 -0.00564581 0.709847
0.000465 1303.46 0.166034 431452 0.0174266 1.12914
0.000115 1259.8 0.170457 431452 0.0173029 1.16824
0.002705 2160.62 0.0760773 431453 -0.0115526 0.682233
0.000855 1408.19 0.15536 431453 0.0169077 1.0453
0.001525 1674.22 0.127897 431453 0.0119643 0.879691
0.002055 1905.82 0.103565 431453 0.0035662 0.773199
0.003415 2336.14 0.0521589 431453 -0.0317706 0.630688
0.001175 1526.4 0.143217 431453 0.0153094 0.96456
0.002485 2080.28 0.0848709 431453 -0.00588967 0.708548
0.000475 1305.46 0.165831 431452 0.0174263 1.12741
0.000125 1260.32 0.170405 431452 0.0173057 1.16776
0.000865 1411.52 0.15502 431453 0.0168764 1.04284
0.002715 2164.09 0.0756922 431453 -0.0118242 0.681137
0.001535 1678.59 0.127442 431453 0.0118426 0.87741
0.002065 1910.08 0.103113 431453 0.0033712 0.771481
0.003425 2337.54 0.051872 431453 -0.0320525 0.630302
0.001185 1530.42 0.142803 431453 0.015238 0.962034
0.002495 2084.09 0.0844583 431453 -0.00613467 0.707258
0.000485 1307.5 0.165624 431452 0.0174256 1.12565
0.000135 1260.88 0.170348 431452 0.0173087 1.16724
0.000875 1414.87 0.154677 431453 0.0168441 1.04037
0.002725 2167.55 0.0753085 431453 -0.012097 0.680049
0.001545 1682.96 0.126986 431453 0.0117195 0.875138
0.002075 1914.33 0.102662 431453 0.00317494 0.769774
0.001195 1534.45 0.142386 431453 0.0151652 0.959511
0.003435 2338.92 0.0515865 431453 -0.0323341 0.62992
0.002505 2087.87 0.0840469 431453 -0.00638081 0.705977
0.000495 1309.57 0.165413 431452 0.0174244 1.12387
0.000145 1261.48 0.170287 431452 0.017312 1.16668
0.002735 2170.99 0.0749261 431453 -0.0123712 0.67897
0.000885 1418.25 0.154331 431453 0.0168106 1.0379
0.001555 1687.34 0.12653 431453 0.0115949 0.872876
0.002085 1918.58 0.102211 431453 0.00297743 0.768077
0.001205 1538.51 0.141968 431453 0.015091 0.956993
0.003445 2340.29 0.0513024 431453 -0.0326156 0.629542
0.002515 2091.65 0.0836367 431453 -0.00662809 0.704706
0.000505 1311.69 0.165198 431452 0.0174227 1.12206
0.000155 1262.13 0.170222 431452 0.0173155 1.16608
0.002745 2174.42 0.074545 431453 -0.0126467 0.6779
0.000895 1421.66 0.153982 431453 0.0167761 1.03542
0.001565 1691.72 0.126073 431453 0.0114689 0.870624
0.002095 1922.81 0.101761 431453 0.00277867 0.76639
0.001215 1542.57 0.141548 431453 0.0150155 0.954478
0.003455 2341.65 0.0510197 431453 -0.0328971 0.629168
0.002525 2095.41 0.0832277 431453 -0.00687653 0.703443
0.000515 1313.85 0.164979 431452 0.0174205 1.12022
0.002755 2177.83 0.0741653 431453 -0.0129235 0.676838
0.000165 1262.82 0.170152 431452 0.0173193 1.16545
0.000905 1425.09 0.15363 431453 0.0167404 1.03293
0.001575 1696.11 0.125616 431453 0.0113415 0.868382
0.002105 1927.04 0.101311 431453 0.00257868 0.764715
0.001225 1546.65 0.141127 431453 0.0149386 0.951968
0.002535 2099.16 0.0828199 431453 -0.00712613 0.702189
0.003465 2343 0.0507383 431453 -0.0331787 0.628797
0.000525 1316.04 0.164756 431452 0.0174178 1.11836
0.002765 2181.22 0.0737869 431453 -0.0132016 0.675785
0.000915 1428.55 0.153275 431453 0.0167035 1.03043
0.000175 1263.55 0.170078 431452 0.0173233 1.16477
0.001585 1700.5 0.125158 431453 0.0112126 0.86615
0.002115 1931.26 0.100862 431453 0.00237745 0.76305
0.001235 1550.75 0.140704 431453 0.0148603 0.949462
0.002545 2102.89 0.0824133 431453 -0.00737689 0.700945
0.003475 2344.34 0.0504582 431453 -0.0334605 0.628431
0.000535 1318.27 0.164529 431452 0.0174144 1.11647
0.002775 2184.6 0.0734099 431453 -0.013481 0.674739
0.000925 1432.04 0.152918 431453 0.0166655 1.02793
0.000185 1264.33 0.169999 431452 0.0173275 1.16405
0.001595 1704.89 0.124699 431453 0.0110823 0.863927
0.001245 1554.86 0.140279 431453 0.0147806 0.946961
0.002555 2106.61 0.0820079 431453 -0.00762881 0.699709
0.002125 1935.48 0.100414 431453 0.002175 0.761395
0.004165 2392.43 0.0342532 431453 -0.0529965 0.614954
0.003485 2345.66 0.0501796 431453 -0.0337426 0.628068
0.000545 1320.54 0.164299 431452 0.0174105 1.11455
0.002785 2187.96 0.0730342 431453 -0.0137617 0.673703
0.000935 1435.55 0.152559 431453 0.0166263 1.02542
0.000195 1265.15 0.169916 431452 0.0173318 1.1633
0.001255 1558.98 0.139853 431453 0.0146994 0.944466
0.002135 1939.68 0.0999668 431453 0.00197132 0.759751
0.003845 2379.92 0.0410338 431453 -0.0440953 0.618637
0.002145 1943.88 0.0995201 431453 0.00176643 0.758118
0.006085 2348.39 0.00888882 431454 -0.101687 0.623203
0.003855 2380.51 0.0408035 431453 -0.0443809 0.61847
0.002155 1948.06 0.0990742 431453 0.00156034 0.756494
0.006405 2209.75 0.0162416 431454 -0.10598 0.661932
0.003865 2381.09 0.0405745 431453 -0.0446659 0.618307
0.002165 1952.24 0.0986291 431453 0.00135304 0.754882
0.007365 547.073 0.200139 431455 -0.00954347 2.70363
0.003875 2381.66 0.0403467 431453 -0.0449504 0.618147
0.002175 1956.41 0.0981847 431453 0.00114454 0.753279
0.006415 2202.77 0.016715 431454 -0.105735 0.664023
0.006725 1860.05 0.042984 431454 -0.0984432 0.786428
0.006095 2344.91 0.0090428 431453 -0.101606 0.624113
0.003885 2382.21 0.0401202 431453 -0.0452344 0.61799
0.002185 1960.57 0.0977412 431453 0.000934857 0.751687
0.006425 2195.84 0.0171842 431454 -0.105477 0.666113
0.004485 2393.14 0.0285602 431453 -0.0614066 0.614252
0.006105 2341.45 0.0091945 431454 -0.101632 0.625021
0.003895 2382.75 0.0398948 431453 -0.0455178 0.617836
0.007045 1034.72 0.127053 431465 -0.0518437 1.41764
0.002195 1964.72 0.0972984 431453 0.000723986 0.750105
0.006435 2188.96 0.017649 431454 -0.105206 0.6682
0.007375 539.352 0.201572 431455 -0.00886841 2.74309
0.005765 2361.12 0.0126203 431453 -0.0911796 0.620333
0.006735 1846.64 0.0440445 431454 -0.0974583 0.792151
0.006115 2338.01 0.00934391 431454 -0.101651 0.625926
0.003905 2383.28 0.0396707 431453 -0.0458007 0.617686
0.002205 1968.85 0.0968565 431453 0.000511935 0.748534
0.004805 2386.7 0.0237506 431453 -0.0692862 0.615354
0.006445 2182.14 0.0181094 431454 -0.104923 0.670284
0.007055 1013.13 0.130048 431459 -0.0507091 1.44812
0.004495 2393.03 0.0283975 431453 -0.0616611 0.614265
0.007385 531.868 0.202948 431455 -0.00822145 2.78245
0.006745 1833.37 0.0450908 431455 -0.0958786 0.797899
0.005325 2371.53 0.0173623 431453 -0.0813628 0.61837
0.006125 2334.6 0.00949099 431454 -0.101667 0.626827
0.005775 2360.87 0.0125077 431453 -0.0913932 0.62038
0.003915 2383.8 0.0394478 431453 -0.0460831 0.617539
0.002215 1972.98 0.0964154 431453 0.000298709 0.746972
0.006455 2175.37 0.0185651 431454 -0.10463 0.672363
0.007065 991.777 0.132995 431459 -0.0486873 1.4796
0.004505 2392.9 0.0282357 431453 -0.061915 0.614279
0.006755 1820.06 0.0461356 431415 -0.103987 0.803672
0.007395 524.615 0.20427 431455 -0.00758381 2.82167
0.006135 2331.21 0.0096357 431454 -0.10168 0.627726
0.005335 2371.32 0.0172524 431453 -0.0815901 0.618407
0.004815 2386.44 0.0236125 431453 -0.0695261 0.615403
0.005755 2361.36 0.0127323 431453 -0.0909649 0.620286
0.005785 2360.63 0.0123944 431453 -0.0916058 0.620429
0.003925 2384.3 0.0392261 431453 -0.0463649 0.617395
0.002225 1977.1 0.0959752 431453 8.43131e-05 0.745421
0.003675 2366.65 0.0451412 431453 -0.039181 0.622307
0.006765 1791.71 0.048718 431456 -0.110819 0.816481
0.003495 2346.96 0.0499023 431453 -0.0340251 0.627709
0.006775 1763.23 0.0512978 431456 -0.107905 0.829681
0.000555 1322.85 0.164064 431452 0.017406 1.11261
0.003505 2348.26 0.0496263 431453 -0.0343081 0.627354
0.002795 2191.3 0.0726599 431453 -0.0140438 0.672674
0.006785 1734.82 0.0538583 431456 -0.105734 0.843286
0.000565 1325.2 0.163826 431452 0.0174009 1.11064
0.000945 1439.08 0.152196 431453 0.016586 1.02291
0.003515 2349.54 0.0493518 431453 -0.0345917 0.627002
0.006795 1706.48 0.0563958 431456 -0.103504 0.857314
0.000205 1266.02 0.169829 431452 0.0173363 1.1625
0.001265 1563.12 0.139426 431453 0.0146169 0.941975
0.000215 1266.92 0.169737 431452 0.0173408 1.16167
0.004175 2392.6 0.0340598 431453 -0.0532668 0.614895
0.001275 1567.27 0.138997 431453 0.014533 0.93949
0.000225 1267.88 0.169641 431452 0.0173455 1.1608
0.004185 2392.76 0.0338675 431453 -0.0535368 0.614839
0.002235 1981.21 0.0955359 431453 -0.000131247 0.74388
0.004195 2392.91 0.0336763 431453 -0.0538062 0.614786
0.006465 2168.66 0.019016 431454 -0.10433 0.674438
0.004515 2392.77 0.0280748 431453 -0.0621684 0.614296
0.007075 970.64 0.135894 431459 -0.0467592 1.51214
0.006475 2162.02 0.0194622 431454 -0.104025 0.676507
0.004525 2392.63 0.0279147 431453 -0.0624212 0.614315
0.007405 517.59 0.205536 431456 -0.00690653 2.86073
0.006485 2155.44 0.0199035 431454 -0.103718 0.67857
0.007085 949.708 0.138749 431460 -0.0448918 1.5458
0.006145 2327.84 0.00977801 431454 -0.101689 0.628621
0.004535 2392.49 0.0277554 431453 -0.0626735 0.614336
0.007415 511.512 0.206748 431455 -0.00649863 2.89545
0.005345 2371.1 0.0171428 431453 -0.081817 0.618446
0.006495 2148.91 0.02034 431454 -0.103412 0.680627
0.007095 928.973 0.14156 431460 -0.0430761 1.58065
0.006155 2324.49 0.00991787 431454 -0.101693 0.629512
0.004545 2392.33 0.027597 431453 -0.0629252 0.614358
0.004825 2386.18 0.0234751 431453 -0.0697658 0.615453
0.006505 2142.45 0.0207717 431454 -0.103112 0.682676
0.007425 505.656 0.207906 431455 -0.0059924 2.92972
0.005795 2360.38 0.0122805 431453 -0.0918173 0.620478
0.005355 2370.88 0.0170335 431453 -0.0820435 0.618486
0.007105 908.428 0.144329 431460 -0.0413031 1.61676
0.006165 2321.17 0.0100553 431454 -0.101694 0.630399
0.003935 2384.8 0.0390056 431453 -0.0466463 0.617255
0.004555 2392.17 0.0274393 431453 -0.0631763 0.614383
0.004835 2385.91 0.0233384 431453 -0.0700052 0.615505
0.003685 2367.56 0.0448893 431453 -0.0394699 0.622056
0.006515 2136.06 0.0211989 431454 -0.102818 0.68472
0.007435 500.014 0.209009 431455 -0.00551797 2.9635
0.005365 2370.66 0.0169246 431453 -0.0822696 0.618527
0.005805 2360.13 0.0121659 431453 -0.0920277 0.620527
0.007115 888.067 0.147058 431460 -0.0395635 1.6542
0.006175 2317.88 0.0101901 431454 -0.101691 0.631283
0.003945 2385.28 0.0387863 431453 -0.0469271 0.617117
0.004565 2392 0.0272825 431453 -0.0634268 0.61441
0.004845 2385.63 0.0232024 431453 -0.0702446 0.615559
0.006525 2129.72 0.0216216 431454 -0.102549 0.686756
0.003695 2368.46 0.0446386 431453 -0.0397592 0.62181
0.007445 494.58 0.21006 431454 -0.00505552 2.99677
0.005375 2370.43 0.0168159 431453 -0.0824954 0.618569
0.005815 2359.87 0.0120505 431453 -0.0922369 0.620577
0.007125 867.886 0.149746 431460 -0.0376558 1.69307
0.006185 2314.61 0.0103224 431454 -0.101684 0.632162
0.004575 2391.82 0.0271265 431453 -0.0636767 0.614438
0.003955 2385.74 0.0385682 431453 -0.0472075 0.616982
0.004855 2385.35 0.023067 431453 -0.0704838 0.615614
0.006535 2123.44 0.0220401 431454 -0.102015 0.688786
0.007455 489.348 0.211059 431455 -0.00457933 3.02951
0.003705 2369.34 0.0443893 431453 -0.0400486 0.621567
0.000575 1327.58 0.163583 431452 0.0173951 1.10865
0.005825 2359.62 0.0119344 431453 -0.0924435 0.620628
0.005385 2370.2 0.0167075 431453 -0.0827209 0.618613
0.007135 847.904 0.152394 431463 -0.0352725 1.73339
0.006195 2311.36 0.010452 431454 -0.101674 0.633036
0.004585 2391.63 0.0269714 431453 -0.063926 0.614469
0.003965 2386.2 0.0383512 431453 -0.0474874 0.616851
0.004865 2385.06 0.0229322 431453 -0.0707228 0.61567
0.006545 2117.1 0.0224635 431430 -0.107241 0.690812
0.007465 484.903 0.212007 431454 -0.00426454 3.05796
0.005835 2359.28 0.0118175 431453 -0.0926481 0.6207
0.005395 2369.96 0.0165994 431453 -0.0829462 0.618657
0.000585 1330 0.163337 431452 0.0173887 1.10663
0.003715 2370.21 0.0441413 431453 -0.0403383 0.621327
0.007145 830.533 0.155002 431459 -0.0345671 1.77006
0.006205 2308.15 0.0105791 431454 -0.101662 0.633906
0.004595 2391.44 0.026817 431453 -0.0641747 0.614502
0.003975 2386.64 0.0381355 431453 -0.0477669 0.616723
0.004875 2384.77 0.0227982 431453 -0.0709617 0.615729
0.006555 2102.36 0.0236464 431454 -0.112135 0.695693
0.007475 480.653 0.212904 431454 -0.00390065 3.08566
0.005845 2358.95 0.0116997 431453 -0.0928472 0.620772
0.005405 2369.72 0.0164916 431453 -0.0831714 0.618703
0.000595 1332.46 0.163087 431452 0.0173816 1.1046
0.007155 813.393 0.157566 431459 -0.0330567 1.80781
0.003725 2371.07 0.0438946 431453 -0.040628 0.621092
0.004605 2391.24 0.0266634 431453 -0.0644227 0.614536
0.006215 2304.96 0.0107035 431454 -0.101648 0.634771
0.003985 2387.07 0.0379209 431453 -0.048046 0.616597
0.004885 2384.47 0.0226648 431453 -0.0712005 0.615789
0.006565 2087.55 0.0248323 431454 -0.111108 0.700626
0.007485 476.591 0.213751 431454 -0.00356156 3.11261
0.005855 2358.61 0.0115811 431453 -0.0930427 0.620844
0.005415 2369.47 0.0163839 431453 -0.0833963 0.61875
0.000605 1334.95 0.162833 431452 0.0173738 1.10254
0.007165 796.474 0.160086 431459 -0.0315952 1.84667
0.004615 2391.03 0.0265106 431453 -0.0646701 0.614572
0.003735 2371.91 0.0436492 431453 -0.0409179 0.62086
0.006225 2301.8 0.0108252 431454 -0.101634 0.635631
0.003995 2387.49 0.0377075 431453 -0.0483246 0.616475
0.004895 2384.16 0.022532 431453 -0.0714391 0.61585
0.006575 2072.81 0.0260127 431454 -0.110411 0.705611
0.007495 472.711 0.214549 431454 -0.00324307 3.13877
0.005865 2358.27 0.0114615 431453 -0.0932348 0.620917
0.005425 2369.22 0.0162766 431453 -0.0836212 0.618797
0.000615 1337.48 0.162576 431452 0.0173654 1.10045
0.004625 2390.81 0.0263586 431453 -0.0649169 0.61461
0.007175 779.776 0.162561 431459 -0.0301475 1.88671
0.003745 2372.74 0.0434051 431453 -0.0412079 0.620631
0.006235 2298.67 0.0109443 431454 -0.101621 0.636486
0.004005 2387.9 0.0374953 431453 -0.0486029 0.616356
0.004905 2383.85 0.0223999 431453 -0.0716774 0.615913
0.006585 2058.13 0.0271878 431454 -0.109705 0.710646
0.007505 469.007 0.215299 431454 -0.00294027 3.16416
0.005875 2357.94 0.0113411 431453 -0.0934236 0.620989
0.005435 2368.97 0.0161694 431453 -0.0838459 0.618846
0.004635 2390.59 0.0262074 431453 -0.065163 0.61465
0.000625 1340.04 0.162315 431452 0.0173562 1.09835
0.007185 763.297 0.164992 431459 -0.0287226 1.92794
0.006245 2295.56 0.0110609 431454 -0.101609 0.637336
0.003755 2373.55 0.0431622 431453 -0.0414979 0.620407
0.004015 2388.3 0.0372842 431453 -0.0488808 0.616239
0.004915 2383.53 0.0222684 431453 -0.0719154 0.615978
0.002805 2194.63 0.0722869 431453 -0.0143272 0.671654
0.004925 2383.21 0.0221376 431453 -0.0721529 0.616044
0.000955 1442.64 0.151831 431453 0.0165445 1.02039
0.004935 2382.88 0.0220074 431453 -0.0723899 0.616111
0.006805 1678.2 0.0589061 431456 -0.101259 0.871782
0.000235 1268.87 0.16954 431452 0.0173503 1.15989
0.006815 1650 0.0613841 431456 -0.0989908 0.886709
0.004205 2393.04 0.0334861 431453 -0.0540752 0.614735
0.006595 2043.5 0.0283576 431454 -0.109006 0.715734
0.000245 1269.91 0.169435 431452 0.0173551 1.15894
0.006825 1621.87 0.0638238 431456 -0.0966943 0.902114
0.004215 2393.17 0.033297 431453 -0.0543437 0.614687
0.007515 465.474 0.216002 431454 -0.00263882 3.18875
0.006835 1593.83 0.0662186 431457 -0.0943629 0.918016
0.004225 2393.29 0.0331089 431453 -0.0546118 0.614641
0.000255 1270.99 0.169326 431452 0.0173599 1.15796
0.006605 2028.94 0.0295221 431454 -0.108306 0.720875
0.006255 2292.48 0.0111749 431454 -0.101601 0.638181
0.007525 462.549 0.216659 431454 -0.00242 3.20945
0.006845 1565.89 0.0685609 431457 -0.0919886 0.934434
0.004235 2393.39 0.0329218 431453 -0.0548794 0.614598
0.005885 2357.6 0.0112197 431453 -0.0936093 0.621061
0.000265 1272.11 0.169212 431452 0.0173647 1.15694
0.006615 2014.44 0.0306814 431454 -0.107603 0.726068
0.006855 1538.05 0.0708424 431457 -0.0895611 0.951387
0.006265 2289.43 0.0112865 431454 -0.101596 0.639021
0.007535 459.788 0.21727 431454 -0.00218393 3.22925
0.004245 2393.49 0.0327357 431453 -0.0551465 0.614557
0.000275 1273.28 0.169094 431452 0.0173695 1.15588
0.005895 2357.27 0.0110974 431453 -0.0937921 0.621133
0.006865 1510.33 0.0730548 431457 -0.0870677 0.968894
0.006625 2000 0.0318352 431454 -0.106891 0.731315
0.006275 2286.41 0.0113957 431454 -0.101596 0.639856
0.004255 2393.58 0.0325507 431453 -0.0554131 0.614519
0.007545 457.183 0.217836 431454 -0.00196444 3.24814
0.000285 1274.49 0.168971 431452 0.0173742 1.15478
0.006875 1482.75 0.0751895 431457 -0.0844927 0.98697
0.005905 2356.94 0.010974 431453 -0.0939721 0.621204
0.006635 1985.62 0.0329833 431454 -0.106165 0.736614
0.004265 2393.65 0.0323666 431453 -0.0556793 0.614484
0.006285 2283.41 0.0115027 431454 -0.101601 0.640687
0.007555 454.731 0.218358 431454 -0.0017569 3.26611
0.006885 1455.33 0.0772385 431457 -0.0818106 1.00563
0.000295 1275.74 0.168844 431452 0.0173789 1.15365
0.004645 2390.36 0.0260569 431453 -0.0654085 0.614692
0.005915 2356.61 0.0108497 431453 -0.0941497 0.621275
0.004275 2393.72 0.0321836 431453 -0.0559449 0.614451
0.006645 1971.32 0.0341255 431454 -0.105421 0.741965
0.006295 2280.43 0.0116076 431454 -0.101619 0.641513
0.007565 452.428 0.218837 431454 -0.00155429 3.28317
0.006895 1428.1 0.0791946 431458 -0.0790748 1.02488
0.000305 1277.04 0.168713 431452 0.0173835 1.15248
0.005925 2356.29 0.0107244 431453 -0.094325 0.621345
0.004655 2390.12 0.0259072 431453 -0.0656533 0.614735
0.004285 2393.78 0.0320015 431453 -0.05621 0.61442
0.006655 1957.09 0.0352614 431454 -0.104656 0.747367
0.006305 2277.48 0.0117105 431454 -0.101501 0.642334
0.007575 450.641 0.219273 431454 -0.00139548 3.29658
0.006905 1401.09 0.0810526 431458 -0.075508 1.04472
0.000315 1278.38 0.168578 431452 0.0173879 1.15127
0.005935 2355.97 0.010598 431453 -0.0944984 0.621414
0.004665 2389.88 0.0257583 431453 -0.0658974 0.614781
0.004295 2393.82 0.0318205 431453 -0.0564746 0.614392
0.006665 1942.94 0.0363904 431454 -0.103865 0.752818
0.000635 1342.64 0.16205 431452 0.0173462 1.09623
0.006675 1928.87 0.0375121 431454 -0.103044 0.758317
0.003765 2374.35 0.0429207 431453 -0.0417879 0.620186
0.004025 2388.68 0.0370743 431453 -0.0491584 0.616126
0.007195 747.038 0.167378 431459 -0.0273155 1.97042
0.006685 1914.89 0.0386258 431454 -0.102193 0.76386
0.003775 2375.14 0.0426804 431453 -0.0420778 0.619968
0.004945 2382.54 0.0218778 431453 -0.0726262 0.61618
0.004035 2389.05 0.0368655 431453 -0.0494356 0.616016
0.006695 1901.02 0.0397307 431454 -0.101308 0.769446
0.007205 731 0.169718 431459 -0.0257919 2.0142
0.003785 2375.91 0.0424414 431453 -0.0423677 0.619754
0.004955 2382.2 0.0217488 431453 -0.0728618 0.616251
0.004045 2389.41 0.0366579 431453 -0.0497125 0.615908
0.006705 1887.25 0.040826 431454 -0.100389 0.775072
0.007215 715.197 0.172012 431461 -0.0239172 2.05927
0.003795 2376.67 0.0422036 431453 -0.0426578 0.619544
0.004965 2381.85 0.0216204 431453 -0.0730963 0.616323
0.004055 2389.76 0.0364514 431453 -0.0499892 0.615804
0.002815 2197.93 0.0719153 431453 -0.0146119 0.670643
0.006715 1873.59 0.0419108 431454 -0.0994352 0.780733
0.007225 701.392 0.174258 431458 -0.0232785 2.10037
0.003805 2377.42 0.0419672 431453 -0.0429466 0.619337
0.004975 2381.5 0.0214927 431453 -0.0733299 0.616397
0.004065 2390.1 0.036246 431453 -0.0502657 0.615702
0.006915 1374.34 0.0828272 431457 -0.0808149 1.06514
0.004075 2390.43 0.0360418 431453 -0.050541 0.615604
0.006315 2274.48 0.0118169 431441 -0.104689 0.643153
0.006925 1346.64 0.086724 431459 -0.0857648 1.08717
0.004085 2390.69 0.0358386 431453 -0.0508166 0.61552
0.006935 1319.26 0.0905286 431458 -0.0817772 1.10986
0.006325 2267.2 0.0123184 431454 -0.107756 0.64523
0.004095 2390.95 0.0356366 431453 -0.0510908 0.61544
0.007585 448.996 0.219668 431454 -0.001231 3.30902
0.006945 1292.19 0.0942322 431458 -0.0786835 1.13325
0.004105 2391.19 0.0354357 431453 -0.0513645 0.615362
0.006335 2259.87 0.0128214 431454 -0.107421 0.64731
0.006955 1265.41 0.09784 431459 -0.0756815 1.1574
0.007595 447.489 0.22002 431454 -0.00107569 3.32049
0.004115 2391.43 0.0352359 431453 -0.0516377 0.615287
0.005945 2355.65 0.0104707 431453 -0.0946701 0.621483
0.006345 2252.59 0.0133208 431454 -0.107237 0.649393
0.006965 1238.89 0.101359 431459 -0.0721308 1.18234
0.004675 2389.63 0.0256101 431453 -0.0661409 0.614828
0.007605 446.118 0.220333 431454 -0.000924509 3.33099
0.004125 2391.65 0.0350372 431453 -0.0519104 0.615215
0.006355 2245.35 0.0138166 431454 -0.107044 0.651479
0.005955 2355.34 0.0103423 431453 -0.0948403 0.621551
0.006975 1212.63 0.104795 431464 -0.0713064 1.20816
0.004685 2389.37 0.0254627 431453 -0.0663828 0.614876
0.007615 445.225 0.220604 431454 -0.000794132 3.33793
0.004135 2391.86 0.0348396 431453 -0.0521826 0.615146
0.006365 2238.14 0.014309 431454 -0.106848 0.653567
0.006985 1186.59 0.108156 431459 -0.0666719 1.23485
0.005965 2355.02 0.010213 431453 -0.0950095 0.621618
0.004695 2389.11 0.0253161 431453 -0.0666248 0.614926
0.007625 444.464 0.220836 431454 -0.000663135 3.34387
0.004145 2392.06 0.034643 431453 -0.0524544 0.615079
0.006375 2230.98 0.0147977 431454 -0.106645 0.655657
0.006995 1160.78 0.111449 431459 -0.064735 1.26252
0.005975 2354.72 0.0100826 431453 -0.0951777 0.621684
0.004155 2392.25 0.0344476 431453 -0.0527257 0.615015
0.007635 443.832 0.221029 431454 -0.000536315 3.34882
0.004705 2388.92 0.0251701 431453 -0.0668696 0.614957
0.006385 2223.86 0.0152828 431454 -0.106434 0.657749
0.007005 1135.18 0.114679 431460 -0.0621956 1.29121
0.005985 2354.42 0.00995133 431453 -0.0953453 0.621749
0.007645 443.328 0.221183 431454 -0.000413412 3.35277
0.004715 2388.73 0.025025 431453 -0.067113 0.614989
0.004305 2393.86 0.0316404 431453 -0.0567387 0.614366
0.004725 2388.53 0.0248805 431453 -0.0673559 0.615023
0.007235 687.848 0.176454 431458 -0.0220437 2.14233
0.004315 2393.89 0.0314614 431453 -0.0570022 0.614343
0.004735 2388.32 0.0247368 431453 -0.0675985 0.615059
0.003815 2378.06 0.0417319 431453 -0.0432351 0.619157
0.004985 2381.14 0.0213656 431453 -0.0735608 0.616471
0.004325 2393.91 0.0312833 431453 -0.0572651 0.614322
0.007245 674.559 0.178598 431458 -0.0208584 2.18515
0.004745 2388.11 0.0245938 431453 -0.0678407 0.615096
0.003825 2378.7 0.041498 431453 -0.0435224 0.61898
0.004335 2393.92 0.0311064 431453 -0.0575282 0.614303
0.004995 2380.79 0.0212391 431454 -0.0737923 0.616548
0.007255 661.523 0.180691 431458 -0.0196942 2.22884
0.004755 2387.89 0.0244515 431453 -0.0680825 0.615135
0.004345 2393.92 0.0309304 431453 -0.05779 0.614287
0.003835 2379.31 0.0412652 431453 -0.0438091 0.618807
0.005005 2380.56 0.0211131 431453 -0.0740279 0.616588
0.007265 648.737 0.182731 431458 -0.0185607 2.27342
0.004765 2387.67 0.0243099 431453 -0.0683239 0.615175
0.002825 2201.22 0.0715451 431453 -0.0148979 0.669639
0.004775 2387.43 0.024169 431453 -0.068565 0.615218
0.006395 2216.78 0.0157641 431454 -0.106213 0.65984
0.004785 2387.19 0.0240289 431453 -0.0688057 0.615262
0.007015 1109.77 0.117851 431460 -0.0597496 1.321
0.005995 2354.12 0.00981911 431453 -0.0955126 0.621813
0.007025 1084.56 0.120969 431460 -0.0573585 1.35196
0.006005 2353.82 0.00968598 431453 -0.0956796 0.621876
0.007655 442.952 0.221297 431454 -0.000293737 3.35573
0.007035 1059.54 0.124036 431460 -0.0547924 1.38415
0.006015 2353.53 0.00955199 431453 -0.0958466 0.621939
0.004355 2393.91 0.0307552 431453 -0.0580519 0.614273
0.005015 2380.33 0.0209878 431453 -0.0742615 0.616629
0.007275 636.199 0.18472 431457 -0.0173783 2.31889
0.004365 2393.89 0.0305809 431453 -0.0583124 0.614261
0.005025 2380.1 0.020863 431453 -0.0744944 0.616672
0.004375 2393.86 0.0304076 431453 -0.0585726 0.614252
0.007285 623.915 0.186655 431459 -0.0159987 2.36524
0.005035 2379.86 0.0207388 431453 -0.0747266 0.616716
0.004795 2386.95 0.0238894 431453 -0.0690461 0.615307
0.004385 2393.82 0.0302351 431453 -0.0588317 0.614245
0.007295 613.162 0.188536 431457 -0.0154053 2.40741
0.005045 2379.61 0.0206152 431453 -0.0749582 0.616762
0.004395 2393.8 0.0300636 431453 -0.0590922 0.614236
0.002835 2204.49 0.0711762 431453 -0.0151855 0.668644
0.004405 2393.76 0.029893 431453 -0.0593515 0.614229
0.007665 442.701 0.221374 431454 -0.000178125 3.35771
0.004415 2393.71 0.0297232 431453 -0.0596102 0.614224
0.006025 2353.25 0.00941717 431453 -0.0960137 0.622
0.007675 442.576 0.221412 431454 -5.83371e-05 3.35869
0.007305 602.673 0.190361 431456 -0.0144514 2.45002
0.004425 2393.66 0.0295544 431453 -0.0598684 0.614222
0.002845 2207.74 0.0708088 431452 -0.0154727 0.667657
0.005055 2379.37 0.0204922 431453 -0.075189 0.616809
0.004435 2393.59 0.0293865 431453 -0.0601261 0.614221
0.006035 2352.97 0.00928156 431453 -0.0961809 0.62206
0.005065 2379.11 0.0203697 431453 -0.0754194 0.616857
0.004445 2393.52 0.0292195 431453 -0.0603832 0.614223
0.002855 2210.79 0.0704427 431453 -0.0157629 0.666738
0.005075 2378.85 0.0202478 431453 -0.0756492 0.616907
0.004455 2393.44 0.0290534 431453 -0.0606399 0.614227
0.006045 2352.69 0.00914521 431453 -0.0963482 0.622119
0.007315 592.441 0.192131 431456 -0.0135437 2.49305
0.005085 2378.59 0.0201265 431453 -0.0758787 0.616957
0.004465 2393.35 0.0288881 431453 -0.060896 0.614233
0.006055 2352.42 0.00900816 431453 -0.0965198 0.622177
0.002865 2213.81 0.0700779 431453 -0.0160522 0.665826
0.005095 2378.32 0.0200057 431453 -0.076108 0.617009
0.007325 582.463 0.193844 431456 -0.0126619 2.53649
0.004475 2393.25 0.0287237 431453 -0.0611515 0.614242
0.006065 2352.15 0.00887047 431454 -0.0965862 0.622234
0.005105 2378.05 0.0198854 431453 -0.0763372 0.617062
0.007335 572.734 0.195502 431456 -0.0117661 2.58032
0.005115 2377.77 0.0197657 431453 -0.0765662 0.617117
0.002875 2216.81 0.0697145 431453 -0.0163421 0.664922
0.007345 563.253 0.197104 431457 -0.0107638 2.6245
0.006075 2351.83 0.0087365 431444 -0.0991698 0.622292
0.007355 555.038 0.19865 431455 -0.0102597 2.66409
