0.007365 300.055 0.232918 101411 0.227212 1.17274
0.007375 300.055 0.232918 101411 0.227224 1.17274
0.007385 300.055 0.232918 101411 0.227226 1.17274
0.007395 300.055 0.232918 101411 0.22722 1.17274
0.007405 300.055 0.232918 101411 0.227208 1.17274
0.007415 300.055 0.232918 101411 0.227195 1.17274
0.007425 300.055 0.232918 101411 0.227184 1.17274
0.007435 300.055 0.232918 101411 0.227178 1.17274
0.007445 300.056 0.232918 101411 0.227178 1.17274
0.007455 300.056 0.232918 101411 0.227185 1.17274
0.007465 300.056 0.232918 101411 0.227197 1.17274
0.007475 300.056 0.232918 101411 0.227213 1.17274
0.007485 300.056 0.232918 101411 0.227232 1.17274
0.007495 300.056 0.232918 101411 0.227252 1.17273
0.007505 300.056 0.232918 101411 0.22727 1.17273
0.007515 300.056 0.232918 101411 0.227284 1.17273
0.007525 300.056 0.232918 101411 0.227294 1.17273
0.007535 300.056 0.232918 101411 0.227299 1.17273
0.007545 300.057 0.232918 101411 0.2273 1.17273
0.007555 300.057 0.232918 101411 0.227297 1.17273
0.007565 300.057 0.232918 101411 0.227292 1.17273
0.007575 300.057 0.232918 101411 0.227287 1.17273
0.007585 300.057 0.232918 101411 0.227282 1.17273
0.007595 300.057 0.232918 101411 0.227279 1.17273
0.007605 300.057 0.232918 101411 0.227276 1.17273
0.007615 300.057 0.232918 101411 0.227275 1.17273
0.007625 300.057 0.232918 101411 0.227273 1.17273
0.007635 300.057 0.232918 101411 0.227269 1.17273
0.007645 300.057 0.232918 101411 0.227262 1.17273
0.007655 300.057 0.232918 101411 0.227252 1.17273
0.007665 300.057 0.232918 101411 0.227236 1.17273
0.007675 300.057 0.232918 101411 0.227216 1.17273
0.007045 300.052 0.232918 101411 0.227217 1.17275
0.006725 300.051 0.232917 101411 0.226848 1.17275
0.007055 300.052 0.232918 101411 0.227239 1.17275
0.006405 300.052 0.232916 101411 0.226677 1.17274
0.006735 300.051 0.232917 101411 0.226861 1.17275
0.007065 300.052 0.232918 101411 0.227253 1.17275
0.006745 300.051 0.232917 101411 0.226872 1.17275
0.006415 300.052 0.232917 101411 0.226668 1.17274
0.007075 300.052 0.232918 101411 0.227257 1.17275
0.006755 300.051 0.232917 101411 0.226881 1.17275
0.006425 300.052 0.232917 101411 0.226658 1.17274
0.007085 300.052 0.232918 101411 0.227253 1.17275
0.006765 300.051 0.232917 101411 0.226887 1.17275
0.006435 300.052 0.232917 101411 0.226647 1.17275
0.007095 300.052 0.232918 101411 0.227242 1.17275
0.006775 300.051 0.232917 101411 0.22689 1.17275
0.006445 300.052 0.232917 101411 0.226637 1.17275
0.007105 300.053 0.232918 101411 0.227225 1.17275
0.006785 300.051 0.232917 101411 0.226891 1.17275
0.006455 300.052 0.232917 101411 0.22663 1.17275
0.007115 300.053 0.232918 101411 0.227208 1.17275
0.006795 300.051 0.232917 101411 0.226891 1.17275
0.006465 300.052 0.232917 101411 0.226632 1.17275
0.006805 300.051 0.232917 101411 0.226891 1.17275
0.007125 300.053 0.232918 101411 0.22719 1.17275
0.006475 300.052 0.232917 101411 0.226645 1.17275
0.006815 300.051 0.232917 101411 0.226893 1.17275
0.007135 300.053 0.232918 101411 0.227175 1.17275
0.006485 300.051 0.232917 101411 0.22667 1.17275
0.006825 300.051 0.232917 101411 0.226895 1.17275
0.007145 300.053 0.232918 101411 0.227164 1.17275
0.006495 300.051 0.232917 101411 0.226704 1.17275
0.006835 300.051 0.232917 101411 0.2269 1.17275
0.007155 300.053 0.232918 101411 0.227158 1.17275
0.006505 300.051 0.232917 101411 0.226743 1.17275
0.006845 300.051 0.232917 101411 0.226906 1.17275
0.007165 300.053 0.232918 101411 0.227156 1.17275
0.006515 300.051 0.232917 101411 0.22678 1.17275
0.006855 300.051 0.232917 101411 0.226913 1.17275
0.007175 300.053 0.232918 101411 0.227158 1.17275
0.006525 300.051 0.232917 101411 0.226805 1.17275
0.006865 300.051 0.232917 101411 0.226921 1.17275
0.007185 300.053 0.232918 101411 0.227163 1.17275
0.006535 300.051 0.232917 101411 0.22681 1.17275
0.006875 300.051 0.232917 101411 0.22693 1.17275
0.007195 300.053 0.232918 101411 0.227171 1.17275
0.006545 300.051 0.232917 101411 0.226795 1.17275
0.006885 300.051 0.232917 101411 0.226939 1.17275
0.006555 300.051 0.232917 101411 0.226765 1.17275
0.007205 300.053 0.232918 101411 0.227178 1.17275
0.006895 300.051 0.232917 101411 0.226947 1.17275
0.006565 300.051 0.232917 101411 0.226733 1.17275
0.007215 300.053 0.232918 101411 0.227182 1.17275
0.006905 300.051 0.232917 101411 0.226955 1.17275
0.006575 300.051 0.232917 101411 0.226708 1.17275
0.007225 300.054 0.232918 101411 0.227182 1.17274
0.006915 300.051 0.232917 101411 0.226963 1.17275
0.006585 300.051 0.232917 101411 0.226697 1.17275
0.007235 300.054 0.232918 101411 0.227175 1.17274
0.006925 300.051 0.232917 101411 0.226969 1.17275
0.006595 300.051 0.232917 101411 0.226701 1.17275
0.007245 300.054 0.232918 101411 0.227162 1.17274
0.006935 300.052 0.232917 101411 0.226976 1.17275
0.006605 300.051 0.232917 101411 0.22672 1.17275
0.007255 300.054 0.232918 101411 0.227145 1.17274
0.006945 300.052 0.232917 101411 0.226984 1.17275
0.006615 300.051 0.232917 101411 0.226739 1.17275
0.007265 300.054 0.232918 101411 0.227125 1.17274
0.006955 300.052 0.232917 101411 0.226996 1.17275
0.006625 300.051 0.232917 101411 0.226758 1.17275
0.007275 300.054 0.232918 101411 0.227106 1.17274
0.006965 300.052 0.232917 101411 0.22701 1.17275
0.006635 300.051 0.232917 101411 0.226771 1.17275
0.007285 300.054 0.232918 101411 0.227092 1.17274
0.006975 300.052 0.232917 101411 0.227028 1.17275
0.006645 300.051 0.232917 101411 0.226783 1.17275
0.007295 300.054 0.232918 101411 0.227084 1.17274
0.006985 300.052 0.232917 101411 0.227049 1.17275
0.006655 300.051 0.232917 101411 0.226792 1.17275
0.007305 300.054 0.232918 101411 0.227084 1.17274
0.006995 300.052 0.232917 101411 0.227074 1.17275
0.006665 300.051 0.232917 101411 0.226796 1.17275
0.007315 300.054 0.232918 101411 0.227093 1.17274
0.007005 300.052 0.232918 101411 0.227102 1.17275
0.006675 300.051 0.232917 101411 0.226801 1.17275
0.007325 300.054 0.232918 101411 0.227111 1.17274
0.007015 300.052 0.232918 101411 0.227131 1.17275
0.006685 300.051 0.232917 101411 0.226808 1.17275
0.007335 300.054 0.232918 101411 0.227136 1.17274
0.007025 300.052 0.232918 101411 0.227162 1.17275
0.006695 300.051 0.232917 101411 0.226815 1.17275
0.007345 300.055 0.232918 101411 0.227164 1.17274
0.007035 300.052 0.232918 101411 0.227191 1.17275
0.006705 300.051 0.232917 101411 0.226824 1.17275
0.007355 300.055 0.232918 101411 0.227191 1.17274
0.006715 300.051 0.232917 101411 0.226835 1.17275
0.006085 300.071 0.232908 101411 0.226601 1.17265
0.006095 300.069 0.232909 101411 0.226577 1.17266
0.005765 300.205 0.232855 101411 0.226476 1.17204
0.006105 300.068 0.23291 101411 0.22657 1.17266
5e-06 2102.29 0.000232687 101411 2.35006e-07 0.164332
0.006115 300.067 0.23291 101411 0.226569 1.17267
0.006125 300.066 0.23291 101411 0.226567 1.17268
0.000325 2102.25 0.000232799 101411 0.000217221 0.164331
0.006135 300.065 0.232911 101411 0.226561 1.17268
0.005775 300.197 0.232858 101411 0.226456 1.17208
0.006145 300.064 0.232911 101411 0.226552 1.17269
0.000335 2102.25 0.000232802 101411 0.000221565 0.164331
0.000645 2101.5 0.000287056 101411 0.000188809 0.164379
0.006155 300.063 0.232912 101411 0.226539 1.17269
0.000345 2102.25 0.000232803 101411 0.000192655 0.164331
1.5e-05 2102.29 0.000232687 101411 3.50871e-06 0.164332
0.005785 300.189 0.232862 101411 0.226459 1.17211
0.006165 300.062 0.232912 101411 0.226524 1.17269
0.000355 2102.25 0.000232804 101411 0.000168356 0.164331
0.000965 2098.39 0.000611928 101411 0.000410427 0.164605
0.006175 300.061 0.232912 101411 0.226511 1.1727
0.000365 2102.24 0.000232803 101411 0.000186478 0.164331
0.005445 300.987 0.232564 101411 0.226181 1.16867
0.006185 300.06 0.232913 101411 0.226507 1.1727
0.005795 300.181 0.232865 101411 0.226443 1.17215
0.000375 2102.24 0.0002328 101411 0.000239238 0.164331
0.000975 2098.28 0.000623829 101411 7.07259e-05 0.164613
2.5e-05 2102.29 0.000232688 101411 1.21138e-05 0.164331
0.006195 300.06 0.232913 101411 0.226518 1.17271
0.000655 2101.43 0.000293625 101411 0.000161976 0.164384
0.005455 300.934 0.232582 101411 0.226219 1.16889
0.000385 2102.24 0.000232796 101410 0.000275104 0.164331
0.000985 2098.17 0.000635676 101411 -8.51294e-05 0.164621
0.005805 300.174 0.232868 101411 0.226342 1.17218
0.000995 2098.06 0.000647467 101411 0.000191842 0.164628
0.006205 300.059 0.232913 101411 0.226548 1.17271
0.005465 300.89 0.232598 101411 0.226214 1.16908
0.000395 2102.23 0.00023279 101411 0.00025206 0.164331
0.001285 2091.66 0.0013178 101411 -0.000325171 0.165108
0.006215 300.059 0.232914 101411 0.226594 1.17271
0.001005 2097.95 0.000659202 101411 0.000624544 0.164636
0.005475 300.848 0.232614 101411 0.226161 1.16926
0.000405 2102.22 0.000232782 101411 0.000190871 0.164332
3.5e-05 2102.29 0.000232689 101411 2.3489e-05 0.164331
0.000665 2101.37 0.000300179 101411 8.56173e-05 0.164389
0.005815 300.167 0.232871 101411 0.22618 1.17221
0.006225 300.058 0.232914 101411 0.226646 1.17271
0.005485 300.808 0.23263 101411 0.22608 1.16943
0.001015 2097.85 0.000670879 101411 0.000749163 0.164643
0.000415 2102.21 0.000232772 101411 0.000154673 0.164332
0.001605 2076.08 0.0028204 101411 -0.000617848 0.166313
0.006235 300.057 0.232914 101411 0.226691 1.17272
0.005495 300.77 0.232644 101411 0.226002 1.16959
0.001025 2097.74 0.000682497 101411 0.000479591 0.164651
0.000425 2102.2 0.000232758 101411 0.000199313 0.164333
0.006245 300.057 0.232914 101411 0.226714 1.17272
0.005505 300.734 0.232658 101411 0.22596 1.16975
0.001295 2091.41 0.00134337 101411 0.000132845 0.165126
0.001035 2097.64 0.000694054 101411 0.000124544 0.164659
4.5e-05 2102.29 0.00023269 101411 3.13875e-05 0.164331
0.001615 2075.42 0.00288253 101411 -0.000391472 0.166365
0.000435 2102.19 0.000232742 101411 0.000284821 0.164333
0.006255 300.057 0.232915 101411 0.22671 1.17272
0.000675 2101.3 0.000306717 101411 4.45822e-05 0.164394
0.005515 300.698 0.232671 101411 0.225975 1.1699
0.005825 300.16 0.232873 101411 0.226098 1.17225
0.001045 2097.54 0.00070555 101411 -8.1466e-05 0.164666
0.001625 2074.76 0.0029444 101411 0.000243836 0.166417
0.000445 2102.18 0.000232723 101411 0.000310557 0.164334
0.006265 300.056 0.232915 101411 0.226684 1.17272
0.005525 300.664 0.232684 101411 0.226042 1.17005
0.001055 2097.43 0.000716983 101411 -0.000119033 0.164673
0.001635 2074.1 0.003006 101410 0.000783759 0.166468
0.001305 2091.17 0.00136881 101410 0.00100789 0.165144
5.5e-05 2102.29 0.000232691 101411 3.24423e-05 0.164331
0.006275 300.056 0.232915 101411 0.22665 1.17273
0.005535 300.632 0.232696 101411 0.22614 1.17019
0.000455 2102.17 0.000232701 101411 0.000238598 0.164334
0.001065 2097.25 0.000734069 101407 -7.93251e-06 0.16468
0.001645 2073.45 0.00306731 101410 0.00069334 0.166519
0.005835 300.154 0.232876 101411 0.226435 1.17227
0.000685 2101.23 0.000313237 101411 9.92023e-05 0.164399
0.006285 300.055 0.232915 101411 0.226622 1.17273
0.005545 300.601 0.232707 101411 0.226213 1.17032
0.000465 2102.16 0.000232674 101411 0.000154227 0.164335
0.001075 2097.06 0.000756046 101411 0.000202416 0.164701
0.001655 2072.8 0.00312834 101411 1.17477e-05 0.166571
6.5e-05 2102.29 0.000232693 101411 3.0147e-05 0.164331
0.001315 2090.93 0.00139412 101410 0.00139871 0.165162
0.006295 300.055 0.232915 101411 0.226609 1.17273
0.005555 300.571 0.232718 101411 0.226319 1.17045
0.000475 2102.15 0.000232643 101411 0.000157067 0.164335
0.001665 2072.15 0.00318908 101411 -0.000532018 0.166622
0.001085 2096.79 0.000783674 101411 0.000345887 0.164721
0.001925 2047.85 0.00535251 101410 -0.00602837 0.168566
0.006305 300.055 0.232915 101411 0.226613 1.17273
0.005565 300.543 0.232728 101411 0.225759 1.17057
0.000485 2102.14 0.000232608 101411 0.00021974 0.164336
0.000695 2101.17 0.00031974 101411 0.000217442 0.164403
0.001675 2071.51 0.00324952 101411 -0.000201885 0.166673
0.001095 2096.52 0.000811232 101411 0.000182336 0.164741
0.005845 300.148 0.232878 101410 0.226826 1.1723
7.5e-05 2102.29 0.000232694 101411 3.09653e-05 0.164331
0.001325 2090.69 0.0014193 101411 0.000835996 0.16518
0.006315 300.054 0.232916 101411 0.226629 1.17273
0.005575 300.516 0.232738 101412 0.227506 1.1707
0.000495 2102.13 0.000232568 101411 0.000241799 0.164336
0.001685 2070.86 0.00330966 101411 0.000882139 0.166723
0.001105 2096.26 0.000838718 101411 -0.00032592 0.164762
0.000705 2101.1 0.000326225 101411 0.000296958 0.164408
0.005125 304.836 0.231287 101411 0.22488 1.15295
0.006325 300.054 0.232916 101411 0.22665 1.17273
0.005585 300.489 0.232748 101411 0.225753 1.1708
0.000505 2102.11 0.000233537 101410 0.000165973 0.164336
0.001115 2095.99 0.000866128 101411 -0.000767633 0.164781
0.001695 2070.23 0.00336949 101410 0.0016902 0.166773
0.001935 2045.86 0.00552088 101411 -0.00336279 0.168731
0.005855 300.144 0.23288 101413 0.227305 1.17234
8.5e-05 2102.29 0.000232696 101411 3.93077e-05 0.164331
0.001335 2090.46 0.00144434 101411 -0.000107087 0.165198
0.000715 2101.04 0.000332689 101411 0.000268793 0.164412
0.006335 300.054 0.232916 101411 0.226669 1.17274
0.005595 300.463 0.232756 101411 0.226351 1.17091
0.000515 2102.09 0.000235369 101411 7.94376e-05 0.164339
0.001125 2095.73 0.00089346 101411 -0.000623964 0.164801
0.001705 2069.59 0.00342901 101410 0.00128632 0.166823
0.005135 304.603 0.231359 101411 0.224986 1.15388
0.005865 300.135 0.232883 101409 0.226978 1.17234
0.006345 300.053 0.232916 101411 0.226681 1.17274
0.005605 300.438 0.232765 101411 0.226273 1.17102
0.000525 2102.05 0.000238209 101411 9.77286e-05 0.164341
0.001135 2095.46 0.000920711 101411 1.19628e-05 0.164821
0.001945 2043.88 0.00568883 101412 -0.000809047 0.168895
0.001715 2068.96 0.00348821 101411 -1.25048e-05 0.166874
9.5e-05 2102.29 0.000232699 101411 4.9505e-05 0.164331
0.001345 2090.22 0.00146924 101411 -0.000233738 0.165216
0.006355 300.053 0.232916 101411 0.226688 1.17274
0.005615 300.418 0.232773 101411 0.22624 1.17111
0.000725 2100.97 0.000339134 101411 0.000170857 0.164417
0.000535 2102.02 0.000241042 101411 0.000217727 0.164344
0.001145 2095.2 0.000947878 101411 0.000444626 0.164841
0.005875 300.131 0.232884 101411 0.2264 1.17238
0.005145 304.378 0.231427 101411 0.22508 1.15478
0.001725 2068.33 0.00354709 101411 -0.000717893 0.166924
0.006365 300.053 0.232916 101411 0.226691 1.17274
0.005625 300.399 0.232781 101411 0.22622 1.17119
0.000545 2101.98 0.000243868 101411 0.000274202 0.164346
0.001155 2094.94 0.000974958 101411 0.000204055 0.164861
0.001955 2041.89 0.00585633 101411 -0.000972399 0.169057
0.000105 2102.29 0.000232701 101411 5.39231e-05 0.164331
0.006375 300.053 0.232916 101411 0.22669 1.17274
0.001355 2089.99 0.00149401 101411 0.000783925 0.165233
0.001735 2067.7 0.00360563 101411 0.000213326 0.166973
0.000735 2100.91 0.000345557 101411 9.71214e-05 0.164421
0.005635 300.381 0.232788 101411 0.226271 1.17127
0.000555 2101.95 0.000246687 101411 0.000174541 0.164348
0.005885 300.126 0.232886 101411 0.226252 1.1724
0.001165 2094.68 0.00100195 101411 -0.000377719 0.164881
0.006385 300.053 0.232916 101411 0.226688 1.17274
0.005155 304.16 0.231493 101411 0.225152 1.15565
0.001745 2067.08 0.00366384 101410 0.00197174 0.167021
0.005645 300.363 0.232795 101411 0.226384 1.17135
0.000565 2101.91 0.000249497 101411 3.90403e-05 0.164351
0.001965 2039.91 0.00602338 101410 -0.00303063 0.169218
0.000115 2102.29 0.000232704 101411 4.88399e-05 0.164332
0.001175 2094.42 0.00102884 101411 -0.000577734 0.1649
0.006395 300.052 0.232916 101411 0.226683 1.17274
0.001365 2089.76 0.00151863 101410 0.00185653 0.16525
0.005655 300.346 0.232801 101411 0.226508 1.17142
0.001755 2066.46 0.0037217 101410 0.00276169 0.167069
0.000575 2101.88 0.000252299 101411 3.37919e-05 0.164353
0.005895 300.121 0.232888 101411 0.226335 1.17242
0.000745 2100.85 0.000351958 101411 5.89483e-05 0.164426
0.005165 303.951 0.231556 101411 0.225198 1.15649
0.002245 1986.86 0.01045 101410 0.00626455 0.173703
0.005175 303.776 0.231616 101411 0.225213 1.15719
0.002565 1863.86 0.0202992 101410 -0.00389832 0.185138
0.005185 303.608 0.231674 101411 0.225202 1.15787
0.002255 1985.08 0.0105968 101411 0.00323986 0.17386
0.004805 320.288 0.226841 101411 0.221035 1.09518
0.005195 303.446 0.23173 101411 0.225181 1.15853
0.002265 1983.31 0.0107427 101412 8.78928e-05 0.174016
0.002575 1857.94 0.0207677 101411 -0.00195823 0.185728
0.005205 303.289 0.231783 101411 0.225165 1.15917
0.002275 1981.54 0.0108877 101412 0.00111959 0.17417
0.004815 319.447 0.227066 101411 0.221223 1.09816
0.002585 1852.04 0.021235 101412 0.00255669 0.186321
0.005215 303.137 0.231835 101411 0.225176 1.15979
0.002285 1979.79 0.0110317 101410 0.00598374 0.174321
0.004825 318.628 0.227284 101411 0.221404 1.10107
0.002595 1846.16 0.0217009 101412 0.00518005 0.186914
0.005225 302.991 0.231884 101411 0.225226 1.16038
0.002295 1978.05 0.0111747 101409 0.00974814 0.174472
0.004835 317.831 0.227495 101411 0.221574 1.10392
0.002605 1840.29 0.0221655 101411 0.00404316 0.187509
0.005235 302.851 0.231931 101411 0.225318 1.16095
0.002305 1976.31 0.0113167 101410 0.00803658 0.174625
0.004845 317.054 0.227699 101411 0.221733 1.10671
0.005245 302.715 0.231976 101411 0.22544 1.16151
0.002615 1834.43 0.0226286 101410 0.00161173 0.188106
0.002885 1686.3 0.0343686 101414 0.0224839 0.204651
0.002315 1974.59 0.0114577 101412 0.00214776 0.17478
0.004855 316.295 0.227897 101411 0.221891 1.10945
0.005255 302.584 0.232019 101411 0.225572 1.16205
0.002625 1828.6 0.0230903 101411 0.00156949 0.188707
0.004485 368.791 0.215042 101411 0.210873 0.947911
0.002325 1972.88 0.0115977 101413 -0.000698379 0.174933
0.004865 315.554 0.228088 101411 0.222054 1.11215
0.002895 1681.34 0.0347666 101415 0.0233881 0.205257
0.005265 302.457 0.232061 101411 0.225692 1.16256
0.002635 1822.78 0.0235504 101411 0.00467788 0.18931
0.002335 1971.18 0.0117366 101411 0.00444005 0.17508
0.004875 314.929 0.228272 101411 0.222216 1.11443
0.004495 366.452 0.215567 101411 0.211308 0.954081
0.005275 302.335 0.2321 101411 0.225782 1.16306
0.002645 1816.98 0.0240089 101411 0.00818702 0.189914
0.002905 1676.43 0.0351614 101410 0.0404174 0.20585
0.002345 1969.49 0.0118745 101409 0.0123467 0.175225
0.004885 314.328 0.228451 101411 0.222378 1.11664
0.004505 364.154 0.216081 101411 0.211722 0.96022
0.005285 302.216 0.232139 101411 0.225839 1.16355
0.002655 1811.2 0.0244658 101411 0.0090791 0.190519
0.002915 1671.57 0.035553 101407 0.0523416 0.206444
0.002355 1967.81 0.0120113 101408 0.0135124 0.175373
0.004895 313.746 0.228624 101411 0.222536 1.1188
0.005295 302.101 0.232175 101411 0.225851 1.16402
0.004515 361.896 0.216585 101411 0.212115 0.96633
0.002665 1805.44 0.0249209 101411 0.00737715 0.191126
0.002365 1966.14 0.0121471 101411 0.00712115 0.175525
0.002925 1666.77 0.0359412 101410 0.0443858 0.207047
0.004905 313.182 0.228792 101411 0.222679 1.12089
0.005305 301.99 0.23221 101411 0.225919 1.16448
0.004525 359.676 0.217077 101411 0.212474 0.972414
0.002675 1799.7 0.0253742 101411 0.00603721 0.191736
0.003205 1347.92 0.0706653 101411 0.0462692 0.256131
0.002375 1964.49 0.0122817 101413 0.000787963 0.175676
0.002935 1662.02 0.036326 101415 0.0290286 0.207651
0.005315 301.897 0.232243 101411 0.225381 1.16486
0.004915 312.636 0.228953 101411 0.222807 1.12292
0.004535 357.49 0.217559 101411 0.212803 0.978477
0.002685 1793.98 0.0258257 101411 0.00765317 0.192348
0.002385 1962.85 0.0124152 101413 -0.00120751 0.175822
0.002945 1657.32 0.0367074 101416 0.0219925 0.208244
0.003215 1335.41 0.0720655 101411 0.048734 0.258538
0.005325 301.809 0.232275 101409 0.227241 1.16522
0.004925 312.106 0.229109 101411 0.222928 1.1249
0.004545 355.336 0.218029 101411 0.213133 0.984527
0.002695 1788.29 0.0262752 101411 0.011513 0.192959
0.002395 1961.22 0.0125476 101412 -0.000866223 0.175966
0.005335 301.725 0.232305 101411 0.2256 1.16559
0.002955 1652.68 0.0370853 101414 0.022644 0.208828
0.003225 1322.9 0.0734662 101412 0.052147 0.260991
0.004935 311.592 0.22926 101411 0.223045 1.12683
0.004555 353.217 0.21849 101413 0.213487 0.990575
0.002705 1782.63 0.0267228 101411 0.0142519 0.193571
0.002405 1957.82 0.0127879 101318 -0.000421853 0.176109
0.005345 301.644 0.232335 101411 0.226399 1.16592
0.002965 1645.71 0.0376896 101263 0.0251121 0.209409
0.003235 1310.38 0.0748676 101412 0.0540603 0.263491
0.004945 311.093 0.229406 101411 0.223159 1.12871
0.004565 351.412 0.218938 101411 0.213842 0.995757
0.002715 1776.99 0.0271683 101410 0.0136071 0.194186
0.002415 1953.58 0.0131598 101412 0.000321295 0.176652
0.005355 301.566 0.232363 101411 0.226528 1.16625
0.002975 1635.61 0.038821 101414 0.0281386 0.211012
0.004955 310.609 0.229546 101411 0.223272 1.13054
0.003245 1297.86 0.0762695 101412 0.0546867 0.266039
0.004575 349.659 0.219377 101411 0.21423 1.00087
0.002725 1771.38 0.0276117 101411 0.0112427 0.194802
0.005365 301.492 0.232389 101411 0.226659 1.16656
0.002425 1947.57 0.0136404 101413 0.00120504 0.177198
0.002985 1623.11 0.0401849 101416 0.0295813 0.212641
0.004965 310.14 0.229682 101411 0.223385 1.13232
0.003255 1285.35 0.0776718 101411 0.0559598 0.268637
0.004585 347.948 0.219805 101411 0.214646 1.0059
0.002735 1765.8 0.028053 101412 0.0111884 0.19542
0.005375 301.42 0.232415 101411 0.226673 1.16686
0.002435 1941.56 0.0141206 101413 -0.000598755 0.177746
0.004975 309.685 0.229813 101411 0.223497 1.13406
0.002995 1610.61 0.0415512 101415 0.0223762 0.21429
0.003525 970.711 0.115662 101412 0.103096 0.356156
0.003265 1272.83 0.0790744 101412 0.0584163 0.271288
0.004595 346.278 0.220223 101411 0.215057 1.01087
0.005385 301.351 0.232439 101411 0.226589 1.16715
0.002745 1760.24 0.028492 101411 0.015131 0.196036
0.004985 309.243 0.229939 101411 0.223608 1.13574
0.002445 1935.55 0.0146003 101411 -0.00725688 0.178293
0.003005 1598.11 0.0429198 101410 0.0063973 0.215958
0.003275 1260.31 0.0804772 101412 0.060822 0.273993
0.004605 344.647 0.22063 101411 0.215456 1.01577
0.005395 301.284 0.232462 101411 0.226438 1.16743
0.003535 960.786 0.11706 101412 0.10477 0.359858
0.004995 308.814 0.230061 101411 0.223715 1.13739
0.002755 1754.72 0.0289287 101410 0.019888 0.196651
0.002455 1929.54 0.0150794 101409 -0.0139433 0.178843
0.003015 1585.61 0.0442907 101407 -0.0007651 0.217657
0.003285 1247.78 0.0818803 101412 0.0624379 0.276752
0.005405 301.22 0.232485 101411 0.226276 1.16769
0.004615 343.054 0.221028 101411 0.21585 1.0206
0.005005 308.397 0.230178 101411 0.223821 1.13899
0.003545 950.891 0.118453 101412 0.106402 0.363627
0.002765 1749.23 0.0293631 101410 0.0207238 0.197268
0.002465 1923.53 0.0155579 101409 -0.0123972 0.179401
0.003025 1573.11 0.0456637 101411 0.0130136 0.219397
0.005415 301.159 0.232506 101411 0.226158 1.16795
0.003295 1235.25 0.0832834 101412 0.0638879 0.279568
0.005015 307.991 0.230291 101411 0.223929 1.14055
0.004625 341.497 0.221415 101411 0.216239 1.02537
0.003845 680.536 0.157941 101412 0.152599 0.50944
0.002775 1743.77 0.029795 101411 0.0173338 0.197888
0.003555 941.026 0.119843 101412 0.108104 0.367464
0.002475 1917.53 0.0160358 101412 -0.00367307 0.179966
0.003035 1560.6 0.0470388 101415 0.0297755 0.221167
0.005425 301.1 0.232526 101411 0.226113 1.1682
0.003305 1222.72 0.0846866 101413 0.064522 0.282447
0.005025 307.651 0.230399 101411 0.224035 1.14187
0.004635 339.975 0.221793 101411 0.216618 1.03007
0.003855 673.133 0.159154 101412 0.153997 0.515099
0.005435 301.043 0.232545 101411 0.226132 1.16844
0.002785 1738.35 0.0302245 101412 0.0150608 0.198508
0.003565 931.191 0.121228 101412 0.109831 0.371371
0.002485 1911.54 0.016513 101413 0.00171405 0.180532
0.003045 1548.1 0.048416 101414 0.0282583 0.222954
0.003315 1210.18 0.0860896 101412 0.0677775 0.28538
0.005035 307.325 0.230504 101411 0.224113 1.14314
0.004165 481.308 0.192114 101411 0.188923 0.723214
0.005045 307.01 0.230605 101411 0.224243 1.14438
0.001185 2094.16 0.00105565 101411 -0.000149562 0.164919
0.005055 306.705 0.230703 101411 0.223729 1.14557
0.001375 2089.53 0.0015431 101410 0.00176978 0.165267
0.004175 476.383 0.19301 101411 0.189666 0.730791
0.001195 2093.91 0.00108235 101411 0.000457828 0.164939
0.005065 306.411 0.230796 101409 0.225534 1.14671
0.005665 300.33 0.232808 101411 0.226586 1.17149
0.004185 471.505 0.193895 101411 0.190336 0.738453
0.001385 2089.3 0.00156743 101411 0.000704726 0.165285
0.005075 306.126 0.230886 101411 0.22383 1.14784
0.001205 2093.65 0.00110895 101411 0.000604249 0.164958
0.005675 300.315 0.232814 101411 0.226599 1.17156
0.001765 2065.84 0.00377923 101410 0.00153839 0.167119
0.005085 305.851 0.230973 101411 0.224515 1.14893
0.004195 466.671 0.194768 101411 0.19098 0.746203
0.001395 2089.07 0.00159161 101411 -0.000137898 0.165302
0.005685 300.3 0.232819 101411 0.226563 1.17162
0.001215 2093.4 0.00113545 101411 0.000142008 0.164977
0.005095 305.585 0.231056 101411 0.224555 1.14998
0.001775 2065.23 0.0038364 101411 -0.000612536 0.167168
0.004205 461.878 0.19563 101411 0.191696 0.75405
0.005695 300.286 0.232825 101411 0.2265 1.17168
0.001405 2088.85 0.00161564 101411 -0.000213622 0.165319
0.005105 305.327 0.231136 101411 0.224667 1.151
0.001225 2093.14 0.00116184 101411 -0.000368074 0.164996
0.001785 2064.62 0.00389321 101412 -0.00102758 0.167217
0.004215 457.145 0.196482 101417 0.192546 0.762004
0.005705 300.272 0.23283 101411 0.22643 1.17174
0.000585 2101.84 0.000255091 101411 0.000143283 0.164355
0.001415 2088.63 0.00163951 101411 3.45516e-05 0.165335
0.005115 305.077 0.231213 101411 0.22477 1.15199
0.001235 2092.89 0.00118812 101411 -0.000287164 0.165015
0.004225 453.049 0.19732 101411 0.193353 0.768956
0.001795 2064.01 0.00394966 101411 0.00124382 0.167264
0.005715 300.259 0.232834 101411 0.226383 1.1718
0.000595 2101.81 0.000257874 101411 0.000216783 0.164358
0.001425 2088.19 0.00167788 101400 9.35851e-05 0.165352
0.001435 2087.7 0.00172911 101411 -6.64248e-06 0.165406
0.000125 2102.29 0.000232707 101411 4.19821e-05 0.164332
0.001445 2087 0.00179485 101411 -4.19775e-05 0.165461
0.001455 2086.3 0.00186042 101411 -0.000138467 0.165515
0.001465 2085.61 0.00192583 101411 -0.000699299 0.165569
0.000135 2102.29 0.000232711 101411 4.33858e-05 0.164332
0.001975 2037.94 0.00618995 101410 -0.00432965 0.169381
0.001475 2084.91 0.00199106 101410 -0.00151857 0.165622
0.000145 2102.28 0.000232714 101411 5.4567e-05 0.164332
0.001485 2084.22 0.00205612 101410 -0.00171443 0.165676
0.000155 2102.28 0.000232718 101411 6.59621e-05 0.164332
0.001495 2083.53 0.00212098 101411 -0.000998521 0.165731
0.000165 2102.28 0.000232722 101411 6.69399e-05 0.164332
0.005905 300.116 0.23289 101411 0.226336 1.17244
0.001505 2082.84 0.00218566 101411 -0.000150023 0.165785
0.000175 2102.28 0.000232727 101411 5.82507e-05 0.164332
0.001985 2035.96 0.00635604 101411 -0.00357995 0.169544
0.001515 2082.16 0.00225013 101411 -3.9893e-06 0.165838
0.000185 2102.28 0.000232731 101411 5.27138e-05 0.164332
0.001525 2081.47 0.0023144 101410 -0.000498201 0.165891
0.000195 2102.27 0.000232736 101411 6.1877e-05 0.164332
0.001995 2034 0.00652162 101411 -0.00159212 0.169708
0.005915 300.113 0.232891 101411 0.226293 1.17246
0.000755 2100.78 0.000358336 101411 1.30668e-05 0.16443
0.001535 2080.79 0.00237846 101410 -0.000967205 0.165944
0.000205 2102.27 0.000232741 101411 8.24303e-05 0.164332
0.002005 2032.04 0.00668668 101411 -0.000226541 0.169871
0.005925 300.109 0.232893 101411 0.226181 1.17247
0.001545 2080.11 0.0024423 101411 -0.00099825 0.165997
0.000215 2102.27 0.000232746 101411 9.81802e-05 0.164332
0.005935 300.105 0.232894 101411 0.226142 1.17249
0.002015 2030.08 0.0068512 101411 -0.000601643 0.170032
0.001555 2079.43 0.00250591 101411 -0.000591795 0.166051
0.005945 300.102 0.232896 101411 0.226231 1.17251
0.000225 2102.27 0.000232752 101411 9.75323e-05 0.164332
0.002025 2028.13 0.00701516 101410 -0.00192414 0.170194
0.000765 2100.69 0.000366914 101409 -5.67083e-06 0.164435
0.005955 300.099 0.232897 101411 0.226357 1.17252
0.001565 2078.76 0.0025693 101411 -5.1553e-05 0.166104
0.003055 1535.59 0.049795 101410 0.0164471 0.224764
0.000235 2102.27 0.000232757 101411 8.77237e-05 0.164332
0.002035 2026.18 0.00717856 101410 -0.00258811 0.170356
0.005965 300.096 0.232898 101411 0.226434 1.17254
0.000775 2100.6 0.00037738 101411 4.84848e-05 0.164444
0.001575 2078.09 0.00263244 101411 0.000201325 0.166156
0.005975 300.093 0.232899 101411 0.226439 1.17255
0.000245 2102.27 0.000232763 101411 8.86924e-05 0.164332
0.002045 2024.24 0.00734137 101411 -0.00183703 0.170519
0.000785 2100.48 0.000390043 101411 0.00012981 0.164453
0.001585 2077.42 0.00269535 101410 2.8219e-05 0.166208
0.005985 300.09 0.232901 101411 0.226416 1.17256
0.000255 2102.26 0.000232768 101411 0.000111239 0.164332
0.002055 2022.31 0.00750358 101411 -0.00031474 0.170682
0.000795 2100.35 0.00040268 101411 9.62744e-05 0.164462
0.001595 2076.75 0.002758 101410 -0.000373267 0.16626
0.005995 300.088 0.232902 101411 0.226422 1.17257
0.003065 1523.08 0.051176 101409 0.0140357 0.226611
0.002495 1905.55 0.0169895 101412 -0.00155769 0.181096
0.003075 1510.57 0.0525588 101411 0.0238935 0.228496
0.003085 1498.06 0.0539433 101413 0.0332729 0.230412
0.003095 1485.55 0.0553295 101413 0.0325143 0.232354
0.002505 1899.57 0.0174652 101410 -0.00761479 0.181662
0.003105 1473.04 0.0567173 101411 0.0267447 0.234326
0.004645 338.487 0.222161 101411 0.216983 1.03471
0.002515 1893.59 0.01794 101410 -0.00874635 0.182234
0.003115 1460.53 0.0581065 101410 0.0268278 0.236337
0.002525 1887.63 0.0184139 101411 -0.00395948 0.182812
0.003125 1448.02 0.0594972 101412 0.0337335 0.238386
0.002535 1881.67 0.0188868 101412 0.00150964 0.183392
0.003135 1435.51 0.0608893 101413 0.0392173 0.240471
0.004655 337.033 0.222519 101411 0.217329 1.03928
0.002795 1732.97 0.0306514 101412 0.0187605 0.199125
0.002545 1875.72 0.0193587 101412 0.00223986 0.183972
0.003145 1422.99 0.0622827 101412 0.0386889 0.242588
0.004665 335.612 0.222868 101411 0.217654 1.04379
0.002555 1869.78 0.0198295 101411 -0.00133807 0.184553
0.003155 1410.48 0.0636772 101411 0.0364979 0.244742
0.004675 334.224 0.223208 101411 0.217954 1.04824
0.003165 1397.97 0.0650729 101411 0.0382782 0.246938
0.003325 1197.64 0.0874925 101412 0.0694548 0.28838
0.003175 1385.46 0.0664696 101412 0.0431509 0.249175
0.003865 665.777 0.160359 101412 0.155384 0.520849
0.003185 1372.95 0.0678673 101412 0.0462761 0.251452
0.003195 1360.44 0.0692659 101412 0.0462521 0.25377
0.003335 1185.09 0.0888952 101412 0.0709652 0.291444
0.003575 921.385 0.12261 101412 0.111507 0.37535
0.003345 1172.53 0.0902975 101412 0.0725436 0.294577
0.003355 1159.97 0.0916994 101412 0.0742491 0.297781
0.003365 1147.39 0.0931009 101412 0.0760786 0.301058
0.003585 911.61 0.123987 101412 0.113156 0.379402
0.003375 1134.8 0.0945017 101412 0.0779576 0.30441
0.001245 2092.64 0.00121429 101411 0.00036671 0.165034
0.003595 901.863 0.12536 101412 0.114827 0.38353
0.003385 1122.2 0.0959019 101412 0.0796547 0.307842
0.003605 892.146 0.126728 101412 0.11651 0.387737
0.003395 1109.58 0.0973013 101412 0.0811071 0.311356
0.003615 882.458 0.128092 101412 0.118173 0.392024
0.003405 1096.95 0.0986999 101412 0.0825809 0.314957
0.001255 2092.39 0.00124035 101411 0.000913797 0.165052
0.005725 300.247 0.232839 101411 0.226392 1.17186
0.003625 872.797 0.129451 101412 0.119821 0.396394
0.003415 1084.3 0.100097 101412 0.0842897 0.318647
0.001265 2092.15 0.00126628 101411 0.000751577 0.165071
0.003635 863.165 0.130805 101412 0.121466 0.400849
0.003425 1072 0.101498 101447 0.0862013 0.322431
0.001275 2091.9 0.0012921 101411 6.1924e-05 0.16509
0.003645 853.56 0.132155 101412 0.123101 0.405392
0.004235 449.039 0.198148 101411 0.194311 0.775928
0.003655 843.981 0.133499 101412 0.124722 0.410027
0.003665 834.427 0.134839 101412 0.126327 0.414756
0.003675 824.899 0.136174 101412 0.127901 0.419583
0.004245 445.087 0.198965 101411 0.195346 0.782925
0.003685 815.393 0.137504 101412 0.129438 0.424511
0.001805 2063.41 0.00400575 101410 0.00376736 0.16731
0.004255 441.19 0.199769 101411 0.196368 0.789947
0.003695 805.909 0.138828 101412 0.130962 0.429545
0.000605 2101.76 0.000261997 101410 0.00017481 0.16436
0.004265 437.347 0.200561 101411 0.19731 0.796998
0.003705 796.446 0.140147 101412 0.13247 0.434688
0.004275 433.554 0.201342 101411 0.198174 0.804079
0.003715 787 0.141461 101412 0.13391 0.439945
0.001815 2062.81 0.00406146 101410 0.00359421 0.167358
0.004285 429.812 0.202111 101411 0.198961 0.811191
0.003725 777.569 0.142769 101412 0.135274 0.445322
0.000615 2101.7 0.000267267 101411 8.5411e-05 0.164365
0.001825 2062.22 0.0041168 101411 0.00107236 0.167406
0.000265 2102.26 0.000232773 101411 0.00014287 0.164332
0.004295 426.118 0.202868 101411 0.199652 0.818333
0.003735 768.151 0.144072 101412 0.136648 0.450825
0.000625 2101.64 0.000273876 101411 6.38477e-05 0.16437
0.001835 2061.63 0.00417176 101412 -0.00100689 0.167454
0.002065 2020.38 0.00766517 101411 0.000681501 0.170843
0.004305 422.473 0.203614 101411 0.200342 0.825506
0.003745 758.742 0.145369 101412 0.138138 0.456458
0.000635 2101.57 0.000280473 101411 0.000130478 0.164375
0.001845 2061.04 0.00422633 101411 -0.00145594 0.167501
0.004315 418.877 0.204347 101411 0.200348 0.832705
0.003755 749.475 0.14666 101430 0.139788 0.46223
0.000275 2102.26 0.000232779 101411 0.000159096 0.164332
0.001855 2060.45 0.00428051 101411 -0.00125878 0.167546
0.004325 415.33 0.205069 101410 0.202814 0.83992
0.003765 741.499 0.147944 101412 0.140944 0.467165
0.000285 2102.26 0.000232784 101411 0.000150317 0.164332
0.001865 2059.24 0.00437394 101379 -0.00127154 0.167592
0.002075 2018.45 0.00782612 101410 0.000413676 0.171004
0.004335 411.832 0.20578 101411 0.201551 0.847181
0.003775 733.707 0.149222 101412 0.142335 0.472173
0.000805 2100.23 0.000415287 101411 -0.000107194 0.16447
0.000295 2102.26 0.000232788 101411 0.00013554 0.164332
0.001875 2057.86 0.00450487 101411 -0.00123042 0.167755
0.002085 2016.54 0.00798643 101410 -0.000647308 0.171165
0.004345 408.384 0.206478 101411 0.202799 0.854449
0.003785 725.964 0.150491 101412 0.143816 0.477257
0.006005 300.085 0.232903 101411 0.226475 1.17258
0.000305 2102.25 0.000232793 101411 0.000143733 0.164332
0.001885 2055.86 0.00467511 101412 -0.000912234 0.167918
0.002095 2014.63 0.00814607 101411 -0.00127185 0.171327
0.004355 404.984 0.207165 101411 0.203385 0.861737
0.003795 718.271 0.151753 101412 0.145345 0.482419
0.004685 332.867 0.223538 101411 0.218221 1.05262
0.000315 2102.25 0.000232796 101411 0.000180273 0.164332
0.002805 1727.62 0.0310757 101410 0.0261035 0.199739
0.001895 2053.85 0.00484502 101412 -0.00121828 0.168081
0.003805 710.627 0.153007 101412 0.146835 0.487659
0.004365 401.633 0.207841 101411 0.204009 0.869044
0.000815 2100.11 0.000427865 101411 -0.00031313 0.164479
0.004695 331.541 0.223859 101411 0.218455 1.05694
0.003875 658.466 0.161555 101412 0.156756 0.526691
0.004705 330.241 0.224172 101411 0.218675 1.0612
0.003885 651.202 0.162742 101412 0.158108 0.532627
0.004715 328.97 0.224476 101412 0.218903 1.06542
0.004725 327.891 0.22477 101411 0.219133 1.06902
0.003895 643.983 0.163921 101411 0.159438 0.53866
0.003435 1061.4 0.102925 101412 0.087733 0.325554
0.004735 326.847 0.225057 101411 0.21936 1.07253
0.003905 636.808 0.165091 101411 0.160749 0.544793
0.004745 325.833 0.225335 101411 0.219663 1.07597
0.003915 629.676 0.166253 101411 0.162043 0.551028
0.004755 324.846 0.225606 101411 0.21933 1.07934
0.003925 622.587 0.167405 101411 0.163314 0.557368
0.003445 1051.21 0.104353 101412 0.0893204 0.328729
0.004765 323.885 0.225868 101409 0.221336 1.08263
0.003935 615.54 0.168549 101411 0.164552 0.563817
0.005735 300.235 0.232843 101411 0.22645 1.17191
0.003455 1041.04 0.105779 101412 0.0907626 0.331958
0.004775 322.95 0.226123 101411 0.219797 1.08587
0.003945 608.532 0.169683 101411 0.165763 0.570379
0.006015 300.083 0.232903 101411 0.226551 1.1726
0.004785 322.039 0.226369 101411 0.220645 1.08904
0.003465 1030.9 0.107201 101412 0.092361 0.33524
0.003955 601.562 0.170809 101411 0.166958 0.577058
0.004795 321.152 0.226609 101411 0.220817 1.09214
0.003475 1020.79 0.10862 101412 0.0943253 0.338579
0.003965 594.628 0.171925 101411 0.16811 0.583859
0.005745 300.224 0.232847 101411 0.226503 1.17196
0.001905 2051.85 0.00501456 101411 -0.00324539 0.168242
0.005755 300.214 0.232851 101411 0.226509 1.172
0.002105 2012.72 0.00830503 101411 -0.000614142 0.171489
0.002115 2010.83 0.00846329 101411 0.000950927 0.171649
0.003815 703.032 0.154253 101412 0.14828 0.492979
0.002125 2008.94 0.00862083 101410 0.00207898 0.171808
0.002135 2007.05 0.00877765 101410 0.00171761 0.171968
0.002145 2005.18 0.00893372 101411 0.000282481 0.172128
0.003825 695.485 0.15549 101412 0.149728 0.498381
0.002155 2003.31 0.00908903 101411 -0.000547584 0.172289
0.002815 1722.31 0.0314973 101409 0.0292585 0.200355
0.003835 687.987 0.15672 101412 0.151177 0.503868
0.002165 2001.45 0.00924356 101411 0.000501392 0.172448
0.002175 1999.6 0.0093973 101411 0.00275441 0.172606
0.004375 398.327 0.208505 101411 0.204599 0.876373
0.002185 1997.75 0.00955023 101410 0.00400329 0.172763
0.002195 1995.91 0.00970234 101410 0.00284278 0.172921
0.004385 395.063 0.209157 101411 0.20521 0.88373
0.002205 1994.09 0.00985361 101411 0.000524478 0.17308
0.000825 2099.99 0.000440411 101411 -0.000278106 0.164488
0.004395 391.848 0.209799 101414 0.205859 0.891129
0.006025 300.081 0.232904 101411 0.22662 1.17261
0.002215 1992.27 0.010004 101412 -7.32653e-05 0.173238
0.003485 1010.72 0.110035 101412 0.0962676 0.341975
0.004405 389.08 0.210427 101411 0.206465 0.897557
0.003975 587.726 0.173032 101411 0.169183 0.590788
0.002225 1990.46 0.0101536 101411 0.00234878 0.173394
0.006035 300.079 0.232905 101411 0.226676 1.17262
0.001915 2049.85 0.00518373 101410 -0.00582203 0.168404
0.004415 386.38 0.211044 101411 0.207097 0.903949
0.003495 1000.67 0.111447 101412 0.0978973 0.345429
0.000835 2099.88 0.000452924 101411 -1.67879e-05 0.164497
0.002825 1717.03 0.0319162 101411 0.0246369 0.200974
0.002235 1988.65 0.0103022 101410 0.00566192 0.173548
0.006045 300.077 0.232906 101411 0.226713 1.17262
0.003985 580.854 0.17413 101411 0.170227 0.597853
0.003995 574.006 0.175219 101411 0.171335 0.60506
0.000845 2099.76 0.000465402 101411 0.000176564 0.164505
0.004005 567.238 0.176299 101422 0.172556 0.61242
0.004015 561.401 0.177367 101411 0.173466 0.618804
0.004025 555.679 0.178426 101411 0.174537 0.625257
0.000855 2099.64 0.000477844 101411 8.43421e-05 0.164514
0.004425 383.73 0.21165 101411 0.207737 0.910309
0.004035 550.014 0.179474 101411 0.175676 0.631778
0.000865 2099.52 0.000490249 101411 -0.00016339 0.164522
0.004045 544.407 0.180512 101411 0.17683 0.638368
0.000875 2099.41 0.000502615 101411 -0.000250646 0.164531
0.000885 2099.29 0.000514941 101411 -5.84567e-05 0.164539
0.004055 538.856 0.181539 101411 0.177943 0.645028
0.004435 381.129 0.212244 101411 0.208344 0.916641
0.000895 2099.17 0.000527225 101411 0.000217798 0.164548
0.003505 990.653 0.112856 101412 0.0994955 0.348942
0.004065 533.361 0.182555 101411 0.179038 0.651759
0.004445 378.573 0.212826 101411 0.208903 0.922947
0.000905 2099.06 0.000539465 101411 0.000284784 0.164556
0.004455 376.063 0.213397 101411 0.209432 0.929228
0.000915 2098.95 0.000551662 101411 7.54848e-05 0.164564
0.004075 527.921 0.18356 101411 0.180136 0.658562
0.004465 373.595 0.213957 101411 0.209937 0.935484
0.000925 2098.83 0.000563812 101411 -0.000143222 0.164573
0.004085 522.534 0.184554 101411 0.181222 0.665439
0.003515 980.667 0.114261 101412 0.101285 0.352518
0.004475 371.172 0.214505 101411 0.210416 0.941712
0.000935 2098.72 0.000575916 101411 -7.78111e-05 0.164581
0.002835 1711.8 0.0323322 101413 0.019014 0.201593
0.006055 300.075 0.232907 101411 0.226719 1.17263
0.004095 517.201 0.185537 101411 0.182286 0.672391
0.000945 2098.61 0.00058797 101411 0.00023729 0.164589
0.002845 1706.61 0.0327455 101413 0.0219528 0.202207
0.004105 511.919 0.18651 101411 0.183333 0.679418
0.000955 2098.5 0.000599975 101411 0.000494017 0.164597
0.006065 300.074 0.232907 101411 0.226692 1.17264
0.002855 1701.47 0.0331558 101410 0.0327032 0.202814
0.004115 506.69 0.187471 101411 0.184361 0.686522
0.006075 300.072 0.232908 101411 0.226644 1.17265
0.002865 1696.36 0.0335631 101408 0.0396912 0.203422
0.004125 501.512 0.188422 101411 0.185362 0.693704
0.002875 1691.31 0.0339674 101410 0.0340076 0.204035
0.004135 496.384 0.189362 101411 0.186331 0.700963
0.004145 491.308 0.19029 101411 0.187254 0.708301
0.004155 486.283 0.191208 101411 0.188117 0.715718
