0.003845 2028.8 0.104438 342713 -0.0639358 0.579861
0.003855 2028.92 0.104323 342713 -0.0642564 0.579819
0.003865 2029.03 0.10421 342713 -0.0645766 0.57978
0.003875 2029.12 0.104097 342713 -0.0648964 0.579745
0.003885 2029.2 0.103986 342713 -0.0652157 0.579714
0.003895 2029.26 0.103876 342713 -0.0655346 0.579687
0.003905 2029.31 0.103768 342713 -0.0658529 0.579663
0.003915 2029.35 0.10366 342713 -0.0661708 0.579643
0.003925 2029.38 0.103554 342713 -0.0664879 0.579627
0.003935 2029.39 0.103449 342713 -0.0668056 0.579615
0.003945 2029.39 0.103345 342713 -0.0671219 0.579606
0.003955 2029.37 0.103242 342713 -0.0674382 0.579601
0.003965 2029.35 0.103141 342713 -0.0677531 0.579599
0.003975 2029.31 0.10304 342713 -0.0680678 0.579601
0.003985 2029.25 0.102941 342713 -0.0683821 0.579607
0.003995 2029.19 0.102843 342713 -0.0686958 0.579616
0.004005 2029.11 0.102745 342713 -0.069009 0.579629
0.004015 2029.02 0.102649 342713 -0.0693216 0.579645
0.004025 2028.91 0.102555 342713 -0.0696336 0.579665
0.004035 2028.8 0.102461 342713 -0.069945 0.579688
0.004045 2028.67 0.102368 342713 -0.0702558 0.579715
0.004055 2028.53 0.102277 342713 -0.070566 0.579745
0.004065 2028.38 0.102186 342713 -0.0708756 0.579778
0.004075 2028.21 0.102097 342713 -0.0711851 0.579815
0.004085 2027.94 0.102009 342713 -0.0714902 0.579883
0.004095 2027.66 0.101922 342713 -0.0717942 0.579954
0.004105 2027.36 0.101836 342713 -0.0720982 0.580028
0.004115 2027.06 0.101751 342713 -0.0724015 0.580105
0.004125 2026.74 0.101667 342713 -0.0727042 0.580186
0.004135 2026.41 0.101584 342713 -0.0730064 0.580269
0.004145 2026.07 0.101502 342713 -0.0733079 0.580356
0.004155 2025.72 0.101421 342713 -0.0736089 0.580446
0.005125 1954.78 0.097653 342713 -0.0995735 0.600406
0.004165 2025.36 0.101342 342713 -0.0739092 0.58054
0.007365 416.503 0.22918 342709 0.00495833 2.84825
0.005135 1953.84 0.0976536 342713 -0.0998204 0.600684
0.007045 530.198 0.213902 342715 -0.0040008 2.22725
0.006405 1607.1 0.108203 342716 -0.109863 0.728859
0.004175 2024.98 0.101263 342713 -0.0742089 0.580636
0.005145 1952.89 0.0976552 342713 -0.100067 0.600964
0.007375 415.193 0.229381 342714 0.00304887 2.85753
0.007055 523.81 0.214734 342715 -0.003493 2.25483
0.004185 2024.6 0.101185 342713 -0.074508 0.580735
0.006415 1581.96 0.110254 342716 -0.107537 0.740459
0.005155 1951.95 0.0976577 342714 -0.100314 0.601246
0.003525 2014.24 0.108773 342713 -0.0534184 0.584285
0.007385 413.939 0.229571 342714 0.00365667 2.86643
0.007065 517.613 0.215537 342714 -0.00290428 2.28225
0.004195 2024.21 0.101108 342713 -0.0748065 0.580838
0.006425 1556.89 0.1123 342716 -0.105247 0.752401
0.005165 1950.99 0.0976611 342714 -0.10056 0.601529
0.007395 412.738 0.229751 342714 0.00356924 2.875
0.003535 2014.97 0.108617 342713 -0.0537522 0.584068
0.004205 2023.8 0.101033 342713 -0.0751043 0.580944
0.006435 1531.89 0.114342 342716 -0.102991 0.764703
0.007075 511.599 0.216313 342714 -0.00234792 2.3095
0.005175 1950.04 0.0976653 342714 -0.100806 0.601814
0.007405 411.587 0.229921 342714 0.00352956 2.88327
0.003545 2015.68 0.108463 342713 -0.0540859 0.583856
0.004215 2023.38 0.100958 342713 -0.0754014 0.581052
0.007085 505.765 0.21706 342714 -0.00181898 2.33656
0.005185 1949.07 0.0976705 342714 -0.101052 0.602101
0.007415 410.629 0.230081 342714 0.00346154 2.89021
0.006445 1506.95 0.116378 342716 -0.100765 0.777382
0.004225 2022.96 0.100884 342713 -0.0756979 0.581164
0.003555 2016.37 0.10831 342713 -0.0544193 0.583648
0.007095 500.105 0.217781 342714 -0.00131926 2.36343
0.005195 1948.11 0.0976766 342714 -0.101298 0.602389
0.007425 409.717 0.230232 342714 0.00339102 2.89686
0.005445 1925.28 0.0980916 342714 -0.10779 0.60926
0.004235 2022.52 0.100812 342713 -0.0759938 0.581279
0.003565 2017.05 0.108159 342713 -0.0547523 0.583445
0.006455 1482.07 0.11841 342716 -0.0985648 0.790459
0.007105 494.615 0.218476 342714 -0.000847972 2.39009
0.005205 1947.14 0.0976836 342714 -0.101543 0.602679
0.007435 408.847 0.230374 342714 0.00331252 2.90322
0.004245 2022.07 0.10074 342713 -0.0762889 0.581396
0.005455 1924.32 0.0981163 342714 -0.108065 0.609555
0.003575 2017.72 0.108009 342713 -0.055085 0.583246
0.007115 489.288 0.219145 342714 -0.000396796 2.41653
0.006465 1457.25 0.120437 342716 -0.0963862 0.803953
0.005215 1946.16 0.0976914 342714 -0.101788 0.602971
0.007445 408.018 0.230508 342714 0.00322706 2.90931
0.004255 2021.61 0.100669 342713 -0.0765834 0.581517
0.005465 1923.34 0.0981413 342714 -0.108339 0.609852
0.003585 2018.37 0.10786 342713 -0.0554174 0.583052
0.000965 1192.35 0.181744 342714 0.00663116 0.986344
0.007125 484.12 0.219789 342715 5.95779e-05 2.44275
0.006475 1432.48 0.122459 342716 -0.0942245 0.817885
0.005225 1945.19 0.0977002 342714 -0.102032 0.603264
0.007455 407.227 0.230634 342714 0.00313474 2.91514
0.004265 2021.14 0.100599 342713 -0.0768772 0.581641
0.005475 1922.36 0.0981666 342714 -0.108614 0.610152
0.000645 1092.63 0.189792 342714 0.00750974 1.07629
0.003595 2019.01 0.107712 342713 -0.0557495 0.582862
0.007135 479.544 0.220408 342714 0.000391295 2.46647
0.000975 1195.89 0.181456 342714 0.00658244 0.983422
0.006485 1407.77 0.124476 342716 -0.0920751 0.83228
0.007465 406.472 0.230752 342714 0.00303647 2.92073
0.005235 1944.2 0.0977098 342714 -0.102277 0.603559
0.004275 2020.67 0.10053 342713 -0.0771702 0.581768
0.005485 1921.36 0.0981921 342714 -0.10889 0.610455
0.000655 1095.27 0.189579 342714 0.00749911 1.07368
0.003605 2019.62 0.107566 342713 -0.0560813 0.582677
0.007145 475.123 0.221003 342714 0.00075242 2.48984
0.000985 1199.46 0.181167 342714 0.00653223 0.9805
0.006495 1383.1 0.126487 342716 -0.0899328 0.847159
0.007475 405.751 0.230863 342714 0.00293193 2.92609
0.004285 2020.18 0.100462 342713 -0.0774626 0.581897
0.005245 1943.22 0.0977203 342714 -0.102518 0.603855
0.005495 1920.36 0.0982177 342714 -0.109165 0.610762
0.000665 1097.96 0.189364 342714 0.00748761 1.07106
0.003615 2020.23 0.107421 342713 -0.0564128 0.582496
0.007155 470.851 0.221574 342714 0.00108792 2.51284
0.000995 1203.05 0.180876 342714 0.00648053 0.977578
0.007485 405.173 0.230967 342714 0.00281953 2.93042
0.006505 1358.49 0.128493 342716 -0.0877929 0.86255
0.004295 2019.68 0.100395 342713 -0.0777542 0.58203
0.005255 1942.23 0.0977317 342714 -0.102764 0.604153
0.005505 1919.35 0.0982434 342714 -0.109441 0.611071
0.003625 2020.82 0.107277 342713 -0.056744 0.58232
0.002885 1909.74 0.121487 342713 -0.0321531 0.616478
0.000675 1100.67 0.189145 342714 0.00747521 1.06842
0.007165 466.722 0.222122 342714 0.00140046 2.53547
0.001005 1206.66 0.180583 342714 0.00642731 0.974658
0.007495 404.625 0.231063 342714 0.00270446 2.93454
0.006515 1333.93 0.130493 342717 -0.0856502 0.878477
0.004305 2019.17 0.100329 342713 -0.078045 0.582165
0.005515 1918.33 0.0982692 342714 -0.109717 0.611383
0.005265 1941.39 0.0977439 342714 -0.103016 0.604401
0.003635 2021.39 0.107135 342713 -0.057075 0.582147
0.002895 1912.26 0.121247 342713 -0.032481 0.615666
0.000685 1103.42 0.188924 342714 0.00746189 1.06576
0.007175 462.731 0.222648 342714 0.00168957 2.55774
0.001015 1210.29 0.180289 342714 0.00637258 0.971738
0.007505 404.105 0.231153 342714 0.00258398 2.93845
0.006525 1309.42 0.132487 342717 -0.0834984 0.894968
0.004315 2018.65 0.100264 342713 -0.0783351 0.582303
0.005525 1917.3 0.0982949 342714 -0.109992 0.611698
0.003645 2021.95 0.106994 342713 -0.0574057 0.58198
0.002905 1914.76 0.121008 342713 -0.032809 0.614862
0.005275 1940.55 0.097757 342714 -0.10327 0.604652
0.007185 458.874 0.223153 342714 0.00195985 2.57964
0.007515 403.613 0.231237 342714 0.00245885 2.94217
0.001025 1213.94 0.179992 342714 0.00631632 0.968819
0.000695 1106.2 0.1887 342714 0.00744761 1.06308
0.006535 1284.97 0.134473 342717 -0.0813386 0.912052
0.005535 1916.27 0.0983205 342714 -0.110267 0.612016
0.004325 2018.12 0.1002 342713 -0.0786244 0.582444
0.003655 2022.49 0.106854 342713 -0.0577362 0.581816
0.002915 1917.24 0.12077 342713 -0.0331377 0.614066
0.005285 1939.71 0.097771 342714 -0.103526 0.604905
0.007195 455.144 0.223636 342714 0.0022258 2.60118
0.007525 403.145 0.231315 342714 0.00233023 2.9457
0.001035 1217.61 0.179695 342714 0.00625853 0.965903
0.006545 1260.58 0.136452 342717 -0.0789496 0.929759
0.000705 1109.02 0.188474 342714 0.00743237 1.06038
0.005545 1915.22 0.0983459 342714 -0.110541 0.612337
0.004335 2017.58 0.100137 342713 -0.078913 0.582588
0.003665 2023.02 0.106715 342713 -0.0580665 0.581657
0.002925 1919.7 0.120533 342713 -0.0334663 0.613277
0.005295 1938.86 0.0977857 342714 -0.103783 0.605159
0.007205 451.888 0.224098 342714 0.00241839 2.6203
0.007535 402.702 0.231387 342714 0.00219631 2.94906
0.001045 1221.3 0.179395 342714 0.00619919 0.96299
0.006555 1236.29 0.138423 342724 -0.0767729 0.948104
5e-06 1004.73 0.196828 342713 0.00743395 1.17046
0.000325 1027.51 0.195011 342713 0.00753427 1.1445
0.000715 1111.86 0.188245 342714 0.00741612 1.05767
0.004345 2017.04 0.100074 342713 -0.0792006 0.582735
0.005555 1914.17 0.0983711 342714 -0.110815 0.612662
0.003675 2023.54 0.106578 342713 -0.0583966 0.581502
0.002935 1922.02 0.120298 342713 -0.0337913 0.612534
0.005305 1938 0.0978013 342714 -0.104042 0.605416
0.007545 402.379 0.231453 342714 0.00205777 2.95153
0.007215 448.754 0.224541 342714 0.00262067 2.63898
0.001055 1225.01 0.179094 342714 0.00613831 0.960079
0.006565 1215.41 0.140482 342716 -0.0750911 0.964438
1.5e-05 1004.78 0.196824 342713 0.00743383 1.17041
0.000725 1114.74 0.188013 342714 0.00739886 1.05494
0.000335 1028.93 0.194898 342713 0.00753868 1.14292
0.004355 2016.48 0.100013 342713 -0.0794875 0.582884
0.005565 1913.1 0.098396 342714 -0.111088 0.612989
0.003685 2024.04 0.106442 342713 -0.0587264 0.581352
0.002945 1924.33 0.120064 342713 -0.034116 0.611798
0.005315 1937.14 0.0978176 342714 -0.104303 0.605675
0.007555 402.078 0.231513 342714 0.00191841 2.95384
0.006575 1194.69 0.142529 342712 -0.0747789 0.981225
0.001065 1228.74 0.178791 342714 0.00607586 0.957171
0.007225 445.737 0.224964 342714 0.00280288 2.65722
2.5e-05 1004.86 0.196817 342713 0.00743414 1.1703
0.000735 1117.65 0.187779 342714 0.00738056 1.0522
0.004365 2015.91 0.0999523 342713 -0.0797735 0.583037
0.003695 2024.52 0.106307 342713 -0.0590561 0.581206
0.005575 1912.03 0.0984204 342714 -0.111359 0.613319
0.000345 1030.39 0.194781 342713 0.00754299 1.1413
0.002955 1926.62 0.119832 342713 -0.03444 0.61107
0.005325 1936.27 0.0978347 342714 -0.104564 0.605936
0.007565 401.798 0.231569 342714 0.00177523 2.95599
0.006585 1174.11 0.144562 342716 -0.0710224 0.998516
0.001075 1232.48 0.178487 342714 0.00601184 0.954268
0.007235 442.831 0.225368 342714 0.00296676 2.67502
3.5e-05 1004.99 0.196807 342713 0.00743475 1.17015
0.000745 1120.59 0.187542 342714 0.00736119 1.04944
0.004375 2015.34 0.0998925 342713 -0.0800586 0.583191
0.003705 2024.99 0.106174 342713 -0.0593856 0.581064
0.005585 1910.95 0.0984443 342714 -0.111629 0.613652
0.000355 1031.89 0.194661 342713 0.00754719 1.13964
0.002965 1928.9 0.1196 342713 -0.0347633 0.610348
0.005335 1935.4 0.0978526 342714 -0.104827 0.606199
0.007575 401.537 0.231619 342714 0.00162942 2.958
0.006595 1153.67 0.146582 342717 -0.0695798 1.01629
0.001085 1236.24 0.178181 342714 0.00594624 0.951368
0.007245 440.033 0.225755 342714 0.00311234 2.69239
4.5e-05 1005.17 0.196793 342713 0.00743565 1.16995
0.000755 1123.56 0.187302 342714 0.00734075 1.04667
0.003715 2025.44 0.106042 342713 -0.059715 0.580926
0.004385 2014.75 0.0998337 342713 -0.0803427 0.583349
0.005595 1909.87 0.0984677 342714 -0.111898 0.613988
0.000365 1033.43 0.194538 342713 0.00755124 1.13794
0.002975 1931.15 0.119371 342713 -0.0350862 0.609633
0.005345 1934.52 0.0978712 342714 -0.105091 0.606465
0.007585 401.294 0.231664 342714 0.00148101 2.95986
0.006605 1133.37 0.148588 342717 -0.0675375 1.03458
0.001095 1240.02 0.177873 342714 0.00587905 0.948473
0.007255 437.336 0.226123 342714 0.00324212 2.70935
5.5e-05 1005.38 0.196776 342713 0.00743683 1.1697
0.000765 1126.56 0.187061 342714 0.00731921 1.04388
0.004395 2014.16 0.0997757 342713 -0.080626 0.583509
0.003725 2025.88 0.105911 342713 -0.0600442 0.580792
0.005605 1908.77 0.0984904 342714 -0.112165 0.614326
0.000375 1035.01 0.194411 342713 0.00755512 1.13619
0.002985 1933.4 0.119142 342713 -0.0354086 0.608925
0.005355 1933.63 0.0978906 342714 -0.105357 0.606733
0.006615 1113.22 0.150578 342717 -0.0655097 1.0534
0.007595 401.07 0.231704 342714 0.00133245 2.96159
0.001105 1243.82 0.177565 342714 0.00581027 0.945582
0.007265 434.736 0.226475 342714 0.0033637 2.7259
6.5e-05 1005.64 0.196756 342713 0.00743827 1.1694
0.000775 1129.59 0.186816 342714 0.00729654 1.04108
0.004405 2013.56 0.0997185 342713 -0.0809083 0.583672
0.003735 2026.31 0.105781 342713 -0.0603732 0.580663
0.005615 1907.67 0.0985123 342714 -0.112429 0.614668
0.000385 1036.64 0.194281 342713 0.00755882 1.13441
0.002995 1935.62 0.118915 342713 -0.0357309 0.608223
0.005365 1932.73 0.0979106 342714 -0.105623 0.607003
0.006625 1093.23 0.152554 342717 -0.0634765 1.07277
0.007605 400.862 0.23174 342714 0.0011781 2.96319
0.001115 1247.63 0.177254 342714 0.00573987 0.942697
0.007275 432.492 0.226811 342714 0.00344437 2.74038
7.5e-05 1005.94 0.196732 342713 0.00743996 1.16905
0.000785 1132.66 0.186569 342714 0.00727275 1.03827
0.004415 2012.95 0.0996623 342713 -0.0811896 0.583838
0.003745 2026.72 0.105653 342713 -0.0607031 0.580538
0.005625 1906.56 0.0985334 342714 -0.112691 0.615012
0.000395 1038.3 0.194148 342713 0.00756232 1.13259
0.003005 1937.83 0.118689 342713 -0.0360532 0.607529
0.005375 1931.83 0.0979312 342714 -0.105891 0.607276
0.006635 1073.4 0.154513 342717 -0.0614453 1.09269
0.007615 400.757 0.23177 342714 0.00102202 2.96401
0.001125 1251.46 0.176943 342714 0.00566785 0.939818
0.007285 430.34 0.22713 342714 0.00352498 2.75441
8.5e-05 1006.29 0.196704 342713 0.00744189 1.16865
0.003205 1975.94 0.114448 342713 -0.0426134 0.595762
0.004425 2012.33 0.0996068 342713 -0.0814699 0.584006
0.003755 2027.11 0.105526 342713 -0.0610323 0.580417
0.000795 1135.74 0.18632 342714 0.0072478 1.03545
0.005635 1905.44 0.0985535 342713 -0.112951 0.615358
0.000405 1040.01 0.194012 342713 0.00756557 1.13073
0.003015 1940.02 0.118464 342713 -0.0363758 0.606841
0.005385 1930.92 0.0979525 342714 -0.10616 0.607552
0.007625 400.668 0.231797 342714 0.00086848 2.96472
0.006645 1053.73 0.156457 342717 -0.0594183 1.1132
0.001135 1255.31 0.17663 342714 0.0055942 0.936944
0.007295 428.274 0.227434 342714 0.00359077 2.76802
9.5e-05 1006.67 0.196673 342713 0.00744405 1.1682
0.004435 2011.7 0.0995522 342713 -0.0817493 0.584177
0.003765 2027.36 0.1054 342713 -0.0613559 0.58034
0.003215 1977.49 0.11425 342713 -0.0429484 0.595289
0.000805 1138.86 0.186069 342714 0.00722169 1.03261
0.005645 1904.28 0.0985725 342714 -0.113205 0.61572
0.000415 1041.76 0.193872 342713 0.00756858 1.12884
0.003025 1942.19 0.11824 342713 -0.0366989 0.606159
0.005395 1930 0.0979744 342714 -0.106429 0.60783
0.007635 400.594 0.231818 342714 0.000712152 2.9653
0.006655 1034.23 0.158383 342717 -0.0573984 1.13431
0.001145 1259.17 0.176315 342714 0.00551892 0.934077
0.007305 426.291 0.227724 342714 0.00364292 2.78121
0.004445 2011.06 0.0994985 342713 -0.0820283 0.58435
0.000105 1007.11 0.196639 342713 0.00744644 1.1677
0.003775 2027.59 0.105276 342713 -0.0616795 0.580266
0.000815 1142.01 0.185815 342714 0.0071944 1.02977
0.003225 1979.04 0.114053 342713 -0.0432839 0.594821
0.005655 1903.11 0.0985903 342714 -0.113457 0.616083
0.003035 1944.35 0.118018 342713 -0.0370227 0.605484
0.000425 1043.55 0.193729 342713 0.0075713 1.1269
0.005405 1929.07 0.0979969 342714 -0.1067 0.60811
0.007645 400.536 0.231836 342714 0.000555178 2.96576
0.006665 1014.9 0.160292 342717 -0.0553885 1.15605
0.001155 1263.04 0.176 342714 0.00544199 0.931217
0.007315 424.387 0.227999 342714 0.00368129 2.79399
0.004455 2010.4 0.0994456 342713 -0.0823044 0.584529
0.000115 1007.58 0.196601 342713 0.00744903 1.16715
0.003785 2027.8 0.105152 342713 -0.0620031 0.580197
0.000825 1145.18 0.185558 342714 0.00716592 1.02692
0.003235 1980.56 0.113858 342713 -0.04362 0.594359
0.003045 1946.5 0.117798 342713 -0.0373484 0.604816
0.005665 1901.94 0.0986068 342714 -0.113706 0.616449
0.000435 1045.37 0.193582 342713 0.00757372 1.12493
0.007655 400.492 0.231848 342714 0.000397745 2.96611
0.005415 1928.14 0.0980199 342714 -0.106972 0.608394
0.002565 1816.85 0.129852 342713 -0.0219055 0.647981
0.006675 995.742 0.162184 342717 -0.0533787 1.17842
0.001165 1266.93 0.175683 342714 0.0053634 0.928363
0.007325 422.557 0.228261 342714 0.00370879 2.80639
0.004465 2009.74 0.0993934 342713 -0.0825807 0.584711
0.000125 1008.1 0.19656 342713 0.00745183 1.16655
0.003795 2028 0.10503 342713 -0.0623263 0.580131
0.000835 1148.39 0.1853 342714 0.00713623 1.02406
0.003245 1982.07 0.113664 342713 -0.0439566 0.593903
0.003055 1948.62 0.117578 342713 -0.0376746 0.604154
0.005675 1900.76 0.098622 342714 -0.113953 0.616817
0.000445 1047.24 0.193433 342713 0.0075758 1.12292
0.007665 400.463 0.231857 342714 0.00024231 2.96634
0.005425 1927.19 0.0980434 342714 -0.107244 0.60868
0.006685 976.761 0.164056 342717 -0.0513863 1.20147
0.002575 1820.1 0.129571 342713 -0.0222076 0.646823
0.001175 1270.83 0.175365 342714 0.00528315 0.925516
0.007335 420.798 0.228509 342714 0.00371377 2.81841
0.004475 2009.07 0.0993422 342713 -0.0828566 0.584895
0.000135 1008.66 0.196515 342713 0.00745482 1.1659
0.003805 2028.19 0.104909 342713 -0.062649 0.580069
0.000845 1151.62 0.185039 342714 0.00710526 1.02119
0.003255 1983.56 0.113471 342713 -0.0442937 0.593453
0.003065 1950.58 0.11736 342713 -0.0379977 0.603546
0.005685 1899.58 0.0986356 342714 -0.114196 0.617187
0.000455 1049.15 0.19328 342713 0.00757754 1.12088
0.007675 400.449 0.231861 342714 7.94085e-05 2.96645
0.005435 1926.24 0.0980673 342714 -0.107517 0.608968
0.006695 957.959 0.16591 342717 -0.0494225 1.2252
0.002585 1823.34 0.129292 342713 -0.0225111 0.645676
0.004485 2008.38 0.0992917 342713 -0.0831319 0.585082
0.002595 1826.57 0.129014 342713 -0.0228163 0.644538
0.004805 1982.87 0.0980795 342713 -0.0915947 0.592237
0.002605 1829.77 0.128737 342713 -0.023123 0.643411
0.004495 2007.7 0.099242 342713 -0.0834065 0.585271
0.001925 1579.48 0.149903 342713 -0.00562945 0.745083
0.002615 1832.96 0.128461 342713 -0.0234313 0.642293
0.004505 2007 0.0991931 342713 -0.0836806 0.585463
0.001605 1447.04 0.160903 342713 0.000202056 0.813063
0.002625 1836.13 0.128187 342713 -0.0237411 0.641185
0.001935 1583.53 0.149565 342713 -0.0058381 0.743182
0.004515 2006.29 0.099145 342713 -0.0839539 0.585657
0.005765 1889.99 0.0986739 342714 -0.11598 0.620197
0.004815 1981.97 0.0980539 342713 -0.0918499 0.592495
0.002635 1839.28 0.127913 342713 -0.0240525 0.640088
0.001945 1587.58 0.149227 342713 -0.00604827 0.741296
0.004525 2005.58 0.0990977 342713 -0.0842266 0.585853
0.002245 1704.5 0.139411 342713 -0.0130342 0.690591
0.005775 1888.79 0.0986678 342714 -0.116178 0.620577
0.002645 1842.42 0.127641 342713 -0.0243654 0.639
0.001955 1591.61 0.14889 342713 -0.00625997 0.739422
0.004535 2004.86 0.0990512 342713 -0.0844986 0.586052
0.001285 1314.6 0.171791 342714 0.00428892 0.894763
0.001615 1451.23 0.160557 342713 4.56169e-05 0.810725
0.005785 1887.59 0.0986588 342714 -0.116369 0.620957
0.002655 1845.53 0.127371 342713 -0.0246799 0.637922
0.001965 1595.64 0.148554 342713 -0.00647317 0.737561
0.004545 2004.13 0.0990055 342713 -0.0847698 0.586253
0.004825 1981.06 0.098029 342713 -0.0921039 0.592754
0.001295 1318.65 0.17146 342714 0.00418826 0.892024
0.005795 1886.4 0.0986467 342714 -0.116553 0.621336
0.002665 1848.63 0.127101 342713 -0.0249959 0.636854
0.001975 1599.66 0.148218 342713 -0.00668789 0.735714
0.004555 2003.4 0.0989605 342713 -0.0850403 0.586456
0.002255 1708.23 0.139097 342713 -0.0132891 0.689088
0.004565 2002.66 0.0989163 342713 -0.08531 0.586661
0.002675 1851.71 0.126833 342713 -0.0253135 0.635795
0.001985 1603.67 0.147882 342713 -0.0069041 0.733879
0.005805 1885.2 0.0986314 342714 -0.11673 0.621714
0.001625 1455.41 0.160211 342713 -0.000112537 0.808401
0.001305 1322.7 0.171128 342714 0.00408587 0.889296
0.004575 2001.91 0.0988729 342713 -0.0855789 0.586869
0.002685 1854.78 0.126566 342713 -0.0256327 0.634746
0.001995 1607.67 0.147547 342713 -0.00712181 0.732058
0.005815 1884.01 0.0986127 342714 -0.116899 0.622091
0.004835 1980.15 0.0980048 342713 -0.092355 0.593016
0.006085 1844.88 0.0961358 342714 -0.115186 0.634922
0.004585 2001.15 0.0988303 342713 -0.0858471 0.58708
0.002695 1857.82 0.1263 342713 -0.0259534 0.633707
0.002005 1611.67 0.147213 342713 -0.007341 0.73025
0.001315 1326.76 0.170795 342714 0.00398175 0.886579
0.005825 1882.83 0.0985904 342714 -0.117061 0.622467
0.002265 1711.94 0.138783 342713 -0.0135453 0.687597
0.001635 1459.6 0.159865 342713 -0.000272402 0.806091
0.002705 1860.84 0.126035 342713 -0.0262759 0.632678
0.002015 1615.65 0.146879 342713 -0.00756168 0.728454
0.004595 2000.39 0.0987883 342713 -0.0861144 0.587292
0.004845 1979.24 0.0979814 342714 -0.0926079 0.593279
0.005835 1881.65 0.0985644 342714 -0.117214 0.622841
0.001325 1330.84 0.170462 342714 0.00387588 0.883873
0.002715 1863.85 0.125772 342713 -0.0266003 0.631658
0.002025 1619.63 0.146547 342713 -0.00778383 0.726671
0.004605 1999.61 0.0987472 342713 -0.0863809 0.587506
0.006095 1843.08 0.0959428 342714 -0.11464 0.63553
0.005845 1880.48 0.0985345 342714 -0.11736 0.623213
0.002275 1715.64 0.13847 342713 -0.013803 0.686118
0.001645 1463.78 0.159519 342713 -0.000433974 0.803794
0.002035 1623.59 0.146214 342713 -0.00800745 0.724901
0.001335 1334.92 0.170128 342714 0.00376828 0.881177
0.002725 1866.77 0.125509 342713 -0.026924 0.63067
0.004615 1998.84 0.0987068 342713 -0.0866467 0.587723
0.005855 1879.32 0.0985005 342714 -0.117496 0.623583
0.004855 1978.43 0.0979588 342713 -0.0928621 0.593511
0.006725 902.657 0.17135 342721 -0.0430753 1.30079
0.002045 1627.55 0.145883 342713 -0.00823253 0.723144
0.002735 1869.68 0.125249 342713 -0.0272498 0.629691
0.001345 1339 0.169793 342714 0.00365893 0.878493
0.004625 1998.05 0.0986671 342713 -0.0869116 0.587942
0.005865 1878.17 0.0984623 342714 -0.117623 0.623949
0.006105 1841.4 0.0957406 342714 -0.114056 0.636104
0.002285 1719.33 0.138158 342713 -0.014062 0.68465
0.001655 1467.96 0.159173 342713 -0.000597249 0.801512
0.004865 1977.61 0.097937 342713 -0.0931163 0.593744
0.002055 1631.5 0.145552 342713 -0.00845907 0.721399
0.001355 1343.1 0.169457 342714 0.00354784 0.87582
0.004635 1997.26 0.0986282 342713 -0.0871759 0.588163
0.005875 1877.04 0.0984196 342714 -0.11774 0.624313
0.002745 1872.52 0.124989 342713 -0.0275743 0.628736
0.001185 1274.75 0.175045 342714 0.00520124 0.922678
0.002065 1635.44 0.145221 342713 -0.00868707 0.719668
0.001365 1347.2 0.169121 342714 0.00343501 0.873159
0.004645 1996.46 0.0985901 342713 -0.0874394 0.588386
0.005885 1875.91 0.0983723 342714 -0.117848 0.624672
0.002755 1875.34 0.124731 342713 -0.0279003 0.62779
0.006115 1839.82 0.0955292 342714 -0.113435 0.636641
0.006735 886.615 0.173121 342717 -0.0418202 1.32449
0.001665 1472.14 0.158827 342713 -0.000762221 0.799243
0.002295 1723.01 0.137848 342713 -0.0143225 0.683193
0.002075 1639.36 0.144892 342713 -0.0089165 0.717948
0.001375 1351.31 0.168784 342714 0.00332042 0.870509
0.004875 1976.79 0.0979159 342713 -0.09337 0.593979
0.005895 1874.8 0.0983201 342714 -0.117946 0.625027
0.004655 1995.66 0.0985526 342713 -0.0877022 0.588612
0.002765 1878.14 0.124473 342713 -0.0282276 0.626854
0.001195 1278.68 0.174725 342714 0.00511765 0.919846
0.002085 1643.28 0.144563 342713 -0.00914738 0.716241
0.001385 1355.43 0.168446 342714 0.00320408 0.867871
0.006125 1838.36 0.0953084 342714 -0.112779 0.637138
0.005905 1873.71 0.0982629 342714 -0.118032 0.625378
0.004665 1994.85 0.0985159 342713 -0.0879645 0.588839
0.002775 1880.88 0.124218 342713 -0.028553 0.625943
0.006745 870.804 0.174867 342717 -0.0400655 1.34873
0.001675 1476.32 0.158482 342713 -0.000928887 0.796988
0.002095 1647.19 0.144235 342713 -0.0093797 0.714547
0.001395 1359.55 0.168108 342714 0.003086 0.865246
0.002305 1726.67 0.137538 342713 -0.0145844 0.681748
0.005915 1872.63 0.0982005 342714 -0.118107 0.625723
0.004675 1994.03 0.09848 342713 -0.0882261 0.589069
0.004885 1975.97 0.0978955 342713 -0.093623 0.594216
0.002785 1883.59 0.123963 342713 -0.0288793 0.62504
0.001205 1282.63 0.174403 342714 0.00503237 0.917023
0.001405 1363.68 0.167769 342714 0.00296616 0.862632
0.002105 1651.09 0.143908 342713 -0.00961345 0.712865
0.006135 1837.03 0.0950781 342714 -0.112089 0.637594
0.004685 1993.21 0.0984448 342713 -0.0884873 0.5893
0.005925 1871.57 0.0981327 342714 -0.118171 0.626063
0.006755 855.214 0.176589 342717 -0.0383492 1.37352
0.002795 1886.29 0.12371 342713 -0.029206 0.624147
0.001685 1480.49 0.158136 342713 -0.00109724 0.794747
0.001415 1367.82 0.167429 342714 0.00284457 0.860031
0.002115 1654.98 0.143581 342713 -0.00984862 0.711196
0.002315 1730.32 0.137229 342713 -0.0148476 0.680314
0.004695 1992.38 0.0984103 342713 -0.088748 0.589534
0.005935 1870.53 0.0980593 342714 -0.118222 0.626396
0.004895 1975.14 0.097876 342713 -0.0938752 0.594455
0.001215 1286.58 0.17408 342714 0.00494541 0.914209
0.002805 1888.97 0.123458 342713 -0.0295328 0.623261
0.006145 1835.82 0.0948384 342714 -0.111368 0.638008
0.001425 1371.96 0.167089 342714 0.00272122 0.857442
0.002125 1658.85 0.143255 342713 -0.0100852 0.709538
0.006765 839.844 0.178285 342717 -0.0366566 1.39887
0.004705 1991.55 0.0983766 342713 -0.0890084 0.589769
0.005945 1869.52 0.09798 342714 -0.118261 0.626722
0.001695 1484.66 0.15779 342713 -0.00126728 0.792519
0.002815 1891.63 0.123207 342713 -0.0298599 0.622385
0.002325 1733.95 0.136921 342713 -0.0151124 0.678891
0.001435 1376.1 0.166749 342714 0.00259612 0.854865
0.002135 1662.72 0.14293 342713 -0.0103232 0.707893
0.004905 1974.3 0.0978572 342713 -0.0941266 0.594696
0.004715 1990.71 0.0983435 342713 -0.0892685 0.590007
0.005955 1868.53 0.0978947 342714 -0.118286 0.627041
0.001225 1290.55 0.173756 342714 0.00485675 0.911403
0.002825 1894.27 0.122957 342713 -0.0301871 0.621516
0.006155 1834.74 0.0945893 342714 -0.110619 0.638376
0.001445 1380.25 0.166407 342714 0.00246927 0.852301
0.002145 1666.58 0.142606 342713 -0.0105627 0.706261
0.006775 824.696 0.179954 342717 -0.0349947 1.42479
0.004725 1989.86 0.0983113 342713 -0.0895283 0.590247
0.005965 1867.56 0.0978032 342714 -0.118296 0.627351
0.001705 1488.83 0.157444 342713 -0.00143899 0.790306
0.002835 1896.9 0.122709 342713 -0.0305145 0.620656
0.002335 1737.58 0.136614 342713 -0.0153785 0.67748
0.007345 419.302 0.228745 342714 0.00374919 2.82875
0.001455 1384.41 0.166066 342714 0.00234066 0.84975
0.002155 1670.42 0.142283 342713 -0.0108035 0.70464
0.004915 1973.46 0.0978393 342713 -0.0943771 0.594938
0.004735 1989.01 0.0982797 342713 -0.0897878 0.590488
0.005975 1866.62 0.0977052 342714 -0.118292 0.627653
0.001235 1294.53 0.173431 342714 0.00476639 0.908606
0.002845 1899.5 0.122462 342713 -0.030842 0.619804
0.006165 1833.8 0.0943307 342714 -0.109844 0.638699
0.007355 417.871 0.228968 342713 0.0030994 2.8387
0.006785 809.767 0.181597 342717 -0.0333637 1.45128
0.002165 1674.25 0.14196 342713 -0.0110457 0.703031
0.001465 1388.56 0.165724 342714 0.0022103 0.847212
0.001715 1493 0.157099 342713 -0.00161238 0.788106
0.004745 1988.15 0.0982489 342713 -0.0900472 0.590732
0.005985 1865.72 0.0976005 342714 -0.118275 0.627944
0.002345 1741.18 0.136308 342713 -0.015646 0.676079
0.002855 1902.09 0.122217 342713 -0.0311696 0.618961
0.004925 1972.62 0.0978221 342713 -0.094627 0.595182
0.000145 1009.27 0.196467 342713 0.00745799 1.1652
0.003815 2028.36 0.10479 342713 -0.0629713 0.580011
0.000155 1009.91 0.196415 342713 0.00746134 1.16445
0.006705 939.337 0.167744 342718 -0.0474754 1.24965
0.004935 1971.77 0.0978057 342713 -0.0948762 0.595428
0.000165 1010.61 0.19636 342713 0.00746486 1.16365
0.000855 1154.87 0.184776 342714 0.00707318 1.01831
0.006715 920.895 0.169557 342718 -0.0454093 1.27484
0.000175 1011.34 0.196301 342713 0.00746853 1.1628
0.003075 1952.52 0.117144 342713 -0.0383214 0.602945
0.003265 1985.04 0.113279 342713 -0.0446314 0.593008
0.003085 1954.44 0.116928 342713 -0.0386457 0.602349
0.005695 1898.39 0.0986475 342714 -0.114435 0.617559
0.003275 1986.5 0.113089 342713 -0.0449697 0.592569
0.003095 1956.34 0.116714 342713 -0.0389706 0.60176
0.005705 1897.2 0.0986577 342714 -0.114671 0.617932
0.003285 1987.94 0.112901 342713 -0.0453085 0.592136
0.003105 1958.24 0.116501 342713 -0.0392963 0.601176
0.000465 1051.1 0.193124 342713 0.00757889 1.1188
0.005715 1896 0.098666 342714 -0.114902 0.618307
0.003295 1989.36 0.112713 342713 -0.0456479 0.591708
0.003115 1960.11 0.11629 342713 -0.0396229 0.600599
0.000475 1053.08 0.192965 342713 0.00757985 1.11669
0.005725 1894.8 0.0986722 342714 -0.115128 0.618683
0.003305 1990.77 0.112528 342713 -0.0459878 0.591286
0.003125 1961.97 0.11608 342713 -0.0399506 0.600027
0.000485 1055.11 0.192803 342713 0.00758037 1.11455
0.005735 1893.6 0.0986762 342714 -0.11535 0.619061
0.003315 1992.16 0.112343 342713 -0.0463293 0.590869
0.003135 1963.81 0.115871 342713 -0.0402795 0.599462
0.000495 1057.17 0.192637 342713 0.00758044 1.11237
0.005745 1892.4 0.098678 342714 -0.115566 0.619439
0.003325 1993.53 0.11216 342713 -0.0466706 0.590458
0.003145 1965.63 0.115664 342713 -0.0406097 0.598903
0.000505 1059.28 0.192469 342713 0.00758002 1.11016
0.002865 1904.66 0.121972 342713 -0.0314974 0.618125
0.005755 1891.2 0.0986772 342714 -0.115776 0.619818
0.003335 1994.73 0.111978 342713 -0.0470075 0.590099
0.003155 1967.44 0.115458 342713 -0.0409413 0.598349
0.000515 1061.42 0.192297 342713 0.00757911 1.10792
0.002175 1678.07 0.141639 342713 -0.0112894 0.701435
0.002875 1907.21 0.121729 342713 -0.0318252 0.617297
0.001475 1392.73 0.165381 342714 0.00207819 0.844686
0.001245 1298.53 0.173105 342714 0.00467433 0.905818
0.004755 1987.28 0.0982188 342713 -0.0903062 0.590978
0.001255 1302.53 0.172778 342714 0.00458055 0.90304
0.001725 1497.17 0.156753 342713 -0.00178744 0.78592
0.004765 1986.41 0.0981895 342713 -0.090565 0.591226
0.001265 1306.54 0.17245 342714 0.00448507 0.900271
0.006175 1833 0.0940628 342714 -0.109045 0.638975
0.005995 1864.81 0.0974891 342709 -0.118216 0.628226
0.001735 1501.33 0.156408 342713 -0.00196416 0.783748
0.004775 1985.53 0.0981609 342713 -0.0908234 0.591476
0.001275 1310.57 0.172121 342714 0.00438786 0.897512
0.006185 1832.34 0.0937856 342714 -0.108227 0.639201
0.006795 795.06 0.183213 342717 -0.0317641 1.47837
0.001745 1505.49 0.156063 342713 -0.00214253 0.78159
0.002355 1744.78 0.136003 342713 -0.015915 0.674689
0.003825 2028.52 0.104671 342713 -0.0632932 0.579957
0.001755 1509.64 0.155718 342713 -0.00232256 0.779446
0.004945 1970.91 0.0977901 342713 -0.0951248 0.595675
0.002365 1748.36 0.1357 342713 -0.0161854 0.673311
0.001765 1513.79 0.155374 342713 -0.00250423 0.777315
0.000185 1012.12 0.196239 342713 0.00747235 1.16191
0.003835 2028.67 0.104554 342713 -0.0636147 0.579907
0.002375 1751.93 0.135397 342713 -0.0164573 0.671943
0.004955 1970.06 0.0977753 342713 -0.0953729 0.595924
0.000865 1158.15 0.184511 342714 0.00703473 1.01543
0.001775 1517.94 0.155029 342713 -0.00268753 0.775198
0.000195 1012.94 0.196174 342713 0.00747631 1.16097
0.002385 1755.48 0.135095 342713 -0.0167306 0.670587
0.004965 1969.19 0.0977613 342713 -0.0956206 0.596175
0.003345 1995.91 0.111797 342713 -0.0473449 0.589745
0.003165 1969.23 0.115253 342713 -0.0412743 0.597802
0.003355 1997.08 0.111618 342713 -0.0476823 0.589396
0.000525 1063.6 0.192123 342713 0.00757766 1.10565
0.003175 1971.01 0.11505 342713 -0.0416097 0.59726
0.003365 1998.22 0.11144 342713 -0.0480197 0.589053
0.002185 1681.89 0.141318 342713 -0.0115345 0.69985
0.003185 1972.76 0.114848 342713 -0.041946 0.596725
0.000535 1065.82 0.191945 342713 0.00757565 1.10335
0.003375 1999.36 0.111263 342713 -0.0483571 0.588714
0.001485 1396.89 0.165039 342714 0.00194433 0.842174
0.002195 1685.68 0.140998 342713 -0.0117809 0.698277
0.003195 1974.36 0.114647 342713 -0.0422791 0.596241
0.000545 1068.07 0.191764 342713 0.00757307 1.10102
0.003385 2000.47 0.111088 342713 -0.0486943 0.588381
0.002205 1689.47 0.140679 342713 -0.0120288 0.696717
0.001495 1401.06 0.164695 342714 0.00180872 0.839674
0.000555 1070.36 0.19158 342713 0.00756987 1.09866
0.003395 2001.57 0.110914 342713 -0.0490316 0.588053
0.002215 1693.25 0.14036 342713 -0.012278 0.695168
0.006005 1862.36 0.0973704 342714 -0.118071 0.629052
0.002225 1697.01 0.140043 342713 -0.0125287 0.69363
0.004785 1984.65 0.098133 342713 -0.0910812 0.591727
0.006015 1859.92 0.0972443 342714 -0.117857 0.629862
0.002235 1700.76 0.139727 342713 -0.0127808 0.692105
0.006195 1831.82 0.0934995 342714 -0.107391 0.639378
0.006805 780.572 0.184802 342717 -0.0301966 1.50606
0.000875 1161.46 0.184243 342714 0.00701228 1.01254
0.006205 1831.45 0.0932046 342714 -0.106542 0.639505
0.006815 766.303 0.186362 342717 -0.0286618 1.53436
0.001785 1522.08 0.154685 342713 -0.00287248 0.773095
0.006215 1831.23 0.0929014 342714 -0.105683 0.63958
0.000885 1164.8 0.183974 342713 0.00638671 1.00964
0.006825 752.253 0.187895 342717 -0.0271591 1.56328
0.006225 1831.16 0.0925904 342714 -0.104815 0.639603
0.001795 1526.22 0.154341 342713 -0.00305904 0.771006
0.006835 738.42 0.189399 342717 -0.0256879 1.59285
0.000895 1168.16 0.183702 342709 0.0081006 1.00673
0.006235 1831.24 0.0922708 342714 -0.103941 0.639573
0.001805 1530.35 0.153997 342713 -0.00324723 0.76893
0.006845 724.803 0.190874 342717 -0.0241704 1.62306
0.000905 1171.54 0.183428 342714 0.00631062 1.00384
0.002395 1759.02 0.134795 342713 -0.0170054 0.669241
0.006245 1831.48 0.0919433 342714 -0.103069 0.639492
0.001815 1534.48 0.153654 342713 -0.00343703 0.766868
0.006855 711.409 0.19232 342718 -0.0224797 1.65392
0.000205 1013.8 0.196105 342713 0.00748039 1.15998
0.000915 1174.95 0.183152 342713 0.00686005 1.00093
0.002405 1762.54 0.134495 342713 -0.0172816 0.667906
0.006255 1831.86 0.0916084 342714 -0.102197 0.639358
0.001825 1538.6 0.153311 342713 -0.00362844 0.76482
0.006865 699.45 0.193736 342716 -0.0215131 1.68249
0.000925 1178.38 0.182875 342714 0.00680647 0.998017
0.000215 1014.71 0.196033 342713 0.00748458 1.15894
0.004975 1968.32 0.0977482 342713 -0.0958681 0.596427
0.002415 1766.05 0.134196 342713 -0.0175593 0.666582
0.006265 1832.4 0.0912667 342714 -0.10133 0.639172
0.001835 1542.71 0.152969 342713 -0.00382145 0.762786
0.006875 687.729 0.195121 342716 -0.0202244 1.71148
0.000935 1181.84 0.182595 342714 0.00676854 0.995101
0.000225 1015.66 0.195957 342713 0.00748888 1.15785
0.002425 1769.55 0.133899 342713 -0.0178385 0.665268
0.006275 1833.08 0.0909185 342714 -0.10047 0.638934
0.004985 1967.45 0.0977359 342713 -0.0961153 0.596681
0.001845 1546.82 0.152626 342713 -0.00401605 0.760765
0.006885 676.24 0.196475 342716 -0.0189793 1.74088
0.000945 1185.32 0.182313 342714 0.00672414 0.992184
0.000235 1016.65 0.195877 342713 0.00749327 1.15672
0.006285 1833.92 0.0905645 342714 -0.0996175 0.638645
0.002435 1773.03 0.133603 342713 -0.0181191 0.663965
0.004995 1966.58 0.0977244 342713 -0.0963624 0.596936
0.001855 1550.93 0.152284 342713 -0.00421224 0.758757
0.006895 664.981 0.197797 342716 -0.0177652 1.77069
0.000955 1188.82 0.182029 342714 0.0066784 0.989264
0.000245 1017.69 0.195795 342713 0.00749773 1.15554
0.006295 1834.9 0.0902051 342714 -0.0988155 0.638306
0.001865 1555.03 0.151943 342713 -0.00441001 0.756763
0.002445 1776.49 0.133307 342713 -0.0184013 0.662673
0.005005 1965.7 0.0977137 342713 -0.0966094 0.597193
0.006905 653.948 0.199088 342716 -0.016588 1.80091
0.000565 1072.69 0.191393 342713 0.00756605 1.09628
0.000255 1018.77 0.195709 342713 0.00750225 1.15432
0.001505 1405.23 0.164352 342714 0.00167136 0.837188
0.003405 2002.66 0.110741 342713 -0.0493689 0.58773
0.000265 1019.89 0.195619 342713 0.00750682 1.15305
0.006025 1857.55 0.0971106 342714 -0.117603 0.630655
0.001515 1409.41 0.164008 342713 0.00153225 0.834715
0.004795 1983.76 0.0981059 342713 -0.0913384 0.591981
0.000275 1021.05 0.195526 342713 0.00751142 1.15174
0.003415 2003.72 0.11057 342713 -0.0497062 0.587412
0.001525 1413.58 0.163664 342713 0.0013914 0.832255
0.001875 1559.12 0.151602 342713 -0.00460935 0.754783
0.001535 1417.76 0.163319 342713 0.0012488 0.829809
0.006305 1836.03 0.0898409 342714 -0.0971448 0.637917
0.002455 1779.94 0.133013 342713 -0.0186849 0.661392
0.001885 1563.21 0.151261 342713 -0.00481027 0.752816
0.001545 1421.94 0.162975 342713 0.00110447 0.827376
0.006915 643.141 0.200348 342716 -0.015448 1.83152
0.006315 1836.87 0.089503 342638 -0.114473 0.637488
0.005015 1964.81 0.0977039 342713 -0.0968563 0.597452
0.001895 1567.29 0.150921 342713 -0.00501274 0.750863
0.002465 1783.37 0.13272 342713 -0.0189701 0.66012
0.001555 1426.12 0.16263 342713 0.000958393 0.824957
0.006325 1811.32 0.0915818 342716 -0.1311 0.646625
0.006925 632.554 0.201577 342716 -0.0143448 1.86253
0.001905 1571.36 0.150581 342713 -0.00521677 0.748923
0.005025 1963.92 0.0976949 342713 -0.0971033 0.597712
0.002475 1786.79 0.132428 342713 -0.0192567 0.65886
0.001565 1430.31 0.162285 342713 0.000810584 0.822551
0.006335 1785.45 0.0936827 342715 -0.127313 0.655995
0.006935 622.186 0.202774 342716 -0.0132775 1.89393
0.001915 1575.42 0.150242 342713 -0.00542234 0.746996
0.005035 1963.03 0.0976868 342713 -0.0973502 0.597974
0.002485 1790.2 0.132137 342713 -0.0195449 0.65761
0.000575 1075.06 0.191203 342713 0.00756157 1.09387
0.001575 1434.49 0.16194 342713 0.000661042 0.820158
0.006035 1855.24 0.096969 342714 -0.117305 0.631428
0.000285 1022.26 0.19543 342713 0.00751603 1.15038
0.001585 1438.68 0.161594 342713 0.000509771 0.817779
0.003425 2004.77 0.1104 342713 -0.0500435 0.587099
0.006045 1853 0.0968193 342714 -0.116965 0.63218
0.001595 1442.86 0.161248 342713 0.000356775 0.815414
0.000295 1023.51 0.19533 342713 0.00752064 1.14897
0.006055 1850.84 0.0966613 342714 -0.116583 0.632907
0.003435 2005.81 0.110231 342713 -0.0503809 0.586791
0.006345 1759.68 0.0957763 342715 -0.124725 0.665603
0.003445 2006.83 0.110064 342713 -0.0507184 0.586488
0.006945 612.033 0.203941 342716 -0.0122026 1.92573
0.005045 1962.13 0.0976795 342713 -0.0975972 0.598238
0.006355 1734.02 0.0978629 342715 -0.122131 0.675458
0.003455 2007.83 0.109898 342713 -0.051056 0.58619
0.002495 1793.58 0.131847 342713 -0.0198346 0.65637
0.006955 602.095 0.205076 342717 -0.0110352 1.9579
0.000585 1077.46 0.19101 342713 0.0075564 1.09143
0.005055 1961.22 0.0976731 342713 -0.0978443 0.598503
0.006365 1708.46 0.0999429 342715 -0.119587 0.685572
0.003465 2008.81 0.109733 342713 -0.0513936 0.585897
0.002505 1796.96 0.131559 342713 -0.0201258 0.655141
0.006965 593.265 0.20618 342715 -0.0103218 1.98742
0.005065 1960.32 0.0976676 342713 -0.0980913 0.59877
0.000595 1079.9 0.190815 342713 0.00755054 1.08896
0.006375 1682.99 0.102016 342715 -0.117089 0.695956
0.003475 2009.78 0.10957 342713 -0.0517314 0.585609
0.002515 1800.31 0.131271 342713 -0.0204186 0.653922
0.006975 584.657 0.207252 342715 -0.00942197 2.01707
0.005075 1959.4 0.097663 342713 -0.0983384 0.599039
0.000605 1082.38 0.190616 342713 0.00754394 1.08647
0.006385 1657.61 0.104084 342715 -0.114637 0.706622
0.003485 2010.74 0.109408 342713 -0.0520693 0.585326
0.002525 1803.65 0.130985 342713 -0.0207129 0.652713
0.006985 576.264 0.208293 342715 -0.00856265 2.04685
0.000305 1024.8 0.195227 342713 0.00752523 1.14752
0.006395 1632.31 0.106146 342716 -0.112229 0.717586
0.003495 2011.67 0.109247 342713 -0.0524073 0.585048
0.000615 1084.89 0.190414 342713 0.00753658 1.08396
0.005085 1958.49 0.0976592 342713 -0.0985855 0.599309
0.002535 1806.98 0.1307 342713 -0.0210087 0.651515
0.006065 1848.76 0.0964949 342714 -0.116158 0.633608
0.002545 1810.28 0.130416 342713 -0.0213061 0.650327
0.006995 568.083 0.209303 342715 -0.00773453 2.07672
0.006075 1846.77 0.0963198 342714 -0.115693 0.63428
0.002555 1813.57 0.130133 342713 -0.021605 0.649149
0.007005 560.109 0.210283 342715 -0.0069414 2.1067
0.000315 1026.13 0.195121 342713 0.00752978 1.14603
0.003505 2012.59 0.109088 342713 -0.0527465 0.584775
0.000625 1087.43 0.19021 342713 0.00752845 1.08143
0.005095 1957.57 0.0976563 342713 -0.0988326 0.59958
0.007015 552.339 0.211232 342715 -0.00618253 2.13675
0.000635 1090.01 0.190003 342714 0.00751951 1.07887
0.003515 2013.49 0.10893 342713 -0.053085 0.584507
0.005105 1956.64 0.0976543 342713 -0.0990796 0.599854
0.007025 544.766 0.212151 342715 -0.00545702 2.16686
0.005115 1955.71 0.0976532 342713 -0.0993266 0.600129
0.007035 537.387 0.213041 342715 -0.00474521 2.19704
