0.006085 307.578 0.232918 111753 0.108136 1.26073
0.006095 307.549 0.232918 111753 0.107481 1.26085
0.006105 307.513 0.232918 111753 0.10682 1.261
0.006115 307.468 0.232918 111753 0.106191 1.26118
0.006125 307.416 0.232918 111753 0.105482 1.26139
0.006135 307.457 0.232918 111753 0.104815 1.26123
0.006145 307.495 0.232918 111753 0.104219 1.26107
0.006155 307.528 0.232918 111753 0.10358 1.26093
0.006165 307.557 0.232918 111753 0.102942 1.26081
0.006175 307.581 0.232918 111753 0.102302 1.26072
0.006185 307.6 0.232918 111753 0.10166 1.26064
0.006195 307.614 0.232918 111753 0.10102 1.26058
0.006205 307.623 0.232918 111753 0.100377 1.26054
0.006215 307.626 0.232918 111753 0.0997058 1.26053
0.006225 307.623 0.232918 111753 0.0990468 1.26054
0.006235 307.614 0.232918 111753 0.0984004 1.26058
0.006245 307.599 0.232918 111753 0.0977504 1.26064
0.006255 307.577 0.232918 111753 0.0970933 1.26073
0.006265 307.549 0.232918 111753 0.0964326 1.26085
0.006275 307.512 0.232918 111753 0.095766 1.261
0.006285 307.468 0.232918 111753 0.0951308 1.26118
0.006295 307.416 0.232918 111753 0.0944131 1.26139
0.006305 307.458 0.232918 111753 0.0937337 1.26122
0.006315 307.496 0.232918 111753 0.0931221 1.26106
0.006325 307.53 0.232918 111753 0.0924655 1.26092
0.006335 307.559 0.232918 111753 0.0918075 1.2608
0.006345 307.583 0.232918 111753 0.0911444 1.2607
0.006355 307.602 0.232918 111753 0.0904773 1.26063
0.006365 307.616 0.232918 111753 0.0898092 1.26057
0.006375 307.624 0.232918 111753 0.0891342 1.26053
0.006385 307.627 0.232918 111753 0.0884341 1.26052
0.006395 307.624 0.232918 111753 0.0877301 1.26054
0.005445 307.414 0.232918 111753 0.151298 1.2614
0.005455 307.452 0.232918 111753 0.150636 1.26125
0.005465 307.489 0.232918 111753 0.150049 1.2611
0.005475 307.522 0.232918 111753 0.149416 1.26096
0.005485 307.55 0.232918 111753 0.148785 1.26084
0.005495 307.574 0.232918 111753 0.14815 1.26074
0.005505 307.594 0.232918 111753 0.147515 1.26066
0.005515 307.609 0.232918 111753 0.146879 1.2606
0.005525 307.618 0.232918 111753 0.146247 1.26056
0.002245 2321.16 0.0531214 111747 0.214917 0.165301
0.005535 307.623 0.232918 111753 0.145579 1.26055
0.005545 307.621 0.232918 111753 0.144929 1.26055
0.002255 2312.27 0.0535381 111754 0.213249 0.165945
0.005555 307.613 0.232918 111753 0.144284 1.26058
0.002265 2303.16 0.0539621 111754 0.211529 0.166599
0.005565 307.599 0.232918 111753 0.143643 1.26064
0.002275 2293.98 0.0543933 111754 0.209907 0.167263
0.005575 307.578 0.232918 111753 0.142992 1.26073
0.002285 2284.74 0.0548314 111754 0.208324 0.167937
0.005765 307.513 0.232918 111753 0.130226 1.26099
0.005585 307.55 0.232918 111753 0.142336 1.26084
0.002295 2275.42 0.0552761 111754 0.206779 0.168621
0.005595 307.513 0.232918 111753 0.141673 1.26099
0.002305 2266.05 0.0557271 111754 0.205272 0.169316
0.005605 307.468 0.232918 111753 0.141039 1.26118
0.002315 2256.6 0.0561843 111754 0.2038 0.170021
0.001605 1858.42 0.0946442 111754 0.321826 0.206305
0.005615 307.414 0.232918 111753 0.140324 1.2614
0.005775 307.469 0.232918 111753 0.129531 1.26118
0.002565 2000.61 0.0686767 111754 0.175838 0.191668
0.002325 2247.1 0.0566474 111754 0.202362 0.170737
5e-06 330.991 0.231494 111754 0.0687413 1.17033
0.001615 1872.93 0.0934152 111754 0.322819 0.204711
0.005625 307.453 0.232918 111753 0.139653 1.26124
0.005785 307.415 0.232918 111753 0.128769 1.2614
0.002335 2237.53 0.0571159 111754 0.200957 0.171463
0.002575 1989.6 0.0691778 111754 0.175038 0.192725
1.5e-05 331.077 0.231487 111754 0.0687675 1.17002
0.001625 1887.42 0.0921931 111754 0.323761 0.203143
0.005635 307.49 0.232918 111753 0.139056 1.26109
0.005795 307.455 0.232918 111753 0.128 1.26123
0.002345 2227.9 0.0575898 111754 0.199584 0.172201
0.002585 1978.53 0.0696757 111754 0.174267 0.193799
2.5e-05 331.254 0.231474 111754 0.0688152 1.16939
0.001635 1901.89 0.090978 111754 0.324651 0.201602
0.005645 307.523 0.232918 111753 0.13841 1.26095
0.005805 307.492 0.232918 111753 0.127335 1.26108
0.002355 2218.2 0.0580686 111754 0.19824 0.17295
0.002595 1967.4 0.07017 111754 0.173529 0.194891
3.5e-05 331.524 0.231453 111754 0.0688822 1.16843
0.001645 1916.34 0.0897704 111754 0.325488 0.200085
0.005655 307.552 0.232918 111753 0.137763 1.26083
0.005815 307.525 0.232918 111753 0.126617 1.26095
0.002365 2208.45 0.058552 111754 0.196926 0.173711
0.002605 1956.21 0.0706602 111754 0.172825 0.196001
4.5e-05 331.889 0.231424 111754 0.06897 1.16713
0.001655 1930.77 0.0885705 111754 0.326271 0.198594
0.005665 307.576 0.232918 111753 0.13711 1.26074
0.005825 307.554 0.232918 111753 0.1259 1.26083
0.002375 2198.63 0.0590398 111754 0.19564 0.174483
0.002615 1944.97 0.0711461 111754 0.172156 0.19713
5.5e-05 332.353 0.231388 111754 0.0690797 1.16548
0.001665 1945.18 0.0873788 111754 0.326999 0.197128
0.005675 307.596 0.232918 111753 0.136453 1.26065
0.005835 307.578 0.232918 111753 0.12518 1.26073
0.002385 2188.75 0.0595316 111754 0.194381 0.175266
0.002625 1933.68 0.0716272 111754 0.171524 0.198277
6.5e-05 332.917 0.231343 111754 0.0692129 1.16348
0.001675 1959.56 0.0861954 111754 0.327673 0.195685
0.005685 307.61 0.232918 111753 0.135793 1.26059
0.005845 307.598 0.232918 111753 0.124461 1.26065
0.002395 2178.81 0.060027 111754 0.193149 0.176062
0.001285 1395.52 0.135587 111755 0.27065 0.274788
0.002635 1922.33 0.0721031 111754 0.170931 0.199443
7.5e-05 333.586 0.231291 111754 0.069371 1.16113
0.001685 1973.92 0.0850207 111754 0.328291 0.194267
0.005695 307.62 0.232918 111753 0.135133 1.26056
0.005855 307.612 0.232918 111753 0.123746 1.26059
0.002405 2168.81 0.0605259 111754 0.191943 0.17687
0.005125 307.487 0.232918 111754 0.171914 1.26111
0.002645 1910.93 0.0725735 111754 0.170379 0.200629
8.5e-05 334.361 0.23123 111754 0.0695554 1.15841
0.001695 1988.24 0.0838549 111754 0.328853 0.192871
0.005865 307.621 0.232918 111753 0.123037 1.26055
0.001295 1409.71 0.134307 111755 0.272639 0.272013
0.005705 307.624 0.232918 111753 0.134439 1.26054
0.002415 2158.75 0.0610278 111754 0.190763 0.17769
9.5e-05 335.246 0.23116 111754 0.0697674 1.15532
0.002655 1899.47 0.073038 111754 0.169868 0.201835
0.005875 307.625 0.232918 111753 0.122305 1.26054
0.006405 307.615 0.232918 111753 0.0870398 1.26057
0.001705 2002.54 0.0826984 111754 0.329359 0.191499
0.002425 2148.62 0.0615323 111754 0.189607 0.178523
0.005715 307.622 0.232918 111753 0.133747 1.26055
0.001305 1423.93 0.133024 111755 0.274612 0.269289
0.002665 1887.97 0.0734962 111754 0.1694 0.203061
0.000105 336.245 0.23108 111754 0.0700083 1.15185
0.005135 307.519 0.232918 111754 0.171284 1.26098
0.005885 307.622 0.232918 111753 0.121569 1.26055
0.006415 307.599 0.232918 111753 0.0863436 1.26064
0.001715 2016.8 0.0815515 111754 0.32981 0.190149
0.002435 2138.44 0.0620392 111754 0.188475 0.179369
0.005725 307.614 0.232918 111753 0.133056 1.26058
0.001315 1438.18 0.131739 111755 0.276567 0.266614
0.002675 1876.41 0.0739478 111754 0.168976 0.204308
0.000115 337.36 0.230992 111754 0.0702792 1.14801
0.005145 307.548 0.232918 111754 0.170655 1.26086
0.005895 307.614 0.232918 111753 0.120852 1.26058
0.006425 307.578 0.232918 111753 0.0856391 1.26073
0.001725 2031.04 0.0804142 111754 0.330205 0.188821
0.002445 2128.2 0.0625481 111754 0.187367 0.180228
0.005735 307.599 0.232918 111753 0.132365 1.26064
0.001325 1452.46 0.130453 111755 0.278505 0.263986
0.002685 1864.81 0.0743924 111754 0.168598 0.205575
0.000125 338.595 0.230893 111754 0.0705811 1.14378
0.005155 307.572 0.232918 111754 0.170024 1.26076
0.005905 307.6 0.232918 111753 0.120147 1.26064
0.006435 307.549 0.232918 111753 0.0849303 1.26085
0.001735 2045.23 0.079287 111754 0.330544 0.187515
0.002455 2117.9 0.0630586 111754 0.186282 0.181101
0.005745 307.578 0.232918 111753 0.131661 1.26073
0.001335 1466.76 0.129164 111755 0.280425 0.261405
0.002695 1853.15 0.0748296 111754 0.168267 0.206864
0.000135 339.953 0.230784 111754 0.070915 1.13916
0.005165 307.592 0.232918 111754 0.169392 1.26068
0.005915 307.578 0.232918 111753 0.119441 1.26073
0.006445 307.513 0.232918 111753 0.0842159 1.26099
0.001745 2059.39 0.07817 111754 0.33083 0.186231
0.002465 2107.53 0.0635704 111754 0.18522 0.181987
0.005755 307.55 0.232918 111753 0.130949 1.26084
0.001345 1481.1 0.127875 111755 0.282325 0.258869
0.002705 1841.46 0.0752592 111754 0.167984 0.208175
0.000145 341.437 0.230665 111754 0.0712817 1.13416
0.005175 307.607 0.232918 111754 0.16876 1.26062
0.005925 307.55 0.232918 111753 0.118738 1.26085
0.006455 307.469 0.232918 111753 0.0835356 1.26117
0.001755 2073.51 0.0770635 111754 0.331061 0.184967
0.002475 2097.11 0.0640831 111754 0.184179 0.182888
0.001355 1495.46 0.126584 111755 0.284205 0.256379
0.002715 1829.71 0.0756807 111754 0.167752 0.209507
0.000155 343.05 0.230535 111754 0.0716819 1.12877
0.005185 307.617 0.232918 111754 0.168135 1.26058
0.005935 307.513 0.232918 111753 0.118034 1.261
0.006465 307.417 0.232918 111753 0.0827856 1.26138
0.001765 2087.59 0.0759675 111754 0.33124 0.183724
0.002485 2086.62 0.0645963 111754 0.183161 0.183802
0.001365 1509.84 0.125292 111755 0.286064 0.253932
0.002725 1817.93 0.0760937 111754 0.167571 0.210862
0.000165 344.797 0.230394 111754 0.0721163 1.123
0.005195 307.622 0.232918 111754 0.167471 1.26056
0.005945 307.469 0.232918 111753 0.117368 1.26118
0.006475 307.46 0.232918 111753 0.0820428 1.26121
0.001775 2101.63 0.0748824 111754 0.331367 0.182502
0.002495 2076.08 0.0651097 111754 0.182165 0.184731
0.001375 1524.24 0.123999 111755 0.287902 0.251528
0.000175 346.679 0.230241 111754 0.0725855 1.11684
0.002735 1806.1 0.076498 111754 0.167443 0.21224
0.005205 307.62 0.232918 111754 0.166827 1.26056
0.005955 307.416 0.232918 111753 0.116633 1.2614
0.006485 307.498 0.232918 111753 0.0813924 1.26105
0.001785 2115.63 0.0738081 111754 0.331443 0.181299
0.002505 2065.48 0.0656229 111754 0.181192 0.185675
0.001385 1538.66 0.122706 111755 0.289717 0.249166
0.000185 348.7 0.230076 111754 0.0730902 1.11031
0.005215 307.613 0.232918 111754 0.166182 1.26059
0.005965 307.456 0.232918 111753 0.115927 1.26123
0.002745 1794.23 0.0768932 111754 0.167371 0.21364
0.006495 307.532 0.232918 111753 0.0806994 1.26091
0.001795 2129.59 0.0727449 111754 0.33147 0.180115
0.002515 2054.82 0.0661355 111754 0.18024 0.186634
0.001395 1553.11 0.121412 111755 0.291508 0.246845
0.000195 350.862 0.2299 111754 0.0736308 1.1034
0.005225 307.6 0.232918 111754 0.165545 1.26065
0.005975 307.493 0.232918 111753 0.115313 1.26108
0.002755 1782.33 0.0772789 111754 0.167357 0.215064
0.006505 307.561 0.232918 111753 0.0800112 1.26079
0.001805 2143.49 0.0716929 111754 0.331449 0.178951
0.002525 2044.09 0.0666472 111754 0.179311 0.187609
0.005235 307.579 0.232918 111754 0.164897 1.26073
0.001405 1567.57 0.120119 111755 0.293275 0.244565
0.000205 353.169 0.22971 111754 0.0742078 1.09612
0.005985 307.527 0.232918 111753 0.114655 1.26094
0.002765 1770.39 0.0776547 111754 0.167403 0.216511
0.006515 307.585 0.232918 111753 0.0793245 1.2607
0.002535 2033.31 0.0671575 111754 0.178405 0.188599
0.001815 2157.36 0.0706522 111754 0.331383 0.177806
0.005245 307.551 0.232918 111754 0.164245 1.26085
0.001415 1582.05 0.118825 111755 0.295017 0.242324
0.006525 307.604 0.232918 111753 0.0786406 1.26062
0.005995 307.555 0.232918 111753 0.114004 1.26082
0.000215 355.623 0.229508 111754 0.0748217 1.08849
0.002775 1758.42 0.0780202 111754 0.167513 0.217983
0.002545 2022.47 0.0676661 111754 0.177523 0.189606
0.001825 2171.17 0.0696228 111754 0.331272 0.176679
0.000325 392.962 0.226363 111754 0.0840718 0.984172
0.005255 307.514 0.232918 111754 0.163585 1.26099
0.006535 307.617 0.232918 111753 0.0779629 1.26056
0.006005 307.58 0.232918 111753 0.113352 1.26072
0.001425 1596.54 0.117531 111755 0.296733 0.240122
0.002785 1746.42 0.0783751 111754 0.167689 0.219478
0.000225 358.227 0.229293 111754 0.0754728 1.0805
0.000645 613.361 0.206722 111755 0.133979 0.628271
0.002555 2011.57 0.0681726 111754 0.176667 0.190629
0.001835 2184.94 0.0686048 111754 0.33112 0.17557
0.005265 307.469 0.232918 111754 0.162954 1.26118
0.000335 397.339 0.225987 111754 0.0851408 0.973236
0.006545 307.625 0.232918 111753 0.0772817 1.26053
0.006555 307.628 0.232918 111753 0.0765839 1.26052
0.006565 307.624 0.232918 111753 0.0758875 1.26053
0.007045 307.625 0.232918 111753 0.043448 1.26053
0.006575 307.615 0.232918 111753 0.0752154 1.26057
0.006725 307.628 0.232918 111753 0.0651125 1.26052
0.006585 307.599 0.232918 111753 0.0745401 1.26064
0.007365 307.64 0.232918 111752 0.0214152 1.26046
0.006735 307.624 0.232918 111753 0.0644263 1.26053
0.004805 307.554 0.232917 111754 0.19252 1.26084
0.006745 307.614 0.232918 111753 0.0637618 1.26057
0.007375 307.663 0.232918 111752 0.0207408 1.26037
0.006595 307.577 0.232918 111753 0.0738611 1.26073
0.006755 307.599 0.232918 111753 0.0630902 1.26064
0.007385 307.681 0.232918 111752 0.0200645 1.2603
0.004485 308.126 0.232865 111755 0.213141 1.25841
0.006765 307.576 0.232918 111753 0.0624137 1.26073
0.007395 307.693 0.232918 111752 0.0193889 1.26025
0.007055 307.633 0.232918 111753 0.0427635 1.2605
0.004815 307.577 0.232917 111754 0.19189 1.26074
0.006605 307.548 0.232918 111753 0.0731811 1.26085
0.006775 307.547 0.232918 111753 0.0617352 1.26085
0.007405 307.7 0.232918 111752 0.0187066 1.26022
0.004825 307.596 0.232917 111754 0.191259 1.26066
0.006785 307.511 0.232918 111753 0.0610524 1.261
0.007415 307.702 0.232918 111752 0.0180055 1.26021
0.004835 307.611 0.232917 111754 0.190627 1.2606
0.007065 307.634 0.232918 111752 0.0420687 1.26049
0.006615 307.512 0.232918 111753 0.0724978 1.261
0.006795 307.468 0.232918 111753 0.0604037 1.26117
0.007425 307.699 0.232918 111752 0.0173045 1.26022
0.004845 307.62 0.232917 111754 0.190001 1.26056
0.001925 2306.58 0.0599546 111754 0.32816 0.166344
0.004855 307.625 0.232917 111754 0.189337 1.26055
0.007435 307.691 0.232918 111752 0.0166273 1.26025
0.006805 307.418 0.232918 111753 0.059677 1.26138
0.007075 307.63 0.232918 111753 0.0413698 1.26051
0.006625 307.469 0.232918 111753 0.071849 1.26117
0.004495 308.085 0.232871 111755 0.21272 1.25859
0.004865 307.624 0.232917 111754 0.18869 1.26055
0.007445 307.678 0.232918 111752 0.0159463 1.26031
0.006815 307.462 0.232918 111753 0.0589736 1.2612
0.004875 307.617 0.232917 111754 0.188043 1.26058
0.007085 307.62 0.232918 111753 0.0406966 1.26055
0.007455 307.66 0.232918 111752 0.0152603 1.26038
0.006825 307.501 0.232918 111753 0.058343 1.26104
0.006635 307.418 0.232918 111753 0.0711231 1.26138
0.004505 308.045 0.232876 111755 0.211937 1.25876
0.004885 307.603 0.232917 111754 0.187403 1.26064
0.007465 307.637 0.232918 111752 0.0145696 1.26048
0.006835 307.535 0.232918 111753 0.0576716 1.2609
0.006015 307.599 0.232918 111753 0.112703 1.26064
0.004895 307.582 0.232917 111754 0.186753 1.26072
0.006845 307.565 0.232918 111753 0.057002 1.26078
0.007475 307.608 0.232918 111752 0.0139138 1.2606
0.007095 307.604 0.232918 111753 0.0400154 1.26061
0.006645 307.461 0.232918 111753 0.0704233 1.26121
0.004515 308.004 0.232881 111755 0.211394 1.25893
0.001935 2319.83 0.0590493 111754 0.327643 0.165397
0.004905 307.554 0.232917 111754 0.186098 1.26084
0.006855 307.588 0.232918 111753 0.0563313 1.26068
0.007485 307.575 0.232918 111752 0.0131874 1.26073
0.001435 1611.05 0.116238 111755 0.298421 0.237958
0.007105 307.582 0.232918 111753 0.0393302 1.2607
0.006655 307.5 0.232918 111753 0.0697981 1.26105
0.004915 307.517 0.232917 111754 0.185435 1.26099
0.007495 307.639 0.232918 111752 0.0124638 1.26047
0.006865 307.607 0.232918 111753 0.0556609 1.2606
0.004525 307.963 0.232885 111755 0.210775 1.25911
0.002795 1734.39 0.078719 111754 0.167934 0.220998
0.001945 2333.03 0.0581551 111754 0.327045 0.164464
0.004925 307.471 0.232917 111754 0.1848 1.26118
0.006875 307.62 0.232918 111753 0.0549952 1.26055
0.007505 307.699 0.232918 111752 0.0118222 1.26022
0.004935 307.415 0.232917 111754 0.184087 1.26141
0.006885 307.628 0.232918 111753 0.0543183 1.26052
0.007115 307.553 0.232918 111753 0.0386434 1.26082
0.007515 307.755 0.232918 111752 0.0111416 1.25999
0.006665 307.534 0.232918 111753 0.0691314 1.26091
0.006025 307.613 0.232918 111753 0.112057 1.26059
0.004535 307.919 0.232889 111755 0.210156 1.25929
0.004945 307.451 0.232917 111754 0.183424 1.26126
0.001955 2346.17 0.0572719 111754 0.326321 0.163546
0.006895 307.629 0.232918 111753 0.0536294 1.26051
0.007525 307.807 0.232918 111752 0.0104615 1.25978
0.004955 307.487 0.232917 111754 0.182845 1.26111
0.002805 1722.33 0.0790513 111754 0.168253 0.222543
0.006905 307.626 0.232918 111753 0.0529383 1.26053
0.007535 307.854 0.232918 111752 0.00977515 1.25959
0.004965 307.519 0.232917 111754 0.182217 1.26098
0.007125 307.518 0.232918 111753 0.0379529 1.26097
0.006675 307.563 0.232918 111753 0.0684666 1.26079
0.004545 307.873 0.232893 111755 0.209529 1.25949
0.006035 307.622 0.232918 111753 0.111412 1.26055
0.001445 1625.57 0.114947 111754 0.300081 0.235831
0.001965 2359.25 0.0564003 111754 0.325407 0.162642
0.006915 307.616 0.232918 111753 0.0522711 1.26057
0.007545 307.898 0.232918 111752 0.00908281 1.25941
0.004975 307.547 0.232917 111754 0.18159 1.26087
0.002815 1710.25 0.0793716 111754 0.168648 0.224112
0.005275 307.414 0.232918 111754 0.162245 1.26141
0.006925 307.6 0.232918 111753 0.0515965 1.26063
0.007555 307.938 0.232918 111752 0.00838743 1.25925
0.004985 307.571 0.232917 111754 0.18096 1.26077
0.006685 307.586 0.232918 111753 0.0678005 1.26069
0.007135 307.476 0.232918 111753 0.0372975 1.26114
0.004555 307.822 0.232896 111755 0.208894 1.2597
0.006045 307.625 0.232918 111753 0.11074 1.26054
0.001975 2372.25 0.0555406 111754 0.324244 0.161754
0.001455 1640.1 0.113656 111754 0.301712 0.233741
0.002825 1698.16 0.0796795 111754 0.169125 0.225706
0.006935 307.577 0.232918 111753 0.0509175 1.26072
0.007565 307.975 0.232918 111752 0.00769755 1.2591
0.004995 307.591 0.232917 111754 0.180329 1.26069
0.006695 307.605 0.232918 111753 0.0671344 1.26061
0.007145 307.428 0.232918 111753 0.0365659 1.26134
0.006945 307.548 0.232918 111753 0.0502366 1.26084
0.007575 308.008 0.232918 111752 0.00701207 1.25896
0.005005 307.606 0.232917 111754 0.179696 1.26062
0.004565 307.767 0.232898 111755 0.208253 1.25993
0.006955 307.513 0.232918 111753 0.0495517 1.26099
0.007585 308.037 0.232918 111752 0.00640345 1.25884
0.006055 307.623 0.232918 111753 0.110081 1.26055
0.001985 2384.61 0.0546939 111727 0.322442 0.16088
0.005015 307.616 0.232917 111754 0.179071 1.26058
0.002835 1686.05 0.0799745 111754 0.169688 0.227325
0.006965 307.47 0.232918 111753 0.0489012 1.26116
0.001465 1654.64 0.112366 111754 0.303312 0.231686
0.007595 308.064 0.232918 111752 0.00556161 1.25873
0.006705 307.618 0.232918 111753 0.0664721 1.26056
0.007155 307.473 0.232918 111753 0.0358472 1.26115
0.005025 307.621 0.232917 111754 0.178405 1.26056
0.004575 307.705 0.232901 111755 0.207599 1.26019
0.006975 307.421 0.232918 111753 0.0481737 1.26137
0.005285 307.452 0.232918 111754 0.161585 1.26125
0.006065 307.614 0.232918 111753 0.109435 1.26058
0.007605 308.087 0.232918 111752 0.00508506 1.25864
0.001995 2389.73 0.0538613 111754 0.319584 0.160576
0.005035 307.62 0.232917 111754 0.17776 1.26056
0.002845 1673.93 0.0802558 111754 0.170341 0.22897
0.001475 1669.2 0.111079 111754 0.304881 0.229666
0.006985 307.466 0.232918 111753 0.0474636 1.26118
0.006715 307.626 0.232918 111753 0.0657998 1.26053
0.007165 307.514 0.232918 111753 0.0352023 1.26098
0.007615 308.107 0.232918 111752 0.00436212 1.25855
0.005045 307.614 0.232917 111754 0.177111 1.26059
0.004585 307.636 0.232903 111755 0.206971 1.26047
0.006075 307.599 0.232918 111753 0.108789 1.26064
0.005295 307.488 0.232918 111754 0.161003 1.2611
0.006995 307.506 0.232918 111753 0.0468268 1.26102
0.007625 308.124 0.232918 111752 0.00370005 1.25848
0.000235 360.984 0.229064 111754 0.0761613 1.07218
0.007635 308.138 0.232918 111752 0.00302863 1.25843
0.007645 308.15 0.232918 111752 0.00235763 1.25838
0.000655 622.68 0.205875 111755 0.135942 0.618799
0.007655 308.158 0.232918 111752 0.00168742 1.25835
0.001845 2198.66 0.0675982 111754 0.330927 0.174478
0.007665 308.164 0.232918 111752 0.00103038 1.25832
0.000345 401.884 0.225596 111754 0.0862473 0.962135
0.007675 308.166 0.232918 111752 0.00033621 1.25831
0.000245 363.894 0.228822 111754 0.0768877 1.06352
0.000965 965.539 0.1746 111755 0.201678 0.397857
0.004165 320.726 0.231319 111755 0.227392 1.20777
0.002885 1625.45 0.081233 111754 0.17395 0.235796
0.003845 424.871 0.217327 111755 0.215064 0.908193
0.000975 978.048 0.17346 111755 0.203928 0.392738
0.003525 711.512 0.180656 111756 0.187095 0.540132
0.004175 319.683 0.231457 111755 0.227262 1.21179
0.003205 1153.17 0.130829 111755 0.16373 0.332525
0.000985 990.63 0.172313 111755 0.206155 0.387721
0.003855 418.882 0.218129 111755 0.215905 0.921316
0.002895 1613.35 0.0814367 111754 0.175126 0.237563
0.003535 698.429 0.18204 111756 0.187309 0.550303
0.004185 318.701 0.231585 111755 0.227095 1.2156
0.003215 1137.51 0.132552 111755 0.164922 0.337118
0.000995 1003.28 0.171161 111755 0.208383 0.382802
0.003865 412.996 0.218905 111755 0.216692 0.934587
0.002905 1601.27 0.0816226 111754 0.176422 0.239355
0.004195 317.776 0.231703 111755 0.226892 1.21922
0.003545 685.236 0.183416 111756 0.187707 0.560952
0.003225 1121.8 0.134265 111755 0.166083 0.341855
0.001005 1016.01 0.170002 111755 0.210608 0.377979
0.003875 407.207 0.219656 111755 0.217408 0.948015
0.004205 316.903 0.231812 111755 0.226652 1.22265
0.002915 1589.22 0.0817897 111754 0.177848 0.241171
0.003555 671.954 0.184782 111760 0.188898 0.572122
0.003235 1106.03 0.135967 111755 0.167202 0.346745
0.001015 1028.8 0.168837 111755 0.212834 0.373251
0.003885 401.509 0.220381 111755 0.218038 0.961613
0.004215 316.077 0.231912 111755 0.226375 1.22592
0.002925 1577.21 0.0819372 111754 0.179269 0.243009
0.003565 662.06 0.186135 111755 0.188817 0.580704
0.001025 1041.67 0.167666 111755 0.215056 0.368616
0.003245 1090.2 0.137658 111755 0.168259 0.351796
0.002005 2394.17 0.0530419 111754 0.31604 0.160281
0.003895 395.893 0.221081 111755 0.218573 0.975399
0.004225 315.292 0.232004 111755 0.226059 1.22903
0.001035 1054.6 0.16649 111755 0.217275 0.364072
0.002935 1565.24 0.0820642 111755 0.182747 0.24487
0.003575 652.237 0.187476 111755 0.189886 0.589511
0.003255 1074.31 0.139339 111755 0.169232 0.357019
0.002015 2398.5 0.0522384 111754 0.312054 0.159994
0.003905 390.348 0.221756 111755 0.218993 0.989402
0.004235 314.544 0.232089 111755 0.225703 1.23202
0.001045 1067.59 0.165308 111755 0.21949 0.359616
0.002945 1553.2 0.0822174 111748 0.151737 0.246756
0.003585 642.452 0.188804 111755 0.1909 0.598553
0.003265 1058.34 0.14101 111755 0.170132 0.362424
0.002025 2402.69 0.0514527 111754 0.307705 0.159717
0.003915 384.864 0.222406 111756 0.219529 1.00366
0.007175 307.549 0.232918 111753 0.0345177 1.26084
0.004245 313.826 0.232166 111755 0.225306 1.23489
0.002955 1537.89 0.0841429 111755 0.121079 0.249225
0.001055 1080.65 0.16412 111755 0.221701 0.355247
0.003595 632.703 0.190117 111755 0.191911 0.60784
0.003275 1042.3 0.142671 111755 0.17104 0.368024
0.002035 2406.74 0.0506864 111754 0.303178 0.159451
0.003925 380.703 0.223026 111755 0.22016 1.01477
0.004255 313.133 0.232237 111755 0.224888 1.23768
0.007185 307.579 0.232918 111753 0.0338349 1.26072
0.002965 1522.48 0.0861149 111754 0.124956 0.251745
0.001065 1093.77 0.162927 111755 0.223909 0.350962
0.003605 622.99 0.191417 111755 0.192897 0.617385
0.003285 1026.17 0.144321 111755 0.172134 0.37383
0.002045 2410.64 0.0499401 111754 0.298746 0.159195
0.003935 376.695 0.223623 111755 0.22101 1.02571
0.007195 307.603 0.232918 111753 0.0331512 1.26062
0.004265 312.672 0.232302 111755 0.224518 1.23955
0.002975 1507.09 0.0880829 111754 0.126855 0.254316
0.001075 1106.95 0.161729 111755 0.226113 0.346761
0.003615 613.31 0.192702 111755 0.193859 0.627199
0.003295 1009.94 0.145962 111755 0.173641 0.37986
0.002055 2414.4 0.0492129 111754 0.294734 0.158948
0.003945 372.835 0.224194 111755 0.221798 1.03648
0.007205 307.622 0.232918 111753 0.0324682 1.26054
0.004275 312.249 0.232361 111755 0.224165 1.24128
0.002985 1491.72 0.090046 111754 0.128859 0.256937
0.001085 1120.2 0.160526 111755 0.228313 0.342641
0.003625 603.661 0.193972 111755 0.194798 0.637297
0.003305 993.604 0.147594 111756 0.175721 0.386129
0.002065 2418.05 0.0485029 111754 0.29156 0.15871
0.007215 307.635 0.232918 111752 0.0317899 1.26048
0.003955 369.118 0.22474 111755 0.222541 1.04706
0.004285 311.859 0.232415 111755 0.223786 1.24288
0.002995 1476.35 0.0920034 111754 0.130825 0.25961
0.001095 1133.5 0.159318 111755 0.230511 0.3386
0.001485 1683.75 0.109793 111754 0.306416 0.22768
0.007225 307.643 0.232918 111752 0.0311033 1.26045
0.003315 977.152 0.149217 111756 0.178422 0.392656
0.003635 594.041 0.195227 111755 0.195717 0.647692
0.002075 2421.62 0.0478066 111754 0.28981 0.158477
0.003965 365.541 0.22526 111755 0.223232 1.05745
0.004295 311.499 0.232464 111755 0.223387 1.24436
0.003005 1461.01 0.0939543 111754 0.13276 0.262338
0.001105 1146.85 0.158105 111755 0.232704 0.334636
0.007235 307.645 0.232918 111752 0.0304029 1.26044
0.001495 1698.32 0.10851 111754 0.307918 0.225728
0.003325 960.638 0.150831 111765 0.18194 0.39946
0.003645 584.449 0.196467 111755 0.196623 0.6584
0.002085 2424.43 0.0471752 111723 0.253192 0.158251
0.004305 311.167 0.232509 111755 0.222968 1.24573
0.003975 362.101 0.225756 111755 0.223871 1.06764
0.003015 1445.67 0.0958978 111754 0.13466 0.265122
0.001115 1160.27 0.156887 111755 0.234893 0.330749
0.007245 307.641 0.232918 111752 0.0296994 1.26046
0.001505 1712.88 0.107229 111754 0.309384 0.22381
0.005055 307.6 0.232918 111754 0.176474 1.26065
0.003335 948.36 0.152432 111757 0.183645 0.404631
0.003655 574.883 0.197692 111755 0.197526 0.669435
0.002095 2418.49 0.0474842 111754 0.217001 0.158681
0.004315 310.859 0.23255 111755 0.222531 1.247
0.003985 358.793 0.226228 111755 0.224456 1.07763
0.003025 1430.34 0.0978332 111754 0.136526 0.267965
0.001125 1173.73 0.155665 111755 0.237075 0.326936
0.007255 307.632 0.232918 111752 0.0290216 1.2605
0.001515 1727.45 0.105952 111754 0.310814 0.221923
0.005065 307.58 0.232918 111754 0.175824 1.26073
0.003345 936.158 0.154022 111757 0.185329 0.409933
0.003665 565.345 0.1989 111755 0.19844 0.680813
0.002105 2411.83 0.0478535 111754 0.217479 0.159118
0.004325 310.574 0.232587 111755 0.222075 1.24818
0.003995 355.614 0.226676 111755 0.224988 1.08741
0.003035 1415.02 0.09976 111754 0.138356 0.270868
0.001135 1187.25 0.154438 111755 0.239249 0.323195
0.007265 307.617 0.232918 111752 0.0283384 1.26056
0.005075 307.552 0.232918 111754 0.17517 1.26084
0.001525 1742.02 0.104678 111754 0.312207 0.220068
0.003355 923.956 0.155599 111757 0.185669 0.415374
0.003675 555.835 0.200093 111755 0.19938 0.692548
0.002115 2405.2 0.0482233 111754 0.218455 0.159556
0.004335 310.309 0.232621 111755 0.221603 1.24928
0.004005 352.558 0.227101 111755 0.225467 1.09698
0.003045 1399.71 0.101677 111754 0.140149 0.273835
0.001145 1200.82 0.153207 111755 0.241416 0.319525
0.007275 307.595 0.232918 111752 0.0276511 1.26065
0.005085 307.515 0.232918 111754 0.174508 1.26099
0.001535 1756.59 0.103407 111754 0.31356 0.218245
0.003365 911.749 0.157163 111757 0.184909 0.420963
0.003685 546.356 0.201268 111755 0.200355 0.704652
0.002125 2398.62 0.0485911 111754 0.219774 0.159992
0.004345 310.061 0.232651 111755 0.221114 1.25031
0.004015 349.62 0.227504 111755 0.225892 1.10633
0.003055 1384.39 0.103585 111754 0.141905 0.276867
0.001155 1214.45 0.151971 111755 0.243573 0.315925
0.007285 307.568 0.232918 111752 0.0269611 1.26076
0.005095 307.469 0.232918 111754 0.173873 1.26118
0.002855 1661.81 0.080523 111754 0.171089 0.230639
0.001545 1771.16 0.10214 111754 0.314873 0.216452
0.003375 899.532 0.158715 111756 0.183595 0.426708
0.003695 536.914 0.202427 111755 0.201365 0.717136
0.004355 309.829 0.232679 111755 0.22061 1.25127
0.002135 2392.11 0.0489561 111754 0.221182 0.160427
0.004025 346.796 0.227885 111755 0.22626 1.11548
0.003065 1369.08 0.105482 111754 0.143624 0.279968
0.001165 1228.12 0.150732 111755 0.245722 0.312393
0.007295 307.534 0.232918 111752 0.0262648 1.2609
0.005105 307.414 0.232918 111754 0.173159 1.26141
0.001555 1785.72 0.100878 111754 0.316144 0.214689
0.003385 887.299 0.160254 111756 0.18235 0.432621
0.002865 1649.68 0.0807754 111754 0.171936 0.232333
0.003705 527.51 0.203568 111755 0.202394 0.730016
0.004365 309.609 0.232704 111755 0.22009 1.25219
0.002145 2385.65 0.0493185 111754 0.222388 0.16086
0.004035 344.08 0.228244 111755 0.226568 1.12441
0.003075 1353.77 0.107368 111754 0.145303 0.283139
0.001175 1241.84 0.149489 111755 0.247861 0.308927
0.007305 307.494 0.232918 111753 0.0256004 1.26106
0.005115 307.451 0.232918 111754 0.172497 1.26126
0.001565 1800.28 0.0996206 111754 0.317372 0.212955
0.003395 875.043 0.161782 111755 0.181592 0.438711
0.003715 518.147 0.204692 111755 0.203399 0.743307
0.002875 1637.56 0.0810124 111754 0.172888 0.234052
0.004375 309.401 0.232726 111755 0.219555 1.25305
0.002155 2379.25 0.0496797 111754 0.2232 0.161292
0.004045 341.466 0.228584 111755 0.226813 1.13315
0.003085 1338.45 0.109243 111754 0.146943 0.286385
0.001185 1255.6 0.148241 111755 0.249991 0.305526
0.007315 307.448 0.232918 111752 0.0248609 1.26125
0.001575 1814.83 0.0983681 111754 0.318555 0.211251
0.007005 307.54 0.232918 111753 0.0461495 1.26088
0.001585 1829.37 0.0971209 111754 0.319693 0.209574
0.004595 307.558 0.232905 111755 0.206253 1.2608
0.007015 307.57 0.232918 111753 0.0454737 1.26076
0.001595 1843.9 0.0958795 111754 0.320784 0.207926
0.004605 307.578 0.232906 111755 0.205585 1.26072
0.005305 307.52 0.232918 111754 0.160376 1.26097
0.001855 2212.33 0.0666031 111754 0.330696 0.173404
0.005315 307.549 0.232918 111754 0.159749 1.26085
0.000665 632.125 0.205016 111755 0.13792 0.609484
0.001865 2225.95 0.0656194 111754 0.33043 0.172347
0.005325 307.573 0.232918 111754 0.15912 1.26075
0.000675 641.696 0.204146 111755 0.139915 0.600326
0.000355 406.598 0.225189 111754 0.0873907 0.950885
0.005335 307.593 0.232918 111754 0.158488 1.26067
0.001875 2239.51 0.0646471 111754 0.33013 0.171307
0.000685 651.389 0.203264 111755 0.141926 0.591327
0.005345 307.608 0.232918 111754 0.157855 1.26061
0.000365 411.48 0.224767 111754 0.0885708 0.939506
0.001885 2253.03 0.0636862 111754 0.329798 0.170283
0.000695 661.204 0.20237 111755 0.143951 0.582485
0.005355 307.618 0.232918 111754 0.157226 1.26057
0.000255 366.961 0.228566 111754 0.077652 1.05455
0.001895 2266.5 0.0627365 111754 0.329437 0.169275
0.000375 416.531 0.224328 111754 0.0897871 0.928017
0.000705 671.138 0.201465 111755 0.14599 0.5738
0.005365 307.622 0.232918 111754 0.156556 1.26055
0.001905 2279.91 0.0617981 111754 0.329045 0.168283
0.000265 370.187 0.228295 111754 0.0784545 1.04528
0.000385 421.751 0.223874 111754 0.091039 0.916434
0.005375 307.621 0.232918 111754 0.155906 1.26056
0.000715 681.189 0.200549 111755 0.148042 0.565271
0.001915 2293.27 0.0608708 111754 0.328622 0.167306
0.000275 373.574 0.22801 111754 0.0792952 1.03572
0.000395 427.139 0.223404 111754 0.0923262 0.904776
0.005385 307.613 0.232918 111754 0.155259 1.26059
0.000725 691.356 0.199622 111755 0.150111 0.556899
0.000285 377.122 0.227711 111754 0.0801741 1.02588
0.000405 432.696 0.222917 111754 0.093648 0.893061
0.003405 862.76 0.163297 111755 0.181429 0.444989
0.000415 438.42 0.222415 111754 0.0950038 0.881305
0.003725 508.819 0.205797 111755 0.204334 0.757036
0.003415 850.444 0.164801 111755 0.181731 0.451468
0.002165 2372.88 0.0500415 111754 0.223523 0.161724
0.000425 444.31 0.221898 111755 0.0963931 0.869524
0.004055 338.945 0.228904 111755 0.226987 1.14171
0.003735 499.514 0.206883 111755 0.205099 0.771244
0.003425 838.091 0.166294 111755 0.182278 0.458158
0.002175 2366.52 0.0504057 111754 0.223354 0.162157
0.003095 1323.12 0.111107 111754 0.148544 0.289709
0.000435 450.367 0.221364 111755 0.0978151 0.857735
0.003745 490.223 0.207951 111758 0.20646 0.785989
0.004065 336.51 0.229204 111755 0.227085 1.1501
0.004385 309.201 0.232747 111755 0.219004 1.25389
0.003435 825.696 0.167776 111755 0.18289 0.465073
0.002185 2360.16 0.0507741 111754 0.222753 0.162593
0.000445 456.588 0.220814 111755 0.0992692 0.845953
0.003105 1307.79 0.112958 111754 0.150105 0.293113
0.001195 1269.41 0.14699 111755 0.252111 0.302188
0.003755 483.234 0.208994 111755 0.206855 0.797449
0.004075 334.15 0.229487 111755 0.227096 1.15834
0.003445 813.254 0.169247 111755 0.183478 0.472226
0.002195 2353.78 0.0511479 111754 0.221812 0.163032
0.000455 462.973 0.220249 111755 0.100755 0.834191
0.007325 307.497 0.232918 111753 0.024119 1.26105
0.004395 309.007 0.232765 111755 0.218437 1.25469
0.003115 1292.44 0.114799 111755 0.151627 0.296601
0.003765 476.372 0.210017 111755 0.208027 0.809052
0.007025 307.594 0.232918 111753 0.0447967 1.26066
0.001205 1283.26 0.145736 111755 0.254221 0.298913
0.004085 331.856 0.229752 111755 0.227046 1.16647
0.003455 800.762 0.170707 111755 0.184022 0.479633
0.004615 307.598 0.232908 111755 0.204993 1.26064
0.002205 2347.37 0.0515282 111754 0.220628 0.163475
0.000465 469.521 0.219669 111755 0.102272 0.822463
0.007335 307.541 0.232918 111753 0.0234611 1.26087
0.004405 308.817 0.232782 111755 0.217853 1.25549
0.003125 1277.07 0.116627 111755 0.15311 0.300178
0.003775 469.61 0.211016 111755 0.208962 0.820819
0.007035 307.612 0.232918 111753 0.0441199 1.26058
0.001215 1297.16 0.144478 111755 0.256319 0.295698
0.004095 330.148 0.229998 111755 0.227323 1.17261
0.003465 788.215 0.172158 111755 0.184531 0.487308
0.002215 2340.92 0.0519154 111754 0.219288 0.163924
0.004625 307.616 0.232909 111755 0.204347 1.26057
0.000475 476.23 0.219073 111755 0.103814 0.810783
0.007345 307.579 0.232918 111753 0.0227709 1.26072
0.005395 307.6 0.232918 111754 0.154617 1.26064
0.000735 701.636 0.198685 111755 0.152121 0.54868
0.007355 307.612 0.232918 111753 0.0220909 1.26058
0.000295 380.834 0.227397 111754 0.0810914 1.0158
0.005405 307.579 0.232918 111754 0.153964 1.26073
0.004415 308.629 0.232796 111755 0.217267 1.25627
0.005415 307.55 0.232918 111754 0.153308 1.26085
0.003135 1261.69 0.118443 111755 0.154556 0.303847
0.004425 308.439 0.23281 111755 0.216646 1.25706
0.002225 2334.43 0.05231 111754 0.217857 0.164377
0.005425 307.514 0.232918 111754 0.152645 1.26099
0.003145 1246.28 0.120248 111755 0.155964 0.307613
0.003785 462.94 0.211991 111755 0.209834 0.832767
0.004435 308.373 0.232821 111755 0.216064 1.25734
0.005435 307.469 0.232918 111754 0.152012 1.26118
0.002235 2327.89 0.0527121 111754 0.216387 0.164836
0.003155 1230.84 0.12204 111755 0.157338 0.311481
0.004445 308.314 0.232832 111755 0.215517 1.2576
0.004635 307.633 0.23291 111755 0.203694 1.2605
0.004455 308.261 0.232842 111755 0.214949 1.25783
0.001225 1311.1 0.143217 111755 0.258405 0.292543
0.004645 307.647 0.232911 111755 0.203032 1.26044
0.004105 328.541 0.23023 111755 0.227293 1.17846
0.004465 308.213 0.23285 111755 0.214371 1.25803
0.001235 1325.07 0.141952 111755 0.26048 0.289446
0.004655 307.658 0.232912 111755 0.202365 1.2604
0.004475 308.168 0.232858 111755 0.213793 1.25823
0.004115 327.029 0.230446 111755 0.227463 1.18402
0.001245 1339.09 0.140685 111755 0.262542 0.286405
0.004665 307.665 0.232913 111754 0.201703 1.26037
0.004125 325.607 0.230647 111755 0.227525 1.18929
0.001255 1353.14 0.139414 111755 0.26459 0.28342
0.003475 775.609 0.173598 111755 0.185017 0.495271
0.000485 483.099 0.218461 111755 0.105459 0.799163
0.001265 1367.23 0.138141 111755 0.266625 0.28049
0.003485 762.94 0.175028 111755 0.185483 0.503539
0.000745 712.028 0.197737 111755 0.154421 0.540615
0.000305 384.71 0.227067 111754 0.0820468 1.00547
0.000495 490.126 0.217835 111755 0.106862 0.787615
0.001275 1381.36 0.136865 111755 0.268645 0.277613
0.003495 750.202 0.176449 111755 0.185921 0.512134
0.000755 722.531 0.196778 111755 0.156322 0.5327
0.003795 456.358 0.212943 111755 0.210675 0.844903
0.000505 497.311 0.217193 111755 0.108694 0.776145
0.000315 388.753 0.226723 111754 0.0830404 0.994922
0.003505 737.39 0.177861 111755 0.186401 0.52108
0.003165 1215.38 0.123821 111755 0.158677 0.315455
0.003515 724.496 0.179263 111756 0.186566 0.530403
0.004675 307.669 0.232913 111754 0.201001 1.26036
0.004135 324.271 0.230834 111755 0.227553 1.19429
0.000765 733.142 0.19581 111755 0.158497 0.524935
0.004685 307.667 0.232914 111754 0.200331 1.26036
0.004145 323.015 0.231008 111755 0.227538 1.19903
0.004695 307.662 0.232914 111754 0.199666 1.26039
0.003805 449.864 0.213869 111755 0.211524 0.857225
0.000775 743.859 0.194832 111755 0.160581 0.517319
0.004155 321.835 0.231169 111755 0.227485 1.20352
0.004705 307.65 0.232915 111754 0.199012 1.26044
0.000785 754.681 0.193844 111755 0.162649 0.509848
0.000515 504.65 0.216536 111755 0.110284 0.764768
0.000795 765.606 0.192846 111755 0.164757 0.502522
0.003175 1199.89 0.12559 111755 0.159985 0.31954
0.000525 512.143 0.215865 111755 0.111973 0.753491
0.000805 776.633 0.191839 111755 0.167055 0.495338
0.003815 443.464 0.214771 111755 0.212397 0.869725
0.004715 307.633 0.232915 111754 0.198353 1.26051
0.000815 787.759 0.190823 111755 0.169761 0.488293
0.000535 519.787 0.215179 111755 0.113682 0.742323
0.003185 1184.35 0.127348 111755 0.161262 0.323743
0.003825 437.163 0.215649 111755 0.21329 0.882393
0.004725 307.609 0.232915 111754 0.197693 1.26061
0.000825 798.983 0.189799 111754 0.173053 0.481385
0.000545 527.582 0.214478 111755 0.115417 0.73127
0.003195 1168.78 0.129094 111755 0.16251 0.328069
0.003835 430.964 0.216501 111755 0.214186 0.895218
0.004735 307.577 0.232916 111754 0.197032 1.26074
0.000835 810.303 0.188765 111754 0.176905 0.474612
0.000555 535.525 0.213764 111755 0.117176 0.720339
0.004745 307.538 0.232916 111754 0.196366 1.2609
0.000845 821.718 0.187722 111753 0.180983 0.467973
0.000565 543.614 0.213035 111755 0.118959 0.709538
0.004755 307.489 0.232916 111754 0.195729 1.2611
0.000855 833.226 0.186671 111753 0.184714 0.461464
0.000575 551.847 0.212292 111755 0.120765 0.69887
0.004765 307.43 0.232916 111754 0.195016 1.26135
0.000865 844.826 0.185612 111753 0.187528 0.455085
0.000585 560.223 0.211536 111755 0.122592 0.688341
0.004775 307.464 0.232916 111754 0.194351 1.26121
0.000875 856.517 0.184545 111753 0.189151 0.448833
0.000595 568.739 0.210766 111755 0.124441 0.677954
0.004785 307.497 0.232917 111754 0.193773 1.26107
0.000885 868.297 0.18347 111753 0.189765 0.442706
0.004795 307.527 0.232917 111754 0.193146 1.26095
0.000605 577.394 0.209983 111755 0.12631 0.667714
0.000895 880.165 0.182387 111754 0.189915 0.4367
0.000615 586.186 0.209187 111755 0.128199 0.657624
0.000905 892.117 0.181296 111754 0.190224 0.430813
0.000625 595.112 0.208378 111755 0.130108 0.647685
0.000915 904.153 0.180198 111755 0.191113 0.425043
0.000635 604.171 0.207556 111755 0.132035 0.637901
0.000925 916.272 0.179092 111755 0.192672 0.419386
0.000935 928.471 0.177979 111755 0.194731 0.413842
0.000945 940.75 0.17686 111755 0.197032 0.408407
0.000955 953.106 0.175733 111755 0.199378 0.403079
