0.005765 2273.34 0.0535068 484967 -0.085083 0.724673
0.005775 2274.45 0.0532734 484969 -0.0852079 0.724296
0.005785 2275.94 0.0530394 484967 -0.0853402 0.723795
0.005795 2277.44 0.052805 484967 -0.0854744 0.723293
0.005805 2278.95 0.0525702 484967 -0.0856074 0.72279
0.005815 2280.47 0.0523351 484967 -0.0857396 0.722286
0.005825 2281.99 0.0520998 484967 -0.0858709 0.721782
0.005835 2283.51 0.0518644 484967 -0.0860016 0.721276
0.005845 2285.04 0.0516289 484967 -0.0861317 0.720769
0.005855 2286.58 0.0513934 484967 -0.0862614 0.72026
0.005865 2288.13 0.051158 484967 -0.0863908 0.719751
0.005875 2289.68 0.0509228 484967 -0.08652 0.71924
0.005885 2291.24 0.0506879 484967 -0.0866494 0.718729
0.005895 2292.8 0.0504534 484967 -0.0867789 0.718216
0.005905 2294.37 0.0502194 484967 -0.0869089 0.717702
0.005915 2295.95 0.049986 484967 -0.0870394 0.717187
0.005925 2297.53 0.0497533 484967 -0.0871709 0.716671
0.005935 2299.12 0.0495213 484967 -0.0873034 0.716154
0.005945 2300.72 0.0492903 484967 -0.0874372 0.715635
0.005955 2302.32 0.0490603 484967 -0.0875724 0.715116
0.005965 2303.93 0.0488315 484969 -0.0877143 0.714597
0.005975 2306.02 0.0486039 484967 -0.087868 0.713926
0.005985 2308.12 0.0483778 484967 -0.0880284 0.713256
0.005995 2310.21 0.0481532 484967 -0.0881916 0.712587
0.006005 2312.31 0.0479302 484967 -0.088358 0.71192
0.006015 2314.41 0.047709 484967 -0.0885278 0.711254
0.006025 2316.51 0.0474897 484967 -0.0887015 0.71059
0.006035 2318.6 0.0472725 484967 -0.0888794 0.709928
0.006045 2320.69 0.0470575 484967 -0.0890619 0.709267
0.006055 2322.78 0.0468448 484967 -0.0892493 0.708609
0.006065 2324.86 0.0466345 484967 -0.089442 0.707953
0.006075 2326.94 0.0464267 484967 -0.0896404 0.7073
5e-06 1419.6 0.170439 484967 0.0088649 1.16929
0.000325 1440.37 0.168709 484967 0.00881509 1.15256
1.5e-05 1419.64 0.170435 484967 0.00886424 1.16926
0.000645 1498.02 0.163858 484967 0.0080849 1.10853
0.000335 1441.65 0.168602 484967 0.00880707 1.15154
2.5e-05 1419.72 0.170429 484967 0.008864 1.16919
0.006085 2329.01 0.0462217 484967 -0.0898449 0.70665
0.000345 1442.97 0.168491 484967 0.00879835 1.1505
0.005445 2243.4 0.0604753 484967 -0.0805811 0.735227
3.5e-05 1419.84 0.170419 484967 0.00886399 1.1691
0.000655 1500.31 0.163663 484967 0.00804232 1.10685
0.000355 1444.32 0.168378 484967 0.0087889 1.14943
0.006095 2331.08 0.0460195 484967 -0.0900557 0.706004
4.5e-05 1420 0.170406 484967 0.00886418 1.16897
0.000665 1502.64 0.163466 484967 0.00799835 1.10515
0.005455 2244.14 0.0602753 484967 -0.0807401 0.734954
0.000365 1445.71 0.168262 484967 0.00877872 1.14833
0.006105 2333.14 0.0458203 484967 -0.0902731 0.70536
5.5e-05 1420.2 0.170389 484967 0.00886451 1.16881
0.000675 1504.98 0.163267 484967 0.00795299 1.10344
0.005465 2244.89 0.0600742 484967 -0.0808979 0.734681
0.000375 1447.14 0.168143 484967 0.00876776 1.14721
0.006115 2335.18 0.0456242 484967 -0.0904976 0.704721
6.5e-05 1420.43 0.17037 484967 0.00886496 1.16861
0.000685 1507.35 0.163066 484967 0.00790622 1.10172
0.005475 2245.64 0.0598719 484967 -0.0810543 0.734407
0.000385 1448.6 0.16802 484967 0.00875601 1.14606
0.006125 2337.22 0.0454314 484967 -0.0907293 0.704086
7.5e-05 1420.71 0.170347 484967 0.00886549 1.16839
0.000695 1509.75 0.162862 484967 0.00785804 1.09998
0.005485 2246.39 0.0596684 484967 -0.0812095 0.734133
0.000395 1450.1 0.167895 484967 0.00874343 1.14489
0.006135 2339.25 0.0452419 484967 -0.0909686 0.703455
8.5e-05 1421.03 0.17032 484967 0.00886608 1.16813
0.000705 1512.17 0.162656 484967 0.00780844 1.09824
0.005495 2247.14 0.0594636 484967 -0.0813634 0.733858
0.000405 1451.63 0.167767 484967 0.00872999 1.14369
0.006145 2341.26 0.0450558 484967 -0.0912157 0.702829
9.5e-05 1421.38 0.170291 484967 0.00886668 1.16784
0.000715 1514.61 0.162448 484967 0.00775742 1.09648
0.005505 2247.9 0.0592577 484967 -0.0815161 0.733582
0.000415 1453.19 0.167635 484967 0.00871567 1.14246
0.006155 2343.26 0.0448735 484967 -0.0914709 0.702208
0.000105 1421.78 0.170258 484967 0.00886728 1.16751
0.000725 1517.08 0.162238 484967 0.00770496 1.09471
0.005515 2248.66 0.0590505 484967 -0.0816676 0.733306
0.000425 1454.79 0.167501 484967 0.00870044 1.14122
0.006165 2345.24 0.0446948 484967 -0.0917345 0.701593
0.000115 1422.22 0.170222 484967 0.00886783 1.16716
0.000735 1519.57 0.162026 484967 0.00765105 1.09293
0.005525 2249.42 0.0588422 484967 -0.0818179 0.733028
0.000435 1456.43 0.167364 484967 0.00868426 1.13994
0.006175 2347.21 0.0445201 484967 -0.0920067 0.700983
0.000125 1422.69 0.170182 484967 0.0088683 1.16677
0.000745 1522.08 0.161812 484967 0.00759569 1.09114
0.006725 2312.77 0.0421734 484966 -0.118016 0.709358
0.000445 1458.1 0.167224 484967 0.0086671 1.13865
0.005535 2250.19 0.0586326 484967 -0.0819671 0.73275
0.006185 2349.16 0.0443493 484967 -0.0922877 0.70038
0.000135 1423.21 0.170139 484967 0.00886867 1.16635
0.000755 1524.62 0.161596 484967 0.00753887 1.08934
0.000455 1459.8 0.167081 484967 0.00864895 1.13733
0.005545 2250.96 0.0584218 484967 -0.0821151 0.732471
0.006195 2351.09 0.0441826 484967 -0.0925777 0.699783
0.000145 1423.76 0.170093 484967 0.0088689 1.1659
0.000765 1527.17 0.161378 484967 0.00748057 1.08753
0.000465 1461.53 0.166936 484967 0.00862977 1.13599
0.006405 2387.5 0.0417955 484967 -0.101794 0.68856
0.005555 2251.74 0.0582099 484968 -0.0822635 0.732191
0.006205 2352.99 0.0440202 484967 -0.092877 0.699194
0.000155 1424.35 0.170044 484967 0.00886896 1.16542
0.000775 1529.75 0.161157 484967 0.00742078 1.08571
0.006735 2307.13 0.0422264 484967 -0.1205 0.711033
0.000475 1463.3 0.166787 484967 0.00860953 1.13463
0.005565 2252.71 0.0579967 484967 -0.0824149 0.731845
0.006415 2388.68 0.0417397 484967 -0.102522 0.688186
0.006215 2354.88 0.0438621 484967 -0.0931858 0.698611
0.000165 1424.99 0.169991 484967 0.00886882 1.16491
0.000485 1465.1 0.166636 484967 0.00858823 1.13325
0.000785 1532.35 0.160935 484967 0.0073595 1.08388
0.006745 2301.25 0.0422789 484967 -0.121519 0.712793
0.005575 2253.69 0.0577823 484967 -0.0825652 0.731499
0.006425 2389.8 0.0416892 484968 -0.103473 0.687834
0.006225 2356.74 0.0437084 484967 -0.093504 0.698037
0.000175 1425.66 0.169935 484967 0.00886846 1.16436
0.000795 1534.97 0.160711 484967 0.00729672 1.08204
0.000495 1466.93 0.166482 484967 0.00856583 1.13184
0.006755 2295.29 0.0423306 484967 -0.121894 0.714584
0.005585 2254.68 0.0575667 484967 -0.0827132 0.731152
0.006435 2390.83 0.041644 484968 -0.104501 0.687503
0.006235 2358.58 0.0435593 484968 -0.0938352 0.69747
0.000185 1426.37 0.169876 484967 0.00886783 1.16378
0.000805 1537.61 0.160485 484967 0.00723244 1.0802
0.000505 1468.8 0.166325 484967 0.00854231 1.13042
0.006765 2289.29 0.042381 484967 -0.122131 0.716393
0.005595 2255.66 0.05735 484967 -0.0828589 0.730804
0.006445 2391.78 0.0416041 484968 -0.105294 0.687195
0.006245 2360.62 0.0434148 484967 -0.094183 0.696842
0.000195 1427.12 0.169814 484967 0.00886692 1.16318
0.000515 1470.69 0.166166 484967 0.00851767 1.12897
0.006775 2283.28 0.0424298 484967 -0.122331 0.718218
0.000815 1540.27 0.160258 484967 0.00716664 1.07835
0.005605 2256.66 0.0571321 484967 -0.0830025 0.730455
0.006455 2392.65 0.0415695 484968 -0.105701 0.686909
0.006255 2362.64 0.0432751 484967 -0.094547 0.696223
0.000205 1427.91 0.169748 484967 0.00886568 1.16254
0.000525 1472.62 0.166004 484967 0.00849187 1.12751
0.006785 2277.25 0.0424766 484967 -0.122504 0.720056
0.000825 1542.94 0.160028 484967 0.00709934 1.07649
0.005615 2257.65 0.056913 484967 -0.083144 0.730105
0.006265 2364.62 0.0431402 484967 -0.0949252 0.695615
0.006465 2393.44 0.04154 484967 -0.105895 0.686648
0.000215 1428.74 0.169679 484967 0.0088641 1.16187
0.000535 1474.57 0.165839 484967 0.00846489 1.12602
0.006795 2271.21 0.042521 484967 -0.122651 0.721908
0.000835 1545.64 0.159797 484967 0.00703051 1.07463
0.005625 2258.65 0.0566929 484967 -0.0832835 0.729754
0.006275 2366.57 0.0430103 484967 -0.0953179 0.695018
0.000225 1429.6 0.169607 484967 0.00886213 1.16117
0.006475 2394.14 0.0415156 484967 -0.106184 0.686411
0.000545 1476.56 0.165671 484967 0.00843673 1.12452
0.006805 2265.16 0.0425626 484967 -0.122772 0.723771
0.000845 1548.35 0.159564 484967 0.00696017 1.07276
0.006285 2368.48 0.0428853 484967 -0.0957251 0.694433
0.005635 2259.66 0.0564716 484967 -0.0834212 0.729401
0.000235 1430.51 0.169531 484967 0.00885976 1.16044
0.000555 1478.58 0.165501 484967 0.00840735 1.123
0.006485 2394.75 0.0414963 484967 -0.106726 0.686199
0.006815 2259.11 0.0426009 484967 -0.122864 0.725645
0.007045 2147.53 0.0414291 484968 -0.115488 0.761606
0.000855 1551.09 0.159329 484967 0.00688831 1.07088
0.006295 2370.34 0.0427655 484967 -0.0961472 0.69386
0.000245 1431.45 0.169452 484967 0.00885694 1.15968
0.005645 2260.67 0.0562492 484967 -0.083557 0.729047
0.000565 1480.63 0.165329 484967 0.00837673 1.12146
0.006495 2395.26 0.0414819 484967 -0.107467 0.686014
0.006825 2253.06 0.0426355 484967 -0.122927 0.727528
0.000865 1553.84 0.159092 484967 0.00681493 1.069
0.007055 2144.28 0.0412208 484968 -0.114593 0.762678
0.006305 2372.17 0.0426507 484967 -0.0965844 0.693301
0.000255 1432.44 0.169371 484967 0.00885365 1.15889
0.005655 2261.69 0.0560258 484967 -0.0836911 0.728692
0.000575 1482.7 0.165154 484967 0.00834486 1.1199
0.006835 2247.01 0.0426659 484967 -0.122959 0.729418
0.006505 2395.68 0.0414723 484967 -0.108282 0.685855
0.000875 1556.6 0.158854 484967 0.00674002 1.06711
0.007065 2141.22 0.0409916 484968 -0.113656 0.763688
0.006315 2373.95 0.0425412 484967 -0.0970369 0.692754
0.000265 1433.46 0.169286 484967 0.00884986 1.15807
0.005665 2262.71 0.0558013 484967 -0.0838236 0.728336
0.000585 1484.81 0.164976 484967 0.00831171 1.11832
0.006845 2240.98 0.0426917 484967 -0.122961 0.731314
0.006515 2395.94 0.0414675 484956 -0.109052 0.685724
0.000885 1559.39 0.158614 484967 0.0066636 1.06522
0.007075 2138.35 0.0407409 484968 -0.112714 0.764632
0.006325 2375.68 0.0424369 484967 -0.0975048 0.692223
0.000275 1434.51 0.169197 484967 0.00884554 1.15723
0.005675 2263.74 0.0555758 484967 -0.0839546 0.727977
0.000595 1486.94 0.164796 484967 0.00827726 1.11673
0.006855 2234.97 0.0427125 484967 -0.122931 0.733214
0.006525 2392.75 0.0414672 484967 -0.109727 0.686616
0.000895 1562.19 0.158373 484967 0.00658565 1.06333
0.006335 2377.36 0.0423379 484967 -0.0979887 0.691706
0.007085 2135.66 0.0404688 484968 -0.111792 0.765511
0.000285 1435.61 0.169106 484967 0.00884067 1.15635
0.000605 1489.1 0.164613 484967 0.00824149 1.11512
0.005685 2264.78 0.0553494 484967 -0.0840842 0.727618
0.006865 2228.97 0.0427277 484967 -0.122869 0.735116
0.006535 2389.42 0.0414715 484967 -0.110338 0.687531
0.000905 1565.01 0.15813 484967 0.00650618 1.06143
0.006345 2378.99 0.0422442 484967 -0.0984886 0.691204
0.007095 2133.17 0.0401753 484968 -0.110914 0.766326
0.000295 1436.74 0.169011 484967 0.00883521 1.15544
0.000615 1491.29 0.164428 484967 0.00820438 1.1135
0.005695 2265.83 0.0551219 484967 -0.0842125 0.727256
0.006875 2223.01 0.042737 484967 -0.122773 0.737018
0.000915 1567.84 0.157885 484967 0.00642518 1.05952
0.006545 2386.02 0.0414801 484967 -0.11095 0.68847
0.006355 2380.56 0.0421559 484967 -0.0990042 0.690719
0.005125 2220.53 0.0663345 484967 -0.0749227 0.743728
0.000305 1437.91 0.168914 484967 0.00882914 1.15451
0.007105 2130.85 0.0398615 484968 -0.110128 0.767079
0.005705 2266.88 0.0548936 484967 -0.0843396 0.726893
0.000625 1493.51 0.16424 484967 0.00816592 1.11186
0.006885 2217.08 0.0427397 484967 -0.122626 0.738919
0.000925 1570.68 0.157639 484967 0.00634266 1.05762
0.006555 2382.54 0.0414929 484967 -0.111557 0.689433
0.006365 2382.08 0.042073 484967 -0.0995368 0.690251
0.000315 1439.12 0.168813 484967 0.00882244 1.15355
0.005135 2221.23 0.0661644 484967 -0.0751073 0.743465
0.007115 2128.69 0.0395284 484968 -0.109068 0.767777
0.005715 2267.94 0.0546644 484967 -0.0844656 0.726527
0.000635 1495.75 0.16405 484967 0.0081261 1.1102
0.006895 2211.21 0.0427355 484971 -0.122473 0.740814
0.000935 1573.55 0.157392 484967 0.00625862 1.05571
0.002885 2076.52 0.10575 484967 -0.030353 0.800237
0.000945 1576.42 0.157143 484967 0.00617305 1.05379
0.007365 1738.83 0.0583296 484970 -0.0935058 0.937566
0.000955 1579.31 0.156893 484967 0.00608597 1.05188
0.003205 2110.05 0.0990954 484967 -0.0377996 0.787044
0.002895 2077.78 0.105533 484967 -0.0305903 0.79974
0.007375 1717.31 0.0596406 484970 -0.0903737 0.949235
0.002905 2079.02 0.105316 484967 -0.0308274 0.799249
0.003215 2110.9 0.0988968 484967 -0.0380243 0.78671
0.002915 2080.25 0.1051 484967 -0.0310643 0.798763
0.007385 1696.26 0.0608885 484970 -0.0871977 0.960937
0.003225 2111.74 0.0986986 484967 -0.0382485 0.78638
0.004805 2198.33 0.071548 484967 -0.0690157 0.752098
0.002925 2081.47 0.104885 484967 -0.031301 0.798282
0.007395 1675.7 0.0620708 484970 -0.0839782 0.97265
0.003235 2112.57 0.0985009 484967 -0.0384722 0.786054
0.002565 2028.07 0.113053 484967 -0.0227623 0.8197
0.002935 2082.67 0.10467 484967 -0.0315375 0.797806
0.007405 1655.65 0.0631853 484970 -0.0807163 0.984352
0.003245 2113.39 0.0983038 484967 -0.0386956 0.785732
0.004815 2199.04 0.0713893 484967 -0.0692002 0.75183
0.002945 2083.87 0.104456 484967 -0.0317738 0.797335
0.007415 1636.14 0.0642303 484970 -0.0774094 0.996016
0.002575 2029.86 0.112814 484967 -0.0229987 0.818969
0.003255 2114.2 0.0981071 484967 -0.0389186 0.785413
0.004825 2199.74 0.0712304 484967 -0.0693846 0.751562
0.000965 1582.22 0.156641 484967 0.00599736 1.04996
0.002955 2085.05 0.104242 484967 -0.03201 0.796869
0.007425 1617.19 0.0652046 484970 -0.0741029 1.00762
0.003265 2115 0.0979109 484967 -0.0391414 0.785098
0.002585 2031.64 0.112576 484967 -0.0232351 0.818244
0.004835 2200.45 0.0710713 484967 -0.069569 0.751296
0.001605 1781.07 0.138838 484967 -0.00259085 0.933415
0.002965 2086.22 0.104029 484967 -0.032246 0.796409
0.007435 1598.82 0.0661075 484970 -0.070308 1.01912
0.003275 2115.8 0.0977153 484967 -0.039364 0.784786
0.000975 1585.14 0.156388 484967 0.00590723 1.04804
0.002595 2033.4 0.112339 484967 -0.0234715 0.817526
0.004845 2201.15 0.0709121 484967 -0.0697535 0.75103
0.002975 2087.38 0.103817 484967 -0.032482 0.795953
0.007445 1581.02 0.0669511 484960 -0.0735174 1.03051
0.003285 2116.58 0.0975201 484967 -0.0395865 0.784478
0.001615 1784.18 0.138549 484967 -0.00276535 0.931798
0.003525 2132.36 0.0929722 484967 -0.0448137 0.778226
0.000985 1588.07 0.156133 484967 0.00581558 1.04612
0.002605 2035.15 0.112102 484967 -0.0237082 0.816814
0.004855 2201.85 0.0707528 484967 -0.0699381 0.750765
0.001925 1877.04 0.129721 484967 -0.00866391 0.885849
0.002985 2088.52 0.103605 484967 -0.0327179 0.795502
0.007455 1559.1 0.0692657 484971 -0.0760149 1.04497
0.003295 2117.35 0.0973254 484967 -0.0398087 0.784174
0.001625 1787.28 0.138261 484967 -0.00294089 0.930189
0.000995 1591.01 0.155878 484967 0.00572243 1.0442
0.003535 2132.92 0.0927879 484967 -0.0450274 0.778004
0.002615 2036.89 0.111866 484967 -0.0239453 0.816109
0.004865 2202.55 0.0705933 484967 -0.070123 0.750502
0.002995 2089.66 0.103394 484967 -0.0329537 0.795056
0.004165 2161.86 0.0818208 484967 -0.0574846 0.766282
0.001935 1879.9 0.129441 484967 -0.0088705 0.884505
0.007465 1537.76 0.0715153 484970 -0.071785 1.05942
0.003305 2118.1 0.0971312 484967 -0.0400304 0.78388
0.001635 1790.37 0.137973 484967 -0.00311746 0.928588
0.001005 1593.96 0.155621 484967 0.00562776 1.04228
0.003545 2133.47 0.092604 484967 -0.0452407 0.777784
0.002625 2038.61 0.111631 484967 -0.0241824 0.815409
0.004875 2203.25 0.0704336 484967 -0.0703082 0.750239
0.003005 2090.78 0.103184 484967 -0.0331894 0.794615
0.004175 2162.26 0.0816552 484967 -0.057667 0.766116
0.007475 1517.05 0.0736889 484970 -0.0681555 1.07383
0.003315 2118.84 0.0969375 484967 -0.0402515 0.783589
0.001945 1882.74 0.129163 484967 -0.00907829 0.88317
0.001645 1793.46 0.137685 484967 -0.00329506 0.926995
0.001015 1596.93 0.155362 484967 0.00553158 1.04036
0.003555 2134.01 0.0924205 484967 -0.0454535 0.777567
0.002635 2040.24 0.111396 484967 -0.024419 0.814748
0.004885 2203.94 0.0702736 484967 -0.0704937 0.749977
0.003015 2091.89 0.102974 484967 -0.0334253 0.794179
0.004185 2162.67 0.0814899 484967 -0.0578489 0.76595
0.007485 1496.97 0.0757848 484970 -0.0645339 1.08819
0.003325 2119.56 0.0967443 484967 -0.0404719 0.783302
0.001955 1885.58 0.128885 484967 -0.00928731 0.881844
0.001655 1796.54 0.137397 484967 -0.00347367 0.925411
0.001025 1599.91 0.155103 484967 0.00543391 1.03843
0.003565 2134.54 0.0922374 484967 -0.045666 0.777353
0.004895 2204.63 0.0701135 484967 -0.0706797 0.749716
0.002645 2041.86 0.111162 484967 -0.024655 0.814093
0.003025 2092.98 0.102765 484967 -0.0336609 0.793748
0.007495 1477.53 0.0778009 484970 -0.0609558 1.10246
0.004195 2163.08 0.0813247 484967 -0.0580303 0.765784
0.003335 2120.28 0.0965515 484967 -0.0406919 0.783018
0.001965 1888.4 0.128607 484967 -0.00949758 0.880526
0.001665 1799.62 0.137109 484967 -0.00365328 0.923835
0.001035 1602.9 0.154842 484967 0.00533473 1.03651
0.003575 2135.07 0.0920546 484967 -0.045878 0.777141
0.004905 2205.32 0.0699531 484967 -0.0708661 0.749456
0.003035 2094.03 0.102556 484967 -0.0338957 0.793338
0.002655 2043.47 0.110929 484967 -0.0248908 0.813444
0.007505 1458.74 0.0797338 484970 -0.0574059 1.11662
0.004205 2163.48 0.0811597 484967 -0.0582112 0.76562
0.003345 2120.99 0.0963592 484967 -0.0409114 0.782738
0.001975 1891.22 0.12833 484967 -0.00970915 0.879218
0.001675 1802.69 0.136821 484967 -0.00383389 0.922268
0.001045 1605.9 0.15458 484967 0.00523406 1.03459
0.003585 2135.59 0.0918722 484967 -0.0460896 0.776933
0.004915 2206 0.0697925 484967 -0.0710528 0.749198
0.003045 2095.06 0.102348 484967 -0.0341298 0.792933
0.002665 2045.06 0.110696 484967 -0.0251265 0.812801
0.007515 1440.61 0.0815798 484970 -0.053873 1.13063
0.004215 2163.88 0.080995 484967 -0.0583916 0.765456
0.003355 2121.7 0.0961673 484967 -0.0411306 0.782461
0.001985 1894.02 0.128053 484967 -0.00992204 0.877918
0.001685 1805.76 0.136534 484967 -0.00401549 0.920708
0.001055 1608.91 0.154317 484967 0.0051319 1.03267
0.003595 2136.1 0.0916901 484967 -0.0463006 0.776726
0.003055 2096.08 0.102141 484967 -0.0343633 0.792532
0.004925 2206.68 0.0696316 484967 -0.0712399 0.74894
0.002675 2046.64 0.110464 484967 -0.0253621 0.812164
0.007525 1423.17 0.0833342 484970 -0.0503474 1.14445
0.004225 2164.28 0.0808305 484967 -0.0585713 0.765292
0.003365 2122.39 0.0959759 484967 -0.0413494 0.782187
0.001995 1896.81 0.127777 484967 -0.0101363 0.876627
0.001695 1808.82 0.136246 484967 -0.00419806 0.919158
0.001065 1611.93 0.154053 484967 0.00502826 1.03074
0.003605 2136.6 0.0915085 484967 -0.0465115 0.776523
0.004935 2207.36 0.0694705 484967 -0.0714273 0.748683
0.003065 2097.08 0.101934 484967 -0.0345963 0.792136
0.002685 2048.21 0.110233 484967 -0.0255977 0.811532
0.007535 1406.42 0.0849914 484970 -0.0468195 1.15804
0.004235 2164.68 0.0806662 484968 -0.0587518 0.765129
0.003375 2123.07 0.095785 484967 -0.0415679 0.781916
0.002005 1899.59 0.127502 484967 -0.0103519 0.875346
0.001705 1811.87 0.135959 484967 -0.0043816 0.917615
0.003615 2137.15 0.0913272 484967 -0.0467226 0.776305
0.001075 1614.96 0.153788 484967 0.00492314 1.02882
0.004945 2208.04 0.0693091 484967 -0.0716147 0.748427
0.003075 2098.08 0.101727 484967 -0.0348288 0.791745
0.007545 1390.38 0.0865454 484970 -0.0432939 1.17136
0.002245 1961.43 0.12106 484967 -0.0155587 0.84773
0.002695 2049.76 0.110003 484967 -0.0258334 0.810906
0.004245 2165.22 0.0805021 484967 -0.0589342 0.764916
0.003385 2123.75 0.0955945 484967 -0.0417862 0.781648
0.002015 1902.36 0.127227 484967 -0.010569 0.874073
0.001715 1814.92 0.135672 484967 -0.00456611 0.916081
0.003625 2137.69 0.0911462 484967 -0.0469331 0.776089
0.001085 1618 0.153522 484967 0.00481655 1.02691
0.004955 2208.71 0.0691473 484967 -0.071802 0.748173
0.003085 2099.06 0.101522 484967 -0.0350607 0.791358
0.007555 1375.08 0.0879897 484970 -0.0395897 1.18436
0.002255 1963.78 0.120799 484967 -0.0157568 0.846714
0.004255 2165.76 0.0803383 484967 -0.0591163 0.764704
0.002705 2051.3 0.109773 484967 -0.0260694 0.810286
0.003395 2124.42 0.0954044 484967 -0.0420042 0.781384
0.002025 1905.12 0.126952 484967 -0.0107874 0.87281
0.003635 2138.22 0.0909656 484967 -0.0471429 0.775876
0.001725 1817.95 0.135386 484967 -0.00475157 0.914556
0.004965 2209.38 0.0689852 484967 -0.0719891 0.747919
0.003095 2100.04 0.101316 484967 -0.035292 0.790975
0.001095 1621.05 0.153255 484967 0.0047085 1.02499
0.007565 1360.59 0.0893185 484980 -0.0367625 1.19698
0.002715 2052.83 0.109544 484967 -0.0263055 0.809672
0.004265 2166.3 0.0801746 484967 -0.059298 0.764493
0.002265 1966.12 0.120539 484967 -0.0159546 0.845703
0.003405 2125.08 0.0952148 484967 -0.0422219 0.781123
0.002035 1907.86 0.126678 484967 -0.0110073 0.871556
0.003645 2138.74 0.0907853 484967 -0.047352 0.775666
0.001735 1820.99 0.135099 484967 -0.00493799 0.913039
0.004975 2210.05 0.0688228 484967 -0.0721756 0.747667
0.003105 2101 0.101112 484967 -0.0355228 0.790597
0.001105 1624.1 0.152987 484967 0.00459898 1.02307
0.007575 1351.47 0.0907925 484969 -0.0344868 1.205
0.002725 2054.35 0.109315 484967 -0.026542 0.809064
0.004275 2166.83 0.0800111 484967 -0.0594791 0.764282
0.002275 1968.45 0.12028 484967 -0.0161529 0.844697
0.003415 2125.73 0.0950256 484967 -0.0424395 0.780865
0.002045 1910.59 0.126405 484967 -0.0112287 0.870311
0.003655 2139.26 0.0906054 484967 -0.0475605 0.775458
0.001745 1824.01 0.134813 484967 -0.00512535 0.91153
0.004985 2210.71 0.0686601 484967 -0.0723615 0.747415
0.003115 2101.95 0.100908 484967 -0.035753 0.790223
0.001115 1627.17 0.152717 484967 0.004488 1.02116
0.001285 1680.2 0.148018 484967 0.00238421 0.989132
0.007585 1343.21 0.0921388 484969 -0.0310303 1.2124
0.002735 2055.85 0.109087 484967 -0.0267788 0.808461
0.004285 2167.36 0.0798478 484967 -0.0596598 0.764072
0.003425 2126.37 0.0948369 484967 -0.0426568 0.78061
0.002285 1970.78 0.120021 484967 -0.0163523 0.843696
0.002055 1913.31 0.126132 484967 -0.0114515 0.869075
0.003665 2139.77 0.0904258 484967 -0.0477682 0.775252
0.001755 1827.03 0.134527 484967 -0.00531366 0.910031
0.004995 2211.37 0.0684969 484967 -0.0725465 0.747165
0.004485 2177.74 0.0766214 484968 -0.0632254 0.759982
0.003125 2102.89 0.100704 484967 -0.0359827 0.789854
0.001125 1630.24 0.152447 484967 0.00437558 1.01925
0.007595 1335.76 0.0933545 484969 -0.0276706 1.21915
0.001295 1683.36 0.147736 484967 0.00224807 0.987289
0.002745 2057.34 0.10886 484967 -0.0270159 0.807864
0.004295 2167.89 0.0796848 484967 -0.0598401 0.763862
0.002295 1973.09 0.119763 484967 -0.0165535 0.842701
0.003435 2127.01 0.0946485 484967 -0.0428738 0.780358
0.002065 1916.01 0.12586 484967 -0.0116756 0.867849
0.003675 2140.28 0.0902466 484967 -0.0479753 0.775049
0.001765 1830.04 0.134242 484967 -0.00550291 0.908539
0.005005 2212.03 0.0683334 484967 -0.0727306 0.746915
0.004495 2178.39 0.0764618 484967 -0.0634054 0.759731
0.003135 2103.83 0.100501 484967 -0.0362118 0.789488
0.001135 1633.32 0.152176 484967 0.0042617 1.01734
0.007605 1329.14 0.0944381 484969 -0.0243316 1.22521
0.001305 1686.52 0.147453 484967 0.00211059 0.98545
0.002755 2058.82 0.108634 484967 -0.0272534 0.807273
0.004305 2168.42 0.0795219 484967 -0.06002 0.763654
0.002305 1975.41 0.119505 484967 -0.0167575 0.841712
0.003445 2127.63 0.0944606 484967 -0.0430906 0.780109
0.002075 1918.7 0.125588 484967 -0.0119012 0.866631
0.003685 2140.77 0.0900677 484967 -0.0481817 0.774848
0.001775 1833.04 0.133956 484967 -0.0056931 0.907056
0.005015 2212.69 0.0681695 484968 -0.0729143 0.746666
0.003145 2104.75 0.100299 484967 -0.0364403 0.789127
0.004505 2179.04 0.0763023 484967 -0.0635854 0.75948
0.001145 1636.41 0.151904 484967 0.00414639 1.01543
0.007615 1323.35 0.0953883 484969 -0.021022 1.23056
0.001315 1689.68 0.14717 484967 0.0019718 0.983618
0.004315 2168.95 0.0793593 484967 -0.0601996 0.763445
0.002315 1977.71 0.119249 484967 -0.0169643 0.840728
0.003845 2147.99 0.0872482 484967 -0.0513996 0.771914
0.003455 2128.25 0.0942732 484967 -0.0433072 0.779864
0.002085 1921.38 0.125317 484967 -0.0121279 0.865423
0.002765 2060.29 0.108408 484967 -0.0274913 0.806688
0.003695 2141.27 0.0898891 484967 -0.0483875 0.77465
0.001785 1836.03 0.133672 484967 -0.00588423 0.905582
0.005025 2213.41 0.0680051 484967 -0.0730987 0.746395
0.003155 2105.65 0.100097 484967 -0.0366683 0.78877
0.004515 2179.7 0.0761429 484967 -0.0637651 0.75923
0.001155 1639.5 0.151632 484967 0.00402964 1.01353
0.007625 1318.38 0.0962042 484969 -0.0177394 1.23519
0.001325 1692.84 0.146886 484967 0.0018317 0.981791
0.004325 2169.48 0.0791968 484967 -0.0603789 0.763238
0.002325 1979.91 0.118993 484967 -0.0171738 0.839787
0.003465 2128.86 0.0940861 484967 -0.0435234 0.779621
0.002095 1924.01 0.125046 484967 -0.0123553 0.86424
0.002775 2061.74 0.108183 484967 -0.0277296 0.806108
0.003855 2148.4 0.0870745 484967 -0.0515959 0.771746
0.003705 2141.75 0.0897109 484967 -0.0485926 0.774453
0.001795 1839.02 0.133387 484967 -0.00607632 0.904116
0.005035 2214.13 0.0678403 484967 -0.0732818 0.746125
0.003165 2106.55 0.0998955 484967 -0.0368957 0.788417
0.004525 2180.34 0.0759836 484967 -0.0639444 0.758981
0.001165 1642.6 0.151358 484967 0.00391146 1.01163
0.007635 1314.24 0.096885 484969 -0.0144813 1.23908
0.004335 2170.01 0.0790345 484967 -0.060558 0.763031
0.002335 1982.11 0.118737 484967 -0.0173853 0.838852
0.001335 1696.01 0.146602 484967 0.00169028 0.979971
0.003475 2129.47 0.0938994 484967 -0.0437393 0.779381
0.002105 1926.62 0.124776 484967 -0.0125823 0.863071
0.002785 2063.18 0.107958 484967 -0.0279683 0.805534
0.003865 2148.81 0.0869011 484967 -0.0517917 0.771579
0.003715 2142.23 0.089533 484967 -0.0487971 0.774259
0.001805 1842 0.133103 484967 -0.00626935 0.902659
0.005045 2214.85 0.0676751 484967 -0.0734638 0.745856
0.003175 2107.44 0.0996947 484967 -0.0371225 0.788068
0.004535 2180.99 0.0758245 484967 -0.0641235 0.758732
0.001175 1645.71 0.151084 484967 0.00379186 1.00973
0.007645 1310.93 0.0974303 484969 -0.0112447 1.24221
0.004345 2170.53 0.0788725 484967 -0.0607369 0.762824
0.002345 1984.3 0.118483 484967 -0.0175997 0.837923
0.001345 1699.17 0.146317 484967 0.00154758 0.978156
0.003485 2130.06 0.0937132 484967 -0.0439549 0.779144
0.002115 1929.21 0.124507 484967 -0.0128088 0.861911
0.002795 2064.61 0.107735 484967 -0.0282075 0.804966
0.003875 2149.21 0.086728 484967 -0.051987 0.771414
0.001815 1844.97 0.132819 484967 -0.00646334 0.901211
0.003725 2142.71 0.0893554 484967 -0.0490009 0.774067
0.005055 2215.57 0.0675094 484967 -0.0736451 0.745587
0.003185 2108.32 0.0994944 484967 -0.0373487 0.787722
0.004545 2181.64 0.0756654 484967 -0.0643023 0.758484
0.001185 1648.82 0.150808 484967 0.00367083 1.00784
0.004355 2171.05 0.0787106 484967 -0.0609156 0.762618
0.007655 1308.45 0.0978396 484969 -0.00802714 1.24456
0.002355 1986.48 0.118229 484967 -0.0178172 0.836999
0.001355 1702.34 0.146032 484967 0.00140358 0.976347
0.003495 2130.65 0.0935273 484967 -0.0441702 0.77891
0.002125 1931.77 0.124238 484967 -0.013034 0.860769
0.003885 2149.61 0.0865552 484967 -0.0521819 0.771251
0.002805 2066.02 0.107511 484967 -0.0284468 0.804403
0.001825 1847.93 0.132535 484967 -0.0066583 0.899771
0.003735 2143.18 0.0891781 484967 -0.049204 0.773877
0.003195 2109.19 0.0992947 484967 -0.0375744 0.787381
0.005065 2216.28 0.0673432 484967 -0.0738263 0.745319
0.004555 2182.28 0.0755065 484967 -0.0644811 0.758236
0.001195 1651.94 0.150532 484967 0.0035484 1.00595
0.004365 2171.57 0.0785488 484967 -0.0610942 0.762412
0.007665 1306.79 0.0981126 484969 -0.00484097 1.24614
0.002365 1988.64 0.117975 484967 -0.0180381 0.836083
0.001365 1705.51 0.145747 484967 0.0012583 0.974545
0.002135 1934.31 0.123969 484967 -0.0132573 0.859636
0.003505 2131.23 0.0933419 484967 -0.0443851 0.778679
0.006565 2378.98 0.0415098 484967 -0.112156 0.69042
0.006375 2383.53 0.0419955 484967 -0.10009 0.6898
0.003515 2131.8 0.0931568 484967 -0.0445996 0.778451
0.006575 2375.36 0.0415307 484967 -0.112747 0.69143
0.005145 2221.92 0.0659936 484967 -0.0752923 0.743204
0.007125 2126.49 0.0391904 484930 -0.115619 0.768428
0.005725 2269 0.0544343 484967 -0.0845907 0.72616
0.005155 2222.62 0.0658221 484967 -0.0754773 0.742944
0.007135 2111.34 0.0399409 484968 -0.121861 0.773923
0.006905 2206.42 0.0427239 484967 -0.122345 0.742345
0.002815 2067.38 0.107289 484967 -0.0286858 0.803863
0.005165 2223.31 0.0656499 484967 -0.0756622 0.742684
0.005735 2270.07 0.0542035 484967 -0.0847149 0.725791
0.003895 2150 0.0863826 484967 -0.0523762 0.771089
0.007145 2096.17 0.0406804 484968 -0.120258 0.779444
0.006915 2201.68 0.0427042 484967 -0.122181 0.743868
0.002375 1990.8 0.117723 484967 -0.0182625 0.835173
0.005175 2224 0.0654771 484967 -0.0758469 0.742426
0.002825 2068.72 0.107067 484967 -0.0289246 0.803329
0.005745 2271.16 0.0539719 484967 -0.0848383 0.725421
0.007155 2081.15 0.0413989 484968 -0.119177 0.784991
0.003905 2150.39 0.0862103 484967 -0.05257 0.770928
0.006925 2197 0.0426762 484967 -0.121968 0.745379
0.005185 2224.68 0.0653035 484967 -0.0760313 0.742169
0.005755 2272.24 0.0537397 484967 -0.084961 0.725048
0.002835 2070.05 0.106846 484967 -0.0291632 0.8028
0.002385 1992.94 0.117471 484967 -0.0184901 0.83427
0.007165 2066.26 0.0420971 484968 -0.118133 0.790568
0.003915 2150.77 0.0860383 484968 -0.052764 0.770769
0.001835 1850.88 0.132252 484967 -0.00685423 0.89834
0.003745 2143.64 0.0890011 484967 -0.0494066 0.773689
0.003925 2151.26 0.0858666 484967 -0.0529592 0.770575
0.005075 2217 0.0671764 484967 -0.0740076 0.745052
0.001845 1853.82 0.131969 484967 -0.00705115 0.896917
0.007675 1305.97 0.0982491 484969 -0.0016036 1.24693
0.003935 2151.74 0.0856951 484967 -0.0531539 0.770382
0.003755 2144.1 0.0888245 484967 -0.0496085 0.773503
0.004565 2182.93 0.0753477 484967 -0.0646599 0.757989
0.001205 1655.06 0.150256 484967 0.00342457 1.00406
0.004375 2172.09 0.0783873 484967 -0.0612726 0.762207
0.004575 2183.57 0.075189 484967 -0.0648387 0.757743
0.002145 1936.84 0.123702 484967 -0.0134786 0.858512
0.001215 1658.19 0.149978 484967 0.00329934 1.00218
0.001375 1708.68 0.145461 484967 0.00111175 0.972749
0.004585 2184.21 0.0750304 484967 -0.0650176 0.757497
0.004385 2172.61 0.078226 484967 -0.0614509 0.762003
0.006385 2384.92 0.0419235 484967 -0.100654 0.689367
0.001225 1661.32 0.1497 484967 0.00317271 1.0003
0.002155 1939.36 0.123435 484967 -0.0136974 0.857395
0.004595 2184.85 0.0748718 484967 -0.0651967 0.757252
0.006585 2371.65 0.0415553 484967 -0.11333 0.692464
0.001385 1711.84 0.145175 484967 0.000963936 0.97096
0.004395 2173.13 0.0780648 484967 -0.061629 0.761799
0.006395 2386.24 0.0418568 484967 -0.101212 0.688954
0.001235 1664.46 0.149421 484967 0.00304471 0.998427
0.002165 1941.87 0.123168 484967 -0.0139136 0.856286
0.004605 2185.49 0.0747134 484967 -0.065376 0.757007
0.006595 2367.88 0.0415835 484967 -0.113903 0.693521
0.001395 1715.01 0.144889 484967 0.000814863 0.969177
0.004405 2173.65 0.0779038 484967 -0.061807 0.761595
0.002845 2071.37 0.106626 484967 -0.0294016 0.802277
0.006935 2192.38 0.0426391 484967 -0.121697 0.746877
0.004415 2174.16 0.0777429 484967 -0.0619849 0.761392
0.005195 2225.37 0.0651291 484967 -0.0762154 0.741912
0.002855 2072.68 0.106406 484967 -0.0296397 0.801759
0.004425 2174.68 0.0775822 484967 -0.0621625 0.761189
0.006945 2187.82 0.0425924 484967 -0.121414 0.748359
0.002865 2073.97 0.106186 484967 -0.0298777 0.801246
0.005205 2226.05 0.0649541 484967 -0.076399 0.741657
0.006955 2183.33 0.0425356 484967 -0.121229 0.749823
0.004435 2175.19 0.0774217 484967 -0.06234 0.760987
0.002875 2075.25 0.105968 484967 -0.0301155 0.800739
0.005215 2226.73 0.0647782 484967 -0.0765822 0.741402
0.002395 1995.07 0.117219 484967 -0.018721 0.833374
0.006965 2178.91 0.0424679 484967 -0.121204 0.751266
0.007175 2051.49 0.0427754 484968 -0.11712 0.796177
0.006975 2174.58 0.0423886 484967 -0.121193 0.752685
0.001855 1856.76 0.131686 484967 -0.00724906 0.895503
0.007185 2036.85 0.0434339 484968 -0.116105 0.801816
0.005085 2217.71 0.0670092 484967 -0.0741893 0.744785
0.006985 2170.34 0.042297 484967 -0.120883 0.754077
0.003945 2152.21 0.0855238 484967 -0.053348 0.77019
0.001865 1859.68 0.131404 484967 -0.00744799 0.894098
0.007195 2022.34 0.0440718 484968 -0.115056 0.807485
0.005095 2218.41 0.0668414 484967 -0.0743717 0.74452
0.006995 2166.21 0.042192 484967 -0.120093 0.755437
0.003765 2144.55 0.0886481 484967 -0.0498098 0.773319
0.003955 2152.68 0.0853529 484967 -0.0535416 0.77
0.001875 1862.6 0.131123 484967 -0.00764795 0.892701
0.007205 2007.97 0.0446883 484968 -0.113945 0.813177
0.005105 2219.12 0.066673 484967 -0.0745547 0.744255
0.007005 2162.19 0.0420727 484967 -0.11899 0.756762
0.001245 1667.6 0.149142 484967 0.00291533 0.996558
0.003775 2145 0.0884721 484967 -0.0500105 0.773137
0.003965 2153.15 0.0851822 484967 -0.0537345 0.769811
0.001885 1865.51 0.130841 484967 -0.00784896 0.891313
0.007215 1993.76 0.045282 484968 -0.112749 0.818886
0.005115 2219.83 0.0665041 484967 -0.0747384 0.743991
0.007015 2158.3 0.0419379 484968 -0.117923 0.758047
0.001255 1670.75 0.148862 484967 0.00278458 0.994694
0.003785 2145.44 0.0882964 484967 -0.0502106 0.772957
0.001895 1868.41 0.13056 484967 -0.00805103 0.889934
0.003975 2153.62 0.0850118 484967 -0.0539269 0.769624
0.007225 1979.73 0.0458511 484968 -0.111453 0.824603
0.007025 2154.55 0.0417866 484968 -0.117059 0.759286
0.001265 1673.9 0.148581 484967 0.00265247 0.992835
0.003795 2145.88 0.0881209 484967 -0.0504101 0.772779
0.002175 1944.37 0.122903 484967 -0.0141269 0.855185
0.003985 2154.08 0.0848416 484967 -0.0541187 0.769438
0.001905 1871.29 0.13028 484967 -0.0082542 0.888564
0.007235 1965.9 0.0463939 484968 -0.110051 0.830317
0.007035 2150.96 0.0416173 484968 -0.116298 0.760473
0.003805 2146.31 0.0879458 484967 -0.0506091 0.772602
0.001275 1677.05 0.1483 484967 0.00251901 0.990981
0.003995 2154.54 0.0846717 484967 -0.0543099 0.769253
0.004615 2186.12 0.074555 484967 -0.0655556 0.756763
0.006605 2364.04 0.0416151 484967 -0.114466 0.694601
0.001405 1718.18 0.144602 484967 0.000664541 0.967401
0.004625 2186.76 0.0743967 484967 -0.0657354 0.756519
0.004445 2175.7 0.0772614 484967 -0.0625172 0.760785
0.006615 2360.13 0.0416499 484967 -0.115018 0.695705
0.001415 1721.34 0.144315 484967 0.000512978 0.965631
0.004635 2187.39 0.0742384 484967 -0.0659155 0.756276
0.005225 2227.4 0.0646015 484967 -0.076765 0.741148
0.006625 2356.15 0.0416877 484967 -0.115557 0.696831
0.002405 1997.19 0.116969 484967 -0.0189545 0.832485
0.001425 1724.51 0.144028 484967 0.000360182 0.963869
0.004645 2188.02 0.0740801 484967 -0.0660959 0.756034
0.004455 2176.21 0.0771011 484967 -0.0626943 0.760584
0.005235 2228.08 0.0644241 484967 -0.0769473 0.740895
0.006635 2352.1 0.0417282 484967 -0.116084 0.697979
0.002185 1946.85 0.122637 484967 -0.0143375 0.854091
0.001435 1727.67 0.143741 484967 0.000206162 0.962114
0.004655 2188.65 0.073922 484967 -0.0662765 0.755793
0.001915 1874.17 0.13 484967 -0.00845848 0.887202
0.002415 1999.24 0.116719 484967 -0.0191898 0.831626
0.005245 2228.75 0.0642457 484967 -0.0771293 0.740643
0.006645 2348 0.0417712 484967 -0.116598 0.69915
0.004465 2176.72 0.0769411 484967 -0.0628712 0.760383
0.007245 1952.3 0.0469084 484968 -0.108541 0.836016
0.003815 2146.74 0.087771 484967 -0.0508075 0.772428
0.004475 2177.23 0.0767812 484967 -0.0630478 0.760182
0.004005 2154.99 0.0845021 484967 -0.0545005 0.76907
0.002195 1949.33 0.122373 484967 -0.0145456 0.853003
0.001445 1730.84 0.143453 484967 5.09255e-05 0.960365
0.004015 2155.44 0.0843327 484967 -0.0546907 0.768888
0.004665 2189.28 0.0737638 484967 -0.0664574 0.755552
0.002205 1951.8 0.122109 484967 -0.0147514 0.851922
0.005255 2229.42 0.0640665 484967 -0.0773107 0.740392
0.001455 1734 0.143166 484967 -0.000105518 0.958624
0.002425 2001.27 0.11647 484967 -0.0194263 0.830774
0.004025 2155.89 0.0841635 484967 -0.0548803 0.768707
0.004675 2189.91 0.0736057 484967 -0.0666385 0.755311
0.006655 2343.83 0.0418165 484967 -0.117097 0.700342
0.002215 1954.26 0.121846 484967 -0.0149556 0.850848
0.005265 2230.09 0.0638865 484968 -0.0774923 0.740141
0.007255 1938.94 0.0473927 484968 -0.106928 0.841687
0.004035 2156.33 0.0839946 484967 -0.0550694 0.768527
0.001465 1737.16 0.142878 484967 -0.000263161 0.95689
0.002435 2003.29 0.116221 484967 -0.0196639 0.82993
0.004685 2190.53 0.0734476 484967 -0.0668197 0.755072
0.002225 1956.71 0.121583 484967 -0.0151584 0.84978
0.005275 2230.83 0.0637056 484967 -0.0776753 0.739864
0.006665 2339.6 0.0418638 484967 -0.117582 0.701556
0.003825 2147.16 0.0875964 484967 -0.0510054 0.772255
0.004045 2156.77 0.083826 484967 -0.055258 0.768348
0.007265 1925.85 0.047845 484968 -0.10522 0.847318
0.001475 1740.31 0.142589 484967 -0.000421994 0.955163
0.004695 2191.15 0.0732895 484967 -0.0670012 0.754833
0.002235 1959.07 0.121321 484967 -0.0153596 0.848752
0.002445 2005.3 0.115973 484967 -0.0199022 0.829093
0.005285 2231.58 0.0635237 484967 -0.0778569 0.739588
0.006675 2335.31 0.0419128 484967 -0.11805 0.70279
0.007275 1913.06 0.0482636 484968 -0.103425 0.852897
0.004055 2157.21 0.0836576 484967 -0.0554461 0.768171
0.006685 2330.97 0.0419633 484967 -0.11849 0.704045
0.007285 1900.58 0.0486469 484968 -0.101586 0.858409
0.003835 2147.58 0.0874222 484967 -0.0512027 0.772083
0.004065 2157.65 0.0834894 484967 -0.0556338 0.767994
0.006695 2326.58 0.0420149 484967 -0.118812 0.705318
0.007295 1888.43 0.0489935 484969 -0.0992563 0.863844
0.001485 1743.47 0.142301 484967 -0.000582007 0.953444
0.004705 2191.78 0.0731313 484967 -0.0671827 0.754595
0.002455 2007.29 0.115726 484967 -0.020141 0.828264
0.001495 1746.62 0.142013 484967 -0.000743192 0.951732
0.005295 2232.32 0.0633409 484967 -0.0780371 0.739313
0.004715 2192.39 0.0729732 484967 -0.0673644 0.754357
0.004075 2158.08 0.0833215 484967 -0.055821 0.767819
0.002465 2009.27 0.11548 484967 -0.0203802 0.827441
0.001505 1749.77 0.141724 484967 -0.00090554 0.950028
0.004725 2193.01 0.0728151 484967 -0.0675462 0.754121
0.005305 2233.06 0.0631571 484967 -0.0782159 0.739038
0.006705 2322.18 0.0420673 484967 -0.1186 0.706599
0.004085 2158.51 0.0831538 484967 -0.0560078 0.767645
0.001515 1752.92 0.141436 484967 -0.00106904 0.948332
0.002475 2011.24 0.115234 484967 -0.0206195 0.826626
0.004735 2193.63 0.0726569 484967 -0.0677281 0.753885
0.005315 2233.8 0.0629724 484967 -0.0783934 0.738764
0.004095 2158.93 0.0829864 484967 -0.056194 0.767471
0.006715 2317.9 0.0421202 484964 -0.117298 0.707843
0.002485 2013.19 0.114989 484967 -0.0208588 0.825818
0.001525 1756.06 0.141147 484967 -0.00123369 0.946643
0.004745 2194.24 0.0724987 484967 -0.0679101 0.753649
0.007305 1876.49 0.0493146 484937 -0.104611 0.869193
0.005325 2234.54 0.0627867 484967 -0.0785695 0.738491
0.004755 2194.85 0.0723404 484967 -0.0680922 0.753415
0.004105 2159.36 0.0828192 484967 -0.0563798 0.767299
0.007315 1852.72 0.0509311 484970 -0.109008 0.880322
0.002495 2015.13 0.114744 484967 -0.0210982 0.825017
0.005335 2235.28 0.0626 484967 -0.0787443 0.738218
0.004765 2195.46 0.0721821 484968 -0.0682753 0.753181
0.001535 1759.2 0.140859 484967 -0.00139947 0.944962
0.004115 2159.78 0.0826522 484967 -0.0565652 0.767127
0.007325 1829.17 0.0525132 484970 -0.105569 0.891574
0.002505 2017.05 0.114501 484967 -0.0213375 0.824224
0.005345 2236.02 0.0624123 484967 -0.0789178 0.737946
0.004775 2196.18 0.0720237 484967 -0.0684606 0.752909
0.004125 2160.2 0.0824855 484967 -0.0567501 0.766957
0.001545 1762.34 0.14057 484967 -0.00156637 0.943288
0.007335 1805.98 0.0540471 484970 -0.102642 0.902938
0.002515 2018.92 0.114258 484967 -0.0215761 0.823453
0.005355 2236.75 0.0622235 484967 -0.07909 0.737674
0.004785 2196.9 0.0718653 484967 -0.0686459 0.752637
0.004135 2160.62 0.082319 484967 -0.0569344 0.766787
0.001555 1765.47 0.140281 484967 -0.00173439 0.941623
0.007345 1783.19 0.0555298 484970 -0.0996381 0.914401
0.002525 2020.78 0.114015 484967 -0.0218141 0.822689
0.005365 2237.49 0.0620337 484967 -0.079261 0.737402
0.004795 2197.61 0.0717067 484967 -0.0688309 0.752367
0.004145 2161.03 0.0821527 484967 -0.0571183 0.766618
0.001565 1768.6 0.139992 484967 -0.00190351 0.939965
0.007355 1760.79 0.0569584 484970 -0.0965939 0.925949
0.002535 2022.62 0.113774 484967 -0.0220517 0.821932
0.005375 2238.23 0.0618428 484967 -0.0794306 0.73713
0.004155 2161.44 0.0819867 484967 -0.0573017 0.76645
0.002545 2024.45 0.113533 484967 -0.0222889 0.821181
0.001575 1771.72 0.139704 484967 -0.00207373 0.938316
0.005385 2238.96 0.0616508 484967 -0.079599 0.736859
0.002555 2026.27 0.113293 484967 -0.0225257 0.820437
0.001585 1774.84 0.139415 484967 -0.00224503 0.936674
0.005395 2239.7 0.0614577 484967 -0.079766 0.736587
0.001595 1777.96 0.139126 484967 -0.00241741 0.93504
0.005405 2240.44 0.0612635 484967 -0.0799317 0.736315
0.005415 2241.18 0.0610682 484967 -0.080096 0.736044
0.005425 2241.92 0.0608717 484967 -0.0802591 0.735772
0.005435 2242.66 0.0606741 484967 -0.0804208 0.7355
