5e-06 1276.17 0.180991 435906 0.00247749 1.17033
1.5e-05 1276.21 0.180988 435906 0.00247744 1.1703
2.5e-05 1276.29 0.180982 435906 0.00247739 1.17023
3.5e-05 1276.4 0.180973 435906 0.00247726 1.17012
4.5e-05 1276.55 0.180961 435906 0.002477 1.16999
5.5e-05 1276.74 0.180947 435906 0.00247655 1.16981
6.5e-05 1276.97 0.180929 435906 0.00247585 1.16961
7.5e-05 1277.23 0.180908 435906 0.00247486 1.16937
8.5e-05 1277.53 0.180884 435906 0.00247352 1.16909
9.5e-05 1277.87 0.180857 435906 0.0024718 1.16879
0.000105 1278.25 0.180828 435906 0.00246966 1.16844
0.000115 1278.66 0.180795 435906 0.00246706 1.16807
0.000125 1279.11 0.18076 435906 0.00246396 1.16766
0.000135 1279.6 0.180721 435906 0.00246034 1.16722
0.000145 1280.12 0.18068 435906 0.00245616 1.16674
0.000155 1280.68 0.180636 435906 0.00245141 1.16624
0.000165 1281.28 0.180589 435906 0.00244604 1.1657
0.000175 1281.91 0.180539 435906 0.00244006 1.16512
0.000185 1282.58 0.180486 435906 0.00243342 1.16452
0.000195 1283.29 0.18043 435906 0.00242613 1.16388
0.000205 1284.03 0.180372 435906 0.00241815 1.16322
0.000215 1284.8 0.180311 435906 0.00240949 1.16252
0.000225 1285.62 0.180247 435906 0.00240011 1.16179
0.000235 1286.46 0.18018 435906 0.00239002 1.16103
0.000245 1287.34 0.18011 435906 0.0023792 1.16024
0.000255 1288.26 0.180038 435906 0.00236763 1.15942
0.000265 1289.21 0.179963 435906 0.00235532 1.15857
0.000275 1290.19 0.179885 435906 0.00234225 1.15769
0.000285 1291.21 0.179805 435906 0.00232841 1.15678
0.000295 1292.26 0.179722 435906 0.0023138 1.15585
0.000305 1293.35 0.179636 435906 0.00229841 1.15488
0.000315 1294.47 0.179548 435906 0.00228222 1.15389
0.005445 2020.59 0.0874899 435906 -0.0891506 0.737079
0.005455 2020.77 0.0873721 435906 -0.0893277 0.736999
0.005465 2020.94 0.0872541 435906 -0.0895045 0.736919
0.005475 2021.12 0.0871361 435906 -0.0896811 0.736839
0.005485 2021.29 0.0870179 435906 -0.0898574 0.73676
0.005495 2021.46 0.0868997 435906 -0.0900335 0.736681
0.005505 2021.63 0.0867813 435906 -0.0902093 0.736603
0.005515 2021.8 0.0866628 435906 -0.0903843 0.736525
0.005525 2021.97 0.0865443 435906 -0.0905589 0.736447
0.005535 2022.28 0.0864255 435906 -0.0907409 0.736319
0.005545 2022.58 0.0863066 435906 -0.0909214 0.736193
0.005555 2022.88 0.0861876 435906 -0.0911015 0.736067
0.005565 2023.18 0.0860683 435906 -0.0912811 0.735941
0.005575 2023.48 0.0859489 435906 -0.0914603 0.735816
0.005585 2023.77 0.0858294 435906 -0.0916392 0.735692
0.005595 2024.07 0.0857096 435906 -0.0918178 0.735568
0.004485 2015.47 0.0986528 435906 -0.0715119 0.740515
0.005605 2024.36 0.0855897 435906 -0.091996 0.735445
0.005615 2024.65 0.0854695 435906 -0.092174 0.735322
0.005625 2024.94 0.0853491 435906 -0.0923517 0.7352
0.007045 1613.14 0.0962531 435909 -0.112382 0.919997
0.005635 2025.23 0.0852284 435906 -0.0925292 0.735078
0.004495 2015.47 0.098534 435906 -0.0717108 0.740497
0.007055 1584.33 0.098495 435909 -0.110076 0.93673
0.005645 2025.52 0.0851075 435906 -0.0927065 0.734956
0.004505 2015.47 0.0984155 435906 -0.071915 0.740481
0.007065 1555.58 0.100726 435909 -0.107731 0.954043
0.005655 2025.81 0.0849863 435906 -0.0928836 0.734835
0.004515 2015.47 0.098297 435906 -0.0721254 0.740466
0.007075 1526.91 0.102943 435909 -0.105335 0.97196
0.005665 2026.09 0.0848648 435906 -0.0930605 0.734714
0.004525 2015.46 0.0981786 435906 -0.0723356 0.740453
0.007085 1498.34 0.105142 435909 -0.102873 0.990503
0.005675 2026.38 0.084743 435906 -0.0932373 0.734594
0.004535 2015.45 0.0980603 435906 -0.0725429 0.740441
0.007095 1469.88 0.107317 435910 -0.100327 1.00969
0.005685 2026.66 0.0846209 435906 -0.0934139 0.734474
0.004545 2015.43 0.0979422 435906 -0.0727452 0.74043
0.007105 1441.56 0.109461 435910 -0.0976771 1.02954
0.005695 2026.94 0.0844984 435906 -0.0935904 0.734354
0.004555 2015.41 0.0978242 435906 -0.0729426 0.740421
0.007115 1413.4 0.111568 435910 -0.0949376 1.05008
0.005705 2027.22 0.0843755 435906 -0.0937668 0.734235
0.004565 2015.39 0.0977064 435906 -0.0731364 0.740413
0.007125 1385.43 0.113629 435910 -0.0917394 1.07131
0.005715 2027.5 0.0842522 435906 -0.0939435 0.734116
0.004575 2015.37 0.0975887 435906 -0.0733285 0.740407
0.007135 1357.71 0.115642 435913 -0.0923898 1.09323
0.005725 2027.78 0.0841285 435906 -0.0941216 0.733998
0.004585 2015.34 0.0974712 435906 -0.0735202 0.740402
0.007145 1331.13 0.118601 435910 -0.0933199 1.1151
0.005735 2028.06 0.0840044 435906 -0.094304 0.73388
0.004595 2015.3 0.0973538 435906 -0.0737122 0.740398
0.007155 1304.87 0.121499 435910 -0.0900045 1.1376
0.005745 2028.33 0.0838797 435906 -0.0944961 0.733763
0.004605 2015.26 0.0972365 435906 -0.0739046 0.740395
0.007165 1278.9 0.124334 435910 -0.0870533 1.16077
0.005755 2028.6 0.0837546 435906 -0.0947026 0.733647
0.005765 2028.86 0.0836289 435906 -0.0949178 0.733535
0.004615 2015.22 0.0971194 435906 -0.0740972 0.740394
0.004805 2015.12 0.0949137 435906 -0.0776643 0.740122
0.004165 2014.34 0.102587 435906 -0.0651326 0.741427
0.004815 2015.12 0.0947983 435906 -0.0778475 0.740102
0.004625 2015.18 0.0970024 435906 -0.0742895 0.740394
0.004175 2014.44 0.102459 435906 -0.0653396 0.741377
0.004825 2015.13 0.094683 435906 -0.0780307 0.740084
0.006085 2041.95 0.0791094 435906 -0.100061 0.728198
0.004635 2015.13 0.0968856 435906 -0.0744814 0.740396
0.004185 2014.52 0.102332 435906 -0.0655463 0.74133
0.004835 2015.13 0.0945678 435906 -0.0782141 0.740066
0.004645 2015.08 0.0967688 435906 -0.0746727 0.740398
0.006095 2042.49 0.078946 435906 -0.100205 0.727988
0.004195 2014.61 0.102205 435906 -0.0657526 0.741285
0.004845 2015.13 0.0944529 435906 -0.0783975 0.740049
0.004655 2015.02 0.0966522 435906 -0.0748633 0.740402
0.006105 2043.02 0.0787811 435906 -0.100348 0.727777
0.004205 2014.68 0.102079 435906 -0.0659586 0.741242
0.004855 2015.13 0.0943378 435906 -0.0785805 0.740033
0.004665 2014.96 0.0965356 435906 -0.0750531 0.740407
0.006115 2043.57 0.0786145 435906 -0.100488 0.727564
0.004215 2014.75 0.101953 435906 -0.0661641 0.741201
0.004865 2015.13 0.0942226 435906 -0.078763 0.740018
0.004675 2014.9 0.0964192 435906 -0.0752405 0.740413
0.006125 2044.11 0.0784465 435906 -0.100627 0.72735
0.004225 2014.82 0.101827 435906 -0.0663692 0.741162
0.004875 2015.12 0.0941074 435906 -0.0789454 0.740003
0.004685 2014.84 0.0963032 435906 -0.0754283 0.74042
0.006135 2044.66 0.0782769 435906 -0.100764 0.727134
0.004235 2014.87 0.101701 435906 -0.0665739 0.741125
0.004885 2015.12 0.0939922 435906 -0.0791278 0.73999
0.004695 2014.88 0.096187 435906 -0.0756215 0.74039
0.004245 2014.93 0.101576 435906 -0.0667781 0.741091
0.006145 2045.22 0.0781058 435906 -0.1009 0.726917
0.004895 2015.11 0.093877 435906 -0.0793099 0.739976
0.004705 2014.91 0.0960708 435906 -0.0758105 0.740361
0.004255 2014.97 0.101451 435906 -0.0669818 0.741058
0.006155 2045.78 0.0779334 435906 -0.101034 0.726698
0.004905 2015.1 0.0937618 435906 -0.0794916 0.739964
0.004715 2014.94 0.0959548 435906 -0.0759992 0.740333
0.004265 2015.02 0.101326 435906 -0.0671851 0.741027
0.006165 2046.35 0.0777595 435906 -0.101166 0.726477
0.004915 2015.08 0.0936466 435906 -0.0796731 0.739952
0.004725 2014.97 0.0958388 435906 -0.0761869 0.740306
0.004275 2015.05 0.101202 435906 -0.0673878 0.740998
0.006175 2046.93 0.0775844 435906 -0.101297 0.726254
0.004925 2015.07 0.0935313 435906 -0.0798541 0.739942
0.004735 2015 0.0957229 435906 -0.0763736 0.74028
0.004285 2015.08 0.101078 435906 -0.0675901 0.740972
0.005125 2016.2 0.0912234 435906 -0.0834574 0.7392
0.006185 2047.51 0.077408 435906 -0.101427 0.726029
0.004935 2015.05 0.0934161 435906 -0.0800347 0.739931
0.004745 2015.02 0.0956071 435906 -0.0765595 0.740254
0.004295 2015.11 0.100954 435906 -0.0677919 0.740947
0.006195 2048.09 0.0772305 435906 -0.101556 0.725803
0.004945 2015.03 0.0933009 435906 -0.0802149 0.739921
0.004755 2015.04 0.0954914 435906 -0.0767447 0.74023
0.004305 2015.13 0.100831 435906 -0.0679932 0.740924
0.006205 2048.69 0.0770519 435906 -0.101683 0.725574
0.004955 2015.01 0.0931857 435906 -0.0803946 0.739912
0.004765 2015.06 0.0953757 435906 -0.0769293 0.740207
0.004315 2015.15 0.100708 435906 -0.068194 0.740902
0.006215 2049.29 0.0768724 435906 -0.101808 0.725344
0.004965 2014.99 0.0930704 435906 -0.0805739 0.739904
0.005135 2016.27 0.0911076 435906 -0.0836355 0.739156
0.004775 2015.08 0.0952601 435906 -0.0771135 0.740184
0.004325 2015.16 0.100585 435906 -0.0683942 0.740883
0.006225 2049.9 0.0766921 435906 -0.101933 0.725111
0.004975 2014.97 0.0929552 435906 -0.0807516 0.739896
0.005145 2016.35 0.0909918 435906 -0.0838134 0.739111
0.004785 2015.09 0.0951446 435906 -0.0772973 0.740163
0.004335 2015.16 0.100463 435906 -0.0685945 0.740865
0.006235 2050.52 0.076511 435906 -0.102057 0.724876
0.004985 2014.95 0.0928403 435906 -0.0809302 0.739888
0.004795 2015.11 0.0950291 435906 -0.0774809 0.740142
0.005155 2016.43 0.0908759 435906 -0.083991 0.739068
0.004345 2015.16 0.100341 435906 -0.0687936 0.740849
0.006245 2051.14 0.0763295 435906 -0.10218 0.724639
0.004995 2015.04 0.092725 435906 -0.0811147 0.739835
0.005165 2016.5 0.09076 435906 -0.0841684 0.739024
0.004355 2015.16 0.100218 435906 -0.0689926 0.740835
0.006255 2051.77 0.0761475 435906 -0.102302 0.724399
0.005005 2015.14 0.0926096 435906 -0.0812965 0.739782
0.005175 2016.57 0.090644 435906 -0.0843455 0.738981
0.004365 2015.15 0.100097 435906 -0.0691896 0.740823
0.001285 1516.8 0.161607 435906 -0.00405414 0.985682
0.000965 1425.37 0.169086 435906 -0.000798978 1.04852
0.000325 1295.62 0.179457 435906 0.00226524 1.15287
0.004375 2015.14 0.0999754 435906 -0.0693864 0.740812
0.000975 1428.06 0.168868 435906 -0.000882189 1.04655
0.001295 1519.78 0.16136 435906 -0.00417569 0.983758
0.000645 1348.33 0.175273 435906 0.00125868 1.10806
0.004385 2015.19 0.099854 435906 -0.0695883 0.740777
0.000335 1296.8 0.179363 435906 0.00224746 1.15182
0.000985 1430.77 0.168649 435906 -0.000966583 1.04459
0.001305 1522.77 0.161112 435906 -0.00429844 0.981838
0.004395 2015.24 0.0997328 435906 -0.0697868 0.740743
0.000345 1298.02 0.179267 435906 0.00222886 1.15075
0.002245 1794.91 0.137319 435906 -0.0205817 0.833628
0.000995 1433.48 0.168428 435906 -0.00105216 1.04262
0.001315 1525.77 0.160864 435906 -0.00442239 0.979922
0.004405 2015.28 0.0996119 435906 -0.0699856 0.740711
0.000355 1299.27 0.179168 435906 0.00220945 1.14965
0.001005 1436.21 0.168207 435906 -0.00113893 1.04065
0.000655 1350.42 0.175107 435906 0.0012114 1.10636
0.002255 1797.46 0.137078 435906 -0.0207991 0.832451
0.001325 1528.77 0.160615 435906 -0.00454753 0.978012
0.004415 2015.32 0.0994912 435906 -0.0701833 0.740681
0.000365 1300.55 0.179067 435906 0.00218921 1.14853
0.001015 1438.96 0.167984 435906 -0.00122688 1.03868
0.002265 1799.99 0.136837 435906 -0.0210173 0.831282
0.000665 1352.53 0.174938 435906 0.00116307 1.10464
0.001335 1531.77 0.160366 435906 -0.00467386 0.976106
0.004425 2015.35 0.0993708 435906 -0.0703791 0.740653
0.000375 1301.86 0.178963 435906 0.00216814 1.14737
0.001025 1441.71 0.167761 435906 -0.00131603 1.0367
0.002275 1802.51 0.136597 435906 -0.0212363 0.830121
0.001345 1534.77 0.160116 435906 -0.00480136 0.974205
0.000675 1354.67 0.174767 435906 0.0011137 1.10291
0.004435 2015.38 0.0992506 435906 -0.0705719 0.740626
0.000385 1303.21 0.178857 435906 0.00214623 1.1462
0.001035 1444.48 0.167536 435906 -0.00140636 1.03473
0.001355 1537.78 0.159866 435906 -0.00493004 0.97231
0.002285 1805.02 0.136358 435906 -0.0214562 0.828969
0.000685 1356.83 0.174595 435906 0.00106327 1.10116
0.004445 2015.41 0.0991306 435906 -0.0707613 0.740601
0.001045 1447.26 0.16731 435906 -0.00149789 1.03275
0.000395 1304.58 0.178748 435906 0.00212347 1.145
0.001365 1540.8 0.159615 435906 -0.00505988 0.97042
0.002295 1807.52 0.136119 435906 -0.0216769 0.827826
0.000695 1359.01 0.174421 435906 0.00101178 1.0994
0.004455 2015.43 0.0990108 435906 -0.0709476 0.740577
0.001055 1450.05 0.167083 435906 -0.00159062 1.03078
0.000405 1305.99 0.178636 435906 0.00209986 1.14377
0.001375 1543.81 0.159363 435906 -0.00519087 0.968535
0.002305 1810 0.135881 435906 -0.0218985 0.826691
0.000705 1361.22 0.174244 435906 0.000959219 1.09763
0.004465 2015.45 0.0988912 435906 -0.0711328 0.740555
0.001065 1452.86 0.166854 435906 -0.00168454 1.0288
0.000415 1307.43 0.178523 435906 0.00207539 1.14252
0.001385 1546.83 0.159112 435906 -0.00532299 0.966656
0.002315 1812.48 0.135643 435906 -0.022121 0.825565
0.000715 1363.45 0.174066 435906 0.000905588 1.09585
0.004475 2015.46 0.0987719 435906 -0.07132 0.740534
0.001075 1455.67 0.166625 435906 -0.00177966 1.02682
0.000425 1308.89 0.178406 435906 0.00205005 1.14125
0.001395 1549.85 0.15886 435906 -0.00545624 0.964783
0.002325 1814.94 0.135406 435906 -0.0223444 0.824447
0.000725 1365.7 0.173887 435906 0.000850878 1.09406
0.001085 1458.49 0.166395 435906 -0.00187597 1.02485
0.000435 1310.39 0.178288 435906 0.00202384 1.13995
0.001605 1613.47 0.153492 435906 -0.00850732 0.926952
0.000445 1311.92 0.178167 435906 0.00199674 1.13863
0.001925 1708.02 0.145269 435906 -0.01406 0.875886
0.001615 1616.49 0.153235 435906 -0.00866473 0.92523
0.000455 1313.48 0.178043 435906 0.00196876 1.13729
0.006405 2064.36 0.0735182 435906 -0.104209 0.719784
0.001625 1619.51 0.152977 435906 -0.00882325 0.923515
0.000465 1315.07 0.177918 435906 0.00193989 1.13592
0.007365 846.292 0.171604 435913 -0.03886 1.7583
0.001635 1622.52 0.152719 435906 -0.00898285 0.921808
0.000475 1316.68 0.177789 435906 0.00191011 1.13454
0.001935 1710.88 0.145015 435906 -0.0142499 0.87443
0.006725 2086.37 0.0720605 435905 -0.114276 0.711835
0.001645 1625.53 0.152461 435906 -0.00914353 0.920109
0.000485 1318.33 0.177659 435906 0.00187942 1.13313
0.001945 1713.73 0.144761 435906 -0.0144408 0.872983
0.006415 2065.26 0.0733617 435906 -0.104356 0.719458
0.007175 1253.23 0.127112 435910 -0.0841577 1.18464
0.001655 1628.54 0.152203 435906 -0.00930528 0.918418
0.000495 1320 0.177526 435906 0.00184782 1.1317
0.001955 1716.57 0.144507 435906 -0.0146327 0.871544
0.006425 2066.17 0.0732093 435906 -0.10451 0.719132
0.007375 831.123 0.173505 435910 -0.0375891 1.79065
0.001665 1631.55 0.151945 435906 -0.0094681 0.916735
0.000505 1321.7 0.177391 435906 0.00181529 1.13025
0.005775 2029.12 0.0835027 435906 -0.0951178 0.733425
0.006735 2086.27 0.0721642 435875 -0.114957 0.711806
0.001965 1719.4 0.144254 435906 -0.0148254 0.870115
0.001675 1634.55 0.151687 435906 -0.00963199 0.91506
0.006435 2067.08 0.0730614 435906 -0.10467 0.718805
0.007385 816.322 0.175354 435910 -0.0358263 1.8234
0.000515 1323.43 0.177254 435906 0.00178183 1.12879
0.007185 1227.84 0.129838 435911 -0.0807163 1.20923
0.001975 1722.22 0.144001 435906 -0.0150192 0.868694
0.006745 2076.77 0.0722769 435906 -0.115416 0.715093
0.001685 1637.55 0.151429 435906 -0.00979692 0.913393
0.006445 2067.99 0.0729183 435906 -0.104838 0.718479
0.000525 1325.19 0.177114 435906 0.00174744 1.1273
0.007395 801.884 0.17715 435910 -0.0341136 1.85652
0.007195 1202.74 0.132513 435905 -0.0797207 1.23456
0.005785 2029.48 0.0833759 435906 -0.0952853 0.733273
0.001985 1725.04 0.143748 435906 -0.0152138 0.867282
0.001695 1640.55 0.151171 435906 -0.0099629 0.911734
0.006755 2067.08 0.0723982 435906 -0.115671 0.718428
0.006455 2068.9 0.0727803 435906 -0.105013 0.718153
0.007405 787.808 0.178892 435910 -0.032434 1.88999
0.000535 1326.97 0.176973 435906 0.00171209 1.12579
0.001995 1727.85 0.143496 435906 -0.0154094 0.865878
0.001705 1643.54 0.150913 435906 -0.0101299 0.910083
0.007205 1177.92 0.135142 435911 -0.0752073 1.2607
0.005795 2029.86 0.0832484 435906 -0.0954143 0.73312
0.006765 2057.34 0.0725275 435906 -0.115908 0.721813
0.006465 2069.81 0.0726479 435906 -0.105197 0.717827
0.007415 774.094 0.18058 435910 -0.0307946 1.92377
0.000545 1328.78 0.176829 435906 0.00167579 1.12426
0.002005 1730.64 0.143244 435906 -0.015606 0.864483
0.001715 1646.53 0.150655 435906 -0.010298 0.90844
0.007215 1153.37 0.137727 435911 -0.0731343 1.28765
0.005805 2030.24 0.0831203 435906 -0.0955372 0.732964
0.006775 2047.55 0.0726645 435906 -0.116103 0.725245
0.006475 2070.72 0.0725213 435906 -0.10539 0.717503
0.007425 760.744 0.182212 435909 -0.0291937 1.95784
0.000555 1330.62 0.176683 435906 0.00163853 1.12272
0.002015 1733.43 0.142992 435906 -0.0158034 0.863097
0.001725 1649.51 0.150398 435906 -0.0104671 0.906806
0.007225 1129.11 0.140269 435911 -0.0704961 1.31545
0.005815 2030.62 0.0829915 435906 -0.0956763 0.732805
0.006785 2037.72 0.0728087 435906 -0.116252 0.728723
0.006485 2071.63 0.0724009 435906 -0.105592 0.717181
0.007435 747.755 0.183787 435909 -0.0276302 1.99216
0.002025 1736.22 0.142741 435906 -0.0160018 0.86172
0.000565 1332.49 0.176534 435906 0.00160031 1.12116
0.001735 1652.49 0.15014 435906 -0.0106372 0.905179
0.007235 1105.12 0.142769 435911 -0.0679206 1.34415
0.006795 2027.86 0.0729597 435906 -0.116349 0.732246
0.005825 2031.01 0.0828619 435906 -0.0958338 0.732645
0.006495 2072.52 0.0722871 435906 -0.105804 0.71686
0.007445 735.129 0.185306 435909 -0.0260259 2.02669
0.002035 1738.99 0.14249 435906 -0.016201 0.860352
0.000575 1334.38 0.176384 435906 0.0015611 1.11958
0.001745 1655.46 0.149882 435906 -0.0108084 0.903561
0.007245 1081.41 0.145229 435912 -0.0653807 1.37378
0.006805 2017.98 0.0731169 435906 -0.116387 0.735812
0.005835 2031.41 0.0827316 435906 -0.0960023 0.732485
0.007455 722.877 0.186767 435911 -0.024274 2.06136
0.002045 1741.75 0.14224 435906 -0.0164012 0.858992
0.006505 2073.42 0.0721801 435905 -0.10602 0.716543
0.001755 1658.43 0.149624 435906 -0.0109805 0.901952
0.000585 1336.3 0.176232 435906 0.00152091 1.11798
0.007255 1057.97 0.14765 435912 -0.0626985 1.40437
0.006815 2008.09 0.0732797 435906 -0.116361 0.739416
0.005845 2031.8 0.0826005 435906 -0.0961751 0.732325
0.006515 2074.21 0.0720804 435906 -0.106247 0.716259
0.007465 712.321 0.188169 435908 -0.0232183 2.09221
0.001765 1661.4 0.149367 435906 -0.0111537 0.90035
0.002055 1744.5 0.141989 435906 -0.0166022 0.857641
0.000595 1338.24 0.176077 435906 0.00147973 1.11637
0.007265 1034.84 0.15003 435916 -0.0597589 1.43595
0.006825 1998.2 0.0734477 435906 -0.116264 0.743057
0.005855 2032.19 0.0824685 435906 -0.0963488 0.732165
0.007475 702.148 0.18951 435908 -0.0218563 2.12284
0.006525 2075 0.0719882 435906 -0.106478 0.715979
0.001775 1664.35 0.14911 435906 -0.0113279 0.898757
0.000605 1340.21 0.17592 435906 0.00143755 1.11474
0.002065 1747.25 0.14174 435906 -0.0168042 0.856299
0.007275 1014.51 0.152386 435911 -0.0581443 1.46488
0.006835 1988.32 0.0736202 435906 -0.116095 0.746729
0.006535 2075.77 0.0719038 435906 -0.106715 0.715702
0.005865 2032.58 0.0823356 435906 -0.0965221 0.732005
0.007485 692.352 0.19079 435908 -0.0205361 2.15318
0.001785 1667.31 0.148852 435906 -0.0115031 0.897173
0.000615 1342.2 0.175762 435906 0.00139436 1.11309
0.002075 1749.98 0.14149 435906 -0.017007 0.854966
0.006845 1978.46 0.0737967 435906 -0.11585 0.75043
0.007285 994.52 0.1547 435911 -0.0558896 1.49452
0.006545 2076.54 0.0718276 435906 -0.106959 0.715429
0.005875 2032.96 0.0822019 435906 -0.0966946 0.731846
0.007495 682.933 0.192009 435908 -0.0192439 2.18319
0.001795 1670.26 0.148595 435906 -0.0116793 0.895597
0.000625 1344.22 0.175601 435906 0.00135016 1.11143
0.006855 1968.64 0.0739767 435906 -0.11553 0.754153
0.002085 1752.71 0.141241 435906 -0.0172107 0.853641
0.007295 974.85 0.15697 435911 -0.0536942 1.52488
0.006555 2077.29 0.0717597 435906 -0.107208 0.71516
0.005885 2033.35 0.0820671 435906 -0.0968661 0.731687
0.007505 673.891 0.193165 435908 -0.0179831 2.21278
0.001805 1673.2 0.148338 435906 -0.0118565 0.894029
0.000635 1346.26 0.175438 435906 0.00130493 1.10975
0.006865 1958.86 0.0741599 435906 -0.115136 0.757895
0.002095 1755.42 0.140993 435906 -0.0174153 0.852325
0.006565 2078.03 0.0717006 435906 -0.107464 0.714895
0.007305 955.504 0.159196 435911 -0.0515455 1.55596
0.005895 2033.74 0.0819314 435906 -0.0970366 0.731528
0.007515 665.225 0.19426 435908 -0.0167055 2.24191
0.001815 1676.14 0.148081 435906 -0.0120347 0.89247
0.006875 1949.15 0.0743456 435906 -0.114671 0.76165
0.003845 2008.42 0.106876 435906 -0.0583193 0.744068
0.006885 1939.52 0.0745337 435906 -0.11414 0.765414
0.002565 1869.73 0.129891 435906 -0.0279635 0.800298
0.006895 1929.97 0.0747239 435906 -0.113549 0.769181
0.002885 1928.11 0.12312 435906 -0.0357424 0.775979
0.006905 1920.52 0.0749159 435906 -0.112904 0.772946
0.003855 2008.71 0.106735 435906 -0.0585391 0.743947
0.003525 1994.28 0.111659 435906 -0.0510834 0.749732
0.006915 1911.18 0.0751096 435906 -0.112213 0.776706
0.002575 1871.82 0.129669 435906 -0.0282033 0.799402
0.003865 2008.99 0.106595 435906 -0.0587585 0.743829
0.003205 1968.7 0.11705 435906 -0.0435341 0.759777
0.006925 1901.95 0.0753049 435906 -0.11148 0.780455
0.003875 2009.26 0.106455 435906 -0.0589775 0.743715
0.002585 1873.9 0.129448 435906 -0.0284419 0.798513
0.002895 1929.61 0.12292 435906 -0.0359895 0.775371
0.003535 1994.87 0.111501 435906 -0.0513145 0.749498
0.006935 1892.85 0.0755018 435906 -0.110748 0.78419
0.003885 2009.53 0.106315 435906 -0.059196 0.743603
0.002595 1875.95 0.129227 435906 -0.0286844 0.797639
0.006265 2052.41 0.0759654 435906 -0.102423 0.724157
0.002905 1931.09 0.12272 435906 -0.0362346 0.77477
0.006945 1883.87 0.0757003 435906 -0.109365 0.787907
0.003895 2009.79 0.106177 435906 -0.0594141 0.743494
0.003545 1995.46 0.111344 435906 -0.0515453 0.749268
0.002605 1877.99 0.129007 435906 -0.0289253 0.796773
0.003215 1969.69 0.116871 435906 -0.0437764 0.759389
0.002915 1932.57 0.122521 435906 -0.0364794 0.774174
0.006955 1874.78 0.0759218 435850 -0.12094 0.791609
0.003905 2010.04 0.106038 435906 -0.0596319 0.743388
0.005015 2015.24 0.0924943 435906 -0.0814786 0.73973
0.002925 1934.02 0.122323 435906 -0.0367242 0.773585
0.003555 1996.03 0.111187 435906 -0.0517757 0.749042
0.002615 1880.01 0.128788 435906 -0.0291661 0.795915
0.006965 1845.69 0.0781693 435908 -0.131309 0.804169
0.003915 2010.28 0.1059 435906 -0.0598492 0.743284
0.003225 1970.66 0.116694 435906 -0.0440163 0.759005
0.006275 2053.22 0.0757832 435906 -0.102553 0.723858
0.002935 1935.47 0.122125 435906 -0.036969 0.773002
0.003565 1996.59 0.11103 435906 -0.0520057 0.74882
0.002625 1882.02 0.128569 435906 -0.0294072 0.795064
0.003925 2010.51 0.105762 435906 -0.0600662 0.743184
0.006975 1816.42 0.0804355 435908 -0.128178 0.817109
0.006285 2054.03 0.0756012 435906 -0.102679 0.723557
0.003235 1971.63 0.116516 435906 -0.0442554 0.758627
0.002945 1936.9 0.121928 435906 -0.0372138 0.772426
0.003575 1997.14 0.110874 435906 -0.0522355 0.748601
0.005025 2015.34 0.0923789 435906 -0.0816602 0.739679
0.002635 1884.01 0.128351 435906 -0.0296485 0.794221
0.003935 2010.74 0.105625 435906 -0.0602829 0.743087
0.006985 1787.22 0.0827008 435908 -0.125909 0.830445
0.006295 2054.85 0.0754196 435906 -0.102803 0.723254
0.002955 1938.32 0.121732 435906 -0.0374586 0.771855
0.003245 1972.58 0.11634 435906 -0.0444942 0.758253
0.003585 1997.69 0.110719 435906 -0.0524649 0.748387
0.002645 1885.99 0.128133 435906 -0.0298901 0.793385
0.005035 2015.43 0.0922635 435906 -0.0818415 0.739628
0.003945 2010.96 0.105489 435906 -0.0604992 0.742992
0.006995 1758.07 0.084965 435908 -0.123633 0.844198
0.002965 1939.72 0.121537 435906 -0.0377034 0.771291
0.006305 2055.67 0.0752385 435906 -0.102926 0.722949
0.003255 1973.51 0.116164 435906 -0.0447325 0.757884
0.003595 1998.22 0.110564 435906 -0.052694 0.748176
0.002655 1887.96 0.127917 435906 -0.030132 0.792557
0.003955 2011.17 0.105353 435906 -0.0607154 0.7429
0.005045 2015.52 0.0921481 435906 -0.0820224 0.739578
0.007005 1728.98 0.0872281 435908 -0.121383 0.858389
0.002975 1941.12 0.121342 435906 -0.0379484 0.770733
0.006315 2056.51 0.0750583 435906 -0.103048 0.722642
0.003265 1974.44 0.115989 435906 -0.0449705 0.75752
0.003605 1998.74 0.11041 435906 -0.0529228 0.747969
0.002665 1889.91 0.127701 435906 -0.0303743 0.791736
0.003965 2011.38 0.105217 435906 -0.0609313 0.742811
0.005055 2015.61 0.0920327 435906 -0.0822029 0.739529
0.002985 1942.49 0.121148 435906 -0.0381934 0.77018
0.007015 1699.94 0.0894895 435908 -0.119146 0.873041
0.006325 2057.35 0.0748791 435906 -0.103169 0.722332
0.003275 1975.35 0.115814 435906 -0.0452081 0.757161
0.003615 1999.25 0.110257 435906 -0.0531513 0.747765
0.002675 1891.85 0.127485 435906 -0.0306169 0.790924
0.003975 2011.57 0.105081 435906 -0.0611469 0.742724
0.002995 1943.86 0.120954 435906 -0.0384385 0.769634
0.005065 2015.7 0.0919172 435906 -0.082383 0.73948
0.007025 1670.96 0.0917484 435909 -0.116907 0.888177
0.006335 2058.2 0.0747013 435906 -0.103292 0.72202
0.003625 1999.76 0.110104 435906 -0.0533795 0.747566
0.003285 1976.26 0.115641 435906 -0.0454455 0.756806
0.002685 1893.77 0.127271 435906 -0.030858 0.790118
0.003985 2011.76 0.104946 435906 -0.0613623 0.742641
0.003005 1945.21 0.120761 435906 -0.0386837 0.769094
0.005075 2015.79 0.0918016 435906 -0.0825628 0.739432
0.007035 1642.02 0.0940035 435909 -0.114656 0.903821
0.006345 2059.06 0.0745251 435906 -0.103415 0.721707
0.003635 2000.25 0.109951 435906 -0.0536074 0.74737
0.002695 1895.65 0.127057 435906 -0.0311031 0.789331
0.003295 1977.15 0.115467 435906 -0.0456825 0.756456
0.003995 2011.94 0.104812 435906 -0.0615774 0.74256
0.003015 1946.55 0.120569 435906 -0.038929 0.76856
0.005085 2015.87 0.0916861 435906 -0.0827423 0.739385
0.006355 2059.92 0.0743508 435906 -0.103539 0.721391
0.003645 2000.73 0.1098 435906 -0.053835 0.747177
0.005185 2016.64 0.090528 435906 -0.0845224 0.738939
0.003655 2001.21 0.109648 435906 -0.0540624 0.746988
0.001405 1552.87 0.158607 435906 -0.0055906 0.962916
0.005195 2016.72 0.0904119 435906 -0.0846991 0.738897
0.003665 2001.67 0.109498 435906 -0.0542894 0.746803
0.001415 1555.9 0.158354 435906 -0.00572607 0.961054
0.002335 1817.39 0.135169 435906 -0.0225688 0.823338
0.003675 2002.13 0.109348 435906 -0.0545163 0.746621
0.005205 2016.78 0.0902958 435906 -0.0848755 0.738855
0.001425 1558.93 0.158101 435906 -0.00586263 0.959199
0.000735 1367.97 0.173705 435906 0.000795083 1.09225
0.003685 2002.57 0.109198 435906 -0.0547428 0.746443
0.002345 1819.83 0.134933 435906 -0.0227941 0.822237
0.005215 2016.85 0.0901796 435906 -0.0850517 0.738814
0.001435 1561.96 0.157847 435906 -0.00600028 0.95735
0.000745 1370.26 0.173522 435906 0.000738197 1.09043
0.001095 1461.33 0.166164 435906 -0.00197348 1.02287
0.003695 2003.01 0.109049 435906 -0.0549691 0.746268
0.002355 1822.25 0.134698 435906 -0.0230205 0.821145
0.005225 2016.92 0.0900634 435906 -0.0852277 0.738773
0.001445 1564.99 0.157593 435906 -0.00613901 0.955507
0.000755 1372.57 0.173336 435906 0.000680215 1.08861
0.003705 2003.44 0.1089 435906 -0.0551952 0.746097
0.001105 1464.17 0.165931 435906 -0.00207219 1.02089
0.002365 1824.66 0.134463 435906 -0.023248 0.820061
0.005235 2016.99 0.089947 435906 -0.0854034 0.738732
0.001455 1568.02 0.157338 435906 -0.00627882 0.95367
0.003715 2003.85 0.108752 435906 -0.055421 0.74593
0.001115 1467.03 0.165698 435906 -0.0021721 1.01892
0.000765 1374.9 0.17315 435906 0.000621132 1.08677
0.002375 1827.06 0.134228 435906 -0.0234766 0.818986
0.005245 2017.05 0.0898307 435906 -0.0855789 0.738692
0.003725 2004.26 0.108605 435906 -0.0556463 0.745765
0.001465 1571.05 0.157083 435906 -0.00641972 0.95184
0.001125 1469.89 0.165464 435906 -0.0022732 1.01695
0.000775 1377.25 0.172961 435906 0.000560941 1.08493
0.005255 2017.12 0.0897142 435906 -0.0857537 0.738652
0.002385 1829.44 0.133995 435906 -0.0237063 0.81792
0.003735 2004.66 0.108458 435906 -0.0558693 0.745604
0.001475 1574.08 0.156828 435906 -0.00656169 0.950017
0.001135 1472.77 0.165229 435906 -0.00237551 1.01497
0.000785 1379.63 0.172771 435906 0.000499638 1.08307
0.005265 2017.19 0.089598 435906 -0.0859285 0.738613
0.002395 1831.82 0.133761 435906 -0.0239371 0.816862
0.003745 2005.05 0.108312 435906 -0.0560965 0.745448
0.001485 1577.11 0.156573 435906 -0.00670474 0.9482
0.001145 1475.65 0.164993 435906 -0.00247901 1.013
0.000795 1382.02 0.172579 435906 0.000437218 1.08121
0.002105 1758.13 0.140745 435906 -0.0176207 0.851018
0.005275 2017.39 0.0894814 435906 -0.0861103 0.738522
0.002405 1834.17 0.133529 435906 -0.0241692 0.815812
0.003755 2005.42 0.108166 435906 -0.056321 0.745296
0.001495 1580.15 0.156317 435906 -0.00684888 0.94639
0.001155 1478.54 0.164756 435906 -0.00258371 1.01103
0.000805 1384.43 0.172385 435906 0.000373676 1.07934
0.005285 2017.59 0.0893648 435906 -0.0862906 0.738433
0.002115 1760.83 0.140497 435906 -0.0178269 0.849719
0.002415 1836.52 0.133297 435906 -0.0244024 0.814771
0.003765 2005.79 0.10802 435906 -0.0565449 0.745147
0.001505 1583.18 0.156062 435906 -0.00699412 0.944587
0.001165 1481.44 0.164519 435906 -0.00268961 1.00907
0.000815 1386.86 0.17219 435906 0.000309007 1.07746
0.005295 2017.79 0.0892481 435906 -0.0864708 0.738344
0.002125 1763.51 0.14025 435906 -0.018034 0.848429
0.002425 1838.85 0.133065 435906 -0.0246353 0.813739
0.003775 2006.15 0.107876 435906 -0.0567683 0.745001
0.001515 1586.21 0.155806 435906 -0.00714045 0.942791
0.000825 1389.31 0.171994 435906 0.000243207 1.07557
0.001175 1484.35 0.16428 435906 -0.00279671 1.0071
0.005305 2017.98 0.0891314 435906 -0.0866508 0.738256
0.002435 1841.17 0.132835 435906 -0.0248711 0.812713
0.002135 1766.19 0.140003 435906 -0.0182419 0.847148
0.001525 1589.25 0.155549 435906 -0.00728788 0.941002
0.003785 2006.5 0.107731 435906 -0.0569912 0.744858
0.000835 1391.78 0.171795 435906 0.000176271 1.07367
0.005315 2018.18 0.0890146 435906 -0.0868306 0.738168
0.002445 1843.48 0.132604 435906 -0.0251093 0.811698
0.001185 1487.27 0.164041 435906 -0.00290501 1.00514
0.002145 1768.85 0.139756 435906 -0.0184507 0.845876
0.001535 1592.28 0.155293 435906 -0.00743641 0.93922
0.000845 1394.26 0.171596 435906 0.000108195 1.07177
0.003795 2006.84 0.107587 435906 -0.0572137 0.744718
0.005325 2018.37 0.0888977 435906 -0.0870102 0.738081
0.002455 1845.76 0.132375 435906 -0.0253449 0.810692
0.001195 1490.19 0.163801 435906 -0.00301451 1.00318
0.001545 1595.31 0.155036 435906 -0.00758606 0.937445
0.002155 1771.51 0.139511 435906 -0.0186602 0.844612
0.000855 1396.76 0.171394 435906 3.89741e-05 1.06986
0.003805 2007.17 0.107444 435906 -0.0574357 0.744582
0.005335 2018.57 0.0887808 435906 -0.0871895 0.737995
0.002465 1848.01 0.132146 435906 -0.0255836 0.809706
0.001205 1493.12 0.16356 435906 -0.0031252 1.00122
0.001555 1598.34 0.154779 435906 -0.00773682 0.935678
0.002165 1774.15 0.139265 435906 -0.0188706 0.843357
0.000865 1399.28 0.171191 435906 -3.13947e-05 1.06795
0.005345 2018.76 0.0886638 435906 -0.0873687 0.737909
0.003815 2007.5 0.107301 435906 -0.0576573 0.744449
0.002475 1850.25 0.131918 435906 -0.0258209 0.808729
0.001565 1601.37 0.154522 435906 -0.0078887 0.933918
0.001215 1496.06 0.163318 435906 -0.00323711 0.999266
0.002175 1776.78 0.13902 435906 -0.0190817 0.842111
0.000875 1401.82 0.170987 435906 -0.000102916 1.06603
0.005355 2018.95 0.0885468 435906 -0.0875477 0.737824
0.002485 1852.47 0.13169 435906 -0.026058 0.807759
0.003825 2007.81 0.107159 435906 -0.0578784 0.744319
0.001575 1604.4 0.154265 435906 -0.00804168 0.932165
0.002185 1779.41 0.138776 435906 -0.0192937 0.840873
0.001225 1499 0.163076 435906 -0.00335021 0.997315
0.000885 1404.38 0.170781 435906 -0.000175592 1.0641
0.005365 2019.13 0.0884296 435906 -0.0877265 0.737739
0.002495 1854.68 0.131463 435906 -0.0262952 0.806798
0.001585 1607.42 0.154007 435906 -0.00819579 0.93042
0.003835 2008.12 0.107017 435906 -0.0580991 0.744192
0.002195 1782.02 0.138532 435906 -0.0195064 0.839644
0.000895 1406.95 0.170574 435906 -0.000249427 1.06217
0.001235 1501.95 0.162833 435906 -0.00346452 0.995367
0.005375 2019.32 0.0883124 435906 -0.0879051 0.737655
0.002505 1856.87 0.131236 435906 -0.0265326 0.805845
0.001595 1610.45 0.15375 435906 -0.008351 0.928682
0.002205 1784.62 0.138288 435906 -0.0197199 0.838424
0.000905 1409.53 0.170366 435906 -0.000324425 1.06023
0.006575 2078.76 0.0716504 435906 -0.107726 0.714635
0.007525 656.943 0.195291 435909 -0.0153493 2.27047
0.006585 2079.47 0.0716094 435906 -0.107995 0.71438
0.007315 936.482 0.161378 435911 -0.0494356 1.58779
0.006595 2080.17 0.0715777 435906 -0.108272 0.71413
0.007535 650.212 0.19626 435907 -0.0144191 2.29424
0.007325 917.784 0.163516 435911 -0.0473632 1.62036
0.001825 1679.07 0.147824 435906 -0.0122139 0.890919
0.006605 2080.85 0.0715556 435906 -0.108558 0.713886
0.007545 643.869 0.197164 435907 -0.0133038 2.31711
0.007335 899.414 0.165608 435911 -0.0453261 1.6537
0.006615 2081.51 0.0715432 435906 -0.108856 0.713648
0.001835 1681.99 0.147568 435906 -0.0123941 0.889377
0.007555 637.912 0.198004 435907 -0.012215 2.339
0.007345 881.37 0.167654 435911 -0.0433226 1.6878
0.005905 2034.13 0.0817946 435906 -0.0972061 0.731368
0.006625 2082.15 0.0715407 435906 -0.10917 0.713417
0.001845 1684.91 0.147312 435906 -0.0125753 0.887844
0.007565 632.341 0.198779 435907 -0.0111449 2.35986
0.007355 863.656 0.169653 435911 -0.0412206 1.72268
0.006635 2082.77 0.0715481 435906 -0.109502 0.713194
0.005915 2034.51 0.0816567 435906 -0.0973744 0.731209
0.002705 1897.52 0.126843 435906 -0.0313463 0.788551
0.001855 1687.83 0.147055 435906 -0.0127575 0.886319
0.007575 627.154 0.19949 435907 -0.0100955 2.3796
0.006645 2083.36 0.0715655 435906 -0.109859 0.71298
0.005925 2034.9 0.0815177 435906 -0.0975417 0.73105
0.004005 2012.12 0.104678 435906 -0.0617919 0.742481
0.002715 1899.38 0.126631 435906 -0.0315895 0.787778
0.001865 1690.73 0.1468 435906 -0.0129406 0.884802
0.006655 2083.92 0.0715929 435906 -0.110245 0.712776
0.007585 622.352 0.200137 435906 -0.0090656 2.39817
0.005935 2035.29 0.0813775 435906 -0.0977078 0.730891
0.002725 1901.22 0.126419 435906 -0.0318329 0.787013
0.004015 2012.28 0.104544 435906 -0.0620058 0.742406
0.001875 1693.63 0.146544 435906 -0.0131248 0.883295
0.006665 2084.44 0.0716304 435906 -0.110667 0.712585
0.005945 2035.68 0.0812361 435906 -0.0978727 0.730731
0.007595 617.934 0.200719 435906 -0.00804065 2.41551
0.002735 1903.04 0.126207 435906 -0.0320765 0.786255
0.004025 2012.44 0.104411 435906 -0.0622187 0.742333
0.001885 1696.52 0.146288 435906 -0.0133099 0.881795
0.006675 2084.92 0.0716779 435906 -0.111132 0.712408
0.005955 2036.07 0.0810934 435906 -0.0980363 0.730571
0.007605 613.903 0.201236 435908 -0.00700048 2.43155
0.004035 2012.59 0.104278 435906 -0.0624301 0.742262
0.002745 1904.86 0.125997 435906 -0.0323204 0.785504
0.006685 2085.34 0.0717353 435906 -0.111644 0.712248
0.001895 1699.41 0.146033 435906 -0.0134959 0.880305
0.005965 2036.46 0.0809495 435906 -0.0981988 0.730411
0.007615 611.203 0.201689 435906 -0.00610069 2.44244
0.004045 2012.74 0.104146 435906 -0.0626386 0.742194
0.002755 1906.66 0.125787 435906 -0.0325646 0.78476
0.006695 2085.71 0.0718025 435906 -0.11221 0.712107
0.003305 1978.03 0.115295 435906 -0.0459193 0.756111
0.005975 2036.85 0.0808042 435906 -0.0983599 0.73025
0.001905 1702.29 0.145778 435906 -0.013683 0.878823
0.004055 2012.91 0.104014 435906 -0.062851 0.742118
0.007625 608.891 0.202076 435906 -0.00514722 2.45185
0.006705 2086.01 0.0718793 435905 -0.112835 0.711989
0.002765 1908.44 0.125578 435906 -0.0328093 0.784023
0.005985 2037.24 0.0806576 435906 -0.0985198 0.730089
0.001915 1705.16 0.145523 435906 -0.013871 0.87735
0.003315 1978.9 0.115123 435906 -0.0461559 0.75577
0.004065 2013.07 0.103882 435906 -0.0630601 0.742044
0.006715 2086.24 0.0719654 435905 -0.113522 0.711898
0.005995 2037.63 0.0805095 435906 -0.0986784 0.729928
0.003025 1947.87 0.120378 435906 -0.0391721 0.768031
0.006005 2038.03 0.08036 435906 -0.0988357 0.729766
0.006365 2060.8 0.0741787 435906 -0.103666 0.721073
0.006015 2038.43 0.0802091 435906 -0.0989915 0.729603
0.003035 1949.14 0.120187 435906 -0.0394187 0.767526
0.006375 2061.68 0.0740091 435906 -0.103796 0.720753
0.006025 2038.83 0.0800567 435906 -0.0991452 0.729439
0.003045 1950.39 0.119997 435906 -0.039663 0.767026
0.005095 2015.95 0.0915705 435906 -0.0829215 0.739338
0.006385 2062.57 0.0738422 435906 -0.103929 0.720431
0.006035 2039.34 0.0799027 435906 -0.0993049 0.729234
0.001245 1504.91 0.162589 435906 -0.00358003 0.993422
0.003055 1951.63 0.119808 435906 -0.0399067 0.766532
0.006395 2063.46 0.0736785 435906 -0.104067 0.720108
0.005105 2016.04 0.0914548 435906 -0.0831004 0.739291
0.006045 2039.86 0.0797472 435906 -0.099461 0.729029
0.003065 1952.86 0.119619 435906 -0.04015 0.766044
0.001255 1507.88 0.162344 435906 -0.00369675 0.991481
0.005385 2019.51 0.0881952 435906 -0.0880835 0.737571
0.001265 1510.84 0.162099 435906 -0.00381467 0.989544
0.002515 1859.05 0.13101 435906 -0.0267703 0.804901
0.005395 2019.69 0.0880778 435906 -0.0882618 0.737488
0.002215 1787.21 0.138045 435906 -0.0199342 0.837212
0.001275 1513.82 0.161853 435906 -0.0039338 0.987611
0.005405 2019.87 0.0879604 435906 -0.08844 0.737405
0.002525 1861.21 0.130785 435906 -0.0270082 0.803964
0.000915 1412.13 0.170156 435906 -0.000400587 1.05829
0.002535 1863.36 0.130561 435906 -0.0272464 0.803036
0.000925 1414.75 0.169944 435906 -0.000477918 1.05634
0.002775 1910.21 0.125369 435906 -0.0330523 0.783294
0.002545 1865.5 0.130337 435906 -0.027485 0.802115
0.007635 606.966 0.202399 435906 -0.00420048 2.45974
0.000935 1417.39 0.169732 435906 -0.00055642 1.05439
0.002785 1911.9 0.125161 435906 -0.0332988 0.782595
0.002555 1867.62 0.130114 435906 -0.027724 0.801203
0.007645 605.426 0.202657 435906 -0.00326114 2.46609
0.000945 1420.03 0.169518 435906 -0.000636096 1.05244
0.002795 1913.59 0.124954 435906 -0.0335431 0.781904
0.004075 2013.22 0.103751 435906 -0.0632681 0.741972
0.003325 1979.75 0.114952 435906 -0.0463923 0.755434
0.002805 1915.26 0.124747 435906 -0.0337872 0.781219
0.004085 2013.37 0.10362 435906 -0.0634754 0.741903
0.005115 2016.12 0.0913391 435906 -0.083279 0.739246
0.002815 1916.91 0.124542 435906 -0.0340313 0.780541
0.003335 1980.6 0.114781 435906 -0.0466285 0.755102
0.006055 2040.38 0.0795901 435906 -0.0996144 0.728822
0.004095 2013.51 0.10349 435906 -0.0636823 0.741836
0.002825 1918.55 0.124336 435906 -0.0342754 0.779869
0.003345 1981.43 0.114611 435906 -0.0468646 0.754775
0.003075 1954.07 0.119431 435906 -0.0403931 0.765561
0.002225 1789.79 0.137802 435906 -0.0201492 0.836009
0.003085 1955.27 0.119244 435906 -0.0406359 0.765084
0.005415 2020.05 0.0878429 435906 -0.0886179 0.737323
0.002235 1792.36 0.13756 435906 -0.0203651 0.834814
0.007655 604.271 0.202851 435906 -0.00232913 2.47087
0.003095 1956.46 0.119058 435906 -0.0408784 0.764613
0.005425 2020.23 0.0877253 435906 -0.0887957 0.737241
0.000955 1422.7 0.169302 435906 -0.000716947 1.05048
0.003105 1957.64 0.118872 435906 -0.0411206 0.764146
0.005435 2020.41 0.0876077 435906 -0.0889732 0.73716
0.004105 2013.65 0.10336 435906 -0.0638892 0.741771
0.002835 1920.18 0.124132 435906 -0.0345197 0.779204
0.006065 2040.9 0.0794315 435906 -0.0997655 0.728615
0.003355 1982.26 0.114442 435906 -0.0471005 0.754453
0.002845 1921.79 0.123928 435906 -0.0347641 0.778546
0.007665 603.502 0.20298 435906 -0.00141269 2.47407
0.006075 2041.43 0.0792712 435906 -0.0999142 0.728407
0.002855 1923.39 0.123725 435906 -0.0350087 0.777895
0.003365 1983.07 0.114273 435906 -0.0473363 0.754134
0.003115 1958.8 0.118686 435906 -0.0413627 0.763686
0.004115 2013.78 0.10323 435906 -0.0640962 0.741708
0.003125 1959.95 0.118502 435906 -0.0416045 0.76323
0.007675 603.117 0.203044 435906 -0.000465873 2.47567
0.004125 2013.91 0.103101 435906 -0.0643033 0.741647
0.003135 1961.09 0.118318 435906 -0.0418462 0.76278
0.002865 1924.98 0.123523 435906 -0.0352537 0.77725
0.003145 1962.22 0.118135 435906 -0.0420878 0.762335
0.002875 1926.55 0.123321 435906 -0.0354989 0.776611
0.003375 1983.87 0.114105 435906 -0.047572 0.753821
0.003155 1963.33 0.117952 435906 -0.0423293 0.761896
0.003385 1984.66 0.113938 435906 -0.0478077 0.753511
0.004135 2014.02 0.102972 435906 -0.0645106 0.741589
0.003165 1964.43 0.11777 435906 -0.0425707 0.761462
0.003395 1985.44 0.113771 435906 -0.0480432 0.753206
0.004145 2014.14 0.102843 435906 -0.064718 0.741532
0.003175 1965.52 0.117589 435906 -0.0428121 0.761033
0.003405 1986.2 0.113605 435906 -0.0482787 0.752906
0.004155 2014.24 0.102715 435906 -0.0649253 0.741479
0.003185 1966.59 0.117409 435906 -0.0430535 0.760609
0.003415 1986.96 0.113439 435906 -0.0485142 0.75261
0.003195 1967.65 0.117229 435906 -0.043295 0.76019
0.003425 1987.7 0.113274 435906 -0.0487496 0.752318
0.003435 1988.44 0.11311 435906 -0.048985 0.75203
0.003445 1989.16 0.112946 435906 -0.049218 0.751747
0.003455 1989.84 0.112783 435906 -0.0494547 0.751481
0.003465 1990.5 0.112621 435906 -0.0496887 0.751219
0.003475 1991.16 0.112459 435906 -0.0499222 0.750961
0.003485 1991.8 0.112298 435906 -0.0501553 0.750707
0.003495 1992.44 0.112137 435906 -0.0503879 0.750457
0.003505 1993.06 0.111977 435906 -0.0506201 0.750211
0.003515 1993.68 0.111818 435906 -0.050852 0.749969
