0.006725 334.064 0.232917 161738 0.0481177 1.67996
0.006735 334.121 0.232917 161738 0.0475947 1.67967
0.006745 334.17 0.232917 161738 0.0471196 1.67942
0.006755 334.208 0.232917 161738 0.0466141 1.67923
0.006765 334.236 0.232917 161738 0.0461129 1.67909
0.006775 334.253 0.232918 161738 0.0456234 1.679
0.006785 334.262 0.232918 161738 0.0451144 1.67896
0.006795 334.262 0.232918 161738 0.04462 1.67896
0.006805 334.254 0.232918 161738 0.0441111 1.679
0.006815 334.238 0.232918 161738 0.043628 1.67908
0.006825 334.213 0.232918 161738 0.0431359 1.67921
0.006835 334.18 0.232918 161738 0.0426408 1.67937
0.006845 334.138 0.232918 161738 0.0421668 1.67959
0.006855 334.087 0.232918 161738 0.0416485 1.67984
0.006865 334.139 0.232918 161738 0.0411323 1.67958
0.006875 334.185 0.232918 161738 0.0406706 1.67935
0.006885 334.223 0.232918 161738 0.0401795 1.67916
0.006895 334.254 0.232918 161738 0.0396891 1.679
0.006905 334.276 0.232918 161738 0.0391987 1.67889
0.006915 334.29 0.232918 161738 0.0387101 1.67882
0.006925 334.296 0.232918 161738 0.0382028 1.67879
0.006935 334.292 0.232918 161738 0.0376969 1.67881
0.006945 334.28 0.232918 161738 0.0372001 1.67887
0.006955 334.259 0.232918 161738 0.0367073 1.67898
0.006965 334.229 0.232918 161738 0.0362096 1.67913
0.006975 334.19 0.232918 161738 0.0357339 1.67932
0.006985 334.141 0.232918 161738 0.0352131 1.67957
0.006995 334.197 0.232918 161738 0.0346946 1.67929
0.007005 334.246 0.232918 161738 0.0342294 1.67904
0.007015 334.289 0.232918 161738 0.0337337 1.67883
0.007025 334.324 0.232918 161738 0.0332363 1.67865
0.007035 334.352 0.232918 161738 0.0327343 1.67851
0.007365 334.956 0.232918 161737 0.0155787 1.67548
0.007375 334.959 0.232918 161737 0.0150792 1.67546
0.007045 334.373 0.232918 161738 0.0322273 1.67841
0.007385 334.956 0.232918 161737 0.0145882 1.67548
0.004485 1192.53 0.118519 161739 -0.0128722 0.46401
0.000965 871.358 0.195826 161738 0.096845 0.639402
0.007395 334.945 0.232918 161737 0.0140934 1.67553
0.006405 334.226 0.232917 161737 0.0639543 1.67914
0.004495 1175.68 0.120512 161739 -0.0109597 0.470681
0.007405 335.043 0.232918 161737 0.0135733 1.67504
0.000975 878.456 0.195277 161738 0.0970084 0.634214
0.007055 334.386 0.232918 161738 0.0317198 1.67834
0.004505 1158.9 0.122498 161739 -0.00847955 0.477517
0.007415 335.134 0.232918 161737 0.0131039 1.67459
0.006415 334.207 0.232917 161738 0.0634667 1.67923
0.000985 885.576 0.194726 161738 0.0971641 0.629093
0.006085 334.313 0.232896 161737 0.0798322 1.67864
0.007065 334.392 0.232918 161737 0.0311687 1.6783
0.004515 1142.2 0.124477 161739 -0.00601037 0.484522
0.007425 335.216 0.232918 161737 0.0126042 1.67418
0.006425 334.181 0.232917 161738 0.0629753 1.67936
0.000995 892.719 0.194172 161738 0.0973123 0.624039
0.004805 714.632 0.177005 161739 0.0602946 0.77662
0.007075 334.391 0.232918 161737 0.0306291 1.67831
0.006095 334.329 0.232898 161737 0.0793419 1.67857
0.004525 1125.58 0.126449 161739 -0.00354234 0.491703
0.007435 335.29 0.232918 161737 0.012105 1.67381
0.006435 334.146 0.232917 161738 0.0624798 1.67954
0.001005 899.882 0.193615 161738 0.0974528 0.619051
0.007085 334.383 0.232918 161738 0.0300835 1.67835
0.004815 703.048 0.178572 161739 0.0621221 0.789531
0.006105 334.336 0.232899 161737 0.0788306 1.67854
0.007445 335.354 0.232918 161737 0.0116053 1.67349
0.004535 1109.04 0.128412 161739 -0.00108194 0.499065
0.006445 334.103 0.232917 161738 0.0620038 1.67976
0.001015 907.065 0.193055 161738 0.0975856 0.614128
0.003525 2248 0.0491749 161738 -0.03692 0.246545
0.007095 334.367 0.232918 161737 0.0295395 1.67843
0.006115 334.334 0.232901 161737 0.0783289 1.67855
0.004825 691.595 0.180118 161739 0.063928 0.802723
0.007455 335.41 0.232918 161737 0.0111066 1.67321
0.004545 1092.57 0.130367 161739 0.00136951 0.506615
0.006455 334.05 0.232917 161738 0.0614806 1.68002
0.001025 914.267 0.192493 161738 0.0977107 0.60927
0.007105 334.343 0.232918 161737 0.0289775 1.67855
0.002885 2072.79 0.0787729 161738 0.019944 0.267747
0.006125 334.325 0.232903 161737 0.0778291 1.6786
0.004835 680.276 0.181642 161739 0.065702 0.816202
0.003535 2247.18 0.04877 161738 -0.0377054 0.246628
0.007465 335.458 0.232918 161737 0.0106092 1.67297
0.004555 1076.19 0.132314 161739 0.00381046 0.514359
0.001035 921.487 0.191929 161738 0.097828 0.604476
0.006465 334.1 0.232917 161738 0.0609627 1.67977
0.007115 334.311 0.232918 161737 0.028433 1.67871
0.006135 334.308 0.232904 161737 0.0773414 1.67869
0.002895 2076.81 0.078241 161738 0.0191689 0.267224
0.004845 669.088 0.183144 161739 0.0674375 0.829975
0.003545 2246.35 0.0483659 161738 -0.0384665 0.246713
0.007475 335.498 0.232918 161737 0.0101133 1.67277
0.004565 1059.89 0.134252 161739 0.00623924 0.522304
0.001045 928.724 0.191362 161738 0.0979375 0.599747
0.006475 334.144 0.232917 161738 0.0604996 1.67955
0.007125 334.271 0.232918 161737 0.027806 1.67891
0.006145 334.282 0.232905 161737 0.0768478 1.67882
0.002905 2080.8 0.0777114 161738 0.0183898 0.266707
0.004855 658.032 0.184624 161739 0.0691297 0.844051
0.003555 2245.5 0.0479627 161738 -0.0392031 0.2468
0.007485 335.529 0.232918 161737 0.00961895 1.67262
0.004575 1043.67 0.13618 161739 0.00865416 0.530458
0.001055 935.977 0.190792 161738 0.0980391 0.59508
0.006485 334.18 0.232917 161738 0.0600042 1.67937
0.007135 334.336 0.232918 161737 0.0272274 1.67858
0.006155 334.249 0.232906 161737 0.0763522 1.67899
0.002915 2084.78 0.077184 161738 0.0176069 0.266194
0.004865 647.104 0.186081 161739 0.0707745 0.858439
0.003565 2244.64 0.0475603 161738 -0.0399151 0.246888
0.007495 335.553 0.232918 161737 0.00912628 1.6725
0.004585 1027.53 0.138098 161739 0.0110538 0.538828
0.006495 334.208 0.232917 161738 0.059509 1.67923
0.001065 943.245 0.190221 161738 0.0981328 0.590476
0.007145 334.395 0.232918 161737 0.0266838 1.67829
0.006165 334.208 0.232907 161737 0.0758528 1.6792
0.002925 2088.73 0.0766589 161738 0.0168203 0.265686
0.004875 636.302 0.187516 161739 0.0723677 0.87315
0.003575 2243.77 0.0471585 161738 -0.0406023 0.246977
0.007505 335.569 0.232918 161737 0.00863973 1.67242
0.004595 1011.48 0.140007 161739 0.0134363 0.547422
0.006505 334.227 0.232917 161738 0.0590183 1.67914
0.001075 950.527 0.189647 161738 0.0982187 0.585934
0.007155 334.446 0.232918 161737 0.0261116 1.67803
0.006175 334.157 0.232908 161737 0.0753738 1.67946
0.002935 2092.65 0.0761361 161738 0.0160299 0.265183
0.004885 625.623 0.188928 161739 0.0739056 0.888197
0.003585 2242.89 0.0467575 161738 -0.0412647 0.247068
0.007515 335.578 0.232918 161737 0.00814037 1.67237
0.004605 995.503 0.141905 161739 0.0158099 0.556249
0.006515 334.237 0.232917 161737 0.0585099 1.67909
0.001085 957.822 0.189071 161738 0.0982966 0.581452
0.007165 334.489 0.232918 161737 0.025546 1.67782
0.006185 334.096 0.232909 161738 0.0748481 1.67977
0.002945 2096.56 0.0756156 161738 0.0152359 0.264685
0.004895 615.062 0.190316 161739 0.0753881 0.903593
0.003595 2241.99 0.0463572 161738 -0.0419021 0.24716
0.007525 335.579 0.232918 161737 0.00764184 1.67237
0.004615 979.613 0.143792 161739 0.018168 0.565318
0.006525 334.238 0.232917 161737 0.0580065 1.67908
0.001095 965.13 0.188492 161738 0.0983666 0.577032
0.007175 334.524 0.232918 161737 0.0249886 1.67764
0.006195 334.139 0.23291 161738 0.0743319 1.67955
0.002955 2100.44 0.0750974 161738 0.0144383 0.264192
0.004905 604.616 0.191682 161739 0.076863 0.919356
0.003605 2241.09 0.0459575 161738 -0.0425143 0.247253
0.007535 335.69 0.232918 161737 0.00712566 1.67181
0.004625 963.805 0.145669 161739 0.0205078 0.574639
0.006535 334.23 0.232917 161738 0.057491 1.67912
0.001105 972.45 0.187912 161738 0.0984287 0.572671
0.007185 334.55 0.232918 161737 0.0244424 1.67751
0.006205 334.177 0.232911 161737 0.073873 1.67936
0.002965 2104.29 0.0745815 161738 0.0136372 0.263704
0.004915 594.284 0.193023 161740 0.0785441 0.935504
0.003615 2240.19 0.0455583 161738 -0.0431012 0.247346
0.007545 335.795 0.232918 161737 0.00666086 1.67129
0.004635 948.081 0.147533 161739 0.0228486 0.584221
0.001115 979.78 0.18733 161738 0.0984829 0.568369
0.006545 334.213 0.232917 161738 0.0569991 1.67921
0.007195 334.569 0.232918 161737 0.0239137 1.67742
0.006215 334.209 0.232911 161737 0.0733819 1.67921
0.002975 2108.12 0.0740679 161738 0.0128326 0.26322
0.004925 585.453 0.194339 161738 0.0796297 0.949762
0.003625 2239.28 0.0451597 161738 -0.0436628 0.24744
0.004645 932.443 0.149386 161739 0.0252096 0.594073
0.007555 335.892 0.232918 161737 0.00616872 1.67081
0.007205 334.578 0.232918 161737 0.0233823 1.67737
0.001125 987.12 0.186746 161738 0.0985291 0.564126
0.006555 334.187 0.232917 161738 0.0564994 1.67934
0.006225 334.233 0.232912 161737 0.072891 1.67909
0.002985 2111.93 0.0735566 161738 0.0120247 0.262741
0.004935 576.788 0.195631 161738 0.0810653 0.964192
0.003635 2238.36 0.0447616 161738 -0.0441989 0.247535
0.004655 916.897 0.151227 161739 0.0276187 0.604203
0.007565 335.982 0.232918 161737 0.00567753 1.67036
0.007215 334.58 0.232918 161737 0.0228679 1.67736
0.000645 663.431 0.211455 161738 0.0881023 0.840828
0.001135 994.469 0.186159 161738 0.0985677 0.55994
0.006565 334.152 0.232917 161738 0.0559968 1.67951
0.006235 334.249 0.232912 161737 0.0724055 1.67901
0.002995 2115.71 0.0730477 161738 0.0112134 0.262267
0.004945 568.281 0.196895 161738 0.0824539 0.978791
0.003645 2237.44 0.044364 161738 -0.0447093 0.24763
0.004665 901.451 0.153055 161739 0.0301092 0.614617
0.007575 336.065 0.232918 161737 0.00518528 1.66995
0.007225 334.573 0.232918 161737 0.0223529 1.6774
0.006575 334.107 0.232917 161738 0.0555156 1.67974
0.006245 334.256 0.232913 161737 0.0718928 1.67897
0.001145 1001.83 0.185571 161738 0.0985994 0.555811
0.000655 669.149 0.211037 161738 0.0884568 0.833609
0.003005 2119.47 0.0725412 161738 0.0103988 0.261798
0.004955 559.932 0.198134 161738 0.0838116 0.993554
0.003655 2236.53 0.0439667 161738 -0.0451941 0.247725
0.004675 886.118 0.15487 161739 0.0327085 0.625316
0.007585 336.141 0.232918 161737 0.00469271 1.66957
0.007235 334.557 0.232918 161737 0.0218653 1.67747
0.006585 334.052 0.232917 161738 0.0549903 1.68001
0.006255 334.256 0.232913 161737 0.0713914 1.67897
0.001155 1009.19 0.184982 161738 0.098622 0.551738
0.000665 674.931 0.210614 161738 0.0888077 0.826435
0.003015 2123.2 0.0720369 161738 0.00958102 0.261333
0.004965 551.74 0.199347 161738 0.0851305 1.00848
0.003665 2235.61 0.0435699 161738 -0.045653 0.24782
0.004685 870.912 0.156672 161739 0.0354186 0.6363
0.007595 336.209 0.232918 161737 0.00419979 1.66923
0.007245 334.533 0.232918 161737 0.0213962 1.67759
0.006595 334.1 0.232917 161738 0.0544698 1.67977
0.006265 334.247 0.232914 161737 0.0708811 1.67902
0.001165 1016.56 0.18439 161738 0.0986366 0.547721
0.003025 2126.91 0.071535 161738 0.00876007 0.260872
0.000675 680.775 0.210185 161738 0.0891551 0.819306
0.004975 543.704 0.200534 161738 0.0864104 1.02356
0.003675 2234.7 0.0431733 161738 -0.0460861 0.247914
0.007255 334.501 0.232918 161737 0.0208927 1.67775
0.004695 855.849 0.15846 161739 0.0381966 0.64757
0.007605 336.27 0.232918 161737 0.00370659 1.66893
0.006275 334.228 0.232914 161737 0.0703879 1.67912
0.006605 334.143 0.232917 161738 0.0540065 1.67956
0.001175 1023.94 0.183797 161738 0.0986433 0.543758
0.003035 2130.6 0.0710355 161738 0.00793601 0.260416
0.000685 686.682 0.20975 161738 0.0894985 0.812226
0.004985 535.823 0.201694 161738 0.0876506 1.03879
0.003685 2233.79 0.0427771 161738 -0.0464932 0.248009
0.007265 334.576 0.232918 161737 0.0203821 1.67738
0.004705 840.934 0.160233 161739 0.0409484 0.659129
0.007615 336.323 0.232918 161737 0.00321318 1.66867
5e-06 477.494 0.224627 161737 0.0722416 1.17028
0.006285 334.201 0.232914 161737 0.069887 1.67926
0.006615 334.178 0.232917 161738 0.0535133 1.67938
0.001185 1031.32 0.183202 161738 0.098642 0.53985
0.003045 2134.26 0.0705383 161738 0.0071089 0.259965
0.000695 692.648 0.209311 161738 0.0898378 0.805197
0.007275 334.644 0.232918 161737 0.0199283 1.67704
0.004995 528.095 0.202828 161738 0.0888509 1.05418
0.003695 2232.88 0.0423811 161738 -0.0468742 0.248103
0.004715 826.164 0.161992 161739 0.0436327 0.67099
0.007625 336.369 0.232918 161737 0.00271962 1.66844
0.006625 334.205 0.232917 161738 0.0530214 1.67925
0.006295 334.164 0.232915 161737 0.069383 1.67944
1.5e-05 477.564 0.224622 161737 0.0722477 1.17011
0.001195 1038.71 0.182605 161738 0.098633 0.535995
0.003055 2137.89 0.0700435 161738 0.00627879 0.259518
0.000705 698.673 0.208867 161738 0.0901728 0.798222
0.007285 334.705 0.232918 161737 0.019446 1.67673
0.000325 522.506 0.221532 161738 0.076611 1.0689
0.005005 520.519 0.203936 161738 0.0900106 1.0697
0.003705 2231.98 0.0419853 161738 -0.047229 0.248196
0.004725 811.532 0.163736 161742 0.0464151 0.683182
0.007635 336.407 0.232918 161737 0.00222605 1.66825
0.006635 334.224 0.232917 161738 0.0525313 1.67915
0.006305 334.117 0.232915 161738 0.0689004 1.67968
2.5e-05 477.708 0.224613 161737 0.0722659 1.16975
0.001205 1046.1 0.182007 161738 0.098616 0.532193
0.003065 2141.5 0.0695511 161738 0.00544573 0.259076
0.007295 334.76 0.232918 161737 0.018964 1.67646
0.000715 704.754 0.208418 161738 0.0905034 0.791301
0.005015 513.094 0.205017 161738 0.0911285 1.08537
0.000335 525.492 0.221324 161738 0.0769223 1.0628
0.003205 2187.05 0.0628988 161738 -0.00668437 0.25361
0.003715 2231.09 0.0415896 161738 -0.0475577 0.248288
0.004735 799.021 0.165463 161739 0.0479725 0.693949
0.007645 336.438 0.232918 161737 0.00173288 1.6681
0.006645 334.235 0.232917 161738 0.052037 1.67909
0.006315 334.059 0.232915 161738 0.0683734 1.67997
3.5e-05 477.925 0.224598 161737 0.0722924 1.16922
0.001215 1053.5 0.181407 161738 0.0985912 0.528442
0.003075 2145.09 0.0690609 161738 0.00460979 0.258638
0.007305 334.807 0.232918 161737 0.0184802 1.67622
0.000725 710.892 0.207964 161738 0.0908292 0.784438
0.005025 505.816 0.206073 161738 0.0922029 1.10118
0.000345 528.577 0.221108 161738 0.0772417 1.05656
0.003725 2230.22 0.041194 161738 -0.0478601 0.24838
0.004745 786.651 0.167171 161739 0.0498192 0.704949
0.007655 336.461 0.232918 161737 0.00124042 1.66798
0.006655 334.239 0.232917 161737 0.0515343 1.67908
0.006325 334.105 0.232915 161738 0.0678557 1.67974
4.5e-05 478.219 0.224578 161737 0.0723276 1.16849
0.001225 1060.9 0.180806 161738 0.0985586 0.524743
0.003085 2148.65 0.0685732 161738 0.00377101 0.258205
0.007315 334.847 0.232918 161737 0.0179957 1.67602
0.003215 2190.04 0.0624405 161738 -0.00759373 0.253258
0.000735 717.084 0.207505 161738 0.0911501 0.777634
0.005035 498.685 0.207102 161738 0.0932307 1.11712
0.000355 531.761 0.220886 161738 0.0775676 1.0502
0.003735 2229.35 0.0407985 161738 -0.0481363 0.24847
0.004755 774.386 0.16886 161739 0.051512 0.716206
0.007665 336.476 0.232918 161737 0.000756776 1.66791
0.006665 334.234 0.232917 161738 0.0510283 1.6791
0.006335 334.145 0.232916 161738 0.0673966 1.67954
5.5e-05 478.591 0.224553 161737 0.072372 1.16758
0.001235 1068.29 0.180203 161738 0.0985182 0.521094
0.003095 2152.18 0.0680877 161738 0.00292969 0.257776
0.007325 334.881 0.232918 161737 0.0175108 1.67585
0.003225 2193 0.0619843 161738 -0.00850859 0.25291
0.000745 723.328 0.207041 161738 0.091466 0.77089
0.005045 491.695 0.208106 161738 0.0942081 1.13319
0.000365 535.043 0.220656 161738 0.0778989 1.04372
0.003745 2228.49 0.040403 161738 -0.0483861 0.248559
0.004765 762.217 0.170529 161739 0.0531788 0.727735
0.007675 336.484 0.232918 161737 0.000247279 1.66787
0.006675 334.221 0.232917 161738 0.0505449 1.67917
0.006345 334.179 0.232916 161738 0.066907 1.67937
6.5e-05 479.042 0.224523 161737 0.0724273 1.16647
0.001245 1075.69 0.179599 161738 0.09847 0.517495
0.003105 2155.68 0.0676047 161737 0.00208531 0.257351
0.007335 334.909 0.232918 161737 0.0170262 1.67571
0.003235 2195.94 0.0615303 161738 -0.00942881 0.252567
0.003245 2198.85 0.0610784 161738 -0.0103543 0.252227
0.003255 2201.73 0.0606286 161738 -0.0112849 0.251892
0.003265 2204.58 0.0601809 161738 -0.0122205 0.251561
0.003275 2207.4 0.0597352 161738 -0.013161 0.251233
0.003285 2210.19 0.0592916 161738 -0.0141062 0.25091
0.003295 2212.96 0.0588501 161738 -0.015056 0.250591
0.003305 2215.69 0.0584105 161738 -0.0160102 0.250276
0.003315 2218.4 0.0579728 161738 -0.0169688 0.249965
0.005765 336.108 0.23258 161738 0.0951126 1.66919
0.003325 2221.08 0.0575372 161738 -0.0179315 0.249657
0.003335 2223.72 0.0571034 161738 -0.0188982 0.249354
0.003345 2226.34 0.0566715 161738 -0.0198687 0.249055
0.003355 2228.93 0.0562415 161738 -0.020843 0.24876
0.005775 335.91 0.232606 161738 0.0946648 1.6702
0.003365 2231.49 0.0558133 161738 -0.0218208 0.248469
0.003375 2234.02 0.0553868 161738 -0.0228019 0.248182
0.005785 335.711 0.232629 161738 0.0941931 1.67123
0.003385 2236.51 0.0549622 161738 -0.0237863 0.247899
0.005795 335.64 0.232651 161738 0.09373 1.67161
0.003395 2238.98 0.0545393 161738 -0.0247737 0.247619
0.005805 335.571 0.232672 161738 0.0932917 1.67198
0.003405 2241.42 0.0541181 161738 -0.025764 0.247344
0.005815 335.501 0.232691 161738 0.0928341 1.67235
0.003415 2243.82 0.0536985 161738 -0.0267571 0.247073
0.005825 335.431 0.232708 161738 0.0923713 1.67273
0.003425 2246.2 0.0532806 161738 -0.0277526 0.246805
0.005835 335.358 0.232725 161738 0.0919039 1.67312
0.003435 2248.55 0.0528643 161738 -0.0287503 0.246541
0.005845 335.283 0.23274 161737 0.0914335 1.67352
0.003445 2250.86 0.0524495 161738 -0.0297541 0.246282
0.002565 1929.55 0.0968598 161738 0.0424171 0.287754
0.005855 335.204 0.232754 161737 0.0909606 1.67393
0.003455 2253.02 0.0520364 161728 -0.0307503 0.246026
0.002245 1754.36 0.116479 161738 0.062344 0.316638
0.003465 2252.48 0.0516245 161738 -0.0317096 0.246092
0.005865 335.121 0.232767 161737 0.0904855 1.67437
0.003475 2251.79 0.0512137 161738 -0.0326334 0.246161
0.005875 335.034 0.232779 161737 0.0900077 1.67482
0.002255 1760.18 0.115851 161738 0.061754 0.315587
0.002575 1934.67 0.096267 161738 0.0417744 0.286988
0.003485 2251.07 0.0508039 161738 -0.0335381 0.246233
0.005885 334.942 0.23279 161737 0.0895273 1.6753
0.002265 1765.97 0.115224 161738 0.0611611 0.314547
0.003495 2250.34 0.0503952 161738 -0.0344193 0.246308
0.005895 334.844 0.2328 161737 0.089042 1.6758
0.002585 1939.76 0.0956758 161737 0.0411303 0.28623
0.002275 1771.74 0.114598 161738 0.0605654 0.313517
0.003505 2249.58 0.0499875 161738 -0.0352768 0.246385
0.005905 334.74 0.23281 161737 0.0885772 1.67634
0.002595 1944.72 0.0950861 161738 0.0404832 0.285497
0.003515 2248.8 0.0495807 161738 -0.0361104 0.246464
0.002285 1777.49 0.113973 161738 0.0599668 0.312498
0.005915 334.629 0.232819 161738 0.0880653 1.67691
0.002605 1949.65 0.094498 161738 0.0398336 0.284771
0.002295 1783.22 0.113348 161738 0.0593656 0.311489
0.001925 1556.68 0.136794 161738 0.0793739 0.357049
0.002305 1788.92 0.112724 161738 0.0587618 0.310491
0.005445 352.933 0.229718 161738 0.106293 1.58725
0.002315 1794.61 0.112101 161738 0.0581554 0.309503
0.001605 1338.36 0.157196 161738 0.0918782 0.415567
0.002325 1800.27 0.111478 161738 0.0575466 0.308525
0.005455 351.787 0.229912 161738 0.106105 1.59256
0.001935 1563.19 0.136155 161738 0.0789028 0.355556
0.002335 1805.9 0.110857 161738 0.0569353 0.307557
0.001615 1345.45 0.156562 161738 0.0915716 0.413368
0.005465 350.686 0.230095 161738 0.105902 1.59768
0.001945 1569.68 0.135517 161738 0.0784275 0.35408
0.002345 1811.52 0.110236 161738 0.0563218 0.306599
0.001625 1352.53 0.155927 161738 0.091259 0.411196
0.005475 349.628 0.230269 161738 0.105682 1.60263
0.001955 1576.14 0.134878 161738 0.0779478 0.35262
0.002355 1817.11 0.109617 161738 0.0557059 0.305651
0.001635 1359.59 0.155293 161738 0.0909404 0.409052
0.005485 348.611 0.230433 161738 0.105443 1.60743
0.001965 1582.59 0.13424 161738 0.0774639 0.351178
0.002365 1822.69 0.108998 161738 0.0550879 0.304712
0.001645 1366.63 0.154657 161738 0.0906159 0.406934
0.005495 347.63 0.230589 161738 0.105185 1.61207
0.001975 1589.01 0.133601 161738 0.0769758 0.349751
0.002375 1828.24 0.10838 161738 0.0544678 0.303782
0.001655 1373.66 0.154022 161738 0.0902857 0.404843
0.005505 346.683 0.230736 161738 0.104905 1.61659
0.001985 1595.42 0.132963 161738 0.0764835 0.348341
0.002385 1833.76 0.107763 161738 0.0538456 0.302862
0.001665 1380.67 0.153386 161738 0.0899496 0.402778
0.005515 345.764 0.230874 161738 0.104614 1.62099
0.001995 1601.8 0.132325 161738 0.0759871 0.346946
0.002395 1839.27 0.107147 161738 0.0532215 0.301951
0.001675 1387.67 0.15275 161738 0.0896079 0.400739
0.002005 1608.16 0.131688 161738 0.0754866 0.345568
0.005525 345.085 0.231005 161738 0.10433 1.62428
0.002405 1844.75 0.106532 161738 0.0525955 0.301049
0.001685 1394.65 0.152113 161738 0.0892605 0.398725
0.002015 1614.5 0.13105 161738 0.074982 0.344204
0.005535 344.439 0.231128 161738 0.10405 1.62742
0.002415 1850.21 0.105919 161738 0.0519678 0.300156
0.001695 1401.61 0.151477 161738 0.0889076 0.396736
0.002025 1620.82 0.130413 161738 0.0744735 0.342856
0.005545 343.824 0.231244 161738 0.10375 1.63043
0.002425 1855.65 0.105306 161738 0.0513385 0.299272
0.001705 1408.56 0.15084 161738 0.0885491 0.394771
0.002035 1627.12 0.129776 161738 0.0739609 0.341522
0.005555 343.237 0.231354 161738 0.103436 1.63331
0.002435 1861.07 0.104695 161738 0.0507077 0.298397
0.001715 1415.49 0.150203 161738 0.0881851 0.392831
0.002045 1633.4 0.129139 161738 0.0734444 0.340204
0.005565 342.673 0.231457 161738 0.103108 1.63608
0.002445 1866.47 0.104084 161738 0.0500755 0.29753
0.001725 1422.4 0.149565 161738 0.0878158 0.390914
0.002055 1639.65 0.128502 161738 0.072924 0.3389
0.005575 342.133 0.231554 161738 0.102769 1.63875
0.002455 1871.84 0.103475 161738 0.0494421 0.296671
0.001735 1429.29 0.148928 161738 0.0874411 0.389021
0.002065 1645.89 0.127866 161738 0.0723996 0.33761
0.005585 341.612 0.231645 161738 0.102419 1.64133
0.002465 1877.19 0.102867 161738 0.0488077 0.295821
0.001745 1436.16 0.14829 161738 0.087061 0.38715
0.002075 1652.1 0.12723 161738 0.0718715 0.336335
0.005595 341.11 0.23173 161738 0.10206 1.64382
0.002475 1882.52 0.10226 161738 0.0481723 0.294979
0.001755 1443.02 0.147652 161738 0.0866758 0.385303
0.002085 1658.29 0.126594 161738 0.0713395 0.335073
0.005605 340.624 0.231811 161738 0.101695 1.64624
0.003845 2179.96 0.0401934 161738 -0.0850227 0.254018
0.002485 1887.83 0.101655 161738 0.0475359 0.294145
0.001765 1449.86 0.147014 161738 0.0862853 0.383477
0.002095 1664.46 0.125958 161738 0.0708038 0.333825
0.005615 340.156 0.231886 161738 0.101331 1.64858
0.002495 1893.12 0.101051 161738 0.0468988 0.29332
0.001775 1456.68 0.146376 161738 0.0858897 0.381674
0.002505 1898.39 0.100448 161738 0.0462608 0.292502
0.005625 339.704 0.231957 161738 0.100978 1.65084
0.001785 1463.48 0.145737 161738 0.0854891 0.379892
0.001285 1105.29 0.177169 161738 0.0982001 0.503582
0.002105 1670.6 0.125323 161738 0.0702643 0.332591
0.002515 1903.63 0.0998462 161738 0.045622 0.291692
0.005635 339.274 0.232023 161738 0.100643 1.653
0.001795 1470.27 0.145099 161738 0.0850834 0.378132
0.003855 2169.05 0.0407338 161738 -0.0845432 0.255288
0.004165 1848.99 0.0566691 161708 -0.0729297 0.299182
0.002525 1908.86 0.099246 161738 0.0449825 0.290889
0.005645 338.867 0.232085 161738 0.100304 1.65505
0.002115 1676.73 0.124688 161738 0.0697211 0.33137
0.001805 1477.03 0.14446 161738 0.0846727 0.376392
0.003865 2158.14 0.0412735 161738 -0.0840298 0.256569
0.002535 1914.06 0.0986473 161738 0.0443422 0.290094
0.001295 1112.69 0.176559 161738 0.0981134 0.500221
0.005655 338.477 0.232144 161738 0.0999058 1.65701
0.004175 1828.6 0.0585451 161738 -0.0929928 0.302567
0.001815 1483.78 0.143821 161738 0.0842571 0.374674
0.003875 2147.25 0.0418125 161738 -0.0834823 0.257861
0.002545 1919.24 0.09805 161738 0.0437012 0.289307
0.002125 1682.83 0.124054 161738 0.0691743 0.330163
0.005665 338.245 0.232198 161738 0.099463 1.65821
0.001305 1120.09 0.175947 161738 0.0980191 0.496906
0.004185 1807.84 0.0604591 161738 -0.0893826 0.306032
0.001825 1490.5 0.143183 161738 0.0838366 0.372976
0.003885 2136.38 0.0423507 161738 -0.0829001 0.259165
0.002555 1924.41 0.0974542 161738 0.0430595 0.288527
0.005675 338.013 0.232249 161738 0.0990201 1.6594
0.002135 1688.92 0.12342 161738 0.0686239 0.328968
0.001315 1127.48 0.175334 161738 0.0979173 0.493635
0.001835 1497.21 0.142544 161738 0.0834113 0.371297
0.004195 1787.1 0.0623757 161738 -0.0869261 0.309578
0.003895 2125.53 0.042888 161738 -0.0822831 0.26048
0.005685 337.783 0.232297 161738 0.09858 1.66058
0.005125 443.983 0.215211 161738 0.100584 1.25667
0.005695 337.556 0.232341 161738 0.0981523 1.66174
0.005705 337.335 0.232383 161738 0.0977286 1.66288
0.005715 337.12 0.232422 161738 0.0973036 1.66398
0.005135 439.073 0.215984 161738 0.101245 1.27093
0.005725 336.911 0.232458 161738 0.0968752 1.66506
0.005145 434.301 0.216733 161738 0.101867 1.2851
0.005735 336.705 0.232492 161738 0.0964426 1.66612
0.005155 429.663 0.217457 161738 0.102434 1.29918
0.005745 336.504 0.232523 161738 0.0960054 1.66715
0.005165 425.156 0.218158 161738 0.103024 1.31316
0.005755 336.305 0.232553 161738 0.0955626 1.66818
0.005175 420.778 0.218834 161738 0.102873 1.32703
0.000755 729.624 0.206573 161738 0.0917766 0.764207
0.005185 416.522 0.219488 161740 0.105247 1.34081
0.005055 484.845 0.209084 161738 0.0951303 1.1494
0.005195 412.384 0.220118 161738 0.103736 1.35445
0.001255 1083.1 0.178993 161738 0.0984141 0.513945
0.005205 408.362 0.220726 161738 0.104795 1.368
0.005065 478.128 0.210036 161738 0.0959939 1.16575
0.000375 538.424 0.220419 161738 0.078235 1.03713
0.000765 735.971 0.2061 161738 0.0920818 0.757588
0.005215 404.449 0.221312 161738 0.105092 1.38143
0.001265 1090.5 0.178387 161738 0.0983505 0.510443
0.005075 471.538 0.210963 161738 0.0968051 1.18224
0.005225 400.64 0.221877 161738 0.105395 1.39477
0.000775 742.365 0.205623 161738 0.0923814 0.751032
0.000385 541.901 0.220175 161738 0.0785758 1.03044
0.001275 1097.9 0.177778 161738 0.0982791 0.506989
0.005085 465.071 0.211864 161739 0.0976674 1.19889
0.003115 2158.94 0.0671239 161738 0.00123591 0.256959
0.003755 2227.65 0.0400074 161738 -0.0486095 0.248646
0.003125 2162.17 0.0666454 161738 0.000380582 0.25657
0.003765 2226.83 0.0396118 161738 -0.0488066 0.248732
0.003135 2165.37 0.0661692 161738 -0.000481249 0.256186
0.003775 2226.02 0.039216 161738 -0.0489782 0.248816
0.003145 2168.55 0.0656953 161738 -0.00134933 0.255806
0.003785 2225.23 0.0388201 161738 -0.0491228 0.248898
0.003155 2171.7 0.0652236 161738 -0.00222359 0.255429
0.003795 2224.46 0.0384239 161738 -0.0487012 0.248978
0.003165 2174.82 0.0647542 161738 -0.00310394 0.255057
0.003805 2223.27 0.0380588 161707 -0.067873 0.249058
0.003175 2177.92 0.064287 161738 -0.00399029 0.254689
0.003815 2212.77 0.0385696 161738 -0.0868291 0.250278
0.003185 2180.99 0.0638221 161738 -0.00488254 0.254325
0.003825 2201.83 0.0391112 161738 -0.0858789 0.251513
0.003195 2184.03 0.0633594 161738 -0.0057806 0.253966
0.003835 2190.89 0.0396525 161738 -0.0854677 0.25276
0.004775 750.148 0.172179 161739 0.0548843 0.739542
0.004785 738.188 0.173808 161739 0.0566502 0.751626
0.004795 726.347 0.175417 161739 0.0584625 0.763986
0.007345 334.931 0.232918 161737 0.0165424 1.6756
0.006685 334.202 0.232917 161738 0.0500634 1.67926
0.006355 334.205 0.232916 161737 0.0664189 1.67924
0.006695 334.177 0.232917 161738 0.0495839 1.67939
0.006365 334.224 0.232916 161737 0.0659319 1.67914
0.006705 334.146 0.232917 161738 0.0491023 1.67954
0.007355 334.946 0.232918 161737 0.016061 1.67553
0.006375 334.236 0.232916 161737 0.0654455 1.67909
7.5e-05 479.573 0.224487 161737 0.0724958 1.16517
0.006385 334.24 0.232916 161737 0.0649436 1.67907
0.006395 334.237 0.232917 161737 0.0644428 1.67908
8.5e-05 480.187 0.224445 161737 0.07258 1.16367
0.005925 334.63 0.232827 161737 0.0875893 1.67692
9.5e-05 480.885 0.224398 161737 0.072681 1.16198
0.002615 1954.56 0.0939115 161738 0.0391819 0.284052
0.000105 481.667 0.224345 161737 0.0727964 1.16008
0.001845 1503.9 0.141905 161738 0.0829812 0.369639
0.000115 482.536 0.224286 161737 0.0729184 1.15797
0.002145 1694.98 0.122787 161738 0.0680699 0.327786
0.005935 334.63 0.232834 161737 0.0871123 1.67693
0.000125 483.493 0.224221 161737 0.0730331 1.15567
0.001855 1510.56 0.141266 161738 0.0825464 0.368
0.001325 1134.86 0.17472 161738 0.0978079 0.490409
0.002155 1701.01 0.122154 161738 0.0675123 0.326617
0.005945 334.625 0.232841 161737 0.0866343 1.67697
0.002625 1959.45 0.0933267 161737 0.0385275 0.283339
0.000135 484.538 0.22415 161737 0.0731226 1.15316
0.001865 1517.21 0.140627 161738 0.0821069 0.36638
0.002165 1707.03 0.121521 161738 0.0669513 0.325461
0.005955 334.616 0.232847 161737 0.0861603 1.67702
0.002635 1964.18 0.0927435 161738 0.0378684 0.282652
0.004205 1766.36 0.064295 161738 -0.0844076 0.313206
0.000145 485.674 0.224073 161737 0.0731694 1.15045
0.001875 1523.84 0.139988 161738 0.0816627 0.364779
0.002175 1713.02 0.120889 161738 0.0663869 0.324317
0.005965 334.602 0.232853 161737 0.08568 1.6771
0.002645 1968.9 0.0921621 161738 0.0372054 0.281972
0.001335 1142.25 0.174105 161738 0.0976911 0.487227
0.004215 1745.63 0.0662166 161738 -0.0818803 0.316919
0.000155 486.901 0.223989 161737 0.0731637 1.14753
0.001885 1530.45 0.139349 161738 0.081214 0.363197
0.005975 334.583 0.232858 161737 0.0851968 1.67721
0.002185 1719 0.120257 161738 0.065819 0.323184
0.002655 1973.59 0.0915823 161738 0.0365387 0.281297
0.004225 1724.91 0.0681406 161738 -0.0793426 0.320721
0.000165 488.221 0.223899 161738 0.0731094 1.14441
0.001345 1149.63 0.173489 161738 0.097561 0.484087
0.001895 1537.04 0.13871 161738 0.0807607 0.361633
0.005985 334.557 0.232863 161737 0.0847123 1.67735
0.002195 1724.94 0.119626 161738 0.0652479 0.322064
0.002665 1978.26 0.0910042 161738 0.0358685 0.280629
0.004235 1704.19 0.0700668 161738 -0.0767951 0.324614
0.000175 489.634 0.223803 161738 0.0730279 1.14109
0.001355 1157 0.172872 161738 0.0974406 0.48099
0.005995 334.526 0.232868 161737 0.0842277 1.67751
0.001905 1543.61 0.138072 161738 0.0803028 0.360087
0.002205 1730.87 0.118995 161738 0.0646734 0.320956
0.002675 1982.92 0.0904279 161738 0.0351948 0.279967
0.004245 1683.49 0.071995 161738 -0.0742383 0.328601
0.000185 491.141 0.2237 161738 0.0729545 1.13757
0.001365 1164.37 0.172254 161738 0.0966788 0.477934
0.003905 2114.7 0.0434244 161738 -0.0816309 0.261806
0.006005 334.489 0.232872 161737 0.0837442 1.67771
0.001915 1550.16 0.137433 161738 0.0798406 0.358559
0.002215 1736.78 0.118365 161738 0.0640957 0.31986
0.002685 1987.55 0.0898534 161738 0.0345179 0.27931
0.004255 1662.79 0.0739252 161738 -0.0716728 0.332687
0.000195 492.744 0.22359 161738 0.0729301 1.13385
0.001375 1171.73 0.171635 161740 0.0983851 0.474926
0.006015 334.447 0.232876 161737 0.0832622 1.67793
0.002225 1742.66 0.117736 161738 0.0635149 0.318775
0.005235 396.928 0.22242 161738 0.10568 1.40802
0.002235 1748.52 0.117107 161738 0.062931 0.317701
0.000395 545.476 0.219923 161738 0.078921 1.02365
0.005245 393.841 0.222941 161738 0.10593 1.41925
0.005095 459.573 0.212739 161738 0.0983418 1.21343
0.005255 390.869 0.223443 161738 0.106212 1.43024
0.000785 748.807 0.205142 161738 0.0926753 0.744542
0.005105 454.229 0.213588 161738 0.0991355 1.22791
0.005265 388.007 0.223924 161738 0.106456 1.44098
0.000795 755.295 0.204656 161738 0.0929634 0.738118
0.005275 385.249 0.224386 161738 0.106667 1.45149
0.005115 449.034 0.214412 161738 0.0998797 1.24233
0.006715 334.109 0.232917 161738 0.0486373 1.67973
0.000805 761.827 0.204166 161738 0.0932454 0.731761
0.005285 382.592 0.224828 161738 0.106845 1.46176
0.004265 1642.1 0.0758571 161738 -0.069099 0.336874
0.002695 1992.16 0.0892807 161737 0.0338369 0.278659
0.004275 1621.42 0.0777907 161738 -0.0665177 0.341167
0.000205 494.442 0.223474 161738 0.072989 1.12993
0.001385 1179.08 0.171015 161738 0.0963776 0.471946
0.002705 1996.6 0.0887099 161738 0.0331494 0.278037
0.004285 1600.76 0.0797257 161738 -0.0639293 0.345569
0.006025 334.399 0.23288 161737 0.0827811 1.67818
0.000215 496.238 0.22335 161738 0.0731484 1.12582
0.003915 2103.89 0.0439596 161738 -0.0809431 0.263143
0.001395 1186.43 0.170394 161738 0.0968405 0.469011
0.002715 2001.01 0.0881409 161738 0.0324566 0.277419
0.004295 1580.1 0.081662 161738 -0.0613348 0.350085
0.000225 498.13 0.22322 161738 0.0734036 1.12151
0.006035 334.346 0.232883 161737 0.0822961 1.67845
0.001405 1193.77 0.169772 161738 0.0966611 0.466116
0.003925 2093.11 0.0444936 161738 -0.0802194 0.26449
0.002725 2005.41 0.0875737 161738 0.0317586 0.276808
0.004305 1559.45 0.0835995 161738 -0.0587348 0.354719
0.000405 549.146 0.219665 161738 0.0792705 1.01678
0.000235 500.121 0.223083 161738 0.0737304 1.11702
0.006045 334.286 0.232886 161737 0.081829 1.67876
0.001415 1201.1 0.169149 161738 0.0964915 0.463259
0.002735 2009.78 0.0870085 161738 0.0310554 0.276202
0.003935 2082.35 0.0450263 161738 -0.0794594 0.265848
0.004315 1538.81 0.0855379 161738 -0.0561301 0.359476
0.000415 552.912 0.219399 161738 0.0796239 1.00981
0.006055 334.219 0.232889 161738 0.0813069 1.6791
0.000245 502.211 0.222939 161738 0.0740948 1.11235
0.001425 1208.43 0.168526 161738 0.0963092 0.460441
0.002745 2014.13 0.0864451 161738 0.0303473 0.275601
0.003945 2071.63 0.0455575 161738 -0.0786628 0.267216
0.004325 1518.18 0.0874772 161738 -0.0535218 0.36436
0.000425 556.773 0.219127 161738 0.079981 1.00278
0.006065 334.257 0.232891 161737 0.0807928 1.67891
0.001435 1215.74 0.167902 161738 0.0961199 0.457659
0.000255 504.399 0.222788 161738 0.0744638 1.10749
0.002755 2018.46 0.0858837 161738 0.0296341 0.275005
0.004335 1497.56 0.089417 161738 -0.0509107 0.369378
0.003955 2060.94 0.0460873 161738 -0.0778293 0.268594
0.000435 560.727 0.218847 161738 0.0803413 0.995667
0.006075 334.289 0.232894 161737 0.0803288 1.67876
0.000265 506.686 0.22263 161738 0.074815 1.10247
0.002765 2022.77 0.0853243 161738 0.0289161 0.274416
0.001445 1223.05 0.167277 161738 0.0959236 0.454915
0.004345 1476.95 0.0913573 161738 -0.0482979 0.374534
0.003965 2050.29 0.0466154 161738 -0.0769587 0.269981
0.000815 768.403 0.203672 161738 0.0935213 0.725471
0.005295 380.031 0.225252 161738 0.106991 1.47179
0.003975 2039.67 0.0471417 161738 -0.0760505 0.271378
0.000445 564.774 0.21856 161738 0.0807045 0.988495
0.000825 775.02 0.203174 161738 0.0937909 0.719249
0.003985 2029.1 0.0476661 161738 -0.0751045 0.272785
0.005305 377.562 0.225658 161738 0.107107 1.4816
0.000275 509.074 0.222465 161738 0.0751397 1.09727
0.001455 1230.34 0.166652 161738 0.0957204 0.452206
0.000835 781.678 0.202672 161738 0.0940541 0.713095
0.000455 568.913 0.218267 161738 0.0810704 0.981267
0.003995 2018.57 0.0481885 161738 -0.0741204 0.2742
0.005315 375.181 0.226046 161738 0.107194 1.49118
0.000285 511.56 0.222293 161738 0.0754414 1.0919
0.001465 1237.63 0.166025 161738 0.0955103 0.449534
0.000845 788.376 0.202167 161738 0.0943107 0.707011
0.002775 2027.06 0.0847669 161738 0.0281932 0.273831
0.000465 573.143 0.217966 161738 0.0814386 0.973988
0.004005 2008.09 0.0487088 161738 -0.073098 0.275624
0.005325 372.884 0.226417 161738 0.107253 1.50054
0.000295 514.147 0.222113 161738 0.0757302 1.08638
0.001475 1244.9 0.165398 161738 0.0952935 0.446896
0.000855 795.111 0.201657 161738 0.0945608 0.700996
0.002785 2031.33 0.0842115 161738 0.0274656 0.273252
0.000475 577.462 0.217659 161738 0.0818087 0.966666
0.004015 1997.66 0.0492269 161738 -0.0720369 0.277056
0.001485 1252.17 0.164771 161738 0.0950699 0.444293
0.000305 516.834 0.221927 161738 0.0760169 1.0807
0.005335 370.667 0.226771 161738 0.107281 1.50969
0.004355 1456.35 0.0932978 161738 -0.0456845 0.379834
0.000865 801.883 0.201144 161738 0.0948041 0.69505
0.002795 2035.58 0.0836581 161738 0.0267333 0.272678
0.000485 581.87 0.217345 161738 0.0821805 0.959305
0.004025 1987.28 0.0497425 161738 -0.0709371 0.278495
0.001495 1259.42 0.164142 161738 0.0948395 0.441724
0.000315 519.62 0.221733 161738 0.0763093 1.07487
0.005345 368.525 0.227109 161738 0.107279 1.51864
0.004365 1435.76 0.0952383 161738 -0.0430716 0.385286
0.000875 808.691 0.200627 161738 0.0950405 0.689173
0.002805 2039.8 0.0831068 161738 0.0259964 0.272109
0.000495 586.366 0.217024 161738 0.0825536 0.951913
0.004035 1976.96 0.0502557 161738 -0.0697981 0.279942
0.001505 1266.66 0.163513 161738 0.0946025 0.439189
0.005355 366.454 0.227432 161738 0.107245 1.52739
0.004045 1966.69 0.0507661 161738 -0.0686199 0.281396
0.000885 815.532 0.200107 161738 0.09527 0.683366
0.001515 1273.89 0.162884 161738 0.094359 0.436687
0.004375 1415.17 0.0971786 161739 -0.0404606 0.390895
0.004055 1956.49 0.0512738 161738 -0.0674023 0.282856
0.005365 364.448 0.22774 161738 0.107174 1.53596
0.001525 1281.11 0.162254 161738 0.0941088 0.434217
0.000895 822.407 0.199583 161738 0.0954924 0.677629
0.002815 2044 0.0825576 161738 0.0252549 0.271546
0.004065 1946.36 0.0517786 161738 -0.066145 0.284322
0.004385 1394.59 0.0991184 161739 -0.0378526 0.396668
0.005375 362.501 0.228033 161738 0.107095 1.54437
0.001535 1288.31 0.161623 161738 0.0938522 0.431779
0.000905 829.314 0.199056 161738 0.0957076 0.671961
0.002825 2048.18 0.0820104 161738 0.024509 0.270988
0.004075 1936.29 0.0522803 161738 -0.064848 0.285794
0.000505 590.948 0.216697 161738 0.0829277 0.944495
0.004395 1374.02 0.101058 161739 -0.0352491 0.402614
0.005385 360.945 0.228312 161738 0.107019 1.55118
0.001545 1295.5 0.160992 161738 0.0935891 0.429372
0.000915 836.251 0.198525 161738 0.0959157 0.666363
0.002835 2052.34 0.0814654 161738 0.0237588 0.270435
0.004085 1926.3 0.0527788 161738 -0.0635111 0.287271
0.000515 595.615 0.216363 161738 0.0833024 0.937057
0.004405 1353.45 0.102996 161739 -0.0326515 0.40874
0.005395 359.458 0.228577 161738 0.106954 1.55775
0.001555 1302.68 0.160361 161738 0.0933196 0.426997
0.002845 2056.47 0.0809226 161738 0.0230042 0.269887
0.000925 843.218 0.197992 161738 0.0961164 0.660833
0.004095 1916.38 0.053274 161738 -0.0621344 0.288751
0.000525 600.366 0.216022 161738 0.0836774 0.929605
0.004415 1332.89 0.104933 161739 -0.030061 0.415056
0.005405 358.037 0.22883 161738 0.106862 1.56408
0.001565 1309.84 0.159729 161738 0.0930438 0.424652
0.002855 2060.59 0.0803819 161738 0.0222453 0.269344
0.000935 850.213 0.197455 161738 0.0963097 0.655373
0.004105 1906.54 0.0537656 161738 -0.0607176 0.290235
0.000535 605.199 0.215675 161738 0.0840525 0.922144
0.004425 1312.32 0.106869 161739 -0.0274791 0.42157
0.005415 356.677 0.229069 161738 0.10675 1.57019
0.001575 1316.99 0.159096 161738 0.0927617 0.422337
0.002865 2064.68 0.0798433 161738 0.0214823 0.268807
0.000945 857.236 0.196915 161738 0.0964956 0.649981
0.004115 1896.78 0.0542536 161738 -0.059261 0.291723
0.000545 610.114 0.215322 161738 0.0844272 0.914679
0.004435 1291.76 0.108803 161739 -0.0249073 0.428292
0.005425 355.376 0.229297 161738 0.106616 1.57608
0.001585 1324.13 0.158463 161738 0.0924733 0.420051
0.002875 2068.74 0.079307 161738 0.0207152 0.268274
0.000955 864.285 0.196372 161738 0.0966741 0.644658
0.004125 1887.11 0.0547379 161738 -0.0577644 0.293212
0.000555 615.109 0.214963 161738 0.0848015 0.907215
0.004445 1271.19 0.110736 161739 -0.0223406 0.435235
0.005435 354.129 0.229513 161738 0.106463 1.58176
0.001595 1331.25 0.15783 161738 0.0921789 0.417795
0.004135 1877.53 0.0552181 161738 -0.0562271 0.294703
0.000565 620.182 0.214597 161738 0.0851749 0.899757
0.004145 1868.04 0.0556943 161738 -0.0546963 0.296195
0.004455 1250.62 0.112666 161739 -0.0198047 0.442408
0.000575 625.333 0.214225 161738 0.0855472 0.89231
0.004155 1858.65 0.0561662 161738 -0.0521036 0.297687
0.004465 1230.04 0.114594 161739 -0.016485 0.449825
0.000585 630.559 0.213847 161738 0.0859183 0.884878
0.004475 1209.51 0.11652 161744 -0.0161571 0.457493
0.000595 635.86 0.213462 161738 0.0862878 0.877465
0.000605 641.234 0.213073 161738 0.0866555 0.870076
0.000615 646.68 0.212677 161738 0.087021 0.862714
0.000625 652.195 0.212275 161738 0.0873842 0.855383
0.000635 657.78 0.211868 161738 0.0877447 0.848087
