0.006725 355.986 0.232747 218209 0.0384763 2.12652
0.006735 355.93 0.232759 218209 0.0380903 2.12687
0.006745 355.869 0.232771 218209 0.0377025 2.12726
0.006755 355.801 0.232782 218209 0.0373114 2.12769
0.006765 355.726 0.232792 218209 0.0369386 2.12816
0.006775 355.644 0.232802 218209 0.0365256 2.12868
0.006785 355.653 0.23281 218209 0.0361363 2.12864
0.006795 355.658 0.232819 218209 0.0357489 2.12863
0.006805 355.655 0.232826 218209 0.0353543 2.12866
0.006815 355.647 0.232833 218209 0.034965 2.12873
0.006825 355.632 0.23284 218209 0.0345794 2.12883
0.006835 355.611 0.232846 218209 0.0341903 2.12898
0.006845 355.582 0.232851 218209 0.0337997 2.12916
0.006855 355.547 0.232856 218209 0.033406 2.12939
0.006865 355.503 0.232861 218209 0.0330286 2.12966
0.006875 355.451 0.232866 218209 0.0326111 2.12998
0.006885 355.487 0.23287 218209 0.0321981 2.12978
0.006895 355.515 0.232873 218209 0.0318214 2.12962
0.006905 355.535 0.232877 218209 0.0314293 2.12951
0.007365 356.731 0.232917 218209 0.0126294 2.1225
0.006915 355.545 0.23288 218209 0.0310168 2.12946
0.003525 2335.17 0.0423596 218210 -0.0322231 0.319831
0.007375 356.821 0.232917 218209 0.012249 2.12196
0.006925 355.545 0.232883 218209 0.0306141 2.12947
0.004165 2434.07 0.0199848 218210 -0.0794081 0.306301
0.007385 356.903 0.232917 218209 0.0118503 2.12148
0.006935 355.536 0.232886 218209 0.0302003 2.12953
0.003535 2338.36 0.0419301 218208 -0.0327626 0.319386
0.004175 2430.81 0.0200646 218210 -0.0796563 0.306702
0.007395 356.976 0.232917 218209 0.0114528 2.12104
0.006945 355.517 0.232888 218209 0.0298066 2.12965
0.003545 2341.2 0.0415021 218210 -0.0333134 0.318992
0.004185 2427.56 0.0201438 218210 -0.0799007 0.307102
0.007405 357.041 0.232917 218209 0.0110546 2.12066
0.006955 355.488 0.232891 218209 0.0294237 2.12983
0.003555 2344.01 0.0410755 218210 -0.033865 0.318602
0.004195 2424.32 0.0202225 218210 -0.0801404 0.307503
0.007415 357.097 0.232917 218209 0.0106559 2.12032
0.006965 355.45 0.232893 218209 0.0290071 2.13007
0.003565 2346.82 0.0406504 218210 -0.0344232 0.318214
0.004205 2421.09 0.0203006 218210 -0.0803746 0.307903
0.007425 357.145 0.232917 218209 0.0102568 2.12004
0.006975 355.499 0.232895 218209 0.0285917 2.12978
0.003575 2349.6 0.0402267 218210 -0.0349892 0.317829
0.004215 2417.86 0.0203783 218210 -0.0806023 0.308304
0.007435 357.183 0.232917 218209 0.00985683 2.11981
0.006985 355.54 0.232897 218209 0.0282183 2.12954
0.003585 2352.37 0.0398044 218210 -0.0355634 0.317447
0.004225 2414.65 0.0204553 218210 -0.0808226 0.308705
0.007445 357.212 0.232917 218209 0.00946437 2.11964
0.006995 355.574 0.232899 218209 0.027823 2.12934
0.003595 2355.13 0.0393834 218210 -0.0361455 0.317068
0.004235 2411.44 0.0205317 218210 -0.0810346 0.309105
0.007455 357.232 0.232917 218209 0.00905133 2.11952
0.007005 355.6 0.2329 218209 0.0274287 2.12919
0.003605 2357.86 0.0389638 218210 -0.0367348 0.316693
0.004245 2408.25 0.0206075 218210 -0.0812376 0.309505
0.007465 357.341 0.232917 218209 0.00863809 2.11888
0.003845 2414.81 0.0292315 218210 -0.0507819 0.309031
0.007015 355.618 0.232902 218209 0.0270396 2.12909
0.003615 2360.58 0.0385455 218210 -0.0373304 0.31632
0.004255 2405.06 0.0206826 218210 -0.0814309 0.309905
0.007045 355.619 0.232905 218209 0.02582 2.1291
0.004485 2336.66 0.022104 218210 -0.0833034 0.31876
0.007475 357.44 0.232917 218209 0.00825215 2.11829
0.004805 2080.22 0.0401781 218210 -0.0893455 0.357781
0.007025 355.627 0.232903 218209 0.0266313 2.12904
0.003625 2363.29 0.0381286 218210 -0.037931 0.31595
0.003855 2416.55 0.0288362 218210 -0.0512853 0.3088
0.004265 2401.89 0.020757 218210 -0.0816137 0.310305
0.007055 355.601 0.232906 218209 0.0254432 2.1292
0.004495 2333.95 0.0221499 218210 -0.0833474 0.319121
0.007485 357.531 0.232917 218209 0.00785028 2.11775
0.007035 355.627 0.232904 218209 0.0262312 2.12904
0.003635 2365.97 0.0377129 218209 -0.0385354 0.315584
0.004815 2072.36 0.0407589 218210 -0.0886039 0.359133
0.003865 2418.28 0.0284412 218210 -0.0517787 0.30857
0.004275 2398.73 0.0208305 218210 -0.0817856 0.310704
0.007065 355.574 0.232907 218209 0.0250307 2.12937
0.004505 2331.28 0.0221945 218210 -0.0830446 0.31948
0.004285 2395.58 0.0209033 218210 -0.0819462 0.311102
0.007075 355.635 0.232908 218209 0.0246142 2.12901
0.004295 2392.45 0.0209751 218210 -0.0820951 0.3115
0.007495 357.612 0.232917 218209 0.00744857 2.11727
0.004305 2389.33 0.021046 218210 -0.0822324 0.311897
0.003645 2368.64 0.0372985 218209 -0.0391425 0.315221
0.004825 2064.57 0.0413361 218210 -0.0878441 0.360483
0.007505 357.684 0.232917 218209 0.00704597 2.11684
0.004315 2386.22 0.0211158 218210 -0.0823579 0.312292
0.004515 2328.41 0.0222535 218191 -0.0927547 0.319838
0.003655 2371.29 0.0368853 218209 -0.039751 0.31486
0.007085 355.688 0.232909 218209 0.0242408 2.12869
0.007515 357.747 0.232917 218209 0.00664318 2.11647
0.004325 2383.14 0.0211845 218210 -0.0824719 0.312687
0.004835 2056.85 0.0419096 218210 -0.0870671 0.361831
0.003665 2373.92 0.0364734 218209 -0.0403601 0.314503
0.003875 2420 0.0280467 218210 -0.0522622 0.308342
0.004335 2380.07 0.0212521 218210 -0.0825747 0.31308
0.003675 2376.54 0.0360627 218209 -0.0409689 0.31415
0.007525 357.8 0.232917 218209 0.00623978 2.11616
0.004845 2049.21 0.0424794 218210 -0.086274 0.363177
0.004525 2319.63 0.0228811 218210 -0.10231 0.321066
0.004345 2377.02 0.0213185 218210 -0.0826668 0.313472
0.003685 2379.13 0.0356531 218209 -0.041577 0.313799
0.007535 357.844 0.232917 218209 0.00584446 2.1159
0.004855 2041.64 0.0430452 218210 -0.0854659 0.36452
0.007095 355.733 0.23291 218209 0.0238451 2.12842
0.004355 2373.99 0.0213836 218210 -0.0827488 0.313863
0.003695 2381.71 0.0352447 218209 -0.0421837 0.313451
0.007545 357.878 0.232917 218209 0.00543069 2.1157
0.004865 2034.15 0.0436072 218210 -0.0846439 0.365859
0.001605 1358.47 0.152495 218210 0.0522143 0.551269
0.004365 2370.99 0.0214475 218210 -0.0828213 0.314251
0.003705 2384.27 0.0348374 218210 -0.0427888 0.313106
0.007555 357.998 0.232917 218209 0.00501785 2.11499
0.003885 2421.72 0.0276524 218210 -0.0527362 0.308115
0.004875 2026.73 0.0441653 218210 -0.0838092 0.367194
0.004535 2310.66 0.0235226 218210 -0.101687 0.322303
0.004375 2368 0.02151 218210 -0.0828853 0.314639
0.001615 1364.9 0.151859 218210 0.0520039 0.548664
0.003715 2386.82 0.0344311 218210 -0.0433919 0.312765
0.007565 358.11 0.232917 218209 0.00462719 2.11433
0.007105 355.771 0.23291 218209 0.0234508 2.1282
0.004885 2019.4 0.0447194 218210 -0.0829627 0.368525
0.004385 2365.03 0.021571 218210 -0.0829416 0.315024
0.003725 2389.34 0.0340259 218210 -0.0439929 0.312426
0.001625 1371.32 0.151223 218210 0.05179 0.546085
0.007575 358.212 0.232917 218209 0.00422442 2.11373
0.006405 363.197 0.231261 218209 0.0496408 2.08219
0.004895 2012.15 0.0452694 218210 -0.0821055 0.369851
0.004395 2362.09 0.0216307 218210 -0.0829913 0.315407
0.003735 2391.85 0.0336218 218210 -0.0445915 0.31209
0.001635 1377.73 0.150586 218210 0.0515725 0.543532
0.007585 358.305 0.232917 218209 0.00382226 2.11318
0.003895 2423.43 0.0272585 218210 -0.0532009 0.307889
0.004545 2301.7 0.0241626 218210 -0.101425 0.323546
0.007115 355.8 0.232911 218209 0.0230564 2.12803
0.004905 2004.98 0.0458154 218210 -0.0812386 0.371171
0.004405 2359.17 0.021689 218210 -0.0830353 0.315789
0.003745 2394.34 0.0332186 218210 -0.0451877 0.311757
0.001645 1384.14 0.149949 218210 0.0513515 0.541005
0.007595 358.388 0.232917 218209 0.00341984 2.11269
0.005125 1677.34 0.0759418 218210 -0.0836627 0.443695
0.004915 1997.89 0.0463573 218210 -0.0803629 0.372485
0.004415 2356.27 0.0217458 218210 -0.0830747 0.316168
0.003755 2396.82 0.0328164 218210 -0.0457811 0.311426
0.001655 1390.55 0.149311 218210 0.051127 0.538504
0.007605 358.463 0.232917 218209 0.00301752 2.11225
0.006415 362.693 0.231365 218209 0.0493523 2.08521
0.004555 2292.78 0.0248013 218210 -0.101148 0.324797
0.003905 2425.13 0.0268648 218210 -0.0536567 0.307664
0.007125 355.822 0.232912 218209 0.0226635 2.1279
0.004425 2353.4 0.0218012 218210 -0.0831107 0.316545
0.003765 2399.28 0.0324151 218210 -0.0463716 0.311099
0.004925 1990.9 0.0468951 218210 -0.0794793 0.373793
0.001665 1396.95 0.148672 218210 0.050899 0.536028
0.007615 358.528 0.232917 218209 0.00261528 2.11187
0.004435 2350.55 0.0218551 218210 -0.0831441 0.31692
0.003775 2401.72 0.0320146 218210 -0.0469613 0.310774
0.004935 1983.99 0.0474288 218210 -0.0785886 0.375093
0.001675 1403.34 0.148033 218210 0.0506674 0.533576
0.005135 1656.87 0.0779041 218210 -0.0818231 0.449185
0.004445 2347.72 0.0219076 218210 -0.0831759 0.317293
0.007625 358.583 0.232917 218209 0.00221317 2.11154
0.003785 2404.13 0.0316151 218208 -0.0475375 0.310452
0.004565 2283.87 0.0254385 218210 -0.100866 0.326054
0.006425 362.208 0.231464 218209 0.0490586 2.08812
0.004945 1977.17 0.0479584 218210 -0.0776914 0.376386
0.003915 2426.83 0.0264714 218210 -0.0541042 0.30744
0.001685 1409.73 0.147394 218210 0.0504324 0.53115
0.007135 355.836 0.232912 218209 0.0222715 2.12782
0.004455 2344.92 0.0219587 218210 -0.0832071 0.317663
0.007635 358.63 0.232917 218209 0.00181125 2.11126
0.003795 2405.96 0.0312162 218209 -0.0481093 0.31021
0.004955 1970.44 0.0484839 218210 -0.0767887 0.377672
0.005145 1636.41 0.0798674 218210 -0.0799794 0.45481
0.001695 1416.11 0.146753 218210 0.050194 0.528748
0.004465 2342.14 0.0220085 218210 -0.0832384 0.318031
0.007645 358.667 0.232917 218209 0.00140984 2.11104
0.003805 2407.75 0.0308181 218210 -0.0486648 0.309971
0.004965 1963.8 0.0490053 218210 -0.0758786 0.378948
0.004575 2274.99 0.0260743 218210 -0.100576 0.327318
0.006435 361.742 0.231557 218209 0.0487592 2.09092
0.004475 2339.39 0.0220569 218210 -0.0832703 0.318397
0.001705 1422.48 0.146113 218210 0.0499521 0.52637
0.007655 358.695 0.232917 218209 0.00100912 2.11088
0.003815 2409.53 0.0304206 218210 -0.0492097 0.309733
0.004975 1957.25 0.0495226 218210 -0.0750186 0.380216
0.003925 2428.53 0.0260781 218210 -0.0545438 0.307216
0.007145 355.841 0.232913 218209 0.0218634 2.12779
0.001285 1152.46 0.172258 218210 0.0569861 0.650253
0.006085 415.099 0.222327 218206 0.0537984 1.81559
0.007155 355.837 0.232913 218209 0.0214634 2.12782
0.006095 412.011 0.222849 218209 0.0520555 1.82952
0.005765 619.135 0.192575 218212 0.0299833 1.21
0.006105 409.033 0.22335 218209 0.0529224 1.84312
0.001295 1158.85 0.171663 218210 0.0568892 0.646656
5e-06 642.189 0.216077 218209 0.050268 1.17051
0.007165 355.824 0.232913 218209 0.0210594 2.1279
0.006115 406.162 0.223831 218209 0.05304 1.85643
0.005445 1050.73 0.13867 218211 -0.0219682 0.709528
0.006125 403.393 0.224292 218209 0.0531958 1.86944
0.001305 1165.24 0.171066 218210 0.056812 0.643094
0.000965 955.819 0.190043 218210 0.0578321 0.784709
0.005455 1034.58 0.140599 218211 -0.0200133 0.720679
0.006135 400.724 0.224734 218209 0.0533087 1.88216
0.005775 609.151 0.193913 218212 0.0307003 1.23007
0.007175 355.899 0.232914 218209 0.0206374 2.12745
0.005465 1018.53 0.142516 218211 -0.0180659 0.732107
0.000975 961.635 0.189533 218210 0.0578629 0.77994
0.006145 398.149 0.225157 218209 0.0533975 1.8946
0.001315 1171.64 0.170467 218210 0.0560472 0.639566
1.5e-05 642.253 0.216072 218209 0.0502327 1.17039
0.006155 395.664 0.225562 218209 0.0534595 1.90676
0.005475 1002.6 0.144422 218211 -0.0161252 0.743821
0.000985 967.479 0.189018 218210 0.0578902 0.775206
0.005785 599.316 0.195225 218212 0.032036 1.2505
0.006165 393.263 0.225949 218209 0.0534951 1.91866
0.005485 986.785 0.146315 218211 -0.0141857 0.75583
0.000995 973.35 0.188501 218210 0.057914 0.770508
0.007185 355.965 0.232914 218209 0.0202543 2.12706
0.000645 789.42 0.204251 218210 0.0552742 0.951051
0.006175 390.942 0.22632 218209 0.0535039 1.9303
0.005495 971.08 0.148196 218211 -0.0122689 0.768143
0.001005 979.248 0.18798 218210 0.0579343 0.765844
0.001325 1178.04 0.169867 218207 0.0579181 0.636065
2.5e-05 642.382 0.216062 218209 0.0501943 1.17016
0.006185 388.695 0.226673 218210 0.0535019 1.94171
0.005505 955.489 0.150064 218211 -0.0103671 0.78077
0.005795 589.627 0.196512 218211 0.0337315 1.2713
0.001015 985.172 0.187455 218210 0.057951 0.761217
0.007195 356.021 0.232914 218209 0.0198443 2.12672
0.006195 386.833 0.227011 218209 0.0534764 1.9513
0.005515 940.014 0.151918 218211 -0.00847996 0.793722
0.000325 679.185 0.213185 218209 0.0520433 1.10636
0.001025 991.122 0.186928 218210 0.0579641 0.756626
0.001335 1184.46 0.169265 218210 0.0558396 0.632615
0.006205 385.047 0.227333 218209 0.0534548 1.96059
0.005525 924.655 0.153759 218211 -0.00660885 0.807008
0.000655 793.903 0.203879 218210 0.0553876 0.94565
3.5e-05 642.576 0.216047 218209 0.0501514 1.1698
0.001035 997.096 0.186397 218210 0.0579741 0.752071
0.000335 681.554 0.212998 218209 0.0521547 1.10249
0.007205 356.068 0.232915 218209 0.0194309 2.12644
0.005805 580.081 0.197773 218211 0.0347683 1.29247
0.006215 383.335 0.22764 218209 0.0534118 1.96958
0.005535 909.413 0.155586 218211 -0.00475535 0.820641
0.001045 1003.09 0.185864 218210 0.0579806 0.747553
0.000345 683.997 0.212805 218209 0.052269 1.09853
0.001345 1190.87 0.168661 218210 0.0563983 0.62919
0.006225 381.69 0.227932 218209 0.0533495 1.97829
0.005545 894.287 0.157398 218211 -0.00292106 0.834632
0.001055 1009.11 0.185327 218210 0.0579828 0.743072
0.000355 686.514 0.212605 218209 0.0523861 1.09448
4.5e-05 642.838 0.216027 218209 0.0501084 1.16932
0.000665 798.442 0.203501 218210 0.0555009 0.940246
0.006235 380.111 0.22821 218209 0.0532673 1.98673
0.005555 879.279 0.159196 218211 -0.00110763 0.848994
0.001065 1015.16 0.184787 218210 0.0579813 0.738628
0.000365 689.104 0.212399 218209 0.0525053 1.09034
0.007215 356.105 0.232915 218209 0.0190125 2.12622
0.005815 570.706 0.199009 218212 0.0394424 1.31397
0.006245 378.592 0.228475 218209 0.0531649 1.99491
0.005565 864.387 0.160977 218212 0.000683315 0.863742
0.001075 1021.22 0.184245 218210 0.0579761 0.73422
0.000375 691.767 0.212188 218209 0.0526246 1.08612
0.001355 1197.3 0.168056 218210 0.0562691 0.6258
0.006255 377.13 0.228727 218209 0.0530421 2.00286
5.5e-05 643.166 0.216002 218209 0.0500711 1.16872
0.005575 849.612 0.162744 218212 0.00245005 0.878888
0.001085 1027.31 0.183699 218210 0.0579672 0.72985
0.000385 694.502 0.21197 218209 0.0527408 1.08181
0.000675 803.034 0.203119 218210 0.0556134 0.934841
0.006265 375.719 0.228967 218209 0.0528989 2.01058
0.007225 356.132 0.232915 218209 0.0185899 2.12606
0.005825 562.535 0.200217 218211 0.0407315 1.33331
0.005585 834.952 0.164494 218212 0.00419078 0.89445
0.001095 1033.41 0.183151 218210 0.0579545 0.725518
0.000395 697.31 0.211746 218209 0.0528498 1.07743
0.006275 374.358 0.229194 218209 0.0527357 2.01809
0.001365 1203.73 0.167449 218210 0.0561592 0.622443
6.5e-05 643.563 0.215971 218209 0.0500461 1.168
0.005595 820.407 0.166227 218212 0.00590378 0.910444
0.001105 1039.54 0.1826 218210 0.0579381 0.721222
0.000405 700.189 0.211517 218209 0.0529472 1.07297
0.006285 373.04 0.22941 218209 0.0525606 2.02541
0.000685 807.679 0.202732 218210 0.0557245 0.929435
0.007235 356.149 0.232915 218209 0.0181658 2.12596
0.005605 805.976 0.167944 218212 0.00758882 0.926888
0.001115 1045.69 0.182046 218210 0.0579179 0.716964
0.000415 703.14 0.211281 218209 0.0530293 1.06844
0.005835 554.619 0.201399 218211 0.0387449 1.35261
0.006295 371.992 0.229615 218209 0.0523751 2.0313
0.001375 1210.16 0.16684 218210 0.0560383 0.61912
0.005615 791.656 0.169643 218212 0.00924926 0.943801
0.001125 1051.85 0.181489 218210 0.0578939 0.712744
7.5e-05 644.028 0.215935 218209 0.0500387 1.16715
0.000425 706.162 0.211039 218209 0.0530949 1.06385
0.006305 370.989 0.229809 218209 0.052189 2.03697
0.000695 812.376 0.202339 218210 0.0558339 0.924033
0.007245 356.157 0.232916 218209 0.0177123 2.12592
0.005625 777.446 0.171325 218212 0.0109793 0.961205
0.001135 1058.03 0.18093 218210 0.0578661 0.708561
0.000435 709.254 0.210791 218210 0.0531457 1.05918
0.005845 546.848 0.202552 218211 0.039672 1.3721
0.006315 370.029 0.229993 218209 0.0519862 2.04243
0.001385 1216.6 0.16623 218210 0.0559137 0.61583
0.005635 763.353 0.172989 218214 0.013051 0.979121
0.001145 1064.23 0.180368 218210 0.0578345 0.704415
0.000445 712.417 0.210537 218210 0.0531867 1.05445
8.5e-05 644.562 0.215894 218209 0.0500524 1.16617
0.006325 369.11 0.230168 218209 0.0517694 2.04769
0.000705 817.125 0.201942 218210 0.0559412 0.918634
0.005645 751.286 0.174632 218211 0.0140891 0.994999
0.001155 1070.44 0.179804 218210 0.0577991 0.700307
0.007255 356.154 0.232916 218209 0.0172743 2.12593
0.000455 715.648 0.210278 218210 0.0532246 1.04966
0.006335 368.228 0.230333 218209 0.0515386 2.05276
0.005855 539.244 0.203679 218210 0.0398305 1.39172
0.001395 1223.04 0.165618 218210 0.0557852 0.612573
0.005655 739.388 0.176255 218211 0.0156546 1.01118
0.001165 1076.67 0.179237 218210 0.0577598 0.696236
9.5e-05 645.166 0.215847 218209 0.0500874 1.16507
0.000465 718.949 0.210012 218210 0.0532667 1.04482
0.006345 367.38 0.230489 218209 0.0512946 2.05765
0.000715 821.924 0.20154 218210 0.0560463 0.913242
0.007265 356.24 0.232916 218209 0.0168281 2.12542
0.005665 727.651 0.177855 218211 0.0171851 1.02767
0.001175 1082.92 0.178668 218210 0.0577167 0.692202
0.005865 531.807 0.204778 218210 0.0402845 1.41146
0.000475 722.318 0.20974 218210 0.0533179 1.03992
0.006355 366.563 0.230637 218209 0.0510381 2.06239
0.001405 1229.49 0.165005 218210 0.0556528 0.609348
0.005675 716.075 0.179433 218211 0.0186998 1.04446
0.001185 1089.18 0.178096 218210 0.0576697 0.688205
0.000485 725.755 0.209463 218210 0.0533806 1.03496
0.006365 365.776 0.230776 218209 0.0507697 2.06698
0.000725 826.773 0.201132 218210 0.0561494 0.907858
0.000105 645.841 0.215795 218209 0.0501412 1.16385
0.005685 704.661 0.180988 218211 0.0201883 1.06156
0.006375 365.013 0.230908 218209 0.0504917 2.07144
0.000495 729.259 0.209179 218210 0.0534543 1.02996
0.001195 1095.46 0.177522 218210 0.0576188 0.684246
0.007275 356.318 0.232916 218209 0.0164168 2.12496
0.005875 524.534 0.205849 218210 0.0413512 1.43132
0.006385 364.274 0.231033 218209 0.0502067 2.07578
0.005695 693.408 0.18252 218211 0.0216495 1.07898
0.001205 1101.74 0.176946 218210 0.0575641 0.680323
0.000505 732.83 0.20889 218210 0.0535375 1.02492
0.001415 1235.94 0.164391 218210 0.0555166 0.606156
0.001925 1560.47 0.131952 218210 0.0437918 0.47966
0.000735 831.67 0.20072 218210 0.0562502 0.902484
0.006395 363.724 0.23115 218209 0.0499208 2.07905
0.000515 736.466 0.208595 218210 0.0536292 1.01983
0.005705 682.317 0.184029 218211 0.0230788 1.09672
0.001215 1108.04 0.176367 218210 0.0575054 0.676437
0.000115 646.586 0.215737 218209 0.0502092 1.1625
0.007285 356.387 0.232916 218209 0.0159819 2.12455
0.003205 2221.36 0.0569849 218210 -0.0136295 0.336429
0.007295 356.448 0.232916 218209 0.0155502 2.12418
0.002245 1750.69 0.111497 218210 0.0322486 0.427369
0.003215 2225.34 0.0565 218210 -0.0142103 0.335822
0.007305 356.5 0.232916 218209 0.0151215 2.12387
0.002885 2081.9 0.0734996 218210 0.00241208 0.359128
0.002255 1756.39 0.110867 218210 0.0318443 0.425977
0.003225 2229.31 0.056017 218210 -0.0147946 0.335219
0.007315 356.544 0.232917 218209 0.0146975 2.12361
0.002895 2086.58 0.0729547 218210 0.00189023 0.358318
0.002265 1762.08 0.110238 218210 0.0314376 0.424597
0.003235 2233.25 0.0555358 218210 -0.0153817 0.334621
0.007325 356.58 0.232917 218209 0.014279 2.1234
0.002905 2091.24 0.0724115 218210 0.00136603 0.357515
0.002275 1767.75 0.10961 218210 0.0310285 0.423231
0.007335 356.606 0.232917 218209 0.0138662 2.12324
0.003245 2237.17 0.0550566 218210 -0.0159709 0.334029
0.002565 1924.89 0.0918167 218210 0.0182111 0.388558
0.002915 2095.89 0.0718702 218210 0.000839519 0.356719
0.002285 1773.4 0.108982 218210 0.030617 0.421877
0.007345 356.624 0.232917 218209 0.0134625 2.12313
0.003255 2241.07 0.0545792 218210 -0.0165621 0.333442
0.001715 1428.85 0.145472 218210 0.0497068 0.524016
0.002925 2100.51 0.0713306 218210 0.000310771 0.355929
0.002295 1779.04 0.108355 218210 0.0302031 0.420535
0.007355 356.633 0.232917 218209 0.0130453 2.12308
0.002575 1930.05 0.0912208 218210 0.0177399 0.387515
0.003265 2244.95 0.0541036 218210 -0.0171551 0.33286
0.002935 2105.12 0.0707929 218210 -0.000220118 0.355146
0.001725 1435.21 0.14483 218210 0.049458 0.521686
0.004585 2266.13 0.0267087 218210 -0.100278 0.328588
0.001735 1441.56 0.144188 218210 0.0492059 0.519379
0.007665 358.714 0.232917 218209 0.000615748 2.11077
0.004595 2257.29 0.0273417 218210 -0.0999702 0.329865
0.003825 2411.3 0.0300237 218210 -0.0497441 0.309498
0.001745 1447.9 0.143546 218210 0.0489504 0.517095
0.004605 2248.48 0.0279731 218210 -0.0996519 0.331148
0.005155 1615.96 0.0818318 218210 -0.0781307 0.460575
0.007675 358.723 0.232917 218209 0.000201142 2.11071
0.001755 1454.23 0.142903 218210 0.0486916 0.514834
0.003835 2413.06 0.0296274 218210 -0.0502682 0.309264
0.004985 1950.79 0.0500359 218210 -0.0731764 0.381475
0.004615 2239.7 0.0286031 218210 -0.0993215 0.332438
0.006445 361.292 0.231644 218209 0.0484541 2.09363
0.003935 2430.22 0.025685 218210 -0.0549761 0.306994
0.005885 517.423 0.206893 218210 0.0426093 1.45128
0.001425 1242.39 0.163775 218210 0.0553765 0.602996
0.003945 2431.91 0.025292 218210 -0.0554018 0.306772
0.005895 510.47 0.20791 218210 0.0435592 1.47134
0.000525 740.168 0.208295 218210 0.0537298 1.0147
0.003955 2433.6 0.0248991 218210 -0.0558215 0.306551
0.001435 1248.84 0.163158 218210 0.0552326 0.599867
0.005715 671.388 0.185514 218211 0.0244727 1.11478
0.005905 503.674 0.2089 218210 0.0442212 1.49148
0.003965 2435.28 0.0245063 218210 -0.0562358 0.30633
0.001225 1114.36 0.175786 218210 0.0574429 0.672588
0.000535 743.934 0.207988 218210 0.0538411 1.00953
0.001445 1255.29 0.162539 218210 0.0550849 0.59677
0.005915 497.034 0.209863 218210 0.0448219 1.5117
0.005725 660.62 0.186975 218211 0.0258557 1.13316
0.000745 836.615 0.200304 218210 0.0563489 0.897122
0.003975 2436.96 0.0241136 218210 -0.0566456 0.30611
0.000545 747.765 0.207676 218210 0.0539646 1.00433
0.001935 1566.62 0.131308 218210 0.043475 0.47777
0.001235 1120.68 0.175203 218210 0.0573765 0.668776
0.001455 1261.75 0.161919 218210 0.0549334 0.593704
0.005925 490.552 0.2108 218210 0.0454653 1.53197
0.000125 647.403 0.215674 218209 0.0502858 1.16102
0.005735 650.012 0.188412 218211 0.0272542 1.15186
0.003985 2438.64 0.023721 218210 -0.0570515 0.305891
0.000755 841.608 0.199882 218210 0.0564453 0.891772
0.002305 1784.66 0.107729 218210 0.0297869 0.419206
0.000555 751.658 0.207358 218210 0.0541 0.999099
0.001945 1572.76 0.130663 218210 0.0431553 0.475898
0.003275 2248.81 0.05363 218210 -0.0177498 0.332282
0.001245 1127.02 0.174618 218210 0.0573062 0.664999
0.001465 1268.2 0.161298 218210 0.0547781 0.59067
0.002585 1935.19 0.0906264 218210 0.0172671 0.386482
0.005935 484.241 0.211709 218210 0.0461796 1.55224
0.000135 648.292 0.215605 218209 0.0503656 1.15942
0.005745 639.563 0.189824 218211 0.028545 1.1709
0.003995 2440.32 0.0233285 218210 -0.0574543 0.305672
0.002945 2109.7 0.0702571 218210 -0.000752978 0.35437
0.000765 846.646 0.199456 218210 0.0565394 0.886437
0.002315 1790.26 0.107104 218210 0.0293683 0.417889
0.000565 755.614 0.207035 218210 0.0542442 0.993839
0.001955 1578.89 0.130019 218210 0.0428325 0.474044
0.003285 2252.65 0.0531582 218210 -0.018346 0.33171
0.001255 1133.36 0.174031 218210 0.057232 0.661259
0.001475 1274.66 0.160676 218210 0.054619 0.587665
0.005945 478.117 0.212593 218210 0.0469708 1.57243
0.002595 1940.32 0.0900332 218210 0.0167925 0.385457
0.000145 649.253 0.215531 218209 0.050445 1.15769
0.005755 629.271 0.191212 218211 0.0294514 1.19028
0.004005 2442 0.022936 218210 -0.0578546 0.305454
0.002955 2114.27 0.069723 218210 -0.00128752 0.3536
0.000775 851.73 0.199025 218210 0.0566311 0.881119
0.000575 759.632 0.206706 218210 0.0543919 0.988554
0.002325 1795.85 0.10648 218210 0.0289474 0.416584
0.005165 1595.53 0.083797 218210 -0.0762764 0.466485
0.002335 1801.42 0.105857 218210 0.0285243 0.415291
0.001765 1460.56 0.142261 218210 0.0484294 0.512595
0.004995 1944.09 0.0505721 218173 -0.0902257 0.382727
0.002345 1806.98 0.105234 218210 0.0280988 0.41401
0.005175 1575.1 0.085763 218210 -0.0744155 0.472547
0.001775 1466.88 0.141617 218210 0.0481638 0.51038
0.002355 1812.52 0.104613 218210 0.0276711 0.41274
0.005005 1923.82 0.052491 218210 -0.106606 0.386822
0.005185 1554.68 0.0877298 218210 -0.0725475 0.478765
0.001785 1473.19 0.140974 218210 0.047895 0.508186
0.002365 1818.04 0.103993 218210 0.0272412 0.411482
0.005015 1903.22 0.0544382 218210 -0.103731 0.391008
0.001795 1479.49 0.14033 218210 0.0476229 0.506014
0.005195 1534.28 0.089697 218211 -0.0706715 0.485146
0.004625 2230.95 0.0292315 218210 -0.0989776 0.333733
0.002375 1823.55 0.103373 218210 0.0268091 0.410235
0.005025 1882.63 0.0563866 218210 -0.101961 0.395283
0.001805 1485.78 0.139686 218210 0.0473475 0.503863
0.005205 1513.89 0.0916647 218211 -0.0687868 0.491696
0.002385 1829.03 0.102755 218210 0.0263748 0.409
0.004635 2222.22 0.0298583 218210 -0.0986187 0.335035
0.005035 1862.05 0.0583364 218210 -0.100131 0.399652
0.001815 1492.06 0.139042 218210 0.0470688 0.501734
0.006455 360.856 0.231726 218209 0.0481428 2.09627
0.005215 1493.51 0.0936325 218211 -0.0668929 0.498421
0.002395 1834.51 0.102138 218210 0.0259383 0.407775
0.004645 2213.53 0.0304835 218210 -0.0982434 0.336342
0.005045 1841.49 0.0602874 218210 -0.0983042 0.404116
0.001825 1498.33 0.138398 218210 0.0467869 0.499627
0.002405 1839.96 0.101521 218210 0.0254997 0.406562
0.005225 1473.15 0.0956005 218211 -0.0649892 0.505329
0.006465 360.432 0.231804 218209 0.0478251 2.09883
0.001835 1504.59 0.137754 218210 0.0465018 0.49754
0.005055 1820.93 0.0622397 218210 -0.0964768 0.408679
0.004655 2204.87 0.0311069 218210 -0.0978506 0.337655
0.001965 1585 0.129375 218210 0.0425068 0.472209
0.002415 1845.4 0.100906 218210 0.025059 0.40536
0.005235 1452.8 0.0975682 218211 -0.0630752 0.512427
0.006475 360.019 0.231876 218209 0.0475036 2.10134
0.001845 1510.84 0.137109 218210 0.0462134 0.495473
0.005065 1800.38 0.0641934 218210 -0.0946493 0.413345
0.004665 2196.24 0.0317285 218210 -0.0974388 0.338973
0.002425 1850.82 0.100292 218210 0.0246161 0.404168
0.001975 1591.11 0.128731 218210 0.0421781 0.470391
0.001855 1517.08 0.136465 218210 0.0459218 0.493428
0.005245 1432.46 0.0995356 218211 -0.0611505 0.519722
0.005075 1779.85 0.0661483 218210 -0.0928214 0.418116
0.006485 359.614 0.231945 218209 0.0471728 2.10379
0.004675 2187.65 0.0323482 218210 -0.0970071 0.340296
0.002435 1856.22 0.0996787 218210 0.0241713 0.402987
0.001865 1523.32 0.13582 218210 0.0456271 0.491402
0.001985 1597.2 0.128088 218210 0.0418465 0.468591
0.005255 1412.14 0.101502 218211 -0.0592148 0.527223
0.005085 1759.33 0.0681045 218210 -0.0909928 0.422997
0.002445 1861.61 0.0990667 218210 0.0237243 0.401817
0.001875 1529.54 0.135175 218210 0.0453291 0.489396
0.006495 359.348 0.232009 218209 0.0468437 2.10544
0.004685 2179.1 0.0329658 218210 -0.0965543 0.341624
0.005265 1391.84 0.103468 218211 -0.0572679 0.534938
0.001995 1603.28 0.127444 218210 0.041512 0.466808
0.005095 1738.82 0.070062 218210 -0.0891632 0.427992
0.003295 2256.47 0.0526882 218210 -0.0189439 0.331142
0.002455 1866.98 0.0984559 218210 0.0232754 0.400657
0.001885 1535.74 0.134531 218210 0.0450279 0.487411
0.006505 359.092 0.232069 218209 0.0465212 2.10702
0.004695 2170.59 0.0335813 218210 -0.0960797 0.342956
0.005275 1371.55 0.105433 218211 -0.0553098 0.542875
0.005105 1718.31 0.0720207 218210 -0.0873321 0.433103
0.002005 1609.34 0.126801 218210 0.0411746 0.465043
0.002465 1872.33 0.0978462 218210 0.0228244 0.399508
0.001895 1541.94 0.133886 218210 0.0447236 0.485444
0.003305 2260.27 0.05222 218210 -0.0195432 0.33058
0.006515 358.844 0.232126 218209 0.0461902 2.10855
0.004705 2162.12 0.0341946 218210 -0.0955826 0.344292
0.005285 1351.29 0.107396 218211 -0.0533406 0.551045
0.005115 1697.82 0.0739807 218210 -0.0854988 0.438336
0.002475 1877.67 0.0972377 218210 0.0223715 0.398369
0.002015 1615.39 0.126158 218210 0.0408343 0.463294
0.001905 1548.13 0.133241 218210 0.0444161 0.483497
0.006525 358.604 0.232179 218209 0.0458555 2.11005
0.002965 2118.82 0.0691908 218210 -0.00182325 0.352836
0.006535 358.369 0.232229 218209 0.0455171 2.1115
0.002975 2123.34 0.0686605 218210 -0.00235937 0.352079
0.000785 856.858 0.19859 218210 0.0567204 0.875818
0.006545 358.139 0.232275 218209 0.045175 2.11292
0.002985 2127.85 0.0681321 218210 -0.00289459 0.351329
0.001485 1281.12 0.160053 218210 0.0544562 0.584692
0.000795 862.03 0.19815 218210 0.0568071 0.870536
0.002995 2132.34 0.0676055 218210 -0.00342706 0.350584
0.006555 357.914 0.232319 218209 0.0448288 2.11432
0.005955 472.193 0.21345 218210 0.0477642 1.59246
0.003005 2136.82 0.0670808 218210 -0.00395421 0.349845
0.000805 867.245 0.197706 218210 0.0568913 0.865275
0.001495 1287.57 0.159428 218210 0.0542896 0.581748
0.006565 357.692 0.23236 218209 0.0444771 2.11569
0.005965 466.451 0.214282 218210 0.0484604 1.61237
0.003015 2141.27 0.0665579 218210 -0.00447286 0.349113
0.000815 872.502 0.197258 218210 0.0569729 0.860035
0.001505 1294.03 0.158803 218210 0.0541192 0.578834
0.006575 357.472 0.232398 218209 0.0441255 2.11706
0.001265 1139.72 0.173442 218210 0.0571539 0.657555
0.005975 461.463 0.215087 218210 0.0488382 1.6301
0.003025 2145.71 0.066037 218210 -0.00497939 0.348386
0.000825 877.799 0.196805 218210 0.0570517 0.854818
0.001515 1300.49 0.158176 218210 0.0539452 0.57595
0.006585 357.252 0.232434 218209 0.0437564 2.11842
0.001275 1146.09 0.172851 218210 0.0570719 0.653886
0.003035 2150.13 0.0655179 218210 -0.00547024 0.347665
0.005985 456.598 0.215867 218210 0.04922 1.64777
0.000835 883.137 0.196348 218210 0.0571278 0.849625
0.006595 357.145 0.232468 218209 0.043387 2.11911
0.002605 1945.43 0.0894415 218210 0.0163163 0.384441
0.000585 763.71 0.206372 218210 0.0545373 0.983245
0.006605 357.037 0.232499 218209 0.0430283 2.1198
0.002615 1950.51 0.0888512 218210 0.0158384 0.383434
0.000595 767.849 0.206032 218210 0.0546761 0.977916
0.006615 356.927 0.232528 218209 0.0426569 2.1205
0.002625 1955.59 0.0882623 218210 0.015359 0.382436
0.000155 650.286 0.21545 218209 0.050522 1.15584
0.000605 772.047 0.205686 218210 0.0548065 0.972569
0.006625 356.815 0.232556 218209 0.042282 2.12122
0.004015 2443.67 0.0225436 218210 -0.0582531 0.305236
0.002635 1960.64 0.0876749 218210 0.014878 0.381446
0.003315 2264.05 0.0517537 218210 -0.0201437 0.330022
0.000615 776.304 0.205335 218210 0.0549291 0.967206
0.006635 356.7 0.232581 218209 0.0419041 2.12195
0.000165 651.393 0.215364 218209 0.0505963 1.15386
0.002645 1965.67 0.0870889 218210 0.0143955 0.380465
0.004025 2445.35 0.0221514 218210 -0.0586504 0.305018
0.000625 780.619 0.204979 218210 0.0550463 0.961831
0.003325 2267.8 0.0512892 218209 -0.0207417 0.329469
0.006645 356.58 0.232605 218209 0.0415245 2.1227
0.000175 652.573 0.215273 218209 0.050669 1.15176
0.002655 1970.69 0.0865044 218210 0.0139116 0.379492
0.004035 2447.02 0.0217593 218210 -0.0590471 0.304801
0.000635 784.991 0.204617 218210 0.0551607 0.956445
0.006655 356.456 0.232628 218209 0.0411426 2.12348
0.003335 2271.35 0.0508265 218210 -0.0213467 0.328949
0.002485 1882.98 0.0966304 218210 0.0219167 0.39724
0.003345 2274.87 0.0503656 218210 -0.0219486 0.328433
0.004715 2153.69 0.0348056 218210 -0.0950624 0.345631
0.005295 1331.04 0.109358 218211 -0.0513605 0.559457
0.002495 1888.28 0.0960243 218210 0.0214599 0.39612
0.002025 1621.43 0.125516 218210 0.040491 0.461563
0.003355 2278.38 0.0499064 218210 -0.0225504 0.327921
0.004725 2145.31 0.0354141 218210 -0.0945189 0.346974
0.001915 1554.3 0.132597 218210 0.0441055 0.481569
0.005305 1310.81 0.111318 218211 -0.0493697 0.568122
0.002505 1893.57 0.0954194 218210 0.0210013 0.395011
0.003365 2281.86 0.049449 218210 -0.0231518 0.327414
0.002035 1627.46 0.124874 218210 0.040145 0.459848
0.001525 1306.94 0.157548 218210 0.0537674 0.573094
0.002045 1633.47 0.124232 218210 0.039796 0.458149
0.001535 1313.39 0.15692 218210 0.053586 0.570268
0.003045 2154.54 0.0650008 218210 -0.00594269 0.346948
0.002055 1639.47 0.12359 218210 0.0394443 0.456467
0.001545 1319.84 0.15629 218210 0.0534009 0.56747
0.005995 451.847 0.216621 218210 0.049601 1.6654
0.002065 1645.45 0.122949 218210 0.0390897 0.454801
0.003055 2158.94 0.0644855 218210 -0.00639558 0.346237
0.001555 1326.29 0.15566 218210 0.0532122 0.564701
0.000845 888.515 0.195887 218210 0.0572011 0.844457
0.002075 1651.42 0.122308 218210 0.0387323 0.453151
0.006005 447.218 0.217349 218210 0.0500063 1.68294
0.003065 2163.32 0.0639722 218210 -0.00683014 0.34553
0.001565 1332.73 0.155028 218210 0.0530198 0.56196
0.002085 1657.38 0.121668 218210 0.0383722 0.451516
0.002665 1975.69 0.0859213 218210 0.0134262 0.378528
0.000855 893.931 0.195421 218210 0.0572714 0.839315
0.006015 442.718 0.218054 218210 0.0504138 1.70035
0.001575 1339.17 0.154396 218210 0.0528238 0.559246
0.003075 2167.7 0.0634607 218210 -0.00725032 0.344828
0.002095 1663.32 0.121028 218210 0.0380093 0.449898
0.000185 653.826 0.215175 218209 0.0507417 1.14954
0.006025 438.348 0.218733 218210 0.0508034 1.7176
0.000865 899.385 0.194952 218210 0.0573388 0.8342
0.002675 1980.68 0.0853398 218210 0.0129396 0.377572
0.001585 1345.61 0.153763 218210 0.0526242 0.55656
0.003085 2172.07 0.0629512 218210 -0.00766219 0.344129
0.002105 1669.25 0.120389 218210 0.0376436 0.448294
0.006035 434.105 0.219389 218209 0.0511636 1.73469
0.000875 904.875 0.194478 218210 0.057403 0.829112
0.000195 655.154 0.215072 218209 0.0508161 1.1472
0.001595 1352.04 0.153129 218210 0.052421 0.553901
0.002685 1985.64 0.0847598 218210 0.0124516 0.376623
0.003095 2176.42 0.0624436 218209 -0.00807149 0.343435
0.002115 1675.16 0.11975 218210 0.0372752 0.446706
0.006045 429.984 0.220022 218209 0.0514913 1.75162
0.004045 2448.69 0.0213674 218210 -0.0594437 0.304584
0.006665 356.327 0.232649 218209 0.040771 2.12429
0.006055 425.981 0.220632 218209 0.0517669 1.76838
0.004735 2136.98 0.03602 218210 -0.0939518 0.34832
0.004055 2450.37 0.0209757 218210 -0.0598405 0.304368
0.005315 1290.61 0.113275 218211 -0.047369 0.57705
0.006675 356.193 0.232668 218209 0.0403767 2.12512
0.006065 422.089 0.221219 218209 0.0520682 1.78498
0.002515 1898.83 0.0948157 218210 0.0205407 0.393912
0.004745 2128.7 0.0366231 218210 -0.0933613 0.349668
0.004065 2452.04 0.0205842 218210 -0.060238 0.304152
0.003375 2285.33 0.0489934 218210 -0.0237525 0.326911
0.005325 1270.42 0.11523 218211 -0.0453523 0.586254
0.006685 356.159 0.232686 218209 0.0399869 2.12536
0.006075 418.304 0.221784 218210 0.0516966 1.80142
0.002525 1904.08 0.0942133 218210 0.0200784 0.392822
0.004755 2120.47 0.0372234 218210 -0.0927474 0.351018
0.004075 2453.71 0.020193 218210 -0.0606396 0.303936
0.000885 910.402 0.194 218210 0.057464 0.824054
0.005335 1250.26 0.117182 218211 -0.0433478 0.595746
0.006695 356.122 0.232703 218209 0.0396211 2.12561
0.003385 2288.77 0.0485394 218210 -0.0243516 0.326412
0.002535 1909.31 0.0936122 218210 0.0196142 0.391742
0.004765 2112.3 0.0378208 218210 -0.0921105 0.352369
0.000205 656.555 0.214962 218209 0.0508933 1.14473
0.002695 1990.59 0.0841813 218210 0.0119623 0.375684
0.004775 2104.19 0.038415 218210 -0.0914512 0.353722
0.003105 2180.57 0.0619379 218210 -0.00849325 0.342777
0.000215 658.031 0.214847 218209 0.0509739 1.14215
0.002125 1681.06 0.119112 218210 0.0369042 0.445133
0.004785 2096.13 0.0390061 218210 -0.0907701 0.355075
0.002705 1995.52 0.0836043 218210 0.0114718 0.374752
0.004085 2455.38 0.0198021 218210 -0.0607843 0.303721
0.003115 2184.71 0.061434 218210 -0.00892288 0.342122
0.000225 659.581 0.214726 218209 0.051058 1.13945
0.004795 2088.14 0.0395938 218210 -0.0900679 0.356428
0.002715 2000.43 0.083029 218210 0.0109801 0.373827
0.002135 1686.95 0.118474 218210 0.0365304 0.443574
0.005345 1230.12 0.11913 218211 -0.0406575 0.605541
0.000895 915.964 0.193519 218210 0.0575217 0.819025
0.006705 356.081 0.232718 218209 0.0392413 2.12589
0.005355 1210.01 0.121074 218209 -0.040586 0.615643
0.002545 1914.52 0.0930124 218210 0.0191483 0.390671
0.000905 921.561 0.193034 218210 0.0575762 0.814026
0.003395 2292.2 0.0480872 218210 -0.0249484 0.325918
0.006715 356.036 0.232733 218209 0.0388601 2.12619
0.005365 1189.92 0.123015 218211 -0.0365852 0.626091
0.003125 2188.84 0.0609321 218210 -0.00936986 0.341471
0.004095 2456.86 0.0194251 218194 -0.0694969 0.303508
0.000235 661.205 0.214599 218209 0.0511454 1.13663
0.003135 2192.96 0.0604321 218210 -0.00983844 0.340824
0.002725 2005.32 0.0824552 218210 0.0104872 0.372911
0.004105 2453.74 0.0194954 218210 -0.0781463 0.303905
0.002145 1692.82 0.117836 218210 0.036154 0.442031
0.003145 2197.07 0.0599339 218210 -0.0103299 0.340182
0.000245 662.905 0.214466 218209 0.0512358 1.1337
0.004115 2450.45 0.0195784 218210 -0.0781336 0.304304
0.002735 2010.2 0.0818829 218210 0.00999308 0.372003
0.002155 1698.67 0.1172 218210 0.035775 0.440502
0.002555 1919.72 0.0924139 218210 0.0186806 0.38961
0.003155 2201.16 0.0594377 218210 -0.0108431 0.339544
0.000255 664.679 0.214327 218209 0.0513289 1.13065
0.004125 2447.16 0.0196607 218210 -0.0783932 0.304703
0.002745 2015.05 0.0813123 218210 0.00949787 0.371102
0.000915 927.191 0.192544 218210 0.0576273 0.809059
0.005375 1169.85 0.124951 218211 -0.0350254 0.636879
0.002755 2019.9 0.0807433 218210 0.00900154 0.370208
0.000925 932.854 0.192051 218210 0.057675 0.804123
0.003405 2295.6 0.0476367 218210 -0.025542 0.325428
0.005385 1149.85 0.126882 218217 -0.0328777 0.648028
0.002165 1704.52 0.116563 218210 0.0353933 0.438987
0.002765 2024.72 0.080176 218210 0.00850411 0.369322
0.000935 938.549 0.191555 218210 0.0577194 0.79922
0.003415 2298.99 0.047188 218210 -0.0261313 0.324941
0.005395 1133.05 0.12887 218211 -0.031826 0.657671
0.002775 2029.52 0.0796102 218210 0.00800584 0.368444
0.002175 1710.34 0.115928 218210 0.0350091 0.437487
0.000945 944.276 0.191055 218210 0.0577604 0.794349
0.003165 2205.24 0.0589433 218210 -0.0113755 0.338911
0.003425 2302.36 0.0467409 218210 -0.0267152 0.324459
0.002785 2034.31 0.0790462 218210 0.0075078 0.367573
0.005405 1116.38 0.13085 218211 -0.0298249 0.667547
0.002185 1716.15 0.115293 218210 0.0346223 0.436
0.000955 950.033 0.190551 218210 0.057798 0.789512
0.000265 666.527 0.214182 218209 0.0514244 1.1275
0.003175 2209.3 0.0584509 218210 -0.0119236 0.338283
0.003435 2305.71 0.0462954 218210 -0.0272928 0.323981
0.002795 2039.11 0.0784838 218210 0.00700577 0.366703
0.004135 2443.88 0.0197426 218210 -0.0786489 0.305102
0.002195 1721.95 0.114659 218210 0.0342329 0.434528
0.005415 1099.81 0.13282 218211 -0.027864 0.677664
0.002805 2043.9 0.0779231 218210 0.00650485 0.36584
0.004145 2440.6 0.0198238 218210 -0.0789037 0.305502
0.002205 1727.73 0.114025 218210 0.0338411 0.433069
0.003185 2213.34 0.0579603 218210 -0.0124839 0.33766
0.002815 2048.7 0.077364 218210 0.00599938 0.364979
0.005425 1083.35 0.13478 218211 -0.0258948 0.688029
0.004155 2437.33 0.0199046 218210 -0.079157 0.305901
0.002215 1733.49 0.113392 218210 0.0334467 0.431624
0.003445 2309.05 0.0458516 218210 -0.0278634 0.323506
0.003195 2217.36 0.0574716 218210 -0.0130534 0.337042
0.002825 2053.48 0.0768067 218210 0.00549319 0.364124
0.005435 1066.98 0.136731 218211 -0.0239292 0.698647
0.002225 1739.24 0.11276 218210 0.0330498 0.430192
0.000275 668.45 0.214031 218209 0.0515222 1.12424
0.003455 2312.37 0.0454095 218210 -0.0284264 0.323035
0.002835 2058.25 0.0762512 218210 0.00498549 0.363277
0.002235 1744.97 0.112128 218210 0.0326504 0.428774
0.000285 670.448 0.213874 218209 0.0516221 1.12086
0.003465 2315.67 0.044969 218210 -0.0289819 0.322567
0.002845 2063 0.0756973 218210 0.00447724 0.362437
0.003475 2318.95 0.0445302 218210 -0.0295303 0.322103
0.000295 672.521 0.213711 218209 0.0517242 1.11739
0.002855 2067.75 0.0751453 218210 0.00396344 0.361599
0.003485 2322.23 0.0440929 218210 -0.0300727 0.321642
0.000305 674.668 0.213542 218209 0.0518283 1.11381
0.002865 2072.49 0.0745949 218210 0.00344858 0.360768
0.003495 2325.48 0.0436572 218210 -0.0306109 0.321185
0.002875 2077.2 0.0740464 218210 0.00293154 0.359945
0.000315 676.889 0.213367 218209 0.0519346 1.11013
0.003505 2328.73 0.0432231 218210 -0.0311468 0.32073
0.003515 2331.95 0.0427906 218210 -0.0316832 0.320279
