0.007365 361.808 0.232914 232757 0.0117389 2.23223
0.007375 361.824 0.232915 232757 0.0113565 2.23213
0.007385 361.918 0.232915 232757 0.0109739 2.23155
0.007395 362.004 0.232915 232757 0.0106175 2.23102
0.007405 362.081 0.232915 232757 0.0102464 2.23055
0.007415 362.15 0.232916 232757 0.0098757 2.23012
0.007425 362.211 0.232916 232757 0.00950434 2.22975
0.007435 362.263 0.232916 232757 0.00913294 2.22943
0.007445 362.306 0.232916 232757 0.00876105 2.22917
0.007455 362.34 0.232916 232757 0.0083963 2.22896
0.007465 362.366 0.232916 232757 0.00801437 2.2288
0.007475 362.469 0.232916 232757 0.00763309 2.22817
0.007485 362.563 0.232916 232757 0.00727347 2.22759
0.007495 362.649 0.232917 232757 0.00690165 2.22706
0.007505 362.727 0.232917 232757 0.00653015 2.22658
0.007515 362.795 0.232917 232757 0.00615812 2.22616
0.007525 362.855 0.232917 232757 0.00578605 2.2258
0.007535 362.906 0.232917 232757 0.00541349 2.22549
0.007545 362.948 0.232917 232757 0.00504785 2.22523
0.007555 362.981 0.232917 232757 0.00466619 2.22502
0.007565 363.09 0.232917 232757 0.00428508 2.22436
0.007575 363.191 0.232917 232757 0.00392268 2.22374
0.007585 363.282 0.232917 232757 0.00354977 2.22318
0.007595 363.365 0.232917 232757 0.00317711 2.22268
0.007605 363.439 0.232917 232757 0.002804 2.22223
0.007615 363.503 0.232917 232757 0.00243073 2.22183
0.007625 363.558 0.232917 232757 0.00205735 2.22149
0.007635 363.605 0.232917 232757 0.00168396 2.22121
0.007645 363.642 0.232917 232757 0.00131088 2.22099
0.007655 363.669 0.232917 232757 0.000938318 2.22082
0.007665 363.688 0.232917 232757 0.000572369 2.2207
0.007675 363.697 0.232917 232757 0.000187055 2.22065
0.006725 362.838 0.23235 232757 0.034891 2.22471
0.007045 360.826 0.232867 232757 0.0235677 2.23815
0.004805 2245.05 0.0364179 232757 -0.127492 0.353893
0.006735 362.619 0.232388 232757 0.0345693 2.22612
0.004485 2334.69 0.0372358 232757 -0.118076 0.340733
0.007055 360.842 0.232871 232757 0.023207 2.23806
0.002885 2069.45 0.0795343 232757 -0.0162887 0.38549
0.006745 362.402 0.232425 232757 0.0342326 2.22752
0.004815 2242.39 0.0363775 232757 -0.127626 0.3543
0.002565 1916.58 0.0962523 232757 -0.00113974 0.416342
0.007065 360.851 0.232875 232757 0.0228336 2.23801
0.004495 2331.92 0.0372096 232757 -0.118587 0.341124
0.003205 2199.94 0.0649268 232757 -0.0336041 0.362521
0.006755 362.288 0.232458 232757 0.0338937 2.22827
0.004825 2239.74 0.0363355 232757 -0.127756 0.354705
0.002895 2073.89 0.0790432 232757 -0.0167983 0.384659
0.004165 2373.76 0.0391461 232757 -0.096372 0.335475
0.007075 360.852 0.232878 232757 0.0224617 2.23802
0.004505 2329.14 0.0371844 232757 -0.119084 0.341519
0.002575 1921.64 0.0957029 232757 -0.00157776 0.415242
0.001925 1559.82 0.133901 232757 0.0221222 0.511846
0.006765 362.175 0.23249 232757 0.0335629 2.22903
0.004835 2237.11 0.036292 232757 -0.127881 0.355108
0.002905 2078.32 0.0785543 232757 -0.0173097 0.383837
0.003215 2203.59 0.0645099 232757 -0.0341785 0.361917
0.007085 360.846 0.232881 232757 0.0220821 2.23807
0.004515 2326.35 0.0371602 232757 -0.119565 0.341915
0.002585 1926.68 0.0951551 232757 -0.00201799 0.414151
0.004175 2373.49 0.0390442 232757 -0.0970845 0.335504
0.002245 1745.72 0.11457 232757 0.0117135 0.457205
0.006775 362.061 0.23252 232757 0.0332225 2.22978
0.004845 2234.5 0.0362469 232757 -0.128022 0.35551
0.001935 1565.82 0.133289 232757 0.021838 0.509881
0.002915 2082.73 0.0780674 232757 -0.0178231 0.383021
0.004525 2323.55 0.0371369 232757 -0.120032 0.342315
0.007095 360.831 0.232884 232757 0.0217322 2.23817
0.003225 2207.21 0.0640956 232757 -0.034755 0.36132
0.002595 1931.71 0.0946089 232757 -0.00246043 0.41307
0.004185 2373.19 0.0389456 232757 -0.0977982 0.335537
0.006785 361.947 0.232548 232757 0.03288 2.23053
0.004855 2231.91 0.0362002 232757 -0.127594 0.35591
0.002255 1751.3 0.113979 232757 0.0113468 0.455743
0.001945 1571.81 0.132676 232757 0.0215509 0.507934
0.002925 2087.12 0.0775826 232757 -0.0183385 0.382213
0.007105 360.807 0.232887 232757 0.0213514 2.23832
0.004535 2320.73 0.0371143 232757 -0.120483 0.342717
0.003235 2210.82 0.0636839 232757 -0.0353338 0.360728
0.002605 1936.72 0.0940643 232757 -0.0029051 0.411999
0.006795 361.831 0.232574 232757 0.032536 2.23129
0.004865 2228.99 0.0361749 232724 -0.141928 0.356311
0.004195 2372.86 0.0388501 232757 -0.0985129 0.335574
0.001955 1577.78 0.132065 232757 0.0212611 0.506005
0.002265 1756.87 0.113389 232757 0.0109778 0.454294
0.002935 2091.49 0.0770999 232757 -0.0188558 0.381411
0.007115 360.863 0.232889 232757 0.0209654 2.23799
0.004545 2317.91 0.0370925 232757 -0.120919 0.343121
0.003245 2214.39 0.0632749 232757 -0.0359148 0.360141
0.002615 1941.71 0.0935213 232757 -0.003352 0.410937
0.006805 361.713 0.232598 232757 0.032191 2.23207
0.004875 2215.3 0.0371036 232758 -0.155812 0.358548
0.004205 2372.51 0.0387578 232757 -0.0992286 0.335614
0.001965 1583.74 0.131453 232757 0.0209686 0.504094
0.002275 1762.43 0.1128 232757 0.0106065 0.452859
0.002945 2095.83 0.0766194 232757 -0.0193752 0.380617
0.007125 360.911 0.232892 232757 0.0206175 2.23769
0.004555 2315.08 0.0370712 232757 -0.121339 0.343527
0.003255 2217.95 0.0628685 232757 -0.036498 0.35956
0.002625 1946.68 0.09298 232757 -0.00380113 0.409884
0.006815 361.593 0.23262 232757 0.031844 2.23285
0.004885 2201.29 0.0380517 232758 -0.154486 0.360814
0.004215 2372.13 0.0386685 232757 -0.0999454 0.335659
0.001975 1589.7 0.130842 232757 0.0206733 0.502201
0.002285 1767.97 0.112212 232757 0.0102329 0.451436
0.002955 2100.16 0.076141 232757 -0.0198966 0.37983
0.007135 360.953 0.232894 232757 0.0202491 2.23744
0.004565 2312.24 0.0370503 232757 -0.121744 0.343935
0.003265 2221.49 0.0624648 232757 -0.0370835 0.358985
0.002635 1951.64 0.0924403 232757 -0.00425252 0.40884
0.006825 361.471 0.232642 232757 0.0315046 2.23365
0.004895 2187.29 0.0389962 232758 -0.153765 0.363107
0.004225 2371.72 0.0385823 232757 -0.100663 0.335707
0.001985 1595.64 0.130231 232757 0.0203753 0.500326
0.002295 1773.49 0.111625 232757 0.00985687 0.450026
0.002965 2104.46 0.0756648 232757 -0.02042 0.37905
0.003525 2299.41 0.052963 232757 -0.0529075 0.346724
0.007145 360.986 0.232896 232757 0.0198814 2.23724
0.004575 2309.4 0.0370298 232757 -0.122133 0.344345
0.003275 2225 0.0620637 232757 -0.0376712 0.358414
0.002645 1956.57 0.0919023 232757 -0.00470616 0.407806
0.006835 361.345 0.232661 232757 0.0311438 2.23446
0.004905 2173.31 0.0399371 232758 -0.153015 0.365427
0.004235 2371.28 0.0384992 232757 -0.101382 0.335758
0.001995 1601.57 0.129621 232757 0.0200746 0.498468
0.002305 1779 0.111039 232757 0.00947857 0.448628
0.002975 2108.75 0.0751908 232757 -0.0209455 0.378276
0.007155 361.011 0.232897 232757 0.0195132 2.23709
0.004585 2306.55 0.0370095 232757 -0.122506 0.344757
0.003285 2228.49 0.0616654 232757 -0.0382627 0.35785
0.003535 2301.79 0.0526382 232757 -0.0535367 0.34636
0.002655 1961.49 0.0913661 232757 -0.00516208 0.40678
0.006845 361.31 0.23268 232757 0.0307841 2.23472
0.004915 2159.36 0.0408744 232758 -0.152254 0.367773
0.004245 2370.82 0.038419 232757 -0.102102 0.335814
0.002005 1607.49 0.129011 232757 0.0197712 0.496627
0.002985 2113.01 0.074719 232757 -0.0214731 0.37751
0.002315 1784.5 0.110454 232757 0.00909798 0.447244
0.007165 361.028 0.232899 232757 0.0191504 2.23699
0.004595 2303.7 0.0369893 232757 -0.122864 0.34517
0.003295 2231.94 0.0612698 232757 -0.0388591 0.357291
0.002665 1966.39 0.0908315 232757 -0.00562027 0.405764
0.003545 2304.16 0.0523166 232757 -0.0541677 0.346001
0.006855 361.272 0.232697 232757 0.0304428 2.23499
0.004925 2145.42 0.0418079 232758 -0.151482 0.370146
0.004255 2370.33 0.0383417 232757 -0.102823 0.335874
0.002015 1613.4 0.128401 232757 0.0194651 0.494804
0.002995 2117.25 0.0742494 232757 -0.0220029 0.37675
0.002325 1789.98 0.10987 232757 0.0087151 0.445871
0.004605 2300.84 0.0369691 232757 -0.123206 0.345584
0.007175 361.037 0.232901 232757 0.0187701 2.23694
0.003305 2235.17 0.0608769 232757 -0.0394452 0.356772
0.002675 1971.27 0.0902986 232757 -0.00608074 0.404756
0.003555 2306.5 0.0519982 232757 -0.0548005 0.345646
0.006865 361.23 0.232713 232757 0.0300888 2.23528
0.004935 2131.51 0.0427374 232758 -0.150696 0.372547
0.004265 2369.81 0.0382674 232757 -0.103544 0.335937
0.002025 1619.29 0.127792 232757 0.0191563 0.492998
0.003005 2121.47 0.073782 232757 -0.0225347 0.375997
0.002335 1795.44 0.109288 232757 0.00832995 0.444511
0.004615 2297.99 0.0369489 232757 -0.123532 0.346
0.003315 2238.38 0.0604868 232757 -0.0400369 0.356258
0.007185 361.037 0.232902 232757 0.0183979 2.23694
0.002685 1976.13 0.0897675 232757 -0.00654352 0.403757
0.003565 2308.81 0.051683 232757 -0.0554352 0.345295
0.006875 361.183 0.232728 232757 0.0297333 2.2356
0.004945 2117.62 0.0436628 232758 -0.149895 0.374976
0.004275 2369.26 0.0381958 232757 -0.104267 0.336005
0.002035 1625.18 0.127184 232757 0.0188449 0.491208
0.003015 2125.68 0.0733168 232757 -0.0230688 0.375251
0.002345 1800.89 0.108707 232757 0.00794253 0.443163
0.004625 2295.14 0.0369284 232757 -0.123844 0.346416
0.003325 2241.56 0.0600994 232757 -0.040631 0.355749
0.007195 361.029 0.232903 232757 0.0180264 2.237
0.002695 1980.98 0.0892382 232757 -0.00700861 0.402766
0.003575 2311.1 0.0513711 232757 -0.0560719 0.344948
0.006885 361.132 0.232741 232757 0.0293761 2.23595
0.004955 2103.75 0.044584 232758 -0.149077 0.377432
0.004285 2368.68 0.038127 232757 -0.10499 0.336076
0.003025 2129.85 0.072854 232757 -0.0236051 0.374512
0.002045 1631.05 0.126576 232757 0.0185308 0.489435
0.002355 1806.32 0.108127 232757 0.00755286 0.441827
0.004635 2292.29 0.0369075 232757 -0.124141 0.346833
0.003335 2244.71 0.0597148 232757 -0.0412269 0.355245
0.007205 361.099 0.232904 232757 0.0176387 2.23657
0.002705 1985.8 0.0887106 232757 -0.00747602 0.401785
0.003585 2313.37 0.0510624 232757 -0.0567104 0.344605
0.006895 361.076 0.232754 232757 0.0290181 2.23633
0.004965 2089.91 0.0455008 232758 -0.14824 0.379917
0.004295 2368.08 0.038061 232757 -0.105714 0.336151
0.003035 2134.01 0.0723934 232757 -0.0241436 0.373779
0.002055 1636.91 0.125969 232757 0.0182141 0.487678
0.002365 1811.73 0.107548 232757 0.00716095 0.440502
0.003345 2247.85 0.059333 232757 -0.0418246 0.354746
0.004645 2289.44 0.0368863 232757 -0.124424 0.347251
0.007215 361.162 0.232906 232757 0.0172901 2.23618
0.002715 1990.61 0.0881848 232757 -0.00794576 0.400811
0.003595 2315.62 0.050757 232757 -0.057351 0.344267
0.000965 977.541 0.189421 232757 0.0348039 0.818169
0.006905 361.014 0.232766 232757 0.0286579 2.23674
0.004975 2076.1 0.0464129 232758 -0.147382 0.382429
0.004305 2367.44 0.0379976 232757 -0.106439 0.33623
0.003045 2138.15 0.071935 232757 -0.0246843 0.373052
0.002065 1642.75 0.125362 232757 0.0178948 0.485938
0.002375 1817.13 0.10697 232757 0.00676679 0.43919
0.003355 2250.96 0.0589541 232757 -0.0424242 0.354252
0.007225 361.217 0.232907 232757 0.0169204 2.23585
0.004655 2286.59 0.0368645 232757 -0.124692 0.347669
0.002725 1995.39 0.0876608 232757 -0.00841785 0.399847
0.003605 2317.84 0.0504549 232757 -0.0579936 0.343933
0.006915 360.946 0.232778 232757 0.0283148 2.23718
0.004985 2062.33 0.0473203 232758 -0.146501 0.38497
0.004315 2366.78 0.0379368 232757 -0.107164 0.336313
0.000975 983.055 0.188935 232757 0.0348357 0.813559
0.003055 2142.26 0.0714791 232757 -0.0252273 0.372332
0.002075 1648.59 0.124756 232757 0.0175728 0.484214
0.002385 1822.52 0.106394 232757 0.00637041 0.437889
0.003365 2254.05 0.058578 232757 -0.0430256 0.353763
0.004665 2283.75 0.0368421 232757 -0.124948 0.348088
0.007235 361.264 0.232907 232757 0.0165515 2.23556
0.002735 2000.16 0.0871386 232757 -0.00889229 0.39889
0.006925 360.872 0.232788 232757 0.0279349 2.23766
0.003615 2320.04 0.0501561 232757 -0.0586383 0.343602
0.004995 2048.58 0.0482227 232758 -0.145594 0.387538
0.004325 2366.09 0.0378786 232757 -0.10789 0.3364
0.003065 2146.36 0.0710254 232757 -0.0257726 0.371619
0.002085 1654.41 0.124151 232757 0.0172483 0.482506
0.000985 988.598 0.188445 232757 0.034858 0.808976
0.002395 1827.88 0.105819 232757 0.00597181 0.4366
0.003375 2257.11 0.0582047 232757 -0.0436289 0.353279
0.004675 2280.92 0.036819 232757 -0.125191 0.348506
0.007245 361.303 0.232908 232757 0.0161817 2.23532
0.002745 2004.91 0.0866183 232757 -0.00936912 0.397943
0.006935 360.882 0.232798 232757 0.027575 2.23763
0.003625 2322.21 0.0498606 232757 -0.0592851 0.343276
0.005005 2034.88 0.0491198 232758 -0.14466 0.390134
0.004335 2365.37 0.0378229 232757 -0.108616 0.336491
0.003075 2150.43 0.0705741 232757 -0.026321 0.370912
0.002095 1660.22 0.123546 232757 0.0169212 0.480813
0.000995 994.17 0.187952 232757 0.0348736 0.804421
0.002405 1833.24 0.105245 232757 0.005571 0.435322
0.003385 2260.16 0.0578343 232757 -0.0442342 0.3528
0.004685 2278.09 0.036795 232757 -0.125421 0.348925
0.002755 2009.64 0.0860998 232757 -0.00984832 0.397003
0.007255 361.334 0.232909 232757 0.015812 2.23514
0.006945 360.886 0.232806 232757 0.0272155 2.23762
0.003635 2324.36 0.0495685 232757 -0.059934 0.342954
0.005015 2021.21 0.0500114 232758 -0.143694 0.392759
0.004345 2364.63 0.0377696 232757 -0.109342 0.336586
0.003085 2154.47 0.0701251 232757 -0.0268751 0.370212
0.002105 1666.01 0.122942 232757 0.0165915 0.479136
0.001005 999.769 0.187456 232757 0.0348858 0.799895
0.002415 1838.57 0.104672 232757 0.00516798 0.434056
0.003395 2263.18 0.0574668 232757 -0.0448414 0.352325
0.004695 2275.28 0.0367702 232757 -0.12564 0.349343
0.002765 2014.35 0.0855831 232757 -0.0103299 0.396071
0.006955 360.885 0.232815 232757 0.02685 2.23765
0.007265 361.356 0.23291 232757 0.0154436 2.235
0.003645 2326.49 0.0492798 232757 -0.0605852 0.342636
0.004355 2363.85 0.0377186 232757 -0.110068 0.336686
0.005025 2007.58 0.0508972 232758 -0.142695 0.395411
0.003095 2158.39 0.0696785 232757 -0.0274214 0.369538
0.002115 1671.8 0.122339 232757 0.0162592 0.477474
0.001015 1005.4 0.186956 232757 0.0348951 0.795399
0.002425 1843.89 0.104101 232757 0.00476276 0.4328
0.003405 2266.18 0.0571023 232757 -0.0454507 0.351855
0.004705 2272.47 0.0367443 232757 -0.125849 0.349761
0.002775 2019.04 0.0850684 232757 -0.0108139 0.395148
0.006965 360.877 0.232822 232757 0.0264842 2.23771
0.007275 361.369 0.23291 232757 0.0150738 2.23492
0.003655 2328.59 0.0489945 232757 -0.0612385 0.342322
0.004365 2363.05 0.0376699 232757 -0.110793 0.336789
0.005035 1994.01 0.051777 232758 -0.14166 0.39809
0.003105 2162.27 0.0692343 232757 -0.0279731 0.368871
0.002125 1677.57 0.121736 232757 0.0159244 0.475828
0.001025 1011.05 0.186453 232757 0.0349023 0.790932
0.002435 1849.19 0.103531 232757 0.00435534 0.431556
0.004715 2269.67 0.0367174 232757 -0.126047 0.350178
0.003415 2269.15 0.0567407 232757 -0.046062 0.35139
0.002785 2023.71 0.0845555 232757 -0.011301 0.394233
0.006975 360.863 0.23283 232757 0.0261245 2.23782
0.003665 2330.67 0.0487126 232757 -0.0618941 0.342012
0.007285 361.373 0.232911 232757 0.0146939 2.2349
0.004375 2362.22 0.0376235 232757 -0.111518 0.336896
0.005045 1980.48 0.0526503 232758 -0.140586 0.400796
0.003115 2166.14 0.0687925 232757 -0.0285274 0.368209
0.002135 1683.32 0.121134 232757 0.0155871 0.474197
0.001035 1016.73 0.185948 232757 0.0349074 0.786495
0.002445 1854.48 0.102963 232757 0.00394574 0.430323
0.004725 2266.88 0.0366894 232757 -0.126236 0.350595
0.003425 2272.1 0.056382 232757 -0.0466754 0.35093
0.002795 2028.37 0.0840445 232757 -0.0117949 0.393326
0.006985 360.842 0.232836 232757 0.0257607 2.23797
0.003675 2332.72 0.048434 232757 -0.0625521 0.341707
0.007295 361.456 0.232912 232757 0.0143084 2.23439
0.005055 1967.01 0.0535168 232758 -0.13947 0.403528
0.004385 2361.3 0.0375792 232752 -0.11223 0.337007
0.003125 2169.98 0.0683531 232757 -0.0290836 0.367554
0.001045 1022.43 0.185439 232757 0.0349096 0.782088
0.002455 1859.75 0.102396 232757 0.00353395 0.4291
0.006995 360.814 0.232843 232757 0.0253946 2.23816
0.002145 1689.06 0.120533 232757 0.0152473 0.47258
0.003685 2334.75 0.048159 232757 -0.0632123 0.341405
0.005065 1953.6 0.0543761 232758 -0.13831 0.406286
0.004395 2358.78 0.037537 232757 -0.112883 0.337363
0.004735 2264.11 0.0366602 232757 -0.126416 0.351011
0.003135 2173.8 0.0679161 232757 -0.0296416 0.366904
0.001055 1028.16 0.184927 232757 0.0349088 0.777712
0.003435 2275.03 0.0560264 232757 -0.0472909 0.350474
0.002465 1865 0.10183 232757 0.00311998 0.427889
0.007005 360.778 0.232848 232757 0.0250445 2.23839
0.002805 2033.03 0.0835355 232757 -0.0122862 0.39242
0.003695 2336.76 0.0478874 232757 -0.0638747 0.341107
0.005075 1940.25 0.0552279 232758 -0.137102 0.409068
0.004405 2356.19 0.0374967 232757 -0.113507 0.337722
0.007305 361.532 0.232912 232757 0.0139567 2.23392
0.003145 2177.6 0.0674816 232757 -0.0302016 0.366261
0.001065 1033.91 0.184412 232757 0.0349045 0.773367
0.002475 1870.23 0.101266 232757 0.00270382 0.426688
0.007015 360.735 0.232854 232757 0.0246605 2.23868
0.002155 1694.79 0.119933 232757 0.0149049 0.470979
0.003705 2338.73 0.0476193 232757 -0.064543 0.340814
0.004745 2261.34 0.0366297 232757 -0.126588 0.351426
0.005085 1926.98 0.0560717 232758 -0.135843 0.411875
0.004415 2353.57 0.0374583 232757 -0.114122 0.338086
0.003445 2277.94 0.0556737 232757 -0.0479085 0.350023
0.003155 2181.38 0.0670495 232757 -0.0307636 0.365623
0.002815 2037.66 0.0830284 232757 -0.0127753 0.391524
0.007025 360.772 0.232859 232757 0.0242788 2.23846
0.002485 1875.45 0.100703 232757 0.00228549 0.425497
0.001075 1039.68 0.183894 232757 0.0348969 0.769053
0.003715 2340.67 0.0473546 232756 -0.0652134 0.340525
0.007315 361.599 0.232913 232757 0.0135863 2.23351
0.005095 1913.78 0.056907 232758 -0.134531 0.414705
0.004425 2350.93 0.0374217 232757 -0.114725 0.338454
0.003165 2185.14 0.0666199 232757 -0.0313276 0.364991
0.002165 1700.51 0.119333 232757 0.0145601 0.469392
0.007035 360.802 0.232863 232757 0.0239328 2.23828
0.004755 2258.59 0.0365979 232757 -0.126754 0.35184
0.002495 1880.65 0.100141 232757 0.00186498 0.424317
0.001085 1045.48 0.183374 232757 0.0348859 0.764771
0.003725 2342.2 0.0470935 232757 -0.0658661 0.340299
0.005105 1900.66 0.0577333 232758 -0.133163 0.417556
0.003455 2280.82 0.0553241 232757 -0.0485284 0.349577
0.004435 2348.27 0.0373869 232757 -0.115316 0.338825
0.003175 2188.87 0.0661928 232757 -0.0318936 0.364365
0.002825 2042.28 0.0825232 232757 -0.0132707 0.390637
0.007325 361.658 0.232913 232757 0.0132163 2.23315
0.002505 1885.84 0.0995811 232757 0.00144228 0.423148
0.003845 2358.49 0.0442354 232757 -0.0739193 0.337884
0.002515 1891 0.0990225 232757 0.00101741 0.421988
0.001605 1363.63 0.153509 232757 0.0296551 0.585731
0.002525 1896.15 0.0984655 232757 0.000590361 0.420839
0.003855 2359.69 0.0440206 232757 -0.074604 0.337707
0.001285 1165.12 0.172436 232757 0.0339666 0.685926
0.002535 1901.28 0.0979099 232757 0.000161123 0.4197
0.001615 1369.85 0.152901 232757 0.0294631 0.583063
0.006405 384.345 0.228459 232757 0.0424612 2.09597
0.003865 2360.86 0.0438094 232757 -0.0752908 0.337534
0.002545 1906.4 0.0973558 232757 -0.000270303 0.418571
0.001295 1171.24 0.171866 232757 0.0338849 0.682326
0.001625 1376.06 0.152293 232757 0.0292697 0.58042
0.003875 2362 0.0436018 232757 -0.0759798 0.337364
0.002555 1911.5 0.0968033 232757 -0.000703923 0.417451
0.006415 382.896 0.228711 232757 0.0423641 2.10413
0.001305 1177.37 0.171295 232757 0.0337998 0.678757
0.001635 1382.28 0.151683 232757 0.029075 0.577803
0.001645 1388.49 0.151073 232757 0.0288791 0.575211
0.000645 820.898 0.202889 232757 0.0327287 0.97514
0.001655 1394.69 0.150463 232757 0.0286815 0.572643
0.005125 1874.69 0.0593569 232758 -0.13025 0.423318
0.001665 1400.89 0.149852 232757 0.0284817 0.5701
0.005765 823.051 0.168127 232759 -0.00497991 0.967943
0.001675 1407.09 0.149241 232757 0.0282789 0.567582
0.000655 825.086 0.202538 232757 0.0328234 0.970164
0.001685 1413.28 0.148629 232757 0.0280725 0.565087
0.006085 499.982 0.210929 232758 0.0341968 1.60322
0.001695 1419.47 0.148017 232757 0.0278621 0.562616
0.005445 1399.6 0.09971 232759 -0.0848726 0.567167
0.005135 1861.86 0.0601531 232758 -0.1287 0.426226
0.001705 1425.65 0.147405 232757 0.0276474 0.560169
0.006095 493.788 0.211822 232758 0.0347958 1.62364
0.000665 829.327 0.202182 232757 0.0329168 0.965177
0.005455 1378.61 0.102092 232759 -0.0819625 0.575834
0.005775 809.428 0.169892 232759 -0.00314151 0.984403
0.000325 718.675 0.211276 232757 0.0295868 1.11468
0.001715 1431.82 0.146792 232757 0.0274286 0.557745
0.006105 487.751 0.212691 232758 0.0356305 1.64405
0.005465 1357.73 0.104466 232759 -0.0790702 0.584717
5e-06 684.582 0.213983 232757 0.0281645 1.17055
0.005145 1849.14 0.060938 232758 -0.127085 0.429149
0.001725 1437.99 0.146179 232757 0.0272059 0.555345
0.006115 481.866 0.213534 232758 0.0360344 1.66443
0.005475 1336.99 0.106831 232759 -0.0761904 0.593824
0.000335 720.857 0.211101 232757 0.0296725 1.11128
0.000675 833.62 0.201821 232757 0.0330088 0.96018
0.005785 795.978 0.171629 232759 -0.00133982 1.00121
0.001735 1444.16 0.145566 232757 0.0269797 0.552967
0.006125 476.134 0.214352 232758 0.0366832 1.68479
0.005485 1316.37 0.109187 232759 -0.0733196 0.603162
0.000345 723.107 0.21092 232757 0.02976 1.1078
0.001095 1051.29 0.18285 232757 0.0348718 0.76052
0.001745 1450.32 0.144952 232757 0.0267501 0.550612
0.005155 1836.54 0.0617111 232758 -0.125404 0.432085
0.006135 470.55 0.215146 232758 0.0372213 1.7051
0.005495 1295.88 0.111532 232759 -0.070456 0.612738
0.000355 725.425 0.210734 232757 0.0298492 1.10424
0.001755 1456.47 0.144339 232757 0.0265176 0.548279
0.001105 1057.13 0.182324 232757 0.0348543 0.756301
1.5e-05 684.642 0.213979 232757 0.0281652 1.17045
0.000685 837.966 0.201456 232757 0.0330995 0.955175
0.006145 465.11 0.215915 232758 0.03773 1.72536
0.005505 1275.53 0.113866 232759 -0.0675992 0.622559
0.000365 727.812 0.210541 232757 0.0299399 1.1006
0.001765 1462.61 0.143725 232757 0.0262821 0.545969
0.005795 782.7 0.173338 232759 0.000424547 1.01838
0.001115 1062.99 0.181795 232757 0.0348336 0.752115
0.005515 1255.31 0.116187 232759 -0.0647506 0.632634
0.006155 459.807 0.21666 232758 0.0382069 1.74557
0.000375 730.266 0.210344 232757 0.0300322 1.09688
0.001775 1468.75 0.143111 232757 0.0260439 0.54368
0.005165 1824.07 0.0624717 232758 -0.123657 0.435033
0.001125 1068.87 0.181263 232757 0.0348096 0.74796
0.005525 1235.23 0.118495 232759 -0.0619126 0.642968
2.5e-05 684.763 0.213969 232757 0.0281695 1.17024
0.006165 454.639 0.217382 232758 0.0386957 1.76574
0.000695 842.362 0.201085 232757 0.0331888 0.950164
0.000385 732.789 0.21014 232757 0.0301258 1.09308
0.001785 1474.88 0.142496 232757 0.0258028 0.541414
0.005535 1215.29 0.120789 232759 -0.0590886 0.653572
0.001135 1074.77 0.180729 232757 0.0347822 0.743838
0.005805 769.592 0.17502 232759 0.00215208 1.03591
0.006175 450.15 0.218079 232758 0.0390564 1.78366
0.000395 735.379 0.209931 232757 0.0302207 1.08921
0.005545 1195.49 0.123068 232759 -0.0562829 0.664454
0.001795 1481 0.141882 232757 0.0255587 0.539169
0.001145 1080.68 0.180192 232757 0.0347515 0.739749
0.005175 1811.72 0.0632192 232758 -0.121843 0.437989
0.006185 445.804 0.218753 232758 0.039465 1.80136
3.5e-05 684.946 0.213955 232757 0.0281763 1.16993
0.000405 738.036 0.209716 232757 0.0303168 1.08526
0.005555 1175.83 0.125331 232759 -0.0535 0.675622
0.001805 1487.12 0.141268 232757 0.0253118 0.536945
0.001155 1086.62 0.179653 232757 0.0347175 0.735692
0.000705 846.808 0.20071 232757 0.0332764 0.945149
0.006195 441.596 0.219404 232758 0.0398443 1.81884
0.005815 756.653 0.176674 232759 0.00383606 1.05381
0.000415 740.76 0.209495 232757 0.030414 1.08125
0.005565 1156.32 0.127578 232759 -0.0507444 0.687088
0.001815 1493.23 0.140654 232757 0.0250619 0.534742
0.001165 1092.57 0.179112 232757 0.0346801 0.731668
0.005185 1799.53 0.063953 232758 -0.119962 0.440952
0.006205 437.523 0.220032 232758 0.0401998 1.83608
0.000425 743.551 0.209269 232757 0.0305122 1.07717
4.5e-05 685.191 0.213936 232757 0.0281859 1.16951
0.005575 1136.95 0.129807 232759 -0.0480206 0.698861
0.001175 1098.53 0.178567 232757 0.0346393 0.727676
0.001825 1499.32 0.140039 232757 0.0248091 0.53256
0.006215 433.581 0.220638 232758 0.0405312 1.85309
0.000715 851.304 0.200329 232757 0.0333625 0.940131
0.000435 746.409 0.209036 232757 0.0306114 1.07302
0.005585 1117.73 0.132018 232759 -0.0453326 0.710954
0.005825 743.882 0.178301 232759 0.00555393 1.0721
0.001185 1104.52 0.178021 232757 0.0345952 0.723717
0.001835 1505.42 0.139425 232757 0.0245534 0.530399
0.006225 429.768 0.221221 232758 0.0408396 1.86984
0.005195 1787.48 0.0646725 232758 -0.118017 0.443918
0.000445 749.332 0.208799 232757 0.0307113 1.06881
0.005595 1098.65 0.134211 232759 -0.0426841 0.723379
0.001195 1110.52 0.177472 232757 0.0345477 0.719791
5.5e-05 685.498 0.213912 232757 0.0281981 1.16898
0.001845 1511.5 0.138811 232757 0.0242947 0.528259
0.006235 426.08 0.221783 232758 0.0411248 1.88633
0.000455 752.321 0.208555 232757 0.0308119 1.06454
0.000725 855.849 0.199944 232757 0.0334468 0.935114
0.005605 1079.71 0.136384 232759 -0.0400778 0.736149
0.001205 1116.53 0.176921 232757 0.0344968 0.715898
0.005835 731.276 0.1799 232759 0.00695187 1.09079
0.006245 422.514 0.222323 232758 0.0413848 1.90256
0.001855 1517.57 0.138196 232757 0.0240331 0.526139
0.000465 755.375 0.208306 232757 0.0309132 1.06021
0.005115 1887.63 0.0585501 232758 -0.131737 0.420428
0.005205 1775.59 0.065377 232758 -0.116008 0.446885
0.005615 1060.91 0.138538 232760 -0.0375164 0.749281
0.001215 1122.56 0.176368 232757 0.0344424 0.712037
6.5e-05 685.868 0.213882 232757 0.0282131 1.16834
0.003735 2343.7 0.0468358 232757 -0.0665252 0.340078
7.5e-05 686.301 0.213848 232757 0.028231 1.1676
0.002175 1706.21 0.118735 232757 0.0142128 0.467819
0.003465 2283.68 0.0549775 232757 -0.0491504 0.349135
8.5e-05 686.798 0.213809 232757 0.0282516 1.16675
0.003745 2345.16 0.0465817 232757 -0.0671871 0.33986
0.002185 1711.9 0.118137 232757 0.013863 0.466261
9.5e-05 687.358 0.213765 232757 0.0282752 1.16579
0.003475 2286.51 0.054634 232757 -0.0497747 0.348699
0.003755 2346.61 0.046331 232757 -0.0678511 0.339645
0.004445 2345.59 0.0373538 232757 -0.115894 0.3392
0.002195 1717.57 0.11754 232757 0.0135108 0.464717
0.000105 687.984 0.213716 232757 0.0283016 1.16473
0.003485 2289.33 0.0542936 232757 -0.0504035 0.348266
0.003185 2192.58 0.0657683 232757 -0.0324617 0.363744
0.003765 2348.03 0.0460839 232757 -0.068517 0.339435
0.000115 688.674 0.213662 232757 0.028331 1.16355
0.002205 1723.23 0.116944 232757 0.0131562 0.463187
0.003495 2292.1 0.0539563 232756 -0.051036 0.347839
0.004455 2342.89 0.0373222 232757 -0.11646 0.339578
0.003775 2349.42 0.0458403 232757 -0.069185 0.339228
0.003195 2196.27 0.0653463 232757 -0.0330318 0.36313
0.000125 689.429 0.213602 232757 0.0283633 1.16227
0.002215 1728.87 0.116349 232757 0.0127991 0.461671
0.003505 2294.57 0.0536221 232757 -0.0516551 0.347463
0.004765 2255.85 0.0365648 232757 -0.126912 0.352253
0.007335 361.708 0.232913 232757 0.0128456 2.23284
0.002835 2046.87 0.0820201 232757 -0.0137694 0.389757
0.003515 2297 0.053291 232757 -0.0522801 0.347091
0.003885 2363.12 0.0433978 232757 -0.0766709 0.337198
0.004775 2253.13 0.0365302 232757 -0.127065 0.352665
0.006425 381.501 0.228951 232757 0.0422518 2.11203
0.007345 361.75 0.232914 232757 0.0124748 2.23258
0.001315 1183.52 0.170722 232757 0.0337113 0.67522
0.006255 419.066 0.222843 232757 0.0416165 1.91851
0.001865 1523.64 0.137582 232757 0.0237686 0.524038
0.007355 361.784 0.232914 232757 0.0121037 2.23238
0.006265 415.729 0.223343 232757 0.0418173 1.93421
0.001875 1529.69 0.136968 232757 0.0235013 0.521958
0.000475 758.494 0.208052 232757 0.0310149 1.05583
0.001325 1189.67 0.170147 232757 0.0336194 0.671715
0.006275 412.499 0.223822 232758 0.042004 1.94965
0.000735 860.441 0.199555 232757 0.0335295 0.930097
0.006285 409.732 0.224282 232757 0.0421341 1.96311
0.005625 1042.25 0.140672 232760 -0.0350014 0.762788
0.000745 865.081 0.199161 232757 0.0336103 0.925083
0.001225 1128.6 0.175812 232757 0.0343847 0.70821
0.005845 718.834 0.181471 232759 0.00871913 1.10988
0.006295 407.07 0.224723 232757 0.0422681 1.97623
0.005635 1023.73 0.142785 232760 -0.0325325 0.776689
0.000755 869.767 0.198762 232757 0.0336892 0.920073
0.005215 1763.87 0.0660661 232758 -0.113938 0.44985
0.001235 1134.66 0.175255 232757 0.0343236 0.704414
0.004465 2340.17 0.037292 232757 -0.117012 0.33996
0.006305 404.508 0.225145 232757 0.0423757 1.98903
0.005855 706.552 0.183015 232759 0.0101648 1.12938
0.005645 1005.33 0.144878 232760 -0.0301067 0.791002
0.003785 2350.79 0.0456003 232757 -0.0698551 0.339025
0.000765 874.499 0.198358 232757 0.0337661 0.91507
0.005225 1752.33 0.0667392 232758 -0.11181 0.45281
0.000135 690.25 0.213538 232757 0.0283985 1.16088
0.001245 1140.73 0.174695 232757 0.034259 0.700652
0.006315 402.04 0.225549 232757 0.0424635 2.00152
0.002225 1734.5 0.115755 232757 0.0124396 0.460169
0.004475 2337.44 0.0372633 232757 -0.117551 0.340345
0.005865 694.427 0.184532 232759 0.0116411 1.14932
0.005655 987.065 0.14695 232760 -0.0275693 0.805747
0.003795 2352.14 0.0453638 232757 -0.0705272 0.338825
0.000775 879.276 0.197951 232757 0.0338408 0.910073
0.002845 2051.45 0.0815189 232757 -0.0142739 0.388885
0.003895 2364.21 0.0431975 232757 -0.077364 0.337036
0.000785 884.097 0.197538 232757 0.0339133 0.905086
0.004785 2250.42 0.0364943 232757 -0.127212 0.353076
0.002855 2055.98 0.0810197 232757 -0.0147719 0.388025
0.006435 380.159 0.229178 232757 0.0421261 2.1197
0.000795 888.961 0.197122 232757 0.0339837 0.900109
0.003905 2365.28 0.0430009 232757 -0.0780592 0.336878
0.002865 2060.49 0.0805225 232757 -0.0152752 0.387172
0.004795 2247.73 0.0364568 232757 -0.127354 0.353485
0.001885 1535.74 0.136355 232757 0.0232311 0.519897
0.000805 893.868 0.196701 232757 0.0340524 0.895143
0.006445 378.866 0.229394 232757 0.0419871 2.12714
0.000485 761.677 0.207791 232757 0.0311171 1.05139
0.006455 377.618 0.229599 232757 0.041835 2.13437
0.001335 1195.83 0.169571 232757 0.033524 0.668242
0.000495 764.924 0.207526 232757 0.0312195 1.0469
0.005235 1740.98 0.0673959 232758 -0.10963 0.455762
0.006465 376.413 0.229793 232758 0.0416739 2.14139
0.000505 768.234 0.207254 232757 0.0313222 1.04236
0.001345 1201.99 0.168992 232757 0.0334252 0.6648
0.000145 691.137 0.213468 232757 0.0284367 1.15938
0.006475 375.445 0.229977 232757 0.0415039 2.1471
0.005245 1729.81 0.0680358 232758 -0.1074 0.458702
0.000515 771.607 0.206977 232757 0.031425 1.03778
0.001355 1208.17 0.168413 232757 0.033323 0.66139
0.001255 1146.81 0.174133 232757 0.0341911 0.696922
0.006485 374.52 0.230151 232757 0.041333 2.15259
0.000155 692.09 0.213392 232757 0.0284778 1.15777
0.005255 1718.85 0.0686587 232758 -0.105127 0.461628
0.000525 775.042 0.206695 232757 0.0315278 1.03316
0.001365 1214.35 0.167831 232757 0.0332174 0.65801
0.001265 1152.9 0.173569 232757 0.0341197 0.693224
0.006495 373.633 0.230316 232757 0.0411487 2.15787
0.000165 693.11 0.213312 232757 0.0285218 1.15605
0.000535 778.538 0.206407 232757 0.0316305 1.02849
0.005265 1708.09 0.0692645 232758 -0.102816 0.464536
0.001375 1220.53 0.167248 232757 0.0331084 0.654662
0.001275 1159 0.173004 232757 0.0340448 0.689559
0.006505 372.784 0.230473 232757 0.0409529 2.16295
0.000175 694.197 0.213226 232757 0.0285687 1.15423
0.000545 782.096 0.206114 232757 0.0317331 1.02379
0.005275 1697.55 0.069853 232758 -0.100472 0.467423
0.001385 1226.73 0.166664 232757 0.0329959 0.651345
0.006515 371.968 0.23062 232757 0.0407453 2.16786
0.000555 785.714 0.205815 232757 0.0318354 1.01905
0.000185 695.351 0.213135 232757 0.0286184 1.1523
0.006325 399.664 0.225936 232757 0.0425349 2.01369
0.005875 682.455 0.186021 232759 0.0131291 1.16971
0.000195 696.572 0.213038 232757 0.028671 1.15027
0.006335 397.378 0.226306 232757 0.0425923 2.02554
0.002235 1740.12 0.115162 232757 0.0120777 0.45868
0.000205 697.862 0.212936 232757 0.0287263 1.14813
0.005885 670.638 0.187483 232761 0.0148199 1.19056
0.006345 395.179 0.226659 232757 0.042635 2.03708
0.005665 968.948 0.148999 232764 -0.0247533 0.820939
0.003805 2353.46 0.045131 232757 -0.0712014 0.33863
0.003915 2366.32 0.0428079 232757 -0.0787565 0.336723
0.005675 953.542 0.151031 232759 -0.0231629 0.834303
0.003815 2354.75 0.0449017 232757 -0.0718777 0.338438
0.002875 2064.98 0.0800274 232757 -0.0157811 0.386327
0.000815 898.816 0.196276 232757 0.0341197 0.89019
0.005685 938.334 0.153036 232759 -0.020991 0.847946
0.001895 1541.77 0.135741 232757 0.0229581 0.517856
0.001395 1232.93 0.166078 232757 0.0328801 0.648058
0.005695 923.305 0.155016 232759 -0.018867 0.861875
0.001905 1547.8 0.135127 232757 0.0226823 0.515834
0.005285 1687.23 0.0704244 232758 -0.0981009 0.470286
0.005705 908.454 0.156969 232759 -0.0167728 0.876097
0.001405 1239.13 0.165491 232757 0.0327609 0.644801
0.001915 1553.82 0.134514 232757 0.0224036 0.513831
0.005295 1677.13 0.0709787 232758 -0.0957083 0.473122
0.006525 371.183 0.23076 232757 0.0405264 2.1726
0.005715 893.781 0.158896 232759 -0.014716 0.890617
0.001415 1245.34 0.164902 232757 0.0326383 0.641575
0.005305 1667.26 0.0715164 232758 -0.0932931 0.475928
0.005725 879.284 0.160796 232759 -0.012696 0.905443
0.006535 370.426 0.230892 232757 0.0402964 2.17719
0.000565 789.393 0.205511 232757 0.0319373 1.01427
0.001425 1251.55 0.164312 232757 0.0325123 0.638379
0.005315 1657.63 0.0720377 232758 -0.0909566 0.4787
0.000215 699.219 0.212828 232757 0.0287844 1.14589
0.005735 864.963 0.16267 232759 -0.0107126 0.920581
0.006545 369.694 0.231017 232757 0.0400569 2.18165
0.000575 793.13 0.205202 232757 0.0320387 1.00947
0.001435 1257.77 0.163721 232757 0.0323829 0.635212
0.005325 1648.24 0.0725432 232758 -0.0874135 0.481436
0.005745 850.818 0.164516 232759 -0.00876557 0.93604
0.005895 660.294 0.188917 232759 0.0157924 1.20944
0.000225 700.644 0.212715 232757 0.0288453 1.14354
0.006555 368.985 0.231135 232757 0.0398085 2.18598
0.000585 796.926 0.204887 232757 0.0321397 1.00463
0.001445 1263.98 0.163129 232757 0.0322501 0.632075
0.005335 1638.85 0.073061 232726 -0.103225 0.484137
0.005755 836.848 0.166335 232759 -0.00685466 0.951824
0.000235 702.138 0.212596 232757 0.0289076 1.14109
0.005905 650.135 0.190322 232759 0.0171039 1.22858
0.006355 393.063 0.226996 232757 0.0426595 2.0483
0.005915 640.155 0.191699 232759 0.0183684 1.24797
0.003925 2367.34 0.0426185 232757 -0.0794559 0.336573
0.006365 391.027 0.227318 232757 0.0426607 2.05922
0.005925 630.351 0.193048 232759 0.0196006 1.26763
0.003935 2368.32 0.0424328 232757 -0.0801572 0.336426
0.006375 389.065 0.227624 232758 0.0426436 2.06985
0.003825 2356.03 0.044676 232757 -0.0725561 0.338249
0.005935 620.722 0.194368 232759 0.0207928 1.28755
0.000825 903.806 0.195846 232757 0.0341858 0.885252
0.003945 2369.28 0.0422507 232757 -0.0808606 0.336282
0.006385 387.424 0.227916 232757 0.0425965 2.07885
0.005945 611.264 0.19566 232759 0.0219448 1.30774
0.003835 2357.27 0.0444539 232757 -0.0732366 0.338065
0.003955 2370.22 0.0420722 232757 -0.081566 0.336143
0.000835 908.836 0.195413 232757 0.0342499 0.880328
0.006395 385.853 0.228195 232757 0.0425405 2.08755
0.006565 368.449 0.231246 232757 0.0395567 2.1893
0.000595 800.78 0.204567 232757 0.03224 0.999771
0.006575 367.936 0.23135 232757 0.039306 2.19248
0.001455 1270.21 0.162535 232757 0.0321139 0.628968
0.005345 1616.61 0.0754981 232759 -0.117849 0.490873
0.000605 804.692 0.204242 232757 0.0323395 0.994885
0.006585 367.444 0.231449 232757 0.0390465 2.19554
0.001465 1276.43 0.16194 232757 0.0319744 0.62589
0.000245 703.7 0.212472 232757 0.028977 1.13855
0.005355 1594.28 0.0779531 232759 -0.113024 0.497754
0.000615 808.66 0.203911 232757 0.0324383 0.989976
0.006595 366.971 0.231542 232757 0.0387817 2.19849
0.001475 1282.66 0.161344 232757 0.0318315 0.62284
0.005955 601.975 0.196925 232759 0.0230562 1.32818
0.005365 1572.11 0.0803996 232759 -0.109706 0.504786
0.000255 705.331 0.212342 232757 0.028976 1.1359
0.003965 2371.13 0.0418974 232757 -0.0822733 0.336008
0.006605 366.515 0.23163 232757 0.0385134 2.20134
0.001485 1288.89 0.160747 232757 0.0316855 0.61982
0.000625 812.684 0.203575 232757 0.0325361 0.985048
0.005375 1550.08 0.0828382 232759 -0.106371 0.511972
0.005965 592.852 0.198162 232759 0.0241267 1.34889
0.000265 707.031 0.212207 232758 0.0292538 1.13315
0.006615 366.078 0.231712 232757 0.0382441 2.20408
0.003975 2372.01 0.0417262 232757 -0.0829825 0.335876
0.001495 1295.11 0.160149 232757 0.0315362 0.616828
0.000635 816.764 0.203235 232757 0.032633 0.980102
0.005385 1528.19 0.0852691 232759 -0.103122 0.51932
0.006625 365.657 0.23179 232757 0.0379752 2.20672
0.000845 913.905 0.194975 232757 0.03431 0.875421
0.000275 708.8 0.212066 232757 0.0291192 1.1303
0.003985 2372.86 0.0415587 232757 -0.0836935 0.335748
0.001505 1301.35 0.15955 232757 0.0313838 0.613864
0.000285 710.637 0.211919 232757 0.0292649 1.12736
0.005975 583.892 0.199372 232759 0.0251563 1.36986
0.003995 2373.68 0.0413948 232757 -0.0844112 0.335624
0.005395 1506.44 0.087693 232759 -0.0999449 0.526835
0.000295 712.543 0.211767 232757 0.0293396 1.12433
0.001515 1307.58 0.15895 232757 0.0312282 0.610928
0.006635 365.255 0.231863 232757 0.0377037 2.20926
0.004005 2374.46 0.0412346 232755 -0.0851278 0.335504
0.005985 575.092 0.200554 232759 0.0261448 1.39109
0.005405 1484.82 0.0901099 232759 -0.0968331 0.534525
0.000855 919.013 0.194533 232757 0.0343633 0.870532
0.000305 714.518 0.211609 232757 0.0294209 1.1212
0.001525 1313.81 0.158348 232757 0.0310693 0.60802
0.006645 364.868 0.231932 232757 0.0374245 2.21169
0.004015 2374.63 0.0410778 232757 -0.085818 0.335475
0.005995 566.449 0.20171 232758 0.0270921 1.4126
0.005415 1463.33 0.0925202 232759 -0.0937786 0.542396
0.000865 924.159 0.194088 232757 0.0344073 0.865661
0.000315 716.562 0.211445 232757 0.0295028 1.11798
0.001535 1320.04 0.157746 232757 0.0309068 0.60514
0.006655 364.494 0.231996 232757 0.0371241 2.21406
0.004025 2374.76 0.0409247 232757 -0.0865111 0.33545
0.006005 557.958 0.20284 232758 0.0279987 1.43438
0.005425 1441.96 0.0949237 232759 -0.0907726 0.550456
0.000875 929.342 0.193638 232757 0.0344413 0.860809
0.006015 549.615 0.203943 232758 0.0288665 1.45644
0.001545 1326.27 0.157143 232757 0.0307403 0.602287
0.005435 1420.72 0.0973204 232759 -0.0878068 0.55871
0.006665 364.244 0.232057 232757 0.0368099 2.21567
0.000885 934.562 0.193184 232757 0.0344675 0.855978
0.004035 2374.86 0.0407751 232757 -0.0872078 0.335429
0.006025 541.418 0.205019 232758 0.0297226 1.47879
0.000895 939.817 0.192727 232757 0.0344912 0.851169
0.004045 2374.93 0.040629 232757 -0.0879057 0.335411
0.001555 1332.5 0.15654 232757 0.0305697 0.599461
0.006035 533.362 0.20607 232759 0.0306698 1.50143
0.000905 945.108 0.192266 232757 0.0345184 0.846381
0.006675 363.999 0.232114 232757 0.0364933 2.21724
0.004055 2374.98 0.0404865 232757 -0.0886043 0.335396
0.001565 1338.73 0.155935 232757 0.0303947 0.596662
0.006045 526.359 0.207095 232758 0.0312711 1.52169
0.000915 950.432 0.191801 232757 0.0345544 0.841617
0.004065 2375 0.0403477 232757 -0.0893064 0.335385
0.006685 363.758 0.232167 232757 0.0361705 2.21879
0.001575 1344.96 0.15533 232757 0.0302154 0.59389
0.006055 519.522 0.208092 232758 0.032043 1.54202
0.004075 2374.99 0.0402122 232757 -0.0900082 0.335378
0.006695 363.521 0.232217 232757 0.0358498 2.22032
0.000925 955.79 0.191332 232757 0.0346007 0.836877
0.001585 1351.18 0.154724 232757 0.0300319 0.591144
0.004085 2374.96 0.0400802 232757 -0.0907113 0.335374
0.006065 512.847 0.209064 232758 0.0327834 1.56239
0.006705 363.288 0.232264 232757 0.0355312 2.22181
0.000935 961.18 0.19086 232757 0.0346545 0.832161
0.001595 1357.41 0.154117 232757 0.0298449 0.588425
0.004095 2374.91 0.0399516 232757 -0.0914143 0.335374
0.006075 506.335 0.210009 232758 0.0335004 1.5828
0.006715 363.061 0.232308 232757 0.0352126 2.22328
0.004105 2374.82 0.0398264 232757 -0.0921191 0.335377
0.000945 966.603 0.190384 232757 0.0347102 0.827471
0.004115 2374.71 0.0397046 232757 -0.0928252 0.335385
0.000955 972.057 0.189904 232757 0.0347616 0.822807
0.004125 2374.57 0.0395863 232757 -0.0935324 0.335395
0.004135 2374.41 0.0394712 232757 -0.0942407 0.33541
0.004145 2374.22 0.0393596 232757 -0.09495 0.335428
0.004155 2374 0.0392512 232757 -0.0956605 0.33545
