0.004485 2115.83 0.0828317 400559 -0.0952857 0.64775
0.004495 2115.51 0.0827301 400559 -0.0955925 0.647834
0.004505 2115.18 0.082629 400559 -0.0959132 0.647919
0.004515 2114.84 0.0825284 400559 -0.0962356 0.648007
0.004525 2114.5 0.0824282 400559 -0.0965486 0.648097
0.004535 2114.15 0.0823286 400559 -0.096845 0.648188
0.004545 2113.8 0.0822294 400559 -0.0971227 0.648281
0.004555 2113.44 0.0821306 400559 -0.0973835 0.648376
0.004565 2113.07 0.0820323 400559 -0.0976322 0.648473
0.004575 2112.7 0.0819345 400559 -0.0978742 0.648572
0.004585 2112.32 0.081837 400559 -0.0981139 0.648672
0.004595 2111.94 0.08174 400559 -0.0983542 0.648775
0.004605 2111.55 0.0816435 400559 -0.0985959 0.648878
0.004615 2111.16 0.0815473 400559 -0.0988388 0.648984
0.004625 2110.76 0.0814516 400559 -0.0990821 0.649091
0.004635 2110.36 0.0813562 400559 -0.0993251 0.6492
0.004645 2109.95 0.0812612 400559 -0.099567 0.64931
0.004655 2109.53 0.0811667 400559 -0.0998076 0.649422
0.001285 1467.04 0.159221 400559 -0.0129028 0.93551
0.004665 2109.11 0.0810725 400559 -0.100046 0.649535
0.001295 1470.81 0.158897 400559 -0.0130251 0.933122
0.004675 2108.69 0.0809787 400559 -0.100286 0.64965
0.001305 1474.59 0.158573 400559 -0.0131489 0.930742
0.004685 2108.36 0.0808852 400559 -0.100527 0.649737
0.001315 1478.38 0.158247 400559 -0.0132742 0.928369
0.004695 2108.02 0.0807922 400559 -0.100768 0.649825
0.001325 1482.17 0.157921 400559 -0.013401 0.926003
0.004705 2107.68 0.0806994 400559 -0.101008 0.649915
0.001335 1485.97 0.157595 400559 -0.0135292 0.923646
0.004715 2107.33 0.080607 400559 -0.101248 0.650006
0.001345 1489.78 0.157267 400559 -0.013659 0.921296
0.004725 2106.98 0.080515 400559 -0.101487 0.650099
0.000645 1257.74 0.177009 400559 -0.0079903 1.09055
0.001355 1493.59 0.156939 400559 -0.0137902 0.918955
0.004735 2106.63 0.0804233 400559 -0.101726 0.650193
0.000655 1260.28 0.176794 400559 -0.00804011 1.08836
0.004165 2122.78 0.0863861 400559 -0.0872886 0.646098
0.001365 1497.41 0.15661 400559 -0.013923 0.916622
0.004745 2106.27 0.0803319 400559 -0.101964 0.650289
0.000665 1262.86 0.176578 400559 -0.00808571 1.08615
0.001375 1501.23 0.156281 400559 -0.0140572 0.914297
0.004755 2105.9 0.0802409 400559 -0.102201 0.650386
0.004175 2122.67 0.0862649 400559 -0.0875586 0.646116
0.000675 1265.46 0.176358 400559 -0.00812719 1.08392
0.001385 1505.06 0.155951 400559 -0.0141929 0.911981
0.004765 2105.53 0.0801502 400559 -0.102438 0.650484
0.000685 1268.09 0.176136 400559 -0.00816581 1.08168
0.004185 2122.56 0.0861445 400559 -0.0878279 0.646137
0.001395 1508.9 0.15562 400559 -0.0143301 0.909674
0.004775 2105.16 0.0800598 400559 -0.102673 0.650584
0.000695 1270.76 0.175912 400559 -0.00820344 1.07942
0.004805 2104.02 0.0797904 400559 -0.103378 0.65089
0.004195 2122.44 0.0860248 400559 -0.0880967 0.64616
0.001405 1512.73 0.155289 400559 -0.0144688 0.907375
0.004785 2104.78 0.0799697 400559 -0.102909 0.650685
0.000705 1273.45 0.175685 400559 -0.00824194 1.07714
0.001415 1516.58 0.154957 400559 -0.0146089 0.905086
0.004795 2104.4 0.0798799 400559 -0.103144 0.650787
0.000715 1276.17 0.175456 400559 -0.00828254 1.07485
0.004205 2122.31 0.0859057 400559 -0.0883648 0.646186
0.004815 2103.63 0.0797013 400559 -0.103611 0.650995
0.001425 1520.43 0.154625 400559 -0.0147506 0.902806
0.000725 1278.92 0.175224 400559 -0.00832572 1.07255
0.004215 2122.17 0.0857874 400559 -0.0886323 0.646214
0.001435 1524.28 0.154292 400559 -0.0148937 0.900535
0.000735 1281.7 0.174989 400559 -0.00837127 1.07023
0.004225 2122.02 0.0856698 400559 -0.0888991 0.646245
0.004825 2103.24 0.0796124 400559 -0.103844 0.651101
0.001445 1528.13 0.153959 400559 -0.0150383 0.898273
0.004235 2121.86 0.0855528 400559 -0.0891653 0.646278
0.000745 1284.5 0.174753 400559 -0.00841869 1.06791
0.003525 2104.25 0.0958988 400559 -0.0688985 0.652526
0.004835 2102.84 0.0795238 400559 -0.104077 0.651208
0.001455 1531.99 0.153626 400559 -0.0151844 0.896021
0.004245 2121.7 0.0854365 400559 -0.0894309 0.646314
0.000755 1287.34 0.174513 400559 -0.00846742 1.06556
0.005445 2082.52 0.0745289 400559 -0.117629 0.656656
0.004845 2102.44 0.0794354 400559 -0.104308 0.651316
0.001465 1535.85 0.153292 400559 -0.015332 0.893778
0.003535 2105 0.0957204 400559 -0.0692013 0.652286
0.004255 2121.53 0.0853209 400559 -0.0896957 0.646353
0.000765 1290.2 0.174272 400559 -0.00851716 1.06321
0.005455 2082.33 0.074451 400559 -0.117846 0.656699
0.004855 2102.04 0.0793474 400559 -0.104539 0.651425
0.001475 1539.72 0.152958 400559 -0.015481 0.891545
0.004265 2121.34 0.085206 400559 -0.0899599 0.646394
0.003545 2105.74 0.0955429 400559 -0.0695032 0.652049
0.000965 1352.5 0.168997 400559 -0.00976309 1.0144
0.000775 1293.08 0.174028 400559 -0.0085678 1.06084
0.005465 2082.15 0.074373 400559 -0.118064 0.656743
0.004865 2101.64 0.0792596 400559 -0.104769 0.651535
0.001485 1543.58 0.152623 400559 -0.0156315 0.889321
0.004275 2121.15 0.0850917 400559 -0.0902234 0.646437
0.003555 2106.45 0.0953664 400559 -0.0698046 0.651817
0.005125 2091.72 0.077062 400559 -0.110555 0.65423
0.000785 1295.99 0.173782 400559 -0.00861943 1.05847
0.005475 2081.96 0.0742949 400559 -0.118281 0.656787
0.000975 1355.85 0.168713 400559 -0.00983914 1.01191
0.004875 2101.23 0.0791721 400559 -0.104999 0.651647
0.001495 1547.45 0.152288 400559 -0.0157835 0.887108
0.004285 2120.96 0.0849781 400559 -0.0904862 0.646483
0.003565 2107.16 0.095191 400559 -0.0701055 0.65159
0.000795 1298.93 0.173534 400559 -0.00867217 1.05608
0.005485 2081.77 0.0742167 400559 -0.118498 0.656831
0.000325 1194.4 0.182328 400559 -0.00714886 1.14821
0.005135 2091.4 0.0769804 400559 -0.110692 0.654315
0.004885 2100.82 0.0790848 400559 -0.105228 0.651759
0.000985 1359.21 0.168428 400559 -0.00991655 1.00942
0.001505 1551.32 0.151952 400559 -0.0159369 0.884905
0.003575 2107.85 0.0950166 400559 -0.0704059 0.651367
0.004295 2120.75 0.0848651 400559 -0.0907483 0.646531
0.000805 1301.9 0.173284 400559 -0.00872611 1.05368
0.005495 2081.59 0.0741384 400559 -0.118715 0.656876
0.005145 2091.08 0.076899 400559 -0.110778 0.654401
0.004895 2100.4 0.0789978 400559 -0.105456 0.651872
0.000335 1195.8 0.18221 400559 -0.00716212 1.14687
5e-06 1171.51 0.184242 400559 -0.00695501 1.17059
0.001515 1555.2 0.151617 400559 -0.0160918 0.882711
0.003585 2108.53 0.0948432 400559 -0.0707061 0.651148
0.000995 1362.59 0.168141 400559 -0.00999533 1.00692
0.004305 2120.54 0.0847528 400559 -0.0910096 0.646581
0.000815 1304.89 0.173031 400559 -0.00878131 1.05128
0.005505 2081.4 0.0740599 400559 -0.118932 0.656921
0.005155 2090.76 0.0768178 400559 -0.110821 0.654487
0.004905 2099.98 0.0789111 400559 -0.105683 0.651986
0.000345 1197.24 0.182089 400559 -0.00717589 1.14549
0.001525 1559.07 0.151281 400559 -0.0162482 0.880528
0.003595 2109.2 0.0946708 400559 -0.071006 0.650933
1.5e-05 1171.56 0.184238 400559 -0.0069547 1.17054
0.004315 2120.32 0.0846411 400559 -0.0912701 0.646634
0.001005 1365.98 0.167852 400559 -0.0100755 1.00443
0.000825 1307.9 0.172776 400559 -0.00883778 1.04886
0.005165 2090.43 0.0767368 400559 -0.110846 0.654574
0.005515 2081.2 0.0739812 400559 -0.119148 0.656967
0.004915 2099.56 0.0788246 400559 -0.10591 0.652102
0.000355 1198.73 0.181965 400559 -0.00719019 1.14408
0.001535 1562.94 0.150944 400559 -0.016406 0.878354
0.003605 2109.85 0.0944994 400559 -0.0713055 0.650723
2.5e-05 1171.65 0.184231 400559 -0.00695478 1.17045
0.004325 2120.09 0.08453 400559 -0.0915315 0.646689
0.001015 1369.4 0.167562 400559 -0.010157 1.00193
0.000835 1310.94 0.172519 400559 -0.00889551 1.04644
0.005175 2090.11 0.076656 400559 -0.110891 0.654662
0.005525 2081.01 0.0739023 400559 -0.119364 0.657013
0.004925 2099.14 0.0787384 400559 -0.106136 0.652218
0.000365 1200.25 0.181838 400559 -0.00720504 1.14263
0.003615 2110.48 0.0943291 400559 -0.0716049 0.650517
0.001545 1566.82 0.150608 400559 -0.0165653 0.876192
3.5e-05 1171.78 0.184219 400559 -0.00695523 1.17032
0.004335 2119.88 0.0844196 400559 -0.0917911 0.646739
0.001025 1372.83 0.16727 400559 -0.01024 0.999436
0.000845 1314 0.17226 400559 -0.00895449 1.04401
0.005185 2089.78 0.0765754 400558 -0.110997 0.65475
0.005535 2080.82 0.0738231 400559 -0.11958 0.657059
0.004935 2098.71 0.0786524 400559 -0.106362 0.652335
0.000375 1201.81 0.181707 400559 -0.00722044 1.14115
0.003625 2111.11 0.0941597 400559 -0.0719039 0.650315
4.5e-05 1171.96 0.184205 400559 -0.00695607 1.17014
0.001555 1570.7 0.150271 400559 -0.016726 0.874039
0.004345 2119.66 0.0843097 400559 -0.0920516 0.646791
0.001035 1376.28 0.166976 400559 -0.0103243 0.99694
0.000855 1317.09 0.171999 400559 -0.00901472 1.04157
0.005545 2080.62 0.0737436 400559 -0.119796 0.657105
0.005195 2089.44 0.076495 400558 -0.111194 0.65484
0.004945 2098.29 0.0785667 400559 -0.106587 0.652453
0.000385 1203.41 0.181573 400559 -0.00723641 1.13964
0.003635 2111.72 0.0939913 400559 -0.0722028 0.650117
5.5e-05 1172.18 0.184186 400559 -0.00695731 1.16992
0.001565 1574.57 0.149934 400559 -0.0168882 0.871897
0.004355 2119.43 0.0842004 400559 -0.0923118 0.646846
0.001045 1379.75 0.166681 400559 -0.01041 0.994445
0.000865 1320.2 0.171735 400559 -0.00907622 1.03913
0.005555 2080.43 0.0736639 400559 -0.120011 0.657152
0.004955 2097.86 0.0784812 400559 -0.106811 0.652571
0.005205 2089.11 0.0764147 400558 -0.111491 0.65493
0.000395 1205.05 0.181436 400559 -0.00725297 1.1381
0.003645 2112.32 0.0938239 400559 -0.0725015 0.649923
6.5e-05 1172.45 0.184164 400559 -0.00695896 1.16966
0.004365 2119.2 0.0840918 400559 -0.0925706 0.646903
0.001575 1578.45 0.149597 400559 -0.0170518 0.869765
0.001055 1383.23 0.166385 400559 -0.0104972 0.991951
0.000875 1323.33 0.17147 400559 -0.009139 1.03668
0.005565 2080.23 0.0735837 400559 -0.120226 0.657199
0.004965 2097.42 0.0783959 400559 -0.107034 0.652691
0.000405 1206.72 0.181295 400559 -0.00727013 1.13652
0.005215 2088.78 0.0763346 400559 -0.111872 0.65502
0.003655 2112.9 0.0936575 400559 -0.0728 0.649734
7.5e-05 1172.76 0.184138 400559 -0.00696104 1.16935
0.004375 2118.95 0.0839837 400559 -0.0928262 0.646962
0.001585 1582.33 0.14926 400559 -0.0172168 0.867644
0.001065 1386.73 0.166087 400559 -0.0105858 0.989458
0.000885 1326.49 0.171203 400559 -0.00920307 1.03422
0.005575 2080.03 0.0735032 400559 -0.12044 0.657246
0.004975 2096.99 0.0783109 400559 -0.107256 0.652811
0.000415 1208.44 0.181151 400559 -0.00728791 1.13491
0.005225 2088.44 0.0762547 400559 -0.112299 0.655111
0.003665 2113.47 0.0934921 400559 -0.0730983 0.649548
0.004385 2118.71 0.0838762 400559 -0.0930756 0.647023
8.5e-05 1173.11 0.184108 400559 -0.00696354 1.169
0.001595 1586.2 0.148923 400559 -0.0173833 0.865533
0.000895 1329.67 0.170934 400559 -0.00926844 1.03176
0.001075 1390.25 0.165788 400559 -0.0106758 0.986966
0.004985 2096.55 0.0782261 400559 -0.107478 0.652932
0.005585 2079.83 0.0734222 400559 -0.120653 0.657293
0.000425 1210.19 0.181004 400559 -0.00730632 1.13327
0.001605 1590.08 0.148585 400559 -0.0175512 0.863433
0.005765 2078.02 0.071833 400559 -0.124435 0.657569
0.000435 1211.98 0.180854 400559 -0.00732538 1.13161
0.003845 2120.38 0.0906793 400559 -0.0783517 0.647236
0.001615 1593.95 0.148248 400559 -0.0177205 0.861344
0.000445 1213.8 0.180701 400559 -0.0073451 1.12991
0.006085 2080.89 0.0672687 400559 -0.129363 0.656053
0.005775 2077.98 0.0717335 400559 -0.124636 0.657563
0.001625 1597.83 0.14791 400559 -0.0178913 0.859265
0.007365 517.827 0.213667 400561 -0.00698043 2.66271
0.003855 2120.64 0.0905319 400559 -0.0786388 0.647145
0.000455 1215.67 0.180545 400559 -0.0073655 1.12818
0.005785 2077.95 0.0716322 400559 -0.124835 0.657556
0.006405 2106.6 0.056856 400559 -0.125298 0.647536
0.001635 1601.7 0.147573 400559 -0.0180635 0.857197
0.006095 2081.23 0.0670574 400559 -0.129424 0.655926
0.006725 1762.47 0.0759696 400562 -0.128084 0.77397
0.003865 2120.89 0.0903854 400559 -0.0789254 0.647057
0.000465 1217.57 0.180385 400559 -0.0073866 1.12642
0.002245 1827.22 0.127527 400559 -0.0310593 0.751806
0.007375 511.983 0.214568 400560 -0.00653119 2.69367
0.005795 2077.91 0.0715291 400559 -0.125033 0.657549
0.001645 1605.57 0.147235 400559 -0.018237 0.85514
0.007045 918.087 0.16108 400564 -0.0491587 1.49073
0.006415 2108.29 0.0563965 400559 -0.125018 0.647007
0.006105 2081.6 0.0668403 400559 -0.129477 0.655791
0.001925 1712.4 0.137838 400559 -0.0236505 0.802018
0.003875 2121.13 0.0902398 400559 -0.0792116 0.646972
0.000475 1219.51 0.180223 400559 -0.0074084 1.12464
0.003205 2069.96 0.102166 400559 -0.0592079 0.663573
0.006735 1732.54 0.0787287 400562 -0.124204 0.787363
0.002885 2012.42 0.109541 400559 -0.0492027 0.682678
0.007385 506.356 0.215428 400560 -0.00601225 2.72417
0.005805 2077.88 0.0714242 400559 -0.125229 0.657542
0.002565 1929.62 0.118024 400559 -0.039592 0.711995
0.002255 1830.63 0.127217 400559 -0.0313107 0.75041
0.001655 1609.44 0.146897 400559 -0.018412 0.853094
0.006425 2110.04 0.0559299 400559 -0.124742 0.646459
0.006115 2081.98 0.0666171 400559 -0.129521 0.65565
0.007055 899.261 0.163413 400564 -0.0470779 1.52224
0.003885 2121.36 0.0900951 400559 -0.0794975 0.646891
0.001935 1716.13 0.137506 400559 -0.0238629 0.800282
0.000485 1221.48 0.180057 400559 -0.00743095 1.12283
0.006745 1702.72 0.0814815 400562 -0.121397 0.801177
0.003215 2071.38 0.101953 400559 -0.0595214 0.663114
0.007395 500.938 0.21625 400560 -0.00552524 2.75418
0.002895 2014.66 0.109294 400559 -0.0495147 0.681919
0.005815 2077.85 0.0713173 400559 -0.125423 0.657534
0.002265 1834.03 0.126907 400559 -0.0315632 0.749024
0.001665 1613.3 0.14656 400559 -0.0185884 0.851058
0.002575 1932.58 0.117743 400559 -0.0398756 0.710905
0.006125 2082.4 0.0663878 400559 -0.129556 0.655501
0.006435 2111.87 0.0554566 400559 -0.124473 0.64589
0.007065 880.715 0.165707 400564 -0.0449766 1.5546
0.003895 2121.58 0.0899513 400559 -0.0797829 0.646813
0.000495 1223.49 0.179888 400559 -0.00745425 1.12099
0.001945 1719.86 0.137176 400559 -0.0240766 0.798556
0.006755 1673.01 0.0842299 400562 -0.118669 0.815438
0.007405 495.724 0.217034 400560 -0.00506163 2.7837
0.003225 2072.77 0.101742 400559 -0.0598351 0.662661
0.002905 2016.87 0.109047 400559 -0.0498276 0.681168
0.005825 2077.82 0.0712083 400559 -0.125614 0.657525
0.002275 1837.41 0.126598 400559 -0.0318169 0.747649
0.001675 1617.17 0.146222 400559 -0.0187662 0.849034
0.002585 1935.53 0.117462 400559 -0.040161 0.709823
0.006135 2082.83 0.0661521 400559 -0.129583 0.655344
0.006445 2113.77 0.0549769 400559 -0.124211 0.645303
0.003905 2121.78 0.0898083 400559 -0.0800678 0.646739
0.000505 1225.53 0.179717 400559 -0.00747833 1.11912
0.007075 862.459 0.16796 400564 -0.0428843 1.58784
0.001955 1723.57 0.136845 400559 -0.0242915 0.796842
0.006765 1643.37 0.0869756 400562 -0.116056 0.830179
0.007415 490.706 0.21778 400560 -0.00460987 2.8127
0.002915 2018.98 0.108802 400559 -0.0501378 0.680453
0.003235 2074.15 0.101532 400559 -0.0601491 0.662214
0.005835 2077.79 0.0710972 400559 -0.125804 0.657515
0.002285 1840.78 0.12629 400559 -0.0320717 0.746284
0.001685 1621.03 0.145884 400559 -0.0189454 0.84702
0.002595 1938.46 0.117183 400559 -0.0404484 0.708751
0.006145 2083.3 0.0659098 400559 -0.1296 0.655179
0.006455 2115.73 0.054491 400559 -0.123956 0.644696
0.000515 1227.61 0.179542 400559 -0.00750317 1.11723
0.003915 2121.97 0.0896663 400559 -0.0803524 0.646667
0.007085 844.499 0.170173 400564 -0.0408245 1.62195
0.001965 1727.28 0.136516 400559 -0.0245076 0.795138
0.006775 1613.79 0.08972 400562 -0.113529 0.845432
0.007425 485.88 0.218489 400560 -0.00414669 2.84117
0.002925 2021.07 0.108558 400559 -0.0504485 0.679746
0.003245 2075.52 0.101323 400559 -0.0604642 0.661772
0.002295 1844.14 0.125982 400559 -0.0323276 0.744929
0.005845 2077.77 0.0709838 400559 -0.125991 0.657504
0.001695 1624.89 0.145547 400559 -0.019126 0.845018
0.002605 1941.37 0.116905 400559 -0.0407379 0.707687
0.006155 2083.79 0.0656609 400559 -0.129609 0.655005
0.006465 2117.76 0.0539995 400559 -0.123727 0.64407
0.000525 1229.73 0.179364 400559 -0.00752874 1.11532
0.003925 2122.16 0.0895251 400559 -0.0806366 0.6466
0.007095 826.836 0.172344 400564 -0.0388189 1.65695
0.001975 1730.98 0.136186 400559 -0.024725 0.793446
0.006785 1584.27 0.0924639 400562 -0.111067 0.861231
0.002935 2023.15 0.108315 400559 -0.0507595 0.679047
0.007435 481.715 0.219163 400560 -0.00380179 2.86625
0.003255 2076.86 0.101114 400559 -0.0607794 0.661337
0.002305 1847.49 0.125676 400559 -0.0325845 0.743583
0.005855 2077.75 0.070868 400559 -0.126176 0.657493
0.001705 1628.75 0.145209 400559 -0.0193079 0.843026
0.002615 1944.27 0.116628 400559 -0.0410297 0.706633
0.006165 2084.31 0.0654051 400559 -0.129608 0.654822
0.006475 2119.85 0.0535026 400559 -0.123025 0.643427
0.000535 1231.88 0.179184 400559 -0.00755496 1.11338
0.003935 2122.33 0.0893848 400559 -0.0809204 0.646535
0.007105 809.469 0.174474 400564 -0.0368817 1.69287
0.001985 1734.67 0.135858 400559 -0.0249437 0.791764
0.006795 1554.78 0.0952075 400562 -0.108646 0.877611
0.002945 2025.2 0.108073 400559 -0.0510706 0.678354
0.007445 477.733 0.219802 400559 -0.00342236 2.89064
0.003265 2078.11 0.100907 400559 -0.0610905 0.660936
0.002315 1850.82 0.12537 400559 -0.0328425 0.742248
0.005865 2077.73 0.0707497 400559 -0.126359 0.65748
0.001715 1632.6 0.144872 400559 -0.0194912 0.841046
0.002625 1947.16 0.116352 400559 -0.0413241 0.705588
0.006175 2084.87 0.0651422 400559 -0.129599 0.654629
0.006485 2121.68 0.0530227 400504 -0.134854 0.642774
0.000545 1234.06 0.179 400559 -0.00758182 1.11141
0.003945 2122.49 0.0892454 400559 -0.0812038 0.646474
0.001995 1738.35 0.135529 400559 -0.0251636 0.790094
0.007115 792.393 0.17656 400564 -0.0350193 1.72974
0.006805 1525.32 0.0979505 400562 -0.106245 0.894608
0.002955 2027.24 0.107832 400559 -0.051382 0.677668
0.007455 473.925 0.220407 400559 -0.00306905 2.91435
0.002325 1854.14 0.125065 400559 -0.0331016 0.740923
0.003275 2079.33 0.100701 400559 -0.061402 0.66054
0.005875 2077.71 0.0706289 400559 -0.126539 0.657466
0.001725 1636.45 0.144534 400559 -0.0196759 0.839076
0.002635 1950.02 0.116076 400559 -0.0416215 0.704552
0.006185 2085.45 0.0648721 400559 -0.12958 0.654427
0.006495 2105.45 0.0540731 400560 -0.146081 0.647808
0.000555 1236.28 0.178813 400559 -0.00760946 1.10942
0.003955 2122.64 0.0891068 400559 -0.0814868 0.646416
0.002005 1742.03 0.135202 400559 -0.0253848 0.788434
0.007125 775.603 0.178604 400564 -0.0331109 1.76759
0.002965 2029.26 0.107592 400559 -0.0516939 0.67699
0.006815 1495.9 0.100692 400563 -0.103848 0.912259
0.007465 470.288 0.220979 400559 -0.00274596 2.93737
0.002335 1857.44 0.124761 400559 -0.0333617 0.739608
0.003285 2080.54 0.100497 400559 -0.0617133 0.66015
0.005885 2077.7 0.0705054 400559 -0.126716 0.65745
0.001735 1640.29 0.144197 400559 -0.019862 0.837118
0.002645 1952.87 0.115802 400559 -0.0419222 0.703525
0.006195 2086.07 0.0645947 400559 -0.129552 0.654215
0.006505 2089.06 0.0551285 400560 -0.144005 0.652882
0.000565 1238.54 0.178624 400559 -0.00763828 1.10741
0.003965 2122.78 0.0889691 400559 -0.0817693 0.646362
0.002015 1745.69 0.134874 400559 -0.0256072 0.786785
0.002975 2031.27 0.107354 400559 -0.0520062 0.676318
0.007135 759.108 0.180603 400566 -0.0309671 1.80643
0.006825 1466.5 0.10343 400563 -0.101444 0.930604
0.007475 466.813 0.221518 400559 -0.0024547 2.95969
0.002345 1860.74 0.124458 400559 -0.0336227 0.738303
0.003295 2081.73 0.100293 400559 -0.0620243 0.659765
0.005895 2077.7 0.0703793 400559 -0.126892 0.657433
0.001745 1644.14 0.14386 400559 -0.0200494 0.835171
0.006205 2086.72 0.0643096 400559 -0.129519 0.653992
0.002655 1955.63 0.115529 400559 -0.042223 0.702529
0.006515 2072.81 0.0561689 400560 -0.142498 0.657989
0.000575 1240.82 0.178432 400559 -0.00766909 1.10538
0.003975 2122.9 0.0888322 400559 -0.0820518 0.64631
0.002025 1749.35 0.134548 400559 -0.0258308 0.785147
0.002985 2033.26 0.107116 400559 -0.0523192 0.675654
0.007145 744.488 0.182557 400563 -0.02993 1.84232
0.006835 1437.14 0.106164 400563 -0.0990241 0.949683
0.007485 463.496 0.222026 400560 -0.00218579 2.98131
0.002355 1864.02 0.124156 400559 -0.0338848 0.737007
0.003305 2082.91 0.10009 400559 -0.062335 0.659385
0.005905 2077.69 0.0702505 400559 -0.127064 0.657415
0.001755 1647.97 0.143523 400559 -0.0202382 0.833234
0.006215 2087.41 0.064017 400558 -0.12947 0.653758
0.002665 1958.34 0.115257 400559 -0.0425234 0.701557
0.006525 2056.73 0.0571939 400560 -0.140951 0.663127
0.000585 1243.14 0.178237 400559 -0.00770297 1.10332
0.003985 2123.02 0.0886962 400559 -0.0823345 0.646262
0.002995 2035.23 0.10688 400559 -0.0526336 0.674996
0.002035 1753 0.134222 400559 -0.0260557 0.78352
0.007155 730.173 0.184465 400563 -0.0284193 1.87889
0.006845 1407.81 0.108891 400563 -0.0965822 0.969538
0.007495 460.703 0.222503 400559 -0.0020017 2.9998
0.002365 1867.28 0.123854 400559 -0.0341478 0.735722
0.005915 2077.7 0.0701184 400559 -0.127232 0.657394
0.003315 2084.07 0.0998884 400559 -0.0626454 0.659011
0.001765 1651.81 0.143187 400559 -0.0204284 0.831309
0.006225 2087.9 0.0637164 400559 -0.129394 0.653587
0.002675 1961.03 0.114986 400559 -0.0428252 0.700594
0.006535 2040.81 0.0582034 400560 -0.139381 0.668292
0.000595 1245.49 0.178039 400559 -0.00774106 1.10124
0.003995 2123.09 0.088561 400559 -0.0826136 0.646228
0.003005 2037.18 0.106644 400559 -0.0529485 0.674346
0.002045 1756.64 0.133896 400559 -0.0262818 0.781904
0.007165 716.154 0.186325 400563 -0.0269705 1.91613
0.006855 1378.52 0.11161 400563 -0.0941137 0.990217
0.007505 458.06 0.222949 400559 -0.00181747 3.01752
0.002375 1870.53 0.123554 400559 -0.0344117 0.734446
0.005925 2077.71 0.0699829 400559 -0.127397 0.657372
0.003325 2085.22 0.0996878 400559 -0.0629555 0.658642
0.001775 1655.64 0.14285 400559 -0.0206199 0.829395
0.006235 2088.44 0.0634077 400559 -0.129295 0.653403
0.002685 1963.67 0.114716 400559 -0.0431248 0.699655
0.006545 2025.06 0.059197 400560 -0.137781 0.673484
0.000605 1247.88 0.177838 400559 -0.00778414 1.09914
0.004005 2123.15 0.0884267 400559 -0.0828927 0.646197
0.003015 2039.02 0.10641 400559 -0.0532601 0.673733
0.002055 1760.27 0.133572 400559 -0.0265091 0.780298
0.007175 702.426 0.188138 400563 -0.0255566 1.95405
0.006865 1349.27 0.114319 400564 -0.09161 1.01177
0.007515 455.56 0.223367 400559 -0.00165214 3.03446
0.002385 1873.77 0.123254 400559 -0.0346765 0.73318
0.005935 2077.72 0.0698441 400559 -0.127559 0.657348
0.003335 2086.35 0.0994883 400559 -0.0632651 0.658278
0.001785 1659.46 0.142514 400559 -0.0208127 0.827492
0.006245 2089.02 0.0630908 400559 -0.129175 0.653205
0.002695 1966.28 0.114448 400559 -0.0434244 0.698724
0.000615 1250.3 0.177635 400559 -0.00783214 1.09702
0.006555 2009.49 0.0601743 400560 -0.136144 0.678697
0.004015 2123.2 0.0882932 400559 -0.0831715 0.646168
0.003025 2040.84 0.106177 400559 -0.0535722 0.673127
0.002065 1763.88 0.133247 400559 -0.0267377 0.778703
0.007185 688.986 0.189903 400563 -0.0241797 1.99265
0.006875 1320.08 0.117015 400564 -0.0890684 1.03424
0.007525 453.2 0.223755 400559 -0.00149761 3.05063
0.005945 2077.75 0.0697023 400559 -0.12772 0.657322
0.002395 1877 0.122956 400559 -0.0349422 0.731923
0.003345 2087.46 0.0992898 400559 -0.063574 0.65792
0.001795 1663.28 0.142178 400559 -0.0210069 0.8256
0.006255 2089.64 0.0627656 400559 -0.129034 0.652991
0.002705 1968.88 0.11418 400559 -0.0437239 0.697802
0.000625 1252.75 0.177429 400559 -0.00788395 1.09489
0.006565 1994.11 0.0611349 400560 -0.134465 0.683928
0.004025 2123.24 0.0881605 400559 -0.0834498 0.646143
0.003035 2042.65 0.105944 400559 -0.0538845 0.672528
0.002075 1767.49 0.132924 400559 -0.0269675 0.777119
0.006885 1290.94 0.119698 400564 -0.086195 1.05768
0.007195 675.83 0.191621 400563 -0.0228359 2.03194
0.007535 450.973 0.224116 400559 -0.00134814 3.06604
0.005955 2077.9 0.0695563 400559 -0.127879 0.657253
0.002405 1880.21 0.122658 400559 -0.0352088 0.730676
0.003355 2088.56 0.0990925 400559 -0.0638817 0.657566
0.001805 1667.09 0.141842 400559 -0.0212024 0.82372
0.006265 2090.33 0.0624319 400559 -0.128872 0.652762
0.002715 1971.46 0.113913 400559 -0.0440232 0.696888
0.000635 1255.23 0.17722 400559 -0.00793751 1.09273
0.006575 1978.93 0.0620781 400560 -0.13274 0.689173
0.003045 2044.44 0.105713 400559 -0.0541967 0.671935
0.004035 2123.27 0.0880286 400559 -0.0837276 0.646121
0.002085 1771.09 0.132601 400559 -0.0271985 0.775546
0.006895 1261.94 0.122365 400573 -0.0833504 1.08213
0.007545 448.877 0.224449 400560 -0.00119732 3.08068
0.007205 662.952 0.193292 400563 -0.021446 2.07193
0.005965 2078.06 0.0694067 400559 -0.128034 0.657183
0.002415 1883.4 0.122361 400559 -0.0354762 0.729439
0.001815 1670.9 0.141506 400559 -0.0213992 0.82185
0.003365 2089.65 0.0988962 400559 -0.0641872 0.657218
0.000905 1332.87 0.170663 400559 -0.00933511 1.02929
0.005235 2088.1 0.076175 400559 -0.112728 0.655203
0.004395 2118.45 0.0837693 400559 -0.0933149 0.647086
0.003375 2090.72 0.0987009 400559 -0.0644891 0.656874
0.000915 1336.09 0.17039 400559 -0.00940311 1.02682
0.005245 2087.76 0.0760954 400559 -0.113122 0.655296
9.5e-05 1173.51 0.184075 400559 -0.00696646 1.1686
0.004405 2118.19 0.083663 400559 -0.0935408 0.647152
0.000925 1339.33 0.170115 400559 -0.00947243 1.02434
0.005255 2087.42 0.076016 400559 -0.11346 0.655389
0.003385 2091.77 0.0985068 400559 -0.0647858 0.656535
0.003675 2114.03 0.0933277 400559 -0.0733972 0.649367
0.000105 1173.95 0.184038 400559 -0.0069698 1.16816
0.004995 2096.11 0.0781415 400559 -0.107699 0.653054
0.000935 1342.59 0.169838 400559 -0.00954308 1.02186
0.004415 2117.92 0.0835572 400559 -0.0937515 0.647219
0.005265 2087.07 0.0759368 400559 -0.113741 0.655483
0.003395 2092.81 0.0983136 400559 -0.0650756 0.6562
0.003685 2114.57 0.0931643 400559 -0.0736958 0.64919
0.000115 1174.43 0.183998 400559 -0.00697356 1.16768
0.000945 1345.88 0.16956 400559 -0.00961507 1.01938
0.004425 2117.64 0.0834519 400559 -0.0939484 0.647289
0.005005 2095.67 0.0780572 400559 -0.107919 0.653176
0.005275 2086.73 0.0758577 400559 -0.113976 0.655577
0.003405 2093.85 0.0981216 400559 -0.0653582 0.655869
0.001085 1393.78 0.165487 400559 -0.0107672 0.984477
0.003695 2115.03 0.0930019 400559 -0.0739898 0.64904
0.000955 1349.18 0.169279 400559 -0.00968841 1.01689
0.000125 1174.96 0.183954 400559 -0.00697774 1.16716
0.005595 2079.63 0.0733408 400559 -0.120866 0.657341
0.004435 2117.35 0.0833472 400559 -0.0941368 0.64736
0.005015 2095.23 0.077973 400559 -0.108136 0.653299
0.005285 2086.38 0.0757787 400559 -0.114183 0.655672
0.006275 2091.06 0.0620896 400559 -0.128692 0.652516
0.002725 1974.03 0.113647 400559 -0.0443226 0.695982
0.005295 2086.03 0.0756999 400559 -0.114381 0.655767
0.005975 2078.23 0.0692531 400559 -0.128183 0.65711
0.006285 2091.86 0.0617387 400559 -0.128493 0.652252
0.007215 650.357 0.194915 400564 -0.0198803 2.11258
0.005305 2085.68 0.0756213 400559 -0.114581 0.655863
0.002735 1976.57 0.113383 400559 -0.0446222 0.695084
0.003055 2046.21 0.105484 400559 -0.0545092 0.671349
0.006295 2092.71 0.0613792 400559 -0.128279 0.651971
0.005985 2078.41 0.0690956 400559 -0.128325 0.657034
0.006585 1963.95 0.0630033 400560 -0.130965 0.694427
0.005315 2085.33 0.0755427 400559 -0.114787 0.655959
0.007225 639.277 0.196491 400562 -0.0190676 2.14972
0.002745 1979.1 0.113119 400559 -0.0449223 0.694194
0.004045 2123.29 0.0878976 400559 -0.0840046 0.646102
0.006305 2093.63 0.0610108 400559 -0.128049 0.65167
0.005995 2078.59 0.068934 400559 -0.128461 0.656955
0.003065 2047.97 0.105255 400559 -0.0548219 0.670769
0.002095 1774.68 0.132278 400559 -0.0274307 0.773983
0.005325 2084.98 0.0754643 400559 -0.114999 0.656055
0.007235 628.486 0.198018 400562 -0.0179245 2.18717
0.006595 1949.19 0.0639099 400560 -0.129138 0.699684
0.002755 1981.62 0.112856 400559 -0.045223 0.693313
0.006905 1237.16 0.125125 400563 -0.0820361 1.10389
0.006315 2094.61 0.0606337 400559 -0.127805 0.65135
0.004055 2123.3 0.0877677 400559 -0.0842822 0.646086
0.006005 2078.79 0.0687681 400559 -0.128591 0.656873
0.003075 2049.71 0.105027 400559 -0.0551349 0.670195
0.007555 447.204 0.224756 400559 -0.00107597 3.09251
0.005335 2084.62 0.075386 400559 -0.11521 0.656152
0.007245 617.976 0.199497 400562 -0.016835 2.22492
0.006605 1934.67 0.064797 400560 -0.127261 0.704939
0.002425 1886.58 0.122065 400559 -0.0357444 0.728211
0.002105 1778.26 0.131957 400559 -0.0276642 0.772431
0.002765 1984.11 0.112595 400559 -0.0455244 0.692439
0.006325 2095.66 0.0602479 400559 -0.127549 0.651009
0.001825 1674.71 0.141171 400559 -0.0215973 0.819992
0.006015 2079 0.0685977 400559 -0.128713 0.656787
0.004065 2123.3 0.0876385 400559 -0.084558 0.646073
0.000135 1175.53 0.183906 400559 -0.00698233 1.16659
0.006915 1212.61 0.127863 400564 -0.07889 1.12638
0.003085 2051.43 0.1048 400559 -0.0554484 0.669628
0.001095 1397.32 0.165185 400559 -0.0108601 0.981989
0.005345 2084.27 0.0753079 400560 -0.115429 0.656249
0.007255 607.742 0.200928 400562 -0.0157842 2.26294
0.007565 445.655 0.225037 400559 -0.000949396 3.10354
0.003415 2094.87 0.0979306 400559 -0.0656351 0.655542
0.006615 1920.38 0.0656641 400560 -0.125336 0.710185
0.002115 1781.83 0.131636 400559 -0.0278988 0.77089
0.002435 1889.75 0.12177 400559 -0.0360135 0.726993
0.003705 2115.47 0.0928404 400559 -0.0742841 0.648893
0.002775 1986.59 0.112335 400559 -0.0458268 0.691574
0.006335 2096.78 0.0598533 400559 -0.127284 0.650649
0.006025 2079.23 0.0684228 400559 -0.128829 0.656697
0.004445 2117.06 0.0832431 400559 -0.094326 0.647434
0.001835 1678.5 0.140836 400559 -0.0217968 0.818144
0.004075 2123.29 0.0875099 400559 -0.084834 0.646062
0.006925 1188.25 0.130578 400568 -0.078191 1.14962
0.005605 2079.43 0.0732588 400559 -0.121078 0.657388
0.000145 1176.15 0.183855 400559 -0.00698732 1.16599
0.003095 2053.14 0.104575 400559 -0.0557624 0.669068
0.005025 2094.79 0.0778892 400559 -0.108358 0.653422
0.005355 2084.1 0.0752297 400559 -0.115653 0.656287
0.001105 1400.88 0.164881 400559 -0.0109544 0.979504
0.007265 597.778 0.202312 400562 -0.0147776 2.30123
0.007575 444.226 0.225292 400559 -0.000831953 3.11378
0.006625 1906.35 0.0665105 400560 -0.12337 0.715416
0.002125 1785.39 0.131315 400559 -0.0281347 0.769359
0.003425 2095.88 0.0977407 400559 -0.0659112 0.655219
0.002445 1892.91 0.121476 400559 -0.0362833 0.725784
0.002785 1989.06 0.112075 400559 -0.0461302 0.690716
0.003715 2115.9 0.0926799 400559 -0.074578 0.648751
0.006345 2097.97 0.05945 400559 -0.12701 0.650267
0.006035 2079.46 0.0682432 400559 -0.128937 0.656602
0.006635 1892.58 0.0673356 400560 -0.121371 0.720626
0.001845 1682.3 0.140502 400559 -0.0219976 0.816308
0.004085 2123.27 0.0873821 400559 -0.0851085 0.646055
0.004455 2116.77 0.0831394 400559 -0.0945271 0.64751
0.006935 1164.1 0.133269 400564 -0.0738204 1.1736
0.005615 2079.23 0.0731762 400559 -0.12129 0.657436
0.006355 2099.23 0.0590382 400559 -0.12673 0.649865
0.000155 1176.8 0.1838 400559 -0.00699273 1.16534
0.003105 2054.83 0.10435 400559 -0.0560777 0.668513
0.005365 2083.93 0.0751517 400559 -0.115875 0.656326
0.005035 2094.49 0.0778055 400559 -0.108583 0.653499
0.001115 1404.46 0.164576 400559 -0.0110502 0.977022
0.007275 588.079 0.203649 400561 -0.0138135 2.33976
0.007585 442.913 0.225523 400559 -0.000723984 3.12325
0.002135 1788.94 0.130996 400559 -0.0283718 0.767839
0.003435 2096.87 0.0975518 400559 -0.0661898 0.654899
0.002455 1896.05 0.121183 400559 -0.036554 0.724585
0.002795 1991.5 0.111817 400559 -0.046435 0.689867
0.003725 2116.32 0.0925203 400559 -0.0748713 0.648612
0.006045 2079.71 0.0680587 400559 -0.129037 0.656503
0.006645 1879.09 0.0681392 400560 -0.11935 0.725809
0.001855 1686.08 0.140167 400559 -0.0221997 0.814483
0.004095 2123.25 0.0872549 400559 -0.0853829 0.646051
0.004465 2116.46 0.0830363 400559 -0.0947507 0.647588
0.006945 1140.18 0.135936 400564 -0.0718893 1.19838
0.005625 2079.03 0.0730931 400559 -0.1215 0.657484
0.006365 2100.56 0.0586179 400559 -0.126445 0.649441
0.000165 1177.5 0.183741 400559 -0.00699855 1.16465
0.003115 2056.49 0.104127 400559 -0.0563934 0.667965
0.005375 2083.76 0.0750737 400559 -0.116096 0.656366
0.005045 2094.19 0.077722 400559 -0.108807 0.653577
0.001125 1408.04 0.16427 400559 -0.0111474 0.974542
0.007285 578.638 0.20494 400561 -0.0128526 2.37851
0.007595 441.713 0.225729 400559 -0.000625117 3.13194
0.002145 1792.47 0.130677 400559 -0.0286101 0.766329
0.003445 2097.75 0.097364 400559 -0.0664708 0.654617
0.002465 1899.17 0.120891 400559 -0.0368254 0.723394
0.002805 1993.93 0.11156 400559 -0.0467416 0.689025
0.003735 2116.72 0.0923617 400559 -0.0751641 0.648477
0.006055 2079.98 0.0678691 400559 -0.129131 0.656399
0.006655 1865.87 0.0689211 400560 -0.117321 0.730959
0.001865 1689.86 0.139833 400559 -0.0224031 0.812669
0.004105 2123.21 0.0871286 400559 -0.0856568 0.646049
0.004475 2116.15 0.0829337 400559 -0.0950033 0.647668
0.006955 1116.49 0.138578 400564 -0.0693592 1.22398
0.005635 2078.83 0.0730093 400559 -0.12171 0.657531
0.006375 2101.96 0.0581894 400559 -0.126158 0.648996
0.000175 1178.25 0.183679 400559 -0.00700478 1.16391
0.003125 2058.06 0.103905 400559 -0.0567055 0.667453
0.005385 2083.59 0.0749958 400559 -0.116316 0.656406
0.005055 2093.89 0.0776388 400559 -0.109032 0.653656
0.001135 1411.64 0.163963 400559 -0.0112461 0.972066
0.005395 2083.41 0.074918 400559 -0.116536 0.656446
0.006965 1093.02 0.141194 400564 -0.066904 1.25044
0.005065 2093.59 0.0775558 400559 -0.109257 0.653736
0.005645 2078.63 0.0729247 400559 -0.121915 0.657579
0.005405 2083.24 0.0748401 400559 -0.116755 0.656487
0.001145 1415.26 0.163654 400559 -0.0113462 0.969594
0.007295 569.455 0.206185 400562 -0.0118245 2.41745
0.005075 2093.28 0.0774729 400559 -0.109484 0.653816
0.006975 1069.77 0.143784 400564 -0.0645128 1.27781
0.005415 2083.06 0.0747623 400559 -0.116974 0.656529
0.007605 440.625 0.225911 400559 -0.000532282 3.13987
0.005655 2078.43 0.0728397 400560 -0.122127 0.657627
0.001155 1418.88 0.163345 400559 -0.0114478 0.967126
0.005085 2092.97 0.0773903 400559 -0.109713 0.653898
0.002155 1796 0.130358 400559 -0.0288496 0.76483
0.006985 1046.73 0.146346 400565 -0.0621962 1.30614
0.007305 561.348 0.207386 400561 -0.0111992 2.45294
0.003455 2098.61 0.0971772 400559 -0.0667613 0.65434
0.005425 2082.88 0.0746845 400559 -0.117193 0.656571
0.001165 1422.52 0.163034 400559 -0.0115509 0.964662
0.005665 2078.39 0.0727536 400559 -0.122343 0.657621
0.007615 439.899 0.226069 400559 -0.000453865 3.14522
0.005095 2092.66 0.0773079 400559 -0.109942 0.65398
0.006385 2103.43 0.0577527 400559 -0.12587 0.64853
0.002165 1799.52 0.130041 400559 -0.0290904 0.763341
0.006995 1023.89 0.14888 400565 -0.0599448 1.33549
0.007315 553.497 0.208541 400561 -0.0104191 2.48832
0.005435 2082.7 0.0746067 400559 -0.117411 0.656613
0.001175 1426.18 0.162722 400559 -0.0116554 0.962202
0.002475 1902.28 0.1206 400559 -0.0370977 0.722214
0.005675 2078.36 0.0726666 400559 -0.122557 0.657615
0.003465 2099.46 0.0969915 400559 -0.0670604 0.654067
0.005105 2092.35 0.0772257 400559 -0.110166 0.654063
0.003135 2059.6 0.103684 400559 -0.0570182 0.666948
0.005115 2092.04 0.0771438 400559 -0.110376 0.654146
0.003145 2061.13 0.103463 400559 -0.0573309 0.666448
0.002815 1996.3 0.111304 400559 -0.0470465 0.688205
0.003155 2062.65 0.103244 400559 -0.0576435 0.665954
0.003165 2064.14 0.103027 400559 -0.0579562 0.665466
0.003175 2065.62 0.10281 400559 -0.0582689 0.664984
0.002825 1998.66 0.111049 400559 -0.0473525 0.687392
0.003185 2067.08 0.102594 400559 -0.0585817 0.664508
0.003745 2117.12 0.0922041 400559 -0.0754563 0.648346
0.002835 2001 0.110795 400559 -0.0476591 0.686587
0.003195 2068.53 0.102379 400559 -0.0588947 0.664037
0.002845 2003.32 0.110542 400559 -0.0479663 0.68579
0.006065 2080.27 0.0676744 400559 -0.129216 0.65629
0.002855 2005.62 0.11029 400559 -0.0482742 0.685001
0.006665 1852.94 0.0696818 400560 -0.115301 0.736071
0.002865 2007.9 0.110039 400559 -0.0485828 0.684219
0.006675 1840.3 0.0704218 400560 -0.113307 0.741142
0.002875 2010.17 0.10979 400559 -0.0488923 0.683445
0.006685 1827.94 0.0711421 400560 -0.111352 0.746168
0.001875 1693.64 0.1395 400559 -0.0226078 0.810866
0.006695 1815.86 0.0718442 400560 -0.109499 0.751147
0.006705 1804.06 0.0725297 400560 -0.107025 0.75608
0.006715 1792.3 0.073222 400511 -0.118217 0.760972
0.001885 1697.4 0.139166 400559 -0.0228138 0.809074
0.004115 2123.16 0.087003 400559 -0.0859301 0.64605
0.001895 1701.16 0.138834 400559 -0.023021 0.807294
0.001905 1704.92 0.138501 400559 -0.0232296 0.805524
0.001915 1708.66 0.138169 400559 -0.0234394 0.803766
0.004125 2123.1 0.0868781 400559 -0.086203 0.646054
0.000185 1179.03 0.183614 400559 -0.00701141 1.16314
0.004135 2123.03 0.086754 400559 -0.0864752 0.646061
0.004145 2122.96 0.0866306 400559 -0.0867469 0.646071
0.004155 2122.87 0.086508 400559 -0.0870181 0.646083
0.000195 1179.86 0.183544 400559 -0.00701846 1.16233
0.007625 439.28 0.226204 400559 -0.000376597 3.14979
0.000205 1180.73 0.183472 400559 -0.00702591 1.16147
0.000215 1181.64 0.183395 400559 -0.00703378 1.16058
0.000225 1182.59 0.183316 400559 -0.00704207 1.15964
0.007635 438.767 0.226316 400559 -0.000302881 3.15359
0.001185 1429.84 0.162408 400559 -0.0117614 0.959747
0.000235 1183.59 0.183232 400559 -0.00705077 1.15867
0.007645 438.359 0.226405 400559 -0.000232235 3.15663
0.000245 1184.63 0.183146 400559 -0.00705989 1.15766
0.007655 438.053 0.226472 400559 -0.000164157 3.15891
0.000255 1185.71 0.183055 400559 -0.00706944 1.15661
0.001195 1433.51 0.162094 400559 -0.0118689 0.957297
0.002175 1803.02 0.129724 400559 -0.0293323 0.761863
0.000265 1186.83 0.182962 400559 -0.00707943 1.15552
0.007665 437.85 0.226516 400559 -9.89767e-05 3.16042
0.001205 1437.2 0.161779 400559 -0.0119778 0.954853
0.000275 1187.99 0.182864 400559 -0.00708985 1.1544
0.007675 437.748 0.226538 400559 -3.23086e-05 3.16118
0.001215 1440.9 0.161462 400559 -0.0120883 0.952414
0.000285 1189.19 0.182764 400559 -0.00710072 1.15323
0.007005 1001.24 0.151384 400565 -0.0577274 1.36593
0.000295 1190.43 0.18266 400559 -0.00711205 1.15203
0.000305 1191.71 0.182553 400559 -0.00712384 1.1508
0.000315 1193.04 0.182442 400559 -0.00713611 1.14952
0.007015 978.784 0.153857 400565 -0.0553137 1.39751
0.006395 2104.98 0.0573082 400559 -0.125583 0.648043
0.007325 545.893 0.209651 400561 -0.00968135 2.52356
0.007335 538.53 0.210719 400561 -0.00897652 2.55865
0.002485 1905.38 0.12031 400559 -0.0373708 0.721042
0.007345 531.402 0.211743 400560 -0.00830738 2.59355
0.007355 524.502 0.212725 400560 -0.00765452 2.62825
0.002495 1908.46 0.120021 400559 -0.0376448 0.719879
0.005685 2078.32 0.0725786 400559 -0.122771 0.65761
0.002505 1911.53 0.119732 400559 -0.0379196 0.718726
0.003475 2100.3 0.0968068 400559 -0.0673655 0.653798
0.002515 1914.58 0.119445 400559 -0.0381955 0.717582
0.002525 1917.62 0.119159 400559 -0.0384723 0.716446
0.005695 2078.28 0.0724897 400559 -0.122984 0.657605
0.002535 1920.64 0.118874 400559 -0.0387503 0.71532
0.005705 2078.25 0.0723997 400559 -0.123195 0.6576
0.003485 2101.12 0.0966231 400559 -0.0676736 0.653534
0.002545 1923.65 0.118589 400559 -0.0390295 0.714203
0.005715 2078.21 0.0723085 400559 -0.123406 0.657595
0.003495 2101.92 0.0964405 400559 -0.0679819 0.653275
0.002555 1926.64 0.118306 400559 -0.03931 0.713095
0.003755 2117.5 0.0920474 400559 -0.075748 0.648219
0.005725 2078.17 0.0722161 400559 -0.123615 0.65759
0.003505 2102.72 0.0962589 400559 -0.068289 0.653021
0.005735 2078.13 0.0721225 400559 -0.123822 0.657585
0.006075 2080.57 0.0674743 400559 -0.129294 0.656175
0.005745 2078.1 0.0720275 400559 -0.124028 0.65758
0.005755 2078.06 0.071931 400559 -0.124232 0.657574
0.001225 1444.6 0.161145 400559 -0.0122002 0.94998
0.001235 1448.32 0.160827 400559 -0.0123136 0.947552
0.002185 1806.51 0.129408 400559 -0.0295755 0.760395
0.001245 1452.05 0.160507 400559 -0.0124285 0.945131
0.007025 956.544 0.156298 400569 -0.0525063 1.43028
0.003515 2103.49 0.0960784 400559 -0.0685945 0.652771
0.001255 1455.78 0.160187 400559 -0.0125448 0.942716
0.007035 937.181 0.158708 400564 -0.0512308 1.46008
0.003765 2117.87 0.0918916 400559 -0.0760392 0.648095
0.001265 1459.53 0.159866 400559 -0.0126627 0.940307
0.001275 1463.28 0.159544 400559 -0.012782 0.937905
0.002195 1809.99 0.129093 400559 -0.0298198 0.758938
0.002205 1813.46 0.128778 400559 -0.0300653 0.757491
0.003775 2118.22 0.0917368 400559 -0.0763299 0.647975
0.002215 1816.92 0.128464 400559 -0.0303121 0.756054
0.002225 1820.37 0.128151 400559 -0.03056 0.754628
0.002235 1823.8 0.127839 400559 -0.030809 0.753211
0.003785 2118.57 0.091583 400559 -0.0766201 0.647859
0.003795 2118.9 0.0914301 400559 -0.0769098 0.647746
0.003805 2119.22 0.0912781 400559 -0.0771991 0.647637
0.003815 2119.53 0.091127 400559 -0.0774879 0.647531
0.003825 2119.82 0.0909769 400559 -0.0777763 0.647429
0.003835 2120.11 0.0908276 400559 -0.0780642 0.647331
