0.002885 2013.46 0.109727 406972 -0.0373769 0.693206
0.002895 2015.56 0.109482 406973 -0.0376503 0.692481
0.002905 2017.64 0.109238 406973 -0.0379236 0.691763
0.002915 2019.72 0.108995 406973 -0.0381968 0.69105
0.002925 2021.77 0.108753 406973 -0.0384704 0.690344
0.002935 2023.82 0.108512 406973 -0.0387444 0.689644
0.002945 2025.85 0.108272 406973 -0.0390192 0.688949
0.002955 2027.87 0.108033 406973 -0.0392951 0.688261
0.002965 2029.87 0.107795 406973 -0.0395729 0.687578
0.002975 2031.85 0.107559 406972 -0.039851 0.686902
0.002985 2033.7 0.107323 406973 -0.0401283 0.686275
0.002995 2035.53 0.107088 406973 -0.0404057 0.685654
0.003005 2037.35 0.106855 406973 -0.0406835 0.685039
0.003015 2039.15 0.106622 406973 -0.040962 0.684429
5e-06 1190.16 0.183085 406973 0.00160937 1.17057
0.003025 2040.94 0.10639 406973 -0.0412414 0.683825
1.5e-05 1190.2 0.183081 406973 0.00160804 1.17053
0.003035 2042.71 0.10616 406973 -0.0415219 0.683227
2.5e-05 1190.29 0.183074 406973 0.00160694 1.17044
3.5e-05 1190.41 0.183063 406973 0.00160591 1.17032
4.5e-05 1190.58 0.183049 406973 0.00160496 1.17015
0.003045 2044.48 0.105931 406973 -0.0418035 0.682634
5.5e-05 1190.79 0.183032 406973 0.00160407 1.16995
6.5e-05 1191.05 0.183011 406973 0.00160323 1.1697
7.5e-05 1191.34 0.182986 406973 0.00160244 1.16941
0.003055 2046.22 0.105702 406973 -0.0420865 0.682047
8.5e-05 1191.68 0.182958 406973 0.0016017 1.16908
9.5e-05 1192.06 0.182926 406973 0.00160098 1.16871
0.000105 1192.48 0.182891 406973 0.00160028 1.16829
0.003065 2047.95 0.105475 406973 -0.0423709 0.681466
0.000115 1192.95 0.182852 406973 0.00159957 1.16784
0.000125 1193.45 0.18281 406973 0.00159886 1.16735
0.000135 1194 0.182764 406973 0.0015981 1.16681
0.003075 2049.67 0.105248 406973 -0.0426574 0.680891
0.000145 1194.59 0.182715 406973 0.00159729 1.16624
0.000155 1195.22 0.182662 406973 0.00159641 1.16562
0.003085 2051.37 0.105023 406972 -0.0429443 0.680321
0.000165 1195.9 0.182605 406973 0.00159543 1.16496
0.003095 2052.95 0.104799 406973 -0.0432305 0.679794
0.000175 1196.62 0.182546 406973 0.00159432 1.16427
0.003105 2054.51 0.104576 406973 -0.0435169 0.679272
0.000185 1197.37 0.182482 406973 0.00159307 1.16353
0.005445 2089.02 0.0735363 406973 -0.10099 0.664935
0.000965 1367.29 0.168187 406973 -0.000613413 1.01943
0.003115 2056.06 0.104354 406973 -0.0438038 0.678756
0.000195 1198.17 0.182416 406973 0.00159165 1.16276
0.005455 2088.89 0.0734323 406973 -0.101179 0.664959
0.000975 1370.56 0.167909 406973 -0.000684098 1.017
0.003125 2057.59 0.104133 406973 -0.044091 0.678245
0.005465 2088.77 0.0733277 406973 -0.101366 0.664982
0.000985 1373.86 0.167629 406973 -0.000756132 1.01457
0.000205 1199.01 0.182345 406973 0.00159004 1.16195
0.003135 2059.11 0.103913 406973 -0.0443786 0.67774
0.005475 2088.64 0.0732226 406973 -0.101553 0.665005
0.000995 1377.18 0.167348 406973 -0.000829521 1.01214
0.000215 1199.9 0.182272 406973 0.0015882 1.16109
0.003145 2060.61 0.103694 406973 -0.0446666 0.67724
0.001005 1380.51 0.167065 406973 -0.000904271 1.0097
0.005485 2088.52 0.0731169 406973 -0.101739 0.665028
0.000225 1200.82 0.182194 406973 0.00158612 1.1602
0.005495 2088.4 0.0730108 406973 -0.101925 0.665051
0.001015 1383.86 0.16678 406973 -0.00098039 1.00727
0.003155 2062.1 0.103476 406973 -0.0449549 0.676746
0.000235 1201.79 0.182114 406973 0.00158377 1.15927
0.005505 2088.28 0.072904 406973 -0.10211 0.665073
0.001025 1387.23 0.166494 406973 -0.00105788 1.00483
0.003165 2063.57 0.103259 406973 -0.0452436 0.676257
0.000245 1202.79 0.18203 406973 0.00158112 1.15831
0.005515 2088.17 0.0727967 406973 -0.102293 0.665094
0.001035 1390.61 0.166207 406973 -0.00113676 1.0024
0.003175 2065.03 0.103043 406973 -0.0455326 0.675774
0.005525 2088.05 0.072689 406973 -0.102477 0.665116
0.000255 1203.84 0.181942 406973 0.00157815 1.1573
0.001045 1394.01 0.165918 406973 -0.00121701 0.999965
0.003185 2066.47 0.102828 406973 -0.045822 0.675296
0.004805 2106.47 0.079576 406973 -0.0879274 0.660484
0.005535 2087.94 0.0725807 406973 -0.102659 0.665136
0.000265 1204.93 0.181851 406973 0.00157483 1.15626
0.001055 1397.43 0.165627 406973 -0.00129865 0.997531
0.003195 2067.9 0.102614 406973 -0.0461117 0.674824
0.005545 2087.83 0.0724718 406973 -0.102841 0.665157
0.004815 2106.11 0.0794818 406973 -0.0881474 0.66058
0.000275 1206.06 0.181757 406973 0.00157114 1.15518
0.001065 1400.86 0.165335 406973 -0.00138168 0.995098
0.005555 2087.72 0.0723625 406973 -0.103022 0.665176
0.004825 2105.75 0.0793878 406973 -0.0883667 0.660676
0.001075 1404.3 0.165042 406973 -0.0014661 0.992666
0.000285 1207.23 0.181659 406973 0.00156705 1.15407
0.001085 1407.77 0.164747 406973 -0.00155189 0.990235
0.005565 2087.61 0.0722528 406973 -0.103202 0.665196
0.001095 1411.24 0.164451 406973 -0.00163904 0.987806
0.004835 2105.39 0.0792941 406973 -0.0885853 0.660773
0.005575 2087.51 0.0721425 406973 -0.103379 0.665214
0.001105 1414.73 0.164153 406973 -0.00172754 0.985379
0.001925 1720.09 0.13762 406973 -0.0137331 0.811181
0.004845 2105.03 0.0792005 406973 -0.0888033 0.660872
0.005585 2087.41 0.0720323 406973 -0.103561 0.665232
0.001115 1418.24 0.163855 406973 -0.00181736 0.982954
0.000295 1208.44 0.181558 406973 0.00156254 1.15292
0.004855 2104.66 0.0791072 406973 -0.0890205 0.660972
0.005595 2087.52 0.0719212 406973 -0.103749 0.665181
0.001125 1421.76 0.163555 406973 -0.00190849 0.980532
0.000325 1212.3 0.181235 406973 0.00154625 1.14925
0.004865 2104.28 0.0790141 406973 -0.089237 0.661072
0.005605 2087.64 0.0718097 406973 -0.103936 0.665129
0.001135 1425.29 0.163254 406973 -0.0020009 0.978113
0.000305 1209.68 0.181454 406973 0.00155759 1.15173
0.001935 1723.74 0.137295 406973 -0.0139361 0.80947
0.004875 2103.91 0.0789212 406973 -0.0894527 0.661174
0.005615 2087.76 0.0716979 406973 -0.104123 0.665077
0.001145 1428.83 0.162951 406973 -0.00209458 0.975698
0.003525 2102.84 0.0961354 406973 -0.0555447 0.663364
0.004885 2103.53 0.0788285 406973 -0.0896677 0.661277
0.005625 2087.88 0.0715857 406973 -0.104309 0.665025
0.001155 1432.39 0.162648 406973 -0.00218953 0.973285
0.000315 1210.97 0.181346 406973 0.00155217 1.15051
0.002565 1932.9 0.118113 406973 -0.0287028 0.722128
0.004895 2103.15 0.078736 406973 -0.0898819 0.66138
0.000335 1213.67 0.18112 406973 0.00153983 1.14796
0.005635 2088 0.0714733 406973 -0.104494 0.664973
0.001165 1435.96 0.162343 406973 -0.00228574 0.970877
0.001945 1727.38 0.13697 406973 -0.0141403 0.807769
0.003535 2103.59 0.0959561 406973 -0.0558255 0.663118
0.002245 1832.36 0.12748 406973 -0.0207927 0.761662
0.003545 2104.33 0.0957778 406973 -0.0561062 0.662875
0.005125 2095.93 0.0766295 406973 -0.0947142 0.663277
0.002255 1835.7 0.127174 406973 -0.0210299 0.760283
0.003555 2105.06 0.0956004 406973 -0.0563868 0.662637
0.003205 2069.32 0.102402 406973 -0.0464018 0.674357
0.003565 2105.77 0.095424 406973 -0.0566673 0.662403
0.002265 1839.02 0.126869 406973 -0.0212679 0.758914
0.000645 1274.34 0.176034 406973 0.000985343 1.09349
0.003575 2106.47 0.0952486 406973 -0.0569478 0.662173
0.002275 1842.33 0.126565 406973 -0.0215067 0.757555
0.005135 2095.63 0.0765376 406973 -0.0949188 0.663354
0.003585 2107.16 0.0950742 406973 -0.0572282 0.661947
0.002285 1845.62 0.126261 406973 -0.0217462 0.756206
0.001605 1600.25 0.148174 406973 -0.00792706 0.871639
0.003215 2070.71 0.10219 406973 -0.0466929 0.673896
0.003595 2107.83 0.0949007 406973 -0.0575087 0.661725
0.002295 1848.91 0.125959 406973 -0.0219864 0.754866
0.001285 1479.62 0.158605 406973 -0.00354733 0.942357
0.001615 1604.05 0.147843 406973 -0.00808746 0.869585
0.003605 2108.5 0.0947281 406973 -0.0577891 0.661507
0.002305 1852.18 0.125657 406973 -0.0222272 0.753536
0.005145 2095.34 0.0764455 406973 -0.0951226 0.663431
0.000655 1276.83 0.175825 406973 0.000953247 1.09136
0.001625 1607.84 0.147512 406973 -0.00824926 0.867541
0.003615 2109.15 0.0945565 406973 -0.0580697 0.661294
0.003225 2072.1 0.101979 406972 -0.0469834 0.67344
0.002315 1855.44 0.125356 406973 -0.0224687 0.752215
0.003625 2109.78 0.0943859 406973 -0.0583502 0.661084
0.001635 1611.64 0.14718 406973 -0.00841246 0.865507
0.004165 2122.27 0.0864668 406973 -0.0727588 0.656537
0.002325 1858.69 0.125055 406973 -0.0227109 0.750904
0.005155 2095.04 0.0763532 406973 -0.0953256 0.663509
0.003635 2110.41 0.0942162 406973 -0.0586314 0.660878
0.001295 1483.32 0.158288 406973 -0.00366182 0.940019
0.001645 1615.43 0.146849 406973 -0.00857705 0.863484
0.000665 1279.35 0.175612 406973 0.000920109 1.08921
0.002335 1861.93 0.124756 406973 -0.0229536 0.749602
0.004175 2122.2 0.0863416 406973 -0.0730123 0.656545
0.003235 2073.37 0.10177 406973 -0.0472721 0.673021
0.003645 2111.02 0.0940475 406972 -0.0589116 0.660676
0.001655 1619.23 0.146517 406973 -0.00874302 0.861472
0.002345 1865.15 0.124457 406973 -0.0231969 0.74831
0.005165 2094.74 0.0762608 406973 -0.0955279 0.663587
0.004185 2122.12 0.0862171 406973 -0.0732653 0.656555
0.001305 1487.02 0.15797 406973 -0.00377775 0.937687
0.003655 2111.54 0.0938797 406973 -0.05919 0.660504
0.000675 1281.91 0.175398 406973 0.000885918 1.08705
0.001665 1623.02 0.146186 406973 -0.00891038 0.85947
0.002355 1868.36 0.12416 406973 -0.0234407 0.747026
0.004195 2122.03 0.0860933 406973 -0.0735177 0.656568
0.003245 2074.62 0.101561 406973 -0.0475604 0.672606
0.003665 2112.04 0.0937128 406973 -0.0594677 0.660335
0.005175 2094.43 0.0761681 406973 -0.0957294 0.663666
0.001675 1626.8 0.145854 406973 -0.00907912 0.857478
0.002365 1871.56 0.123863 406973 -0.023685 0.745752
0.004205 2121.93 0.0859702 406973 -0.0737694 0.656584
0.001315 1490.73 0.157651 406973 -0.00389514 0.935363
0.003675 2112.54 0.0935468 406973 -0.0597451 0.660171
0.001685 1630.59 0.145523 406973 -0.00924923 0.855497
0.002375 1874.75 0.123567 406973 -0.0239299 0.744488
0.004215 2121.83 0.0858477 406973 -0.0740206 0.656602
0.000685 1284.49 0.17518 406973 0.000850659 1.08487
0.004485 2116.62 0.0827706 406973 -0.0806308 0.657818
0.003685 2113.02 0.0933818 406973 -0.0600221 0.66001
0.004225 2121.72 0.0857259 406973 -0.0742712 0.656622
0.001695 1634.37 0.145192 406973 -0.00942072 0.853527
0.002385 1877.93 0.123271 406973 -0.0241752 0.743232
0.003255 2075.87 0.101354 406973 -0.0478484 0.672197
0.005185 2094.13 0.0760753 406973 -0.0959301 0.663745
0.001325 1494.45 0.157331 406973 -0.00401398 0.933046
0.003695 2113.49 0.0932177 406973 -0.0602987 0.659852
0.004235 2121.6 0.0856048 406973 -0.0745212 0.656646
0.001705 1638.15 0.14486 406973 -0.00959357 0.851567
0.000695 1287.1 0.17496 406973 0.000814323 1.08268
0.002395 1881.09 0.122977 406973 -0.024421 0.741985
0.003705 2113.95 0.0930545 406973 -0.0605748 0.659699
0.004245 2121.47 0.0854843 406973 -0.0747704 0.656671
0.001715 1641.92 0.144529 406973 -0.00976779 0.849618
0.002405 1884.24 0.122684 406973 -0.0246674 0.740748
0.004495 2116.33 0.0826643 406973 -0.080866 0.657891
0.003715 2114.39 0.0928923 406973 -0.0608505 0.659549
0.004255 2121.33 0.0853644 406973 -0.0750191 0.656699
0.001725 1645.7 0.144198 406973 -0.00994336 0.84768
0.005195 2093.83 0.0759822 406973 -0.09613 0.663824
0.003265 2077.09 0.101147 406973 -0.048136 0.671794
0.001335 1498.18 0.157011 406973 -0.00413427 0.930736
0.002415 1887.37 0.122391 406973 -0.0249141 0.739519
0.000705 1289.74 0.174738 406973 0.000776895 1.08047
0.003725 2114.82 0.0927309 406973 -0.0611258 0.659403
0.004265 2121.19 0.0852452 406973 -0.075267 0.65673
0.001735 1649.46 0.143867 406973 -0.0101203 0.845752
0.002425 1890.5 0.122099 406973 -0.0251614 0.738299
0.004505 2116.04 0.0825585 406973 -0.0811016 0.657966
0.003735 2115.25 0.0925704 406973 -0.0614007 0.659261
0.005205 2093.52 0.0758889 406973 -0.096329 0.663904
0.004275 2121.03 0.0851266 406973 -0.0755148 0.656762
0.001745 1653.23 0.143536 406973 -0.0102986 0.843835
0.002435 1893.61 0.121809 406973 -0.0254092 0.737088
0.003275 2078.31 0.100942 406973 -0.0484234 0.671395
0.001345 1501.91 0.15669 406973 -0.00425601 0.928434
0.000715 1292.41 0.174513 406973 0.000738366 1.07825
0.003745 2115.65 0.0924109 406973 -0.0616751 0.659122
0.004285 2120.9 0.0850086 406973 -0.0757634 0.65679
0.001755 1656.99 0.143205 406973 -0.0104782 0.841929
0.002445 1896.71 0.121519 406973 -0.0256576 0.735886
0.004515 2115.75 0.0824531 406973 -0.081337 0.658043
0.005215 2093.22 0.0757953 406973 -0.0965271 0.663984
0.004295 2120.75 0.0848912 406973 -0.0760114 0.65682
0.001765 1660.74 0.142875 406973 -0.0106592 0.840034
0.003755 2116.05 0.0922523 406973 -0.0619491 0.658987
0.002455 1899.8 0.12123 406973 -0.0259065 0.734692
0.003285 2079.51 0.100737 406973 -0.0487105 0.671001
0.001355 1505.65 0.156368 406973 -0.0043792 0.926139
0.004305 2120.6 0.0847745 406973 -0.0762577 0.656853
0.000725 1295.11 0.174286 406973 0.000698723 1.07601
0.001775 1664.5 0.142544 406973 -0.0108415 0.838149
0.004525 2115.44 0.0823483 406973 -0.0815715 0.658122
0.003765 2116.44 0.0920945 406973 -0.0622226 0.658855
0.002465 1902.87 0.120942 406973 -0.0261561 0.733508
0.005225 2092.91 0.0757014 406973 -0.0967244 0.664064
0.004315 2120.44 0.0846583 406973 -0.0764999 0.656888
0.001785 1668.24 0.142214 406973 -0.0110251 0.836276
0.003295 2080.69 0.100534 406973 -0.0489974 0.670612
0.003775 2116.81 0.0919376 406973 -0.0624956 0.658727
0.001365 1509.39 0.156046 406973 -0.00450384 0.923853
0.002475 1905.93 0.120655 406973 -0.0264063 0.732331
0.004325 2120.27 0.0845428 406973 -0.0767349 0.656925
0.001795 1671.98 0.141884 406973 -0.0112101 0.834413
0.000735 1297.83 0.174057 406973 0.000657955 1.07376
0.004535 2115.14 0.0822439 406973 -0.0818052 0.658202
0.003785 2117.18 0.0917817 406973 -0.062768 0.658603
0.002485 1908.98 0.120368 406973 -0.0266573 0.731164
0.005235 2092.61 0.0756072 406973 -0.0969207 0.664144
0.004335 2120.1 0.0844279 406973 -0.0769607 0.656965
0.001805 1675.72 0.141554 406973 -0.0113964 0.832561
0.003305 2081.86 0.100332 406973 -0.0492842 0.670228
0.003795 2117.53 0.0916266 406973 -0.0630399 0.658482
0.002495 1912.02 0.120083 406973 -0.0269091 0.730004
0.001375 1513.14 0.155723 406973 -0.00462994 0.921574
0.000745 1300.59 0.173825 406973 0.000616052 1.0715
0.004345 2119.91 0.0843135 406973 -0.0771776 0.657006
0.001815 1679.45 0.141225 406973 -0.011584 0.830719
0.003805 2117.87 0.0914724 406973 -0.0633112 0.658365
0.004545 2114.82 0.0821399 406973 -0.0820379 0.658284
0.002505 1915.04 0.119799 406973 -0.0271618 0.728854
0.005245 2092.3 0.0755127 406973 -0.0971161 0.664224
0.003845 2119.12 0.0908642 406973 -0.0643897 0.657929
0.003315 2083.02 0.10013 406973 -0.0495709 0.669849
0.004355 2119.72 0.0841997 406973 -0.0773904 0.65705
0.001825 1683.18 0.140895 406973 -0.0117729 0.828889
0.003815 2118.2 0.091319 406973 -0.0635818 0.658251
0.002515 1918.05 0.119516 406973 -0.0274155 0.727712
0.001385 1516.9 0.155399 406973 -0.00475748 0.919303
0.000755 1303.36 0.173591 406973 0.000573001 1.06922
0.004555 2114.5 0.0820364 406973 -0.0822699 0.658368
0.004365 2119.53 0.0840865 406973 -0.0776067 0.657097
0.001835 1686.9 0.140566 406973 -0.0119631 0.827069
0.005255 2092 0.0754179 406973 -0.0973106 0.664304
0.003825 2118.52 0.0911666 406973 -0.0638518 0.65814
0.002525 1921.05 0.119233 406973 -0.0276703 0.726578
0.003325 2084.16 0.0999299 406973 -0.0498575 0.669474
0.004375 2119.32 0.0839739 406973 -0.0778353 0.657145
0.001845 1690.61 0.140238 406973 -0.0121547 0.825261
0.003855 2119.41 0.0907143 406973 -0.0646576 0.657829
0.001395 1520.66 0.155075 406973 -0.00488647 0.917041
0.003835 2118.82 0.091015 406973 -0.0641211 0.658033
0.002535 1924.03 0.118952 406973 -0.0279263 0.725453
0.000765 1306.17 0.173354 406973 0.000528793 1.06693
0.004565 2114.18 0.0819334 406973 -0.0825011 0.658454
0.004385 2119.11 0.0838618 406973 -0.0780817 0.657196
0.001855 1694.32 0.139909 406973 -0.0123475 0.823463
0.005265 2091.69 0.0753228 406973 -0.0975043 0.664384
0.002545 1927 0.118671 406973 -0.0281836 0.724336
0.002555 1929.96 0.118392 406973 -0.0284424 0.723228
0.005765 2089.75 0.0700026 406973 -0.106877 0.664256
0.006085 2099.48 0.0670521 406973 -0.113939 0.660918
0.006405 2099.74 0.0664479 406958 -0.126127 0.660496
0.006725 1797.69 0.0764712 406974 -0.132651 0.77094
0.006095 2099.77 0.0669952 406973 -0.11422 0.66082
0.005775 2089.9 0.0698906 406973 -0.107062 0.664198
0.006415 2094.56 0.0664436 406973 -0.126448 0.662141
0.006105 2100.04 0.0669412 406973 -0.114505 0.660726
0.006735 1773.01 0.0780504 406974 -0.130246 0.781663
0.006425 2089.28 0.0664371 406973 -0.126656 0.6638
0.005785 2090.05 0.069779 406973 -0.107248 0.664139
0.006115 2100.31 0.0668901 406973 -0.114795 0.660636
0.006745 1748.49 0.0796001 406975 -0.127786 0.792616
0.006435 2083.99 0.0664279 406973 -0.126843 0.66547
0.005795 2090.2 0.069668 406973 -0.107435 0.664081
0.006125 2100.56 0.066842 406973 -0.115089 0.660551
0.006755 1724.16 0.0811183 406975 -0.125264 0.803798
0.006445 2078.69 0.0664157 406973 -0.127001 0.667152
0.005805 2090.36 0.0695576 406973 -0.107625 0.664022
0.007365 543.016 0.209894 406974 -0.0100719 2.57722
0.006135 2100.79 0.0667968 406973 -0.115387 0.66047
0.006455 2073.38 0.0664 406973 -0.127128 0.668843
0.007045 993.837 0.151822 406978 -0.0565673 1.39788
0.005815 2090.51 0.0694479 406973 -0.107822 0.663963
0.006765 1700.03 0.0826024 406975 -0.122678 0.815208
0.006145 2101.01 0.0667546 406973 -0.115691 0.660394
0.006465 2068.08 0.0663804 406973 -0.127224 0.670542
0.005825 2090.66 0.069339 406973 -0.108034 0.663905
0.006775 1676.11 0.0840501 406975 -0.120023 0.826844
0.006155 2101.29 0.0667154 406973 -0.116002 0.660299
0.007055 972.821 0.154412 406978 -0.0541648 1.42835
0.006475 2062.78 0.0663564 406973 -0.12729 0.672248
0.007375 536.138 0.210938 406974 -0.00938508 2.61085
0.005835 2090.81 0.0692309 406973 -0.10827 0.663848
0.006785 1652.42 0.0854593 406975 -0.117301 0.838701
0.006165 2101.55 0.0666791 406973 -0.116319 0.66021
0.006485 2057.5 0.0663277 406973 -0.127323 0.673959
0.007065 952.095 0.156947 406978 -0.051859 1.45974
0.005845 2090.95 0.0691237 406973 -0.108534 0.663793
0.007385 529.5 0.211938 406974 -0.008736 2.64416
0.006795 1628.99 0.086828 406975 -0.114514 0.850776
0.004905 2102.77 0.0786436 406973 -0.0900953 0.661485
0.006175 2101.79 0.0666457 406973 -0.116643 0.660126
0.006495 2052.22 0.0662938 406973 -0.127323 0.675674
0.007075 931.649 0.159426 406978 -0.0496285 1.49207
0.005855 2091.08 0.0690176 406973 -0.108808 0.663743
0.007395 523.096 0.212895 406974 -0.00811647 2.6771
0.006805 1605.83 0.0881545 406975 -0.111669 0.863062
0.005645 2088.12 0.0713605 406973 -0.104679 0.66492
0.006185 2102.01 0.0666153 406973 -0.116972 0.660049
0.006505 2046.97 0.0662542 406973 -0.127291 0.677391
0.007085 911.476 0.161852 406978 -0.047465 1.52541
0.005865 2091.21 0.0689127 406973 -0.109056 0.663697
0.006815 1582.96 0.0894379 406975 -0.108775 0.875551
0.007405 516.919 0.21381 406974 -0.00752869 2.70965
0.006195 2102.21 0.0665877 406973 -0.117307 0.659978
0.006515 2041.75 0.0662086 406973 -0.127225 0.679108
0.005655 2088.25 0.0712476 406973 -0.104863 0.664867
0.007095 891.566 0.164225 406978 -0.0453596 1.5598
0.005875 2091.58 0.0688088 406973 -0.109249 0.663569
0.006825 1560.39 0.0906778 406975 -0.105845 0.888238
0.004915 2102.38 0.0785514 406973 -0.0903079 0.66159
0.007415 510.963 0.214683 406974 -0.00695716 2.74179
0.006205 2102.39 0.0665629 406973 -0.117648 0.659913
0.006525 2036.55 0.0661566 406973 -0.127126 0.680824
0.005665 2088.38 0.0711344 406973 -0.105046 0.664813
0.007105 871.915 0.166546 406979 -0.0431369 1.5953
0.005885 2091.96 0.0687062 406973 -0.109382 0.663439
0.006835 1538.15 0.0918748 406975 -0.102965 0.901114
0.004925 2101.99 0.0784593 406973 -0.0905196 0.661697
0.007425 505.225 0.215515 406974 -0.00637333 2.77348
0.006215 2102.55 0.0665408 406973 -0.117994 0.659855
0.006535 2031.39 0.0660977 406973 -0.126993 0.682536
0.005675 2088.5 0.0710211 406973 -0.10523 0.66476
0.007115 852.54 0.168816 406981 -0.040571 1.63192
0.005895 2092.35 0.068605 406973 -0.109496 0.663306
0.001175 1439.54 0.162037 406973 -0.00238325 0.968473
0.006845 1516.23 0.0930301 406976 -0.099411 0.914175
0.002575 1935.83 0.117835 406973 -0.0289649 0.721036
0.004935 2101.6 0.0783673 406973 -0.0907305 0.661804
0.007435 500.254 0.216306 406973 -0.0059634 2.80157
0.006225 2102.68 0.0665215 406973 -0.118347 0.659804
0.006545 2026.28 0.0660317 406973 -0.126827 0.684243
0.005685 2088.63 0.0709077 406973 -0.105413 0.664705
0.000345 1215.08 0.181003 406973 0.00153287 1.14663
0.007125 835.587 0.171035 406978 -0.0394149 1.66539
0.005905 2092.76 0.0685052 406973 -0.10963 0.663169
0.006855 1494.58 0.0941665 406957 -0.107423 0.927421
0.001955 1731.02 0.136645 406973 -0.0143457 0.80608
0.004945 2101.2 0.0782755 406973 -0.0909406 0.661911
0.002585 1938.74 0.117559 406973 -0.0292289 0.719953
0.007445 495.493 0.217057 406973 -0.00550315 2.82902
0.006235 2102.8 0.0665047 406973 -0.118705 0.65976
0.006555 2021.21 0.0659582 406973 -0.126629 0.685942
0.005695 2088.77 0.0707942 406973 -0.105595 0.664651
0.000355 1216.53 0.180882 406973 0.00152535 1.14527
0.007135 818.929 0.173202 406977 -0.0376332 1.69965
0.005915 2093.17 0.0684069 406973 -0.109797 0.66303
0.001185 1443.13 0.16173 406973 -0.00248205 0.966072
0.006865 1465.13 0.0975042 406977 -0.113833 0.94615
0.001965 1734.65 0.136321 406973 -0.0145524 0.804401
0.004955 2100.81 0.0781838 406973 -0.091148 0.66202
0.002595 1941.64 0.117283 406973 -0.029495 0.718879
0.007455 490.934 0.21777 406973 -0.005071 2.8558
0.006245 2102.88 0.0664903 406973 -0.11907 0.659724
0.006565 2016.19 0.0658768 406973 -0.126399 0.687633
0.003335 2085.29 0.0997306 406973 -0.050144 0.669105
0.005705 2088.9 0.0706807 406973 -0.105778 0.664595
0.000365 1218.01 0.180757 406973 0.00151725 1.14388
0.007145 802.551 0.175317 406977 -0.0359254 1.73473
0.005925 2093.59 0.0683102 406973 -0.109993 0.66289
0.001195 1446.74 0.161422 406973 -0.0025822 0.963677
0.004395 2118.89 0.0837503 406973 -0.0783461 0.657249
0.006875 1435.91 0.100821 406977 -0.109278 0.965464
0.001975 1738.27 0.135998 406973 -0.0147602 0.802733
0.004965 2100.41 0.0780922 406973 -0.0913577 0.662129
0.002605 1944.52 0.117009 406973 -0.0297633 0.717813
0.001865 1698.02 0.139581 406973 -0.0125416 0.821676
0.007465 486.571 0.218444 406973 -0.00466278 2.88191
0.006255 2102.94 0.0664783 406973 -0.119441 0.659695
0.006575 2011.23 0.0657872 406973 -0.126137 0.689312
0.005715 2089.04 0.0705673 406973 -0.105961 0.66454
0.000375 1219.54 0.18063 406973 0.00150856 1.14245
0.007155 786.446 0.177382 406977 -0.0342714 1.77066
0.005935 2094 0.0682153 406973 -0.110206 0.662752
0.001205 1450.35 0.161113 406973 -0.00268371 0.961286
0.006885 1406.97 0.104104 406977 -0.105705 0.985386
0.001985 1741.88 0.135675 406973 -0.0149693 0.801075
0.004975 2100.15 0.0780007 406973 -0.0915718 0.662195
0.004405 2118.67 0.0836393 406973 -0.0786228 0.657304
0.002615 1947.39 0.116735 406973 -0.0300342 0.716756
0.007475 482.399 0.219081 406973 -0.00427215 2.90732
0.006265 2102.98 0.0664686 406973 -0.119819 0.659675
0.003345 2086.4 0.0995323 406973 -0.0504306 0.66874
0.001875 1701.72 0.139254 406973 -0.012737 0.8199
0.006585 2006.33 0.0656892 406973 -0.125845 0.690979
0.005725 2089.18 0.0704539 406973 -0.106143 0.664484
0.000385 1221.1 0.180499 406973 0.00149924 1.141
0.007165 770.603 0.179398 406977 -0.0326841 1.80748
0.005945 2094.41 0.0681221 406973 -0.110427 0.662614
0.001215 1453.98 0.160803 406973 -0.00278662 0.9589
0.006895 1378.32 0.107355 406977 -0.102152 1.00594
0.001995 1745.48 0.135352 406973 -0.0151796 0.799428
0.004985 2099.88 0.0779093 406973 -0.0917849 0.662262
0.004415 2118.43 0.0835289 406973 -0.0789024 0.657361
0.002625 1950.24 0.116462 406972 -0.0303073 0.715707
0.003865 2119.68 0.0905653 406973 -0.0649249 0.657732
0.007485 478.412 0.219682 406974 -0.00388357 2.93202
0.006275 2102.98 0.0664609 406973 -0.120205 0.659663
0.003355 2087.5 0.099335 406973 -0.0507173 0.66838
0.001885 1705.4 0.138926 406973 -0.0129337 0.818134
0.006595 2001.5 0.0655824 406973 -0.125523 0.69263
0.005735 2089.32 0.0703407 406973 -0.106326 0.664427
0.000395 1222.7 0.180365 406973 0.0014893 1.13951
0.007175 755.007 0.181366 406977 -0.0311654 1.84525
0.005955 2094.82 0.0680308 406973 -0.110655 0.662478
0.001225 1457.61 0.160492 406973 -0.00289095 0.956519
0.006905 1349.95 0.110576 406977 -0.0986908 1.02717
0.002005 1749.08 0.13503 406973 -0.015391 0.797792
0.004995 2099.61 0.0778179 406973 -0.0919976 0.66233
0.004425 2118.19 0.083419 406973 -0.079176 0.65742
0.002635 1953 0.116191 406973 -0.0305811 0.714697
0.007495 475.041 0.220247 406973 -0.00359091 2.95327
0.006285 2102.96 0.066455 406973 -0.1206 0.65966
0.003365 2088.59 0.0991388 406973 -0.0510041 0.668025
0.001895 1709.09 0.138599 406973 -0.0131317 0.81638
0.006605 1996.74 0.0654667 406973 -0.125171 0.694264
0.005745 2089.46 0.0702277 406973 -0.10651 0.664371
0.000405 1224.34 0.180228 406973 0.00147869 1.13799
0.001405 1524.42 0.15475 406973 -0.00501691 0.914787
0.007185 739.644 0.183286 406977 -0.0297136 1.88402
0.005965 2095.22 0.0679415 406973 -0.110885 0.662344
0.001235 1461.26 0.160179 406973 -0.00299672 0.954144
0.006915 1321.84 0.113767 406977 -0.0953074 1.0491
0.002015 1752.66 0.134708 406973 -0.0156037 0.796167
0.000775 1309 0.173115 406973 0.000483417 1.06463
0.005005 2099.34 0.0777265 406973 -0.0922099 0.662398
0.003875 2119.94 0.0904171 406973 -0.0651915 0.657638
0.004435 2117.95 0.0833096 406973 -0.079438 0.657481
0.004575 2113.85 0.0818308 406973 -0.0827316 0.658541
0.002645 1955.69 0.11592 406973 -0.0308547 0.713715
0.007505 471.847 0.220777 406973 -0.00327928 2.97369
0.006295 2102.9 0.0664509 406973 -0.121002 0.659666
0.005275 2091.39 0.0752272 406973 -0.0976944 0.664464
0.003375 2089.66 0.0989435 406973 -0.0512911 0.667675
0.001905 1712.76 0.138273 406973 -0.0133309 0.814636
0.006615 1992.06 0.0653417 406973 -0.12479 0.695879
0.005755 2089.61 0.070115 406973 -0.106693 0.664313
0.000415 1226.02 0.180088 406973 0.00146741 1.13643
0.001245 1464.91 0.159866 406973 -0.00310393 0.951774
0.005975 2095.62 0.0678542 406973 -0.11112 0.662211
0.007195 724.505 0.18516 406977 -0.0282033 1.92384
0.006925 1294.01 0.116929 406977 -0.0919857 1.07176
0.002025 1756.24 0.134387 406973 -0.0158175 0.794552
0.005015 2099.07 0.0776352 406973 -0.0924217 0.662467
0.000425 1227.73 0.179944 406973 0.00145544 1.13485
0.000785 1311.86 0.172874 406973 0.000436863 1.06232
0.004445 2117.69 0.0832008 406973 -0.0796877 0.657545
0.004455 2117.44 0.0830925 406973 -0.0799278 0.65761
0.006935 1266.44 0.12006 406978 -0.0887341 1.0952
0.004465 2117.17 0.0829847 406973 -0.0801629 0.657677
0.004475 2116.9 0.0828774 406973 -0.0803965 0.657747
0.006945 1239.13 0.123158 406978 -0.0849116 1.11946
0.003885 2120.2 0.0902698 406973 -0.0654576 0.657547
0.006955 1212.09 0.12622 406973 -0.0835126 1.14455
0.006965 1185.32 0.129245 406978 -0.0785678 1.17056
0.006975 1158.82 0.132227 406978 -0.0760457 1.19749
0.003895 2120.44 0.0901233 406973 -0.0657232 0.65746
0.002655 1958.36 0.11565 406973 -0.031128 0.712741
0.006985 1132.6 0.135165 406979 -0.0729478 1.22539
0.003905 2120.67 0.0899776 406973 -0.0659885 0.657375
0.006995 1106.65 0.138056 406979 -0.0696904 1.25431
0.003915 2120.89 0.0898327 406973 -0.0662535 0.657294
0.007005 1081.01 0.140896 406984 -0.0661725 1.28427
0.003925 2121.1 0.0896887 406973 -0.0665186 0.657217
0.002665 1960.96 0.115382 406973 -0.0314001 0.711795
0.007015 1058.72 0.143713 406978 -0.0642674 1.3115
0.007515 468.824 0.221272 406973 -0.00298775 2.99328
0.003935 2121.3 0.0895456 406973 -0.0667832 0.657142
0.002675 1963.55 0.115114 406973 -0.0316713 0.710857
0.002035 1759.81 0.134067 406973 -0.0160324 0.792948
0.007025 1036.78 0.146473 406978 -0.0616136 1.33949
0.003945 2121.45 0.0894032 406973 -0.067047 0.657083
0.002685 1966.12 0.114847 406973 -0.0319418 0.709927
0.007035 1015.15 0.149176 406978 -0.059061 1.36827
0.002045 1763.36 0.133747 406973 -0.0162485 0.791354
0.003955 2121.59 0.0892616 406973 -0.0673102 0.657026
0.002695 1968.68 0.114581 406973 -0.0322118 0.709003
0.004585 2113.51 0.0817286 406973 -0.0829613 0.65863
0.002705 1971.23 0.114317 406973 -0.0324815 0.708088
0.002715 1973.76 0.114053 406973 -0.0327512 0.707179
0.002725 1976.27 0.11379 406973 -0.0330211 0.706278
0.004595 2113.17 0.0816269 406973 -0.0831902 0.658721
0.002735 1978.77 0.113529 406973 -0.0332914 0.705385
0.004605 2112.83 0.0815256 406973 -0.0834184 0.658813
0.002745 1981.26 0.113268 406973 -0.0335623 0.704498
0.006305 2102.82 0.0664483 406973 -0.121414 0.659682
0.004615 2112.47 0.0814246 406973 -0.0836447 0.658907
0.002755 1983.73 0.113009 406973 -0.0338339 0.703619
0.004625 2112.12 0.0813242 406973 -0.083872 0.659002
0.002765 1986.19 0.11275 406973 -0.034107 0.702747
0.004635 2111.85 0.0812241 406973 -0.0841016 0.659072
0.002775 1988.64 0.112492 406972 -0.0343803 0.701882
0.006315 2102.7 0.0664469 406973 -0.121836 0.659708
0.004645 2111.57 0.0811243 406973 -0.0843304 0.659143
0.005025 2098.8 0.077544 406973 -0.092633 0.662538
0.002785 1990.96 0.112236 406973 -0.0346529 0.70106
0.004655 2111.28 0.081025 406973 -0.0845589 0.659216
0.006325 2102.54 0.0664466 406973 -0.12227 0.659745
0.002795 1993.28 0.11198 406973 -0.0349248 0.700245
0.004665 2110.99 0.0809261 406973 -0.084787 0.659291
0.006335 2102.35 0.0664471 406973 -0.122715 0.659793
0.002805 1995.57 0.111726 406973 -0.0351965 0.699437
0.004675 2110.7 0.0808275 406973 -0.0850146 0.659367
0.006345 2102.12 0.0664482 406973 -0.123173 0.659853
0.005035 2098.52 0.0774527 406973 -0.0928438 0.662609
0.002815 1997.86 0.111472 406973 -0.035468 0.698635
0.004685 2110.4 0.0807293 406973 -0.0852418 0.659444
0.006355 2101.85 0.0664494 406973 -0.123643 0.659925
0.001415 1528.19 0.154425 406973 -0.00514879 0.912541
0.005045 2098.24 0.0773614 406973 -0.093054 0.66268
0.002825 2000.13 0.11122 406973 -0.0357396 0.69784
0.004695 2110.1 0.0806314 406973 -0.0854685 0.659523
0.006365 2101.54 0.0664506 406973 -0.124127 0.660011
0.002835 2002.39 0.110969 406973 -0.0360113 0.697052
0.005055 2097.96 0.0772702 406973 -0.0932637 0.662752
0.004705 2109.79 0.0805339 406973 -0.0856947 0.659604
0.006375 2101.18 0.0664514 406973 -0.124624 0.66011
0.002845 2004.63 0.110718 406973 -0.0362833 0.69627
0.005065 2097.68 0.0771789 406973 -0.0934728 0.662825
0.004715 2109.48 0.0804367 406973 -0.0859205 0.659686
0.006385 2100.78 0.0664514 406973 -0.125134 0.660223
0.001425 1531.96 0.154099 406973 -0.00528212 0.910305
0.002855 2006.86 0.110469 406973 -0.0365557 0.695494
0.003385 2090.72 0.0987493 406973 -0.0515782 0.66733
0.005075 2097.39 0.0770875 406973 -0.0936813 0.662899
0.004725 2109.16 0.0803398 406973 -0.0861457 0.659769
0.006395 2100.32 0.0664504 406973 -0.125659 0.660352
0.001435 1535.74 0.153773 406973 -0.00541689 0.908077
0.002865 2009.07 0.110221 406973 -0.0368286 0.694725
0.005085 2097.1 0.0769961 406973 -0.0938892 0.662973
0.001915 1716.43 0.137946 406973 -0.0135314 0.812903
0.005095 2096.81 0.0769046 406973 -0.0940964 0.663048
0.005285 2091.08 0.0751315 406973 -0.0978883 0.664544
0.005105 2096.52 0.076813 406973 -0.0943031 0.663124
0.006625 1987.46 0.0652073 406973 -0.124379 0.697473
0.005115 2096.23 0.0767213 406973 -0.094509 0.6632
0.006635 1982.95 0.0650631 406973 -0.123969 0.699043
0.001255 1468.57 0.159552 406973 -0.0032126 0.949411
0.006645 1978.53 0.064909 406973 -0.122909 0.700588
0.006655 1973.9 0.0647677 406913 -0.135423 0.702112
0.006665 1948.65 0.066483 406975 -0.146968 0.711298
0.001265 1472.25 0.159238 406973 -0.00332272 0.947053
0.006675 1923.19 0.0682011 406974 -0.144026 0.720695
0.001275 1475.93 0.158922 406973 -0.0034343 0.944702
0.005985 2096.01 0.0677691 406973 -0.111357 0.662081
0.006685 1897.84 0.0698996 406974 -0.14184 0.730305
0.006695 1872.6 0.0715773 406974 -0.139593 0.740131
0.007205 709.6 0.186986 406979 -0.0264321 1.96473
0.006705 1847.5 0.0732328 406974 -0.137318 0.750176
0.006715 1822.52 0.0748647 406974 -0.135006 0.760445
0.007215 696.499 0.188767 406977 -0.0256633 2.00216
0.000435 1229.48 0.179797 406973 0.00144277 1.13324
0.007225 683.671 0.1905 406976 -0.0243682 2.04022
0.007235 671.126 0.192185 406976 -0.0230711 2.07885
0.007245 658.875 0.193824 406976 -0.0217702 2.11802
0.000445 1231.27 0.179648 406973 0.00142936 1.1316
0.007255 646.921 0.195416 406976 -0.0204998 2.15768
0.000795 1314.74 0.172631 406973 0.00038912 1.06
0.000455 1233.1 0.179495 406973 0.00141522 1.12993
0.007265 635.258 0.196962 406976 -0.0192791 2.19782
0.000465 1234.96 0.179339 406973 0.00140031 1.12823
0.007275 623.876 0.198463 406976 -0.0180538 2.23846
0.000475 1236.86 0.17918 406973 0.00138464 1.12651
0.007285 612.775 0.199917 406977 -0.0167174 2.27957
0.000805 1317.65 0.172386 406973 0.000340179 1.05767
0.000485 1238.79 0.179018 406973 0.00136817 1.12476
0.007525 465.967 0.221734 406973 -0.00271396 3.01203
0.007295 603.033 0.201325 406975 -0.016 2.31694
0.000815 1320.58 0.172138 406973 0.000290029 1.05533
0.000495 1240.76 0.178853 406973 0.00135089 1.12298
0.002055 1766.91 0.133427 406973 -0.0164657 0.789771
0.007305 593.567 0.202687 406975 -0.01503 2.35446
0.000825 1323.54 0.171889 406973 0.000238661 1.05299
0.000505 1242.76 0.178685 406973 0.0013328 1.12117
0.007315 584.368 0.204002 406975 -0.0141099 2.39209
0.007535 463.271 0.222163 406973 -0.0024548 3.02993
0.000835 1326.52 0.171637 406973 0.000186066 1.05063
0.000515 1244.8 0.178514 406973 0.00131387 1.11934
0.007325 575.431 0.205271 406975 -0.0132238 2.42981
0.002065 1770.45 0.133108 406973 -0.0166841 0.788199
0.000845 1329.52 0.171383 406973 0.000132233 1.04826
0.003965 2121.72 0.0891208 406973 -0.0675735 0.656973
0.007545 460.731 0.22256 406973 -0.00220213 3.04699
0.000525 1246.87 0.17834 406973 0.00129409 1.11749
0.007335 566.75 0.206494 406975 -0.012375 2.4676
0.002075 1773.98 0.13279 406973 -0.0169035 0.786637
0.000855 1332.55 0.171127 406973 7.71545e-05 1.04589
0.000535 1248.98 0.178163 406973 0.00127345 1.11561
0.007555 458.694 0.222926 406973 -0.00199852 3.06085
0.007345 558.32 0.207672 406974 -0.011529 2.50544
0.002085 1777.5 0.132472 406973 -0.0171241 0.785086
0.000865 1335.6 0.170869 406973 2.08206e-05 1.04351
0.000545 1251.12 0.177984 406973 0.00125193 1.11371
0.007565 456.807 0.223261 406973 -0.00179023 3.0738
0.007355 550.14 0.208805 406975 -0.0106266 2.54328
0.002095 1781.01 0.132155 406973 -0.0173458 0.783545
0.003975 2121.84 0.0889809 406973 -0.0678366 0.656923
0.000875 1338.67 0.17061 406973 -3.67775e-05 1.04113
0.004735 2108.84 0.0802433 406973 -0.0863704 0.659854
0.000555 1253.3 0.177801 406973 0.00122952 1.11178
0.007575 455.065 0.223566 406973 -0.00159416 3.08585
0.002105 1784.51 0.131839 406973 -0.0175685 0.782014
0.000885 1341.77 0.170348 406973 -9.56483e-05 1.03873
0.003985 2121.95 0.0888417 406973 -0.0680996 0.656876
0.000565 1255.51 0.177616 406973 0.0012062 1.10983
0.007585 453.465 0.223841 406973 -0.00140904 3.09699
0.001445 1539.52 0.153446 406973 -0.00555311 0.905857
0.007595 452.003 0.224087 406973 -0.00123376 3.10724
0.007605 450.677 0.224304 406973 -0.00106382 3.1166
0.007615 449.784 0.224493 406973 -0.000913319 3.12296
0.001455 1543.3 0.153119 406973 -0.00569076 0.903647
0.002875 2011.27 0.109973 406973 -0.0371026 0.693962
0.007625 449.022 0.224655 406973 -0.000763466 3.12842
0.001465 1547.09 0.152791 406973 -0.00582986 0.901446
0.007635 448.391 0.224789 406973 -0.000618067 3.13296
0.003395 2091.76 0.0985561 406973 -0.0518662 0.666989
0.007645 447.887 0.224896 406973 -0.000476817 3.13658
0.005295 2090.95 0.0750352 406973 -0.098088 0.664568
0.007655 447.51 0.224976 406973 -0.000338967 3.1393
0.007665 447.26 0.225029 406973 -0.000205414 3.14112
0.003405 2092.79 0.0983639 406972 -0.0521532 0.666653
0.007675 447.135 0.225055 406973 -6.73572e-05 3.14202
0.005305 2090.82 0.0749385 406973 -0.0982861 0.664592
0.005995 2096.39 0.0676862 406973 -0.111598 0.661952
0.002115 1788 0.131523 406973 -0.0177923 0.780494
0.005315 2090.69 0.0748415 406973 -0.0984837 0.664616
0.000895 1344.89 0.170084 406973 -0.0001558 1.03634
0.003995 2122.05 0.0887033 406973 -0.0683624 0.656832
0.005325 2090.56 0.0747439 406973 -0.0986807 0.664641
0.002125 1791.48 0.131208 406973 -0.0180172 0.778984
0.000575 1257.75 0.177428 406973 0.00118196 1.10786
0.000905 1348.03 0.169818 406973 -0.000217242 1.03393
0.005335 2090.43 0.074646 406973 -0.0988769 0.664665
0.004745 2108.51 0.0801471 406973 -0.0865946 0.65994
0.004005 2122.14 0.0885657 406973 -0.0686249 0.656792
0.002135 1794.94 0.130894 406973 -0.0182431 0.777485
0.006005 2096.77 0.0676056 406973 -0.111843 0.661826
0.001475 1550.88 0.152463 406973 -0.00597039 0.899254
0.000915 1351.18 0.169551 406973 -0.000279981 1.03152
0.000585 1260.02 0.177237 406973 0.00115678 1.10587
0.005345 2090.3 0.0745476 406973 -0.0990725 0.66469
0.003415 2093.7 0.0981727 406973 -0.0524382 0.666355
0.004015 2122.22 0.0884289 406973 -0.0688872 0.656754
0.002145 1798.4 0.13058 406973 -0.01847 0.775996
0.006015 2097.14 0.0675274 406973 -0.112091 0.661702
0.004755 2108.18 0.0800512 406973 -0.0868182 0.660027
0.000925 1354.37 0.169282 406973 -0.000344026 1.02911
0.000595 1262.33 0.177043 406973 0.00113066 1.10385
0.001485 1554.67 0.152135 406973 -0.00611235 0.897072
0.005355 2090.17 0.0744487 406973 -0.0992673 0.664715
0.004025 2122.29 0.0882928 406973 -0.069149 0.656719
0.002155 1801.85 0.130267 406973 -0.0186979 0.774517
0.003425 2094.6 0.0979826 406973 -0.0527224 0.666061
0.006025 2097.5 0.0674516 406973 -0.112343 0.661581
0.004765 2107.85 0.0799556 406973 -0.0870412 0.660116
0.000935 1357.57 0.169011 406973 -0.000409384 1.0267
0.000605 1264.67 0.176847 406973 0.00110357 1.10182
0.001495 1558.46 0.151806 406973 -0.00625575 0.894899
0.005365 2090.04 0.0743494 406973 -0.0994614 0.66474
0.004035 2122.35 0.0881575 406973 -0.0694104 0.656687
0.002165 1805.28 0.129954 406973 -0.0189269 0.773048
0.003435 2095.48 0.0977934 406973 -0.0530063 0.665772
0.006035 2097.86 0.0673784 406973 -0.112598 0.661463
0.004775 2107.51 0.0798603 406973 -0.0872637 0.660206
0.000945 1360.79 0.168738 406973 -0.000476064 1.02428
0.000615 1267.04 0.176648 406973 0.00107551 1.09976
0.001505 1562.26 0.151477 406973 -0.00640058 0.892735
0.005375 2089.91 0.0742495 406973 -0.0996549 0.664764
0.004045 2122.4 0.088023 406973 -0.0696714 0.656659
0.002175 1808.71 0.129642 406973 -0.0191568 0.771589
0.003445 2096.35 0.0976052 406973 -0.0532897 0.665487
0.006045 2098.2 0.0673077 406973 -0.112858 0.661347
0.004785 2107.16 0.0797653 406973 -0.0874855 0.660298
0.000955 1364.03 0.168463 406973 -0.000544071 1.02185
0.000625 1269.44 0.176446 406973 0.00104646 1.09769
0.001515 1566.05 0.151148 406973 -0.00654684 0.890581
0.005385 2089.78 0.0741492 406973 -0.0998477 0.664789
0.004055 2122.44 0.0878892 406973 -0.0699318 0.656633
0.002185 1812.12 0.129331 406973 -0.0193878 0.770141
0.003455 2097.21 0.097418 406973 -0.0535727 0.665207
0.006055 2098.54 0.0672397 406973 -0.113122 0.661235
0.002195 1815.52 0.129021 406973 -0.0196196 0.768703
0.004795 2106.82 0.0796705 406973 -0.0877068 0.660391
0.003465 2098.05 0.0972318 406973 -0.0538553 0.664931
0.000635 1271.87 0.176241 406973 0.00101641 1.0956
0.002205 1818.91 0.128711 406973 -0.0198525 0.767275
0.006065 2098.86 0.0671744 406973 -0.11339 0.661126
0.003475 2098.88 0.0970466 406973 -0.0541375 0.664659
0.001525 1569.85 0.150818 406973 -0.00669453 0.888437
0.005395 2089.65 0.0740484 406973 -0.10004 0.664814
0.003485 2099.7 0.0968624 406973 -0.0544195 0.664392
0.004065 2122.48 0.0877563 406973 -0.0701916 0.65661
0.001535 1573.65 0.150489 406973 -0.00684364 0.886302
0.002215 1822.29 0.128402 406973 -0.0200862 0.765856
0.003495 2100.5 0.0966792 406973 -0.0547011 0.664128
0.005405 2089.53 0.073947 406973 -0.100231 0.664838
0.006075 2099.17 0.0671118 406973 -0.113662 0.66102
0.001545 1577.45 0.150159 406973 -0.00699417 0.884177
0.004075 2122.5 0.087624 406973 -0.0704509 0.65659
0.003505 2101.29 0.0964969 406973 -0.0549825 0.663869
0.002225 1825.66 0.128094 406973 -0.0203209 0.764448
0.005415 2089.4 0.0738451 406973 -0.100422 0.664863
0.001555 1581.25 0.149828 406973 -0.00714612 0.882063
0.003515 2102.07 0.0963157 406973 -0.0552637 0.663615
0.002235 1829.02 0.127787 406973 -0.0205564 0.76305
0.004085 2122.51 0.0874927 406973 -0.07071 0.656573
0.005425 2089.27 0.0737427 406973 -0.100612 0.664887
0.001565 1585.05 0.149498 406973 -0.00729948 0.879958
0.004095 2122.51 0.0873622 406973 -0.0709683 0.656559
0.005435 2089.14 0.0736398 406973 -0.100802 0.664911
0.001575 1588.85 0.149167 406973 -0.00745426 0.877863
0.004105 2122.5 0.0872322 406973 -0.0712261 0.656547
0.001585 1592.65 0.148836 406973 -0.00761046 0.875778
0.004115 2122.49 0.0871029 406973 -0.0714827 0.656539
0.001595 1596.45 0.148505 406973 -0.00776805 0.873703
0.004125 2122.46 0.0869743 406973 -0.0717389 0.656533
0.004135 2122.43 0.0868464 406973 -0.0719947 0.65653
0.004145 2122.38 0.0867191 406973 -0.07225 0.65653
0.004155 2122.33 0.0865926 406973 -0.0725046 0.656532
