0.007365 345.43 0.232917 189197 0.00466643 1.90051
0.007375 345.482 0.232917 189197 0.0045388 1.90023
0.007385 345.531 0.232917 189197 0.00440252 1.89996
0.007395 345.577 0.232917 189197 0.00425755 1.89971
0.007405 345.618 0.232917 189197 0.0041045 1.89948
0.007415 345.657 0.232917 189197 0.00394727 1.89927
0.007425 345.692 0.232917 189197 0.00378302 1.89908
0.007435 345.76 0.232917 189197 0.00361157 1.8987
0.007445 345.825 0.232917 189197 0.00344746 1.89835
0.007455 345.886 0.232917 189197 0.00328178 1.89801
0.007465 345.944 0.232917 189197 0.0031189 1.89769
0.007475 345.998 0.232917 189197 0.00295931 1.8974
0.007485 346.048 0.232917 189197 0.0028033 1.89712
0.007495 346.095 0.232917 189197 0.00265075 1.89687
0.007505 346.138 0.232917 189198 0.00250112 1.89663
0.007515 346.176 0.232917 189198 0.00235586 1.89642
0.007525 346.211 0.232917 189198 0.00220885 1.89623
0.007535 346.277 0.232917 189198 0.00206254 1.89587
0.007545 346.338 0.232917 189198 0.00192188 1.89553
0.007555 346.396 0.232917 189198 0.00177924 1.89522
0.007565 346.449 0.232917 189198 0.00163699 1.89493
0.007575 346.498 0.232918 189198 0.00149482 1.89466
0.007585 346.543 0.232918 189198 0.0013527 1.89441
0.007595 346.584 0.232918 189198 0.00121059 1.89419
0.007605 346.62 0.232918 189198 0.00106845 1.89399
0.007615 346.652 0.232918 189198 0.000926271 1.89382
0.007625 346.679 0.232918 189198 0.000784054 1.89367
0.007635 346.702 0.232918 189198 0.000641818 1.89355
0.007645 346.72 0.232918 189198 0.000499683 1.89345
0.007655 346.734 0.232918 189198 0.000357728 1.89337
0.007665 346.743 0.232918 189198 0.000218421 1.89332
0.007675 346.747 0.232918 189197 7.12967e-05 1.8933
0.004165 2271.72 0.0230433 189198 -0.171202 0.28339
0.004175 2265.37 0.0235619 189198 -0.170692 0.284184
0.004185 2259.05 0.024079 189198 -0.170164 0.284979
0.004195 2252.76 0.0245947 189198 -0.169624 0.285775
0.004205 2246.5 0.0251088 189198 -0.169075 0.286572
0.004215 2240.27 0.0256213 189198 -0.168517 0.28737
0.002885 2536.79 0.0170405 189199 -0.141837 0.253829
0.004225 2234.07 0.0261322 189198 -0.167952 0.288167
0.004235 2227.91 0.0266414 189198 -0.167379 0.288965
0.004245 2221.77 0.027149 189198 -0.166798 0.289764
0.004255 2215.68 0.0276548 189198 -0.166209 0.290562
0.002895 2538.5 0.0166834 189199 -0.141851 0.253659
0.004265 2209.61 0.0281589 189198 -0.165611 0.29136
0.002905 2540.21 0.0163256 189199 -0.141859 0.253489
0.006725 343.881 0.232881 189197 0.0133098 1.90897
0.004275 2203.59 0.0286612 189198 -0.165003 0.292158
0.002915 2541.93 0.0159673 189199 -0.141863 0.253319
0.006735 343.891 0.232883 189197 0.0131899 1.90892
0.004285 2197.6 0.0291617 189198 -0.164385 0.292956
0.002925 2543.66 0.0156083 189199 -0.141867 0.253148
0.004295 2191.64 0.0296603 189198 -0.163755 0.293753
0.006745 343.9 0.232886 189197 0.0130733 1.90888
0.002935 2545.39 0.0152487 189199 -0.141873 0.252976
0.004305 2185.73 0.0301569 189198 -0.163112 0.294549
0.006755 343.906 0.232889 189197 0.0129484 1.90885
0.002945 2547.13 0.0148884 189199 -0.141884 0.252804
0.003525 2502.99 0.00884622 189198 -0.159551 0.257254
0.004315 2179.85 0.0306516 189198 -0.162455 0.295345
0.006765 343.909 0.232891 189197 0.0128181 1.90884
0.002955 2548.88 0.0145275 189199 -0.141903 0.252632
0.002565 2489.99 0.0283164 189199 -0.138851 0.25855
0.004325 2174.02 0.0311441 189198 -0.161781 0.296139
0.006775 343.91 0.232893 189197 0.0126823 1.90884
0.002965 2550.63 0.014166 189199 -0.141934 0.25246
0.006085 360.92 0.229738 189198 0.0182218 1.81529
0.006405 345.614 0.232505 189198 0.0172301 1.89871
0.004335 2168.23 0.0316344 189198 -0.161089 0.296932
0.006785 343.908 0.232895 189197 0.0125425 1.90885
0.002975 2552.38 0.0138041 189199 -0.141981 0.252287
0.002575 2491.39 0.0279677 189199 -0.13897 0.258408
0.003535 2501.39 0.00883648 189198 -0.159461 0.257417
0.006095 359.864 0.229917 189198 0.018306 1.82078
0.003205 2551.07 0.00962477 189199 -0.154009 0.252424
0.006415 345.462 0.232533 189198 0.0171454 1.89959
0.004345 2162.48 0.0321225 189198 -0.160377 0.297723
0.006795 343.904 0.232897 189197 0.0124025 1.90888
0.001285 2373.1 0.0686055 189199 -0.124255 0.270816
0.002985 2554.14 0.0134418 189199 -0.142045 0.252114
0.002585 2492.78 0.0276187 189199 -0.139087 0.258265
0.006105 358.849 0.230086 189198 0.0183789 1.82607
0.003545 2499.8 0.00882635 189198 -0.159379 0.25758
0.006425 345.321 0.232559 189198 0.0170674 1.9004
0.004355 2156.78 0.0326081 189198 -0.159642 0.298512
0.003215 2550.62 0.00948229 189199 -0.15413 0.252468
0.006805 343.896 0.232898 189197 0.0122582 1.90893
0.002995 2555.9 0.0130792 189199 -0.142128 0.251942
0.001295 2373.81 0.0683449 189199 -0.12434 0.270738
0.006115 357.875 0.230248 189198 0.0184386 1.83119
0.002595 2494.17 0.0272694 189199 -0.139204 0.258123
0.003555 2498.21 0.0088159 189198 -0.159305 0.257743
0.006435 345.19 0.232583 189198 0.0169589 1.90117
0.004365 2151.13 0.0330912 189198 -0.158883 0.299298
0.006815 343.886 0.2329 189197 0.0121181 1.90899
0.003225 2550.18 0.00933993 189199 -0.154247 0.252512
0.003005 2557.67 0.0127164 189199 -0.142128 0.251769
0.006125 356.938 0.230401 189198 0.0184889 1.83614
0.001305 2374.53 0.0680832 189199 -0.124426 0.270661
0.002605 2495.57 0.0269199 189199 -0.13932 0.25798
0.003565 2496.64 0.00880523 189198 -0.159141 0.257905
0.006445 345.105 0.232606 189198 0.0168216 1.90167
0.004375 2145.52 0.0335716 189198 -0.158096 0.300082
0.006825 343.873 0.232901 189197 0.0119666 1.90906
0.003015 2559.33 0.0123617 189192 -0.14696 0.251597
0.003235 2549.73 0.00919766 189199 -0.154359 0.252556
0.006135 356.161 0.230546 189198 0.0185283 1.84028
0.002615 2496.96 0.0265701 189199 -0.139435 0.257838
0.001315 2375.25 0.0678201 189199 -0.124513 0.270583
0.003575 2495 0.00880004 189194 -0.162585 0.258067
0.004385 2139.97 0.0340492 189198 -0.157281 0.300863
0.006455 345.018 0.232628 189198 0.0166903 1.90219
0.006835 343.895 0.232903 189197 0.0118079 1.90895
0.003025 2558.98 0.0122116 189199 -0.151751 0.251641
0.003245 2549.29 0.0090555 189199 -0.154385 0.252599
0.006145 355.419 0.230683 189198 0.0185621 1.84425
0.002625 2498.36 0.0262201 189199 -0.13955 0.257696
0.003585 2491.93 0.00895524 189198 -0.165999 0.25839
0.001325 2375.98 0.0675559 189199 -0.124601 0.270506
0.004395 2134.47 0.0345236 189198 -0.156435 0.30164
0.006465 344.93 0.232648 189198 0.0165668 1.9027
0.003035 2558.54 0.0120684 189199 -0.151672 0.251685
0.006845 343.914 0.232904 189197 0.0116685 1.90885
0.003255 2548.79 0.00891847 189195 -0.157556 0.252643
0.006155 354.71 0.230814 189198 0.0185868 1.84806
0.002635 2499.75 0.0258698 189199 -0.139665 0.257554
0.003595 2488.8 0.00911542 189198 -0.16576 0.258713
0.001335 2376.7 0.0672905 189199 -0.12469 0.270428
0.004405 2129.03 0.0349949 189198 -0.155557 0.302414
0.006855 343.93 0.232905 189197 0.0115217 1.90876
0.003045 2558.1 0.0119246 189199 -0.151743 0.251728
0.006475 344.843 0.232667 189198 0.0164473 1.90321
0.003265 2547.07 0.00891695 189199 -0.160704 0.252819
0.006165 354.033 0.230938 189198 0.018603 1.85172
0.002645 2501.15 0.0255193 189199 -0.139778 0.257412
0.003605 2485.68 0.00927515 189198 -0.165632 0.259037
0.001345 2377.43 0.0670238 189199 -0.12478 0.270349
0.004415 2123.65 0.0354627 189198 -0.154649 0.303183
0.006865 343.943 0.232906 189197 0.0113765 1.90869
0.003055 2557.67 0.0117805 189199 -0.151835 0.251771
0.006485 344.759 0.232684 189198 0.016328 1.90371
0.003275 2545.29 0.00891986 189199 -0.160638 0.252995
0.006175 353.385 0.231055 189198 0.0186106 1.85523
0.002655 2502.54 0.0251686 189199 -0.139892 0.25727
0.003615 2482.57 0.00943451 189198 -0.165515 0.25936
0.001355 2378.16 0.066756 189199 -0.124871 0.270271
0.004425 2118.33 0.0359269 189198 -0.15371 0.303947
0.006875 343.954 0.232907 189197 0.0112325 1.90863
0.003065 2557.23 0.0116361 189199 -0.151945 0.251814
0.006495 344.675 0.2327 189198 0.0162077 1.9042
0.003285 2543.52 0.00892234 189199 -0.160651 0.25317
0.006185 352.766 0.231166 189198 0.0186098 1.8586
0.002665 2503.94 0.0248176 189199 -0.140004 0.257129
0.003625 2479.47 0.00959355 189198 -0.165408 0.259684
0.001365 2378.89 0.066487 189199 -0.124963 0.270192
0.004435 2113.07 0.0363873 189198 -0.152743 0.304706
0.006885 343.961 0.232908 189197 0.0110904 1.9086
0.003075 2556.8 0.0114916 189199 -0.152071 0.251857
0.006505 344.592 0.232716 189198 0.0160859 1.90469
0.003295 2541.76 0.00892441 189199 -0.160664 0.253345
0.006195 352.172 0.231271 189198 0.0186008 1.86184
0.002675 2505.34 0.0244664 189199 -0.140116 0.256987
0.003635 2476.37 0.00975235 189198 -0.16531 0.260008
0.001375 2379.62 0.0662168 189199 -0.125055 0.270114
0.006895 343.966 0.232909 189197 0.0109502 1.90857
0.004445 2107.88 0.0368436 189198 -0.151751 0.305459
0.003085 2556.37 0.0113471 189199 -0.15221 0.2519
0.006515 344.511 0.23273 189198 0.0159651 1.90517
0.003305 2540 0.00892606 189199 -0.160674 0.25352
0.006205 351.603 0.23137 189198 0.018584 1.86496
0.002685 2506.73 0.024115 189199 -0.140228 0.256845
0.003645 2473.27 0.00991094 189198 -0.165219 0.260332
0.001385 2380.36 0.0659454 189199 -0.125148 0.270035
0.004455 2102.76 0.0372958 189198 -0.150741 0.306207
0.006905 343.968 0.232909 189197 0.0108057 1.90856
0.003095 2555.93 0.0112026 189199 -0.152359 0.251943
0.006525 344.429 0.232743 189198 0.0158386 1.90564
0.003315 2538.25 0.0089273 189199 -0.160681 0.253695
0.006215 351.057 0.231464 189198 0.0185594 1.86797
0.002695 2508.13 0.0237633 189199 -0.140339 0.256704
0.001395 2381.09 0.0656729 189199 -0.125242 0.269956
0.003655 2470.18 0.0100694 189198 -0.165134 0.260657
0.004465 2097.71 0.0377438 189198 -0.149719 0.306948
0.006915 343.967 0.23291 189197 0.0106651 1.90857
0.003105 2555.5 0.0110582 189199 -0.152515 0.251986
0.006535 344.391 0.232756 189198 0.0157116 1.90587
0.003325 2536.5 0.00892813 189199 -0.160687 0.253869
0.006225 350.532 0.231553 189198 0.0185288 1.87087
0.002705 2509.53 0.0234115 189199 -0.140448 0.256563
0.001405 2381.83 0.0653993 189199 -0.125337 0.269876
0.003665 2467.1 0.0102276 189198 -0.165052 0.260981
0.004475 2092.73 0.0381874 189198 -0.148694 0.307682
0.006925 343.963 0.232911 189198 0.0105256 1.9086
0.003115 2555.06 0.010914 189199 -0.152676 0.252029
0.006545 344.353 0.232767 189198 0.0155889 1.90611
0.003335 2534.76 0.00892856 189199 -0.160689 0.254042
0.006235 350.114 0.231636 189198 0.0184925 1.87319
0.001415 2382.58 0.0651246 189199 -0.125432 0.269797
0.002715 2510.93 0.0230594 189199 -0.140556 0.256421
0.003845 2413.08 0.013019 189198 -0.163379 0.266805
0.002725 2512.33 0.0227072 189199 -0.140663 0.25628
0.002735 2513.73 0.0223547 189199 -0.140768 0.256139
0.003855 2410.19 0.0131687 189198 -0.16326 0.267124
0.002745 2515.13 0.0220021 189199 -0.140871 0.255998
0.002755 2516.53 0.0216492 189199 -0.140971 0.255856
0.003865 2407.33 0.0133177 189198 -0.163137 0.267441
0.002765 2517.93 0.0212962 189199 -0.141068 0.255715
0.003875 2404.47 0.013466 189198 -0.163009 0.267758
0.002775 2519.34 0.020943 189199 -0.141161 0.255574
0.003885 2401.64 0.0136133 189198 -0.162873 0.268073
0.002785 2520.75 0.0205896 189199 -0.141251 0.255433
0.003895 2398.82 0.0137597 189198 -0.162719 0.268388
0.000965 2351.72 0.0762191 189199 -0.122777 0.273136
0.002795 2522.15 0.020236 189199 -0.141335 0.255291
0.003905 2396.02 0.0139048 189198 -0.162534 0.2687
0.002805 2523.57 0.0198821 189199 -0.141414 0.25515
0.003915 2393.25 0.0140485 189198 -0.162299 0.269011
0.002815 2524.99 0.0195281 189199 -0.141481 0.255009
0.003925 2390.51 0.0141903 189198 -0.161991 0.269319
0.002825 2526.66 0.0191737 189199 -0.141569 0.25484
0.000975 2352.33 0.0760043 189199 -0.122953 0.273069
0.003935 2387.8 0.0143297 189198 -0.161595 0.269623
0.002835 2528.34 0.0188191 189199 -0.14164 0.254672
0.003945 2385.13 0.0144661 189198 -0.161101 0.269925
0.000985 2352.95 0.0757879 189199 -0.123177 0.273001
0.002845 2530.02 0.0184642 189199 -0.141699 0.254504
0.003955 2382.5 0.014599 189198 -0.160517 0.270221
0.000995 2353.57 0.07557 189199 -0.123452 0.272934
0.002855 2531.71 0.0181089 189199 -0.141749 0.254336
0.003965 2379.93 0.0147279 189198 -0.159869 0.270513
0.001005 2354.2 0.0753504 189199 -0.123771 0.272865
0.002865 2533.4 0.0177533 189199 -0.141787 0.254167
0.003975 2377.4 0.0148524 189198 -0.159199 0.2708
0.001015 2354.83 0.0751292 189199 -0.124122 0.272797
0.002875 2535.09 0.0173971 189199 -0.141817 0.253998
0.003985 2374.93 0.0149727 189198 -0.158567 0.271081
0.001605 2396.95 0.0597039 189199 -0.127379 0.268262
0.002245 2449.62 0.0393072 189199 -0.135292 0.262731
5e-06 2318.67 0.0874502 189199 -0.119468 0.276779
0.001925 2421.94 0.0498464 189199 -0.131116 0.265625
0.001615 2397.72 0.0594087 189199 -0.127488 0.26818
1.5e-05 2318.68 0.0874474 189199 -0.119469 0.276778
0.000645 2334.41 0.082167 189199 -0.120622 0.275036
0.002255 2450.68 0.0389695 189199 -0.135382 0.262621
0.001935 2422.73 0.0495261 189199 -0.131241 0.265542
2.5e-05 2318.69 0.0874419 189199 -0.11947 0.276777
0.001625 2398.49 0.0591126 189199 -0.127598 0.268099
0.004485 2087.83 0.0386267 189198 -0.147675 0.308409
0.002265 2451.87 0.0386314 189199 -0.135472 0.262496
0.001945 2423.52 0.0492051 189199 -0.131366 0.26546
0.000655 2334.88 0.0820103 189199 -0.120686 0.274985
0.001635 2399.27 0.0588157 189199 -0.127708 0.268017
3.5e-05 2318.72 0.0874336 189199 -0.119472 0.276774
0.002275 2453.06 0.0382928 189199 -0.135538 0.262372
0.004495 2082.99 0.0390617 189198 -0.146674 0.30913
0.001955 2424.3 0.0488835 189199 -0.131491 0.265377
0.000665 2335.34 0.0818516 189199 -0.120764 0.274933
4.5e-05 2318.75 0.0874226 189199 -0.119474 0.27677
0.001645 2400.04 0.0585178 189199 -0.127818 0.267935
0.002285 2454.25 0.0379538 189199 -0.135593 0.262247
0.004505 2078.22 0.0394926 189198 -0.145703 0.309844
0.001965 2425.09 0.0485613 189199 -0.131617 0.265294
0.000675 2335.82 0.081691 189199 -0.120853 0.274881
5.5e-05 2318.79 0.0874089 189199 -0.119476 0.276766
0.001655 2400.81 0.058219 189199 -0.127929 0.267853
0.000325 2322.88 0.0860447 189199 -0.119741 0.276312
0.002295 2455.45 0.0376144 189199 -0.135647 0.262122
0.001975 2425.88 0.0482384 189199 -0.131743 0.265212
0.000685 2336.3 0.0815283 189199 -0.120947 0.274828
0.004515 2073.52 0.0399196 189198 -0.144773 0.310551
0.004805 1646.72 0.0801547 189199 -0.14736 0.391293
6.5e-05 2318.84 0.0873924 189199 -0.119479 0.27676
0.001665 2401.59 0.0579193 189199 -0.128041 0.26777
0.002305 2456.66 0.0372747 189199 -0.13571 0.261996
0.001985 2426.67 0.0479149 189199 -0.13187 0.265129
0.000695 2336.78 0.0813637 189199 -0.12104 0.274775
0.004525 2068.88 0.040343 189198 -0.143898 0.311252
7.5e-05 2318.9 0.0873732 189199 -0.119483 0.276754
0.001675 2402.36 0.0576188 189199 -0.128153 0.267688
0.001995 2427.46 0.0475908 189199 -0.131996 0.265047
0.000705 2337.27 0.0811971 189199 -0.121126 0.274721
0.002315 2457.86 0.0369345 189199 -0.135784 0.26187
0.000335 2323.14 0.0859589 189199 -0.119759 0.276283
0.004535 2064.31 0.0407632 189198 -0.143087 0.311947
8.5e-05 2318.97 0.0873513 189199 -0.119487 0.276747
0.004815 1629.02 0.081835 189199 -0.145771 0.395559
0.001685 2403.14 0.0573174 189199 -0.128266 0.267606
0.002005 2428.25 0.0472661 189199 -0.132123 0.264964
0.000715 2337.76 0.0810285 189199 -0.121203 0.274667
0.002325 2459.07 0.036594 189199 -0.135873 0.261744
0.000345 2323.4 0.0858707 189199 -0.119777 0.276254
0.004545 2059.79 0.0411808 189198 -0.14235 0.312637
9.5e-05 2319.04 0.0873268 189199 -0.119491 0.276738
0.004825 1611.31 0.0835169 189199 -0.144157 0.399922
0.001695 2403.92 0.0570151 189199 -0.128379 0.267524
0.002015 2429.03 0.0469408 189199 -0.13225 0.264882
0.000725 2338.26 0.0808581 189199 -0.121268 0.274612
0.002335 2460.29 0.036253 189199 -0.135975 0.261618
0.000355 2323.68 0.0857801 189199 -0.119797 0.276224
0.004555 2055.32 0.0415961 189198 -0.141742 0.313323
0.000105 2319.12 0.0872995 189199 -0.119496 0.276729
0.001705 2404.69 0.056712 189199 -0.128493 0.267441
0.002025 2429.82 0.0466149 189199 -0.132377 0.2648
0.000735 2338.77 0.0806857 189199 -0.121325 0.274556
0.004835 1593.6 0.0852002 189199 -0.142521 0.404385
0.002345 2461.5 0.0359117 189199 -0.136086 0.261491
0.000365 2323.95 0.0856872 189199 -0.119816 0.276193
0.004565 2050.89 0.04201 189198 -0.140279 0.314005
0.000115 2319.21 0.0872696 189199 -0.119501 0.276719
0.001715 2405.47 0.0564081 189199 -0.128608 0.267359
0.002035 2430.61 0.0462883 189199 -0.132504 0.264717
0.000745 2339.28 0.0805114 189199 -0.121376 0.2745
0.005445 677.615 0.184231 189199 -0.0336045 0.957083
0.004845 1575.87 0.0868847 189199 -0.140865 0.40895
0.002355 2462.71 0.03557 189199 -0.136205 0.261365
0.000375 2324.24 0.0855918 189199 -0.119837 0.276162
0.004575 2046.13 0.0424503 189165 -0.158116 0.314687
0.000125 2319.31 0.087237 189199 -0.119507 0.276708
0.001725 2406.25 0.0561033 189199 -0.128722 0.267277
0.002045 2431.4 0.0459612 189199 -0.132631 0.264635
0.000755 2339.8 0.0803352 189199 -0.121423 0.274443
0.004855 1558.14 0.0885703 189199 -0.139192 0.413621
0.002365 2463.92 0.035228 189199 -0.136328 0.261239
0.000385 2324.53 0.0854942 189199 -0.119858 0.276129
0.000135 2319.41 0.0872018 189199 -0.119513 0.276697
0.004585 2029.43 0.044024 189199 -0.175376 0.317336
0.001735 2407.03 0.0557977 189199 -0.128838 0.267194
0.005455 667.712 0.18557 189199 -0.0320259 0.971449
0.002055 2432.19 0.0456336 189199 -0.132758 0.264552
0.000765 2340.32 0.0801571 189199 -0.121471 0.274386
0.004865 1540.41 0.0902569 189199 -0.137503 0.418401
0.002375 2465.14 0.0348855 189199 -0.136453 0.261113
0.000395 2324.83 0.0853941 189199 -0.11988 0.276096
0.000145 2319.53 0.087164 189199 -0.11952 0.276684
0.004595 2012.36 0.0456264 189198 -0.17295 0.320034
0.001745 2407.81 0.0554913 189199 -0.128954 0.267112
0.005465 657.945 0.186892 189199 -0.0304677 0.986044
0.002065 2432.98 0.0453053 189199 -0.132885 0.26447
0.000775 2340.84 0.0799772 189199 -0.121519 0.274328
0.004875 1522.67 0.0919443 189199 -0.135799 0.423295
0.002385 2466.35 0.0345427 189199 -0.136578 0.260988
0.000405 2325.14 0.0852917 189199 -0.119903 0.276062
0.000155 2319.65 0.0871235 189199 -0.119528 0.276671
0.004605 1995.27 0.0472306 189198 -0.171658 0.322779
0.001755 2408.59 0.0551841 189199 -0.12907 0.267029
0.002075 2433.77 0.0449765 189199 -0.133012 0.264388
0.005475 648.317 0.188195 189199 -0.0289308 1.00087
0.000785 2341.37 0.0797953 189199 -0.121569 0.27427
0.004885 1504.93 0.0936325 189199 -0.13408 0.428305
0.000415 2325.45 0.085187 189199 -0.119926 0.276027
0.002395 2467.56 0.0341996 189199 -0.136705 0.260862
0.000165 2319.78 0.0870804 189199 -0.119536 0.276656
0.004615 1978.17 0.0488373 189198 -0.170407 0.325575
0.001765 2409.38 0.0548761 189199 -0.129187 0.266947
0.002085 2434.56 0.0446471 189199 -0.133139 0.264306
0.005485 638.826 0.189479 189199 -0.0274158 1.01592
0.000795 2341.91 0.0796117 189199 -0.12162 0.274211
0.000425 2325.77 0.08508 189199 -0.11995 0.275992
0.004895 1487.19 0.0953213 189199 -0.132348 0.433436
0.002405 2468.77 0.0338561 189199 -0.136831 0.260736
0.000175 2319.92 0.0870347 189199 -0.119544 0.276641
0.004625 1961.04 0.0504471 189198 -0.169237 0.328424
0.001775 2410.16 0.0545673 189199 -0.129304 0.266864
0.002095 2435.35 0.0443172 189199 -0.133266 0.264223
0.005495 629.474 0.190744 189199 -0.0259228 1.0312
0.000805 2342.45 0.0794262 189199 -0.121673 0.274151
0.000435 2326.09 0.0849708 189199 -0.119974 0.275956
0.004905 1469.44 0.0970106 189199 -0.130604 0.438693
0.000185 2320.06 0.0869864 189199 -0.119553 0.276625
0.002415 2469.98 0.0335123 189199 -0.136957 0.260611
0.004635 1943.89 0.0520607 189198 -0.168134 0.331328
0.001785 2410.94 0.0542577 189199 -0.129422 0.266781
0.002105 2436.14 0.0439867 189199 -0.133393 0.264141
0.005505 620.262 0.19199 189199 -0.0244514 1.04671
0.000815 2342.99 0.0792389 189199 -0.121726 0.274091
0.004915 1451.7 0.0987002 189199 -0.128848 0.444079
0.000445 2326.43 0.0848592 189199 -0.12 0.275919
0.000195 2320.21 0.0869356 189199 -0.119563 0.276608
0.002425 2471.2 0.0331681 189199 -0.137082 0.260486
0.004645 1926.71 0.0536784 189198 -0.167081 0.334289
0.001795 2411.72 0.0539473 189199 -0.12954 0.266699
0.002115 2436.93 0.0436557 189199 -0.13352 0.264059
0.000825 2343.54 0.0790498 189199 -0.12178 0.274031
0.005515 611.191 0.193216 189199 -0.0230007 1.06244
0.004925 1433.95 0.10039 189199 -0.127083 0.4496
0.000455 2326.77 0.0847453 189199 -0.120026 0.275881
0.000205 2320.37 0.0868821 189199 -0.119573 0.27659
0.002435 2472.41 0.0328236 189199 -0.137208 0.260361
0.004655 1909.48 0.0553007 189198 -0.166062 0.337311
0.001805 2412.51 0.0536362 189199 -0.129659 0.266616
0.002125 2437.71 0.0433241 189199 -0.133646 0.263977
0.000835 2344.1 0.0788588 189199 -0.121835 0.27397
0.005525 602.261 0.194422 189199 -0.0215688 1.07839
0.004935 1416.2 0.10208 189199 -0.125311 0.455259
0.000465 2327.11 0.0846292 189199 -0.120052 0.275843
0.000215 2320.54 0.0868261 189199 -0.119584 0.276572
0.002445 2473.62 0.0324787 189199 -0.137334 0.260235
0.004665 1892.22 0.0569279 189198 -0.165061 0.340396
0.001815 2413.29 0.0533244 189199 -0.129778 0.266534
0.002135 2438.51 0.0429921 189199 -0.133768 0.263895
0.000845 2344.66 0.0786661 189199 -0.121891 0.273909
0.005535 593.475 0.195609 189199 -0.0201536 1.09456
0.004945 1398.45 0.10377 189199 -0.123537 0.461064
0.000475 2327.47 0.0845108 189199 -0.12008 0.275804
0.000225 2320.72 0.0867676 189199 -0.119595 0.276552
0.002455 2474.83 0.0321335 189199 -0.137458 0.260111
0.004675 1874.91 0.05856 189198 -0.164061 0.343545
0.001825 2414.08 0.0530118 189199 -0.129897 0.266451
0.002145 2439.43 0.0426595 189199 -0.13391 0.263798
0.000855 2345.22 0.0784717 189199 -0.121947 0.273847
0.005545 584.833 0.196775 189199 -0.0187526 1.11095
0.004955 1380.7 0.105459 189199 -0.121766 0.467019
0.000485 2327.82 0.0843902 189199 -0.120108 0.275764
0.000235 2320.9 0.0867065 189199 -0.119607 0.276532
0.002465 2476.05 0.031788 189199 -0.137577 0.259986
0.004685 1857.56 0.0601971 189198 -0.163049 0.346761
0.001835 2414.86 0.0526984 189199 -0.130017 0.266368
0.002155 2440.36 0.0423264 189199 -0.134045 0.263701
0.000865 2345.79 0.0782754 189199 -0.122004 0.273785
0.004965 1362.95 0.107148 189199 -0.120002 0.473132
0.005555 576.339 0.19792 189199 -0.0173637 1.12753
0.000495 2328.19 0.0842674 189199 -0.120137 0.275724
0.000245 2321.09 0.0866429 189199 -0.119619 0.276511
0.002475 2477.44 0.0314422 189199 -0.137719 0.259841
0.004695 1840.17 0.0618391 189198 -0.162009 0.350047
0.001845 2415.65 0.0523843 189199 -0.130137 0.266286
0.002165 2441.28 0.0419928 189199 -0.134179 0.263604
0.000875 2346.36 0.0780775 189199 -0.122062 0.273722
0.004975 1345.19 0.108837 189199 -0.118254 0.479408
0.000505 2328.56 0.0841424 189199 -0.120166 0.275683
0.005565 567.993 0.199045 189199 -0.0159859 1.14432
0.000255 2321.29 0.0865768 189199 -0.119632 0.276489
0.002485 2478.83 0.0310961 189199 -0.137853 0.259697
0.004705 1822.73 0.0634859 189198 -0.160932 0.353403
0.001855 2416.43 0.0520695 189199 -0.130258 0.266203
0.002175 2442.21 0.0416588 189199 -0.134309 0.263507
0.000885 2346.94 0.0778778 189199 -0.122121 0.273658
0.004985 1327.43 0.110524 189199 -0.116527 0.485855
0.000515 2328.94 0.0840152 189199 -0.120196 0.275641
0.005575 559.799 0.20015 189199 -0.0146199 1.16129
0.000265 2321.49 0.0865082 189199 -0.119646 0.276466
0.002495 2480.23 0.0307496 189199 -0.137983 0.259553
0.004715 1805.26 0.0651373 189199 -0.159808 0.356833
0.001865 2417.22 0.051754 189199 -0.130379 0.26612
0.002185 2443.27 0.0413242 189199 -0.134461 0.263395
0.000895 2347.52 0.0776763 189199 -0.12218 0.273595
0.004995 1309.65 0.11221 189199 -0.114826 0.492482
0.000525 2329.32 0.0838858 189199 -0.120228 0.275598
0.005585 551.758 0.201233 189199 -0.0132686 1.17844
0.000275 2321.71 0.0864371 189199 -0.11966 0.276442
0.002505 2481.63 0.0304029 189199 -0.138112 0.259409
0.004725 1787.75 0.066793 189199 -0.158632 0.360337
0.001875 2418.01 0.0514378 189199 -0.130501 0.266038
0.002195 2444.34 0.0409892 189199 -0.134608 0.263284
0.000905 2348.11 0.0774732 189199 -0.122241 0.27353
0.000535 2329.72 0.0837542 189199 -0.120259 0.275555
0.005005 1291.87 0.113895 189199 -0.113155 0.499298
0.005125 1092.73 0.134269 189199 -0.0933199 0.590884
0.005595 543.87 0.202295 189199 -0.0119369 1.19576
0.000285 2321.93 0.0863635 189199 -0.119675 0.276418
0.002515 2483.02 0.0300559 189199 -0.138239 0.259266
0.004735 1770.2 0.0684527 189199 -0.157401 0.363918
0.001885 2418.79 0.0511209 189199 -0.130623 0.265955
0.002205 2445.4 0.0406537 189199 -0.134756 0.263173
0.000545 2330.11 0.0836204 189199 -0.120292 0.275511
0.000915 2348.7 0.0772683 189199 -0.122303 0.273466
0.005015 1274.06 0.115578 189199 -0.111512 0.506313
0.005605 536.135 0.203336 189199 -0.0106307 1.21324
0.005135 1078.13 0.13598 189199 -0.0913016 0.598943
0.000295 2322.16 0.0862875 189199 -0.119691 0.276392
0.002525 2484.42 0.0297085 189199 -0.138364 0.259122
0.004745 1752.63 0.070116 189199 -0.156113 0.367577
0.001895 2419.58 0.0508033 189199 -0.130745 0.265872
0.002215 2446.45 0.0403177 189199 -0.134903 0.263062
0.000555 2330.52 0.0834846 189199 -0.120325 0.275466
0.000925 2349.3 0.0770618 189199 -0.12237 0.273401
0.005025 1256.23 0.117259 189199 -0.109892 0.513536
0.005615 528.551 0.204355 189199 -0.00933386 1.23088
0.000305 2322.39 0.086209 189199 -0.119707 0.276366
0.005145 1063.62 0.137684 189199 -0.0892615 0.607177
0.004755 1735.03 0.0717827 189199 -0.154771 0.371317
0.002535 2485.81 0.0293609 189199 -0.138488 0.258979
0.001905 2420.37 0.050485 189199 -0.130869 0.26579
0.002225 2447.51 0.0399813 189199 -0.135045 0.262952
0.000565 2330.93 0.0833465 189199 -0.120358 0.275421
0.000935 2349.9 0.0768536 189199 -0.122444 0.273335
0.005035 1238.38 0.118938 189199 -0.108281 0.52098
0.000315 2322.63 0.0861281 189199 -0.119723 0.276339
0.005625 521.118 0.205353 189200 -0.00799587 1.24868
0.005155 1049.2 0.139382 189199 -0.087219 0.615589
0.004765 1717.4 0.0734523 189199 -0.153376 0.375139
0.002545 2487.2 0.029013 189199 -0.13861 0.258836
0.001915 2421.15 0.050166 189199 -0.130992 0.265707
0.002235 2448.57 0.0396445 189199 -0.135177 0.262841
0.000575 2331.34 0.0832064 189199 -0.12039 0.275375
0.000945 2350.5 0.0766438 189199 -0.122532 0.273269
0.005765 441.521 0.216996 189198 0.00570752 1.47762
0.007045 344.212 0.232915 189197 0.00884614 1.90723
0.003675 2464.02 0.0103857 189198 -0.164973 0.261306
0.007055 344.246 0.232915 189197 0.00870629 1.90705
0.005775 436.803 0.217666 189198 0.00651217 1.49384
0.006935 343.993 0.232911 189198 0.0103797 1.90843
0.007065 344.276 0.232916 189197 0.00856758 1.90688
0.003125 2554.63 0.01077 189199 -0.152838 0.252072
0.005785 432.685 0.218314 189198 0.00719417 1.50832
0.007075 344.304 0.232916 189197 0.00842965 1.90672
0.006555 344.315 0.232778 189198 0.0154621 1.90634
0.003685 2460.95 0.0105437 189198 -0.164894 0.261631
0.005795 428.69 0.218942 189198 0.00789353 1.52263
0.003345 2533.03 0.00892859 189199 -0.160687 0.254216
0.007085 344.329 0.232916 189197 0.00829272 1.90659
0.006945 344.021 0.232912 189197 0.0102494 1.90828
0.003695 2457.88 0.0107014 189198 -0.164815 0.261956
0.006245 349.715 0.231715 189198 0.0184525 1.87542
0.006565 344.277 0.232788 189198 0.015334 1.90657
0.005805 424.816 0.219549 189198 0.00856099 1.53677
0.007095 344.351 0.232916 189197 0.00815678 1.90647
0.003355 2531.3 0.0089282 189199 -0.16068 0.254389
0.001425 2383.32 0.0648487 189199 -0.125529 0.269717
0.003135 2554.19 0.0106262 189199 -0.153 0.252116
0.006955 344.045 0.232912 189197 0.0101106 1.90814
0.003705 2454.83 0.010859 189198 -0.164734 0.262281
0.006575 344.239 0.232798 189198 0.0152045 1.9068
0.001025 2355.47 0.0749065 189199 -0.12448 0.272727
0.005815 421.06 0.220136 189197 0.0091987 1.55074
0.007105 344.37 0.232916 189197 0.00802145 1.90636
0.003365 2529.58 0.00892741 189199 -0.160668 0.254561
0.001435 2384.06 0.0645717 189199 -0.125626 0.269638
0.003995 2372.51 0.0150891 189198 -0.158042 0.271358
0.003145 2553.74 0.0104825 189199 -0.15316 0.25216
0.006965 344.067 0.232913 189197 0.00997176 1.90802
0.003715 2451.77 0.0110163 189198 -0.164652 0.262607
0.006255 349.335 0.23179 189198 0.0184064 1.87755
0.005045 1220.49 0.120614 189199 -0.106658 0.528653
0.006585 344.199 0.232806 189198 0.015074 1.90704
0.005825 417.42 0.220703 189197 0.00980579 1.56452
0.007115 344.386 0.232916 189197 0.00788982 1.90627
0.003375 2527.86 0.0089262 189199 -0.16065 0.254733
0.001445 2384.81 0.0642937 189199 -0.125723 0.269558
0.003155 2553.3 0.0103392 189199 -0.153315 0.252203
0.006975 344.086 0.232913 189197 0.00983221 1.90792
0.004005 2370.12 0.0152024 189198 -0.157424 0.271632
0.003725 2448.73 0.0111732 189198 -0.164567 0.262932
0.001035 2356.11 0.0746823 189199 -0.12481 0.272658
0.006595 344.159 0.232815 189198 0.0149426 1.90728
0.005835 413.893 0.221251 189197 0.0103823 1.5781
0.007125 344.399 0.232916 189197 0.0077521 1.9062
0.006265 348.971 0.231861 189198 0.0183549 1.87959
0.005055 1202.59 0.122288 189199 -0.105011 0.536569
0.003385 2526.15 0.00892456 189199 -0.160625 0.254905
0.001455 2385.56 0.0640145 189199 -0.125822 0.269478
0.003165 2552.85 0.010196 189199 -0.153466 0.252247
0.006985 344.102 0.232914 189197 0.00969211 1.90783
0.004015 2367.6 0.0153256 189187 -0.164661 0.271904
0.003735 2445.7 0.0113299 189198 -0.164479 0.263257
0.001045 2356.75 0.0744565 189199 -0.125078 0.272588
0.006605 344.117 0.232822 189198 0.0148105 1.90752
0.005845 410.477 0.221779 189197 0.0109283 1.59149
0.007135 344.447 0.232917 189197 0.0076136 1.90594
0.006275 348.623 0.231927 189198 0.0182981 1.88154
0.005065 1184.66 0.123959 189199 -0.103075 0.544735
0.003395 2524.45 0.00892247 189199 -0.160592 0.255076
0.001465 2386.31 0.0637343 189199 -0.125921 0.269397
0.006995 344.115 0.232914 189197 0.00955154 1.90776
0.003175 2552.41 0.0100529 189199 -0.153611 0.252291
0.004025 2361.43 0.0158166 189198 -0.171982 0.272632
0.003745 2442.67 0.0114862 189198 -0.164388 0.263582
0.005855 407.168 0.222289 189197 0.0114449 1.60467
0.006615 344.074 0.232829 189198 0.0146835 1.90778
0.001055 2357.39 0.0742291 189199 -0.125251 0.272518
0.007145 344.492 0.232917 189197 0.00748374 1.90569
0.006285 348.29 0.231989 189198 0.0182364 1.88342
0.005075 1166.76 0.125628 189205 -0.101462 0.553156
0.003405 2522.75 0.00891991 189199 -0.160551 0.255247
0.001475 2387.06 0.063453 189199 -0.126021 0.269317
0.007005 344.126 0.232914 189197 0.00941054 1.90771
0.003185 2551.96 0.00991007 189199 -0.153749 0.252336
0.004035 2355.1 0.0163194 189198 -0.1717 0.273363
0.003755 2439.66 0.011642 189198 -0.164295 0.263906
0.005865 403.964 0.222781 189197 0.0119362 1.61765
0.006625 344.03 0.232836 189198 0.0145462 1.90804
0.001065 2358.04 0.0740003 189199 -0.125305 0.272447
0.007155 344.535 0.232917 189197 0.00734872 1.90545
0.006295 347.971 0.232048 189198 0.018171 1.88522
0.005085 1151.82 0.127367 189199 -0.100793 0.560361
0.003415 2521.06 0.00891687 189199 -0.160501 0.255418
0.007015 344.133 0.232914 189197 0.00927177 1.90767
0.001485 2387.81 0.0631707 189199 -0.126121 0.269237
0.003195 2551.52 0.00976736 189199 -0.153882 0.25238
0.004045 2348.76 0.0168238 189198 -0.171864 0.2741
0.003765 2436.66 0.0117973 189198 -0.1642 0.264231
0.005875 400.861 0.223254 189197 0.0124083 1.63041
0.006635 344.023 0.232842 189198 0.0144117 1.90809
0.001075 2358.69 0.0737699 189199 -0.125233 0.272376
0.005635 514.529 0.206329 189199 -0.00695603 1.26491
0.005165 1034.86 0.141073 189199 -0.0851881 0.624183
0.001085 2359.35 0.0735381 189199 -0.125048 0.272305
0.004775 1699.75 0.0751245 189199 -0.151932 0.379046
0.005645 508.093 0.207283 189199 -0.00581941 1.28118
0.001095 2360.01 0.0733048 189199 -0.124777 0.272233
0.005175 1020.62 0.142756 189199 -0.0831768 0.632965
0.002555 2488.6 0.0286648 189199 -0.138731 0.258693
0.005655 501.804 0.208214 189199 -0.00471488 1.29748
0.004785 1682.09 0.0767992 189199 -0.150445 0.383038
0.001105 2360.67 0.07307 189199 -0.124457 0.272161
0.005185 1006.46 0.144432 189199 -0.0811885 0.64194
0.005665 495.656 0.209123 189198 -0.00371468 1.31382
0.004795 1664.41 0.078476 189199 -0.14892 0.38712
0.001115 2361.33 0.0728337 189199 -0.124132 0.272089
0.000585 2331.76 0.0830641 189199 -0.12042 0.275329
0.000955 2351.11 0.0764322 189199 -0.122639 0.273203
0.001125 2362 0.072596 189199 -0.123839 0.272016
0.000595 2332.19 0.0829198 189199 -0.120449 0.275281
0.001135 2362.67 0.0723569 189199 -0.123605 0.271943
0.003775 2433.66 0.0119522 189198 -0.164104 0.264555
0.007165 344.575 0.232917 189197 0.00721338 1.90523
0.005885 397.856 0.22371 189197 0.0128651 1.64297
0.006305 347.664 0.232104 189198 0.0181071 1.88696
0.007175 344.612 0.232917 189197 0.00707731 1.90503
0.005895 394.946 0.224148 189197 0.0133008 1.65531
0.005095 1136.96 0.129101 189199 -0.0990175 0.567736
0.003425 2519.38 0.00891332 189199 -0.160443 0.255587
0.007185 344.646 0.232917 189197 0.00694064 1.90484
0.006315 347.373 0.232156 189198 0.0180589 1.88861
0.005905 392.126 0.22457 189198 0.013702 1.66745
0.005105 1122.15 0.13083 189199 -0.0972029 0.575281
0.007025 344.137 0.232915 189197 0.00912536 1.90765
0.003435 2517.7 0.00890923 189199 -0.160377 0.255757
0.006645 344.015 0.232848 189198 0.0142877 1.90814
0.007195 344.677 0.232917 189197 0.00680347 1.90467
0.006325 347.102 0.232205 189198 0.0180377 1.89015
0.005915 389.688 0.224975 189197 0.0140008 1.67812
0.001495 2388.57 0.0628873 189199 -0.126223 0.269156
0.005115 1107.41 0.132552 189199 -0.095294 0.582997
0.007035 344.176 0.232915 189197 0.00897989 1.90743
0.003445 2516.04 0.00890459 189198 -0.160302 0.255925
0.007205 344.705 0.232917 189197 0.00666568 1.90451
0.006655 344.005 0.232853 189198 0.0141607 1.90821
0.004055 2342.41 0.0173307 189198 -0.172145 0.274844
0.005195 992.388 0.1461 189199 -0.0792137 0.651116
0.005675 489.648 0.210009 189199 -0.00246445 1.3302
0.000605 2332.62 0.0827733 189199 -0.120476 0.275234
0.005205 978.406 0.147759 189199 -0.0772623 0.660499
0.001145 2363.35 0.0721163 189199 -0.123444 0.27187
0.005685 483.776 0.210873 189198 -0.0016495 1.3466
0.003785 2430.68 0.0121064 189198 -0.164007 0.264878
0.005215 964.51 0.14941 189199 -0.075329 0.670094
0.000615 2333.06 0.0826248 189199 -0.120503 0.275185
0.006335 346.854 0.232251 189198 0.0179617 1.89156
0.005695 478.038 0.211715 189198 -0.000577567 1.36301
0.001155 2364.03 0.0718743 189199 -0.123358 0.271796
0.005925 387.339 0.225365 189197 0.0142094 1.68852
0.005225 950.703 0.151051 189199 -0.0734067 0.679909
0.003795 2427.72 0.0122601 189198 -0.163909 0.265201
0.000625 2333.51 0.0824743 189199 -0.120534 0.275136
0.005705 472.434 0.212534 189198 0.000397282 1.37944
0.006345 346.664 0.232295 189198 0.0178281 1.89266
0.001165 2364.71 0.071631 189199 -0.123337 0.271722
0.005935 385.076 0.225738 189197 0.0143135 1.69866
0.005235 936.984 0.152683 189199 -0.0714924 0.68995
0.000635 2333.96 0.0823217 189199 -0.120572 0.275086
0.003805 2424.76 0.0124132 189198 -0.163809 0.265523
0.005715 466.962 0.213332 189198 0.00135597 1.39586
0.006355 346.474 0.232336 189198 0.0177163 1.89375
0.001175 2365.39 0.0713862 189199 -0.123364 0.271648
0.005945 382.897 0.226096 189197 0.0143641 1.70855
0.001505 2389.32 0.0626029 189199 -0.126325 0.269075
0.003455 2514.38 0.00889938 189198 -0.16022 0.256094
0.005955 380.8 0.226439 189197 0.0144493 1.71817
0.007215 344.73 0.232917 189197 0.0065303 1.90438
0.001515 2390.08 0.0623174 189199 -0.126427 0.268994
0.006665 343.994 0.232858 189198 0.0140359 1.90828
0.003465 2512.73 0.00889356 189198 -0.160132 0.256261
0.005965 378.783 0.226768 189197 0.0146603 1.72754
0.004065 2336.03 0.0178409 189198 -0.17248 0.275594
0.007225 344.752 0.232917 189198 0.00638914 1.90426
0.001525 2390.84 0.0620309 189199 -0.126531 0.268913
0.005975 376.843 0.227083 189197 0.0150456 1.73664
0.003475 2511.08 0.00888714 189198 -0.160039 0.256428
0.006675 343.981 0.232862 189198 0.0139129 1.90837
0.007235 344.809 0.232917 189197 0.00624811 1.90394
0.005245 923.355 0.154305 189199 -0.0695845 0.700222
0.004075 2329.62 0.0183544 189198 -0.1728 0.276351
0.001535 2391.6 0.0617435 189199 -0.126635 0.268832
0.005725 461.62 0.214108 189198 0.00228769 1.41227
0.005985 374.98 0.227384 189197 0.0155849 1.74547
0.003485 2509.45 0.00888012 189198 -0.159942 0.256594
0.006685 343.965 0.232867 189198 0.0137918 1.90846
0.007245 344.863 0.232917 189197 0.0061144 1.90364
0.004085 2323.19 0.0188712 189198 -0.17305 0.277115
0.005255 909.817 0.155917 189199 -0.0676821 0.710734
0.001545 2392.36 0.061455 189199 -0.126739 0.268751
0.005995 373.192 0.227672 189197 0.0161964 1.75404
0.003495 2507.82 0.00887249 189198 -0.159842 0.25676
0.005735 456.407 0.214862 189198 0.003191 1.42866
0.007255 344.915 0.232917 189197 0.00597821 1.90335
0.006695 343.948 0.23287 189198 0.0136723 1.90857
0.001555 2393.12 0.0611656 189199 -0.126844 0.26867
0.004095 2316.74 0.0193906 189198 -0.17319 0.277885
0.005265 896.372 0.157519 189199 -0.065785 0.72149
0.006005 371.477 0.227947 189197 0.0167754 1.76233
0.003505 2506.2 0.00886427 189198 -0.159743 0.256925
0.005745 451.322 0.215595 189198 0.00406255 1.44502
0.007265 344.964 0.232917 189197 0.00584428 1.90309
0.006705 343.928 0.232874 189198 0.0135532 1.90869
0.001565 2393.89 0.0608751 189199 -0.12695 0.268589
0.004105 2310.28 0.0199119 189198 -0.173202 0.278662
0.006015 369.831 0.22821 189198 0.017239 1.77037
0.005275 883.02 0.15911 189199 -0.0638934 0.732499
0.003515 2504.59 0.0088555 189198 -0.159645 0.25709
0.005755 446.36 0.216306 189198 0.00490033 1.46134
0.007275 345.009 0.232917 189197 0.00571325 1.90283
0.001575 2394.65 0.0605838 189199 -0.127057 0.268507
0.006715 343.905 0.232877 189198 0.0134409 1.90882
0.004115 2303.82 0.0204344 189198 -0.173087 0.279442
0.006025 368.252 0.228461 189198 0.0175614 1.77815
0.005285 869.763 0.160691 189199 -0.0620079 0.743765
0.003815 2421.82 0.0125656 189198 -0.163708 0.265845
0.006365 346.289 0.232374 189198 0.0176174 1.89481
0.001185 2366.08 0.0711401 189199 -0.123425 0.271574
0.007285 345.052 0.232917 189197 0.00558608 1.9026
0.001585 2395.42 0.0602914 189199 -0.127164 0.268426
0.001195 2366.77 0.0708926 189199 -0.123503 0.271499
0.006035 366.898 0.2287 189198 0.0177517 1.78489
0.007295 345.091 0.232917 189197 0.00546339 1.90238
0.004125 2297.36 0.0209573 189198 -0.172858 0.280227
0.005295 856.603 0.16226 189200 -0.0601292 0.755297
0.001205 2367.46 0.0706437 189199 -0.123589 0.271424
0.001595 2396.19 0.0599981 189199 -0.127271 0.268344
0.003825 2418.89 0.0127174 189198 -0.163603 0.266166
0.006045 365.602 0.228929 189198 0.0178709 1.79139
0.007305 345.127 0.232917 189197 0.0053451 1.90218
0.004135 2290.92 0.02148 189198 -0.172534 0.281015
0.001215 2368.16 0.0703935 189199 -0.123676 0.271349
0.005305 843.541 0.163817 189200 -0.0582581 0.767102
0.006375 346.111 0.23241 189198 0.0175211 1.89584
0.003835 2415.98 0.0128685 189198 -0.163493 0.266486
0.005315 830.578 0.165363 189200 -0.0563954 0.779187
0.006055 364.359 0.229146 189198 0.0179581 1.79767
0.006385 345.939 0.232444 189198 0.0174234 1.89683
0.007315 345.16 0.232917 189197 0.00523294 1.902
0.004145 2284.5 0.0220021 189198 -0.172138 0.281805
0.006395 345.774 0.232475 189198 0.017325 1.89779
0.001225 2368.86 0.070142 189199 -0.123761 0.271274
0.007325 345.19 0.232917 189197 0.00511706 1.90184
0.005325 817.716 0.166897 189200 -0.0545419 0.79156
0.006065 363.166 0.229353 189198 0.0180421 1.80375
0.004155 2278.1 0.0225233 189198 -0.171688 0.282596
0.007335 345.255 0.232917 189197 0.00500866 1.90148
0.005335 804.955 0.168418 189200 -0.0526984 0.804228
0.006075 362.02 0.229551 189198 0.0181314 1.80962
0.001235 2369.56 0.0698891 189199 -0.123843 0.271198
0.007345 345.317 0.232917 189197 0.00490053 1.90114
0.005345 792.298 0.169927 189200 -0.0508657 0.817201
0.001245 2370.26 0.069635 189199 -0.123925 0.271122
0.007355 345.375 0.232917 189197 0.00478638 1.90082
0.005355 779.745 0.171422 189200 -0.0490446 0.830486
0.001255 2370.97 0.0693795 189199 -0.124006 0.271046
0.005365 767.296 0.172905 189200 -0.0472345 0.844092
0.001265 2371.67 0.0691228 189199 -0.124088 0.270969
0.005375 754.954 0.174373 189200 -0.0454403 0.858028
0.001275 2372.39 0.0688648 189199 -0.124171 0.270892
0.005385 742.719 0.175828 189200 -0.0435808 0.872304
0.005395 730.592 0.177268 189199 -0.0419205 0.886928
0.005405 718.587 0.178694 189201 -0.03964 0.901905
0.005415 708.137 0.180104 189199 -0.0384529 0.915358
0.005425 697.828 0.181497 189199 -0.0368122 0.929038
0.005435 687.654 0.182873 189199 -0.0352031 0.942947
