0.007365 349.196 0.232905 200069 0.00175179 1.988
0.007375 349.23 0.232906 200069 0.00178619 1.98781
0.007385 349.263 0.232906 200069 0.00181424 1.98763
0.007395 349.294 0.232907 200069 0.00182871 1.98745
0.007405 349.324 0.232908 200069 0.00182481 1.98728
0.007415 349.352 0.232909 200069 0.00180032 1.98713
0.007425 349.378 0.232909 200069 0.00175579 1.98698
0.007435 349.403 0.23291 200069 0.00169489 1.98684
0.007445 349.426 0.23291 200069 0.00162085 1.98671
0.007455 349.461 0.232911 200069 0.00153781 1.98651
0.007465 349.494 0.232911 200069 0.00145388 1.98632
0.007475 349.526 0.232912 200069 0.00137044 1.98615
0.007485 349.556 0.232912 200069 0.00129043 1.98598
0.007495 349.584 0.232912 200069 0.00121481 1.98582
0.007505 349.61 0.232913 200069 0.00114348 1.98567
0.007515 349.634 0.232913 200069 0.00107565 1.98554
0.007525 349.656 0.232913 200069 0.00101018 1.98541
0.007535 349.676 0.232914 200069 0.000946664 1.9853
0.007545 349.694 0.232914 200069 0.000882296 1.9852
0.007555 349.723 0.232914 200069 0.000818116 1.98503
0.007565 349.751 0.232914 200069 0.000754802 1.98488
0.007575 349.776 0.232914 200069 0.000690288 1.98474
0.007585 349.799 0.232915 200069 0.000625398 1.98461
0.007595 349.819 0.232915 200069 0.000560163 1.98449
0.007045 348.668 0.232802 200070 0.00326536 1.99076
0.007055 348.659 0.232809 200070 0.00321264 1.99082
0.007605 349.838 0.232915 200069 0.000494695 1.98439
0.007065 348.65 0.232816 200070 0.00315916 1.99089
0.007075 348.642 0.232823 200070 0.00310832 1.99095
0.007085 348.634 0.232829 200070 0.00305053 1.99101
0.007615 349.854 0.232915 200069 0.00042906 1.9843
0.007095 348.645 0.232834 200070 0.00299247 1.99096
0.007105 348.656 0.23284 200070 0.00294018 1.99091
0.007115 348.667 0.232845 200070 0.00288402 1.99086
0.007125 348.678 0.232849 200070 0.00282755 1.99081
0.006725 351.439 0.232096 200070 0.00447767 1.97389
0.007625 349.868 0.232915 200069 0.000363309 1.98422
0.007135 348.688 0.232854 200070 0.00277054 1.99076
0.007145 348.697 0.232858 200070 0.0027132 1.99072
0.007155 348.706 0.232862 200070 0.00265546 1.99068
0.007165 348.715 0.232866 200070 0.00259902 1.99064
0.007635 349.88 0.232915 200069 0.000297482 1.98415
0.007175 348.722 0.232869 200070 0.0025393 1.9906
0.006735 351.233 0.232142 200070 0.00446426 1.97512
0.007185 348.747 0.232872 200070 0.00247977 1.99047
0.001605 2487.64 0.032378 200069 -0.181077 0.273245
0.007195 348.771 0.232875 200070 0.00242354 1.99034
0.007645 349.889 0.232915 200069 0.00023165 1.9841
0.007205 348.794 0.232878 200070 0.00236548 1.99022
0.006745 351.035 0.232185 200070 0.0044484 1.97629
0.007215 348.816 0.232881 200070 0.00230727 1.9901
0.007225 348.838 0.232883 200070 0.00224837 1.98998
0.007235 348.858 0.232885 200070 0.00218834 1.98987
0.007655 349.896 0.232915 200069 0.000165865 1.98406
0.001615 2488.31 0.032248 200069 -0.181175 0.273177
0.006755 350.846 0.232227 200070 0.00443028 1.97742
0.007245 348.877 0.232888 200070 0.00212655 1.98977
0.007255 348.896 0.23289 200070 0.00206368 1.98967
0.007265 348.913 0.232892 200070 0.00199753 1.98958
0.007665 349.901 0.232915 200069 0.000101263 1.98403
0.007275 348.945 0.232893 200070 0.00192959 1.9894
0.001625 2488.98 0.0321185 200069 -0.181273 0.273109
0.006765 350.665 0.232266 200070 0.00440991 1.9785
0.001285 2473.76 0.0366964 200069 -0.178711 0.274602
0.007285 348.977 0.232895 200070 0.00186553 1.98922
0.007295 349.007 0.232897 200070 0.00180488 1.98906
0.001295 2474.04 0.0365601 200069 -0.178767 0.274576
0.001925 2508.78 0.0285692 200069 -0.184853 0.271116
0.007305 349.036 0.232898 200070 0.00175274 1.9889
0.007675 349.903 0.232915 200069 3.30578e-05 1.98402
0.001305 2474.33 0.0364237 200069 -0.178823 0.27455
0.001635 2489.65 0.0319895 200069 -0.181372 0.273041
0.001935 2509.4 0.0284651 200069 -0.185004 0.271055
0.007315 349.063 0.232899 200070 0.00171308 1.98874
0.006775 350.491 0.232303 200070 0.00438737 1.97953
0.001315 2474.61 0.0362872 200069 -0.17888 0.274523
0.001945 2510.01 0.0283622 200069 -0.185158 0.270994
0.007325 349.089 0.232901 200069 0.00168926 1.9886
0.001645 2490.31 0.0318611 200069 -0.181471 0.272974
0.001325 2474.89 0.0361506 200069 -0.178938 0.274497
0.001955 2510.62 0.0282603 200069 -0.185314 0.270933
0.007335 349.114 0.232902 200069 0.00168285 1.98846
0.000965 2464.99 0.0408979 200069 -0.177222 0.275419
0.006785 350.324 0.232338 200070 0.00436272 1.98053
0.001335 2475.18 0.036014 200069 -0.178996 0.274471
0.007345 349.138 0.232903 200069 0.00169339 1.98833
0.001965 2511.22 0.0281597 200069 -0.185473 0.270874
0.001655 2490.98 0.0317332 200069 -0.181571 0.272907
0.001345 2475.46 0.0358774 200069 -0.179054 0.274445
0.007355 349.16 0.232904 200069 0.00171214 1.9882
0.001975 2511.81 0.0280601 200069 -0.185634 0.270815
0.001355 2475.75 0.0357407 200069 -0.179113 0.274419
0.001985 2512.39 0.0279618 200069 -0.185797 0.270757
0.006795 350.164 0.232371 200070 0.00433618 1.98148
0.000975 2465.25 0.0407741 200069 -0.177259 0.275395
0.001665 2491.63 0.031606 200069 -0.181671 0.27284
0.006805 350.01 0.232402 200070 0.0043075 1.9824
0.000985 2465.51 0.0406497 200069 -0.177296 0.27537
0.006815 349.895 0.232432 200070 0.00427706 1.98311
0.001675 2492.29 0.0314794 200069 -0.181772 0.272774
0.001995 2512.97 0.0278646 200069 -0.185963 0.2707
0.000995 2465.77 0.0405246 200069 -0.177335 0.275346
0.006825 349.784 0.23246 200070 0.00424561 1.98378
0.001685 2492.94 0.0313534 200069 -0.181875 0.272708
0.001005 2466.04 0.040399 200069 -0.177374 0.275321
0.006835 349.679 0.232487 200070 0.00421233 1.98442
0.001695 2493.59 0.031228 200069 -0.181978 0.272643
0.001015 2466.3 0.0402727 200069 -0.177413 0.275296
0.006845 349.579 0.232512 200070 0.00417755 1.98503
0.001705 2494.24 0.0311034 200069 -0.182082 0.272578
0.001025 2466.57 0.0401459 200069 -0.177453 0.275271
0.002005 2513.55 0.0277687 200069 -0.186131 0.270643
0.001365 2476.03 0.0356041 200069 -0.179172 0.274393
0.006855 349.483 0.232536 200070 0.00414131 1.98561
0.001715 2494.88 0.0309794 200069 -0.182187 0.272513
0.001035 2466.83 0.0400184 200069 -0.177494 0.275246
0.006865 349.39 0.232558 200070 0.00410369 1.98618
0.001725 2495.52 0.0308561 200069 -0.182294 0.272448
0.001045 2467.1 0.0398905 200069 -0.177536 0.275221
0.006875 349.302 0.23258 200070 0.00406473 1.98672
0.002015 2514.11 0.027674 200069 -0.186302 0.270587
0.001735 2496.16 0.0307336 200069 -0.182403 0.272384
0.001055 2467.37 0.0397619 200069 -0.177577 0.275196
0.006885 349.217 0.2326 200070 0.00402492 1.98724
0.001375 2476.31 0.0354674 200069 -0.179232 0.274367
0.001745 2496.8 0.0306118 200069 -0.182524 0.27232
0.001065 2467.64 0.0396329 200069 -0.17762 0.275171
0.006895 349.135 0.232619 200070 0.00398317 1.98774
0.001755 2497.5 0.0304908 200069 -0.182629 0.272249
0.001075 2467.91 0.0395034 200069 -0.177663 0.275145
0.006905 349.082 0.232636 200070 0.00394039 1.98807
0.004485 2023.34 0.0605318 200069 -0.235495 0.336567
0.002025 2514.67 0.0275805 200069 -0.186475 0.270532
0.001765 2498.2 0.0303706 200069 -0.182745 0.272179
0.001085 2468.18 0.0393733 200069 -0.177707 0.27512
0.006915 349.031 0.232653 200070 0.00389762 1.98839
0.001385 2476.6 0.0353309 200069 -0.179292 0.274341
0.001775 2498.89 0.0302512 200069 -0.182864 0.272109
0.001095 2468.46 0.0392428 200069 -0.177751 0.275094
0.006925 348.983 0.232669 200070 0.0038534 1.98869
0.002245 2523.67 0.025868 200069 -0.190845 0.269672
0.001785 2499.58 0.0301326 200069 -0.182983 0.272039
0.001105 2468.73 0.0391119 200069 -0.177796 0.275069
0.006935 348.938 0.232684 200070 0.00380828 1.98898
0.002035 2515.22 0.0274883 200069 -0.186651 0.270478
0.001795 2500.27 0.0300149 200069 -0.183104 0.271969
0.001115 2469 0.0389805 200069 -0.177842 0.275043
0.002255 2523.95 0.0258071 200069 -0.191078 0.269646
0.006945 348.894 0.232698 200070 0.00376226 1.98926
0.004805 1851.82 0.0677664 200069 -0.214452 0.367647
0.001395 2476.88 0.0351944 200069 -0.179353 0.274315
0.001805 2500.95 0.029898 200069 -0.183226 0.271901
0.001125 2469.28 0.0388487 200069 -0.177888 0.275017
0.006955 348.852 0.232712 200070 0.00371545 1.98952
0.002265 2524.21 0.0257479 200068 -0.191317 0.269622
0.004815 1847.48 0.0679093 200069 -0.213196 0.368511
0.001815 2501.63 0.029782 200069 -0.18335 0.271832
0.001135 2469.55 0.0387165 200069 -0.177935 0.274992
0.006965 348.812 0.232724 200070 0.0036678 1.98977
0.002275 2524.28 0.0256902 200069 -0.191529 0.26962
0.002045 2515.76 0.0273973 200069 -0.186829 0.270425
0.004825 1843.23 0.0680454 200069 -0.211902 0.369359
0.001825 2502.3 0.0296669 200069 -0.183475 0.271764
0.001145 2469.83 0.0385838 200069 -0.177982 0.274966
0.006975 348.774 0.232736 200070 0.00362059 1.99001
0.001405 2477.16 0.0350579 200069 -0.179414 0.27429
0.002285 2524.32 0.0256341 200069 -0.191751 0.26962
0.004495 2017.53 0.0608127 200069 -0.23543 0.337532
0.004835 1839.09 0.0681745 200069 -0.210571 0.370191
0.001835 2502.97 0.0295527 200069 -0.183603 0.271697
0.001155 2470.11 0.0384509 200069 -0.17803 0.27494
0.006985 348.737 0.232747 200070 0.00357046 1.99025
0.002295 2524.36 0.0255796 200069 -0.191978 0.26962
0.002055 2516.3 0.0273076 200069 -0.18701 0.270372
0.004845 1835.06 0.0682965 200069 -0.209202 0.371005
0.001845 2503.64 0.0294394 200069 -0.183732 0.27163
0.001165 2470.39 0.0383175 200069 -0.178079 0.274914
0.002305 2524.39 0.0255268 200069 -0.192208 0.269622
0.006995 348.723 0.232758 200070 0.00351984 1.99035
0.001415 2477.45 0.0349216 200069 -0.179476 0.274264
0.004855 1831.14 0.0684112 200069 -0.207798 0.371801
0.001855 2504.3 0.0293271 200069 -0.183864 0.271564
0.001175 2470.67 0.0381839 200069 -0.178129 0.274888
0.002315 2524.4 0.0254756 200069 -0.192441 0.269624
0.007005 348.71 0.232768 200070 0.00347094 1.99044
0.004505 2011.72 0.0610914 200069 -0.235317 0.338503
0.004865 1827.33 0.0685186 200069 -0.206359 0.372577
0.001865 2504.96 0.0292158 200069 -0.183998 0.271498
0.001185 2470.95 0.0380499 200069 -0.178179 0.274862
0.002325 2524.4 0.0254262 200069 -0.192678 0.269628
0.007015 348.698 0.232777 200070 0.00342035 1.99053
0.002065 2516.83 0.0272193 200069 -0.187193 0.270321
0.004875 1823.64 0.0686184 200070 -0.204888 0.373332
0.001875 2505.61 0.0291055 200069 -0.184135 0.271433
0.001195 2471.23 0.0379156 200069 -0.178229 0.274836
0.002335 2524.4 0.0253783 200069 -0.192919 0.269633
0.001425 2477.73 0.0347854 200069 -0.179539 0.274238
0.007025 348.687 0.232786 200070 0.00336926 1.99061
0.004885 1820.06 0.0687106 200070 -0.203386 0.374066
0.004515 2005.91 0.0613677 200069 -0.235155 0.33948
0.001885 2506.25 0.0289961 200069 -0.184274 0.271368
0.001205 2471.51 0.037781 200069 -0.17828 0.27481
0.002345 2524.38 0.0253321 200069 -0.193163 0.269639
0.004895 1816.61 0.0687952 200070 -0.201855 0.374778
0.007035 348.677 0.232794 200070 0.0033176 1.99069
0.002075 2517.34 0.0271322 200069 -0.187381 0.27027
0.000645 2457.59 0.0444269 200069 -0.176305 0.27612
0.003525 2348.73 0.0339617 200069 -0.219043 0.290117
0.004165 2158.84 0.0508925 200069 -0.231353 0.31556
0.000325 2452.57 0.0468239 200069 -0.175823 0.276598
0.003535 2346.3 0.0341661 200069 -0.219225 0.290418
0.000655 2457.79 0.0443316 200069 -0.176326 0.276101
0.004175 2155.34 0.0511997 200069 -0.231565 0.316069
0.003545 2343.86 0.0343728 200069 -0.219407 0.29072
0.000335 2452.68 0.04677 200069 -0.175833 0.276587
0.003845 2262.64 0.0415584 200069 -0.224519 0.301151
0.000665 2457.99 0.0442352 200069 -0.176348 0.276081
0.003555 2341.41 0.0345817 200069 -0.219587 0.291025
0.004185 2151.83 0.0515073 200069 -0.231774 0.316582
0.000345 2452.8 0.0467147 200069 -0.175843 0.276576
0.000675 2458.19 0.0441377 200069 -0.176371 0.276062
0.003565 2338.96 0.0347928 200069 -0.219768 0.291331
0.004195 2148.3 0.0518152 200069 -0.231981 0.317099
0.000355 2452.91 0.0466579 200069 -0.175853 0.276565
0.003575 2336.49 0.0350061 200069 -0.219948 0.29164
0.000685 2458.4 0.0440392 200069 -0.176393 0.276042
0.003585 2334.01 0.0352217 200069 -0.220127 0.29195
0.000695 2458.61 0.0439396 200069 -0.176417 0.276022
0.003855 2259.61 0.0418284 200069 -0.224713 0.301553
0.000365 2453.04 0.0465997 200069 -0.175863 0.276553
0.004205 2144.76 0.0521233 200069 -0.232184 0.317619
0.003595 2331.52 0.0354394 200069 -0.220305 0.292262
0.000705 2458.82 0.0438389 200069 -0.17644 0.276002
0.000375 2453.16 0.04654 200069 -0.175874 0.276541
0.004215 2141.2 0.0524315 200069 -0.232383 0.318144
0.003865 2256.58 0.0421001 200069 -0.22491 0.301957
0.003605 2329.02 0.0356593 200069 -0.220483 0.292576
0.000715 2459.03 0.0437372 200069 -0.176465 0.275982
0.000385 2453.29 0.0464789 200069 -0.175885 0.276529
0.004225 2137.62 0.0527398 200069 -0.232576 0.318672
0.003875 2253.53 0.0423735 200069 -0.22511 0.302364
0.003615 2326.51 0.0358813 200069 -0.22066 0.292891
0.000725 2459.25 0.0436344 200069 -0.176489 0.275962
0.000395 2453.42 0.0464164 200069 -0.175897 0.276517
0.004235 2134.03 0.0530481 200069 -0.232763 0.319205
5e-06 2450.71 0.047714 200069 -0.175673 0.276774
0.003885 2250.47 0.0426486 200069 -0.225311 0.302774
0.003625 2323.99 0.0361056 200069 -0.220835 0.293209
0.000735 2459.47 0.0435307 200069 -0.176515 0.275941
0.000405 2453.55 0.0463525 200069 -0.175909 0.276504
0.004245 2130.43 0.0533563 200069 -0.232941 0.319741
0.003895 2247.4 0.0429254 200069 -0.225516 0.303186
0.003635 2321.46 0.0363319 200069 -0.22101 0.293529
0.000415 2453.69 0.0462872 200069 -0.175921 0.276491
0.000745 2459.69 0.043426 200069 -0.17654 0.27592
0.004255 2126.81 0.0536645 200069 -0.233109 0.320281
0.003905 2244.31 0.0432038 200069 -0.225722 0.303602
0.003645 2318.92 0.0365605 200069 -0.221183 0.29385
0.000425 2453.83 0.0462205 200069 -0.175933 0.276478
1.5e-05 2450.72 0.0477122 200069 -0.175673 0.276774
0.004265 2123.18 0.0539724 200069 -0.233266 0.320825
0.000755 2459.91 0.0433203 200069 -0.176566 0.275899
0.003915 2241.21 0.0434839 200069 -0.22593 0.30402
0.003655 2316.38 0.0367911 200069 -0.221355 0.294174
0.000435 2453.97 0.0461525 200069 -0.175946 0.276464
2.5e-05 2450.73 0.0477087 200069 -0.175674 0.276773
0.000765 2460.13 0.0432136 200069 -0.176593 0.275878
0.004275 2119.54 0.05428 200069 -0.23341 0.321372
0.003925 2238.1 0.0437655 200069 -0.22614 0.304442
0.002565 2515.65 0.0247604 200069 -0.198813 0.27066
0.003665 2313.82 0.0370238 200069 -0.221526 0.294499
0.000445 2454.12 0.0460831 200069 -0.17596 0.27645
3.5e-05 2450.74 0.0477033 200069 -0.175675 0.276772
0.000775 2460.36 0.0431059 200069 -0.17662 0.275856
0.004285 2115.89 0.0545872 200069 -0.233541 0.321923
0.003935 2234.97 0.0440486 200069 -0.226351 0.304866
0.003675 2311.25 0.0372587 200069 -0.221695 0.294826
0.000455 2454.26 0.0460123 200069 -0.175973 0.276436
0.002575 2514.83 0.0247556 200069 -0.199066 0.270752
0.000785 2460.59 0.0429973 200069 -0.176647 0.275835
4.5e-05 2450.75 0.0476963 200069 -0.175676 0.276771
0.003945 2231.83 0.0443332 200069 -0.226564 0.305294
0.004295 2112.23 0.054894 200069 -0.233659 0.322478
0.003685 2308.67 0.0374956 200069 -0.221862 0.295155
0.000465 2454.42 0.0459402 200069 -0.175987 0.276422
0.002585 2514 0.0247527 200069 -0.19932 0.270845
0.000795 2460.82 0.0428878 200069 -0.176675 0.275813
5.5e-05 2450.77 0.0476875 200069 -0.175678 0.276769
0.003955 2228.67 0.0446193 200069 -0.226778 0.305725
0.004305 2108.56 0.0552003 200069 -0.233766 0.323036
0.003695 2306.08 0.0377346 200069 -0.222028 0.295486
0.000475 2454.57 0.0458668 200069 -0.176002 0.276407
0.002595 2513.15 0.0247517 200069 -0.199574 0.270939
0.000805 2461.05 0.0427774 200069 -0.176703 0.275791
6.5e-05 2450.79 0.0476769 200069 -0.17568 0.276767
0.003705 2303.49 0.0379757 200069 -0.222193 0.295819
0.004315 2104.88 0.055506 200069 -0.233865 0.323596
0.003965 2225.5 0.0449068 200069 -0.226994 0.306159
0.000485 2454.73 0.045792 200069 -0.176016 0.276392
7.5e-05 2450.82 0.0476647 200069 -0.175682 0.276765
0.000815 2461.28 0.0426661 200069 -0.176732 0.275769
0.002605 2512.29 0.0247527 200069 -0.199829 0.271035
0.003715 2300.87 0.0382188 200068 -0.222358 0.296154
0.004325 2101.19 0.055811 200069 -0.233958 0.324161
0.003975 2222.31 0.0451957 200069 -0.22721 0.306596
0.000495 2454.88 0.045716 200069 -0.176031 0.276377
8.5e-05 2450.85 0.0476507 200069 -0.175684 0.276762
0.000825 2461.52 0.0425539 200069 -0.176761 0.275747
0.003725 2298 0.0384639 200069 -0.222492 0.296525
0.002615 2511.42 0.0247556 200069 -0.200085 0.271133
0.004335 2097.49 0.0561153 200069 -0.234053 0.324728
0.003985 2219.11 0.045486 200069 -0.227427 0.307036
0.000505 2455.05 0.0456387 200069 -0.176047 0.276362
9.5e-05 2450.88 0.047635 200069 -0.175687 0.276759
0.000835 2461.75 0.0424408 200069 -0.176791 0.275724
0.003735 2295.11 0.0387111 200069 -0.222633 0.296899
0.002625 2510.54 0.0247604 200069 -0.200341 0.271231
0.004345 2093.79 0.0564186 200069 -0.234155 0.325298
0.003995 2215.89 0.0457776 200069 -0.227645 0.30748
0.000515 2455.21 0.0455601 200069 -0.176063 0.276346
0.000105 2450.91 0.0476176 200069 -0.17569 0.276755
0.000845 2461.99 0.0423268 200069 -0.176821 0.275702
0.003745 2292.2 0.0389603 200069 -0.222782 0.297274
0.002635 2509.64 0.0247672 200069 -0.200598 0.271331
0.004355 2090.07 0.0567211 200069 -0.234271 0.325872
0.004005 2212.66 0.0460705 200069 -0.227863 0.307927
0.003205 2421.13 0.0286191 200069 -0.213188 0.281401
0.000525 2455.38 0.0454802 200069 -0.176079 0.27633
0.000115 2450.95 0.0475985 200069 -0.175693 0.276752
0.000855 2462.23 0.042212 200069 -0.176851 0.275679
0.002645 2508.74 0.024776 200069 -0.200856 0.271433
0.003755 2289.3 0.0392114 200069 -0.222936 0.297651
0.004365 2086.35 0.0570225 200069 -0.234408 0.32645
0.004015 2209.41 0.0463646 200069 -0.228082 0.308377
0.000535 2455.55 0.045399 200069 -0.176095 0.276314
0.002885 2478.07 0.0255963 200069 -0.206718 0.274863
0.000865 2462.48 0.0420964 200069 -0.176882 0.275656
0.000125 2451 0.0475777 200069 -0.175697 0.276747
0.002655 2507.82 0.0247867 200069 -0.201114 0.271536
0.003765 2286.38 0.0394646 200069 -0.223095 0.298031
0.004375 2082.61 0.0573228 200069 -0.234572 0.327032
0.004025 2206.15 0.0466599 200069 -0.228301 0.308831
0.000545 2455.72 0.0453167 200069 -0.176112 0.276297
0.003215 2419.01 0.0287506 200069 -0.213363 0.281649
0.000875 2462.72 0.04198 200069 -0.176914 0.275633
0.002895 2476.49 0.0256566 200069 -0.206948 0.275041
0.000135 2451.04 0.0475553 200069 -0.1757 0.276743
0.002665 2506.88 0.0247994 200069 -0.201372 0.27164
0.003775 2283.45 0.0397197 200069 -0.223258 0.298412
0.004385 2078.86 0.0576218 200069 -0.234769 0.327618
0.004035 2202.87 0.0469563 200069 -0.228521 0.309288
0.000555 2455.9 0.045233 200069 -0.17613 0.276281
0.000885 2462.97 0.0418628 200069 -0.176946 0.27561
0.003225 2416.89 0.0288844 200069 -0.213539 0.281898
0.000145 2451.09 0.0475312 200069 -0.175704 0.276738
0.002905 2474.9 0.0257191 200069 -0.207178 0.275221
0.002675 2505.93 0.0248141 200069 -0.201632 0.271746
0.003785 2280.51 0.0399767 200069 -0.223426 0.298796
0.004395 2075.04 0.0579194 200064 -0.234959 0.328209
0.004045 2199.58 0.0472539 200069 -0.228741 0.309749
0.000565 2456.07 0.0451482 200069 -0.176148 0.276264
0.000895 2463.21 0.0417447 200069 -0.176978 0.275586
0.003235 2414.76 0.0290205 200069 -0.213717 0.282148
0.000155 2451.15 0.0475054 200069 -0.175709 0.276733
0.002915 2473.3 0.0257838 200069 -0.207406 0.275402
0.002685 2504.97 0.0248309 200069 -0.201891 0.271854
0.003795 2277.56 0.0402357 200069 -0.223599 0.299183
0.004405 2069.4 0.0582158 200069 -0.235036 0.329108
0.004055 2196.27 0.0475525 200069 -0.228961 0.310213
0.000905 2463.46 0.041626 200069 -0.177011 0.275563
0.000575 2456.26 0.0450622 200069 -0.176166 0.276246
0.003245 2412.62 0.0291588 200069 -0.213896 0.2824
0.000165 2451.2 0.047478 200069 -0.175713 0.276728
0.002925 2471.69 0.0258507 200069 -0.207632 0.275584
0.002695 2504 0.0248496 200069 -0.202151 0.271962
0.003805 2274.6 0.0404965 200069 -0.223776 0.299571
0.004415 2063.7 0.058511 200069 -0.235095 0.330014
0.000915 2463.71 0.0415064 200069 -0.177045 0.275539
0.004065 2192.95 0.0478521 200069 -0.22918 0.310681
0.000585 2456.44 0.0449749 200069 -0.176184 0.276229
0.003255 2410.47 0.0292994 200069 -0.214076 0.282653
0.000175 2451.26 0.047449 200069 -0.175718 0.276722
0.002935 2470.06 0.0259197 200069 -0.207857 0.275768
0.002705 2503.02 0.0248703 200069 -0.202411 0.272073
0.006405 371.962 0.228429 200070 0.00253383 1.86134
0.003815 2271.62 0.0407593 200069 -0.223956 0.299962
0.000925 2463.97 0.0413861 200069 -0.177079 0.275515
0.004425 2057.98 0.0588047 200069 -0.235179 0.330927
0.004075 2189.61 0.0481527 200069 -0.2294 0.311152
0.003265 2408.31 0.0294424 200069 -0.214257 0.282908
0.000595 2456.62 0.0448865 200069 -0.176203 0.276211
0.000185 2451.33 0.0474183 200069 -0.175723 0.276716
0.002945 2468.42 0.0259908 200069 -0.20808 0.275954
0.002715 2502.02 0.0248931 200069 -0.202671 0.272184
0.003825 2268.64 0.0410238 200069 -0.22414 0.300356
0.000935 2464.22 0.0412651 200069 -0.177114 0.275492
0.004085 2186.25 0.0484542 200069 -0.229619 0.311627
0.004435 2052.24 0.059097 200069 -0.235271 0.331848
0.003275 2406.15 0.0295876 200069 -0.214439 0.283165
0.000605 2456.81 0.0447969 200069 -0.176223 0.276193
0.000195 2451.4 0.047386 200069 -0.175728 0.27671
0.006415 370.652 0.228642 200070 0.00270221 1.8681
0.002955 2466.77 0.0260642 200069 -0.208302 0.276141
0.002725 2501 0.0249179 200069 -0.202931 0.272298
0.003835 2265.64 0.0412902 200069 -0.224328 0.300752
0.000945 2464.48 0.0411434 200069 -0.177149 0.275467
0.004095 2182.88 0.0487565 200069 -0.229838 0.312106
0.004445 2046.49 0.0593876 200069 -0.235362 0.332776
0.003285 2403.97 0.0297351 200069 -0.214622 0.283423
0.000615 2457 0.0447061 200069 -0.176243 0.276175
0.000205 2451.47 0.0473522 200069 -0.175734 0.276703
0.006425 369.386 0.228846 200070 0.00285993 1.87467
0.002965 2465.11 0.0261397 200069 -0.208522 0.276329
0.005125 1696.1 0.0767993 200070 -0.203227 0.401541
0.002975 2463.44 0.0262175 200069 -0.208741 0.276519
0.006085 459.663 0.215296 200070 -0.0100546 1.49983
0.002985 2461.76 0.0262974 200069 -0.208957 0.276711
0.005445 1110.32 0.13601 200071 -0.111427 0.614571
0.002995 2460.06 0.0263795 200069 -0.209172 0.276904
0.006095 454.971 0.215934 200070 -0.00940819 1.51554
0.005135 1676.33 0.0787212 200070 -0.199836 0.406288
0.003005 2458.36 0.0264638 200069 -0.209385 0.277098
0.005455 1093.65 0.137755 200071 -0.108793 0.623998
0.006105 450.379 0.216556 200070 -0.00877204 1.53125
0.005765 688.841 0.185057 200071 -0.0439439 0.995133
0.003015 2456.64 0.0265503 200069 -0.209596 0.277294
0.005145 1656.67 0.0806374 200070 -0.196521 0.411122
0.005465 1077.1 0.13949 200071 -0.106178 0.633653
0.006115 445.886 0.217161 200070 -0.00812882 1.54693
0.001895 2506.89 0.0288878 200069 -0.184415 0.271304
0.003025 2454.92 0.0266391 200069 -0.209806 0.277491
0.005155 1637.11 0.0825484 200070 -0.193276 0.416045
0.005475 1060.67 0.141215 200071 -0.103583 0.643543
0.006125 441.941 0.21775 200070 -0.00759669 1.56098
0.003035 2453.18 0.02673 200069 -0.210013 0.27769
0.001905 2507.53 0.0287805 200069 -0.184558 0.271241
0.001215 2471.79 0.0376462 200069 -0.178332 0.274784
0.005165 1617.66 0.0844545 200070 -0.190099 0.421062
0.005485 1044.34 0.142929 200071 -0.101007 0.653675
0.006135 438.095 0.218322 200070 -0.00703574 1.57494
0.003045 2451.43 0.0268232 200069 -0.210219 0.27789
0.005775 678.572 0.186305 200071 -0.0423842 1.01037
0.001915 2508.16 0.0286743 200069 -0.184705 0.271178
0.005175 1598.31 0.0863562 200070 -0.186983 0.426176
0.001225 2472.07 0.0375111 200069 -0.178385 0.274758
0.005495 1028.13 0.144633 200071 -0.0984521 0.664057
0.004905 1813.29 0.0688719 200070 -0.200299 0.375467
0.002355 2524.35 0.0252876 200069 -0.193409 0.269647
0.005505 1012.03 0.146326 200071 -0.0959176 0.674698
0.004915 1810.1 0.0689409 200070 -0.198721 0.376132
0.001435 2478.02 0.0346494 200070 -0.179614 0.274212
0.005515 996.049 0.148007 200071 -0.0933933 0.685607
0.002365 2524.3 0.0252447 200069 -0.19366 0.269656
0.004925 1807.04 0.069002 200070 -0.197123 0.376772
0.002085 2517.85 0.0270465 200069 -0.187578 0.27022
0.005525 980.18 0.149677 200071 -0.0908909 0.696791
0.002375 2524.25 0.0252036 200069 -0.193913 0.269666
0.004935 1804.11 0.0690553 200070 -0.195509 0.377387
0.002095 2518.29 0.0269622 200069 -0.187753 0.270178
0.004525 2000.1 0.0616415 200069 -0.234945 0.340461
0.005535 964.428 0.151335 200071 -0.0882519 0.708261
0.004945 1801.31 0.0691009 200070 -0.193884 0.377976
0.002385 2524.18 0.0251642 200069 -0.19417 0.269677
0.002105 2518.71 0.0268791 200069 -0.18794 0.270138
0.001445 2478.44 0.0345135 200069 -0.179677 0.27417
0.005545 948.821 0.152981 200075 -0.085456 0.720015
0.004955 1798.65 0.0691389 200070 -0.192251 0.378539
0.002735 2499.98 0.0249447 200069 -0.203192 0.272412
0.002115 2519.12 0.0267975 200069 -0.18813 0.270099
0.002395 2524.1 0.0251265 200069 -0.194429 0.26969
0.001455 2478.87 0.0343778 200069 -0.17975 0.274128
0.005555 935.52 0.154617 200071 -0.0837359 0.730333
0.004965 1796.13 0.0691693 200070 -0.190615 0.379075
0.002745 2498.93 0.0249735 200068 -0.203454 0.272529
0.002125 2519.53 0.0267173 200069 -0.188322 0.27006
0.004535 1994.3 0.0619127 200069 -0.234689 0.341447
0.002405 2524.01 0.0250906 200069 -0.194692 0.269704
0.001465 2479.3 0.0342423 200069 -0.179826 0.274086
0.005565 922.38 0.156238 200071 -0.0815362 0.740836
0.004975 1793.74 0.0691923 200070 -0.18898 0.379584
0.002755 2497.53 0.0250044 200069 -0.203681 0.272686
0.002135 2519.92 0.0266384 200069 -0.188517 0.270022
0.004545 1988.52 0.0621811 200069 -0.23439 0.342437
0.002415 2523.9 0.0250564 200069 -0.194958 0.269719
0.000955 2464.73 0.041021 200069 -0.177185 0.275443
0.005575 909.382 0.157843 200071 -0.079375 0.751527
0.001475 2479.74 0.0341071 200070 -0.179912 0.274044
0.004985 1791.5 0.0692082 200070 -0.187351 0.380065
0.002765 2496.1 0.0250374 200069 -0.203911 0.272845
0.002425 2523.78 0.0250239 200069 -0.195227 0.269736
0.004105 2179.49 0.0490597 200069 -0.230057 0.312588
0.002435 2523.65 0.0249933 200069 -0.195499 0.269754
0.004455 2040.72 0.0596765 200069 -0.235439 0.333713
0.004115 2176.09 0.0493636 200069 -0.230275 0.313074
0.002445 2523.5 0.0249644 200069 -0.195774 0.269773
0.004465 2034.94 0.0599636 200069 -0.235493 0.334657
0.003295 2401.78 0.0298849 200069 -0.214806 0.283683
0.002455 2523.34 0.0249373 200069 -0.196052 0.269794
0.004125 2172.67 0.0496682 200069 -0.230492 0.313563
0.004475 2029.15 0.0602487 200069 -0.235514 0.335608
0.003305 2399.58 0.030037 200069 -0.21499 0.283944
0.000625 2457.19 0.0446142 200069 -0.176263 0.276157
0.003315 2397.38 0.0301914 200069 -0.215174 0.284207
0.000635 2457.39 0.0445211 200069 -0.176284 0.276138
0.003325 2395.16 0.0303481 200069 -0.215359 0.284471
0.000215 2451.54 0.0473167 200069 -0.17574 0.276696
0.003335 2392.93 0.0305071 200069 -0.215544 0.284737
0.006435 368.164 0.229042 200070 0.00300985 1.88106
0.003345 2390.7 0.0306683 200069 -0.215729 0.285005
0.006145 434.346 0.218878 200070 -0.00649305 1.58878
0.003355 2388.45 0.0308319 200069 -0.215914 0.285274
0.003055 2449.68 0.0269186 200069 -0.210423 0.278091
0.006155 430.692 0.219418 200070 -0.00596658 1.60251
0.005785 668.43 0.187533 200071 -0.0408534 1.02588
0.003365 2386.2 0.0309978 200069 -0.216099 0.285546
0.003065 2447.91 0.0270163 200069 -0.210625 0.278294
0.005185 1579.05 0.0882537 200070 -0.183924 0.43139
0.006165 427.13 0.219942 200070 -0.00545667 1.61611
0.003375 2383.93 0.0311659 200069 -0.216284 0.285818
0.003075 2446.13 0.0271161 200069 -0.210825 0.278499
0.001235 2472.35 0.0373758 200069 -0.178438 0.274732
0.005795 658.413 0.188743 200071 -0.0392799 1.04168
0.006175 423.66 0.22045 200070 -0.00496092 1.6296
0.002145 2520.31 0.026561 200069 -0.188715 0.269985
0.005195 1559.88 0.0901472 200070 -0.180916 0.436707
0.003385 2381.65 0.0313363 200069 -0.216469 0.286093
0.003085 2444.34 0.0272182 200069 -0.211023 0.278705
0.004555 1982.75 0.0624467 200069 -0.23405 0.34343
0.001245 2472.63 0.0372403 200069 -0.178491 0.274706
0.005805 648.531 0.189933 200072 -0.037594 1.05775
0.006185 420.281 0.220943 200070 -0.00447279 1.64294
0.005585 896.527 0.159433 200071 -0.0772366 0.762409
0.002155 2520.69 0.026485 200069 -0.188915 0.26995
0.005205 1540.8 0.0920371 200070 -0.177954 0.442132
0.004995 1789.39 0.0692172 200070 -0.185733 0.380518
0.003395 2379.37 0.0315091 200069 -0.216654 0.286369
0.003095 2442.55 0.0273226 200069 -0.211219 0.278912
0.001485 2480.3 0.0339721 200069 -0.179987 0.273987
0.001255 2472.91 0.0371046 200069 -0.178545 0.27468
0.004565 1976.99 0.0627093 200069 -0.233672 0.344426
0.005815 639.88 0.191103 200070 -0.0364983 1.07223
0.002775 2494.67 0.0250725 200069 -0.204144 0.273005
0.006195 416.993 0.221421 200070 -0.00397787 1.65614
0.002165 2521.06 0.0264105 200069 -0.189118 0.269915
0.005595 883.813 0.161006 200071 -0.0751281 0.773486
0.005215 1521.82 0.0939233 200070 -0.17503 0.447667
0.005005 1787.41 0.0692196 200070 -0.184128 0.380943
0.003405 2377.07 0.0316841 200069 -0.216839 0.286647
0.003105 2440.74 0.0274292 200069 -0.211413 0.27912
0.001265 2473.2 0.0369687 200069 -0.1786 0.274654
0.001495 2480.87 0.0338373 200069 -0.180072 0.273929
0.004575 1971.26 0.0629688 200069 -0.233257 0.345424
0.005825 631.371 0.192253 200070 -0.0351534 1.08688
0.002785 2493.22 0.0251096 200069 -0.204377 0.273166
0.006205 413.802 0.221885 200070 -0.00345511 1.66915
0.002175 2521.42 0.0263374 200069 -0.189324 0.269881
0.005225 1502.92 0.0958061 200070 -0.17214 0.453317
0.005605 871.24 0.162563 200071 -0.0730496 0.78476
0.005015 1785.57 0.0692156 200070 -0.182543 0.381341
0.003415 2374.76 0.0318614 200069 -0.217024 0.286926
0.003115 2438.92 0.027538 200069 -0.211605 0.27933
0.001275 2473.48 0.0368326 200069 -0.178655 0.274628
0.001505 2481.44 0.0337028 200069 -0.180158 0.273872
0.004585 1965.56 0.063225 200069 -0.232809 0.346423
0.005835 622.995 0.193382 200070 -0.0338447 1.10169
0.002795 2491.76 0.0251488 200069 -0.204612 0.273329
0.006215 410.716 0.222333 200070 -0.00289705 1.68193
0.002185 2521.77 0.0262658 200069 -0.189532 0.269848
0.005235 1484.1 0.0976855 200070 -0.169279 0.459086
0.005615 858.809 0.164102 200071 -0.0710012 0.796236
0.005025 1783.87 0.0692058 200070 -0.18098 0.381711
0.003425 2372.45 0.032041 200069 -0.217209 0.287207
0.003125 2437.1 0.0276491 200069 -0.211794 0.279542
0.002465 2523.15 0.0249121 200067 -0.196333 0.269817
0.004135 2169.24 0.0499734 200069 -0.230709 0.314057
0.003135 2435.26 0.0277624 200069 -0.211981 0.279755
0.002475 2522.47 0.0248886 200069 -0.196578 0.269895
0.000225 2451.62 0.0472796 200069 -0.175746 0.276688
0.003145 2433.41 0.027878 200069 -0.212167 0.279969
0.004145 2165.79 0.0502793 200069 -0.230925 0.314554
0.002485 2521.76 0.0248669 200069 -0.19682 0.269975
0.000235 2451.7 0.047241 200069 -0.175752 0.276681
0.006445 367.111 0.229229 200070 0.00314608 1.88662
0.003155 2431.55 0.0279958 200069 -0.212354 0.280184
0.004155 2162.32 0.0505857 200069 -0.23114 0.315055
0.002495 2521.04 0.0248471 200069 -0.197066 0.270056
0.000245 2451.78 0.0472008 200069 -0.175759 0.276673
0.003165 2429.49 0.0281159 200069 -0.212512 0.280425
0.001515 2482 0.0335686 200069 -0.180244 0.273816
0.003175 2427.41 0.0282383 200069 -0.212677 0.280667
0.004595 1959.88 0.0634779 200069 -0.232328 0.347424
0.001525 2482.57 0.0334348 200069 -0.18033 0.273759
0.003185 2425.33 0.028363 200069 -0.212845 0.28091
0.005245 1465.37 0.0995614 200070 -0.16644 0.464976
0.004605 1954.22 0.0637273 200069 -0.231815 0.348425
0.001535 2483.13 0.0333013 200069 -0.180416 0.273703
0.003195 2423.23 0.0284899 200069 -0.213016 0.281155
0.005845 614.751 0.194491 200070 -0.0325603 1.11667
0.005625 846.518 0.165625 200071 -0.0689831 0.807917
0.005855 606.639 0.19558 200070 -0.0313055 1.13181
0.005635 834.367 0.167131 200071 -0.0669952 0.819806
0.002805 2490.28 0.02519 200069 -0.204846 0.273494
0.005865 598.656 0.196649 200070 -0.03008 1.14711
0.005645 822.356 0.168619 200071 -0.0650378 0.831908
0.006225 407.745 0.222768 200070 -0.00234663 1.69442
0.005875 590.801 0.197697 200070 -0.0288839 1.16258
0.002815 2488.8 0.0252334 200069 -0.205081 0.27366
0.002195 2522.11 0.0261957 200069 -0.189744 0.269816
0.005655 810.483 0.17009 200071 -0.0631108 0.844225
0.006235 404.878 0.223188 200070 -0.00188242 1.70666
0.005035 1782.3 0.0691904 200070 -0.179443 0.382054
0.005885 583.073 0.198726 200070 -0.0277172 1.1782
0.002825 2487.3 0.0252789 200069 -0.205317 0.273827
0.002205 2522.44 0.0261271 200069 -0.189958 0.269785
0.005665 798.749 0.171543 200071 -0.0612143 0.856763
0.006245 402.352 0.223594 200070 -0.00155877 1.7176
0.005895 575.47 0.199734 200070 -0.0265797 1.19399
0.005045 1780.86 0.06917 200070 -0.177936 0.382369
0.002835 2485.8 0.0253265 200069 -0.205552 0.273996
0.005675 787.153 0.172978 200071 -0.0593485 0.869523
0.006255 399.89 0.223987 200070 -0.00126534 1.72841
0.002215 2522.77 0.02606 200069 -0.190175 0.269755
0.005905 567.99 0.200723 200070 -0.0254714 1.20993
0.002845 2484.28 0.0253762 200069 -0.205786 0.274167
0.005055 1779.55 0.0691449 200070 -0.176455 0.382658
0.005685 775.693 0.174394 200071 -0.0575135 0.882512
0.006265 397.49 0.224366 200070 -0.000965785 1.73907
0.002225 2523.08 0.0259945 200069 -0.190395 0.269726
0.005915 560.633 0.201692 200070 -0.024392 1.22603
0.002855 2482.74 0.025428 200069 -0.20602 0.274338
0.005695 764.37 0.175792 200071 -0.055708 0.895732
0.005065 1778.37 0.0691156 200069 -0.1751 0.382919
0.006275 395.157 0.224732 200070 -0.000654119 1.74956
0.002235 2523.38 0.0259305 200069 -0.190619 0.269698
0.005925 553.396 0.202642 200070 -0.0233413 1.24229
0.002865 2481.2 0.025482 200069 -0.206254 0.274512
0.005705 753.182 0.177172 200071 -0.053938 0.909188
0.005075 1777.31 0.0690827 200070 -0.172242 0.383156
0.003435 2370.12 0.0322228 200069 -0.217393 0.28749
0.006285 392.892 0.225085 200070 -0.000341546 1.75987
0.005935 546.278 0.203573 200070 -0.0223187 1.25871
0.002875 2479.64 0.025538 200069 -0.206486 0.274687
0.005715 742.128 0.178533 200071 -0.0521227 0.922884
0.005085 1775.93 0.0690813 200022 -0.194363 0.38337
0.006455 366.098 0.229408 200070 0.00327599 1.892
0.005095 1756.12 0.0709956 200071 -0.215517 0.387794
0.000255 2451.87 0.047159 200069 -0.175766 0.276665
0.006465 365.124 0.22958 200070 0.00339764 1.89721
0.005105 1735.99 0.072937 200070 -0.210144 0.392297
0.002505 2520.31 0.0248291 200069 -0.197312 0.270138
0.006475 364.186 0.229744 200070 0.00351105 1.90224
0.000265 2451.96 0.0471157 200069 -0.175773 0.276656
0.005115 1715.99 0.0748714 200070 -0.206703 0.396879
0.002515 2519.56 0.024813 200069 -0.19756 0.270222
0.004615 1948.61 0.0639731 200069 -0.23127 0.349426
0.005255 1446.73 0.101434 200070 -0.163619 0.470992
0.001545 2483.69 0.0331681 200069 -0.180504 0.273647
0.004625 1943.02 0.0642151 200069 -0.230694 0.350427
0.006295 390.696 0.225426 200070 -3.67591e-05 1.76998
0.005265 1428.17 0.103303 200070 -0.160813 0.477138
0.003445 2367.78 0.032407 200069 -0.217577 0.287775
0.001555 2484.25 0.0330354 200070 -0.180603 0.273591
0.004635 1937.47 0.0644533 200069 -0.230086 0.351427
0.006305 388.567 0.225755 200070 0.000256398 1.77989
0.005275 1409.69 0.105167 200070 -0.158017 0.483417
0.001565 2484.93 0.032903 200069 -0.180689 0.273521
0.004645 1931.97 0.0646874 200069 -0.229447 0.352425
0.003455 2365.44 0.0325934 200069 -0.217762 0.288062
0.006315 386.504 0.226071 200070 0.00053688 1.7896
0.005285 1391.31 0.107028 200070 -0.155228 0.489833
0.005945 539.277 0.204484 200070 -0.0213239 1.27528
0.006325 384.504 0.226376 200070 0.000804646 1.79912
0.004655 1926.51 0.0649173 200069 -0.228774 0.353422
0.001575 2485.61 0.0327711 200069 -0.180785 0.273451
0.003465 2363.08 0.0327821 200069 -0.217945 0.28835
0.005295 1373.01 0.108885 200070 -0.152445 0.49639
0.005725 731.208 0.179876 200070 -0.0506227 0.936824
0.005955 532.393 0.205377 200070 -0.0203554 1.29201
0.006335 382.565 0.22667 200070 0.00106511 1.80845
0.004665 1921.09 0.0651429 200069 -0.228069 0.354416
0.001585 2486.29 0.0326396 200069 -0.180882 0.273382
0.003475 2360.71 0.032973 200069 -0.218129 0.28864
0.005305 1354.8 0.110737 200070 -0.149666 0.503092
0.006345 380.884 0.226952 200070 0.00130144 1.81663
0.005735 720.42 0.1812 200071 -0.0487311 0.951016
0.006485 363.283 0.229901 200070 0.00361638 1.90712
0.005965 525.623 0.20625 200070 -0.0194125 1.30888
0.003485 2358.34 0.0331663 200069 -0.218312 0.288932
0.001595 2486.97 0.0325086 200069 -0.18098 0.273313
0.004675 1915.72 0.0653641 200069 -0.227331 0.355406
0.005315 1336.69 0.112585 200070 -0.14689 0.509943
0.006355 379.261 0.227224 200070 0.00153318 1.8246
0.005745 709.764 0.182504 200071 -0.0471536 0.965461
0.005975 518.966 0.207105 200070 -0.018469 1.32591
0.000275 2452.05 0.0470708 200069 -0.175781 0.276647
0.002525 2518.8 0.0247987 200069 -0.197809 0.270307
0.005985 512.424 0.207941 200071 -0.0174902 1.34308
0.006495 362.414 0.230051 200070 0.00371388 1.91183
0.000285 2452.15 0.0470244 200069 -0.175789 0.276638
0.003495 2355.95 0.0333617 200069 -0.218496 0.289225
0.002535 2518.03 0.0247863 200069 -0.198059 0.270393
0.005995 506.643 0.208759 200070 -0.0167572 1.35865
0.004685 1910.4 0.0655807 200069 -0.226558 0.356392
0.000295 2452.25 0.0469765 200069 -0.175797 0.276628
0.006505 361.577 0.230194 200070 0.00380389 1.9164
0.002545 2517.25 0.0247758 200069 -0.198309 0.270481
0.003505 2353.55 0.0335595 200069 -0.218678 0.289521
0.006005 500.98 0.209558 200070 -0.0159274 1.37425
0.000305 2452.35 0.0469271 200069 -0.175805 0.276618
0.004695 1905.14 0.0657926 200069 -0.225751 0.357374
0.006365 377.695 0.227485 200070 0.00175449 1.83236
0.006515 360.771 0.230331 200070 0.0038865 1.92082
0.002555 2516.45 0.0247672 200069 -0.198561 0.27057
0.006015 495.431 0.210338 200070 -0.0151967 1.38988
0.003515 2351.15 0.0337594 200069 -0.218861 0.289818
0.000315 2452.46 0.0468762 200069 -0.175814 0.276608
0.004705 1899.94 0.0659995 200069 -0.224909 0.358351
0.006375 376.185 0.227736 200070 0.00196528 1.83991
0.005325 1318.67 0.114427 200071 -0.144117 0.516947
0.005755 699.238 0.18379 200071 -0.0455311 0.980165
0.005335 1300.74 0.116264 200071 -0.141347 0.524108
0.006525 359.993 0.230462 200070 0.00396373 1.9251
0.006025 489.996 0.2111 200070 -0.0142074 1.40555
0.004715 1894.8 0.0662015 200069 -0.224032 0.359321
0.006535 359.337 0.230587 200070 0.00403339 1.92874
0.006385 374.727 0.227976 200070 0.00216542 1.84725
0.006035 484.671 0.211844 200070 -0.0136489 1.42123
0.005345 1282.91 0.118095 200071 -0.138581 0.53143
0.004725 1889.72 0.0663982 200069 -0.223118 0.360284
0.006545 358.708 0.230706 200070 0.00409887 1.93225
0.006395 373.32 0.228208 200070 0.00235494 1.8544
0.006045 479.457 0.212569 200070 -0.0128329 1.43694
0.005355 1265.18 0.119919 200071 -0.135819 0.538917
0.004735 1884.71 0.0665896 200069 -0.222167 0.36124
0.006555 358.105 0.23082 200070 0.0041595 1.93563
0.005365 1247.55 0.121738 200071 -0.133064 0.546575
0.006055 474.35 0.213277 200070 -0.0121127 1.45266
0.004745 1879.77 0.0667755 200069 -0.221179 0.362188
0.006565 357.526 0.230928 200070 0.0042154 1.93887
0.005375 1230.02 0.123549 200071 -0.130316 0.554408
0.006065 469.35 0.213967 200070 -0.0114059 1.46838
0.004755 1874.9 0.0669558 200069 -0.220154 0.363126
0.006575 356.972 0.231031 200070 0.00426661 1.942
0.005385 1212.6 0.125353 200071 -0.127578 0.56242
0.006075 464.455 0.21464 200070 -0.0107206 1.4841
0.004765 1870.12 0.0671302 200069 -0.219091 0.364054
0.006585 356.441 0.23113 200070 0.00431312 1.945
0.005395 1195.28 0.12715 200071 -0.12485 0.570617
0.004775 1865.41 0.0672987 200069 -0.217989 0.364971
0.006595 355.931 0.231223 200070 0.00435475 1.94789
0.005405 1178.07 0.128939 200071 -0.122135 0.579005
0.004785 1860.79 0.0674609 200069 -0.216849 0.365876
0.006605 355.442 0.231313 200070 0.00439128 1.95067
0.005415 1160.97 0.13072 200071 -0.119434 0.587588
0.004795 1856.26 0.0676169 200069 -0.21567 0.366769
0.006615 354.973 0.231397 200070 0.00442235 1.95335
0.005425 1143.97 0.132492 200071 -0.116748 0.596372
0.006625 354.523 0.231478 200070 0.00444849 1.95593
0.005435 1127.09 0.134255 200071 -0.114079 0.605365
0.006635 354.147 0.231555 200070 0.004469 1.9581
0.006645 353.788 0.231628 200070 0.00448524 1.96017
0.006655 353.445 0.231698 200070 0.00449687 1.96217
0.006665 353.115 0.231764 200070 0.00450425 1.96408
0.006675 352.799 0.231827 200070 0.00450773 1.96592
0.006685 352.496 0.231886 200070 0.00450768 1.96769
0.006695 352.205 0.231943 200070 0.0045044 1.96939
0.006705 351.925 0.231997 200070 0.00449814 1.97103
0.006715 351.656 0.232048 200070 0.00448923 1.97261
