0.007365 349.729 0.232854 201709 -0.000561758 2.0011
0.007375 349.74 0.232858 201709 -0.000549148 2.00104
0.007385 349.752 0.232861 201709 -0.000537059 2.00098
0.007395 349.764 0.232864 201709 -0.000524535 2.00092
0.007405 349.776 0.232868 201709 -0.000510427 2.00086
0.007415 349.789 0.23287 201709 -0.000493131 2.00079
0.007425 349.801 0.232873 201709 -0.000470973 2.00073
0.007435 349.814 0.232876 201709 -0.000442568 2.00066
0.007445 349.826 0.232878 201709 -0.000407453 2.0006
0.007455 349.839 0.23288 201709 -0.000365241 2.00053
0.007465 349.853 0.232882 201709 -0.000319337 2.00046
0.007475 349.866 0.232884 201709 -0.000271241 2.00039
0.007485 349.879 0.232886 201709 -0.000224297 2.00032
0.007495 349.892 0.232888 201709 -0.000181595 2.00025
0.007505 349.905 0.232889 201709 -0.000145486 2.00018
0.007515 349.917 0.232891 201709 -0.00011721 2.00012
0.007525 349.929 0.232892 201709 -9.67646e-05 2.00005
0.007535 349.94 0.232893 201709 -8.30866e-05 1.99999
0.007545 349.951 0.232895 201709 -7.44006e-05 1.99993
0.007555 349.961 0.232896 201709 -6.88606e-05 1.99988
0.007565 349.971 0.232897 201709 -6.47902e-05 1.99982
0.007575 349.98 0.232897 201709 -6.09276e-05 1.99978
0.007585 349.989 0.232898 201709 -5.65567e-05 1.99973
0.007595 349.996 0.232899 201709 -5.14539e-05 1.99969
0.007605 350.003 0.232899 201709 -4.57176e-05 1.99965
0.007615 350.01 0.2329 201709 -3.95891e-05 1.99961
0.007625 350.015 0.2329 201709 -3.33128e-05 1.99959
0.007635 350.019 0.232901 201709 -2.7061e-05 1.99956
0.007645 350.023 0.232901 201709 -2.09192e-05 1.99954
0.007655 350.026 0.232901 201709 -1.48999e-05 1.99953
0.007665 350.028 0.232901 201709 -9.07505e-06 1.99952
0.007675 350.029 0.232902 201709 -2.96644e-06 1.99951
0.007045 350.426 0.232501 201709 -0.00114173 1.99642
5e-06 2474.59 0.0375218 201709 -0.234847 0.276788
0.000965 2469.92 0.0364148 201709 -0.235335 0.277519
0.007055 350.347 0.232524 201709 -0.00111236 1.99691
0.002565 2381.85 0.0386683 201709 -0.242274 0.288322
1.5e-05 2474.58 0.0375214 201709 -0.23485 0.276788
0.000645 2472.64 0.0369282 201709 -0.235038 0.277109
0.007065 350.273 0.232546 201709 -0.00108412 1.99737
0.000975 2469.81 0.0363993 201709 -0.235347 0.277535
0.002245 2420.26 0.0370758 201709 -0.240765 0.283667
2.5e-05 2474.58 0.0375207 201709 -0.234852 0.276789
0.002575 2380.54 0.0387305 201709 -0.242319 0.288482
0.007075 350.203 0.232566 201709 -0.00105703 1.99781
0.000985 2469.7 0.0363839 201709 -0.235361 0.277551
0.000655 2472.57 0.0369126 201709 -0.235045 0.277119
0.003525 2218.81 0.0492023 201709 -0.244261 0.309748
3.5e-05 2474.58 0.0375197 201709 -0.234855 0.276789
0.002585 2379.23 0.0387935 201709 -0.242363 0.288643
0.002255 2419.31 0.0371145 201709 -0.240822 0.283782
0.007085 350.136 0.232585 201709 -0.00103124 1.99822
0.000995 2469.59 0.0363686 201709 -0.235375 0.277567
0.000665 2472.51 0.036897 201709 -0.235052 0.277129
0.002595 2377.91 0.0388572 201709 -0.242407 0.288805
4.5e-05 2474.58 0.0375183 201709 -0.234857 0.27679
0.003535 2216.83 0.0493749 201709 -0.2443 0.310027
0.007095 350.074 0.232604 201709 -0.00100633 1.99861
0.002265 2418.35 0.0371538 201709 -0.24088 0.283897
0.000325 2474.1 0.0373501 201709 -0.234909 0.276871
0.001005 2469.48 0.0363534 201709 -0.235391 0.277584
0.000675 2472.44 0.0368812 201709 -0.235059 0.27714
0.002605 2376.59 0.0389218 201709 -0.242449 0.288968
5.5e-05 2474.57 0.0375165 201709 -0.23486 0.276791
0.007105 350.027 0.232621 201709 -0.000982466 1.99891
0.002275 2417.38 0.0371939 201709 -0.240937 0.284013
0.003545 2214.85 0.0495491 201709 -0.24434 0.310307
0.001015 2469.36 0.0363383 201709 -0.235407 0.277601
0.002885 2333.82 0.0410761 201709 -0.243244 0.294328
0.000335 2474.07 0.03734 201709 -0.234911 0.276876
0.002615 2375.27 0.0389872 201709 -0.242492 0.289132
6.5e-05 2474.57 0.0375144 201709 -0.234862 0.276792
0.007115 349.983 0.232637 201709 -0.000959924 1.99919
0.000685 2472.38 0.0368654 201709 -0.235066 0.27715
0.003555 2212.87 0.0497249 201709 -0.244382 0.310588
0.002285 2416.41 0.0372347 201709 -0.240996 0.28413
0.001025 2469.24 0.0363233 201709 -0.235426 0.277618
0.000345 2474.04 0.0373296 201709 -0.234913 0.276881
0.002625 2373.94 0.0390534 201709 -0.242533 0.289296
0.002895 2332.18 0.0411663 201709 -0.243272 0.294537
7.5e-05 2474.56 0.037512 201709 -0.234864 0.276793
0.007125 349.942 0.232653 201709 -0.000938226 1.99946
0.003565 2210.88 0.0499025 201709 -0.244424 0.31087
0.001035 2469.12 0.0363085 201709 -0.235469 0.277635
0.002295 2415.43 0.0372761 201709 -0.241072 0.284247
0.000695 2472.31 0.0368495 201709 -0.235073 0.277161
0.000355 2474.01 0.037319 201709 -0.234916 0.276887
0.002635 2372.61 0.0391204 201709 -0.242573 0.28946
0.002905 2330.53 0.0412574 201709 -0.243301 0.294747
8.5e-05 2474.55 0.0375092 201709 -0.234866 0.276794
0.003575 2208.88 0.0500817 201709 -0.244467 0.311153
0.007135 349.904 0.232668 201709 -0.000917354 1.9997
0.001045 2469.03 0.0362938 201709 -0.235465 0.277649
0.002305 2414.25 0.0373182 201709 -0.241088 0.28439
0.002645 2371.27 0.0391882 201709 -0.242613 0.289626
0.000365 2473.97 0.0373082 201709 -0.234918 0.276892
0.000705 2472.24 0.0368335 201709 -0.235081 0.277172
0.002915 2328.88 0.0413495 201709 -0.243329 0.294958
9.5e-05 2474.54 0.0375061 201709 -0.234868 0.276796
0.003585 2206.88 0.0502627 201709 -0.244511 0.311438
0.007145 349.869 0.232682 201709 -0.000897177 1.99992
0.001055 2468.93 0.0362793 201709 -0.235485 0.277664
0.002315 2413.06 0.0373611 201709 -0.241123 0.284533
0.002655 2369.93 0.0392568 201709 -0.242651 0.289792
0.000375 2473.94 0.0372971 201709 -0.234921 0.276898
0.000715 2472.16 0.0368175 201709 -0.235089 0.277183
0.002925 2327.23 0.0414427 201709 -0.243356 0.29517
0.000105 2474.53 0.0375027 201709 -0.23487 0.276797
0.003595 2204.87 0.0504454 201709 -0.244555 0.311724
0.007155 349.837 0.232695 201709 -0.000877591 2.00013
0.001065 2468.83 0.0362649 201709 -0.235529 0.277679
0.002325 2411.86 0.0374046 201709 -0.241162 0.284676
0.002665 2368.58 0.0393263 201709 -0.242689 0.289959
0.000385 2473.91 0.0372858 201709 -0.234923 0.276904
0.000725 2472.09 0.0368015 201709 -0.235097 0.277194
0.002935 2325.58 0.0415368 201709 -0.243383 0.295382
0.000115 2474.52 0.0374989 201709 -0.234872 0.276799
0.003605 2202.86 0.0506298 201709 -0.2446 0.312011
0.007165 349.807 0.232708 201709 -0.000858489 2.00033
0.001075 2468.75 0.0362506 201709 -0.235526 0.277691
0.002335 2410.66 0.0374488 201709 -0.241203 0.284821
0.002675 2367.23 0.0393966 201709 -0.242728 0.290126
0.000395 2473.87 0.0372743 201709 -0.234926 0.27691
0.000735 2472.02 0.0367853 201709 -0.235105 0.277206
0.002945 2323.92 0.0416319 201709 -0.24341 0.295595
0.000125 2474.51 0.0374949 201709 -0.234874 0.276801
0.003615 2200.84 0.0508159 201709 -0.244645 0.3123
0.007175 349.78 0.232719 201709 -0.000840008 2.00051
0.001085 2468.67 0.0362365 201709 -0.235544 0.277704
0.002345 2409.46 0.0374938 201709 -0.241244 0.284965
0.002685 2365.87 0.0394677 201709 -0.242781 0.290295
0.000405 2473.83 0.0372626 201709 -0.234929 0.276916
0.000745 2471.94 0.0367692 201709 -0.235113 0.277217
0.002955 2322.26 0.041728 201709 -0.243437 0.295809
0.000135 2474.5 0.0374905 201709 -0.234876 0.276803
0.003625 2198.82 0.0510038 201709 -0.24469 0.31259
0.007185 349.755 0.232731 201709 -0.000821624 2.00067
0.001095 2468.59 0.0362226 201709 -0.235563 0.277717
0.002355 2408.25 0.0375394 201709 -0.241287 0.285111
0.002695 2364.31 0.0395397 201709 -0.242776 0.29049
0.000415 2473.79 0.0372506 201709 -0.234931 0.276922
0.000755 2471.87 0.036753 201709 -0.235122 0.277229
0.002965 2320.59 0.0418252 201709 -0.243463 0.296023
0.000145 2474.49 0.0374857 201709 -0.234877 0.276805
0.003635 2196.79 0.0511934 201709 -0.244736 0.312881
0.007195 349.74 0.232741 201709 -0.000803518 2.00078
0.001105 2468.51 0.0362088 201709 -0.235582 0.27773
0.002365 2407.04 0.0375858 201709 -0.241331 0.285257
0.002705 2362.73 0.0396125 201709 -0.242788 0.290686
0.000425 2473.76 0.0372385 201709 -0.234935 0.276929
0.000765 2471.79 0.0367368 201709 -0.235131 0.277241
0.002975 2318.92 0.0419234 201709 -0.243489 0.296239
0.000155 2474.47 0.0374807 201709 -0.234879 0.276808
0.003645 2194.76 0.0513848 201709 -0.244782 0.313174
0.007205 349.726 0.232751 201709 -0.000786289 2.00088
0.001115 2468.43 0.0361952 201709 -0.2356 0.277743
0.002375 2405.82 0.0376329 201709 -0.241376 0.285404
0.002715 2361.15 0.0396863 201709 -0.242805 0.290882
0.000435 2473.72 0.0372261 201709 -0.234938 0.276935
0.000775 2471.71 0.0367205 201709 -0.23514 0.277253
0.002985 2317.25 0.0420226 201709 -0.243514 0.296455
0.003655 2192.72 0.051578 201709 -0.244829 0.313468
0.000165 2474.46 0.0374753 201709 -0.234881 0.27681
0.007215 349.714 0.232761 201709 -0.000769444 2.00097
0.001125 2468.34 0.0361818 201709 -0.235618 0.277757
0.002725 2359.57 0.0397608 201709 -0.242824 0.29108
0.002385 2404.6 0.0376807 201709 -0.241422 0.285551
0.000445 2473.68 0.0372136 201709 -0.234941 0.276942
0.000785 2471.63 0.0367042 201709 -0.235149 0.277266
0.002995 2315.57 0.0421229 201709 -0.243539 0.296672
0.003665 2190.67 0.0517729 201709 -0.244878 0.313763
0.000175 2474.44 0.0374697 201709 -0.234883 0.276813
0.003205 2279.66 0.0444871 201709 -0.243844 0.301397
0.001135 2468.25 0.0361686 201709 -0.235639 0.27777
0.007225 349.704 0.23277 201709 -0.000753169 2.00104
0.002735 2357.99 0.0398363 201709 -0.242844 0.291277
0.002395 2403.37 0.0377292 201709 -0.241468 0.285699
0.000455 2473.63 0.0372008 201709 -0.234944 0.276949
0.000795 2471.55 0.036688 201709 -0.235158 0.277278
0.003005 2313.9 0.0422243 201709 -0.243563 0.296889
0.003675 2188.62 0.0519697 201709 -0.244928 0.31406
0.000185 2474.43 0.0374637 201709 -0.234884 0.276816
0.001145 2468.16 0.0361555 201709 -0.235683 0.277784
0.007235 349.696 0.232778 201709 -0.000737496 2.00111
0.003215 2277.92 0.0446128 201709 -0.243845 0.30163
0.002405 2402.14 0.0377785 201709 -0.241515 0.285848
0.002745 2356.4 0.0399126 201709 -0.242866 0.291476
0.000465 2473.59 0.0371879 201709 -0.234948 0.276956
0.000805 2471.46 0.0366717 201709 -0.235168 0.277291
0.003015 2312.21 0.0423267 201709 -0.243586 0.297108
0.003685 2186.56 0.0521683 201709 -0.24498 0.314358
0.000195 2474.41 0.0374574 201709 -0.234886 0.276819
0.001155 2468.08 0.0361427 201709 -0.235679 0.277797
0.007245 349.689 0.232786 201709 -0.000722478 2.00117
0.003225 2276.17 0.0447397 201709 -0.24386 0.301863
0.002415 2400.91 0.0378285 201709 -0.241563 0.285997
0.002755 2354.81 0.0399898 201709 -0.242889 0.291675
0.000475 2473.55 0.0371748 201709 -0.234951 0.276963
0.000815 2471.38 0.0366554 201709 -0.235177 0.277304
0.003025 2310.53 0.0424301 201709 -0.243609 0.297327
0.003695 2184.49 0.0523686 201709 -0.245034 0.314658
0.000205 2474.39 0.0374509 201709 -0.234888 0.276822
0.001165 2468 0.0361301 201709 -0.235697 0.27781
0.007255 349.683 0.232794 201709 -0.00070809 2.00122
0.003235 2274.31 0.044868 201709 -0.243824 0.302114
0.002425 2399.67 0.0378792 201709 -0.241611 0.286147
0.002765 2353.22 0.0400678 201709 -0.242913 0.291875
0.000485 2473.5 0.0371615 201709 -0.234955 0.27697
0.000825 2471.29 0.0366391 201709 -0.235187 0.277317
0.003035 2308.84 0.0425347 201709 -0.243632 0.297547
0.003705 2182.42 0.0525708 201709 -0.245089 0.314959
0.001175 2467.91 0.0361177 201709 -0.23572 0.277824
0.000215 2474.37 0.037444 201709 -0.234889 0.276825
0.007265 349.679 0.232801 201709 -0.000694845 2.00126
0.003245 2272.43 0.0449976 201709 -0.243807 0.302365
0.002435 2398.43 0.0379306 201709 -0.241659 0.286298
0.002775 2351.62 0.0401468 201709 -0.242937 0.292075
0.004805 1821.26 0.0816134 201708 -0.249206 0.37724
0.000495 2473.46 0.037148 201709 -0.234959 0.276978
0.003045 2307.14 0.0426403 201709 -0.243653 0.297768
0.003715 2180.34 0.0527748 201709 -0.245146 0.315261
0.000835 2471.2 0.0366228 201709 -0.235197 0.27733
0.001185 2467.82 0.0361055 201709 -0.235743 0.277838
0.007275 349.676 0.232808 201709 -0.000681506 2.00129
0.000225 2474.35 0.0374368 201709 -0.234891 0.276828
0.003255 2270.56 0.0451284 201709 -0.243796 0.302618
0.002445 2397.18 0.0379828 201709 -0.241707 0.286449
0.002785 2350.02 0.0402267 201709 -0.242963 0.292276
0.000505 2473.41 0.0371343 201709 -0.234963 0.276985
0.003055 2305.45 0.0427471 201709 -0.243674 0.297989
0.004815 1815.37 0.0818116 201708 -0.2488 0.378461
0.003725 2178.26 0.0529806 201709 -0.245203 0.315565
0.000845 2471.11 0.0366066 201709 -0.235206 0.277343
0.001195 2467.73 0.0360935 201709 -0.235766 0.277852
0.007285 349.679 0.232814 201709 -0.000667259 2.00129
0.000235 2474.33 0.0374294 201709 -0.234892 0.276832
0.003265 2268.68 0.0452606 201709 -0.243787 0.30287
0.002455 2395.93 0.0380358 201709 -0.241755 0.286601
0.002795 2348.42 0.0403074 201709 -0.24299 0.292478
0.003065 2303.75 0.042855 201709 -0.243694 0.298211
0.000515 2473.36 0.0371205 201709 -0.234968 0.276993
0.004825 1809.5 0.0820041 201708 -0.248378 0.379682
0.003735 2176.17 0.0531883 201709 -0.245261 0.315871
0.000855 2471.02 0.0365903 201709 -0.235217 0.277357
0.001205 2467.64 0.0360817 201709 -0.23579 0.277866
0.007295 349.682 0.23282 201709 -0.000654922 2.00128
0.000245 2474.31 0.0374217 201709 -0.234894 0.276836
0.003275 2266.8 0.0453942 201709 -0.24378 0.303124
0.002465 2394.67 0.0380895 201709 -0.241804 0.286754
0.002805 2346.81 0.0403891 201709 -0.243017 0.292681
0.003075 2302.05 0.0429639 201709 -0.243713 0.298434
0.000525 2473.31 0.0371065 201709 -0.234972 0.277001
0.004485 1974.76 0.0732861 201710 -0.256658 0.348071
0.003745 2174.07 0.0533978 201709 -0.24532 0.316178
0.004835 1803.67 0.0821906 201709 -0.247936 0.380905
0.000865 2470.93 0.0365741 201709 -0.235227 0.277371
0.001215 2467.55 0.0360702 201709 -0.235815 0.27788
0.007305 349.687 0.232826 201709 -0.000642071 2.00127
0.000255 2474.28 0.0374137 201709 -0.234896 0.27684
0.003285 2264.92 0.0455291 201709 -0.243777 0.303378
0.002475 2393.41 0.0381439 201709 -0.241852 0.286908
0.002815 2345.2 0.0404717 201709 -0.243045 0.292884
0.003085 2300.34 0.0430741 201709 -0.243731 0.298658
0.000535 2473.26 0.0370924 201709 -0.234977 0.277009
0.003755 2171.97 0.0536091 201709 -0.245378 0.316486
0.000875 2470.84 0.0365579 201709 -0.235237 0.277385
0.004845 1797.88 0.082371 201709 -0.247468 0.382127
0.004495 1971.36 0.0735811 201710 -0.25681 0.348667
0.001225 2467.45 0.036059 201709 -0.23584 0.277895
0.007315 349.692 0.232831 201709 -0.000629057 2.00125
0.000265 2474.26 0.0374054 201709 -0.234898 0.276844
0.003295 2263.04 0.0456653 201709 -0.243775 0.303633
0.002485 2392.14 0.0381991 201709 -0.2419 0.287062
0.002825 2343.58 0.0405552 201709 -0.243073 0.293088
0.003095 2298.63 0.0431853 201709 -0.243748 0.298882
0.000545 2473.21 0.0370781 201709 -0.234981 0.277018
0.003765 2169.86 0.0538223 201709 -0.245438 0.316796
0.000885 2470.74 0.0365418 201709 -0.235247 0.277399
0.004855 1792.13 0.082545 201709 -0.246968 0.383349
0.004505 1967.93 0.0738752 201710 -0.256943 0.349269
0.001235 2467.35 0.0360479 201709 -0.235866 0.27791
0.007325 349.698 0.232836 201709 -0.000615732 2.00123
0.000275 2474.24 0.0373968 201709 -0.234899 0.276848
0.003305 2261.16 0.045803 201709 -0.243776 0.303889
0.002495 2390.87 0.0382551 201709 -0.241948 0.287217
0.002835 2341.96 0.0406397 201709 -0.243101 0.293293
0.003105 2296.92 0.0432977 201709 -0.243764 0.299107
0.000555 2473.16 0.0370637 201709 -0.234986 0.277026
0.003775 2167.74 0.0540373 201709 -0.245498 0.317108
0.000895 2470.64 0.0365257 201709 -0.235257 0.277413
0.004865 1786.42 0.0827125 201709 -0.246433 0.384569
0.001245 2467.25 0.0360372 201709 -0.235892 0.277926
0.004515 1964.49 0.0741681 201710 -0.257054 0.349878
0.007335 349.705 0.232841 201709 -0.000602142 2.0012
0.000285 2474.21 0.037388 201709 -0.234901 0.276852
0.003315 2259.27 0.045942 201709 -0.243779 0.304145
0.002505 2389.6 0.0383118 201709 -0.241996 0.287373
0.002845 2340.34 0.0407251 201709 -0.243129 0.293498
0.003115 2295.21 0.0434113 201709 -0.243779 0.299333
0.000565 2473.11 0.0370491 201709 -0.234991 0.277035
0.003785 2165.62 0.0542542 201709 -0.24556 0.317421
0.000905 2470.55 0.0365097 201709 -0.235268 0.277428
0.004875 1780.76 0.0828732 201709 -0.245856 0.385786
0.001255 2467.14 0.0360266 201709 -0.235919 0.277941
0.004525 1961.03 0.0744597 201709 -0.257142 0.350491
0.007345 349.712 0.232846 201709 -0.00058844 2.00117
0.000295 2474.18 0.0373789 201709 -0.234903 0.276857
0.003325 2257.38 0.0460824 201709 -0.243784 0.304402
0.002515 2388.32 0.0383693 201709 -0.242043 0.287529
0.002855 2338.72 0.0408114 201709 -0.243158 0.293705
0.003125 2293.49 0.043526 201709 -0.243793 0.29956
0.000915 2470.45 0.0364937 201709 -0.235278 0.277443
0.004535 1957.54 0.07475 201709 -0.257204 0.351111
0.003795 2163.48 0.054473 201709 -0.245623 0.317736
0.007355 349.72 0.23285 201709 -0.000575014 2.00113
0.000305 2474.16 0.0373695 201709 -0.234905 0.276861
0.000575 2473.05 0.0370344 201709 -0.234996 0.277043
0.003335 2255.49 0.0462242 201709 -0.243791 0.304661
0.004885 1775.16 0.0830269 201709 -0.245234 0.387001
0.002865 2337.09 0.0408987 201709 -0.243187 0.293912
0.001265 2467.03 0.0360164 201709 -0.235946 0.277957
0.004165 2072.71 0.063836 201709 -0.250182 0.331689
0.001275 2466.92 0.0360064 201709 -0.235974 0.277974
0.001285 2466.81 0.0359967 201709 -0.236003 0.27799
0.003845 2152.72 0.0555947 201709 -0.245988 0.319335
0.001925 2446.56 0.0361773 201709 -0.238888 0.280525
0.001295 2466.69 0.0359872 201709 -0.236033 0.278007
0.003855 2150.54 0.0558246 201709 -0.246076 0.319661
0.001605 2460.68 0.0358621 201709 -0.237248 0.278804
0.001305 2466.57 0.0359781 201709 -0.236064 0.278025
0.001935 2445.93 0.0361959 201709 -0.238949 0.2806
0.003865 2148.35 0.0560564 201709 -0.246169 0.319988
0.006725 359.093 0.230682 201709 -0.00312794 1.94592
0.001315 2466.45 0.0359692 201709 -0.236095 0.278042
0.001945 2445.29 0.0362151 201709 -0.239011 0.280676
0.001615 2460.43 0.0358644 201709 -0.237296 0.278837
0.003875 2146.15 0.0562901 201709 -0.246268 0.320317
0.005125 1666.82 0.0841005 201709 -0.213555 0.412106
0.001325 2466.33 0.0359606 201709 -0.236131 0.27806
0.001955 2444.65 0.0362349 201709 -0.239073 0.280753
0.006735 358.496 0.23079 201709 -0.00301566 1.94928
0.001625 2460.17 0.0358671 201709 -0.237344 0.27887
0.003885 2143.95 0.0565256 201709 -0.246375 0.320649
0.005445 1340.78 0.112174 201710 -0.16641 0.512721
0.001335 2466.2 0.0359524 201709 -0.236189 0.278078
0.006405 402.789 0.223481 201709 -0.0105795 1.72961
0.001965 2444.01 0.0362553 201709 -0.239135 0.28083
0.005135 1663.91 0.0840154 201709 -0.211443 0.41283
0.001635 2459.9 0.0358702 201709 -0.237393 0.278903
0.006085 543.449 0.203989 201710 -0.0317674 1.27569
0.006745 357.979 0.230892 201709 -0.00290929 1.95221
0.003895 2141.72 0.0567629 201709 -0.246498 0.320983
0.001345 2466.04 0.0359444 201709 -0.236195 0.2781
0.005455 1322.46 0.114103 201710 -0.162983 0.519854
0.005765 841.46 0.167185 201710 -0.0776169 0.819631
0.001975 2443.36 0.0362762 201709 -0.239198 0.280908
0.005145 1661.17 0.0839171 201709 -0.209214 0.413511
0.001645 2459.63 0.0358739 201709 -0.237442 0.278937
0.006415 400.306 0.223856 201709 -0.0101839 1.74056
0.006755 357.483 0.23099 201709 -0.00280705 1.95503
0.003905 2139.34 0.0570022 201709 -0.246579 0.321343
0.006095 536.535 0.20484 201711 -0.0307094 1.29235
0.001355 2465.88 0.0359368 201709 -0.236225 0.278123
0.005465 1304.29 0.116021 201710 -0.159556 0.527129
0.001985 2442.7 0.0362978 201709 -0.239261 0.280986
0.005155 1658.63 0.0838047 201709 -0.206852 0.414146
0.001655 2459.36 0.0358779 201709 -0.237494 0.278972
0.005775 829.743 0.168632 201710 -0.0756548 0.831324
0.006425 397.893 0.224219 201709 -0.00980095 1.75134
0.006765 357.007 0.231084 201709 -0.00270866 1.95773
0.003915 2136.94 0.0572432 201709 -0.246685 0.321705
0.001365 2465.71 0.0359294 201709 -0.236259 0.278145
0.006105 530.443 0.205675 201710 -0.0299427 1.3074
0.001995 2442.04 0.0363199 201709 -0.239325 0.281066
0.005475 1286.27 0.117928 201710 -0.156149 0.534546
0.005165 1656.3 0.0836772 201709 -0.204346 0.414731
0.001665 2459.08 0.0358825 201709 -0.237567 0.279007
0.005785 818.164 0.170058 201710 -0.0737293 0.843213
0.006435 395.548 0.224571 201709 -0.00942818 1.76194
0.003925 2134.53 0.0574861 201709 -0.246802 0.32207
0.001375 2465.54 0.0359224 201709 -0.236294 0.278168
0.006775 356.552 0.231174 201709 -0.0026142 1.96034
0.002005 2441.37 0.0363427 201709 -0.239388 0.281145
0.006115 524.459 0.206493 201710 -0.0290597 1.32254
0.005485 1268.41 0.119824 201710 -0.152776 0.542109
0.005175 1654.19 0.0835334 201709 -0.20169 0.415262
0.001675 2458.7 0.0358875 201709 -0.237585 0.279054
0.005795 806.72 0.171466 201710 -0.07184 0.855301
0.006445 393.27 0.22491 201709 -0.00906352 1.77236
0.003935 2132.1 0.0577309 201709 -0.246925 0.322438
0.001385 2465.37 0.0359157 201709 -0.236329 0.278191
0.006785 356.115 0.231259 201709 -0.0025236 1.96284
0.002015 2440.7 0.036366 201709 -0.239455 0.281226
0.006125 518.581 0.207294 201710 -0.0281962 1.33775
0.005185 1652.32 0.0833723 201709 -0.198883 0.415736
0.001685 2458.31 0.035893 201709 -0.237624 0.279102
0.005495 1250.71 0.121707 201710 -0.149444 0.549821
0.005805 795.411 0.172853 201710 -0.0699863 0.867591
0.003945 2129.67 0.0579775 201709 -0.247053 0.322808
0.006455 391.271 0.225239 201709 -0.00873263 1.78163
0.001395 2465.19 0.0359094 201709 -0.236366 0.278215
0.002025 2440.02 0.0363899 201709 -0.23954 0.281307
0.006795 355.697 0.231341 201709 -0.00243676 1.96525
0.005195 1650.7 0.0831927 201710 -0.195937 0.416148
0.006135 512.807 0.208079 201710 -0.0273451 1.35304
0.001695 2457.92 0.0358989 201709 -0.237667 0.27915
0.005505 1233.16 0.123578 201710 -0.146161 0.557685
0.003955 2127.22 0.0582259 201709 -0.247183 0.323181
0.005815 784.234 0.174221 201710 -0.0681678 0.880089
0.001405 2465.01 0.0359034 201709 -0.236403 0.278239
0.002035 2439.18 0.0364145 201709 -0.239567 0.281408
0.006465 389.335 0.225556 201709 -0.00840511 1.79069
0.006805 355.295 0.231419 201709 -0.0023536 1.96756
0.005205 1649.34 0.0829937 201710 -0.192878 0.416495
0.006145 507.137 0.208847 201710 -0.0265089 1.36839
0.001705 2457.53 0.0359054 201709 -0.237711 0.279198
0.003965 2124.76 0.0584761 201709 -0.247313 0.323557
0.005515 1215.77 0.125436 201710 -0.142928 0.565707
0.001415 2464.83 0.0358977 201709 -0.236441 0.278264
0.002045 2438.33 0.0364396 201709 -0.239614 0.281509
0.005825 773.189 0.175569 201710 -0.066384 0.892797
0.006475 387.461 0.225862 201709 -0.00808896 1.79956
0.005215 1648.25 0.0827745 201710 -0.189741 0.416775
0.006815 354.91 0.231493 201709 -0.00227416 1.96979
0.001715 2457.13 0.0359123 201709 -0.237756 0.279247
0.006155 501.572 0.209599 201710 -0.025689 1.3838
0.003975 2122.28 0.0587282 201709 -0.247443 0.323935
0.005525 1198.53 0.127282 201710 -0.139746 0.57389
0.001425 2464.64 0.0358924 201709 -0.236479 0.278288
0.002055 2437.47 0.0364654 201709 -0.239666 0.281611
0.005835 762.274 0.176898 201710 -0.064633 0.905721
0.006485 385.646 0.226157 201709 -0.00778392 1.80824
0.005225 1647.43 0.0825351 201710 -0.186579 0.416986
0.001725 2456.73 0.0359197 201709 -0.237802 0.279296
0.006825 354.541 0.231564 201709 -0.00219774 1.97193
0.003985 2119.79 0.058982 201709 -0.247573 0.324316
0.006165 496.109 0.210334 201710 -0.0248775 1.39927
0.001435 2464.45 0.0358874 201709 -0.236518 0.278314
0.005535 1181.44 0.129115 201711 -0.136616 0.582239
0.002065 2436.61 0.0364918 201709 -0.239719 0.281714
0.006495 383.889 0.226442 201709 -0.00748987 1.81672
0.005845 751.487 0.178207 201710 -0.0629203 0.918865
0.005235 1646.9 0.0822758 201710 -0.183463 0.417127
0.001735 2456.32 0.0359276 201709 -0.237849 0.279346
0.003995 2117.29 0.0592376 201709 -0.247701 0.3247
0.006835 354.225 0.231632 201709 -0.00212518 1.97377
0.001445 2464.26 0.0358828 201709 -0.236557 0.278339
0.006175 490.75 0.211054 201710 -0.0241554 1.41478
0.005545 1164.5 0.130935 201711 -0.133534 0.590759
0.002075 2435.74 0.0365188 201709 -0.239773 0.281817
0.006505 382.187 0.226716 201709 -0.00720646 1.825
0.005855 740.828 0.179496 201710 -0.061165 0.932233
0.001745 2455.91 0.035936 201709 -0.237898 0.279396
0.005245 1646.64 0.0819982 201710 -0.180424 0.417201
0.004005 2114.78 0.0594949 201709 -0.247828 0.325087
0.001455 2464.06 0.0358786 201709 -0.236597 0.278365
0.006845 353.924 0.231697 201709 -0.00205587 1.97553
0.006185 485.493 0.211758 201709 -0.0231766 1.43033
0.005555 1147.71 0.132742 201711 -0.130501 0.599454
0.002085 2434.87 0.0365464 201709 -0.239828 0.28192
0.006515 380.54 0.226981 201709 -0.00693338 1.8331
0.001755 2455.49 0.035945 201709 -0.237947 0.279447
0.005865 730.294 0.180767 201710 -0.0597248 0.945828
0.005255 1646.63 0.0817033 201710 -0.177569 0.417209
0.004015 2112.26 0.059754 201709 -0.247956 0.325477
0.001465 2463.86 0.0358747 201709 -0.236637 0.278392
0.006195 480.338 0.212446 201710 -0.0226168 1.44591
0.006855 353.636 0.231759 201709 -0.00198935 1.97722
0.005565 1131.06 0.134535 201711 -0.127515 0.608331
0.002095 2434 0.0365746 201709 -0.239885 0.282025
0.006525 378.944 0.227236 201709 -0.0066704 1.841
0.001765 2455.07 0.0359544 201709 -0.237999 0.279498
0.005265 1646.87 0.0813925 201709 -0.174957 0.417157
0.005875 719.885 0.182018 201710 -0.0578966 0.95966
0.004025 2109.72 0.0600149 201709 -0.248083 0.325869
0.001475 2463.66 0.0358712 201709 -0.236677 0.278418
0.006205 475.284 0.213119 201710 -0.0217998 1.46152
0.002525 2387.03 0.0384275 201709 -0.24209 0.287686
0.006865 353.361 0.231817 201709 -0.00192567 1.97884
0.005575 1114.56 0.136315 201711 -0.124574 0.617394
0.002105 2433.12 0.0366035 201709 -0.239942 0.28213
0.001775 2454.65 0.0359643 201709 -0.238051 0.27955
0.006535 377.4 0.227481 201709 -0.00641642 1.84873
0.005275 1647.34 0.0810695 201710 -0.171214 0.41705
0.004035 2107.17 0.0602774 201709 -0.248212 0.326264
0.005885 709.598 0.18325 201710 -0.0563813 0.973728
0.001485 2463.45 0.0358681 201709 -0.236718 0.278446
0.006215 470.329 0.213776 201710 -0.0210735 1.47715
0.006875 353.098 0.231873 201709 -0.0018647 1.98039
0.002535 2385.74 0.0384866 201709 -0.242137 0.287844
0.005585 1098.2 0.13808 201711 -0.121677 0.626649
0.002115 2432.23 0.036633 201709 -0.24 0.282235
0.001785 2454.22 0.0359748 201709 -0.238104 0.279602
0.006545 375.905 0.227718 201709 -0.00616995 1.85627
0.005285 1647.58 0.0807748 201660 -0.193366 0.416898
0.004045 2104.6 0.0605417 201709 -0.248343 0.326662
0.005895 699.432 0.184463 201710 -0.0548214 0.988041
0.001495 2463.24 0.0358654 201709 -0.236759 0.278473
0.006225 465.474 0.214418 201710 -0.0203434 1.4928
0.006885 352.847 0.231927 201709 -0.00180632 1.98187
0.002545 2384.45 0.0385464 201709 -0.242183 0.288002
0.005595 1081.99 0.139832 201711 -0.118824 0.636102
0.002125 2431.34 0.0366632 201709 -0.240058 0.282341
0.001795 2453.79 0.0359857 201709 -0.238159 0.279655
0.005295 1628.03 0.0827271 201711 -0.215 0.422017
0.006555 374.598 0.227945 201709 -0.00594136 1.86292
0.004055 2102.02 0.0608076 201709 -0.248477 0.327063
0.001505 2463.03 0.035863 201709 -0.236801 0.278501
0.005905 689.387 0.185657 201710 -0.0532947 1.0026
0.006235 460.72 0.215044 201710 -0.0196089 1.50844
0.006895 352.607 0.231978 201709 -0.00175041 1.98329
0.002555 2383.15 0.038607 201709 -0.242229 0.288162
0.005605 1065.92 0.141569 201711 -0.116012 0.645759
0.002135 2430.44 0.036694 201709 -0.240117 0.282448
0.001805 2453.35 0.0359972 201709 -0.238216 0.279708
0.005305 1608.25 0.0847039 201710 -0.209022 0.427218
0.006565 373.336 0.228164 201709 -0.00571849 1.86939
0.004065 2099.43 0.0610752 201709 -0.248613 0.327468
0.000925 2470.34 0.0364778 201709 -0.235289 0.277458
0.004545 1954.04 0.0750389 201709 -0.257241 0.351736
0.004075 2096.83 0.0613444 201709 -0.248753 0.327875
0.000315 2474.13 0.0373599 201709 -0.234907 0.276866
0.000935 2470.24 0.0364619 201709 -0.2353 0.277473
0.004085 2094.21 0.0616152 201709 -0.248897 0.328285
0.003135 2291.77 0.0436419 201709 -0.243805 0.299787
0.004095 2091.58 0.0618875 201709 -0.249045 0.328699
0.003345 2253.59 0.0463674 201709 -0.243801 0.304919
0.003145 2290.05 0.043759 201709 -0.243816 0.300015
0.004105 2088.93 0.0621615 201709 -0.249196 0.329115
0.003355 2251.69 0.0465121 201709 -0.243812 0.305179
0.003805 2161.35 0.0546936 201709 -0.245689 0.318052
0.003155 2288.32 0.0438773 201709 -0.243825 0.300244
0.004115 2086.26 0.0624369 201709 -0.249352 0.329536
0.002875 2335.45 0.0409869 201709 -0.243215 0.294119
0.003365 2249.79 0.0466582 201709 -0.243825 0.30544
0.003815 2159.2 0.0549161 201709 -0.245757 0.31837
0.004895 1769.6 0.0831734 201709 -0.244563 0.38821
0.000585 2473 0.0370196 201709 -0.235002 0.277052
0.004175 2069.95 0.0641199 201709 -0.250357 0.332131
0.004905 1764.11 0.0833124 201709 -0.243839 0.389415
0.001515 2462.81 0.0358611 201709 -0.236844 0.278529
0.000595 2472.94 0.0370047 201709 -0.235007 0.277061
0.004915 1758.68 0.0834439 201709 -0.243061 0.390613
0.004185 2067.17 0.0644051 201709 -0.250535 0.332577
0.000605 2472.88 0.0369896 201709 -0.235013 0.277071
0.001525 2462.59 0.0358595 201709 -0.236886 0.278558
0.004925 1753.32 0.0835675 201709 -0.242225 0.391804
0.004195 2064.37 0.0646916 201709 -0.250715 0.333027
0.005915 679.46 0.186833 201710 -0.0517955 1.01742
0.000615 2472.82 0.0369744 201709 -0.235019 0.27708
0.001535 2462.37 0.0358584 201709 -0.23693 0.278587
0.004935 1748.03 0.083683 201709 -0.241331 0.392986
0.004205 2061.56 0.0649792 201709 -0.250898 0.33348
0.005315 1588.61 0.086673 201710 -0.205561 0.432511
0.000625 2472.76 0.0369591 201709 -0.235025 0.277089
0.005925 669.651 0.187989 201710 -0.0502551 1.03249
0.001545 2462.14 0.0358576 201709 -0.236973 0.278617
0.004945 1742.81 0.0837903 201709 -0.240377 0.394159
0.004215 2058.73 0.065268 201709 -0.251083 0.333938
0.005325 1569.09 0.0886378 201710 -0.202287 0.437905
0.000635 2472.7 0.0369437 201709 -0.235032 0.277099
0.005935 659.968 0.189127 201712 -0.0486285 1.04782
0.001555 2461.9 0.0358573 201709 -0.237018 0.278647
0.004955 1737.68 0.0838891 201709 -0.239364 0.395321
0.004225 2055.88 0.0655579 201709 -0.251269 0.3344
0.005335 1549.66 0.0906009 201710 -0.199291 0.443408
0.006245 456.484 0.215656 201709 -0.0189944 1.52267
0.005345 1530.3 0.0925645 201710 -0.196481 0.449031
0.006905 352.378 0.232026 201709 -0.00169701 1.98464
0.002145 2429.54 0.0367254 201709 -0.240176 0.282556
0.006255 452.348 0.216252 201709 -0.018347 1.53683
0.005355 1511 0.0945296 201710 -0.193776 0.454781
0.006915 352.159 0.232072 201709 -0.00164553 1.98594
0.001815 2452.91 0.0360092 201709 -0.238273 0.279762
0.002155 2428.64 0.0367575 201709 -0.240235 0.282664
0.005615 1049.98 0.143292 201711 -0.113241 0.655626
0.006265 448.308 0.216834 201709 -0.0177163 1.55092
0.005365 1491.76 0.0964968 201710 -0.191098 0.460663
0.006925 351.975 0.232116 201709 -0.00159641 1.98705
0.006575 372.12 0.228375 201709 -0.00550365 1.87568
0.001825 2452.46 0.0360218 201709 -0.238334 0.279816
0.002165 2427.73 0.0367902 201709 -0.240294 0.282773
0.004555 1950.51 0.0753261 201709 -0.25725 0.352368
0.005625 1034.19 0.144999 201711 -0.110511 0.665709
0.006275 444.362 0.2174 201709 -0.0171004 1.56493
0.000945 2470.14 0.0364461 201709 -0.235311 0.277488
0.005375 1472.57 0.0984657 201710 -0.188382 0.466682
0.006935 351.8 0.232158 201709 -0.00154956 1.98809
0.001835 2452.01 0.0360349 201709 -0.238416 0.279871
0.006585 370.945 0.228577 201709 -0.00529685 1.88178
0.002175 2426.81 0.0368236 201709 -0.240354 0.282882
0.004565 1946.97 0.0756116 201709 -0.257233 0.353005
0.005635 1018.54 0.146692 201711 -0.10782 0.676014
0.006285 440.509 0.217952 201709 -0.0165003 1.57885
0.005385 1453.45 0.100435 201710 -0.185579 0.472839
0.000955 2470.03 0.0364304 201709 -0.235323 0.277503
0.006945 351.633 0.232197 201709 -0.00150455 1.98909
0.006595 369.812 0.228771 201709 -0.0050979 1.88772
0.001845 2451.43 0.0360485 201709 -0.238442 0.279941
0.002185 2425.89 0.0368576 201709 -0.240413 0.282992
0.004575 1943.4 0.0758953 201709 -0.257189 0.353648
0.006295 436.748 0.218489 201709 -0.0159162 1.59269
0.005645 1003.02 0.148369 201711 -0.105165 0.68655
0.003165 2286.59 0.0439968 201709 -0.243832 0.300473
0.003375 2247.88 0.0468057 201709 -0.24384 0.305702
0.005655 987.636 0.15003 201711 -0.102539 0.697323
0.003175 2284.86 0.0441175 201709 -0.243838 0.300703
0.004125 2083.59 0.0627139 201709 -0.249511 0.329959
0.003185 2283.13 0.0442394 201709 -0.243842 0.300934
0.005665 972.388 0.151676 201711 -0.0999575 0.708341
0.003385 2245.97 0.0469548 201709 -0.243857 0.305964
0.004135 2080.89 0.0629923 201709 -0.249674 0.330386
0.003825 2157.05 0.0551404 201709 -0.24583 0.31869
0.005675 957.275 0.153305 201711 -0.0974152 0.71961
0.003195 2281.39 0.0443626 201709 -0.243844 0.301165
0.001565 2461.67 0.0358574 201709 -0.237063 0.278678
0.004145 2078.18 0.0632722 201709 -0.24984 0.330817
0.003395 2244.06 0.0471053 201709 -0.243876 0.306228
0.003835 2154.89 0.0553666 201709 -0.245906 0.319012
0.005685 942.294 0.154919 201711 -0.0947554 0.731141
0.001575 2461.43 0.0358579 201709 -0.237108 0.278709
0.005945 651.4 0.190247 201710 -0.04754 1.06177
0.001585 2461.18 0.0358589 201709 -0.237155 0.27874
0.004965 1732.62 0.0839792 201709 -0.23829 0.39647
0.004235 2053.01 0.0658489 201709 -0.251458 0.334866
0.005955 642.959 0.191347 201710 -0.0462361 1.07589
0.001595 2460.93 0.0358603 201709 -0.237201 0.278772
0.005395 1434.4 0.102404 201710 -0.182658 0.479137
0.004245 2050.12 0.0661408 201709 -0.251648 0.335337
0.004975 1727.66 0.0840605 201709 -0.237157 0.397606
0.005965 634.637 0.192428 201710 -0.0449689 1.09018
0.006955 351.475 0.232235 201709 -0.00146144 1.99004
0.005975 626.433 0.19349 201710 -0.0437273 1.10464
0.002195 2424.97 0.0368923 201709 -0.240472 0.283103
0.006965 351.325 0.232271 201709 -0.00142013 1.99095
0.006605 368.719 0.228958 201709 -0.00490656 1.89348
0.005985 618.345 0.194534 201710 -0.0425153 1.11928
0.001855 2450.83 0.0360626 201709 -0.23849 0.280012
0.006975 351.182 0.232305 201709 -0.00138051 1.99181
0.002205 2424.04 0.0369277 201709 -0.240531 0.283215
0.005995 610.371 0.195559 201710 -0.041332 1.13409
0.004585 1939.81 0.0761771 201709 -0.25712 0.354297
0.006615 367.664 0.229137 201709 -0.0047226 1.89907
0.001865 2450.24 0.0360773 201709 -0.238543 0.280084
0.006985 351.046 0.232338 201709 -0.00134246 1.99264
0.006305 433.077 0.219011 201709 -0.015348 1.60642
0.002215 2423.1 0.0369637 201709 -0.24059 0.283327
0.006005 602.509 0.196566 201710 -0.0401768 1.14909
0.006625 366.646 0.229309 201709 -0.00454557 1.9045
0.001875 2449.64 0.0360926 201709 -0.238597 0.280156
0.004595 1936.21 0.0764567 201709 -0.257028 0.354952
0.006995 350.917 0.232369 201709 -0.00130601 1.99342
0.002225 2422.16 0.0370004 201709 -0.240648 0.283439
0.006015 594.757 0.197555 201710 -0.0390488 1.16426
0.006315 429.494 0.219519 201709 -0.0147958 1.62006
0.001885 2449.03 0.0361084 201709 -0.238653 0.280228
0.004155 2075.45 0.0635534 201709 -0.250009 0.331251
0.006635 365.663 0.229474 201709 -0.00437427 1.90977
0.007005 350.794 0.232398 201709 -0.00127063 1.99416
0.004605 1932.58 0.0767342 201709 -0.256915 0.355612
0.002235 2421.21 0.0370377 201709 -0.240707 0.283553
0.005695 927.474 0.156514 201714 -0.0919805 0.742929
0.003405 2242.14 0.0472573 201709 -0.243897 0.306492
0.004255 2047.21 0.0664337 201709 -0.251841 0.335812
0.005705 914.734 0.158097 201710 -0.09019 0.753359
0.003415 2240.22 0.0474108 201709 -0.243919 0.306758
0.005405 1415.45 0.10437 201710 -0.17961 0.485576
0.005715 902.16 0.15966 201710 -0.0879926 0.763959
0.004265 2044.29 0.0667276 201709 -0.252035 0.336291
0.003425 2238.3 0.0475658 201709 -0.243943 0.307024
0.005415 1396.59 0.106331 201710 -0.17644 0.492154
0.005725 889.733 0.161204 201710 -0.0858439 0.774732
0.004275 2041.34 0.0670223 201709 -0.252231 0.336774
0.003435 2236.37 0.0477224 201709 -0.243968 0.307292
0.004985 1722.79 0.0841328 201709 -0.235965 0.398728
0.005425 1377.85 0.108287 201710 -0.173166 0.498871
0.005735 877.451 0.162729 201710 -0.083729 0.785683
0.004285 2038.38 0.0673177 201709 -0.252429 0.337263
0.003445 2234.43 0.0478805 201709 -0.243995 0.30756
0.006025 587.114 0.198526 201710 -0.0379468 1.17962
0.005435 1359.25 0.110235 201710 -0.169813 0.505726
0.004995 1718.01 0.0841958 201709 -0.234716 0.399833
0.005745 865.312 0.164234 201710 -0.0816534 0.796814
0.004295 2035.39 0.0676139 201709 -0.25263 0.337756
0.003455 2232.5 0.0480402 201709 -0.244023 0.30783
0.001895 2448.42 0.0361248 201709 -0.23871 0.280302
0.003465 2230.55 0.0482014 201709 -0.244053 0.308101
0.001905 2447.8 0.0361417 201709 -0.238768 0.280375
0.003475 2228.61 0.0483642 201709 -0.244085 0.308372
0.006325 425.998 0.220014 201709 -0.0142596 1.6336
0.001915 2447.18 0.0361592 201709 -0.238828 0.28045
0.003485 2226.66 0.0485286 201709 -0.244117 0.308645
0.006335 422.586 0.220494 201709 -0.0137334 1.64702
0.003495 2224.7 0.0486946 201709 -0.244151 0.308919
0.006645 364.813 0.229632 201709 -0.00421339 1.91437
0.007015 350.694 0.232426 201709 -0.00123653 1.99478
0.004615 1928.94 0.0770092 201709 -0.256782 0.356279
0.007025 350.599 0.232452 201709 -0.00120386 1.99536
0.006655 363.996 0.229784 201709 -0.00405783 1.91881
0.006035 579.577 0.19948 201710 -0.0368698 1.19516
0.004625 1925.28 0.0772818 201709 -0.256635 0.356951
0.005755 853.316 0.165719 201710 -0.0796162 0.808128
0.007035 350.51 0.232478 201709 -0.00117223 1.99591
0.006665 363.21 0.22993 201709 -0.00390799 1.9231
0.006045 572.145 0.200416 201710 -0.0358164 1.21089
0.004635 1921.6 0.0775518 201709 -0.256483 0.35763
0.005005 1713.34 0.0842494 201709 -0.233412 0.400922
0.004305 2032.39 0.0679108 201709 -0.252833 0.338253
0.006345 419.259 0.220961 201710 -0.0132133 1.66033
0.005015 1708.77 0.0842934 201709 -0.232053 0.401991
0.003505 2222.74 0.0488622 201709 -0.244187 0.309194
0.004315 2029.36 0.0682083 201709 -0.253038 0.338755
0.006355 416.317 0.221414 201709 -0.0127563 1.67229
0.005025 1704.32 0.0843277 201709 -0.230641 0.403041
0.004325 2026.32 0.0685063 201710 -0.253247 0.339262
0.003515 2220.78 0.0490315 201709 -0.244223 0.309471
0.005035 1699.97 0.0843521 201709 -0.229178 0.404069
0.006365 413.457 0.221853 201709 -0.0122932 1.68409
0.006675 362.455 0.230069 201709 -0.00376403 1.92724
0.006055 564.818 0.201334 201710 -0.0347851 1.2268
0.004645 1917.84 0.0778186 201702 -0.256278 0.358314
0.004335 2023.25 0.0688048 201710 -0.253458 0.339774
0.006685 361.729 0.230203 201709 -0.00362584 1.93125
0.006065 557.593 0.202236 201710 -0.0337734 1.24291
0.005045 1695.75 0.0843665 201709 -0.227665 0.405075
0.004655 1911.81 0.078083 201709 -0.255826 0.35945
0.006375 410.676 0.22228 201709 -0.0118446 1.69572
0.004345 2020.16 0.0691037 201710 -0.253673 0.340291
0.006075 550.47 0.203121 201710 -0.0327803 1.2592
0.006695 361.031 0.230331 201709 -0.0034933 1.93511
0.005055 1691.65 0.0843708 201709 -0.226102 0.406056
0.004665 1905.72 0.0783446 201709 -0.255317 0.360594
0.006385 407.972 0.222693 201709 -0.0114095 1.70719
0.004355 2017.06 0.0694029 201710 -0.25389 0.340813
0.006705 360.359 0.230453 201709 -0.00336625 1.93884
0.005065 1687.68 0.0843647 201709 -0.22449 0.407011
0.004365 2013.93 0.0697024 201710 -0.254111 0.341339
0.004675 1899.63 0.0786031 201709 -0.25482 0.361745
0.006715 359.714 0.23057 201709 -0.0032445 1.94244
0.004375 2010.78 0.070002 201710 -0.254334 0.341871
0.005075 1683.84 0.0843482 201709 -0.222826 0.407939
0.004685 1893.54 0.0788585 201708 -0.254327 0.362903
0.006395 405.344 0.223093 201709 -0.010988 1.71849
0.005085 1680.14 0.084321 201709 -0.221107 0.408838
0.004695 1887.46 0.0791105 201708 -0.253842 0.364067
0.004385 2007.61 0.0703018 201710 -0.254559 0.342408
0.005095 1676.58 0.0842829 201709 -0.21933 0.409706
0.004705 1881.38 0.0793591 201708 -0.253367 0.365238
0.004395 2004.42 0.0706016 201710 -0.254786 0.34295
0.005105 1673.17 0.0842337 201709 -0.217485 0.410542
0.004715 1875.31 0.079604 201708 -0.252904 0.366415
0.004405 2001.21 0.0709013 201710 -0.255013 0.343498
0.005115 1669.91 0.0841731 201709 -0.215564 0.411343
0.004725 1869.24 0.079845 201708 -0.252454 0.367599
0.004415 1997.98 0.0712009 201710 -0.25524 0.34405
0.004735 1863.19 0.080082 201708 -0.252017 0.368788
0.004425 1994.72 0.0715002 201710 -0.255464 0.344608
0.004745 1857.15 0.0803149 201708 -0.251593 0.369982
0.004435 1991.45 0.0717992 201710 -0.255685 0.345172
0.004755 1851.12 0.0805433 201708 -0.251182 0.371182
0.004445 1988.15 0.0720978 201710 -0.2559 0.34574
0.004765 1845.11 0.0807672 201708 -0.25078 0.372386
0.004455 1984.84 0.0723959 201710 -0.256107 0.346315
0.004775 1839.11 0.0809864 201708 -0.250385 0.373595
0.004465 1981.5 0.0726934 201710 -0.256304 0.346894
0.004785 1833.14 0.0812006 201708 -0.249994 0.374807
0.004475 1978.14 0.0729901 201710 -0.256488 0.34748
0.004795 1827.19 0.0814097 201708 -0.249603 0.376022
