0.007365 346.618 0.23176 184021 -0.00462504 1.84019
0.007375 346.429 0.231801 184021 -0.00445963 1.84125
0.007385 346.25 0.23184 184021 -0.00429472 1.84224
0.007395 346.082 0.231877 184021 -0.00413043 1.84319
0.007405 345.922 0.231913 184021 -0.00396717 1.84408
0.007415 345.773 0.231947 184021 -0.00380538 1.84492
0.007425 345.632 0.231979 184021 -0.00364549 1.84571
0.007435 345.5 0.23201 184021 -0.00348793 1.84645
0.007445 345.377 0.232039 184021 -0.00333278 1.84715
0.007455 345.244 0.232067 184021 -0.00317999 1.8479
0.007465 345.119 0.232093 184021 -0.00302961 1.8486
0.007475 345.002 0.232118 184021 -0.00288132 1.84926
0.007485 344.893 0.232141 184021 -0.00273495 1.84987
0.007495 344.792 0.232163 184021 -0.00259017 1.85044
0.007505 344.698 0.232184 184021 -0.00244664 1.85097
0.007515 344.612 0.232203 184021 -0.00230403 1.85146
0.007525 344.533 0.232221 184021 -0.00216246 1.85191
0.007535 344.461 0.232238 184021 -0.00202064 1.85232
0.007545 344.374 0.232254 184021 -0.00187909 1.85281
0.007555 344.293 0.232268 184021 -0.00173842 1.85326
0.007565 344.219 0.232281 184021 -0.00159752 1.85368
0.004165 1874.29 0.0750676 184021 -0.238543 0.334196
0.005125 1952.19 0.0646378 184021 -0.194563 0.320757
0.007575 344.152 0.232293 184021 -0.00145689 1.85405
0.001605 2125.4 0.0597748 184019 -0.274788 0.294953
0.005135 1954.65 0.0643674 184021 -0.193526 0.320355
0.005145 1957.18 0.0640921 184021 -0.192443 0.319943
0.005155 1959.78 0.0638117 184021 -0.191313 0.319521
0.004175 1874.29 0.0750727 184021 -0.238342 0.334194
0.007585 344.091 0.232304 184021 -0.00131657 1.8544
0.005165 1962.44 0.063526 184021 -0.190136 0.319089
0.004805 1898.35 0.0712168 184021 -0.217721 0.329832
0.005175 1965.18 0.0632347 184021 -0.188914 0.318647
0.001615 2124.19 0.0598435 184019 -0.274452 0.29512
0.005185 1968 0.0629376 184021 -0.187652 0.318193
0.007595 344.037 0.232314 184021 -0.00117662 1.8547
0.004185 1874.3 0.0750763 184021 -0.238135 0.334191
0.005195 1970.9 0.0626346 184021 -0.18636 0.317728
0.005205 1973.87 0.0623254 184021 -0.185048 0.317252
0.001625 2122.97 0.0599123 184019 -0.274146 0.295287
0.004815 1899.44 0.0710676 184021 -0.217205 0.329641
0.005215 1976.93 0.0620101 184021 -0.183733 0.316765
0.007605 343.989 0.232322 184021 -0.00103708 1.85497
0.004195 1874.31 0.0750785 184021 -0.237927 0.334186
0.005225 1980.07 0.0616888 184021 -0.182433 0.316266
0.005235 1983.29 0.0613615 184021 -0.18117 0.315757
0.001635 2121.76 0.0599813 184019 -0.273874 0.295455
0.004825 1900.57 0.070915 184021 -0.216674 0.329445
0.005245 1986.58 0.0610287 184021 -0.179965 0.315237
0.007615 343.947 0.23233 184021 -0.000897951 1.85521
0.004205 1874.33 0.0750791 184021 -0.237715 0.33418
0.005255 1989.94 0.0606907 184021 -0.178844 0.314709
0.005265 1993.36 0.0603483 184021 -0.177831 0.314173
0.001645 2120.55 0.0600504 184019 -0.273639 0.295623
0.003845 1880.9 0.0742902 184021 -0.244302 0.333088
0.004835 1901.72 0.070759 184021 -0.216128 0.329245
0.005275 1996.84 0.0600022 184021 -0.176949 0.31363
0.007625 343.912 0.232336 184021 -0.000759222 1.85541
0.004215 1874.36 0.0750782 184021 -0.237498 0.334173
0.003855 1880.63 0.0743289 184021 -0.244141 0.333136
0.005285 2000.36 0.0596532 184021 -0.176217 0.313083
0.003865 1880.35 0.0743668 184021 -0.243979 0.333183
0.005295 2003.91 0.0593025 184021 -0.175689 0.312532
0.001655 2119.34 0.0601196 184019 -0.273442 0.29579
0.003875 1880.08 0.074404 184021 -0.243816 0.333229
0.005305 2007.48 0.0589512 184021 -0.174241 0.311981
0.004845 1902.9 0.0705995 184021 -0.215567 0.329039
0.007635 343.882 0.232342 184021 -0.000620881 1.85558
0.003885 1879.81 0.0744404 184021 -0.243653 0.333275
0.004225 1874.39 0.0750758 184021 -0.237279 0.334165
0.005315 2010.42 0.0586425 183966 -0.20009 0.311437
0.001925 2085.75 0.0620248 184020 -0.273829 0.300526
0.003895 1879.54 0.0744761 184021 -0.243488 0.33332
0.005325 1994.97 0.0599406 184021 -0.225122 0.313947
0.001665 2118.13 0.0601889 184019 -0.273284 0.295958
0.003905 1879.28 0.0745109 184021 -0.243323 0.333365
0.005335 1978.91 0.0612771 184021 -0.221962 0.316498
0.001935 2084.43 0.0620963 184020 -0.273718 0.300716
0.004855 1904.12 0.0704365 184021 -0.214992 0.328828
0.007645 343.858 0.232346 184021 -0.000482981 1.85571
0.003915 1879.02 0.0745449 184021 -0.243156 0.333409
0.005345 1962.86 0.0626117 184021 -0.220273 0.319089
0.002245 2043.75 0.0643248 184020 -0.268959 0.306669
0.004235 1874.43 0.0750718 184021 -0.237055 0.334155
0.001945 2083.1 0.0621679 184020 -0.273596 0.300906
0.001675 2116.92 0.0602583 184019 -0.273166 0.296127
0.003925 1878.77 0.0745781 184021 -0.242989 0.333453
0.005355 1946.82 0.0639455 184021 -0.218718 0.321722
0.004865 1905.37 0.07027 184021 -0.214403 0.328613
0.007655 343.841 0.232349 184021 -0.000345534 1.85581
0.001955 2081.77 0.0622396 184020 -0.273465 0.301097
0.003935 1878.51 0.0746104 184021 -0.24282 0.333496
0.005365 1930.77 0.0652796 184021 -0.217323 0.324401
0.001965 2080.45 0.0623113 184020 -0.273327 0.301287
0.003945 1878.26 0.0746419 184021 -0.242651 0.333538
0.004245 1874.48 0.0750661 184021 -0.236828 0.334144
0.005375 1914.7 0.0666149 184021 -0.216064 0.32713
0.001975 2079.13 0.062383 184020 -0.273183 0.301478
0.002255 2042.46 0.0643966 184020 -0.268804 0.306862
0.001685 2115.71 0.0603279 184019 -0.273086 0.296295
0.003955 1878.02 0.0746724 184021 -0.24248 0.33358
0.004875 1906.65 0.0700999 184021 -0.213799 0.328391
0.005385 1898.59 0.0679523 184021 -0.214914 0.329909
0.001985 2077.8 0.0624547 184020 -0.273034 0.301669
0.007665 343.829 0.232351 184021 -0.000210714 1.85588
0.003965 1877.78 0.074702 184021 -0.242308 0.333621
0.004255 1874.53 0.0750589 184021 -0.236598 0.334132
0.005395 1882.45 0.0692922 184021 -0.213845 0.332744
0.001995 2076.48 0.0625265 184020 -0.272881 0.30186
0.003975 1877.54 0.0747307 184021 -0.242135 0.333661
0.002265 2041.16 0.0644684 184020 -0.268649 0.307055
0.001695 2114.5 0.0603976 184019 -0.273042 0.296463
0.005405 1866.26 0.0706353 184021 -0.21283 0.335635
0.002005 2075.16 0.0625984 184020 -0.272725 0.302051
0.003985 1877.3 0.0747585 184021 -0.241961 0.333701
0.004885 1907.97 0.0699262 184021 -0.213182 0.328164
0.005415 1850.02 0.0719818 184021 -0.211841 0.338587
0.002015 2073.84 0.0626702 184020 -0.272568 0.302242
0.007675 343.823 0.232352 184021 -6.88513e-05 1.85591
0.004265 1874.59 0.0750499 184021 -0.236364 0.334118
0.003995 1877.07 0.0747852 184021 -0.241785 0.33374
0.005425 1833.73 0.0733319 184021 -0.210852 0.3416
0.002025 2072.52 0.0627421 184020 -0.272409 0.302434
0.002275 2039.87 0.0645401 184020 -0.268494 0.307249
0.001705 2113.29 0.0604674 184019 -0.273033 0.296632
0.004005 1876.85 0.0748109 184021 -0.241608 0.333778
0.005435 1817.38 0.0746854 184021 -0.209842 0.344677
0.002035 2071.2 0.062814 184020 -0.272249 0.302625
0.004015 1876.63 0.0748357 184021 -0.241429 0.333815
0.004895 1909.33 0.069749 184021 -0.212552 0.327931
0.004025 1876.41 0.0748594 184021 -0.241249 0.333852
0.004275 1874.67 0.0750393 184021 -0.236127 0.334103
0.004905 1910.72 0.0695681 184021 -0.211908 0.327693
0.004035 1876.19 0.074882 184021 -0.241067 0.333888
0.002285 2038.58 0.0646118 184020 -0.268339 0.307442
0.004915 1912.15 0.0693836 184021 -0.211251 0.327448
0.004285 1874.75 0.0750269 184021 -0.235887 0.334086
0.004045 1875.98 0.0749035 184021 -0.240883 0.333923
0.003525 1891.16 0.0727536 184020 -0.249176 0.331322
0.004925 1913.61 0.0691955 184021 -0.210581 0.327197
0.004295 1874.83 0.0750127 184021 -0.235643 0.334068
0.002295 2037.3 0.0646835 184020 -0.268184 0.307635
0.004055 1875.78 0.0749239 184021 -0.240697 0.333957
0.004935 1915.12 0.0690036 184021 -0.209899 0.32694
0.004305 1874.93 0.0749968 184021 -0.235395 0.334048
0.003535 1890.81 0.0728084 184021 -0.249039 0.331383
0.004065 1875.58 0.0749431 184021 -0.240509 0.333991
0.002305 2036.01 0.0647551 184020 -0.268029 0.307829
0.001715 2112.08 0.0605373 184019 -0.273055 0.296801
0.004945 1916.67 0.068808 184021 -0.209206 0.326677
0.004315 1875.04 0.074979 184021 -0.235144 0.334026
0.003545 1890.45 0.0728629 184021 -0.248899 0.331444
0.004075 1875.38 0.0749612 184021 -0.240318 0.334023
0.002315 2034.72 0.0648267 184020 -0.267874 0.308022
0.004955 1918.25 0.0686087 184021 -0.208501 0.326407
0.001725 2110.87 0.0606072 184019 -0.273104 0.296969
0.004325 1875.16 0.0749594 184021 -0.23489 0.334003
0.004085 1875.19 0.0749782 184021 -0.240126 0.334055
0.002325 2033.44 0.0648982 184020 -0.267719 0.308216
0.003555 1890.1 0.0729171 184021 -0.248757 0.331504
0.004965 1919.88 0.0684057 184021 -0.207784 0.326131
0.001735 2109.66 0.0606773 184019 -0.273176 0.297138
0.004335 1875.28 0.0749379 184021 -0.234632 0.333978
0.004095 1875.01 0.0749939 184021 -0.239931 0.334085
0.002335 2032.16 0.0649697 184020 -0.267564 0.308409
0.000965 2200.27 0.0557974 184020 -0.286724 0.284983
0.003565 1889.75 0.0729708 184021 -0.248613 0.331564
0.004975 1921.55 0.068199 184021 -0.207058 0.325848
0.001745 2108.46 0.0607475 184020 -0.273266 0.297308
0.004345 1875.42 0.0749144 184021 -0.234371 0.333951
0.004105 1874.83 0.0750083 184021 -0.239734 0.334115
0.002345 2030.88 0.0650412 184020 -0.267409 0.308603
0.003575 1889.41 0.0730243 184021 -0.248468 0.331624
0.004985 1923.27 0.0679885 184021 -0.206321 0.325558
0.002885 1961.92 0.0687884 184020 -0.259302 0.319409
0.000975 2199.25 0.0558511 184020 -0.286615 0.285114
0.004355 1875.57 0.0748891 184021 -0.234106 0.333922
0.001755 2107.25 0.0608178 184020 -0.27337 0.297477
0.004115 1874.66 0.0750215 184021 -0.239534 0.334144
0.002355 2029.6 0.0651126 184020 -0.267255 0.308797
0.003585 1889.06 0.0730773 184021 -0.248321 0.331684
0.004995 1925.02 0.0677742 184021 -0.205573 0.325262
0.000985 2198.23 0.0559051 184020 -0.286505 0.285246
0.004365 1875.72 0.0748617 184021 -0.233838 0.333892
0.002895 1960.64 0.0688551 184020 -0.259147 0.319617
0.001765 2106.04 0.0608882 184020 -0.273484 0.297646
0.004125 1874.49 0.0750334 184021 -0.239327 0.334171
0.002365 2028.32 0.0651839 184020 -0.2671 0.30899
0.003595 1888.72 0.07313 184021 -0.248173 0.331743
0.005005 1926.83 0.0675562 184021 -0.204816 0.324959
0.004375 1875.89 0.0748324 184021 -0.233566 0.333859
0.000995 2197.2 0.0559595 184020 -0.286396 0.285377
0.002905 1959.36 0.0689217 184020 -0.258991 0.319825
0.001775 2104.84 0.0609587 184020 -0.273602 0.297816
0.003605 1888.38 0.0731822 184021 -0.248023 0.331802
0.002375 2027.04 0.0652552 184020 -0.266946 0.309184
0.004135 1874.33 0.075044 184021 -0.239122 0.334198
0.005015 1928.67 0.0673343 184021 -0.20405 0.324649
0.004385 1876.07 0.074801 184021 -0.233291 0.333825
0.002915 1958.09 0.0689882 184020 -0.258836 0.320034
0.001005 2196.18 0.0560142 184020 -0.286286 0.28551
0.001785 2103.63 0.0610292 184020 -0.273719 0.297985
0.003615 1888.04 0.0732341 184021 -0.247873 0.331861
0.002385 2025.77 0.0653265 184020 -0.266791 0.309378
0.004145 1874.31 0.0750532 184021 -0.238934 0.334198
0.005025 1930.56 0.0671087 184021 -0.203273 0.324332
0.004395 1876.26 0.0747675 184021 -0.233011 0.333788
0.002925 1956.81 0.0690546 184020 -0.25868 0.320242
0.001015 2195.15 0.0560692 184020 -0.286176 0.285642
0.001795 2102.43 0.0610999 184020 -0.273832 0.298155
0.003625 1887.7 0.0732855 184021 -0.247722 0.331919
0.002395 2024.49 0.0653977 184020 -0.266636 0.309572
0.004155 1874.3 0.0750611 184021 -0.238742 0.334198
0.005035 1932.5 0.0668793 184021 -0.202485 0.324008
0.004405 1876.47 0.0747319 184021 -0.232728 0.33375
0.002935 1955.53 0.0691208 184020 -0.258525 0.32045
0.001805 2101.22 0.0611706 184020 -0.273937 0.298325
0.003635 1887.37 0.0733366 184021 -0.247571 0.331977
0.000325 2255.33 0.0532371 184020 -0.291883 0.278073
0.003645 1887.03 0.0733872 184021 -0.247418 0.332034
5e-06 2265.21 0.0528372 184020 -0.292641 0.276869
0.000335 2254.73 0.0532609 184020 -0.291842 0.278146
0.003655 1886.7 0.0734373 184021 -0.247266 0.332091
0.000345 2254.13 0.0532853 184020 -0.2918 0.27822
1.5e-05 2265.2 0.052838 184020 -0.292637 0.27687
0.003665 1886.37 0.073487 184021 -0.247113 0.332148
0.003205 1921.82 0.07086 184020 -0.25433 0.326059
0.000355 2253.53 0.0533103 184020 -0.291757 0.278294
2.5e-05 2265.19 0.0528397 184020 -0.292632 0.276872
0.003675 1886.05 0.0735363 184021 -0.246959 0.332204
0.000365 2252.92 0.0533359 184020 -0.291713 0.278369
0.003215 1920.59 0.0709224 184020 -0.254174 0.326266
0.003685 1885.73 0.073585 184021 -0.246806 0.33226
3.5e-05 2265.16 0.0528421 184020 -0.292626 0.276875
0.000375 2252.3 0.0533622 184020 -0.291668 0.278445
0.003225 1919.37 0.0709846 184020 -0.254018 0.326473
0.003695 1885.4 0.0736333 184021 -0.246652 0.332315
4.5e-05 2265.13 0.0528454 184020 -0.29262 0.276879
0.000385 2251.68 0.053389 184020 -0.291621 0.278521
0.003705 1885.09 0.0736811 184021 -0.246498 0.33237
0.003235 1918.15 0.0710466 184020 -0.253862 0.32668
5.5e-05 2265.09 0.0528495 184020 -0.292614 0.276884
0.000395 2251.05 0.0534164 184020 -0.291574 0.278598
0.003715 1884.77 0.0737283 184021 -0.246343 0.332424
6.5e-05 2265.04 0.0528543 184020 -0.292607 0.27689
0.003245 1916.93 0.0711085 184020 -0.253705 0.326886
0.001285 2164.37 0.0576656 184020 -0.28294 0.289677
0.000405 2250.42 0.0534444 184020 -0.291525 0.278675
0.003725 1884.46 0.0737751 184021 -0.246189 0.332478
7.5e-05 2264.98 0.05286 184020 -0.2926 0.276896
0.003255 1915.72 0.0711701 184020 -0.253547 0.327093
0.000415 2249.79 0.053473 184020 -0.291475 0.278753
0.003735 1884.15 0.0738213 184021 -0.246034 0.332531
0.001295 2163.15 0.0577284 184020 -0.282832 0.289839
8.5e-05 2264.92 0.0528664 184020 -0.292593 0.276904
0.003265 1914.51 0.0712316 184020 -0.253388 0.3273
0.002565 2003.07 0.0665978 184020 -0.264037 0.312869
0.000425 2249.15 0.0535021 184020 -0.291424 0.278832
0.003745 1883.84 0.0738669 184021 -0.245879 0.332584
0.001305 2161.94 0.0577914 184020 -0.282726 0.290001
9.5e-05 2264.85 0.0528736 184020 -0.292587 0.276913
0.003275 1913.3 0.0712929 184020 -0.253228 0.327506
0.000435 2248.5 0.0535319 184020 -0.291372 0.278911
0.003755 1883.53 0.073912 184021 -0.245723 0.332637
0.002575 2001.82 0.0666677 184020 -0.26389 0.313063
0.001315 2160.72 0.0578547 184020 -0.28262 0.290164
0.003285 1912.09 0.0713541 184020 -0.253067 0.327713
0.000105 2264.77 0.0528816 184020 -0.292581 0.276922
0.000445 2247.85 0.0535622 184020 -0.291318 0.278991
0.003765 1883.23 0.0739566 184021 -0.245567 0.332689
0.002585 2000.58 0.0667376 184020 -0.263743 0.313257
0.001325 2159.5 0.0579182 184020 -0.282515 0.290327
0.003295 1910.88 0.071415 184020 -0.252903 0.327919
0.000455 2247.2 0.053593 184020 -0.291264 0.279072
0.000115 2264.68 0.0528903 184020 -0.292575 0.276933
0.003775 1882.93 0.0740005 184021 -0.245411 0.332741
0.003305 1909.68 0.0714758 184020 -0.252738 0.328125
0.001335 2158.28 0.0579819 184020 -0.28241 0.29049
0.002595 1999.33 0.0668073 184020 -0.263598 0.313452
0.000465 2246.54 0.0536244 184020 -0.291208 0.279153
0.003785 1882.63 0.0740438 184021 -0.245254 0.332792
0.000125 2264.59 0.0528997 184020 -0.29257 0.276944
0.000645 2232.11 0.0542783 184020 -0.28986 0.280944
0.003315 1908.48 0.0715363 184020 -0.252571 0.328331
0.001345 2157.06 0.0580458 184020 -0.282302 0.290653
0.002605 1998.08 0.066877 184020 -0.263454 0.313646
0.000475 2245.88 0.0536563 184020 -0.291152 0.279234
0.003795 1882.34 0.0740865 184021 -0.245097 0.332842
0.000135 2264.48 0.05291 184020 -0.292565 0.276957
0.003325 1907.28 0.0715967 184020 -0.252401 0.328537
0.000655 2231.15 0.0543192 184020 -0.289772 0.281065
0.007045 360.089 0.229023 184021 -0.0108446 1.7687
0.001355 2155.84 0.05811 184020 -0.282191 0.290816
0.002615 1996.84 0.0669466 184020 -0.263311 0.313841
0.000485 2245.21 0.0536888 184020 -0.291094 0.279317
0.003805 1882.04 0.0741286 184021 -0.244939 0.332893
0.000145 2264.37 0.0529209 184020 -0.292561 0.27697
0.003335 1906.08 0.0716568 184020 -0.252228 0.328742
0.000665 2230.18 0.0543607 184020 -0.289684 0.281186
0.001365 2154.62 0.0581743 184020 -0.282074 0.29098
0.002625 1995.6 0.067016 184020 -0.263168 0.314036
0.007055 359.317 0.229166 184021 -0.0105993 1.77261
0.000495 2244.54 0.0537218 184020 -0.291036 0.279399
0.003815 1881.75 0.07417 184021 -0.244781 0.332942
0.000155 2264.25 0.0529326 184020 -0.292557 0.276984
0.003345 1904.89 0.0717168 184020 -0.252053 0.328947
0.000675 2229.22 0.0544026 184020 -0.289596 0.281307
0.002635 1994.36 0.0670854 184020 -0.263024 0.31423
0.001375 2153.4 0.0582389 184020 -0.281951 0.291143
0.007065 358.573 0.229305 184021 -0.0103583 1.77641
0.000505 2243.87 0.0537554 184020 -0.290976 0.279483
0.003825 1881.47 0.0742108 184021 -0.244622 0.332991
0.003355 1903.7 0.0717765 184020 -0.251874 0.329152
0.000685 2228.25 0.0544449 184020 -0.289507 0.281429
0.000165 2264.11 0.052945 184019 -0.29253 0.277
0.002645 1993.11 0.0671547 184020 -0.262873 0.314426
0.001385 2152.18 0.0583037 184020 -0.281819 0.291307
0.000515 2243.19 0.0537895 184020 -0.290916 0.279567
0.007075 357.89 0.229439 184021 -0.0101232 1.77992
0.003835 1881.18 0.0742508 184021 -0.244462 0.33304
0.003365 1902.52 0.071836 184020 -0.251691 0.329356
0.000695 2227.27 0.0544877 184020 -0.289419 0.281551
0.000175 2263.61 0.0529581 184020 -0.292504 0.277062
0.002655 1991.8 0.067224 184020 -0.262729 0.314632
0.001395 2150.96 0.0583686 184020 -0.281675 0.291471
0.000525 2242.51 0.0538241 184020 -0.290854 0.279651
0.004485 1878.54 0.0743678 184021 -0.230323 0.333362
0.000535 2241.82 0.0538592 184020 -0.290792 0.279736
0.005445 1800.99 0.0760423 184021 -0.20879 0.34782
0.000545 2241.13 0.0538948 184020 -0.290729 0.279822
0.004495 1878.86 0.0743118 184021 -0.230004 0.333303
0.006725 408.923 0.220721 184021 -0.022438 1.55255
0.000555 2240.43 0.0539309 184020 -0.290663 0.279908
0.004505 1879.2 0.0742535 184021 -0.229681 0.333242
0.005455 1784.55 0.0774022 184021 -0.207684 0.351031
0.000565 2239.72 0.0539675 184020 -0.290579 0.279994
0.006735 406.37 0.221123 184021 -0.0219227 1.5625
0.006085 831.466 0.165493 184022 -0.0933021 0.756379
0.004515 1879.54 0.0741926 184021 -0.229353 0.333177
0.005465 1768.07 0.0787649 184021 -0.206514 0.35431
0.000575 2238.79 0.0540047 184020 -0.2905 0.280112
0.006745 403.882 0.221513 184021 -0.0214173 1.57233
0.005765 1266.57 0.119122 184026 -0.155387 0.49513
0.004525 1879.91 0.0741293 184021 -0.229021 0.33311
0.000585 2237.84 0.0540423 184020 -0.290405 0.28023
0.005475 1751.54 0.0801299 184021 -0.205275 0.35766
0.006095 820.56 0.166793 184022 -0.0915665 0.766525
0.006755 401.456 0.221891 184021 -0.0209172 1.58203
0.004535 1880.29 0.0740635 184021 -0.228684 0.333041
0.006405 545.911 0.200714 184022 -0.0473042 1.15739
0.005775 1251.78 0.120709 184022 -0.156052 0.500998
0.000595 2236.89 0.0540804 184020 -0.290311 0.280348
0.005485 1734.98 0.0814969 184021 -0.203964 0.361081
0.006765 399.094 0.222259 184021 -0.0204244 1.59159
0.006105 809.746 0.168081 184022 -0.0898464 0.776858
0.004545 1880.69 0.0739951 184021 -0.228343 0.332968
0.005785 1237.08 0.122289 184022 -0.153741 0.506983
0.000605 2235.94 0.054119 184020 -0.290219 0.280466
0.006415 539.865 0.201575 184021 -0.0463485 1.17053
0.005495 1718.38 0.0828652 184021 -0.202584 0.364576
0.006775 396.968 0.222617 184021 -0.0199626 1.6003
0.006115 799.024 0.169358 184022 -0.0881421 0.78738
0.004555 1881.1 0.0739241 184021 -0.227997 0.332893
0.005795 1222.44 0.123858 184022 -0.151644 0.513089
0.000615 2234.99 0.0541581 184020 -0.290128 0.280585
0.006425 533.926 0.202419 184021 -0.0452957 1.18374
0.005505 1701.76 0.0842346 184021 -0.20114 0.368145
0.006785 394.901 0.222964 184021 -0.0195021 1.60887
0.006125 788.395 0.170624 184022 -0.086455 0.798097
0.004565 1881.53 0.0738505 184021 -0.227647 0.332815
0.005805 1207.85 0.125416 184022 -0.149527 0.519318
0.000625 2234.03 0.0541977 184020 -0.290038 0.280705
0.005515 1685.11 0.0856046 184021 -0.199637 0.37179
0.006435 528.088 0.203247 184021 -0.0442673 1.19702
0.006795 392.891 0.2233 184021 -0.0190505 1.61729
0.004575 1881.97 0.0737743 184021 -0.227292 0.332735
0.006135 777.858 0.171878 184022 -0.0847867 0.809012
0.005815 1193.33 0.126964 184022 -0.147414 0.525674
0.000635 2233.07 0.0542377 184020 -0.289949 0.280824
0.005525 1668.45 0.0869749 184021 -0.198083 0.375513
0.006445 522.352 0.204059 184021 -0.0432581 1.21036
0.006805 390.936 0.223627 184021 -0.0186088 1.62556
0.002045 2069.88 0.0628859 184020 -0.272089 0.302817
0.006815 389.035 0.223944 184021 -0.0181776 1.63369
0.001025 2194.13 0.0561246 184020 -0.286065 0.285775
0.002055 2068.57 0.0629578 184020 -0.271929 0.303009
0.006825 387.186 0.224251 184021 -0.0177575 1.64167
0.005045 1934.49 0.0666461 184021 -0.201685 0.323677
0.002405 2023.22 0.0654688 184020 -0.266482 0.309765
0.002065 2067.25 0.0630298 184020 -0.27177 0.303201
0.001035 2193.1 0.0561802 184020 -0.285955 0.285908
0.006835 385.389 0.224549 184021 -0.017349 1.64951
0.005055 1936.52 0.0664091 184021 -0.200872 0.323339
0.004415 1876.68 0.0746942 184021 -0.232442 0.333709
0.002075 2065.93 0.0631018 184020 -0.271611 0.303392
0.002415 2021.95 0.0655399 184020 -0.266328 0.309959
0.006845 383.641 0.224838 184021 -0.0169524 1.6572
0.001045 2192.07 0.0562362 184020 -0.285844 0.286041
0.005065 1938.6 0.0661682 184021 -0.200044 0.322993
0.001815 2100.02 0.0612414 184020 -0.274031 0.298495
0.004425 1876.91 0.0746543 184021 -0.232151 0.333667
0.002085 2064.62 0.0631737 184020 -0.271452 0.303585
0.002425 2020.68 0.0656109 184020 -0.266173 0.310153
0.006855 381.941 0.225119 184021 -0.0165657 1.66475
0.001055 2191.04 0.0562925 184020 -0.285733 0.286174
0.005075 1940.73 0.0659234 184021 -0.199198 0.32264
0.002945 1954.26 0.069187 184020 -0.258369 0.320658
0.002095 2063.31 0.0632457 184020 -0.271294 0.303777
0.004435 1877.15 0.0746123 184021 -0.231857 0.333622
0.001825 2098.82 0.0613123 184020 -0.274109 0.298665
0.002435 2019.41 0.0656818 184020 -0.266019 0.310347
0.006865 380.29 0.22539 184021 -0.0161898 1.67216
0.001065 2190.01 0.0563491 184020 -0.285621 0.286308
0.005085 1942.92 0.0656746 184021 -0.19833 0.32228
0.002105 2062 0.0633177 184020 -0.271136 0.303969
0.002955 1952.99 0.069253 184020 -0.258214 0.320866
0.004445 1877.4 0.074568 184021 -0.231558 0.333574
0.001835 2097.62 0.0613833 184020 -0.274171 0.298835
0.006875 378.807 0.225653 184021 -0.0158356 1.67887
0.002445 2018.15 0.0657527 184020 -0.265865 0.310541
0.001075 2188.98 0.056406 184020 -0.285509 0.286442
0.005095 1945.15 0.0654218 184021 -0.197437 0.321911
0.002115 2060.68 0.0633897 184020 -0.270979 0.304161
0.004455 1877.66 0.0745214 184021 -0.231256 0.333525
0.002965 1951.72 0.0693189 184020 -0.258058 0.321074
0.001845 2096.41 0.0614543 184020 -0.274201 0.299005
0.006885 377.368 0.225908 184021 -0.0154887 1.68544
0.002455 2016.88 0.0658235 184020 -0.26571 0.310735
0.001085 2187.95 0.0564632 184020 -0.285397 0.286576
0.002125 2059.37 0.0634617 184020 -0.270823 0.304354
0.005105 1947.44 0.0651648 184021 -0.196514 0.321535
0.004465 1877.94 0.0744725 184021 -0.230949 0.333473
0.001855 2095.08 0.0615254 184020 -0.274222 0.299195
0.002975 1950.45 0.0693846 184020 -0.257902 0.321282
0.006895 375.973 0.226155 184021 -0.0151507 1.69186
0.002465 2015.62 0.0658943 184020 -0.265556 0.310928
0.001095 2186.91 0.0565207 184020 -0.285283 0.286711
0.002135 2058.07 0.0635337 184020 -0.270666 0.304546
0.004475 1878.23 0.0744213 184021 -0.230638 0.333419
0.007085 357.232 0.229569 184021 -0.00989222 1.78331
0.005115 1949.78 0.0649035 184021 -0.195558 0.32115
0.001865 2093.74 0.0615965 184020 -0.274214 0.299385
0.002475 2014.36 0.065965 184020 -0.265402 0.311122
0.006905 374.619 0.226393 184021 -0.0148208 1.69814
0.002985 1949.19 0.0694503 184020 -0.257747 0.321491
0.002665 1990.49 0.0672931 184020 -0.262582 0.314838
0.002995 1947.93 0.0695158 184020 -0.257591 0.321699
0.003375 1901.34 0.0718953 184020 -0.251505 0.32956
0.002675 1989.18 0.0673621 184020 -0.262436 0.315045
0.003005 1946.66 0.0695812 184020 -0.257436 0.321907
0.000705 2226.3 0.0545309 184020 -0.28933 0.281673
0.002685 1987.87 0.067431 184020 -0.262292 0.315252
0.003385 1900.16 0.0719543 184020 -0.251315 0.329763
0.000185 2263.1 0.0529719 184020 -0.292456 0.277124
0.003015 1945.4 0.0696464 184020 -0.25728 0.322115
0.001405 2149.74 0.0584338 184020 -0.281518 0.291636
0.002695 1986.57 0.0674999 184020 -0.26215 0.315459
0.003395 1898.99 0.0720132 184020 -0.25112 0.329966
0.000715 2225.32 0.0545746 184020 -0.28924 0.281796
0.004585 1882.44 0.0736954 184021 -0.226932 0.332651
0.003025 1944.15 0.0697116 184020 -0.257124 0.322322
0.000195 2262.58 0.0529865 184020 -0.292409 0.277188
0.002705 1985.26 0.0675686 184020 -0.262007 0.315666
0.003405 1897.83 0.0720718 184020 -0.250921 0.330168
0.001415 2148.52 0.0584992 184020 -0.281345 0.2918
0.000725 2224.34 0.0546187 184020 -0.28915 0.28192
0.004595 1882.92 0.0736137 184021 -0.226567 0.332564
0.003035 1942.89 0.0697766 184020 -0.256968 0.32253
0.000205 2262.05 0.0530017 184020 -0.292364 0.277252
0.002715 1983.95 0.0676373 184020 -0.261865 0.315873
0.003415 1896.67 0.0721301 184020 -0.250719 0.330369
0.001425 2147.3 0.0585648 184020 -0.281154 0.291965
0.000735 2223.36 0.0546632 184020 -0.289059 0.282043
0.004605 1883.42 0.0735293 184021 -0.226198 0.332474
0.003045 1941.64 0.0698414 184020 -0.256813 0.322738
0.000215 2261.52 0.0530176 184020 -0.292321 0.277317
0.002725 1982.65 0.0677058 184020 -0.261722 0.31608
0.001435 2146.09 0.0586305 184020 -0.280943 0.29213
0.000745 2222.37 0.0547082 184020 -0.288967 0.282167
0.003425 1895.51 0.0721882 184021 -0.250481 0.33057
0.004615 1883.93 0.0734422 184021 -0.225824 0.332381
0.003055 1940.38 0.0699062 184020 -0.256657 0.322946
0.000225 2260.99 0.0530343 184020 -0.292279 0.277382
0.002735 1981.34 0.0677743 184020 -0.261579 0.316288
0.001445 2144.87 0.0586965 184020 -0.28071 0.292294
0.000755 2221.39 0.0547536 184020 -0.288875 0.282292
0.003435 1894.39 0.0722459 184023 -0.25029 0.330769
0.004625 1884.47 0.0733522 184021 -0.225445 0.332285
0.003065 1939.13 0.0699708 184020 -0.256502 0.323154
0.000235 2260.44 0.0530516 184020 -0.292237 0.277448
0.006145 767.413 0.17312 184022 -0.0831401 0.82013
0.002745 1980.04 0.0678426 184020 -0.261434 0.316495
0.001455 2143.65 0.0587626 184020 -0.280455 0.29246
0.000765 2220.4 0.0547994 184020 -0.288781 0.282417
0.003445 1894.01 0.0723035 184020 -0.250182 0.33083
0.004635 1885.02 0.0732594 184021 -0.225061 0.332185
0.003075 1937.88 0.0700352 184020 -0.256346 0.323362
0.000245 2259.9 0.0530696 184020 -0.292197 0.277515
0.002755 1978.73 0.0679108 184020 -0.261287 0.316703
0.001465 2142.43 0.0588289 184020 -0.280176 0.292625
0.000775 2219.41 0.0548456 184020 -0.288686 0.282542
0.003455 1893.65 0.0723608 184020 -0.250068 0.330892
0.006155 757.059 0.17435 184022 -0.0815172 0.831456
0.000255 2259.35 0.0530882 184020 -0.292158 0.277582
0.004645 1885.59 0.0731637 184021 -0.224673 0.332083
0.003085 1936.64 0.0700996 184020 -0.256191 0.323569
0.002765 1977.43 0.067979 184020 -0.26114 0.316911
0.001475 2141.21 0.0588954 184020 -0.279874 0.29279
0.000785 2218.42 0.0548923 184020 -0.288591 0.282668
0.003465 1893.3 0.0724179 184020 -0.249949 0.330953
0.000265 2258.79 0.0531075 184020 -0.292119 0.27765
0.006165 746.795 0.175568 184022 -0.0799272 0.842997
0.004655 1886.19 0.0730651 184021 -0.224279 0.331977
0.002775 1976.13 0.068047 184020 -0.260991 0.317119
0.001485 2139.99 0.0589621 184020 -0.279547 0.292956
0.000795 2217.42 0.0549393 184020 -0.288494 0.282793
0.003095 1935.39 0.0701637 184020 -0.256035 0.323777
0.003475 1892.94 0.0724746 184020 -0.249827 0.331015
0.000275 2258.23 0.0531275 184020 -0.29208 0.277719
0.004665 1886.8 0.0729636 184021 -0.22388 0.331867
0.002785 1974.83 0.068115 184020 -0.260841 0.317327
0.001495 2138.77 0.059029 184020 -0.279199 0.293121
0.006175 736.618 0.176774 184022 -0.0782966 0.85476
0.000805 2216.42 0.0549867 184020 -0.288396 0.28292
0.003485 1892.58 0.072531 184020 -0.249702 0.331076
0.003105 1934.15 0.0702278 184020 -0.25588 0.323985
0.000285 2257.66 0.0531481 184020 -0.292041 0.277789
0.002795 1973.53 0.0681828 184020 -0.26069 0.317535
0.001505 2137.56 0.059096 184020 -0.27883 0.293287
0.004675 1887.43 0.0728591 184021 -0.223477 0.331754
0.000815 2215.43 0.0550346 184020 -0.288298 0.283046
0.005535 1651.76 0.088345 184021 -0.196484 0.379315
0.003495 1892.23 0.0725871 184020 -0.249575 0.331138
0.006185 726.526 0.177968 184022 -0.0769726 0.866753
0.000295 2257.08 0.0531694 184020 -0.292002 0.277859
0.002805 1972.24 0.0682505 184020 -0.260537 0.317743
0.003115 1932.91 0.0702917 184020 -0.255725 0.324192
0.001515 2136.34 0.0591632 184020 -0.278442 0.293453
0.004685 1888.08 0.0727516 184021 -0.223068 0.331638
0.000825 2214.43 0.0550828 184020 -0.288198 0.283173
0.003505 1891.87 0.0726429 184020 -0.249445 0.331199
0.005545 1635.06 0.0897147 184021 -0.194847 0.383199
0.000305 2256.5 0.0531913 184020 -0.291963 0.27793
0.005825 1178.87 0.128502 184022 -0.145302 0.53216
0.006195 716.517 0.179149 184022 -0.0752793 0.878982
0.002815 1970.94 0.0683181 184020 -0.260384 0.317951
0.003125 1931.67 0.0703554 184020 -0.25557 0.3244
0.000835 2213.42 0.0551314 184020 -0.288098 0.283301
0.001525 2135.12 0.0592305 184020 -0.27804 0.293619
0.003515 1891.51 0.0726984 184020 -0.249312 0.331261
0.004695 1888.76 0.0726411 184021 -0.222655 0.331518
0.005555 1618.35 0.0910837 184021 -0.193179 0.387166
0.000315 2255.92 0.0532139 184020 -0.291923 0.278001
0.005835 1164.47 0.130031 184022 -0.143191 0.538778
0.006205 706.586 0.180318 184022 -0.0738885 0.89146
0.002825 1969.65 0.0683856 184020 -0.260231 0.31816
0.000845 2212.42 0.0551804 184020 -0.287996 0.283428
0.003135 1930.43 0.0704191 184020 -0.255414 0.324607
0.006455 516.715 0.204855 184021 -0.0422703 1.22376
0.001105 2185.88 0.0565785 184020 -0.285169 0.286845
0.006465 511.177 0.205635 184021 -0.0413035 1.23722
0.002145 2056.76 0.0636057 184020 -0.27051 0.304739
0.001115 2184.84 0.0566366 184020 -0.285053 0.28698
0.006475 505.736 0.206399 184021 -0.0403573 1.25073
0.002155 2055.45 0.0636777 184020 -0.270355 0.304932
0.001875 2092.41 0.0616677 184020 -0.274189 0.299575
0.001125 2183.8 0.0566949 184020 -0.284922 0.287115
0.006485 500.39 0.207147 184021 -0.0394326 1.26429
0.002165 2054.15 0.0637496 184020 -0.270199 0.305124
0.007095 356.599 0.229693 184021 -0.00966495 1.78659
0.001885 2091.07 0.061739 184020 -0.274147 0.299765
0.001135 2182.59 0.0567536 184020 -0.284797 0.287274
0.002485 2013.1 0.0660356 184020 -0.265249 0.311316
0.006495 495.141 0.20788 184021 -0.0385213 1.2779
0.002175 2052.84 0.0638216 184020 -0.270044 0.305317
0.001895 2089.74 0.0618104 184020 -0.274089 0.299955
0.007105 355.989 0.229814 184021 -0.00944158 1.78976
0.001145 2181.38 0.0568125 184020 -0.284661 0.287433
0.006915 373.307 0.226625 184021 -0.0144985 1.70427
0.006505 489.985 0.208598 184021 -0.0376994 1.29155
0.002495 2011.84 0.0661061 184020 -0.265095 0.31151
0.002185 2051.54 0.0638935 184020 -0.269889 0.30551
0.001155 2180.17 0.0568717 184020 -0.284526 0.287592
0.001905 2088.41 0.0618818 184020 -0.274016 0.300145
0.007115 355.402 0.229929 184021 -0.00922204 1.79283
0.006925 372.034 0.226848 184021 -0.014183 1.71026
0.006515 484.922 0.2093 184021 -0.0366296 1.30524
0.002505 2010.58 0.0661766 184020 -0.264942 0.311704
0.001165 2178.95 0.0569312 184020 -0.284393 0.287751
0.002195 2050.24 0.0639655 184020 -0.269734 0.305703
0.001915 2087.08 0.0619532 184020 -0.273929 0.300335
0.007125 354.837 0.230041 184021 -0.00900625 1.79578
0.006935 370.8 0.227065 184021 -0.0138737 1.7161
0.006525 479.952 0.209987 184021 -0.0359477 1.31896
0.001535 2133.91 0.059298 184020 -0.277625 0.293785
0.006535 475.078 0.210659 184022 -0.0349968 1.33271
0.006215 696.734 0.181474 184022 -0.0724483 0.904196
0.001545 2132.69 0.0593657 184020 -0.277203 0.293952
0.004705 1889.45 0.0725275 184021 -0.222236 0.331395
0.006545 470.739 0.211315 184021 -0.0342543 1.3452
0.001555 2131.47 0.0594335 184020 -0.276778 0.294118
0.006225 686.957 0.182617 184022 -0.0710266 0.917195
0.006555 466.492 0.211957 184021 -0.033466 1.35765
0.004715 1890.17 0.0724108 184021 -0.221813 0.331268
0.005565 1601.63 0.0924516 184021 -0.191486 0.391219
0.001565 2130.26 0.0595015 184020 -0.276356 0.294285
0.006235 677.258 0.183747 184022 -0.0695162 0.930466
0.006565 462.335 0.212583 184021 -0.0326931 1.37007
0.004725 1890.91 0.072291 184021 -0.221384 0.331137
0.001575 2129.04 0.0595696 184020 -0.27594 0.294451
0.005575 1584.9 0.0938183 184021 -0.189771 0.395361
0.006245 667.653 0.184863 184023 -0.0678935 0.943999
0.006575 458.265 0.213195 184021 -0.0319323 1.38245
0.004735 1891.67 0.0721681 184021 -0.220951 0.331002
0.002835 1968.36 0.068453 184020 -0.260077 0.318368
0.005845 1150.13 0.131551 184022 -0.141083 0.545534
0.001585 2127.83 0.0596379 184020 -0.275537 0.294618
0.005585 1568.16 0.0951835 184021 -0.188038 0.399593
0.006255 659.244 0.185967 184022 -0.0668165 0.956173
0.006585 454.282 0.213792 184021 -0.0311855 1.39478
0.004745 1892.46 0.072042 184021 -0.220511 0.330864
0.002845 1967.07 0.0685203 184020 -0.259922 0.318576
0.001595 2126.61 0.0597063 184019 -0.275151 0.294785
0.005855 1135.86 0.133063 184022 -0.138979 0.55243
0.005595 1551.41 0.0965468 184021 -0.186288 0.403919
0.006265 650.936 0.187055 184022 -0.06546 0.96852
0.006595 450.384 0.214374 184021 -0.0304534 1.40707
0.004755 1893.27 0.0719127 184021 -0.220066 0.330722
0.002855 1965.78 0.0685875 184020 -0.259767 0.318784
0.005865 1121.66 0.134566 184022 -0.136881 0.559469
0.005605 1534.66 0.0979081 184021 -0.184525 0.408342
0.006275 642.73 0.188129 184022 -0.0640917 0.981035
0.000855 2211.42 0.0552298 184020 -0.287894 0.283556
0.006605 446.571 0.214942 184021 -0.0297365 1.41929
0.004765 1894.23 0.0717801 184021 -0.21963 0.330552
0.002865 1964.49 0.0686546 184020 -0.259612 0.318992
0.005875 1107.52 0.13606 184022 -0.134789 0.566656
0.005615 1517.9 0.0992671 184021 -0.182748 0.412865
0.006285 634.628 0.189188 184022 -0.0627068 0.993709
0.006615 442.842 0.215496 184021 -0.0290354 1.43145
0.000865 2210.41 0.0552796 184020 -0.287791 0.283684
0.004775 1895.22 0.0716443 184021 -0.219177 0.330378
0.002875 1963.21 0.0687215 184020 -0.259457 0.319201
0.003145 1929.19 0.0704825 184020 -0.255259 0.324815
0.005625 1501.13 0.100623 184021 -0.180957 0.41749
0.002515 2009.33 0.066247 184020 -0.264789 0.311898
0.001175 2177.74 0.056991 184020 -0.284262 0.28791
0.005635 1484.36 0.101977 184021 -0.179153 0.422223
0.002205 2048.94 0.0640374 184020 -0.269579 0.305896
0.002525 2008.07 0.0663173 184020 -0.264637 0.312092
0.005645 1467.58 0.103327 184021 -0.177333 0.427065
0.001185 2176.53 0.057051 184020 -0.284133 0.28807
0.007135 354.294 0.230149 184021 -0.00879412 1.79864
0.002535 2006.82 0.0663876 184020 -0.264486 0.312286
0.002215 2047.64 0.0641093 184020 -0.269424 0.306089
0.005655 1450.81 0.104673 184021 -0.175496 0.43202
0.001195 2175.31 0.0571113 184020 -0.284006 0.288229
0.006945 369.603 0.227275 184021 -0.0135703 1.72181
0.007145 353.771 0.230253 184021 -0.00858557 1.8014
0.002545 2005.57 0.0664577 184020 -0.264335 0.31248
0.002225 2046.34 0.0641812 184020 -0.269269 0.306282
0.005665 1434.02 0.106015 184021 -0.173642 0.437094
0.001205 2174.1 0.0571719 184020 -0.28388 0.288389
0.002555 2004.32 0.0665278 184020 -0.264185 0.312674
0.007155 353.269 0.230353 184021 -0.00838051 1.80406
0.006955 368.443 0.227477 184021 -0.0132718 1.72738
0.002235 2045.04 0.064253 184020 -0.269114 0.306475
0.006295 626.635 0.190232 184022 -0.0613194 1.00654
0.005885 1093.44 0.137546 184022 -0.132706 0.573996
0.006625 439.195 0.216037 184021 -0.0283499 1.44355
0.006305 618.753 0.191261 184022 -0.0599398 1.01952
0.000875 2209.4 0.0553297 184020 -0.287687 0.283813
0.005895 1079.44 0.139024 184022 -0.130633 0.581492
0.004785 1896.24 0.0715051 184021 -0.218707 0.3302
0.006635 435.628 0.216563 184021 -0.0276805 1.45558
0.006315 610.983 0.192275 184022 -0.0585775 1.03264
0.005905 1065.5 0.140494 184022 -0.128571 0.589148
0.003155 1927.96 0.0705458 184020 -0.255105 0.325022
0.000885 2208.39 0.0553803 184020 -0.287582 0.283942
0.006645 432.142 0.217077 184021 -0.027018 1.46753
0.004795 1897.28 0.0713627 184021 -0.218222 0.330018
0.005915 1051.63 0.141956 184022 -0.12652 0.596971
0.006325 603.324 0.193274 184022 -0.0572389 1.04591
0.000895 2207.38 0.0554312 184020 -0.287477 0.284071
0.005675 1417.24 0.107353 184021 -0.171766 0.442288
0.000905 2206.37 0.0554824 184020 -0.287371 0.2842
0.001215 2172.89 0.0572327 184020 -0.283755 0.288549
0.007165 352.786 0.230449 184021 -0.00817867 1.80662
0.000915 2205.35 0.055534 184020 -0.287265 0.28433
0.005685 1400.46 0.108686 184022 -0.169865 0.447607
0.001225 2171.67 0.0572938 184020 -0.283633 0.28871
0.007175 352.332 0.230542 184021 -0.0079803 1.80904
0.000925 2204.34 0.055586 184020 -0.287157 0.28446
0.006965 367.32 0.227673 184021 -0.0129784 1.73281
0.005695 1383.68 0.110013 184022 -0.167937 0.453055
0.001235 2170.46 0.0573552 184020 -0.283512 0.28887
0.007185 351.897 0.230632 184021 -0.00778474 1.81136
0.000935 2203.32 0.0556383 184020 -0.28705 0.28459
0.005705 1366.9 0.111335 184022 -0.165977 0.458637
0.006975 366.304 0.227863 184021 -0.0126951 1.73776
0.007195 351.48 0.230718 184021 -0.00759174 1.8136
0.000945 2202.31 0.055691 184020 -0.286942 0.284721
0.001245 2169.24 0.0574168 184020 -0.283393 0.289031
0.005715 1350.13 0.11265 184022 -0.163978 0.464355
0.006985 365.323 0.228046 184021 -0.0124161 1.74257
0.007205 351.08 0.230801 184021 -0.00740135 1.81575
0.000955 2201.29 0.055744 184020 -0.286833 0.284852
0.001255 2168.02 0.0574786 184020 -0.283277 0.289192
0.005725 1333.37 0.113959 184022 -0.161937 0.470215
0.006995 364.374 0.228223 184021 -0.0121419 1.74725
0.006655 428.737 0.217577 184021 -0.0263654 1.4794
0.005925 1037.83 0.143409 184022 -0.12448 0.604964
0.007005 363.457 0.228394 184021 -0.0118726 1.75179
0.003165 1926.73 0.070609 184020 -0.25495 0.32523
0.006665 425.687 0.218064 184021 -0.0257803 1.49021
0.006335 595.775 0.194258 184022 -0.0559275 1.05933
0.005935 1024.09 0.144854 184022 -0.122451 0.613134
0.007015 362.57 0.22856 184021 -0.0116084 1.75621
0.007215 350.697 0.23088 184021 -0.00721346 1.81782
0.006675 422.713 0.218538 184021 -0.0251895 1.5009
0.003175 1925.5 0.070672 184020 -0.254795 0.325437
0.001265 2166.81 0.0575407 184020 -0.283162 0.289354
0.005945 1010.42 0.146291 184022 -0.120433 0.621485
0.006345 588.335 0.195227 184022 -0.0546437 1.0729
0.007025 361.714 0.228719 184021 -0.011349 1.76049
0.006685 419.814 0.218999 184021 -0.0246132 1.51147
0.007225 350.33 0.230957 184021 -0.00702804 1.8198
0.003185 1924.27 0.0707348 184020 -0.25464 0.325644
0.007035 360.887 0.228874 184021 -0.0110944 1.76466
0.005955 996.823 0.147719 184022 -0.11842 0.630023
0.006355 581.002 0.19618 184022 -0.0533863 1.08661
0.001275 2165.59 0.057603 184020 -0.28305 0.289515
0.006695 416.986 0.219448 184021 -0.0240505 1.52193
0.005735 1316.63 0.115261 184022 -0.159845 0.476219
0.007235 349.978 0.231031 184021 -0.00684503 1.82171
0.006705 414.23 0.219884 184021 -0.0235009 1.53226
0.003195 1923.04 0.0707975 184020 -0.254485 0.325851
0.005745 1299.9 0.116555 184022 -0.157722 0.482371
0.006715 411.543 0.220309 184021 -0.0229637 1.54247
0.007245 349.642 0.231102 184021 -0.0066644 1.82354
0.005965 983.292 0.149139 184022 -0.116415 0.638754
0.007255 349.32 0.23117 184021 -0.00648613 1.82529
0.005975 969.831 0.15055 184022 -0.114422 0.647684
0.006365 573.775 0.197118 184022 -0.0521532 1.10047
0.007265 349.012 0.231235 184021 -0.00630998 1.82697
0.005985 956.438 0.151953 184022 -0.112436 0.656819
0.005755 1283.2 0.11784 184022 -0.155221 0.488675
0.007275 348.718 0.231298 184021 -0.00613566 1.82858
0.005995 943.117 0.153347 184022 -0.110455 0.666165
0.006375 566.652 0.19804 184022 -0.0509415 1.11448
0.007285 348.437 0.231358 184021 -0.00596314 1.83012
0.006005 929.866 0.154733 184022 -0.108478 0.675728
0.007295 348.169 0.231416 184021 -0.00579228 1.8316
0.006015 916.688 0.15611 184022 -0.106504 0.685514
0.006385 559.633 0.198947 184022 -0.0497509 1.12864
0.007305 347.914 0.231472 184021 -0.0056229 1.833
0.006025 903.584 0.157478 184022 -0.10453 0.695531
0.006395 552.717 0.199839 184022 -0.0485395 1.14295
0.007315 347.671 0.231525 184021 -0.00545477 1.83434
0.006035 890.554 0.158837 184022 -0.102558 0.705785
0.007325 347.441 0.231576 184021 -0.00528764 1.83562
0.006045 877.601 0.160188 184022 -0.100459 0.716283
0.007335 347.222 0.231625 184021 -0.00512129 1.83683
0.006055 864.751 0.161528 184025 -0.0982497 0.72702
0.007345 347.014 0.231672 184021 -0.00495537 1.83799
0.006065 853.555 0.162861 184022 -0.0968146 0.73663
0.007355 346.817 0.231717 184021 -0.00479024 1.83909
0.006075 842.464 0.164183 184022 -0.095048 0.746415
