0.007365 343.848 0.230428 164734 -0.00626345 1.65904
0.007375 343.503 0.230498 164734 -0.00612276 1.66076
0.007385 343.175 0.230565 164734 -0.00596498 1.66241
0.007395 342.862 0.23063 164734 -0.00578873 1.66398
0.007405 342.565 0.230692 164734 -0.00559052 1.66548
0.007415 342.283 0.23075 164734 -0.00536864 1.66691
0.007425 342.015 0.230807 164734 -0.00512776 1.66827
0.007435 341.742 0.23086 164734 -0.00487538 1.66965
0.007445 341.483 0.230911 164734 -0.00462349 1.67096
0.007455 341.238 0.23096 164734 -0.00438233 1.67221
0.007465 341.006 0.231006 164734 -0.00415671 1.67339
0.007475 340.788 0.231049 164734 -0.00394622 1.6745
0.007485 340.582 0.231091 164734 -0.00374675 1.67555
0.007495 340.39 0.23113 164734 -0.00355311 1.67653
0.007505 340.21 0.231166 164734 -0.0033611 1.67745
0.007515 340.043 0.231201 164734 -0.00316864 1.67831
0.007525 339.888 0.231233 164734 -0.00297504 1.67911
0.007535 339.717 0.231263 164734 -0.0027805 1.67998
0.007545 339.558 0.231291 164734 -0.00258595 1.6808
0.005125 2068.06 0.0415117 164734 -0.311534 0.270068
0.007555 339.41 0.231317 164734 -0.00239169 1.68155
0.005135 2071.11 0.0410977 164734 -0.309785 0.269667
0.005145 2074.27 0.0406769 164734 -0.307856 0.269254
0.005155 2077.54 0.040248 164734 -0.305728 0.268829
0.007565 339.274 0.23134 164734 -0.00219813 1.68225
0.005165 2080.93 0.0398099 164734 -0.303401 0.268389
0.005175 2084.45 0.0393616 164734 -0.300909 0.267933
0.005185 2088.12 0.0389023 164734 -0.298322 0.267461
0.007575 339.15 0.231362 164734 -0.00200525 1.68289
0.005195 2091.94 0.0384317 164734 -0.295749 0.266972
0.005205 2095.89 0.0379503 164734 -0.293324 0.266468
0.005215 2099.97 0.0374593 164734 -0.29119 0.26595
0.005225 2104.15 0.0369613 164734 -0.289102 0.265422
0.007585 339.038 0.231382 164734 -0.00181294 1.68347
0.005235 2107.99 0.0364915 164704 -0.305856 0.264892
0.005245 2102.61 0.0369529 164734 -0.322358 0.265616
0.005255 2096.92 0.0374392 164734 -0.320276 0.266337
0.005265 2091.29 0.037923 164734 -0.319223 0.267054
0.007595 338.936 0.231399 164734 -0.00162107 1.68399
0.005275 2085.69 0.038407 164734 -0.318535 0.267771
0.005285 2080.1 0.038893 164734 -0.31807 0.268491
0.005295 2074.51 0.0393819 164734 -0.317681 0.269213
0.007605 338.847 0.231415 164734 -0.00142958 1.68445
0.005305 2068.93 0.0398738 164734 -0.31724 0.269939
0.005315 2063.36 0.0403678 164734 -0.316649 0.270668
5e-06 2024.65 0.0641831 164734 -0.446244 0.277159
0.005325 2057.82 0.040863 164734 -0.31585 0.271397
0.005335 2052.3 0.0413579 164734 -0.314826 0.272126
0.007615 338.768 0.231428 164734 -0.00123842 1.68485
1.5e-05 2024.64 0.0641838 164734 -0.446247 0.27716
0.005345 2046.84 0.0418512 164734 -0.313585 0.272853
2.5e-05 2024.62 0.0641852 164734 -0.446248 0.277162
0.005355 2041.45 0.0423416 164734 -0.31216 0.273575
3.5e-05 2024.6 0.0641872 164734 -0.446246 0.277165
0.005365 2036.12 0.0428282 164734 -0.310588 0.274291
4.5e-05 2024.56 0.06419 164734 -0.446242 0.27717
0.005375 2030.88 0.0433103 164734 -0.30891 0.275
0.007625 338.701 0.23144 164734 -0.00104758 1.68519
5.5e-05 2024.52 0.0641934 164734 -0.446234 0.277175
0.005385 2025.73 0.0437874 164734 -0.30716 0.275701
6.5e-05 2024.47 0.0641975 164734 -0.446224 0.277182
0.005395 2020.66 0.044259 164734 -0.305365 0.276393
7.5e-05 2024.42 0.0642022 164734 -0.446211 0.277189
0.005405 2015.7 0.044725 164734 -0.303542 0.277076
8.5e-05 2024.35 0.0642076 164734 -0.446196 0.277198
0.005415 2010.82 0.0451853 164734 -0.301705 0.27775
0.007635 338.646 0.23145 164734 -0.000857062 1.68548
0.004805 2006.76 0.0522145 164734 -0.349149 0.278449
9.5e-05 2024.28 0.0642136 164734 -0.446179 0.277207
0.005425 2006.05 0.0456396 164734 -0.299858 0.278413
0.000105 2024.2 0.0642202 164734 -0.446162 0.277217
0.005435 2001.38 0.046088 164734 -0.298006 0.279065
0.000115 2024.12 0.0642274 164734 -0.446146 0.277229
0.007645 338.601 0.231457 164734 -0.000666935 1.68571
0.000125 2024.02 0.0642352 164734 -0.446131 0.277241
0.004815 2007.78 0.0519507 164734 -0.348286 0.278302
0.007655 338.568 0.231463 164734 -0.000477254 1.68588
0.000135 2023.92 0.0642436 164734 -0.446119 0.277254
0.004485 1980.7 0.0586957 164734 -0.3668 0.282322
0.004825 2008.84 0.0516826 164734 -0.347401 0.278149
0.007665 338.545 0.231467 164734 -0.000290977 1.686
0.000145 2023.82 0.0642525 164734 -0.446113 0.277269
0.004835 2009.96 0.0514102 164734 -0.346494 0.277989
0.004495 1981.68 0.0585427 164734 -0.366403 0.282175
0.007675 338.534 0.231469 164734 -9.51206e-05 1.68606
0.000155 2023.7 0.0642621 164734 -0.446111 0.277284
0.004845 2011.12 0.0511335 164734 -0.345564 0.277823
0.004505 1982.68 0.058387 164734 -0.365991 0.282026
0.000165 2023.58 0.0642722 164734 -0.446117 0.2773
0.001925 1884.46 0.0685342 164734 -0.421742 0.2975
0.000175 2023.44 0.0642828 164734 -0.446126 0.277318
0.002245 1877.24 0.0688124 164734 -0.415475 0.298592
0.001935 1883.77 0.0685482 164734 -0.42147 0.297607
0.000185 2023.28 0.0642939 164732 -0.446078 0.277337
0.002565 1875.73 0.0686986 164734 -0.408483 0.298785
0.000195 2022.71 0.0643056 164734 -0.446082 0.277417
0.001945 1883.11 0.0685619 164735 -0.421214 0.297712
0.002885 1882.4 0.0681746 164734 -0.401795 0.297683
0.000205 2022.12 0.0643178 164734 -0.446033 0.277497
0.002575 1875.76 0.0686883 164734 -0.408273 0.298779
0.001955 1882.84 0.0685753 164734 -0.421085 0.29775
0.002255 1877.12 0.068815 164734 -0.415139 0.29861
0.004165 1955.28 0.0624011 164734 -0.376442 0.286205
0.000215 2021.52 0.0643306 164734 -0.44599 0.277578
0.002585 1875.8 0.0686777 164734 -0.408064 0.298772
0.001965 1882.6 0.0685883 164734 -0.420923 0.297788
0.002895 1882.79 0.068152 164734 -0.401589 0.297621
0.002265 1877 0.0688172 164734 -0.414874 0.298627
0.005445 1996.8 0.0465305 164734 -0.296149 0.279708
0.000225 2020.92 0.0643438 164734 -0.445955 0.27766
0.004175 1955.94 0.0623137 164734 -0.376201 0.286102
0.001975 1882.35 0.0686011 164734 -0.420749 0.297825
0.002595 1875.84 0.0686666 164734 -0.407856 0.298765
0.002905 1883.18 0.068129 164734 -0.401383 0.297558
0.002275 1876.89 0.0688191 164734 -0.414649 0.298643
0.000235 2020.31 0.0643576 164734 -0.445928 0.277743
0.004185 1956.61 0.0622248 164734 -0.375958 0.285999
0.005455 1992.33 0.0469668 164734 -0.294287 0.280339
0.001985 1882.1 0.0686135 164734 -0.420571 0.297863
0.002915 1883.57 0.0681057 164734 -0.401177 0.297495
0.002605 1875.88 0.0686551 164734 -0.407649 0.298757
0.002285 1876.79 0.0688205 164734 -0.41444 0.298659
0.000245 2019.7 0.0643718 164734 -0.445906 0.277827
0.005465 1987.95 0.047397 164734 -0.292419 0.280959
0.001995 1881.86 0.0686256 164734 -0.420392 0.297899
0.004195 1957.28 0.0621344 164734 -0.375712 0.285894
0.002925 1883.97 0.0680821 164734 -0.400971 0.297431
0.002615 1875.93 0.0686433 164734 -0.407444 0.298748
0.002295 1876.68 0.0688216 164734 -0.414233 0.298674
0.000255 2019.07 0.0643865 164734 -0.445888 0.277912
0.005475 1983.68 0.0478209 164734 -0.290547 0.281567
0.002005 1881.62 0.0686373 164734 -0.420219 0.297935
0.002935 1884.37 0.0680581 164734 -0.400766 0.297366
0.004205 1957.96 0.0620425 164734 -0.375463 0.285788
0.002625 1875.98 0.068631 164734 -0.407243 0.298738
0.000265 2018.44 0.0644016 164734 -0.445871 0.277998
0.002305 1876.59 0.0688223 164734 -0.414022 0.298688
0.005485 1979.51 0.0482386 164734 -0.288668 0.282163
0.001605 1908.62 0.067934 164734 -0.428199 0.293787
0.002015 1881.39 0.0686487 164734 -0.420061 0.297971
0.002945 1884.77 0.0680337 164734 -0.40056 0.297301
0.004215 1958.65 0.061949 164734 -0.37521 0.285682
0.002635 1876.03 0.0686183 164734 -0.407045 0.298728
0.000275 2017.8 0.0644172 164734 -0.445854 0.278085
0.002315 1876.49 0.0688225 164734 -0.413806 0.298701
0.005495 1975.44 0.04865 164734 -0.286786 0.282748
0.002025 1881.16 0.0686598 164734 -0.419937 0.298006
0.001615 1907.81 0.0679567 164734 -0.428001 0.29391
0.002955 1885.18 0.068009 164734 -0.400354 0.297235
0.004225 1959.34 0.061854 164734 -0.374954 0.285574
0.002645 1876.09 0.0686052 164734 -0.406851 0.298717
0.000285 2017.16 0.0644333 164734 -0.445836 0.278173
0.002325 1876.41 0.0688224 164734 -0.413586 0.298713
0.005505 1971.48 0.0490549 164734 -0.284899 0.28332
0.002035 1880.93 0.0686705 164734 -0.419868 0.29804
0.002965 1885.6 0.067984 164734 -0.400149 0.297168
0.001625 1907.01 0.0679791 164734 -0.427803 0.294032
0.004235 1960.05 0.0617573 164734 -0.374694 0.285465
0.002655 1876.15 0.0685917 164734 -0.40666 0.298706
0.000295 2016.51 0.0644498 164734 -0.445815 0.278262
0.002335 1876.32 0.0688219 164734 -0.413364 0.298725
0.005515 1967.63 0.0494533 164734 -0.283011 0.283879
0.002045 1880.71 0.0686809 164734 -0.419881 0.298074
0.002975 1886.01 0.0679586 164734 -0.399943 0.297101
0.001635 1906.2 0.0680014 164734 -0.427605 0.294154
0.004245 1960.76 0.0616589 164734 -0.374431 0.285356
0.002665 1876.22 0.0685779 164734 -0.406472 0.298694
0.000305 2015.85 0.0644668 164734 -0.445791 0.278352
0.002345 1876.25 0.068821 164734 -0.413144 0.298736
0.005525 1963.88 0.0498452 164734 -0.281124 0.284426
0.002055 1880.49 0.0686909 164734 -0.42 0.298108
0.002985 1886.44 0.067933 164734 -0.399737 0.297033
0.001645 1905.4 0.0680234 164734 -0.427407 0.294276
0.004255 1961.47 0.0615588 164734 -0.374164 0.285245
0.002675 1876.28 0.0685636 164734 -0.406283 0.298682
0.002355 1876.17 0.0688197 164734 -0.412924 0.298746
0.000315 2015.18 0.0644841 164734 -0.445764 0.278443
0.005535 1960.24 0.0502305 164734 -0.279241 0.284959
0.002065 1880.27 0.0687006 164734 -0.420247 0.29814
0.002995 1886.86 0.0679069 164734 -0.39953 0.296965
0.001655 1904.61 0.0680452 164734 -0.427208 0.294397
0.004265 1962.2 0.061457 164734 -0.373893 0.285133
0.002685 1876.35 0.0685489 164734 -0.406092 0.29867
0.002365 1876.11 0.0688179 164734 -0.412707 0.298755
0.005545 1956.7 0.0506092 164734 -0.277365 0.285479
0.000325 2014.51 0.0645019 164734 -0.445732 0.278535
0.005555 1953.27 0.0509813 164734 -0.275501 0.285986
0.003845 1934.07 0.0645999 164734 -0.383037 0.289511
0.000335 2013.83 0.0645201 164734 -0.445697 0.278628
0.005565 1949.94 0.0513469 164734 -0.273653 0.286479
0.003525 1914.29 0.0661119 164734 -0.389182 0.292613
0.003855 1934.74 0.0645446 164734 -0.382838 0.289406
0.005575 1946.72 0.051706 164734 -0.271828 0.286959
0.000345 2013.15 0.0645387 164734 -0.445657 0.278721
0.003865 1935.41 0.0644886 164734 -0.382639 0.289302
0.003535 1914.86 0.0660705 164734 -0.388999 0.292523
0.005585 1943.6 0.0520586 164734 -0.270029 0.287426
0.000355 2012.46 0.0645577 164734 -0.445614 0.278816
0.000645 1990.56 0.0652431 164734 -0.443703 0.281845
0.003875 1936.09 0.0644319 164734 -0.38244 0.289196
0.003545 1915.44 0.0660289 164734 -0.388816 0.292432
0.005595 1940.59 0.052405 164734 -0.268264 0.287879
0.000365 2011.76 0.064577 164734 -0.445567 0.278911
0.003205 1896.74 0.067289 164734 -0.395246 0.295387
0.003885 1936.76 0.0643746 164734 -0.382241 0.289091
0.000655 1989.76 0.0652703 164734 -0.443535 0.281957
0.003555 1916.02 0.0659869 164734 -0.388634 0.292341
0.005605 1937.67 0.0527453 164734 -0.266539 0.288318
0.000375 2011.06 0.0645967 164734 -0.445517 0.279008
0.003895 1937.45 0.0643165 164734 -0.382042 0.288985
0.003215 1897.25 0.0672564 164734 -0.395047 0.295306
0.005615 1934.86 0.0530796 164734 -0.264859 0.288745
0.000665 1988.96 0.0652977 164734 -0.443374 0.282069
0.000385 2010.35 0.0646168 164734 -0.445464 0.279104
0.003565 1916.6 0.0659446 164734 -0.388452 0.29225
0.003905 1938.13 0.0642577 164734 -0.381843 0.288878
0.003225 1897.77 0.0672235 164734 -0.394849 0.295224
0.005625 1932.13 0.0534082 164734 -0.263231 0.289159
0.000675 1988.16 0.0653252 164734 -0.44322 0.282181
0.000395 2009.64 0.0646373 164734 -0.445408 0.279202
0.003915 1938.82 0.0641982 164734 -0.381644 0.288771
0.003575 1917.18 0.065902 164734 -0.388269 0.292158
0.003235 1898.29 0.0671903 164734 -0.394651 0.295141
0.005635 1929.5 0.0537314 164734 -0.261662 0.289561
0.000685 1987.35 0.0653529 164734 -0.443075 0.282294
0.000405 2008.92 0.0646581 164734 -0.44535 0.279301
0.003925 1939.51 0.0641379 164734 -0.381446 0.288663
0.003585 1917.77 0.0658591 164734 -0.388086 0.292065
0.003245 1898.81 0.0671569 164734 -0.394453 0.295058
0.005645 1926.96 0.0540494 164734 -0.260156 0.289951
0.000695 1986.55 0.0653807 164734 -0.442937 0.282407
0.000415 2008.2 0.0646792 164734 -0.445289 0.2794
0.001285 1936.17 0.0671094 164734 -0.434205 0.289659
0.003935 1940.2 0.0640769 164734 -0.381249 0.288555
0.003595 1918.36 0.0658158 164734 -0.387903 0.291972
0.003255 1899.34 0.0671232 164734 -0.394256 0.294974
0.005655 1924.5 0.0543626 164734 -0.25872 0.290329
0.000705 1985.74 0.0654087 164734 -0.442805 0.282521
0.000425 2007.47 0.0647007 164734 -0.445227 0.2795
0.003945 1940.9 0.064015 164734 -0.381053 0.288446
0.001295 1935.27 0.0671375 164734 -0.434031 0.289792
0.003605 1918.95 0.0657722 164734 -0.387718 0.291879
0.003265 1899.87 0.0670892 164734 -0.394058 0.29489
0.005665 1922.13 0.0546715 164734 -0.257358 0.290697
0.000715 1984.93 0.0654368 164734 -0.442678 0.282634
0.000435 2006.74 0.0647225 164734 -0.445164 0.2796
0.003955 1941.6 0.0639523 164734 -0.380858 0.288337
0.001305 1934.37 0.0671655 164734 -0.433857 0.289925
0.003615 1919.55 0.0657282 164734 -0.387533 0.291785
0.003275 1900.4 0.0670549 164734 -0.393862 0.294805
0.005675 1919.82 0.0549763 164734 -0.256075 0.291054
0.000725 1984.12 0.0654651 164734 -0.442552 0.282748
0.000445 2006.01 0.0647447 164734 -0.445101 0.279702
0.003965 1942.31 0.0638887 164734 -0.380665 0.288228
0.001315 1933.48 0.0671934 164734 -0.433681 0.290058
0.003625 1920.15 0.0656839 164734 -0.387348 0.291691
0.005685 1917.59 0.0552775 164734 -0.254876 0.291401
0.003285 1900.94 0.0670204 164734 -0.393666 0.29472
0.000735 1983.31 0.0654935 164734 -0.442427 0.282863
0.000455 2005.27 0.0647671 164734 -0.445041 0.279804
0.000965 1964.45 0.0661696 164734 -0.439279 0.285541
0.003975 1943.02 0.0638243 164734 -0.380474 0.288118
0.001325 1932.58 0.0672212 164734 -0.433504 0.290191
0.003635 1920.75 0.0656393 164734 -0.387161 0.291597
0.005695 1915.42 0.0555755 164734 -0.253762 0.29174
0.000465 2004.52 0.0647899 164734 -0.444983 0.279906
0.003295 1901.48 0.0669856 164734 -0.39347 0.294634
0.000745 1982.49 0.065522 164734 -0.442302 0.282977
0.003985 1943.73 0.063759 164734 -0.380286 0.288007
0.000975 1963.63 0.0661995 164734 -0.439136 0.285659
0.001335 1931.69 0.0672488 164734 -0.433325 0.290323
0.003645 1921.36 0.0655942 164734 -0.386972 0.291502
0.005705 1913.31 0.0558709 164734 -0.252768 0.292071
0.000475 2003.78 0.0648129 164734 -0.444932 0.280009
0.003305 1902.03 0.0669506 164734 -0.393276 0.294548
0.000755 1981.68 0.0655506 164734 -0.442175 0.283092
0.003995 1944.44 0.0636928 164734 -0.380099 0.287896
0.000985 1962.81 0.0662295 164734 -0.438993 0.285777
0.001345 1930.8 0.0672763 164734 -0.433146 0.290455
0.003655 1921.97 0.0655488 164734 -0.386783 0.291406
0.005715 1911.25 0.0561641 164734 -0.250819 0.292395
0.000485 2003.03 0.0648362 164734 -0.444887 0.280113
0.003315 1902.58 0.0669153 164734 -0.393082 0.294461
0.000765 1980.86 0.0655793 164734 -0.442047 0.283207
0.004005 1945.16 0.0636256 164734 -0.379914 0.287785
0.001355 1929.91 0.0673036 164734 -0.432966 0.290587
0.000995 1961.98 0.0662594 164734 -0.438849 0.285895
0.003665 1922.58 0.065503 164734 -0.386592 0.29131
0.005725 1908.61 0.0564977 164682 -0.275677 0.292717
0.003325 1903.13 0.0668797 164734 -0.392889 0.294374
0.000775 1980.05 0.0656082 164734 -0.441917 0.283322
0.000495 2002.27 0.0648598 164734 -0.444851 0.280218
0.004015 1945.88 0.0635575 164734 -0.379736 0.287673
0.001365 1929.02 0.0673309 164734 -0.432785 0.290719
0.001005 1961.16 0.0662893 164734 -0.438705 0.286014
0.003675 1923.19 0.0654568 164734 -0.386401 0.291214
0.005735 1888.54 0.058393 164735 -0.299193 0.295931
0.003335 1903.68 0.0668439 164734 -0.392697 0.294286
0.000785 1979.23 0.0656371 164734 -0.441785 0.283437
0.000505 2001.51 0.0648837 164734 -0.444824 0.280323
0.004025 1946.6 0.0634884 164733 -0.379518 0.287561
0.001375 1928.14 0.0673579 164734 -0.432603 0.290851
0.001015 1960.34 0.0663192 164734 -0.438561 0.286132
0.003685 1923.81 0.0654102 164734 -0.386208 0.291117
0.005745 1867.88 0.060327 164734 -0.294359 0.299214
0.003345 1904.24 0.0668078 164734 -0.392507 0.294198
0.000795 1978.41 0.0656662 164734 -0.441653 0.283553
0.000515 2000.75 0.0649079 164734 -0.444804 0.280428
0.004035 1947.19 0.0634183 164734 -0.379342 0.287469
0.001385 1927.26 0.0673849 164734 -0.43242 0.290982
0.001025 1959.52 0.0663491 164734 -0.438416 0.28625
0.003695 1924.43 0.0653631 164734 -0.386013 0.29102
0.005755 1847.27 0.0622573 164734 -0.290839 0.302564
0.000805 1977.59 0.0656953 164734 -0.441519 0.283669
0.003355 1904.8 0.0667714 164734 -0.392318 0.294109
0.000525 1999.98 0.0649323 164734 -0.444791 0.280534
0.004045 1947.78 0.0633471 164734 -0.379136 0.287376
0.001395 1926.38 0.0674116 164734 -0.432236 0.291113
0.007045 366.638 0.226046 164734 -0.0149367 1.55278
0.001405 1925.51 0.0674383 164734 -0.432051 0.291244
0.005765 1826.69 0.0641843 164734 -0.287383 0.305984
0.007055 365.44 0.226267 164734 -0.0145764 1.55801
0.001415 1924.63 0.0674648 164734 -0.431865 0.291374
0.006085 1167.58 0.125618 164735 -0.192256 0.479807
0.001425 1923.76 0.0674911 164734 -0.431678 0.291504
0.007065 364.281 0.22648 164734 -0.0142239 1.56311
0.005775 1806.15 0.0661087 164734 -0.284023 0.309476
0.006725 442.119 0.213521 164734 -0.034685 1.28222
0.001435 1922.9 0.0675172 164734 -0.431491 0.291634
0.007075 363.157 0.226687 164734 -0.0138788 1.56808
0.005785 1785.64 0.0680309 164734 -0.280754 0.313045
0.006405 676.657 0.180914 164735 -0.0936997 0.832225
0.006095 1146.75 0.127517 164736 -0.189017 0.488578
0.001445 1922.03 0.0675432 164734 -0.431302 0.291763
0.006735 438.154 0.214139 164734 -0.0336492 1.29406
0.007085 362.069 0.226887 164734 -0.0135406 1.57293
0.005795 1765.14 0.0699515 164734 -0.277568 0.316693
0.004855 2012.33 0.0508525 164734 -0.344612 0.27765
0.006415 665.766 0.182338 164735 -0.0909188 0.846016
0.006105 1125.92 0.129412 164736 -0.1853 0.497678
0.001455 1921.17 0.067569 164734 -0.431113 0.291893
0.006745 434.303 0.214737 164734 -0.0326567 1.30576
0.007095 361.015 0.227081 164734 -0.013209 1.57765
0.005805 1744.67 0.0718708 164734 -0.274459 0.320425
0.004865 2013.59 0.050567 164734 -0.343638 0.277471
0.006425 655.073 0.183736 164735 -0.0882033 0.860006
0.006115 1105.17 0.131301 164743 -0.181551 0.507105
0.001465 1920.31 0.0675947 164734 -0.430923 0.292022
0.007105 359.993 0.227268 164734 -0.0128843 1.58225
0.006755 430.565 0.215316 164734 -0.0317051 1.31732
0.005815 1724.2 0.0737894 164734 -0.271419 0.324244
0.004875 2014.91 0.0502771 164734 -0.342642 0.277285
0.006435 644.576 0.185108 164735 -0.0855669 0.874197
0.006125 1088.33 0.133205 164735 -0.179491 0.514987
0.001475 1919.45 0.0676202 164734 -0.430733 0.29215
0.007115 359.004 0.22745 164734 -0.012567 1.58674
0.006765 426.933 0.215877 164734 -0.0307922 1.32875
0.005825 1703.74 0.0757075 164734 -0.268437 0.328155
0.004885 2016.28 0.0499827 164734 -0.341624 0.277091
0.006445 634.27 0.186455 164735 -0.0830189 0.888591
0.001485 1918.6 0.0676455 164734 -0.430541 0.292278
0.006135 1071.62 0.1351 164735 -0.176483 0.523085
0.007125 358.094 0.227625 164734 -0.0122591 1.5909
0.006775 423.406 0.21642 164734 -0.029905 1.34005
0.005835 1683.28 0.0776256 164735 -0.265504 0.33216
0.004895 2017.7 0.0496838 164734 -0.340583 0.276891
0.006455 624.148 0.187776 164735 -0.0805652 0.903195
0.001495 1917.75 0.0676706 164734 -0.430349 0.292406
0.007135 357.213 0.227795 164734 -0.0119526 1.59494
0.006145 1054.98 0.136984 164735 -0.173406 0.531403
0.006785 419.982 0.216946 164734 -0.0290463 1.3512
0.004515 1983.69 0.0582285 164734 -0.365565 0.281875
0.005845 1662.82 0.0795439 164735 -0.262609 0.336266
0.004905 2019.18 0.0493803 164734 -0.339521 0.276683
0.006465 614.204 0.189071 164735 -0.0782083 0.918016
0.001505 1916.91 0.0676955 164734 -0.430156 0.292534
0.007145 356.362 0.227959 164734 -0.0116389 1.59886
0.006155 1038.43 0.138858 164735 -0.17024 0.539944
0.006795 416.943 0.217455 164734 -0.0282713 1.36126
0.005855 1642.35 0.0814627 164735 -0.259744 0.340476
0.004525 1984.73 0.0580673 164734 -0.365123 0.281722
0.001515 1916.06 0.0677203 164734 -0.429963 0.292661
0.004915 2020.72 0.0490722 164734 -0.338437 0.276468
0.007155 355.539 0.228118 164734 -0.0113101 1.60268
0.006475 604.429 0.19034 164735 -0.0759461 0.933064
0.006165 1021.98 0.140721 164735 -0.167004 0.548711
0.005865 1621.87 0.0833821 164735 -0.256899 0.344794
0.006805 413.998 0.217948 164734 -0.0275044 1.37115
0.004535 1985.78 0.0579031 164734 -0.364667 0.281566
0.001525 1915.22 0.0677448 164734 -0.429769 0.292787
0.004925 2022.31 0.0487595 164734 -0.337331 0.276245
0.007165 354.745 0.228271 164734 -0.0109684 1.60638
0.006485 594.816 0.191583 164735 -0.0737667 0.948349
0.006175 1005.63 0.142572 164735 -0.163712 0.557709
0.005875 1601.38 0.0853024 164735 -0.254067 0.349226
0.006815 411.144 0.218424 164734 -0.0267636 1.38089
0.004545 1986.85 0.0577361 164734 -0.364199 0.281407
0.001535 1914.39 0.0677692 164734 -0.429574 0.292914
0.004935 2023.97 0.0484421 164734 -0.336205 0.276014
0.007175 353.977 0.228419 164734 -0.0106387 1.60997
0.006495 585.36 0.192799 164735 -0.0716539 0.963879
0.006185 989.394 0.144412 164735 -0.160373 0.566942
0.005885 1580.87 0.0872235 164735 -0.251242 0.353776
0.006825 408.376 0.218886 164734 -0.0260482 1.39045
0.004555 1987.94 0.0575661 164734 -0.363726 0.281246
0.001545 1913.55 0.0677933 164734 -0.429379 0.29304
0.004945 2025.69 0.04812 164734 -0.335058 0.275776
0.007185 353.236 0.228563 164734 -0.0103744 1.61346
0.006505 576.058 0.193988 164735 -0.0694833 0.979658
0.005895 1560.36 0.0891455 164735 -0.248421 0.358451
0.006195 973.275 0.14624 164735 -0.157025 0.576415
0.006835 405.692 0.219333 164734 -0.0253574 1.39986
0.004275 1962.93 0.0613533 164734 -0.373619 0.28502
0.001555 1912.72 0.0678173 164734 -0.429183 0.293165
0.004565 1989.05 0.0573931 164734 -0.363253 0.281082
0.004955 2027.47 0.0477931 164734 -0.333891 0.275529
0.007195 352.521 0.228701 164734 -0.0102465 1.61683
0.006515 566.927 0.195151 164736 -0.0672343 0.995663
0.005905 1539.82 0.0910683 164735 -0.245598 0.363254
0.006205 957.278 0.148054 164735 -0.153678 0.586135
0.006845 403.09 0.219765 164734 -0.0246903 1.4091
0.004285 1963.68 0.0612479 164734 -0.37334 0.284906
0.001565 1911.9 0.0678411 164734 -0.428987 0.29329
0.004575 1990.18 0.0572171 164734 -0.36279 0.280916
0.004965 2029.31 0.0474615 164734 -0.332705 0.275275
0.007205 351.831 0.228835 164734 -0.010314 1.6201
0.006525 559.103 0.196287 164735 -0.0655484 1.00981
0.005915 1519.27 0.092992 164735 -0.242771 0.368191
0.006855 400.565 0.220184 164734 -0.0240457 1.41818
0.006215 941.405 0.149856 164735 -0.150345 0.596108
0.004295 1964.43 0.0611406 164734 -0.373058 0.28479
0.001575 1911.07 0.0678646 164734 -0.428791 0.293415
0.004585 1991.33 0.0570379 164734 -0.362343 0.280747
0.004975 2031.22 0.0471252 164734 -0.3315 0.275012
0.007215 351.166 0.228964 164734 -0.0105843 1.62327
0.006535 551.461 0.197395 164735 -0.0635777 1.02402
0.005925 1498.71 0.0949164 164735 -0.239938 0.373269
0.006865 398.117 0.220589 164734 -0.0234225 1.4271
0.006225 925.658 0.151644 164735 -0.147036 0.606343
0.004305 1965.19 0.0610314 164734 -0.372771 0.284673
0.004595 1992.49 0.0568557 164734 -0.361958 0.280576
0.001585 1910.25 0.067888 164734 -0.428594 0.293539
0.004985 2033.19 0.046784 164734 -0.330279 0.274741
0.007225 350.525 0.229089 164733 -0.0109878 1.62633
0.006545 544.002 0.198475 164735 -0.0615967 1.03829
0.005935 1478.13 0.0968413 164735 -0.237093 0.378492
0.006875 395.741 0.220982 164734 -0.0228195 1.43586
0.006235 910.036 0.153418 164735 -0.143761 0.616849
0.004315 1965.96 0.0609202 164734 -0.37248 0.284555
0.001595 1909.44 0.0679111 164734 -0.428397 0.293663
0.004605 1993.64 0.0566708 164731 -0.361499 0.280404
0.004995 2035.23 0.0464381 164734 -0.329042 0.274462
0.007235 349.915 0.229209 164733 -0.0113757 1.62925
0.006555 536.733 0.199528 164735 -0.0596174 1.05258
0.002075 1880.06 0.0687099 164734 -0.420627 0.298172
0.006565 529.657 0.200553 164735 -0.0576709 1.06687
0.001665 1903.82 0.0680667 164734 -0.42701 0.294518
0.002085 1879.86 0.0687189 164734 -0.421127 0.298203
0.006575 522.772 0.201552 164735 -0.055779 1.08116
0.003005 1887.29 0.0678806 164734 -0.399322 0.296895
0.002095 1879.66 0.0687275 164734 -0.421708 0.298234
0.001675 1903.03 0.068088 164734 -0.426811 0.294639
0.006585 516.073 0.202523 164735 -0.0539555 1.09543
0.003015 1887.73 0.0678539 164734 -0.399113 0.296826
0.002105 1879.47 0.0687357 164735 -0.422308 0.298263
0.001685 1902.24 0.0681091 164734 -0.426613 0.294759
0.006595 509.556 0.203468 164734 -0.0522053 1.10967
0.003025 1888.17 0.0678269 164734 -0.398902 0.296755
0.002115 1879.28 0.0687436 164735 -0.422846 0.298292
0.001695 1901.46 0.0681299 164734 -0.426415 0.294878
0.006605 503.214 0.204387 164734 -0.0505291 1.12389
0.003035 1888.61 0.0677996 164734 -0.39869 0.296684
0.002125 1879.09 0.0687511 164735 -0.423232 0.29832
0.001705 1900.68 0.0681505 164734 -0.426217 0.294997
0.003045 1889.06 0.067772 164734 -0.398477 0.296613
0.006615 497.041 0.20528 164734 -0.0489169 1.13809
0.002135 1878.91 0.0687583 164735 -0.423388 0.298347
0.001715 1899.91 0.0681708 164734 -0.426019 0.295116
0.003055 1889.51 0.067744 164734 -0.398263 0.29654
0.006625 491.033 0.206147 164734 -0.0474398 1.15225
0.002145 1878.73 0.0687651 164735 -0.42326 0.298374
0.001725 1899.14 0.0681909 164734 -0.425821 0.295234
0.002695 1876.43 0.0685338 164734 -0.405893 0.298657
0.003065 1889.96 0.0677158 164734 -0.39805 0.296468
0.006635 485.186 0.20699 164734 -0.0457626 1.16638
0.002155 1878.56 0.0687715 164735 -0.422831 0.298399
0.001735 1898.37 0.0682107 164734 -0.425624 0.295352
0.003075 1890.42 0.0676872 164734 -0.397838 0.296394
0.002705 1876.51 0.0685184 164734 -0.40568 0.298643
0.006645 479.494 0.207808 164734 -0.0445271 1.18046
0.002165 1878.4 0.0687776 164735 -0.422127 0.298424
0.001745 1897.6 0.0682302 164734 -0.425427 0.295469
0.003085 1890.88 0.0676584 164734 -0.397629 0.29632
0.002375 1876.04 0.0688158 164734 -0.412491 0.298764
0.002715 1876.6 0.0685026 164734 -0.40544 0.298628
0.006655 473.954 0.208602 164734 -0.0430535 1.1945
0.002175 1878.24 0.0687832 164735 -0.421212 0.298448
0.003705 1925.05 0.0653157 164734 -0.385818 0.290922
0.003095 1891.35 0.0676292 164734 -0.397421 0.296246
0.001755 1896.84 0.0682495 164734 -0.425231 0.295586
0.006665 468.566 0.209372 164735 -0.0416753 1.20848
0.002725 1876.89 0.0684863 164734 -0.405264 0.298579
0.002185 1878.08 0.0687885 164735 -0.420175 0.29847
0.002385 1875.98 0.0688133 164734 -0.412277 0.298772
0.001765 1896.09 0.0682685 164734 -0.425035 0.295702
0.003105 1891.82 0.0675997 164734 -0.397217 0.29617
0.003715 1925.67 0.0652678 164734 -0.385622 0.290824
0.006675 463.82 0.21012 164734 -0.0404762 1.22108
0.002195 1877.93 0.0687935 164734 -0.419113 0.298493
0.002735 1877.19 0.0684697 164734 -0.405062 0.298529
0.001035 1958.7 0.066379 164734 -0.438271 0.286369
0.001775 1895.33 0.0682873 164734 -0.424839 0.295818
0.002395 1875.93 0.0688104 164734 -0.412063 0.298779
0.003115 1892.3 0.06757 164734 -0.397016 0.296095
0.003725 1926.3 0.0652195 164734 -0.385425 0.290726
0.006685 459.217 0.210844 164734 -0.0392469 1.23356
0.002205 1877.78 0.068798 164734 -0.418108 0.298514
0.002745 1877.5 0.0684526 164734 -0.404842 0.298479
0.001785 1894.58 0.0683057 164734 -0.424644 0.295934
0.001045 1957.88 0.0664089 164734 -0.438124 0.286487
0.003125 1892.77 0.0675399 164734 -0.396817 0.296018
0.002405 1875.88 0.068807 164734 -0.411851 0.298785
0.006695 454.749 0.211545 164734 -0.0380501 1.24592
0.003735 1926.93 0.0651707 164734 -0.385227 0.290627
0.002215 1877.64 0.0688022 164734 -0.417224 0.298535
0.002755 1877.82 0.0684352 164734 -0.404613 0.298427
0.001795 1893.83 0.0683239 164734 -0.424449 0.296049
0.003135 1893.26 0.0675095 164734 -0.396621 0.295941
0.001055 1957.06 0.0664387 164734 -0.437977 0.286606
0.002415 1875.84 0.0688033 164734 -0.411639 0.29879
0.006705 450.413 0.212225 164734 -0.0368877 1.25815
0.003745 1927.57 0.0651214 164734 -0.385029 0.290528
0.002225 1877.5 0.068806 164734 -0.416492 0.298555
0.002765 1878.14 0.0684174 164734 -0.40438 0.298375
0.001805 1893.09 0.0683419 164734 -0.424253 0.296164
0.003145 1893.74 0.0674789 164734 -0.396425 0.295864
0.001065 1956.24 0.0664685 164734 -0.437824 0.286724
0.006715 446.204 0.212884 164734 -0.035765 1.27025
0.002425 1875.8 0.0687992 164734 -0.411427 0.298795
0.002235 1877.37 0.0688094 164734 -0.415915 0.298574
0.003755 1928.21 0.0650717 164734 -0.38483 0.290428
0.002775 1878.47 0.0683992 164734 -0.404146 0.298322
0.003365 1905.37 0.0667348 164734 -0.392131 0.29402
0.000815 1976.77 0.0657245 164734 -0.441384 0.283785
0.002785 1878.8 0.0683807 164734 -0.403915 0.298268
0.004055 1948.38 0.0632749 164734 -0.378923 0.287282
0.003375 1905.94 0.0666979 164734 -0.391946 0.293931
0.002795 1879.14 0.0683617 164734 -0.403688 0.298212
0.000535 1999.21 0.064957 164734 -0.44478 0.280641
0.000825 1975.96 0.0657538 164734 -0.441248 0.283901
0.004065 1948.98 0.0632015 164734 -0.378708 0.287188
0.003385 1906.51 0.0666607 164734 -0.391763 0.293841
0.005945 1457.53 0.0987666 164735 -0.234233 0.383868
0.002805 1879.48 0.0683424 164734 -0.403466 0.298157
0.000545 1998.44 0.0649819 164734 -0.444765 0.280748
0.006885 393.436 0.221362 164734 -0.0222358 1.44447
0.000835 1975.13 0.0657832 164734 -0.441111 0.284017
0.004075 1949.59 0.063127 164734 -0.378491 0.287093
0.003395 1907.08 0.0666233 164734 -0.391581 0.29375
0.002815 1879.83 0.0683227 164734 -0.403249 0.2981
0.005955 1436.92 0.100692 164735 -0.231355 0.389404
0.004615 1994.08 0.0564822 164734 -0.361021 0.280339
0.000555 1997.66 0.065007 164734 -0.444743 0.280856
0.000845 1974.31 0.0658126 164734 -0.440974 0.284134
0.006895 391.199 0.22173 164734 -0.0216671 1.45292
0.004085 1950.2 0.0630514 164734 -0.378272 0.286998
0.006245 894.54 0.155178 164735 -0.140527 0.627636
0.003405 1907.65 0.0665856 164733 -0.391369 0.29366
0.002825 1880.19 0.0683027 164734 -0.403036 0.298042
0.005965 1416.29 0.102618 164735 -0.228455 0.395105
0.004625 1994.51 0.0562902 164734 -0.360534 0.280272
0.000565 1996.88 0.0650324 164734 -0.444705 0.280964
0.000855 1973.49 0.0658421 164734 -0.440835 0.28425
0.006905 389.029 0.222087 164734 -0.021115 1.46121
0.004095 1950.81 0.0629745 164734 -0.378051 0.286901
0.004325 1966.74 0.0608071 164734 -0.372185 0.284436
0.002835 1880.54 0.0682822 164734 -0.402826 0.297984
0.003415 1908.19 0.0665477 164734 -0.391216 0.293575
0.005975 1395.65 0.104543 164735 -0.225534 0.400979
0.006255 879.168 0.156922 164736 -0.13734 0.638716
0.005005 2037.34 0.0460874 164734 -0.327791 0.274175
0.004635 1994.97 0.0560949 164734 -0.360052 0.280201
0.000575 1996.1 0.065058 164734 -0.444649 0.281073
0.000865 1972.67 0.0658717 164734 -0.440696 0.284367
0.007245 349.329 0.229326 164732 -0.011577 1.63208
0.006915 387.064 0.222432 164734 -0.0205956 1.4688
0.004105 1951.43 0.0628965 164734 -0.377828 0.286804
0.003425 1908.73 0.0665094 164734 -0.391034 0.29349
0.002845 1880.91 0.0682614 164734 -0.402619 0.297925
0.004335 1967.52 0.060692 164734 -0.371886 0.284315
0.005985 1375 0.106467 164735 -0.222591 0.407036
0.006265 863.917 0.158651 164736 -0.134205 0.6501
0.004645 1995.44 0.0558962 164734 -0.359578 0.280128
0.005015 2039.51 0.0457319 164734 -0.326527 0.273879
0.000585 1995.32 0.0650839 164734 -0.44457 0.281182
0.000875 1971.85 0.0659013 164734 -0.440557 0.284484
0.007255 348.765 0.229438 164732 -0.011454 1.63481
0.006925 385.161 0.222767 164734 -0.0200857 1.47624
0.004115 1952.06 0.0628172 164734 -0.377602 0.286706
0.003435 1909.27 0.0664709 164734 -0.390847 0.293404
0.002855 1881.27 0.0682403 164734 -0.402412 0.297866
0.005995 1354.33 0.108391 164735 -0.219629 0.413282
0.004345 1968.32 0.0605748 164734 -0.371582 0.284193
0.006275 848.786 0.160363 164736 -0.131126 0.661803
0.004655 1995.94 0.055694 164734 -0.359102 0.280051
0.005025 2041.75 0.0453716 164734 -0.325252 0.273574
0.000595 1994.53 0.0651099 164734 -0.444468 0.281291
0.000885 1971.03 0.065931 164734 -0.440416 0.284601
0.007265 348.222 0.229546 164733 -0.0109642 1.63744
0.004125 1952.69 0.0627367 164734 -0.377375 0.286608
0.006935 383.317 0.22309 164734 -0.0195892 1.48352
0.003445 1909.82 0.0664322 164734 -0.390661 0.293318
0.002865 1881.65 0.0682187 164734 -0.402206 0.297806
0.006005 1333.65 0.110313 164735 -0.216651 0.419727
0.004355 1969.13 0.0604556 164734 -0.371273 0.28407
0.006285 833.77 0.16206 164736 -0.128103 0.67384
0.004665 1996.46 0.0554883 164734 -0.358618 0.279972
0.005035 2044.07 0.0450066 164734 -0.323968 0.273262
0.000605 1993.74 0.0651362 164734 -0.444343 0.281401
0.000895 1970.21 0.0659607 164734 -0.440275 0.284718
0.007275 347.701 0.22965 164733 -0.0101781 1.63998
0.006945 381.531 0.223404 164734 -0.0191061 1.49064
0.004135 1953.33 0.0626548 164734 -0.377145 0.286508
0.003455 1910.36 0.0663931 164734 -0.390475 0.293232
0.002875 1882.02 0.0681968 164734 -0.402001 0.297745
0.006015 1312.95 0.112235 164735 -0.213662 0.426382
0.006295 818.867 0.163739 164736 -0.125133 0.686226
0.004365 1969.95 0.0603341 164734 -0.37096 0.283945
0.004675 1997 0.0552791 164734 -0.358118 0.27989
0.005045 2046.45 0.0446369 164734 -0.322676 0.272941
0.000615 1992.95 0.0651626 164734 -0.444199 0.281511
0.000905 1969.38 0.0659905 164734 -0.440134 0.284835
0.007285 347.201 0.22975 164733 -0.00925007 1.64243
0.006955 379.799 0.223708 164734 -0.0186362 1.4976
0.004145 1953.97 0.0625716 164734 -0.376913 0.286408
0.003465 1910.91 0.0663538 164734 -0.390288 0.293145
0.006025 1292.24 0.114154 164735 -0.210663 0.433256
0.006305 804.073 0.165401 164736 -0.122206 0.698977
0.004685 1997.56 0.0550663 164734 -0.357596 0.279805
0.004375 1970.78 0.0602106 164734 -0.370642 0.283818
0.005055 2048.9 0.0442626 164734 -0.321377 0.272611
0.000625 1992.16 0.0651893 164734 -0.44404 0.281622
0.000915 1968.56 0.0660202 164734 -0.439992 0.284953
0.007295 346.721 0.229847 164734 -0.00835503 1.64479
0.004155 1954.62 0.062487 164734 -0.376679 0.286307
0.006965 378.121 0.224002 164734 -0.0181789 1.50442
0.003475 1911.47 0.0663142 164734 -0.390103 0.293057
0.006035 1271.51 0.116071 164735 -0.207655 0.440361
0.006315 789.388 0.167045 164736 -0.119303 0.712111
0.001815 1892.35 0.0683595 164734 -0.424058 0.296278
0.003155 1894.23 0.0674479 164734 -0.396229 0.295786
0.006325 774.813 0.168671 164736 -0.116406 0.725643
0.001075 1955.41 0.0664983 164733 -0.437625 0.286843
0.001825 1891.61 0.0683769 164734 -0.423862 0.296392
0.006335 760.351 0.170278 164736 -0.113255 0.739585
0.003165 1894.73 0.0674167 164734 -0.396034 0.295707
0.001835 1890.88 0.0683939 164734 -0.423664 0.296505
0.001085 1954.49 0.066528 164734 -0.437498 0.286977
0.006345 746.045 0.171865 164739 -0.109784 0.753928
0.002435 1875.76 0.0687946 164734 -0.411216 0.298799
0.003175 1895.22 0.0673852 164734 -0.395838 0.295628
0.001845 1890.15 0.0684107 164734 -0.423465 0.296618
0.001095 1953.56 0.0665577 164734 -0.437332 0.287112
0.006355 734.026 0.173433 164735 -0.107896 0.766404
0.003185 1895.73 0.0673534 164734 -0.395641 0.295548
0.003765 1928.85 0.0650214 164734 -0.384631 0.290328
0.002445 1875.73 0.0687897 164734 -0.411006 0.298803
0.001855 1889.42 0.0684272 164734 -0.423264 0.29673
0.001105 1952.63 0.0665874 164734 -0.437164 0.287247
0.006365 722.187 0.174977 164735 -0.104942 0.779124
0.003195 1896.23 0.0673214 164734 -0.395443 0.295468
0.003775 1929.49 0.0649707 164734 -0.384431 0.290227
0.002455 1875.71 0.0687843 164734 -0.410795 0.298805
0.001865 1888.7 0.0684434 164734 -0.42306 0.296842
0.004695 1998.15 0.0548498 164734 -0.357046 0.279716
0.001875 1887.98 0.0684593 164734 -0.422853 0.296954
0.006975 376.494 0.224287 164734 -0.0177339 1.51108
0.001885 1887.27 0.0684749 164734 -0.422642 0.297064
0.004705 1998.76 0.0546296 164734 -0.356467 0.279624
0.005065 2051.42 0.0438836 164734 -0.32007 0.272273
0.006985 374.917 0.224563 164734 -0.0173009 1.5176
0.001895 1886.56 0.0684902 164734 -0.422425 0.297174
0.004715 1999.4 0.0544057 164734 -0.355858 0.279528
0.003485 1912.03 0.0662743 164734 -0.389917 0.292969
0.006995 373.388 0.224831 164734 -0.0168795 1.52397
0.005075 2054.01 0.0435001 164734 -0.318752 0.271927
0.001905 1885.85 0.0685051 164734 -0.422203 0.297284
0.004725 2000.07 0.054178 164734 -0.355218 0.279428
0.003495 1912.59 0.0662342 164734 -0.389733 0.292881
0.007005 371.906 0.225089 164734 -0.0164681 1.5302
0.001915 1885.15 0.0685198 164734 -0.421975 0.297392
0.005085 2056.67 0.0431121 164734 -0.317415 0.271573
0.004385 1971.62 0.0600848 164734 -0.37032 0.28369
0.000635 1991.36 0.0652161 164734 -0.443873 0.281733
0.000925 1967.74 0.0660501 164734 -0.43985 0.28507
0.007305 346.26 0.22994 164734 -0.00762524 1.64706
0.006045 1250.76 0.117987 164735 -0.204635 0.44771
0.000935 1966.92 0.0660799 164734 -0.439708 0.285188
0.007315 345.819 0.23003 164734 -0.0071144 1.64924
0.000945 1966.1 0.0661098 164734 -0.439565 0.285306
0.006055 1230 0.119899 164735 -0.201598 0.455315
0.006375 710.52 0.176497 164735 -0.102212 0.792075
0.007325 345.396 0.230116 164734 -0.00680085 1.65133
0.000955 1965.27 0.0661397 164734 -0.439422 0.285423
0.006065 1209.21 0.121809 164735 -0.198533 0.46319
0.007335 344.983 0.230199 164734 -0.00661878 1.65338
0.006385 699.038 0.177994 164735 -0.0993712 0.805249
0.001115 1951.71 0.066617 164734 -0.436999 0.287381
0.003785 1930.13 0.0649194 164734 -0.384232 0.290126
0.006395 687.749 0.179466 164735 -0.096526 0.818634
0.002465 1875.69 0.0687785 164734 -0.410585 0.298807
0.001125 1950.78 0.0666465 164734 -0.436836 0.287515
0.004735 2000.78 0.0539465 164734 -0.354548 0.279323
0.003505 1913.15 0.0661937 164734 -0.389549 0.292792
0.001135 1949.86 0.0666761 164734 -0.436674 0.28765
0.004745 2001.52 0.053711 164734 -0.353851 0.279214
0.003515 1913.72 0.0661529 164734 -0.389365 0.292703
0.001145 1948.94 0.0667055 164734 -0.436513 0.287784
0.005095 2059.4 0.0427194 164734 -0.316048 0.27121
0.007015 370.469 0.22534 164734 -0.0160673 1.53629
0.004395 1972.48 0.0599567 164734 -0.369992 0.283561
0.005105 2062.21 0.042322 164734 -0.314631 0.270839
0.006075 1188.4 0.123715 164735 -0.195425 0.471349
0.007025 369.151 0.225583 164734 -0.0156825 1.54192
0.005115 2065.09 0.0419195 164734 -0.313138 0.270458
0.004405 1973.34 0.0598263 164734 -0.369661 0.28343
0.007035 367.874 0.225818 164734 -0.0153054 1.54742
0.007345 344.587 0.230278 164734 -0.00649725 1.65535
0.003795 1930.78 0.0648676 164734 -0.384033 0.290025
0.007355 344.209 0.230354 164734 -0.00638657 1.65723
0.003805 1931.43 0.0648152 164734 -0.383833 0.289923
0.002475 1875.67 0.0687724 164734 -0.410375 0.298808
0.004755 2002.29 0.0534717 164734 -0.353127 0.279099
0.003815 1932.09 0.0647623 164734 -0.383634 0.28982
0.001155 1948.02 0.0667349 164734 -0.436353 0.287918
0.002485 1875.66 0.0687658 164734 -0.410165 0.298809
0.004765 2003.11 0.0532284 164734 -0.352378 0.27898
0.003825 1932.75 0.0647088 164734 -0.383435 0.289718
0.004415 1974.21 0.0596937 164734 -0.369324 0.283298
0.004775 2003.96 0.052981 164734 -0.351605 0.278856
0.002495 1875.65 0.0687588 164734 -0.409956 0.298808
0.001165 1947.1 0.0667642 164734 -0.436193 0.288052
0.003835 1933.41 0.0646547 164734 -0.383236 0.289614
0.004785 2004.85 0.0527297 164734 -0.350809 0.278726
0.001175 1946.19 0.0667934 164734 -0.436033 0.288187
0.004795 2005.78 0.0524742 164734 -0.34999 0.27859
0.001185 1945.27 0.0668226 164734 -0.435872 0.288321
0.004425 1975.1 0.0595586 164734 -0.368983 0.283163
0.002505 1875.65 0.0687515 164734 -0.409745 0.298807
0.001195 1944.35 0.0668517 164734 -0.435711 0.288455
0.004435 1976 0.0594211 164734 -0.368636 0.283028
0.001205 1943.44 0.0668807 164734 -0.435548 0.288589
0.002515 1875.65 0.0687437 164734 -0.409534 0.298805
0.004445 1976.92 0.0592811 164734 -0.368284 0.28289
0.001215 1942.53 0.0669096 164734 -0.435385 0.288723
0.002525 1875.66 0.0687355 164734 -0.409324 0.298803
0.001225 1941.61 0.0669385 164734 -0.43522 0.288857
0.004455 1977.84 0.0591386 164734 -0.367925 0.282751
0.002535 1875.67 0.0687269 164734 -0.409114 0.298799
0.001235 1940.7 0.0669672 164734 -0.435054 0.288991
0.004465 1978.78 0.0589936 164734 -0.36756 0.28261
0.002545 1875.69 0.0687178 164734 -0.408904 0.298795
0.001245 1939.79 0.0669959 164734 -0.434887 0.289125
0.004475 1979.73 0.0588459 164734 -0.367185 0.282467
0.002555 1875.71 0.0687084 164734 -0.408694 0.298791
0.001255 1938.89 0.0670244 164734 -0.434718 0.289258
0.001265 1937.98 0.0670529 164734 -0.434549 0.289392
0.001275 1937.08 0.0670812 164734 -0.434377 0.289525
