0.007365 348.351 0.228229 152981 -0.00526312 1.51864
0.007375 347.717 0.228353 152981 -0.00507353 1.52149
0.007385 347.108 0.228472 152981 -0.00488794 1.52425
0.007395 346.522 0.228586 152981 -0.00470635 1.52691
0.007405 345.959 0.228694 152981 -0.00452803 1.52948
0.007415 345.463 0.228798 152981 -0.00435458 1.53175
0.007425 344.989 0.228897 152981 -0.00418438 1.53393
0.007435 344.536 0.228991 152981 -0.00401623 1.53601
0.007445 344.103 0.22908 152981 -0.00384934 1.53801
0.007455 343.691 0.229165 152981 -0.00368238 1.53992
0.007465 343.297 0.229245 152981 -0.00351484 1.54175
0.007475 342.924 0.229322 152981 -0.0033484 1.54349
0.007485 342.568 0.229394 152981 -0.00318806 1.54515
0.007495 342.231 0.229461 152981 -0.00304183 1.54672
0.007505 341.912 0.229525 152981 -0.00291819 1.54821
0.007515 341.611 0.229585 152981 -0.00281847 1.54963
0.007525 341.354 0.229641 152981 -0.00273682 1.55084
0.007535 341.115 0.229693 152981 -0.00264315 1.55197
0.007545 340.892 0.229741 152981 -0.00249274 1.55302
0.007555 340.686 0.229786 152981 -0.00223213 1.55399
0.007565 340.496 0.229827 152981 -0.00181541 1.55489
0.007575 340.323 0.229864 152981 -0.00122463 1.55571
0.007585 340.165 0.229898 152980 -0.000485128 1.55646
0.007595 340.024 0.229929 152980 0.000331865 1.55712
0.007605 339.899 0.229955 152980 0.00112271 1.55772
0.007615 339.789 0.229979 152979 0.00177715 1.55823
0.007625 339.696 0.229999 152979 0.00220633 1.55868
0.007635 339.618 0.230016 152979 0.00236166 1.55905
0.007645 339.556 0.230029 152979 0.00223792 1.55935
0.007655 339.509 0.230039 152980 0.00186132 1.55957
0.007665 339.478 0.230046 152980 0.00128693 1.55972
0.007675 339.463 0.230049 152980 0.000468866 1.5598
0.004805 2099.15 0.043733 152982 -0.265836 0.247299
0.005445 2052.6 0.0406339 152982 -0.26467 0.252755
0.004485 2140.92 0.0438519 152982 -0.269038 0.242537
0.004815 2098.32 0.0437174 152982 -0.26561 0.247394
0.005455 2040.61 0.0414662 152982 -0.264379 0.254239
0.001925 1908.98 0.0610122 152982 -0.272064 0.272221
0.004825 2097.5 0.0437006 152982 -0.265375 0.247488
0.004495 2139.6 0.0438528 152982 -0.269075 0.242685
0.005465 2028.56 0.0422996 152982 -0.26432 0.255748
0.004835 2096.69 0.0436826 152982 -0.265129 0.247581
0.001935 1909.62 0.0609406 152982 -0.271757 0.272126
0.005475 2016.45 0.0431348 152982 -0.264371 0.257282
0.004505 2138.28 0.0438537 152982 -0.269104 0.242833
0.004845 2095.89 0.0436631 152982 -0.264874 0.247673
0.002245 1933.68 0.0584602 152982 -0.268023 0.268672
0.001945 1910.27 0.0608684 152982 -0.271514 0.272031
0.005485 2004.27 0.043972 152982 -0.264414 0.258843
0.004515 2136.95 0.0438546 152982 -0.269126 0.242982
0.004855 2095.11 0.0436423 152982 -0.264608 0.247764
0.001955 1910.92 0.0607957 152982 -0.271337 0.271936
0.002255 1934.63 0.0583723 152982 -0.267885 0.268537
0.005495 1992.03 0.0448109 152982 -0.264348 0.260432
0.004865 2094.33 0.0436201 152982 -0.264333 0.247853
0.004525 2135.61 0.0438555 152982 -0.26914 0.243132
0.001965 1911.58 0.0607224 152982 -0.27122 0.27184
0.005125 2080.16 0.0423387 152982 -0.253782 0.249477
0.002265 1935.59 0.058284 152982 -0.267746 0.268403
0.005505 1979.74 0.0456506 152982 -0.264095 0.262048
0.004875 2093.57 0.0435963 152982 -0.264047 0.247941
0.004535 2134.28 0.0438564 152982 -0.269146 0.243283
0.001975 1912.24 0.0606486 152982 -0.271154 0.271744
5e-06 1877.62 0.0666219 152983 -0.289638 0.277172
0.002275 1936.55 0.0581952 152982 -0.267608 0.268267
0.005135 2079.91 0.0422547 152982 -0.253268 0.249504
0.005515 1967.4 0.0464901 152982 -0.263609 0.26369
0.004885 2092.82 0.043571 152982 -0.263751 0.248027
0.004545 2132.93 0.0438572 152982 -0.269144 0.243434
0.001985 1912.91 0.0605743 152982 -0.271125 0.271646
0.002285 1937.52 0.058106 152982 -0.267469 0.268131
1.5e-05 1877.61 0.0666216 152983 -0.289623 0.277172
0.005525 1955.02 0.0473281 152982 -0.262871 0.265357
0.004895 2092.08 0.043544 152982 -0.263446 0.248112
0.004555 2131.59 0.0438579 152982 -0.269133 0.243586
0.004165 2167.26 0.0439901 152982 -0.264294 0.239632
0.005145 2079.69 0.0421675 152982 -0.252749 0.249528
0.001995 1913.58 0.0604995 152982 -0.271116 0.271549
0.005535 1942.64 0.0481635 152982 -0.261887 0.267048
0.002295 1938.49 0.0580164 152982 -0.267329 0.267995
0.004905 2091.36 0.0435154 152982 -0.26313 0.248196
2.5e-05 1877.61 0.0666211 152983 -0.289612 0.277173
0.004565 2130.24 0.0438585 152982 -0.269115 0.243739
0.004175 2167.87 0.0439776 152982 -0.264572 0.239563
0.005155 2079.49 0.0420772 152982 -0.252228 0.24955
0.002005 1914.25 0.0604241 152982 -0.271114 0.271451
0.005545 1930.25 0.0489949 152982 -0.260679 0.268761
0.004915 2090.65 0.0434851 152982 -0.262803 0.248277
0.002305 1939.47 0.0579263 152982 -0.267188 0.267859
3.5e-05 1877.6 0.0666204 152983 -0.289606 0.277174
0.004575 2128.89 0.0438589 152982 -0.269088 0.243892
0.004185 2168.47 0.0439658 152982 -0.264855 0.239497
0.002015 1914.93 0.0603481 152982 -0.271105 0.271352
0.005165 2079.32 0.0419837 152982 -0.251704 0.249568
0.005555 1917.87 0.0498213 152982 -0.259284 0.270495
0.004925 2089.96 0.043453 152982 -0.262467 0.248357
0.002315 1940.45 0.0578358 152982 -0.267046 0.267721
4.5e-05 1877.58 0.0666194 152983 -0.289609 0.277176
0.002565 1966.51 0.0554552 152982 -0.263374 0.264138
0.004585 2127.53 0.043859 152982 -0.269053 0.244045
0.004195 2169.04 0.0439547 152982 -0.265142 0.239432
0.002025 1915.61 0.0602717 152982 -0.27108 0.271253
0.005175 2079.18 0.0418869 152982 -0.251179 0.249583
0.005565 1905.51 0.0506418 152982 -0.257736 0.272249
0.004935 2089.29 0.043419 152982 -0.262121 0.248435
0.001605 1890.52 0.0630171 152982 -0.278948 0.274967
0.002325 1941.44 0.0577449 152982 -0.266904 0.267584
5.5e-05 1877.57 0.0666182 152983 -0.289622 0.277178
0.002575 1967.62 0.0553562 152982 -0.26323 0.263988
0.004595 2126.18 0.043859 152982 -0.269009 0.244199
0.002035 1916.3 0.0601947 152982 -0.271037 0.271153
0.004205 2169.6 0.0439443 152982 -0.265433 0.239369
0.005185 2079.06 0.0417869 152982 -0.250653 0.249594
0.005575 1893.18 0.0514556 152982 -0.256073 0.274021
0.004945 2088.63 0.0433831 152982 -0.261765 0.248511
0.002335 1942.43 0.0576536 152982 -0.266761 0.267446
0.001615 1891.04 0.0629628 152982 -0.278813 0.274889
6.5e-05 1877.55 0.0666167 152983 -0.289644 0.277181
0.002585 1968.73 0.0552569 152982 -0.263087 0.263839
0.004605 2124.82 0.0438586 152982 -0.268956 0.244353
0.002045 1916.99 0.0601171 152982 -0.270973 0.271053
0.004215 2170.14 0.0439345 152982 -0.265726 0.239309
0.005195 2078.97 0.0416836 152982 -0.250126 0.249603
0.005585 1880.88 0.0522622 152982 -0.254324 0.275813
0.004955 2087.98 0.0433452 152982 -0.261399 0.248585
0.002345 1943.42 0.0575618 152982 -0.266617 0.267307
0.001625 1891.56 0.062908 152982 -0.278678 0.27481
7.5e-05 1877.53 0.066615 152983 -0.289674 0.277184
0.002595 1969.84 0.0551574 152982 -0.262944 0.263689
0.004615 2123.47 0.0438579 152982 -0.268895 0.244507
0.002055 1917.69 0.0600391 152982 -0.270891 0.270952
0.004225 2170.66 0.0439254 152982 -0.266037 0.239251
0.005205 2078.9 0.041577 152982 -0.249598 0.249609
0.005595 1868.63 0.0530611 152982 -0.252513 0.277622
0.004965 2087.36 0.0433053 152982 -0.261023 0.248657
0.002355 1944.42 0.0574697 152982 -0.266472 0.267168
0.001635 1892.09 0.0628526 152982 -0.278544 0.274731
8.5e-05 1877.5 0.0666131 152983 -0.289709 0.277187
0.002605 1970.96 0.0550577 152982 -0.262801 0.263538
0.002065 1918.39 0.0599605 152982 -0.270795 0.270851
0.004625 2122.11 0.0438569 152982 -0.268825 0.244661
0.004235 2171.08 0.0439169 152977 -0.266284 0.239195
0.005215 2078.86 0.0414671 152982 -0.249068 0.249611
0.005605 1856.42 0.0538518 152982 -0.250657 0.279448
0.004975 2086.75 0.0432634 152982 -0.260637 0.248727
0.002365 1945.43 0.0573772 152982 -0.266327 0.267028
0.001645 1892.61 0.0627967 152982 -0.27841 0.274651
9.5e-05 1877.47 0.0666109 152983 -0.289742 0.277191
0.003845 2139.38 0.0448125 152982 -0.25794 0.242776
0.002615 1972.08 0.0549577 152982 -0.262659 0.263387
0.002075 1919.09 0.0598814 152982 -0.27069 0.27075
0.004635 2120.75 0.0438555 152982 -0.268745 0.244816
0.004245 2170.06 0.0439089 152982 -0.266427 0.239314
0.005225 2078.85 0.041354 152982 -0.24853 0.24961
0.004985 2086.16 0.0432192 152982 -0.260242 0.248795
0.005615 1844.25 0.0546341 152982 -0.248767 0.281292
0.002375 1946.43 0.0572843 152982 -0.266181 0.266888
0.001655 1893.15 0.0627403 152982 -0.278277 0.274571
0.000105 1877.44 0.0666085 152983 -0.289771 0.277196
0.002625 1973.2 0.0548577 152982 -0.262518 0.263236
0.003855 2140.46 0.0447731 152982 -0.258081 0.242654
0.002085 1919.8 0.0598018 152982 -0.270576 0.270648
0.004645 2119.39 0.0438537 152982 -0.268656 0.24497
0.004255 2168.96 0.0439016 152982 -0.266534 0.239434
0.005235 2078.86 0.0412373 152982 -0.24798 0.249606
0.004995 2085.59 0.0431728 152982 -0.259837 0.24886
0.005625 1832.14 0.0554076 152982 -0.24685 0.283153
0.002385 1947.45 0.057191 152982 -0.266035 0.266748
0.001665 1893.68 0.0626833 152982 -0.278145 0.274491
0.000115 1877.41 0.0666059 152983 -0.289793 0.2772
0.002635 1974.33 0.0547574 152982 -0.262377 0.263084
0.000325 1876.1 0.0664986 152983 -0.289456 0.277377
0.003865 2141.52 0.0447347 152982 -0.258226 0.242533
0.002095 1920.51 0.0597217 152982 -0.270454 0.270546
0.004655 2118.04 0.0438514 152982 -0.268557 0.245125
0.004265 2167.85 0.0438948 152982 -0.266648 0.239556
0.005245 2078.91 0.0411168 152982 -0.24741 0.249598
0.005635 1820.07 0.0561721 152982 -0.244911 0.285031
0.002395 1948.47 0.0570973 152982 -0.265887 0.266607
0.005005 2085.04 0.0431242 152982 -0.259422 0.248923
0.001675 1894.22 0.0626258 152982 -0.278013 0.27441
0.000125 1877.37 0.066603 152983 -0.289805 0.277205
0.002645 1975.47 0.054657 152982 -0.262237 0.262932
0.003875 2142.57 0.0446973 152982 -0.258374 0.242413
0.000335 1876.02 0.066491 152983 -0.289427 0.277388
0.002105 1921.22 0.059641 152982 -0.270321 0.270443
0.004665 2116.69 0.0438486 152982 -0.268448 0.24528
0.004275 2166.73 0.0438886 152982 -0.26677 0.239679
0.005645 1808.06 0.0569272 152982 -0.24295 0.286926
0.005255 2078.98 0.0409927 152982 -0.246808 0.249587
0.002405 1949.49 0.0570033 152982 -0.265739 0.266465
0.005015 2084.51 0.0430732 152982 -0.258998 0.248984
0.001685 1894.77 0.0625678 152982 -0.277881 0.274328
0.000965 1875.71 0.0654971 152983 -0.285747 0.277316
0.000135 1877.33 0.0665999 152983 -0.289809 0.277211
0.002655 1976.61 0.0545564 152982 -0.262098 0.26278
0.003885 2143.62 0.0446607 152982 -0.258525 0.242295
0.002115 1921.94 0.0595599 152982 -0.270175 0.27034
0.004675 2115.34 0.0438453 152982 -0.268329 0.245434
0.000345 1875.93 0.0664832 152983 -0.289396 0.2774
0.004285 2165.59 0.0438829 152982 -0.266901 0.239803
0.005655 1796.11 0.0576727 152982 -0.240969 0.288838
0.002415 1950.52 0.0569089 152982 -0.26559 0.266323
0.005265 2079.09 0.0408646 152982 -0.246154 0.249572
0.005025 2084 0.0430197 152982 -0.258565 0.249042
0.001695 1895.31 0.0625092 152982 -0.277749 0.274246
0.000975 1875.77 0.0654717 152983 -0.285669 0.277305
0.000145 1877.29 0.0665966 152983 -0.289806 0.277217
0.002665 1977.75 0.0544557 152982 -0.26196 0.262627
0.002125 1922.67 0.0594782 152982 -0.270014 0.270236
0.003895 2144.65 0.0446251 152982 -0.25868 0.242178
0.004685 2113.99 0.0438414 152982 -0.2682 0.245589
0.000355 1875.85 0.0664752 152983 -0.289365 0.277412
0.004295 2164.45 0.0438777 152982 -0.267043 0.239928
0.005665 1784.21 0.0584084 152982 -0.238966 0.290766
0.002425 1951.55 0.0568142 152982 -0.26544 0.266181
0.005275 2079.23 0.0407322 152982 -0.245428 0.249553
0.005035 2083.51 0.0429638 152982 -0.258123 0.249098
0.001705 1895.86 0.0624501 152982 -0.277618 0.274164
0.000155 1877.24 0.0665931 152983 -0.289797 0.277223
0.002675 1978.9 0.0543548 152982 -0.261823 0.262474
0.000985 1875.83 0.0654458 152983 -0.285591 0.277293
0.002135 1923.54 0.0593961 152982 -0.269855 0.27011
0.003905 2145.66 0.0445903 152982 -0.258837 0.242063
0.004695 2112.64 0.0438369 152982 -0.268059 0.245743
0.001285 1878.47 0.0644883 152983 -0.283585 0.276823
0.000365 1875.76 0.0664669 152983 -0.289333 0.277423
0.004305 2163.3 0.043873 152982 -0.267193 0.240055
0.005675 1772.37 0.0591338 152982 -0.236941 0.292711
0.002435 1952.59 0.0567191 152982 -0.26529 0.266038
0.005285 2079.41 0.0405953 152982 -0.244603 0.249528
0.005045 2083.05 0.0429054 152982 -0.257672 0.249151
0.001715 1896.42 0.0623905 152982 -0.277486 0.274081
0.000165 1877.19 0.0665893 152983 -0.289784 0.277229
0.002685 1980.05 0.0542539 152982 -0.261687 0.26232
0.000995 1875.89 0.0654196 152983 -0.285513 0.277281
0.002145 1924.43 0.0593134 152982 -0.26968 0.269983
0.003915 2146.67 0.0445565 152982 -0.258998 0.241949
0.004705 2111.31 0.0438317 152982 -0.267907 0.245897
0.000375 1875.67 0.0664584 152983 -0.2893 0.277436
0.001295 1878.59 0.0644498 152983 -0.283807 0.276802
0.004315 2162.13 0.0438688 152982 -0.267348 0.240183
0.005685 1760.59 0.0598488 152982 -0.234893 0.294671
0.002445 1953.63 0.0566237 152982 -0.265139 0.265894
0.005295 2079.63 0.0404532 152982 -0.243653 0.249499
0.005055 2082.6 0.0428443 152982 -0.257212 0.249202
0.001725 1896.98 0.0623303 152982 -0.277355 0.273997
0.000175 1877.14 0.0665853 152983 -0.28977 0.277236
0.002695 1981.21 0.0541528 152982 -0.261552 0.262167
0.001005 1875.95 0.0653931 152983 -0.285434 0.277269
0.002155 1925.32 0.0592303 152982 -0.269493 0.269856
0.003925 2147.66 0.0445236 152982 -0.259162 0.241836
0.004715 2109.97 0.0438257 152982 -0.267744 0.24605
0.000385 1875.57 0.0664497 152983 -0.289266 0.277448
0.004325 2160.96 0.0438651 152982 -0.267505 0.240312
0.001305 1878.72 0.0644108 152983 -0.284142 0.276781
0.005695 1748.88 0.0605531 152982 -0.232824 0.296648
0.002455 1954.68 0.056528 152982 -0.264989 0.26575
0.005305 2079.92 0.0403053 152982 -0.242551 0.249462
0.005065 2082.18 0.0427806 152982 -0.256744 0.24925
0.001735 1897.54 0.0622695 152982 -0.277223 0.273913
0.000185 1877.09 0.0665811 152983 -0.289755 0.277244
0.002705 1982.37 0.0540516 152982 -0.261418 0.262013
0.001015 1876.02 0.0653662 152983 -0.285355 0.277257
0.002165 1926.23 0.0591466 152982 -0.269302 0.269727
0.003935 2148.64 0.0444916 152982 -0.259329 0.241726
0.004725 2108.64 0.0438191 152982 -0.267569 0.246203
0.000395 1875.48 0.0664408 152983 -0.289232 0.27746
0.004335 2159.77 0.0438618 152982 -0.267658 0.240442
0.001315 1878.84 0.0643714 152983 -0.284601 0.27676
0.005705 1737.24 0.0612463 152982 -0.230732 0.298639
0.002465 1955.73 0.0564319 152982 -0.264839 0.265606
0.005075 2081.78 0.0427141 152982 -0.256268 0.249295
0.005315 2080.26 0.0401508 152982 -0.241278 0.249419
0.001745 1898.1 0.0622083 152982 -0.277091 0.273829
0.000195 1877.03 0.0665766 152983 -0.28974 0.277251
0.002715 1983.53 0.0539503 152982 -0.261284 0.261858
0.001025 1876.09 0.0653389 152983 -0.285275 0.277245
0.002175 1927.14 0.0590625 152982 -0.269114 0.269598
0.003945 2149.61 0.0444605 152982 -0.259499 0.241616
0.004735 2107.32 0.0438116 152982 -0.267382 0.246355
0.004345 2158.58 0.043859 152982 -0.267806 0.240574
0.000405 1875.39 0.0664316 152983 -0.289197 0.277473
0.005715 1725.66 0.0619282 152982 -0.228618 0.300646
0.002475 1956.79 0.0563355 152982 -0.264689 0.265461
0.001325 1878.97 0.0643315 152983 -0.28518 0.276739
0.005085 2081.41 0.0426449 152982 -0.255784 0.249337
0.001755 1898.67 0.0621465 152982 -0.276958 0.273744
0.005325 2080.68 0.0399889 152982 -0.239826 0.249366
0.002725 1984.7 0.053849 152982 -0.26115 0.261703
0.000205 1876.97 0.066572 152983 -0.289724 0.277259
0.002885 2005.49 0.052226 152982 -0.258911 0.258983
0.001035 1876.15 0.0653112 152983 -0.285195 0.277232
0.002185 1928.05 0.0589778 152982 -0.268933 0.269468
0.003955 2150.56 0.0444303 152982 -0.259673 0.241509
0.004745 2106 0.0438033 152982 -0.267182 0.246507
0.004355 2157.38 0.0438565 152982 -0.267945 0.240707
0.005725 1714.16 0.0625985 152982 -0.226482 0.302668
0.000415 1875.29 0.0664222 152983 -0.289162 0.277486
0.005095 2081.06 0.0425727 152982 -0.255293 0.249376
0.001335 1879.1 0.0642911 152983 -0.28586 0.276716
0.002485 1957.85 0.0562388 152982 -0.264541 0.265316
0.001765 1899.25 0.0620841 152982 -0.276823 0.273659
0.005335 2081.18 0.0398186 152982 -0.238204 0.249303
0.002735 1985.87 0.0537476 152982 -0.261016 0.261548
0.000215 1876.91 0.0665671 152983 -0.289707 0.277267
0.001045 1876.22 0.0652831 152983 -0.285115 0.277219
0.002895 2006.95 0.0521251 152982 -0.258772 0.258794
0.002195 1928.98 0.0588928 152982 -0.268761 0.269336
0.003965 2151.51 0.0444009 152982 -0.25985 0.241402
0.004755 2104.7 0.0437941 152982 -0.266971 0.246658
0.004365 2156.16 0.0438545 152982 -0.268075 0.240841
0.005735 1702.73 0.063257 152982 -0.224327 0.304705
0.000425 1875.19 0.0664126 152983 -0.289125 0.277499
0.005105 2080.74 0.0424977 152982 -0.254795 0.249413
0.001345 1879.24 0.0642503 152984 -0.286601 0.276694
0.002495 1958.92 0.0561418 152982 -0.264392 0.26517
0.001775 1899.83 0.0620212 152982 -0.276684 0.273573
0.005345 2081.78 0.0396393 152982 -0.236444 0.24923
0.002745 1987.05 0.0536461 152982 -0.260881 0.261393
0.000225 1876.85 0.066562 152983 -0.289689 0.277276
0.001055 1876.3 0.0652547 152983 -0.285034 0.277206
0.002905 2008.41 0.0520243 152982 -0.258635 0.258606
0.002205 1929.91 0.0588072 152982 -0.268601 0.269205
0.003975 2152.43 0.0443725 152982 -0.260031 0.241298
0.004765 2103.4 0.0437839 152982 -0.266747 0.246808
0.004375 2154.94 0.0438528 152982 -0.268195 0.240976
0.005745 1691.37 0.0639032 152982 -0.222153 0.306755
0.000435 1875.1 0.0664027 152983 -0.289088 0.277512
0.005115 2080.44 0.0424197 152982 -0.254291 0.249446
0.001355 1879.38 0.064209 152984 -0.287344 0.276671
0.002505 1959.99 0.0560446 152982 -0.264245 0.265024
0.001785 1900.41 0.0619578 152982 -0.276537 0.273486
0.005355 2082.47 0.0394502 152982 -0.234601 0.249144
0.002755 1988.23 0.0535446 152982 -0.260745 0.261237
0.000235 1876.78 0.0665566 152983 -0.289671 0.277285
0.001065 1876.37 0.0652259 152983 -0.284953 0.277192
0.002915 2009.87 0.0519237 152982 -0.258502 0.258417
0.002215 1930.84 0.0587211 152982 -0.268449 0.269072
0.003985 2153.35 0.0443449 152982 -0.260215 0.241195
0.003525 2099.94 0.0465544 152982 -0.255267 0.247338
0.000645 1874.38 0.0661389 152983 -0.287983 0.277584
0.003535 2101.29 0.0464863 152982 -0.2553 0.24718
0.003995 2154.25 0.0443182 152982 -0.260403 0.241093
0.003205 2053.17 0.0491275 152982 -0.255802 0.252967
0.003545 2102.63 0.0464189 152982 -0.255335 0.247022
0.005765 1668.9 0.0651584 152982 -0.21776 0.310897
0.003555 2103.97 0.0463525 152982 -0.255372 0.246865
0.004005 2155.14 0.0442924 152982 -0.260596 0.240993
0.000655 1874.41 0.0661235 152983 -0.287919 0.277577
0.007045 390.995 0.220314 152982 -0.0164768 1.34883
0.003565 2105.3 0.0462868 152982 -0.255412 0.24671
0.006725 517.968 0.200072 152982 -0.0404976 1.01301
0.003215 2054.67 0.0490372 152982 -0.255739 0.252782
0.003575 2106.62 0.0462221 152982 -0.255456 0.246555
0.004015 2156.01 0.0442674 152982 -0.260792 0.240895
0.000665 1874.44 0.0661078 152983 -0.287854 0.277571
0.006735 512.155 0.200942 152982 -0.0394607 1.02469
0.003585 2107.94 0.0461581 152982 -0.255502 0.246401
0.005775 1657.79 0.0657669 152982 -0.215545 0.312988
0.006405 783.059 0.163581 152983 -0.0870438 0.666428
0.003595 2109.25 0.0460951 152982 -0.255551 0.246247
0.006745 506.427 0.201797 152982 -0.038441 1.03646
0.007055 388.638 0.220713 152982 -0.015801 1.35719
0.003225 2056.17 0.0489474 152982 -0.255677 0.252598
0.004025 2156.87 0.0442433 152982 -0.260992 0.240798
0.003605 2110.55 0.0460329 152982 -0.255603 0.246095
0.000675 1874.47 0.0660919 152983 -0.28779 0.277564
0.006755 500.786 0.202635 152982 -0.0374411 1.04831
0.005785 1646.76 0.0663625 152982 -0.213323 0.315091
0.003615 2111.85 0.0459716 152982 -0.255659 0.245944
0.006765 495.23 0.203459 152982 -0.0364546 1.06025
0.003235 2057.67 0.0488581 152982 -0.255618 0.252414
0.006415 772.207 0.164991 152983 -0.0850364 0.675903
0.007065 386.341 0.2211 152982 -0.0151136 1.36544
0.003625 2113.14 0.0459112 152982 -0.255718 0.245794
0.006085 1222.63 0.108459 152982 -0.170632 0.425051
0.004035 2157.71 0.04422 152982 -0.261196 0.240704
0.006775 489.758 0.204266 152982 -0.0355572 1.07228
0.000685 1874.5 0.0660756 152983 -0.287725 0.277558
0.005795 1635.82 0.066945 152982 -0.211096 0.317206
0.003635 2114.42 0.0458517 152982 -0.255781 0.245645
0.006095 1206.34 0.110438 152982 -0.167467 0.430832
0.003245 2059.17 0.0487695 152982 -0.255562 0.25223
0.006785 484.37 0.205058 152982 -0.0344173 1.0844
0.006425 761.449 0.166383 152983 -0.0830593 0.685564
0.007075 384.328 0.221475 152981 -0.0144517 1.37277
0.003645 2115.7 0.0457931 152982 -0.255847 0.245497
0.006105 1190.12 0.112403 152983 -0.164304 0.436741
0.004045 2158.54 0.0441976 152982 -0.261405 0.24061
0.006795 479.064 0.205834 152982 -0.0336555 1.09659
0.000695 1874.53 0.0660591 152983 -0.28766 0.277551
0.005805 1624.96 0.0675145 152982 -0.208868 0.319333
0.003655 2116.97 0.0457353 152982 -0.255917 0.245349
0.006115 1174 0.114355 152983 -0.161145 0.442782
0.003255 2060.67 0.0486813 152982 -0.255509 0.252047
0.006435 750.783 0.167756 152983 -0.0811165 0.695418
0.007085 382.373 0.221838 152981 -0.0138138 1.37996
0.006805 473.847 0.206595 152983 -0.0326214 1.10886
0.003665 2118.23 0.0456785 152982 -0.255991 0.245203
0.006125 1157.96 0.116293 152983 -0.157994 0.448958
0.004055 2159.35 0.0441759 152982 -0.261618 0.240519
0.006815 469.331 0.20734 152982 -0.0318459 1.11972
0.000705 1874.56 0.0660423 152983 -0.287595 0.277544
0.003675 2119.48 0.0456226 152982 -0.256068 0.245058
0.005815 1614.2 0.0680708 152982 -0.206643 0.321471
0.006135 1142.02 0.118217 152983 -0.154854 0.455274
0.006825 464.903 0.208069 152982 -0.0310058 1.13057
0.003265 2062.17 0.0485938 152982 -0.255458 0.251864
0.006445 740.208 0.16911 152983 -0.0791321 0.70547
0.003685 2120.73 0.0455675 152982 -0.256149 0.244915
0.007095 380.473 0.222189 152981 -0.0132178 1.38702
0.006145 1126.16 0.120126 152983 -0.151735 0.461733
0.006835 460.558 0.208782 152982 -0.0301832 1.14143
0.004065 2160.15 0.0441551 152982 -0.261836 0.240429
0.000715 1874.6 0.0660252 152983 -0.28753 0.277537
0.003695 2121.96 0.0455134 152982 -0.256234 0.244772
0.005825 1603.52 0.0686141 152982 -0.204426 0.32362
0.006155 1110.39 0.122019 152983 -0.148649 0.468339
0.006845 456.298 0.20948 152982 -0.0293734 1.15228
0.003275 2063.66 0.0485068 152982 -0.25541 0.251682
0.006455 729.724 0.170447 152983 -0.0774415 0.715726
0.003705 2123.19 0.0454602 152982 -0.256322 0.24463
0.006165 1094.71 0.123897 152983 -0.145618 0.475099
0.007105 378.628 0.22253 152981 -0.0126732 1.39395
0.006855 452.12 0.210162 152982 -0.0285773 1.16312
0.004075 2160.94 0.0441351 152982 -0.262058 0.240341
0.003715 2124.41 0.0454079 152982 -0.256414 0.24449
0.000725 1874.63 0.0660078 152983 -0.287465 0.27753
0.006175 1079.12 0.125759 152983 -0.142672 0.48202
0.005835 1592.93 0.0691443 152982 -0.202219 0.325781
0.006865 448.025 0.210828 152982 -0.0277936 1.17394
0.003725 2125.62 0.0453566 152982 -0.25651 0.24435
0.003285 2065.16 0.0484205 152982 -0.255365 0.2515
0.004385 2153.71 0.0438514 152982 -0.268305 0.241113
0.006465 719.328 0.171766 152983 -0.0753823 0.72619
0.006185 1063.6 0.127605 152983 -0.13985 0.489109
0.007115 376.835 0.222859 152981 -0.0121816 1.40075
0.006875 444.012 0.211478 152982 -0.0270215 1.18475
0.003735 2126.82 0.0453061 152982 -0.25661 0.244212
0.004085 2161.71 0.044116 152982 -0.262285 0.240255
0.000735 1874.67 0.0659901 152983 -0.287399 0.277523
0.004395 2152.46 0.0438504 152982 -0.268408 0.24125
0.005845 1582.44 0.0696617 152982 -0.200027 0.327952
0.006195 1048.15 0.129434 152983 -0.13719 0.496378
0.003295 2066.65 0.0483347 152982 -0.255323 0.251318
0.006885 440.081 0.212114 152982 -0.0262603 1.19552
0.003745 2128.01 0.0452566 152982 -0.256713 0.244075
0.004405 2151.21 0.0438497 152982 -0.268503 0.241389
0.006475 709.021 0.173067 152983 -0.073513 0.73687
0.006205 1032.75 0.131246 152983 -0.134718 0.503842
0.006895 436.231 0.212734 152982 -0.0255099 1.20627
0.003755 2129.2 0.045208 152982 -0.25682 0.24394
0.007125 375.094 0.223178 152981 -0.0117388 1.40741
0.004095 2162.46 0.0440976 152982 -0.262517 0.24017
0.000745 1874.7 0.0659721 152983 -0.287333 0.277516
0.004415 2149.95 0.0438492 152982 -0.268592 0.241529
0.006905 432.46 0.213339 152982 -0.0247717 1.21698
0.006215 1017.38 0.133042 152983 -0.132419 0.511515
0.003765 2130.37 0.0451604 152982 -0.25693 0.243805
0.005855 1572.03 0.0701664 152982 -0.197853 0.330133
0.003305 2068.14 0.0482496 152982 -0.255285 0.251137
0.006485 698.819 0.17435 152984 -0.0714857 0.747763
0.006225 1002.03 0.134821 152983 -0.130233 0.519416
0.004425 2148.69 0.0438491 152982 -0.268674 0.24167
0.006915 428.769 0.213929 152982 -0.0240481 1.22766
0.003775 2131.53 0.0451136 152982 -0.257044 0.243672
0.004105 2163.19 0.0440799 152982 -0.262754 0.240088
0.007135 373.402 0.223487 152981 -0.011337 1.41395
0.006235 986.701 0.136582 152983 -0.127817 0.527555
0.003785 2132.68 0.0450678 152982 -0.257162 0.24354
0.004435 2147.41 0.0438491 152982 -0.268751 0.241812
0.006925 425.155 0.214505 152982 -0.0233438 1.23829
0.000755 1874.74 0.0659539 152983 -0.287267 0.277508
0.005865 1561.72 0.0706588 152982 -0.195703 0.332324
0.003315 2069.63 0.0481651 152982 -0.255249 0.250957
0.006495 690.007 0.175616 152982 -0.070144 0.757431
0.004115 2163.91 0.0440631 152982 -0.262996 0.240007
0.006245 971.436 0.138325 152987 -0.125175 0.535932
0.003795 2133.83 0.0450229 152982 -0.257283 0.243409
0.004445 2146.13 0.0438494 152982 -0.268821 0.241955
0.006935 421.619 0.215066 152982 -0.0226541 1.24887
0.007145 371.76 0.223785 152981 -0.0109665 1.42036
0.006255 958.71 0.140055 152983 -0.123406 0.543102
0.005875 1551.5 0.071139 152982 -0.193578 0.334526
0.000765 1874.77 0.0659353 152983 -0.2872 0.277501
0.003805 2134.96 0.044979 152982 -0.257408 0.24328
0.004455 2144.84 0.0438498 152982 -0.268886 0.242099
0.006945 418.161 0.215612 152982 -0.0219864 1.25939
0.006265 946.111 0.141765 152983 -0.120844 0.55041
0.003325 2071.12 0.0480813 152982 -0.255216 0.250777
0.006505 681.3 0.176864 152982 -0.0685359 0.76724
0.004125 2164.62 0.044047 152982 -0.263244 0.239928
0.003815 2136.08 0.044936 152982 -0.257536 0.243152
0.004465 2143.54 0.0438504 152982 -0.268943 0.242244
0.006955 415.127 0.216144 152982 -0.0214133 1.26879
0.007155 370.164 0.224073 152981 -0.0106185 1.42664
0.006275 933.634 0.143455 152983 -0.118067 0.557843
0.005885 1541.36 0.0716075 152982 -0.191478 0.336737
0.003825 2137.19 0.0448939 152982 -0.257667 0.243025
0.000775 1874.81 0.0659164 152983 -0.287132 0.277493
0.004475 2142.23 0.0438511 152982 -0.268994 0.24239
0.006965 412.169 0.216662 152982 -0.0208515 1.27809
0.003335 2072.6 0.0479981 152982 -0.255186 0.250597
0.006285 921.301 0.145124 152983 -0.115183 0.565391
0.003835 2138.29 0.0448527 152982 -0.257802 0.2429
0.006515 672.689 0.178093 152982 -0.0669661 0.777194
0.004775 2102.11 0.0437728 152982 -0.266496 0.246957
0.006525 664.171 0.179305 152982 -0.0654251 0.787296
0.000445 1875 0.0663926 152983 -0.28905 0.277525
0.005755 1680.1 0.0645371 152982 -0.219964 0.30882
0.006535 655.745 0.180499 152982 -0.0639178 0.797549
0.004785 2100.85 0.0437606 152983 -0.26626 0.247105
0.001075 1876.45 0.0651967 152983 -0.284871 0.277179
0.000455 1874.9 0.0663823 152983 -0.289011 0.277539
0.006545 647.408 0.181675 152982 -0.0624442 0.807958
0.000245 1876.72 0.0665511 152983 -0.289651 0.277294
0.006555 639.158 0.182835 152982 -0.0610041 0.818527
0.002225 1931.78 0.0586346 152982 -0.268303 0.268939
0.000255 1876.65 0.0665453 152983 -0.289631 0.277303
0.006565 630.994 0.183977 152982 -0.0595973 0.82926
0.002925 2011.34 0.0518233 152982 -0.258373 0.258228
0.000265 1876.57 0.0665393 152983 -0.289609 0.277313
0.002235 1932.73 0.0585476 152982 -0.268162 0.268806
0.006575 622.913 0.185103 152982 -0.0582229 0.840162
0.001365 1879.52 0.0641672 152984 -0.288018 0.276648
0.002935 2012.81 0.051723 152982 -0.258248 0.258039
0.002515 1961.06 0.055947 152982 -0.264098 0.264878
0.002945 2014.29 0.0516229 152982 -0.258127 0.25785
0.001795 1900.99 0.0618938 152982 -0.27638 0.273399
0.002525 1962.14 0.0558492 152982 -0.263953 0.26473
0.002955 2015.77 0.0515231 152982 -0.25801 0.25766
0.005365 2083.26 0.039251 152982 -0.232756 0.249047
0.001805 1901.58 0.0618292 152982 -0.276208 0.273312
0.002965 2017.25 0.0514234 152982 -0.257897 0.257471
0.002535 1963.23 0.0557511 152982 -0.263807 0.264583
0.002765 1989.41 0.053443 152982 -0.260607 0.261081
0.002975 2018.73 0.051324 152982 -0.257787 0.257282
0.002545 1964.32 0.0556527 152982 -0.263662 0.264435
0.001815 1902.18 0.0617642 152982 -0.276014 0.273224
0.004135 2165.3 0.0440317 152982 -0.263497 0.239851
0.002985 2020.22 0.0512247 152982 -0.25768 0.257092
0.002555 1965.41 0.0555541 152982 -0.263518 0.264287
0.001825 1902.77 0.0616985 152982 -0.275792 0.273135
0.006975 409.283 0.217166 152982 -0.0203216 1.28729
0.005375 2084.16 0.0390419 152982 -0.231006 0.248938
0.002995 2021.7 0.0511258 152982 -0.257575 0.256903
0.006295 909.118 0.146773 152983 -0.112322 0.573049
0.007165 368.615 0.224352 152981 -0.0102857 1.43279
0.003005 2023.19 0.0510271 152982 -0.257473 0.256714
0.006305 897.082 0.148402 152983 -0.109571 0.580822
0.005895 1531.32 0.0720647 152982 -0.189502 0.338958
0.003015 2024.68 0.0509287 152982 -0.257373 0.256525
0.006315 885.183 0.15001 152983 -0.106962 0.588717
0.007175 367.11 0.224621 152981 -0.00996153 1.43881
0.005905 1521.36 0.0725111 152982 -0.186276 0.341191
0.003345 2074.09 0.0479155 152982 -0.255159 0.250418
0.003025 2026.17 0.0508305 152982 -0.257275 0.256336
0.006325 873.41 0.151598 152983 -0.104487 0.596741
0.007185 365.648 0.224881 152981 -0.00964317 1.44471
0.005915 1511.3 0.0729818 152965 -0.205594 0.343437
0.003035 2027.67 0.0507327 152982 -0.257179 0.256147
0.006335 861.753 0.153166 152983 -0.102117 0.604905
0.003355 2075.57 0.0478337 152982 -0.255135 0.25024
0.005925 1493.91 0.0751382 152983 -0.223697 0.347491
0.007195 364.357 0.225132 152981 -0.00933901 1.44997
0.000785 1874.85 0.0658973 152983 -0.287064 0.277485
0.003045 2029.16 0.0506352 152982 -0.257085 0.255959
0.006345 850.206 0.154713 152983 -0.0998273 0.613214
0.003365 2077.04 0.0477525 152982 -0.255115 0.250062
0.005935 1476.39 0.0773138 152982 -0.21896 0.351629
0.007205 363.108 0.225374 152981 -0.00903736 1.45511
0.000795 1874.89 0.0658778 152983 -0.286995 0.277477
0.003055 2030.66 0.050538 152982 -0.256992 0.25577
0.006355 838.765 0.156241 152983 -0.0975958 0.621674
0.003375 2078.52 0.047672 152982 -0.255098 0.249885
0.005945 1458.96 0.079476 152982 -0.215705 0.355849
0.007215 361.898 0.225608 152981 -0.00874128 1.46011
0.004795 2099.98 0.0437474 152982 -0.266053 0.247203
0.000805 1874.93 0.065858 152983 -0.286926 0.277469
0.003065 2032.15 0.0504411 152982 -0.256901 0.255582
0.006365 827.426 0.157748 152983 -0.0954108 0.630292
0.003385 2079.99 0.0475922 152982 -0.255084 0.249708
0.005955 1441.59 0.0816251 152982 -0.212377 0.360155
0.007225 360.726 0.225833 152981 -0.00845265 1.46499
0.000465 1874.8 0.0663717 152983 -0.288971 0.277552
0.007235 359.593 0.22605 152981 -0.00817302 1.46974
0.001085 1876.52 0.0651671 152983 -0.284789 0.277165
0.000475 1874.69 0.0663609 152983 -0.288928 0.277566
0.007245 358.495 0.226259 152981 -0.0079036 1.47437
0.000275 1876.5 0.0665331 152983 -0.289586 0.277323
0.001095 1876.6 0.0651371 152983 -0.284707 0.27715
0.000485 1874.59 0.0663499 152983 -0.288884 0.277579
0.007255 357.433 0.226461 152981 -0.00764491 1.47888
0.001105 1876.68 0.0651067 152983 -0.284624 0.277136
0.000285 1876.43 0.0665266 152983 -0.289562 0.277333
0.000495 1874.49 0.0663386 152983 -0.288837 0.277593
0.007265 356.405 0.226655 152981 -0.0073967 1.48327
0.006585 614.914 0.186212 152982 -0.0568799 0.851237
0.001115 1876.76 0.0650759 152983 -0.28454 0.277121
0.000295 1876.35 0.0665199 152983 -0.289537 0.277344
0.000505 1874.38 0.066327 152983 -0.288786 0.277607
0.007275 355.411 0.226842 152981 -0.00715804 1.48754
0.006595 606.995 0.187306 152982 -0.0555663 0.862492
0.001125 1876.85 0.0650447 152983 -0.284457 0.277106
0.000305 1876.27 0.066513 152983 -0.289511 0.277355
0.000515 1874.28 0.0663152 152983 -0.288733 0.277621
0.007285 354.448 0.227022 152981 -0.00692716 1.49169
0.006605 599.153 0.188383 152982 -0.0542795 0.873931
0.001135 1876.93 0.0650131 152983 -0.284372 0.277091
0.000315 1876.19 0.0665059 152983 -0.289484 0.277366
0.000525 1874.18 0.0663032 152983 -0.288671 0.277634
0.007295 353.518 0.227195 152981 -0.00670224 1.49574
0.006615 591.388 0.189444 152982 -0.0530164 0.885559
0.001145 1877.02 0.0649811 152983 -0.284288 0.277075
0.001375 1879.67 0.064125 152984 -0.288546 0.276624
0.001155 1877.11 0.0649487 152983 -0.284202 0.277059
0.001835 1903.37 0.0616324 152982 -0.275537 0.273046
0.001165 1877.2 0.0649158 152983 -0.284117 0.277043
0.001385 1879.83 0.0640824 152985 -0.288853 0.276599
0.001845 1903.98 0.0615656 152982 -0.275243 0.272957
0.002775 1990.6 0.0533414 152982 -0.260466 0.260925
0.001175 1877.3 0.0648826 152983 -0.28403 0.277026
0.001395 1880.28 0.0640392 152984 -0.288972 0.276528
0.001855 1904.59 0.0614984 152982 -0.274909 0.272867
0.001185 1877.39 0.0648489 152983 -0.283943 0.277009
0.002785 1991.79 0.0532398 152982 -0.260322 0.260768
0.001405 1880.75 0.0639955 152984 -0.288766 0.276456
0.001865 1905.2 0.0614305 152982 -0.274536 0.272776
0.001195 1877.49 0.0648148 152983 -0.283855 0.276992
0.006985 406.469 0.217655 152982 -0.0198146 1.29639
0.002795 1992.99 0.0531382 152982 -0.260176 0.260611
0.001415 1881.22 0.0639513 152984 -0.288268 0.276384
0.004145 2165.97 0.0440171 152982 -0.263757 0.239776
0.001875 1905.82 0.0613622 152982 -0.27413 0.272685
0.001205 1877.59 0.0647803 152983 -0.283767 0.276975
0.006995 403.724 0.218132 152982 -0.0193176 1.3054
0.002805 1994.19 0.0530366 152982 -0.260026 0.260453
0.001425 1881.69 0.0639066 152984 -0.287516 0.276312
0.001215 1877.69 0.0647453 152983 -0.28368 0.276957
0.001885 1906.44 0.0612933 152982 -0.273701 0.272593
0.007005 401.048 0.218594 152982 -0.018814 1.3143
0.004155 2166.62 0.0440032 152982 -0.264022 0.239703
0.001435 1882.16 0.0638615 152984 -0.286574 0.276239
0.002815 1995.4 0.0529351 152982 -0.259878 0.260296
0.001225 1877.8 0.0647099 152983 -0.283596 0.276939
0.001895 1907.07 0.0612238 152982 -0.273262 0.272501
0.007015 398.438 0.219043 152982 -0.0182873 1.32309
0.005385 2085.14 0.0388235 152982 -0.22946 0.248819
0.007025 395.894 0.21948 152982 -0.0177248 1.33178
0.005395 2086.2 0.0385969 152982 -0.228225 0.248691
0.000815 1874.97 0.0658379 152983 -0.286856 0.277461
0.007035 393.414 0.219903 152982 -0.0171204 1.34036
0.003075 2033.65 0.0503446 152982 -0.256811 0.255394
0.006375 816.187 0.159235 152983 -0.0932658 0.639071
0.003395 2081.46 0.0475132 152982 -0.255073 0.249532
0.003085 2035.15 0.0502485 152982 -0.256723 0.255206
0.006385 805.047 0.160703 152983 -0.0911574 0.648017
0.005965 1424.3 0.0837614 152982 -0.209078 0.364548
0.003095 2036.65 0.0501527 152982 -0.256637 0.255018
0.006395 794.005 0.162152 152983 -0.0890839 0.657134
0.003405 2082.93 0.0474348 152982 -0.255067 0.249357
0.005975 1407.09 0.0858851 152982 -0.2058 0.36903
0.000535 1874.08 0.066291 152983 -0.288609 0.277648
0.007305 352.695 0.227361 152981 -0.00648561 1.49933
0.000545 1874.1 0.0662784 152983 -0.288567 0.277642
0.006625 583.699 0.190489 152982 -0.0517718 0.89738
0.007315 351.902 0.227521 152981 -0.00627254 1.50282
0.000555 1874.13 0.0662657 152983 -0.288521 0.277637
0.001445 1882.63 0.0638158 152984 -0.285525 0.276167
0.006635 576.085 0.191519 152982 -0.0505435 0.909399
0.007325 351.138 0.227675 152981 -0.00606275 1.5062
0.000565 1874.16 0.0662526 152983 -0.288469 0.277631
0.002825 1996.82 0.0528336 152982 -0.259748 0.260109
0.006645 568.545 0.192533 152982 -0.0492655 0.921618
0.001455 1883.11 0.0637697 152983 -0.284452 0.276094
0.007335 350.402 0.227822 152981 -0.00585673 1.50946
0.000575 1874.18 0.0662393 152983 -0.288415 0.277625
0.001235 1877.9 0.0646741 152983 -0.283518 0.27692
0.006655 561.092 0.193532 152983 -0.0479281 0.93403
0.002835 1998.26 0.0527321 152982 -0.259616 0.259921
0.007345 349.692 0.227963 152981 -0.0056547 1.51262
0.001465 1883.58 0.0637231 152983 -0.28343 0.276021
0.000585 1874.21 0.0662258 152983 -0.288358 0.277619
0.001245 1878.01 0.0646378 152983 -0.283454 0.276902
0.001905 1907.7 0.0611538 152982 -0.272831 0.272408
0.007355 349.009 0.228099 152981 -0.00545682 1.51568
0.000595 1874.24 0.066212 152983 -0.288298 0.277614
0.002845 1999.7 0.0526307 152982 -0.259478 0.259734
0.006665 554.671 0.194515 152982 -0.0469888 0.944998
0.005405 2087.32 0.0383638 152982 -0.226762 0.248557
0.000825 1875.01 0.0658175 152983 -0.286786 0.277452
0.006675 548.339 0.195481 152982 -0.0458804 0.956076
0.003105 2038.15 0.0500573 152982 -0.256552 0.25483
0.005415 2087.92 0.0381615 152943 -0.24708 0.248423
0.000835 1875.05 0.0657968 152983 -0.286715 0.277444
0.006685 542.093 0.196431 152982 -0.0447848 0.967261
0.005425 2076.51 0.0389661 152982 -0.267077 0.249849
0.003115 2039.65 0.0499624 152982 -0.256469 0.254642
0.000845 1875.09 0.0657757 152983 -0.286643 0.277435
0.006695 535.932 0.197366 152982 -0.0436954 0.97855
0.003415 2084.39 0.0473572 152982 -0.255064 0.249182
0.005985 1389.94 0.0879966 152982 -0.202543 0.373604
0.005435 2064.56 0.0398011 152982 -0.2653 0.251293
0.003125 2041.15 0.0498678 152982 -0.256387 0.254455
0.000855 1875.14 0.0657543 152983 -0.286571 0.277426
0.006705 529.857 0.198284 152982 -0.0426168 0.98994
0.003425 2085.84 0.0472804 152982 -0.255064 0.249008
0.005995 1372.87 0.090096 152982 -0.199305 0.378274
0.003135 2042.65 0.0497736 152982 -0.256308 0.254268
0.001475 1884.06 0.063676 152983 -0.282518 0.275948
0.003145 2044.16 0.0496799 152982 -0.25623 0.254081
0.001255 1878.12 0.0646011 152983 -0.283413 0.276882
0.001485 1884.54 0.0636283 152983 -0.281749 0.275874
0.001915 1908.34 0.0610833 152982 -0.272426 0.272315
0.003155 2045.66 0.0495867 152982 -0.256154 0.253895
0.001265 1878.24 0.0645639 152983 -0.283409 0.276863
0.001495 1885.02 0.0635802 152983 -0.281134 0.275801
0.003165 2047.16 0.0494939 152982 -0.25608 0.253709
0.001275 1878.35 0.0645263 152983 -0.28346 0.276843
0.003175 2048.66 0.0494015 152982 -0.256007 0.253523
0.001505 1885.51 0.0635316 152983 -0.280665 0.275727
0.000605 1874.26 0.0661979 152983 -0.288237 0.277608
0.002855 2001.14 0.0525294 152982 -0.259338 0.259547
0.000615 1874.29 0.0661835 152983 -0.288175 0.277602
0.000865 1875.18 0.0657326 152983 -0.286499 0.277417
0.006715 523.869 0.199186 152982 -0.0415503 1.00143
0.000625 1874.32 0.0661689 152983 -0.288112 0.277596
0.002865 2002.58 0.0524281 152982 -0.259195 0.259359
0.000875 1875.23 0.0657106 152983 -0.286426 0.277408
0.003435 2087.3 0.0472043 152982 -0.255069 0.248835
0.006005 1355.87 0.0921836 152982 -0.196083 0.383042
0.003185 2050.17 0.0493097 152982 -0.255937 0.253337
0.003445 2088.75 0.0471289 152982 -0.255079 0.248663
0.006015 1338.95 0.0942594 152982 -0.192876 0.38791
0.001515 1886 0.0634824 152983 -0.280319 0.275652
0.003195 2051.67 0.0492183 152982 -0.255869 0.253152
0.006025 1322.1 0.0963236 152982 -0.18968 0.392881
0.003455 2090.19 0.0470543 152982 -0.255092 0.248491
0.000635 1874.35 0.0661541 152983 -0.288048 0.27759
0.000885 1875.28 0.0656883 152983 -0.286352 0.277398
0.002875 2004.03 0.052327 152982 -0.259053 0.259171
0.001525 1886.49 0.0634328 152982 -0.280066 0.275578
0.000895 1875.33 0.0656656 152983 -0.286278 0.277389
0.006035 1305.33 0.098376 152982 -0.186494 0.397959
0.003465 2091.63 0.0469805 152982 -0.25511 0.24832
0.000905 1875.38 0.0656425 152983 -0.286204 0.277379
0.001535 1886.98 0.0633826 152982 -0.279877 0.275503
0.006045 1288.63 0.100417 152982 -0.183314 0.403147
0.003475 2093.07 0.0469075 152982 -0.255134 0.24815
0.000915 1875.43 0.0656192 152983 -0.286129 0.277369
0.001545 1887.48 0.063332 152982 -0.279726 0.275427
0.006055 1272.01 0.102446 152982 -0.180139 0.408446
0.003485 2094.49 0.0468353 152981 -0.255159 0.247981
0.000925 1875.48 0.0655955 152983 -0.286053 0.277359
0.001555 1887.98 0.0632808 152982 -0.279595 0.275352
0.006065 1255.47 0.104462 152982 -0.176968 0.413862
0.000935 1875.54 0.0655714 152983 -0.285977 0.277348
0.003495 2095.86 0.0467638 152982 -0.255184 0.247819
0.001565 1888.48 0.0632291 152982 -0.279469 0.275276
0.006075 1239.01 0.106467 152982 -0.173799 0.419396
0.000945 1875.59 0.065547 152983 -0.285901 0.277338
0.003505 2097.23 0.0466932 152982 -0.255209 0.247658
0.001575 1888.98 0.0631769 152982 -0.279343 0.275199
0.000955 1875.65 0.0655222 152983 -0.285824 0.277327
0.003515 2098.59 0.0466234 152982 -0.255237 0.247498
0.001585 1889.49 0.0631241 152982 -0.279214 0.275122
0.001595 1890 0.0630709 152982 -0.279082 0.275045
