0.0062475 373.746 0.232271 267043 0.0135078
0.0062625 373.535 0.232304 267043 0.0133654
0.0062775 373.305 0.232336 267043 0.0132213
0.0062925 373.056 0.232367 267043 0.0130807
0.0063075 372.786 0.232396 267043 0.0129276
0.0063225 372.802 0.232424 267043 0.0127822
0.0063375 372.798 0.23245 267043 0.0126356
0.0063525 372.775 0.232476 267043 0.0124864
0.0063675 372.73 0.2325 267043 0.0123395
0.0063825 372.665 0.232523 267043 0.0121938
0.0063975 372.581 0.232545 267043 0.012053
0.0064125 372.481 0.232566 267043 0.0119195
0.0064275 372.369 0.232587 267043 0.0117928
0.0064425 372.247 0.232606 267043 0.0116675
0.0064575 372.114 0.232624 267043 0.0115406
0.0064725 371.964 0.232641 267043 0.0113877
0.0064875 372.092 0.232658 267043 0.0112273
0.0065025 372.195 0.232673 267043 0.0110708
0.0065175 372.27 0.232688 267043 0.0109065
0.0065325 372.317 0.232702 267043 0.0107488
0.0065475 372.339 0.232715 267043 0.0105922
0.0067275 372.901 0.232827 267043 0.00886835
0.0067425 372.982 0.232834 267043 0.0087256
0.0067575 373.045 0.232839 267043 0.0085825
0.0065625 372.34 0.232728 267043 0.0104427
0.0067725 373.089 0.232845 267043 0.00843971
0.0067875 373.114 0.23285 267043 0.00829517
0.0068025 373.121 0.232855 267043 0.00814838
0.0068175 373.108 0.232859 267043 0.0080031
0.0065775 372.32 0.23274 267043 0.0102924
0.0068325 373.382 0.232863 267043 0.00785574
0.0068475 373.642 0.232867 267043 0.00772326
0.0068625 373.883 0.232871 267043 0.00758176
0.0068775 374.108 0.232874 267043 0.00744009
0.0065925 372.281 0.232751 267043 0.0101493
0.0068925 374.314 0.232878 267043 0.00729766
0.0069075 374.503 0.232881 267043 0.00715477
0.0069225 374.673 0.232883 267043 0.00701153
0.0069375 374.825 0.232886 267043 0.00686807
0.0066075 372.222 0.232762 267043 0.0100041
0.0069525 374.959 0.232888 267043 0.00672458
0.0069675 375.074 0.232891 267043 0.00658104
0.0069825 375.172 0.232893 267043 0.00644068
0.0066225 372.144 0.232772 267043 0.00986356
0.0069975 375.251 0.232895 267043 0.00629401
0.0070125 375.629 0.232896 267043 0.00615221
0.0070275 375.993 0.232898 267043 0.00602097
0.0070425 376.341 0.2329 267043 0.0058845
0.0066375 372.046 0.232781 267043 0.00971336
0.0070575 376.674 0.232901 267043 0.00574925
0.0070725 376.993 0.232902 267043 0.00561486
0.0070875 377.298 0.232904 267043 0.00548148
0.0071025 377.589 0.232905 267043 0.00534892
0.0066525 372.23 0.23279 267043 0.00956638
0.0071175 377.868 0.232906 267043 0.00521678
0.0071325 378.133 0.232907 267043 0.00508445
0.0071475 378.384 0.232908 267043 0.00495123
0.0071625 378.622 0.232908 267043 0.00481621
0.0066675 372.399 0.232798 267043 0.00943404
0.0071775 378.845 0.232909 267043 0.00468123
0.0071925 379.052 0.23291 267043 0.00453748
0.0066825 372.551 0.232806 267043 0.00929328
0.0019275 1386.98 0.0877957 267042 -0.156707
0.0019425 1388.1 0.0876409 267042 -0.156749
0.0066975 372.685 0.232814 267043 0.00915233
0.0019575 1389.24 0.0874863 267042 -0.156791
0.0072075 379.576 0.232911 267043 0.00439662
0.0019725 1390.38 0.0873317 267042 -0.156832
0.0067125 372.802 0.232821 267043 0.00901061
7.5e-06 1302.3 0.105782 267042 -0.148378
0.0019875 1391.54 0.0871772 267042 -0.156872
0.0020025 1392.71 0.0870226 267042 -0.156911
0.0020175 1393.9 0.086868 267042 -0.15695
0.0020325 1395.09 0.0867134 267042 -0.156987
0.0020475 1396.3 0.0865587 267042 -0.157023
0.0020625 1397.52 0.0864039 267042 -0.157059
0.0020775 1398.76 0.0862489 267042 -0.157093
0.0020925 1400.01 0.0860938 267042 -0.157126
0.0021075 1401.27 0.0859386 267042 -0.157159
0.0021225 1402.55 0.0857831 267042 -0.15719
0.0021375 1403.84 0.0856274 267042 -0.157221
0.0021525 1405.15 0.0854715 267042 -0.15725
0.0021675 1406.47 0.0853153 267042 -0.157279
0.0021825 1407.81 0.0851587 267042 -0.157306
0.0021975 1409.16 0.0850019 267042 -0.157333
0.0022125 1410.52 0.0848446 267042 -0.157359
0.0022275 1411.9 0.084687 267042 -0.157384
0.0022425 1413.3 0.084529 267042 -0.157408
0.0004875 1311.64 0.103335 267042 -0.149398
0.0022575 1414.71 0.0843705 267042 -0.157431
0.0009675 1331.48 0.0983353 267042 -0.151822
0.0022725 1416.13 0.0842116 267042 -0.157454
0.0022875 1417.58 0.0840522 267042 -0.157476
0.0009825 1332.19 0.0981646 267042 -0.151909
0.0023025 1419.03 0.0838923 267042 -0.157497
0.0009975 1332.9 0.0979936 267042 -0.151996
0.0023175 1420.51 0.0837318 267042 -0.157517
0.0010125 1333.62 0.0978223 267042 -0.152085
0.0023325 1421.99 0.0835708 267042 -0.157537
0.0010275 1334.34 0.0976508 267042 -0.152174
0.0023475 1423.5 0.0834092 267042 -0.157556
0.0010425 1335.06 0.0974792 267042 -0.152265
0.0023625 1425.02 0.083247 267042 -0.157575
0.0010575 1335.79 0.0973074 267042 -0.152357
0.0023775 1426.56 0.0830842 267042 -0.157593
0.0010725 1336.52 0.0971356 267042 -0.15245
0.0023925 1428.11 0.0829207 267042 -0.157611
0.0010875 1337.26 0.0969637 267042 -0.152545
0.0011025 1338 0.0967918 267042 -0.152642
0.0011175 1338.74 0.0966199 267042 -0.152741
0.0011325 1339.49 0.096448 267042 -0.152842
0.0011475 1340.24 0.0962762 267042 -0.152945
0.0011625 1340.99 0.0961045 267042 -0.15305
0.0011775 1341.75 0.0959329 267042 -0.153157
0.0011925 1342.51 0.0957615 267042 -0.153266
0.0012075 1343.28 0.0955903 267042 -0.153377
0.0014475 1356.15 0.0928917 267043 -0.155106
0.0012225 1344.05 0.0954193 267042 -0.15349
0.0012375 1344.83 0.0952485 267043 -0.153605
0.0012525 1345.6 0.095078 267043 -0.15372
0.0012675 1346.39 0.0949077 267043 -0.153836
0.0014625 1357 0.0927263 267043 -0.155189
0.0012825 1347.17 0.0947378 267043 -0.153952
0.0014775 1357.85 0.0925614 267043 -0.155267
0.0012975 1347.97 0.0945681 267043 -0.154068
0.0014925 1358.71 0.0923969 267043 -0.15534
0.0013125 1348.76 0.0943988 267043 -0.154184
0.0015075 1359.57 0.0922328 267043 -0.155409
0.0013275 1349.56 0.0942298 267043 -0.154298
0.0015225 1360.44 0.0920692 267043 -0.155474
0.0013425 1350.37 0.0940611 267043 -0.15441
0.0015375 1361.32 0.091906 267043 -0.155536
0.0013575 1351.18 0.0938929 267043 -0.15452
0.0015525 1362.2 0.0917433 267043 -0.155593
0.0024075 1429.68 0.0827566 267042 -0.157628
0.0013725 1352 0.093725 267043 -0.154627
0.0015675 1363.09 0.091581 267043 -0.155647
0.0057675 384.466 0.230264 267043 0.0181038
0.0013875 1352.82 0.0935575 267043 -0.154731
0.0015825 1363.99 0.0914191 267043 -0.155699
0.0014025 1353.64 0.0933904 267043 -0.154831
0.0015975 1364.9 0.0912577 267043 -0.155748
0.0057825 383.887 0.230359 267043 0.0179644
0.0024225 1431.27 0.0825917 267042 -0.157645
0.0014175 1354.47 0.0932238 267043 -0.154927
0.0016125 1365.81 0.0910967 267043 -0.155795
0.0057975 383.291 0.230452 267043 0.0178243
0.0024375 1432.87 0.0824262 267042 -0.157661
0.0014325 1355.31 0.0930575 267043 -0.155019
0.0016275 1366.73 0.0909361 267043 -0.15584
0.0058125 382.676 0.230543 267043 0.0176825
0.0024525 1434.49 0.0822599 267042 -0.157677
0.0016425 1367.66 0.0907759 267043 -0.155884
0.0058275 382.041 0.230631 267043 0.0175366
0.0052875 408.312 0.225977 267043 0.0229915
0.0058425 381.722 0.230717 267043 0.0173892
0.0048075 445.169 0.219105 267043 0.0283098
0.0058575 381.385 0.2308 267043 0.0172464
0.0028875 1488.44 0.0770651 267042 -0.158083
0.0058725 381.027 0.230882 267043 0.0170973
0.0048225 443.759 0.219371 267043 0.0281828
0.0053025 407.44 0.226148 267043 0.0228307
0.0058875 380.647 0.230961 267043 0.0169464
0.0029025 1490.55 0.0768705 267042 -0.158067
0.0048375 442.338 0.219632 267043 0.0280627
0.0053175 406.542 0.226316 267043 0.0226683
0.0059025 380.245 0.231038 267043 0.0167951
0.0029175 1492.67 0.0766741 267042 -0.158042
0.0048525 440.904 0.21989 267043 0.0279319
0.0053325 405.615 0.226482 267043 0.0225048
0.0059175 379.82 0.231113 267043 0.0166443
0.0029325 1494.82 0.0764756 267042 -0.158006
0.0048675 439.45 0.220143 267043 0.0277768
0.0053475 404.661 0.226645 267043 0.0223406
0.0059325 379.373 0.231186 267043 0.0164943
0.0029475 1497 0.0762748 267042 -0.157959
0.0048825 438.334 0.220392 267043 0.0275811
0.0053625 403.678 0.226806 267043 0.0221759
0.0059475 378.904 0.231257 267043 0.0163449
0.0029625 1499.2 0.0760713 267042 -0.157898
0.0048975 437.178 0.220638 267043 0.0273828
0.0053775 402.667 0.226965 267043 0.0220118
0.0059625 378.413 0.231326 267043 0.0161981
0.0029775 1501.44 0.0758649 267042 -0.157825
0.0049125 435.98 0.22088 267043 0.0271833
0.0053925 401.626 0.227122 267043 0.0218518
0.0059775 377.9 0.231392 267043 0.0160505
0.0029925 1503.71 0.0756553 267042 -0.157738
0.0049275 434.741 0.221118 267043 0.0269943
0.0054075 400.906 0.227275 267043 0.0216909
0.0059925 377.695 0.231457 267043 0.0159072
0.0030075 1506.01 0.0754421 267042 -0.15764
0.0049425 433.465 0.221353 267043 0.0268139
0.0054225 400.164 0.227427 267043 0.0215403
0.0060075 377.474 0.231519 267043 0.0157729
0.0030225 1508.35 0.0752252 267042 -0.157531
0.0049575 432.156 0.221585 267043 0.0266374
0.0054375 399.399 0.227576 267043 0.0213856
0.0060225 377.237 0.23158 267043 0.0156351
0.0030375 1510.72 0.0750041 267042 -0.157417
0.0049725 430.814 0.221814 267043 0.0264624
0.0054525 398.609 0.227723 267043 0.0212293
0.0060375 376.984 0.231638 267043 0.0154969
0.0030525 1513.14 0.074779 267043 -0.157236
0.0049875 429.437 0.22204 267043 0.0262945
0.0054675 397.795 0.227868 267043 0.0210714
0.0060525 376.714 0.231695 267043 0.015358
0.0030675 1515.52 0.0745575 267033 -0.160086
0.0050025 428.405 0.222262 267043 0.0261215
0.0054825 396.955 0.22801 267043 0.0209122
0.0060675 376.427 0.23175 267043 0.0152186
0.0030825 1512.92 0.0749881 267043 -0.162604
0.0050175 427.347 0.222482 267043 0.0259638
0.0033675 1433.68 0.086376 267043 -0.153554
0.0054975 396.088 0.22815 267043 0.0207519
0.0060825 376.123 0.231802 267043 0.0150782
0.0030975 1510.39 0.0754078 267043 -0.161846
0.0050325 426.265 0.222698 267043 0.0258044
0.0055125 395.194 0.228288 267043 0.0205921
0.0060975 375.8 0.231853 267043 0.0149365
0.0031125 1508 0.0758114 267043 -0.161266
0.0050475 425.156 0.222912 267043 0.0256469
0.0055275 394.272 0.228423 267043 0.0204357
0.0061125 375.46 0.231903 267043 0.0147928
0.0031275 1505.72 0.0761997 267043 -0.16072
0.0050625 424.023 0.223123 267043 0.0254912
0.0055425 393.672 0.228556 267043 0.0202804
0.0033825 1422.42 0.0877727 267043 -0.150955
0.0061275 375.099 0.23195 267043 0.0146505
0.0031425 1503.57 0.0765735 267043 -0.160217
0.0050775 422.865 0.223331 267043 0.0253358
0.0055575 393.051 0.228686 267043 0.0201358
0.0033975 1411.62 0.0891166 267043 -0.148397
0.0061425 374.719 0.231996 267043 0.014502
0.0031575 1501.52 0.0769336 267043 -0.159748
0.0050925 421.683 0.223537 267043 0.0251775
0.0055725 392.41 0.228814 267043 0.0199894
0.0034125 1401.27 0.0904078 267043 -0.145891
0.0061575 374.633 0.23204 267043 0.0143565
0.0031725 1499.58 0.0772807 267043 -0.159299
0.0051075 420.473 0.22374 267043 0.0250148
0.0055875 391.749 0.22894 267043 0.0198453
0.0034275 1391.36 0.0916471 267043 -0.143432
0.0061725 374.53 0.232082 267043 0.0142192
0.0031875 1497.73 0.0776151 267043 -0.158847
0.0051225 419.233 0.22394 267043 0.0248399
0.0056025 391.069 0.229063 267043 0.019706
0.0034425 1381.9 0.0928345 267043 -0.141028
0.0061875 374.41 0.232123 267043 0.014077
0.0032025 1495.99 0.0779364 267043 -0.158363
0.0051375 418.329 0.224138 267043 0.0246938
0.0056175 390.373 0.229184 267043 0.0195742
0.0034575 1372.88 0.0939707 267043 -0.138514
0.0062025 374.272 0.232162 267043 0.0139345
0.0032175 1494.37 0.0782436 267043 -0.157815
0.0051525 417.396 0.224333 267042 0.0239354
0.0056325 389.664 0.229303 267043 0.0194495
0.0034725 1364.23 0.0950625 267030 -0.139777
0.0062175 374.115 0.2322 267043 0.013792
0.0032325 1492.87 0.078535 267043 -0.157178
0.0051675 416.431 0.224525 267046 0.0254831
0.0056475 388.945 0.229419 267043 0.0193262
0.0034875 1348.58 0.0969878 267044 -0.140191
0.0062325 373.94 0.232236 267043 0.0136498
0.0032475 1491.52 0.0788083 267043 -0.156303
0.0051825 415.433 0.224715 267043 0.0235812
0.0056625 388.214 0.229533 267043 0.0191953
0.0035025 1333.37 0.0988593 267044 -0.136824
0.0043275 522.394 0.205145 267043 0.0250756
0.0032625 1490.28 0.0790662 267031 -0.158526
0.0038475 984.028 0.143729 267045 -0.0700054
0.0032775 1483.11 0.0800133 267043 -0.160252
2.25e-05 1302.32 0.105776 267042 -0.148377
0.0032925 1476.19 0.0809281 267043 -0.158291
0.0038625 966.6 0.145991 267045 -0.0660061
3.75e-05 1302.37 0.105765 267042 -0.148379
0.0033075 1469.61 0.0818022 267043 -0.156425
0.0038775 949.944 0.148156 267045 -0.0620302
5.25e-05 1302.43 0.105747 267042 -0.148383
0.0033225 1463.4 0.082634 267043 -0.154385
0.0038925 934.087 0.150221 267045 -0.0580785
6.75e-05 1302.52 0.105725 267042 -0.14839
0.0033375 1457.48 0.0834285 267031 -0.155682
0.0039075 919.065 0.15218 267045 -0.0538593
8.25e-05 1302.62 0.105696 267042 -0.148399
0.0033525 1445.39 0.0849259 267043 -0.156389
0.0039225 904.857 0.154035 267028 -0.0552875
9.75e-05 1302.75 0.105663 267042 -0.14841
0.0072225 380.083 0.232911 267043 0.00425929
0.0001125 1302.9 0.105624 267042 -0.148424
0.0001275 1303.06 0.10558 267042 -0.14844
0.0001425 1303.25 0.105532 267042 -0.148458
0.0072375 380.573 0.232912 267043 0.0041157
0.0001575 1303.45 0.105479 267042 -0.148478
0.0072525 381.044 0.232912 267043 0.00397117
0.0001725 1303.67 0.105421 267042 -0.148501
0.0072675 381.496 0.232913 267043 0.00382616
0.0001875 1303.9 0.105358 267042 -0.148525
0.0072825 381.929 0.232913 267043 0.00368146
0.0002025 1304.16 0.105292 267042 -0.148551
0.0072975 382.343 0.232913 267043 0.00353755
0.0002175 1304.43 0.105221 267042 -0.14858
0.0073125 382.739 0.232914 267043 0.00339469
0.0002325 1304.71 0.105146 267042 -0.14861
0.0073275 383.117 0.232914 267043 0.00325293
0.0002475 1305.01 0.105066 267042 -0.148643
0.0073425 383.478 0.232914 267043 0.00311219
0.0002625 1305.33 0.104983 267042 -0.148677
0.0073575 383.822 0.232915 267043 0.0029723
0.0002775 1305.66 0.104896 267042 -0.148713
0.0073725 384.15 0.232915 267043 0.00283305
0.0005025 1312.15 0.103203 267042 -0.149458
0.0002925 1306 0.104806 267042 -0.148751
0.0073875 384.461 0.232915 267043 0.00269426
0.0024675 1436.12 0.0820928 267042 -0.157693
0.0074025 384.757 0.232915 267043 0.00255577
0.0003075 1306.36 0.104711 267042 -0.148791
0.0016575 1368.59 0.0906162 267043 -0.155927
0.0074175 385.037 0.232916 267043 0.00241747
0.0024825 1437.77 0.081925 267042 -0.157708
0.0003225 1306.74 0.104613 267042 -0.148833
0.0074325 385.301 0.232916 267043 0.00227927
0.0016725 1369.53 0.0904568 267043 -0.155969
0.0024975 1439.44 0.0817565 267042 -0.157723
0.0005175 1312.67 0.103068 267042 -0.149519
0.0003375 1307.12 0.104512 267042 -0.148876
0.0074475 385.549 0.232916 267043 0.00214112
0.0016875 1370.48 0.0902979 267043 -0.156012
0.0025125 1441.13 0.0815871 267042 -0.157738
0.0005325 1313.19 0.102932 267042 -0.149582
0.0051975 414.404 0.224903 267042 0.024001
0.0074625 385.782 0.232916 267043 0.00200299
0.0003525 1307.52 0.104408 267042 -0.148921
0.0017025 1371.44 0.0901393 267043 -0.156054
0.0025275 1442.83 0.0814168 267042 -0.157752
0.0005475 1313.73 0.102793 267042 -0.149647
0.0052125 413.343 0.225088 267043 0.0237996
0.0074775 386 0.232916 267043 0.00186486
0.0017175 1372.41 0.0899811 267043 -0.156096
0.0003675 1307.93 0.1043 267042 -0.148968
0.0025425 1444.55 0.0812458 267042 -0.157766
0.0052275 412.253 0.225271 267043 0.0236431
0.0005625 1314.28 0.102652 267042 -0.149712
0.0074925 386.201 0.232916 267043 0.00172674
0.0025575 1446.28 0.0810739 267042 -0.157781
0.0003825 1308.36 0.104189 267042 -0.149016
0.0017325 1373.39 0.0898232 267043 -0.156138
0.0052425 411.132 0.225451 267043 0.0234758
0.0005775 1314.83 0.102509 267042 -0.149779
0.0075075 386.387 0.232916 267043 0.00158861
0.0025725 1448.03 0.0809011 267042 -0.157795
0.0003975 1308.79 0.104076 267042 -0.149066
0.0017475 1374.37 0.0896656 267043 -0.156181
0.0052575 409.981 0.225629 267043 0.0233135
0.0005925 1315.39 0.102365 267042 -0.149846
0.0075225 386.558 0.232916 267043 0.00145049
0.0025875 1449.8 0.0807275 267042 -0.157809
0.0004125 1309.24 0.103959 267042 -0.149118
0.0017625 1375.37 0.0895084 267043 -0.156224
0.0052725 409.158 0.225804 267043 0.0231475
0.0026025 1451.58 0.080553 267042 -0.157824
0.0006075 1315.96 0.102218 267042 -0.149915
0.0075375 386.713 0.232917 267043 0.00131236
0.0004275 1309.7 0.103839 267042 -0.149171
0.0017775 1376.37 0.0893515 267043 -0.156267
0.0026175 1453.38 0.0803776 267042 -0.157838
0.0006225 1316.54 0.10207 267042 -0.149985
0.0075525 386.852 0.232917 267043 0.00117424
0.0017925 1377.39 0.0891949 267043 -0.156311
0.0004425 1310.17 0.103717 267042 -0.149225
0.0026325 1455.19 0.0802013 267042 -0.157853
0.0006375 1317.12 0.10192 267042 -0.150057
0.0075675 386.976 0.232917 267043 0.00103612
0.0018075 1378.41 0.0890386 267042 -0.156355
0.0004575 1310.65 0.103592 267042 -0.149281
0.0056775 387.465 0.229644 267043 0.0190478
0.0026475 1457.02 0.0800242 267042 -0.157869
0.0006525 1317.72 0.101769 267042 -0.150129
0.0018225 1379.44 0.0888825 267042 -0.156399
0.0075825 387.085 0.232917 267043 0.000898016
0.0004725 1311.14 0.103465 267042 -0.149339
0.0056925 387.033 0.229753 267043 0.0188847
0.0026625 1458.87 0.0798461 267042 -0.157884
0.0018375 1380.49 0.0887267 267042 -0.156444
0.0006675 1318.31 0.101616 267042 -0.150202
0.0075975 387.178 0.232917 267043 0.000759932
0.0035175 1318.67 0.10067 267044 -0.133742
0.0043425 517.492 0.205931 267043 0.0258046
0.0076125 387.255 0.232917 267043 0.000621888
0.0035325 1304.5 0.102419 267044 -0.130674
0.0076275 387.317 0.232917 267043 0.000483957
0.0043575 512.84 0.206673 267043 0.026455
0.0039375 879.073 0.157317 267049 -0.0520207
0.0035475 1290.86 0.104106 267044 -0.127632
0.0076425 387.364 0.232917 267043 0.000346222
0.0057075 386.574 0.22986 267043 0.0187203
0.0043725 508.415 0.207376 267043 0.0270361
0.0039525 854.044 0.160497 267049 -0.0458927
0.0035625 1277.75 0.10573 267044 -0.124614
0.0076575 387.395 0.232917 267043 0.000210336
0.0043875 504.196 0.208042 267043 0.0275754
0.0057225 386.084 0.229965 267043 0.0185538
0.0039675 829.899 0.163559 267049 -0.0405831
0.0035775 1265.19 0.10729 267044 -0.121621
0.0076725 387.41 0.232917 267043 6.90656e-05
0.0057375 385.567 0.230067 267043 0.0183953
0.0044025 500.631 0.208674 267043 0.0279884
0.0018525 1381.54 0.0885711 267042 -0.156488
0.0039825 806.693 0.166499 267049 -0.0352966
0.0035925 1253.17 0.108786 267044 -0.118665
0.0057525 385.026 0.230166 267043 0.0182461
0.0026775 1460.74 0.0796671 267042 -0.157901
0.0006825 1318.92 0.101461 267042 -0.150276
0.0044175 497.242 0.209275 267043 0.0283871
0.0039975 784.454 0.169312 267049 -0.0301575
0.0006975 1319.53 0.101305 267042 -0.150351
0.0044325 494.01 0.209846 267043 0.0287338
0.0018675 1382.61 0.0884157 267042 -0.156532
0.0036075 1241.71 0.110216 267044 -0.115579
0.0040125 763.185 0.171999 267048 -0.025241
0.0007125 1320.15 0.101148 267042 -0.150427
0.0044475 490.919 0.210391 267043 0.0290391
0.0018825 1383.69 0.0882604 267042 -0.156577
0.0036225 1230.75 0.111587 267032 -0.115995
0.0040275 742.869 0.174562 267048 -0.0206052
0.0007275 1320.78 0.10099 267042 -0.150504
0.0018975 1384.77 0.0881054 267042 -0.15662
0.0044625 487.959 0.210912 267043 0.0293083
0.0026925 1462.61 0.0794873 267042 -0.157918
0.0036375 1213.11 0.113876 267041 -0.116805
0.0040425 723.469 0.177005 267048 -0.0161839
0.0007425 1321.41 0.10083 267042 -0.150582
0.0019125 1385.87 0.0879505 267042 -0.156664
0.0044775 485.116 0.211409 267043 0.0295388
0.0027075 1464.51 0.0793066 267042 -0.157936
0.0036525 1196.01 0.116095 267044 -0.111563
0.0040575 704.947 0.179331 267049 -0.0117906
0.0007575 1322.04 0.10067 267042 -0.15066
0.0040725 688.655 0.181543 267047 -0.00859089
0.0044925 482.377 0.211887 267043 0.0297213
0.0007725 1322.68 0.100508 267042 -0.15074
0.0040875 673.188 0.183645 267046 -0.00517286
0.0007875 1323.33 0.100345 267042 -0.15082
0.0045075 479.721 0.212345 267043 0.0298595
0.0027225 1466.42 0.079125 267042 -0.157954
0.0041025 658.508 0.185638 267046 -0.00197887
0.0036675 1179.53 0.118239 267044 -0.108427
0.0008025 1323.99 0.100182 267042 -0.1509
0.0045225 477.518 0.212785 267043 0.0299131
0.0027375 1468.34 0.0789425 267042 -0.157973
0.0041175 644.585 0.187527 267046 0.00103788
0.0036825 1163.68 0.120305 267044 -0.104879
0.0008175 1324.64 0.100017 267042 -0.150982
0.0045375 475.365 0.213209 267043 0.0299471
0.0027525 1470.28 0.0787592 267042 -0.157992
0.0041325 631.4 0.189316 267045 0.00389036
0.0036975 1148.46 0.122292 267044 -0.101377
0.0008325 1325.31 0.0998517 267042 -0.151063
0.0027675 1472.24 0.078575 267042 -0.15801
0.0045525 473.25 0.213619 267043 0.0299528
0.0041475 618.932 0.191007 267045 0.00657026
0.0037125 1133.89 0.124199 267044 -0.0979075
0.0008475 1325.97 0.0996856 267042 -0.151146
0.0027825 1474.21 0.0783898 267042 -0.158029
0.0045675 471.163 0.214015 267043 0.0299428
0.0041625 607.151 0.192605 267045 0.00907779
0.0037275 1119.97 0.126026 267044 -0.0944637
0.0008625 1326.65 0.0995188 267042 -0.151229
0.0027975 1476.19 0.0782038 267042 -0.158046
0.0045825 469.102 0.214398 267043 0.029919
0.0041775 596.014 0.194114 267045 0.0114747
0.0037425 1106.72 0.12777 267044 -0.0910642
0.0008775 1327.32 0.0993513 267042 -0.151312
0.0028125 1478.19 0.0780168 267042 -0.158062
0.0045975 467.06 0.214769 267043 0.0298816
0.0041925 586.335 0.195536 267044 0.0132807
0.0037575 1094.15 0.12943 267044 -0.0874929
0.0008925 1328.01 0.0991832 267042 -0.151396
0.0028275 1480.21 0.0778289 267042 -0.158075
0.0046125 465.031 0.21513 267043 0.0298404
0.0042075 577.216 0.196877 267044 0.0151021
0.0037725 1082.2 0.131011 267029 -0.0883816
0.0009075 1328.69 0.0990146 267042 -0.15148
0.0028425 1482.24 0.0776398 267042 -0.158085
0.0046275 463.392 0.21548 267043 0.0297679
0.0042225 568.616 0.198139 267044 0.0167792
0.0037875 1061.18 0.133733 267046 -0.0871006
0.0009225 1329.38 0.0988454 267042 -0.151565
0.0028575 1484.29 0.0774496 267042 -0.15809
0.0046425 461.764 0.215821 267043 0.0297
0.0042375 560.508 0.199328 267044 0.0183445
0.0038025 1040.8 0.136372 267046 -0.0823795
0.0009375 1330.08 0.0986758 267042 -0.15165
0.0028725 1486.36 0.0772581 267042 -0.15809
0.0046575 460.141 0.216153 267043 0.0296165
0.0042525 552.869 0.200447 267044 0.0197952
0.0038175 1021.14 0.138918 267046 -0.0782045
0.0009525 1330.78 0.0985057 267042 -0.151736
0.0046725 458.518 0.216478 267043 0.0295207
0.0042675 545.671 0.201502 267044 0.0211279
0.0038325 1002.21 0.141371 267046 -0.0740725
0.0046875 456.89 0.216794 267043 0.0294131
0.0042825 538.877 0.202495 267044 0.0223731
0.0047025 455.253 0.217104 267043 0.0292941
0.0042975 533.054 0.203431 267043 0.0233338
0.0047175 453.601 0.217407 267043 0.0291648
0.0043125 527.572 0.204313 267043 0.0242586
0.0047325 451.931 0.217704 267043 0.0290348
0.0047475 450.618 0.217995 267043 0.0288854
0.0047625 449.287 0.21828 267043 0.0287449
0.0047775 447.936 0.21856 267043 0.0285968
0.0047925 446.563 0.218835 267043 0.0284494
