0.001605 2043.74 0.0861547 256683 0.0273428 0.428302
0.001615 2047.06 0.0859922 256683 0.0260068 0.427608
0.001625 2050.33 0.0858335 256683 0.0246758 0.426929
0.001635 2053.48 0.0856786 256676 0.0233258 0.426264
0.001645 2054.35 0.0855274 256683 0.0219791 0.426098
0.001655 2055.1 0.0853796 256683 0.0206447 0.425943
0.001665 2055.8 0.0852351 256683 0.0193217 0.425799
0.001675 2056.44 0.085094 256683 0.0180142 0.425667
0.001685 2057.04 0.084956 256683 0.0167223 0.425546
0.001695 2057.58 0.0848212 256683 0.0154463 0.425435
0.001705 2058.07 0.0846893 256683 0.0141864 0.425334
0.001715 2058.51 0.0845604 256683 0.0129427 0.425244
0.001725 2058.91 0.0844343 256683 0.0117154 0.425163
0.001735 2059.26 0.084311 256684 0.0105047 0.425091
0.001745 2059.57 0.0841902 256684 0.00931058 0.425028
0.001755 2059.84 0.084072 256684 0.00813332 0.424973
0.001765 2060.06 0.0839562 256684 0.00697302 0.424927
0.001775 2060.25 0.0838427 256684 0.00582983 0.424889
0.001785 2060.4 0.0837314 256684 0.0047039 0.424858
0.001795 2060.52 0.0836221 256684 0.00359544 0.424834
0.001805 2060.6 0.0835149 256684 0.0025048 0.424818
0.001815 2060.66 0.0834095 256683 0.0014326 0.424807
0.001825 2060.68 0.0833059 256683 0.00037468 0.424803
0.001835 2060.67 0.0832039 256683 -0.000664646 0.424805
0.001845 2060.64 0.0831034 256684 -0.00168531 0.424813
0.001855 2060.58 0.0830043 256684 -0.00268621 0.424825
0.001865 2060.5 0.0829065 256684 -0.00366995 0.424842
0.001875 2060.39 0.0828099 256684 -0.00463588 0.424864
0.001885 2060.27 0.0827143 256684 -0.00558392 0.42489
0.001895 2060.13 0.0826196 256684 -0.00651411 0.42492
0.001905 2059.97 0.0825256 256684 -0.00742651 0.424953
0.001915 2059.8 0.0824323 256684 -0.00832121 0.424989
0.000645 1511.5 0.122555 256684 0.112864 0.577755
0.000655 1517.42 0.122064 256684 0.112723 0.575516
0.000665 1523.4 0.12157 256684 0.112574 0.573277
0.000675 1529.41 0.121075 256684 0.112409 0.57104
0.000685 1535.47 0.120578 256684 0.112222 0.568804
0.000695 1541.57 0.120079 256684 0.112004 0.56657
0.000705 1547.71 0.119578 256684 0.111749 0.564341
0.000715 1553.89 0.119076 256684 0.111454 0.562116
0.000725 1560.09 0.118573 256684 0.111117 0.559897
0.000735 1566.34 0.118069 256684 0.110744 0.557683
0.000745 1572.61 0.117564 256684 0.11034 0.555477
0.000755 1578.91 0.117059 256684 0.109914 0.553279
0.000765 1585.24 0.116554 256684 0.109474 0.551089
0.000775 1591.59 0.116049 256684 0.109028 0.548908
0.000785 1597.96 0.115543 256684 0.108579 0.546737
0.000795 1604.35 0.115038 256684 0.108132 0.544577
0.000805 1610.77 0.114534 256684 0.107684 0.542428
5e-06 1303.4 0.140691 256684 0.110294 0.669444
0.000815 1617.19 0.11403 256684 0.107234 0.54029
0.000825 1623.64 0.113527 256684 0.106778 0.538165
0.000835 1630.09 0.113026 256684 0.106312 0.536053
0.000845 1636.55 0.112525 256684 0.105832 0.533954
1.5e-05 1303.49 0.140682 256684 0.110303 0.669395
0.000855 1643.02 0.112026 256684 0.105336 0.531869
2.5e-05 1303.69 0.140664 256684 0.110322 0.669294
0.000865 1649.5 0.111528 256684 0.104823 0.529798
3.5e-05 1303.98 0.140637 256684 0.110349 0.669143
0.000875 1655.98 0.111032 256684 0.104291 0.527743
0.000885 1662.47 0.110539 256684 0.103741 0.525702
4.5e-05 1304.38 0.140601 256684 0.110382 0.668941
0.000895 1668.95 0.110047 256684 0.103172 0.523677
5.5e-05 1304.87 0.140556 256684 0.110423 0.668687
0.000905 1675.44 0.109557 256684 0.102585 0.521668
6.5e-05 1305.47 0.140502 256684 0.11047 0.668381
0.000915 1681.92 0.10907 256684 0.101981 0.519676
7.5e-05 1306.18 0.140438 256684 0.110524 0.668023
0.000925 1688.39 0.108586 256684 0.10136 0.517701
8.5e-05 1306.98 0.140365 256684 0.110584 0.667612
0.000935 1694.86 0.108104 256684 0.100723 0.515742
0.001285 1904.97 0.0938066 256683 0.0686535 0.459318
9.5e-05 1307.89 0.140282 256684 0.110649 0.667149
0.000945 1701.32 0.107625 256684 0.100068 0.513801
0.000325 1358.19 0.135754 256684 0.113014 0.642537
0.000955 1707.77 0.107149 256684 0.0993967 0.511878
0.000105 1308.9 0.14019 256684 0.110721 0.666634
0.000965 1714.21 0.106676 256684 0.0987087 0.509972
0.004805 373.738 0.232918 256684 0.0254296 2.38313
0.004165 372.451 0.232839 256684 0.0767145 2.39123
0.000975 1720.64 0.106206 256684 0.098004 0.508085
0.004815 373.807 0.232918 256684 0.0246124 2.3827
0.000985 1727.05 0.10574 256684 0.0972827 0.506216
0.004175 372.373 0.232848 256684 0.075959 2.39175
0.004825 374.124 0.232918 256684 0.0238074 2.38067
0.000995 1733.44 0.105278 256684 0.0965447 0.504366
0.004185 372.274 0.232856 256684 0.0751978 2.39239
0.004835 374.422 0.232918 256684 0.0230548 2.37878
0.001005 1739.81 0.104819 256684 0.0957902 0.502535
0.004195 372.156 0.232863 256684 0.0744308 2.39316
0.004845 374.698 0.232918 256684 0.0222684 2.37702
0.001015 1746.17 0.104363 256684 0.0950192 0.500723
0.004205 372.014 0.232869 256684 0.0736828 2.39408
0.004855 374.952 0.232918 256684 0.0214802 2.37541
0.001025 1752.5 0.103912 256684 0.0942319 0.49893
0.004215 371.846 0.232875 256684 0.0728507 2.39517
0.004865 375.184 0.232918 256684 0.0206875 2.37395
0.001035 1758.81 0.103464 256684 0.0934285 0.497156
0.004225 371.897 0.23288 256684 0.0720521 2.39485
0.004875 375.392 0.232918 256684 0.0198894 2.37263
0.001045 1765.09 0.103021 256684 0.0926089 0.495402
0.004235 371.923 0.232885 256684 0.0712428 2.39469
0.004885 375.575 0.232918 256684 0.0191 2.37148
0.001055 1771.35 0.102582 256684 0.0917734 0.493668
0.004245 371.919 0.232888 256684 0.0704164 2.39473
0.004895 375.732 0.232918 256684 0.0182745 2.37049
0.001065 1777.58 0.102147 256684 0.0909219 0.491953
0.004255 371.883 0.232892 256684 0.0695875 2.39496
0.004905 376.15 0.232918 256684 0.0174597 2.36785
0.001075 1783.78 0.101716 256684 0.0900545 0.490258
0.004265 371.819 0.232895 256684 0.0688015 2.39538
0.004915 376.544 0.232918 256684 0.0166759 2.36537
0.001085 1789.94 0.10129 256684 0.0891712 0.488583
0.004275 371.737 0.232898 256684 0.0680574 2.39591
0.004925 376.909 0.232918 256684 0.0158662 2.36308
0.001925 2059.62 0.0823396 256684 -0.00919828 0.425028
0.001095 1796.08 0.100869 256684 0.0882719 0.486929
0.004285 371.652 0.2329 256684 0.0673808 2.39647
0.004935 377.244 0.232918 256684 0.0150564 2.36098
0.002245 2050.18 0.0787103 256684 -0.0225013 0.427097
0.004295 371.558 0.232903 256684 0.0665361 2.39708
0.001105 1802.19 0.100452 256684 0.0873568 0.485294
0.004945 377.547 0.232918 256684 0.0142459 2.35909
0.004305 371.662 0.232904 256684 0.0656539 2.39641
0.001115 1808.25 0.10004 256684 0.0864259 0.483679
0.004955 377.819 0.232918 256684 0.0134476 2.35739
0.002255 2050.64 0.078543 256684 -0.0224345 0.42701
0.004315 371.714 0.232906 256684 0.0648222 2.39608
0.001935 2059.42 0.0822472 256684 -0.0100578 0.425069
0.001125 1814.29 0.0996324 256684 0.0854797 0.482085
0.004965 378.061 0.232918 256684 0.0126273 2.35588
0.002265 2051.17 0.0783702 256684 -0.0223433 0.426908
0.004325 371.723 0.232908 256684 0.063994 2.39602
0.001135 1820.28 0.0992298 256684 0.0845186 0.48051
0.001945 2059.22 0.082155 256684 -0.0108996 0.425113
0.004975 378.563 0.232918 256684 0.0118175 2.35276
0.004335 371.701 0.232909 256684 0.0631722 2.39617
0.002275 2051.79 0.0781917 256684 -0.0222533 0.426788
0.001145 1826.24 0.0988322 256684 0.0835435 0.478956
0.004985 379.037 0.232918 256684 0.011033 2.34981
0.001955 2059 0.082063 256684 -0.0117226 0.425158
0.004345 371.651 0.23291 256684 0.0623799 2.3965
0.002285 2052.49 0.0780075 256684 -0.0212213 0.426652
0.001155 1832.16 0.0984395 256684 0.0825552 0.477423
0.004995 379.482 0.232918 256684 0.010229 2.34706
0.001965 2058.78 0.0819709 256682 -0.012536 0.425204
0.004355 371.571 0.232911 256684 0.0615916 2.39701
0.002295 2052.66 0.0778579 256611 -0.0461643 0.426506
0.001165 1838.03 0.0980518 256684 0.0815549 0.475909
0.005005 379.895 0.232918 256684 0.0094227 2.34451
0.001975 2058.14 0.0818786 256684 -0.0133131 0.425339
0.004365 371.458 0.232912 256684 0.060718 2.39774
0.002305 2029.42 0.0797714 256685 -0.0708118 0.431521
0.001175 1843.87 0.0976692 256684 0.0805437 0.474416
0.005015 380.277 0.232918 256684 0.00861287 2.34215
0.001985 2057.49 0.081786 256684 -0.0140611 0.425474
0.004375 371.559 0.232913 256684 0.0598631 2.39709
0.002315 2005.5 0.0817274 256684 -0.0686757 0.436675
0.001185 1849.66 0.0972917 256684 0.0795225 0.472943
0.005025 380.626 0.232918 256684 0.00780015 2.34001
0.001995 2056.85 0.0816929 256684 -0.0147816 0.425609
0.004385 371.632 0.232913 256684 0.0590776 2.39663
0.002325 1981.54 0.0836851 256684 -0.0675847 0.441966
0.001195 1855.41 0.0969194 256684 0.0784919 0.47149
0.005035 380.942 0.232918 256684 0.00698484 2.33807
0.002005 2056.21 0.0815992 256684 -0.0154718 0.425743
0.004395 371.671 0.232914 256684 0.058247 2.39637
0.002335 1957.53 0.0856439 256684 -0.0664127 0.447398
0.001205 1861.11 0.0965523 256684 0.0774521 0.470057
0.005045 381.223 0.232918 256684 0.0061674 2.33634
0.002015 2055.58 0.0815047 256684 -0.0161309 0.425876
0.004405 371.679 0.232914 256684 0.0574396 2.39632
0.002345 1933.47 0.0876036 256684 -0.0651942 0.452977
0.001215 1866.76 0.0961905 256684 0.0764025 0.468645
0.005055 381.471 0.232918 256684 0.00534826 2.33482
0.002025 2054.95 0.0814092 256684 -0.0167586 0.426006
0.004415 371.658 0.232915 256684 0.05664 2.39646
0.002355 1909.37 0.0895636 256684 -0.0639288 0.458709
0.004485 371.674 0.232917 256684 0.0511707 2.39636
0.001225 1872.37 0.0958339 256683 0.0753422 0.467253
0.005065 381.683 0.232918 256684 0.00452788 2.33352
0.002035 2054.35 0.0813126 256684 -0.0173541 0.426134
0.004425 371.612 0.232915 256684 0.0558897 2.39676
0.002365 1885.22 0.0915237 256684 -0.0626174 0.464597
0.001235 1877.93 0.0954826 256683 0.0742695 0.465881
0.005075 381.86 0.232918 256684 0.00370673 2.33244
0.002045 2053.76 0.0812147 256684 -0.0179172 0.426259
0.004435 371.54 0.232916 256684 0.0551582 2.39722
0.002375 1861.04 0.0934833 256684 -0.0612611 0.47065
0.001245 1883.44 0.0951367 256683 0.0731825 0.464528
0.005085 382.003 0.232918 256684 0.00288566 2.33157
0.002055 2053.19 0.0811154 256684 -0.0184473 0.42638
0.004445 371.439 0.232916 256684 0.0543619 2.39788
0.002385 1836.83 0.0954421 256685 -0.0598609 0.476872
0.001255 1888.9 0.0947961 256683 0.0720791 0.463196
0.005095 382.109 0.232918 256684 0.00206537 2.33092
0.004495 371.643 0.232917 256684 0.050343 2.39657
0.002065 2052.64 0.0810144 256684 -0.0189441 0.426496
0.004455 371.55 0.232916 256684 0.0535456 2.39716
0.002395 1812.58 0.0973996 256685 -0.0584182 0.48327
0.001265 1894.31 0.0944608 256683 0.0709573 0.461884
0.005105 382.18 0.232918 256684 0.00125809 2.33049
0.004505 371.576 0.232917 256684 0.0495799 2.397
0.002075 2052.12 0.0809117 256684 -0.0194075 0.426607
0.004465 371.63 0.232916 256684 0.0527992 2.39665
0.002405 1788.3 0.0993554 256685 -0.0569341 0.48985
0.001275 1899.67 0.094131 256683 0.0698157 0.460591
0.005115 382.216 0.232918 256684 0.000411862 2.33027
0.004515 371.475 0.232917 256684 0.0487583 2.39765
0.002085 2051.63 0.080807 256684 -0.0198373 0.426712
0.004475 371.671 0.232916 256684 0.051981 2.39638
0.002415 1764 0.101309 256685 -0.0554102 0.496622
0.004525 371.59 0.232917 256684 0.0479377 2.39691
0.004535 371.681 0.232917 256684 0.0471971 2.39632
0.003845 389.27 0.231235 256684 0.097871 2.28687
0.004545 371.745 0.232917 256684 0.0464192 2.39591
0.004555 371.781 0.232917 256684 0.0456357 2.39568
0.004565 371.791 0.232917 256684 0.0448311 2.39561
0.004575 371.775 0.232917 256684 0.0440164 2.39572
0.003855 388.167 0.231356 256684 0.0972778 2.29342
0.004585 371.731 0.232917 256684 0.0432368 2.396
0.003865 387.11 0.23147 256684 0.0966569 2.29974
0.004595 371.657 0.232917 256684 0.0423812 2.39648
0.003875 386.096 0.231577 256684 0.0960393 2.30583
0.004605 371.802 0.232917 256684 0.0415191 2.39554
0.003885 385.123 0.231678 256684 0.0954459 2.31171
0.004615 371.918 0.232917 256684 0.0407178 2.39479
0.003895 384.189 0.231773 256684 0.0948787 2.31738
0.004625 372.001 0.232917 256684 0.0398703 2.39426
0.003905 383.293 0.231863 256684 0.0943256 2.32284
0.004635 372.048 0.232917 256684 0.0390177 2.39395
0.002565 1427.34 0.129886 256685 -0.0267631 0.614402
0.003915 382.433 0.231946 256684 0.0937725 2.32812
0.004645 372.062 0.232917 256684 0.0381561 2.39387
0.003525 452.299 0.223406 256684 0.107795 1.96611
0.003925 381.608 0.232025 256684 0.093211 2.3332
0.004655 372.042 0.232917 256684 0.0373218 2.394
0.002885 831.021 0.182056 256686 0.0577566 1.06071
0.003935 380.817 0.232098 256684 0.0926403 2.33809
0.004665 371.99 0.232917 256684 0.0364942 2.39433
0.003535 449.729 0.223758 256684 0.107692 1.97742
0.002575 1405.79 0.131714 256685 -0.0244239 0.623884
0.003945 380.058 0.232166 256684 0.0920629 2.3428
0.002895 817.097 0.183337 256686 0.0602553 1.07901
0.004675 372.165 0.232917 256684 0.0356551 2.39321
0.003545 446.887 0.224105 256684 0.10796 1.99009
0.002585 1384.36 0.13353 256685 -0.0220386 0.633606
0.003955 379.332 0.232229 256684 0.0914787 2.34733
0.002905 803.554 0.184586 256686 0.0627017 1.09744
0.004685 372.318 0.232917 256684 0.0349054 2.39222
0.003555 444.237 0.224447 256684 0.10797 2.00204
0.003965 378.635 0.232288 256684 0.0908825 2.35169
0.002595 1363.07 0.135331 256685 -0.0196087 0.643571
0.002915 790.394 0.185805 256686 0.0650926 1.11595
0.004695 372.446 0.232917 256684 0.0341156 2.3914
0.003565 441.738 0.224783 256684 0.107854 2.01344
0.003975 377.963 0.232343 256684 0.0902684 2.35591
0.002605 1341.93 0.137118 256685 -0.0171356 0.653783
0.002925 777.62 0.186994 256686 0.0674248 1.13453
0.004705 372.551 0.232917 256684 0.0333325 2.39072
0.003575 439.371 0.225112 256684 0.107669 2.02436
0.003985 377.309 0.232394 256684 0.0896265 2.36003
0.002615 1320.94 0.138891 256685 -0.0146208 0.664247
0.002935 765.234 0.188152 256686 0.0696952 1.15315
0.004715 372.632 0.232917 256684 0.0325511 2.39021
0.003585 436.731 0.225435 256684 0.107452 2.03669
0.003995 376.871 0.232441 256684 0.0889743 2.36281
0.003205 554.466 0.20959 256684 0.105412 1.59972
0.002945 753.236 0.189279 256686 0.071901 1.17178
0.002625 1300.12 0.140648 256685 -0.012066 0.674965
0.003595 434.186 0.225752 256684 0.107194 2.0487
0.004005 376.448 0.232484 256684 0.088327 2.3655
0.004725 372.687 0.232918 256684 0.0317803 2.38985
0.002955 741.626 0.190376 256686 0.0740396 1.19038
0.003605 431.751 0.226063 256684 0.106962 2.06033
0.002635 1279.47 0.142388 256686 -0.00947294 0.685941
0.004015 376.033 0.232524 256684 0.0876589 2.36814
0.002965 730.404 0.191443 256685 0.0761085 1.20894
0.004735 372.716 0.232918 256684 0.0309731 2.38966
0.003615 429.427 0.226366 256684 0.106724 2.07155
0.002645 1259.01 0.144112 256686 -0.0068443 0.697176
0.004025 375.626 0.232561 256684 0.0869864 2.37074
0.002975 719.567 0.19248 256685 0.0781055 1.22741
0.003215 550.324 0.210123 256684 0.105544 1.61199
0.003625 427.214 0.226663 256684 0.106478 2.08236
0.004745 372.718 0.232918 256684 0.0301759 2.38965
0.004035 375.224 0.232595 256684 0.0863106 2.37331
0.002655 1238.75 0.145817 256686 -0.0041784 0.708673
0.002985 709.115 0.193488 256685 0.0800276 1.24578
0.003635 425.112 0.226952 256684 0.106209 2.09272
0.003225 546.314 0.210644 256684 0.105492 1.62403
0.004755 372.956 0.232918 256684 0.029352 2.38813
0.004045 374.826 0.232626 256684 0.0856267 2.37585
0.000115 1310.02 0.140088 256684 0.110797 0.666065
0.002665 1218.69 0.147504 256686 -0.00149981 0.720434
0.003645 422.79 0.227233 256684 0.105893 2.10429
0.002995 699.042 0.194467 256685 0.0818709 1.264
0.004055 374.43 0.232654 256684 0.0849377 2.37839
0.003235 542.44 0.211155 256683 0.105886 1.63583
0.004765 373.171 0.232918 256684 0.0286054 2.38675
0.003655 420.55 0.227508 256684 0.105599 2.11557
0.002675 1198.84 0.149171 256686 0.00180673 0.73246
0.003005 689.346 0.195418 256685 0.0836312 1.28205
0.004065 374.028 0.23268 256684 0.0842099 2.38097
0.004775 373.357 0.232918 256684 0.0278085 2.38556
0.003245 538.045 0.211657 256684 0.10685 1.6494
0.003665 418.403 0.227775 256684 0.104639 2.1265
0.002685 1179.23 0.150817 256689 0.00275701 0.74476
0.003015 680.021 0.19634 256685 0.0853055 1.29991
0.004075 373.859 0.232704 256684 0.0834795 2.38207
0.004785 373.514 0.232918 256684 0.0270118 2.38456
0.003675 416.35 0.228034 256680 0.106202 2.13703
0.003255 533.954 0.21215 256684 0.10748 1.66224
0.000335 1361.64 0.135447 256684 0.113117 0.640918
0.002695 1159.84 0.15244 256686 0.00733339 0.757307
0.003025 671.061 0.197235 256685 0.0868957 1.31755
0.004085 373.686 0.232725 256684 0.0827708 2.3832
0.004795 373.64 0.232918 256684 0.0262131 2.38375
0.003685 414.392 0.228286 256684 0.10399 2.14723
0.003265 530.111 0.212636 256684 0.107855 1.67447
0.002705 1140.7 0.154042 256684 0.00832919 0.770131
0.000345 1365.19 0.135132 256684 0.113217 0.63926
0.003035 662.459 0.198104 256685 0.0884109 1.33494
0.001295 1910.22 0.0934875 256683 0.0674707 0.458065
0.003045 654.209 0.198947 256685 0.0898683 1.35205
0.002095 2051.17 0.0807001 256684 -0.0202338 0.426811
0.003055 646.307 0.199764 256685 0.0912879 1.36886
0.002425 1739.67 0.10326 256685 -0.0538123 0.50359
0.003065 638.752 0.200556 256685 0.0926821 1.38533
0.004095 373.501 0.232745 256684 0.082029 2.3844
0.003075 631.545 0.201325 256685 0.0940422 1.40141
0.002435 1715.36 0.105208 256690 -0.0521567 0.510764
0.001305 1915.42 0.0931739 256683 0.0662683 0.456832
0.004105 373.301 0.232763 256684 0.0812803 2.38569
0.003695 412.529 0.228529 256684 0.104302 2.15699
0.002105 2050.75 0.0805909 256684 -0.020597 0.426902
0.003085 624.683 0.202071 256683 0.0951784 1.41707
0.002445 1692.87 0.107152 256685 -0.0506442 0.517567
0.001315 1920.56 0.0928656 256683 0.0650479 0.455618
0.004115 373.086 0.232779 256684 0.0805399 2.38709
0.003705 410.517 0.228765 256684 0.103913 2.16764
0.003095 617.145 0.202795 256685 0.0965299 1.43466
0.002115 2050.36 0.0804792 256684 -0.0209274 0.426986
0.003275 526.472 0.213114 256684 0.108088 1.68623
0.002455 1670.43 0.10909 256685 -0.048983 0.524547
0.003715 408.585 0.228992 256684 0.10356 2.17796
0.004125 372.862 0.232794 256684 0.0798516 2.38854
0.001325 1925.64 0.0925628 256683 0.0638119 0.454423
0.003105 609.91 0.203499 256685 0.0976571 1.45195
0.002125 2050.02 0.0803648 256684 -0.0212254 0.427062
0.003285 523.022 0.213584 256684 0.10827 1.69753
0.002465 1648.03 0.111022 256685 -0.0472589 0.531709
0.003725 406.741 0.229212 256684 0.103201 2.1879
0.004135 372.655 0.232807 256684 0.079319 2.38988
0.002715 1120.95 0.155821 256686 0.0102429 0.783826
0.003115 603.003 0.204183 256684 0.0987489 1.46885
0.001335 1930.67 0.0922653 256683 0.0625629 0.453248
0.002135 2049.72 0.0802475 256684 -0.0214916 0.427128
0.003295 519.756 0.214048 256684 0.108433 1.70837
0.002475 1625.66 0.112947 256685 -0.0454708 0.539059
0.003735 404.984 0.229424 256684 0.102829 2.19746
0.004145 372.492 0.232819 256684 0.0785151 2.39094
0.003125 596.427 0.204848 256684 0.0997727 1.48531
0.002725 1101.44 0.157579 256686 0.0131718 0.797839
0.001345 1935.65 0.0919733 256684 0.061304 0.452092
0.002145 2049.47 0.0801271 256684 -0.0217266 0.427185
0.003305 516.674 0.214506 256683 0.108544 1.71872
0.002485 1603.34 0.114865 256685 -0.0436205 0.546599
0.003745 403.31 0.229627 256684 0.102437 2.20664
0.004155 372.498 0.23283 256684 0.0775893 2.39091
0.003135 590.176 0.205495 256684 0.100732 1.5013
0.002735 1082.18 0.159313 256686 0.0160309 0.812166
0.001355 1940.56 0.0916866 256684 0.0600377 0.450954
0.002155 2049.27 0.0800035 256684 -0.021931 0.427232
0.000355 1368.84 0.134808 256684 0.113313 0.637565
0.002165 2049.12 0.0798763 256684 -0.0221053 0.427268
0.000365 1372.58 0.134476 256684 0.113406 0.635834
0.002175 2049.03 0.0797455 256684 -0.0222505 0.427292
0.000125 1311.25 0.139976 256684 0.110879 0.665445
0.000375 1376.42 0.134136 256684 0.113494 0.634068
0.002185 2048.99 0.0796109 256684 -0.0223673 0.427305
0.003315 513.136 0.214958 256684 0.108673 1.73074
0.000385 1380.36 0.133788 256684 0.113577 0.632268
0.002195 2049.02 0.0794721 256684 -0.0224564 0.427305
0.003325 509.747 0.215404 256684 0.10873 1.7424
0.000395 1384.4 0.133433 256684 0.113655 0.630436
0.002495 1581.08 0.116776 256685 -0.0417094 0.554336
0.002205 2049.11 0.0793291 256684 -0.0225177 0.427292
0.000405 1388.52 0.133069 256684 0.113728 0.628572
0.003335 506.525 0.215845 256684 0.108819 1.75364
0.000135 1312.58 0.139856 256684 0.110966 0.664771
0.002215 2049.27 0.0791816 256684 -0.0225523 0.427265
0.002505 1558.87 0.118678 256685 -0.039739 0.562275
0.000415 1392.74 0.132699 256684 0.113794 0.626679
0.003345 503.474 0.216282 256684 0.10891 1.76441
0.002225 2049.5 0.0790294 256684 -0.0225608 0.427224
0.002515 1536.73 0.120572 256685 -0.0377109 0.570419
0.000425 1397.05 0.132321 256684 0.113853 0.624756
0.003755 401.715 0.229823 256684 0.102021 2.21547
0.003355 500.598 0.216714 256683 0.108974 1.77468
0.002235 2049.81 0.0788724 256684 -0.0225436 0.427168
0.002525 1514.66 0.122456 256685 -0.0356267 0.578774
0.000435 1401.45 0.131936 256684 0.113906 0.622806
0.003145 584.24 0.206125 256684 0.101627 1.51681
0.000145 1314.02 0.139725 256684 0.111056 0.664046
0.003765 400.078 0.23001 256684 0.101581 2.2246
0.003365 497.331 0.217141 256684 0.109043 1.78648
0.000445 1405.94 0.131544 256684 0.113952 0.62083
0.002535 1492.69 0.12433 256685 -0.0334881 0.587346
0.003155 578.606 0.206739 256684 0.102458 1.53183
0.002745 1063.2 0.161023 256686 0.0189205 0.826805
0.003165 573.258 0.207337 256684 0.103219 1.54637
0.001365 1945.42 0.0914052 256684 0.0587663 0.449836
0.003775 398.507 0.23019 256684 0.101127 2.23344
0.002755 1044.5 0.162708 256686 0.0218216 0.841751
0.003175 568.183 0.20792 256684 0.103905 1.56042
0.001375 1950.21 0.0911292 256684 0.0574917 0.448737
0.000455 1410.51 0.131145 256684 0.11399 0.618829
0.003185 563.369 0.20849 256684 0.104513 1.57399
0.003785 397.003 0.230362 256684 0.100675 2.24196
0.002765 1026.1 0.164366 256686 0.024726 0.857
0.001385 1954.95 0.0908584 256684 0.0562149 0.447656
0.003195 558.802 0.209046 256684 0.105033 1.58709
0.000465 1415.17 0.13074 256684 0.114019 0.616805
0.003795 395.565 0.230526 256684 0.100228 2.25018
0.001395 1959.63 0.090593 256684 0.0549364 0.446594
0.002545 1470.8 0.126193 256685 -0.0312968 0.596137
0.001405 1964.25 0.0903327 256684 0.0536564 0.44555
0.003375 494.207 0.217564 256684 0.109015 1.7979
0.002555 1449.02 0.128046 256685 -0.0290546 0.605155
0.001415 1968.81 0.0900777 256684 0.0523745 0.444524
0.000155 1315.57 0.139585 256684 0.111151 0.663268
0.002775 1008 0.165998 256686 0.0276266 0.872546
0.000475 1419.91 0.130328 256684 0.114041 0.614758
0.003805 394.191 0.230683 256684 0.0997898 2.25808
0.002785 990.211 0.167603 256686 0.0305268 0.888384
0.000485 1424.73 0.129911 256684 0.114054 0.612689
0.003815 392.876 0.230832 256684 0.0993545 2.2657
0.002795 972.743 0.169179 256686 0.0333967 0.904508
0.000165 1317.22 0.139435 256684 0.11125 0.662438
0.003385 491.227 0.217983 256684 0.108953 1.80894
0.000495 1429.64 0.129487 256684 0.114057 0.610602
0.003825 391.617 0.230973 256684 0.0989029 2.27304
0.002805 955.603 0.170728 256686 0.0362379 0.920908
0.000505 1434.62 0.129057 256684 0.114051 0.608495
0.003835 390.419 0.231108 256684 0.0984112 2.28008
0.003395 488.38 0.218397 256684 0.108874 1.8196
0.002815 938.797 0.172247 256686 0.0390519 0.937577
0.000515 1439.67 0.128622 256684 0.114036 0.606372
0.001425 1973.31 0.0898279 256684 0.05109 0.443517
0.000525 1444.8 0.128182 256684 0.11401 0.604232
0.003405 485.677 0.218808 256683 0.108865 1.82984
0.000535 1450.01 0.127736 256684 0.113974 0.602078
0.001435 1977.75 0.0895832 256684 0.0498022 0.442527
0.003415 482.594 0.219214 256684 0.108974 1.84165
0.000545 1455.28 0.127286 256684 0.113927 0.599911
0.001445 1982.13 0.0893435 256684 0.0485105 0.441556
0.003425 479.677 0.219617 256684 0.109036 1.85297
0.000175 1318.98 0.139276 256684 0.111352 0.661557
0.000555 1460.63 0.12683 256684 0.113868 0.597731
0.001455 1986.44 0.0891089 256684 0.0472144 0.440602
0.003435 476.932 0.220016 256684 0.109066 1.86374
0.002825 922.332 0.173738 256686 0.0418354 0.954504
0.000565 1466.04 0.126371 256684 0.113796 0.59554
0.001465 1990.69 0.0888794 256684 0.0459135 0.439665
0.003445 474.347 0.22041 256683 0.109011 1.87399
0.002835 906.214 0.175199 256686 0.044586 0.971677
0.000575 1471.51 0.125906 256684 0.113712 0.593339
0.001475 1994.89 0.0886547 256684 0.0446077 0.438746
0.003455 471.394 0.2208 256684 0.108929 1.88584
0.002845 890.448 0.176631 256686 0.047301 0.989083
0.000585 1477.05 0.125438 256684 0.113616 0.59113
0.001485 1999.02 0.0884349 256684 0.0432971 0.437845
0.003465 468.558 0.221186 256684 0.108788 1.89735
0.000185 1320.85 0.139106 256684 0.111456 0.660625
0.002855 875.041 0.178032 256686 0.0499782 1.00671
0.000595 1482.65 0.124966 256684 0.113508 0.588913
0.003475 465.855 0.221568 256684 0.10867 1.90846
0.001495 2003.08 0.08822 256684 0.041982 0.43696
0.002865 859.998 0.179404 256686 0.0526151 1.02453
0.000605 1488.31 0.12449 256684 0.11339 0.58669
0.003485 463.243 0.221945 256684 0.10771 1.91931
0.001505 2007.09 0.0880098 256684 0.0406628 0.436092
0.000195 1322.82 0.138928 256684 0.111563 0.659642
0.002875 845.323 0.180745 256686 0.0552089 1.04254
0.003495 460.469 0.222317 256684 0.107694 1.93096
0.001515 2011.03 0.0878043 256684 0.0393399 0.435241
0.000615 1494.03 0.124011 256684 0.113264 0.584461
0.003505 457.609 0.222685 256684 0.108496 1.94312
0.001525 2014.91 0.0876034 256684 0.0380137 0.434406
0.000625 1499.8 0.123528 256684 0.113134 0.582229
0.003515 454.917 0.223048 256684 0.108251 1.95471
0.001535 2018.73 0.0874071 256684 0.0366849 0.433588
0.000205 1324.91 0.13874 256684 0.111672 0.658608
0.000635 1505.62 0.123043 256684 0.113 0.579993
0.001545 2022.49 0.0872153 256684 0.0353538 0.432785
0.000215 1327.1 0.138542 256684 0.111783 0.657525
0.001555 2026.18 0.087028 256684 0.0340209 0.431999
0.001565 2029.82 0.0868449 256684 0.0326866 0.431229
0.001575 2033.39 0.0866662 256684 0.0313514 0.430474
0.000225 1329.4 0.138335 256684 0.111895 0.656393
0.001585 2036.9 0.0864916 256684 0.0300154 0.429735
0.001595 2040.35 0.0863211 256684 0.0286791 0.429011
0.000235 1331.8 0.138118 256684 0.112008 0.655213
0.000245 1334.31 0.137892 256684 0.112122 0.653985
0.000255 1336.93 0.137656 256684 0.112236 0.652709
0.000265 1339.65 0.137412 256684 0.11235 0.651388
0.000275 1342.48 0.137158 256684 0.112464 0.650021
0.000285 1345.42 0.136895 256684 0.112577 0.648609
0.000295 1348.46 0.136623 256684 0.112689 0.647154
0.000305 1351.6 0.136342 256684 0.112799 0.645657
0.000315 1354.84 0.136052 256684 0.112908 0.644117
