0.001925 2101.96 0.00518155 342535 -0.00182021
0.001935 2102.29 0.00512758 342535 -0.00185496
0.001945 2102.62 0.00507342 342535 -0.001889
0.001955 2102.95 0.00501905 342535 -0.00192298
0.001965 2103.29 0.00496444 342535 -0.00195696
0.001975 2103.63 0.00490957 342535 -0.00199075
0.001985 2103.96 0.00485442 342535 -0.00202398
0.001995 2104.3 0.00479896 342535 -0.0020563
0.002005 2104.64 0.0047432 342535 -0.00208757
0.002015 2104.99 0.0046871 342535 -0.00211802
0.002025 2105.33 0.00463067 342535 -0.00214805
0.002035 2105.67 0.0045739 342535 -0.00217816
0.002045 2106.02 0.00451679 342535 -0.00220869
0.002055 2106.37 0.00445935 342535 -0.00223986
0.002065 2106.72 0.0044016 342535 -0.00227165
0.002075 2107.07 0.00434355 342535 -0.00230425
0.002085 2107.42 0.0042852 342535 -0.00232872
0.002095 2107.77 0.00422694 342534 -0.00256098
0.002105 2108.04 0.00419099 342535 -0.00279607
0.002115 2108.3 0.00415516 342535 -0.00282178
0.002125 2108.56 0.00411911 342535 -0.00285676
0.002135 2108.82 0.00408288 342535 -0.00289275
0.002145 2109.08 0.00404648 342535 -0.00292992
0.002155 2109.35 0.00400992 342535 -0.00296786
0.002165 2109.61 0.00397323 342535 -0.00300618
0.002565 2117.94 0.00305756 342535 -0.00493205
0.004485 2166.57 0.00265529 342535 -0.0143728
0.002175 2109.88 0.00393641 342535 -0.00304474
0.002575 2118.14 0.00303648 342535 -0.0049738
0.002585 2118.34 0.00301531 342535 -0.00501619
0.002595 2118.54 0.00299405 342535 -0.00505791
0.002185 2110.15 0.00389947 342535 -0.00308352
0.004495 2166.93 0.00268234 342535 -0.014414
0.002605 2118.74 0.00297269 342535 -0.00509921
0.002615 2118.94 0.00295125 342535 -0.00514156
0.002625 2119.14 0.00292972 342535 -0.00518442
0.002195 2110.41 0.00386242 342535 -0.00312252
0.004505 2167.29 0.00270941 342535 -0.0144558
0.002635 2119.34 0.0029081 342535 -0.00522485
0.002205 2110.68 0.00382526 342535 -0.00316166
0.004515 2167.65 0.0027365 342535 -0.0144956
0.002645 2119.54 0.00288639 342535 -0.00526224
0.002215 2110.95 0.00378799 342535 -0.0032008
0.004525 2168.01 0.00276362 342535 -0.0145338
0.002655 2119.74 0.0028646 342535 -0.00530073
0.002225 2111.22 0.00375062 342535 -0.00324022
0.004535 2168.37 0.00279079 342535 -0.0145734
0.002665 2119.94 0.00284272 342535 -0.00534386
0.002235 2111.49 0.00371314 342535 -0.00327229
0.004545 2168.73 0.00281799 342535 -0.0146157
0.002675 2120.14 0.00282076 342535 -0.00538894
0.002245 2111.75 0.00367584 342535 -0.00348559
0.004555 2169.09 0.00284524 342535 -0.0146592
0.002685 2120.34 0.00279872 342535 -0.0054314
0.002255 2111.94 0.0036581 342535 -0.0037011
0.004565 2169.46 0.0028725 342535 -0.0147015
0.002695 2120.54 0.00277659 342535 -0.00547229
0.002265 2112.13 0.00364053 342535 -0.00373246
0.004575 2169.82 0.0028998 342535 -0.0147422
0.002705 2120.74 0.00275439 342535 -0.00551559
0.002275 2112.32 0.00362284 342535 -0.0037709
0.004585 2170.18 0.0029271 342535 -0.0147821
0.002715 2120.94 0.00273211 342535 -0.00555998
0.002285 2112.5 0.00360502 342535 -0.00380967
0.004595 2170.55 0.00295442 342535 -0.0148218
0.002725 2121.14 0.00270975 342535 -0.00560125
0.002295 2112.69 0.00358707 342535 -0.00384944
0.004605 2170.91 0.00298174 342535 -0.0148559
0.002735 2121.35 0.00268732 342535 -0.00564134
0.002305 2112.88 0.003569 342535 -0.00388995
0.004615 2171.27 0.00300931 342535 -0.0150308
0.002745 2121.55 0.00266482 342535 -0.00568542
0.002315 2113.07 0.0035508 342535 -0.00393055
0.004625 2171.65 0.0030523 342535 -0.0153589
0.002755 2121.75 0.00264225 342535 -0.00573064
0.002325 2113.26 0.00353246 342535 -0.00397065
0.004635 2171.99 0.00311119 342535 -0.0155429
0.002765 2121.95 0.00261961 342535 -0.0057704
0.002335 2113.45 0.003514 342535 -0.00401001
0.004645 2172.33 0.00317031 342535 -0.0155793
0.002775 2122.15 0.0025969 342535 -0.00580829
0.002345 2113.64 0.00349541 342535 -0.00404875
0.004655 2172.68 0.00322942 342535 -0.0156196
0.002785 2122.35 0.00257413 342535 -0.00585344
0.002355 2113.83 0.0034767 342535 -0.00408726
0.004665 2173.02 0.00328853 342535 -0.0156579
0.002795 2122.56 0.0025513 342535 -0.00590206
0.002365 2114.02 0.00345786 342535 -0.00412594
0.004675 2173.37 0.00334763 342535 -0.0156952
0.002805 2122.76 0.00252842 342535 -0.00594254
0.002375 2114.22 0.0034389 342535 -0.00416495
0.003205 2129.71 0.00232908 342535 -0.00811445
0.004685 2173.71 0.00340673 342535 -0.0157319
0.002815 2122.96 0.00250548 342535 -0.00597976
0.003845 2143.75 0.00232893 342535 -0.0111003
0.001285 2057.29 0.0129826 342535 0.000875504
5e-06 2013.76 0.0205017 342535 0.00135782
0.002385 2114.41 0.00341981 342535 -0.0042043
0.004695 2174.06 0.00346584 342535 -0.0157686
0.003215 2129.87 0.00232908 342535 -0.00815801
0.002825 2123.16 0.00248249 342535 -0.00602234
0.003855 2144.05 0.00232893 342535 -0.0111432
0.001295 2057.94 0.0128708 342535 0.000864658
1.5e-05 2013.77 0.0205008 342535 0.00135845
0.002395 2114.6 0.00340061 342535 -0.00424404
0.004705 2174.4 0.00352495 342535 -0.0158059
0.003225 2130.03 0.00232908 342535 -0.00820556
0.002835 2123.36 0.00245965 342535 -0.00618861
0.003865 2144.35 0.00232893 342535 -0.0111926
0.001305 2058.58 0.0127582 342535 0.000853228
2.5e-05 2013.78 0.0204989 342535 0.00135897
0.002405 2114.8 0.00338129 342535 -0.00428418
0.004715 2174.75 0.00358407 342535 -0.0158445
0.003235 2130.19 0.00232908 342535 -0.00825329
0.003875 2144.65 0.00232893 342535 -0.0112451
0.002845 2123.55 0.0024496 342535 -0.00634728
0.001315 2059.23 0.0126449 342535 0.000841185
3.5e-05 2013.79 0.020496 342535 0.00135934
0.005125 2186.19 0.0066598 342535 -0.0195773
0.002415 2114.99 0.00336185 342535 -0.00432453
0.004725 2175.1 0.00364319 342535 -0.0158842
0.003245 2130.35 0.00232908 342535 -0.00829965
0.003885 2144.95 0.00232893 342535 -0.0112898
0.002855 2123.73 0.0024397 342535 -0.00637113
0.001325 2059.89 0.0125309 342535 0.000828655
4.5e-05 2013.82 0.0204922 342535 0.00135948
0.005135 2185.84 0.00684324 342535 -0.0196039
0.002425 2115.18 0.0033423 342535 -0.00436473
0.003255 2130.51 0.00232908 342535 -0.00834798
0.002865 2123.91 0.00242976 342535 -0.00640729
5.5e-05 2013.84 0.0204874 342535 0.00135939
0.004735 2175.45 0.00370232 342535 -0.0159239
0.003895 2145.3 0.00232893 342535 -0.0113283
0.001335 2060.55 0.0124163 342535 0.000815865
0.002435 2115.38 0.00332264 342535 -0.00440477
0.003265 2130.67 0.00232908 342535 -0.00839874
0.005145 2185.49 0.00702671 342535 -0.0196441
0.002875 2124.1 0.00241978 342535 -0.00646649
6.5e-05 2013.88 0.0204817 342535 0.00135912
0.001345 2061.21 0.0123009 342535 0.000803054
0.002445 2115.57 0.00330286 342535 -0.00444487
0.004745 2175.79 0.00376145 342535 -0.0159629
0.003905 2145.65 0.00232893 342535 -0.0113696
0.003275 2130.83 0.00232908 342535 -0.00844692
0.005155 2185.14 0.00721024 342535 -0.0196852
0.002885 2124.28 0.00240977 342535 -0.00652367
7.5e-05 2013.92 0.020475 342535 0.00135874
0.001355 2061.88 0.0121849 342535 0.000790392
0.002455 2115.77 0.00328298 342535 -0.00448483
0.004755 2176.14 0.00382057 342535 -0.0160008
0.003915 2146 0.00232893 342535 -0.0114196
0.003285 2130.98 0.00232907 342535 -0.00848972
0.005165 2184.79 0.00739385 342535 -0.0197277
0.002895 2124.47 0.00239972 342535 -0.00655768
8.5e-05 2013.96 0.0204674 342535 0.00135832
0.001365 2062.55 0.0120682 342535 0.000777929
0.002465 2115.97 0.003263 342535 -0.00452397
0.004765 2176.49 0.00387968 342535 -0.016038
0.003925 2146.35 0.00232892 342535 -0.0114676
0.003295 2131.14 0.00232907 342535 -0.00853101
0.005175 2184.44 0.00757755 342535 -0.0197715
0.002905 2124.65 0.00238965 342535 -0.00657873
9.5e-05 2014.01 0.0204588 342535 0.00135796
0.001375 2063.22 0.0119508 342535 0.000765601
0.002475 2116.16 0.00324291 342535 -0.00456227
0.004775 2176.84 0.00393877 342535 -0.016075
0.003935 2146.7 0.00232892 342535 -0.0115075
0.003305 2131.3 0.00232907 342535 -0.00857568
0.000645 2025.18 0.0185391 342535 0.00129903
0.005185 2184.09 0.00776136 342535 -0.019816
0.002915 2124.83 0.00237955 342535 -0.00664065
0.000105 2014.07 0.0204493 342535 0.00135768
0.001385 2063.9 0.0118328 342535 0.000753287
0.002485 2116.36 0.00322271 342535 -0.00460108
0.004785 2177.19 0.00399785 342535 -0.0161121
0.003945 2147.05 0.00232892 342535 -0.0115489
0.002925 2125.02 0.00236944 342535 -0.00670484
0.000115 2014.13 0.0204388 342535 0.00135748
0.003315 2131.46 0.00232906 342535 -0.0086237
0.005195 2183.74 0.0079453 342535 -0.019861
0.000655 2025.53 0.0184786 342535 0.00129636
0.001395 2064.58 0.0117141 342535 0.000740866
0.002495 2116.56 0.00320241 342535 -0.00464188
0.004795 2177.54 0.00405689 342535 -0.0161495
0.003955 2147.4 0.00232892 342535 -0.011603
0.002935 2125.2 0.00235932 342535 -0.00673142
0.000125 2014.19 0.0204273 342535 0.00135737
0.003325 2131.61 0.00232906 342535 -0.00867211
0.005205 2183.39 0.00812937 342535 -0.0199068
0.000665 2025.89 0.0184171 342535 0.00129338
0.001405 2065.26 0.0115947 342535 0.000728267
0.002505 2116.75 0.00318201 342535 -0.00468447
0.004805 2177.9 0.00411589 342535 -0.016187
0.003965 2147.75 0.00232892 342535 -0.0116615
0.002945 2125.38 0.00234918 342535 -0.00675729
0.000135 2014.27 0.0204149 342535 0.0013573
0.005215 2183.04 0.00831358 342535 -0.0199367
0.003335 2131.77 0.00232906 342535 -0.00871979
0.000675 2026.25 0.0183547 342535 0.00129006
0.001415 2065.95 0.0114747 342535 0.000715478
0.002515 2116.95 0.00316151 342535 -0.0047273
0.005765 2024.96 0.0340237 342535 -0.0292958
0.004815 2178.25 0.00417485 342535 -0.0162242
0.003975 2148.1 0.00232892 342535 -0.0117035
0.002955 2125.57 0.00233904 342535 -0.00679526
0.000145 2014.34 0.0204016 342535 0.00135726
0.005225 2182.68 0.00849862 342534 -0.0203985
0.003345 2131.93 0.00232905 342535 -0.0087676
0.000685 2026.62 0.0182915 342535 0.00128646
0.001425 2066.64 0.011354 342535 0.000702513
0.002525 2117.15 0.00314092 342535 -0.00476927
0.005775 2020.22 0.0346708 342535 -0.0292963
0.004825 2178.6 0.00423377 342535 -0.0162604
0.003355 2132.08 0.00232905 342535 -0.00881562
0.003985 2148.44 0.00232892 342535 -0.011732
0.002965 2125.75 0.00232899 342535 -0.00694761
0.000155 2014.43 0.0203873 342535 0.00135725
0.005235 2181.93 0.00872948 342534 -0.0212824
0.000695 2026.99 0.0182274 342535 0.00128267
0.001435 2067.34 0.0112327 342535 0.000689374
0.002535 2117.34 0.00312022 342535 -0.00481048
0.005785 2015.47 0.035318 342535 -0.0292965
0.004835 2178.96 0.00429262 342535 -0.016296
0.003365 2132.24 0.00232904 342535 -0.00886299
0.003995 2148.79 0.00232892 342535 -0.0117719
0.002975 2125.92 0.00232892 342535 -0.00710181
0.000165 2014.52 0.020372 342535 0.00135727
0.005245 2180.9 0.00900597 342535 -0.0217354
0.000705 2027.37 0.0181624 342535 0.0012788
0.001445 2068.04 0.0111107 342535 0.000676009
0.005795 2010.73 0.0359655 342535 -0.0292964
0.002545 2117.54 0.00309943 342535 -0.00485116
0.004845 2179.31 0.0043514 342535 -0.0163315
0.003375 2132.39 0.00232904 342535 -0.00890978
0.004005 2149.14 0.00232892 342535 -0.0118281
0.002985 2126.08 0.00232893 342535 -0.0071388
0.000175 2014.61 0.0203558 342535 0.00135731
0.005255 2179.86 0.00928327 342535 -0.0217627
0.000715 2027.75 0.0180966 342535 0.00127494
0.005805 2005.98 0.0366131 342535 -0.0292961
0.001455 2068.74 0.010988 342535 0.000662325
0.007045 927.19 0.151264 342536 -0.0165899
0.002555 2117.74 0.00307854 342535 -0.00489145
0.004855 2179.67 0.00441012 342535 -0.0163675
0.003385 2132.55 0.00232903 342535 -0.00895703
0.004015 2149.49 0.00232892 342535 -0.0118897
0.002995 2126.25 0.00232894 342535 -0.00716347
0.000185 2014.71 0.0203387 342535 0.00135736
0.000195 2014.82 0.0203206 342535 0.00135737
0.003395 2132.7 0.00232903 342535 -0.009005
0.000205 2014.93 0.0203015 342535 0.0013573
0.005265 2178.82 0.00956068 342535 -0.0218066
0.000215 2015.04 0.0202815 342535 0.0013571
0.000225 2015.16 0.0202606 342535 0.00135675
0.003405 2132.85 0.00232903 342535 -0.00905307
0.000235 2015.29 0.0202387 342535 0.00135626
0.005275 2177.78 0.00983821 342535 -0.0218501
0.000245 2015.43 0.0202158 342535 0.0013557
0.003415 2133 0.00232902 342535 -0.0091011
0.005285 2176.73 0.0101158 342535 -0.0218938
0.000255 2015.56 0.020192 342535 0.00135511
0.003425 2133.16 0.00232902 342535 -0.00914941
0.005815 2001.23 0.037261 342535 -0.0292956
0.005295 2175.69 0.0103936 342535 -0.0219373
0.000265 2015.71 0.0201673 342535 0.00135458
0.003435 2133.31 0.00232901 342535 -0.0091976
0.005305 2174.65 0.0106715 342535 -0.0219806
0.000275 2015.86 0.0201416 342535 0.00135416
0.003445 2133.46 0.00232901 342535 -0.00924481
0.005315 2173.61 0.0109495 342535 -0.022024
0.000285 2016.01 0.020115 342535 0.00135386
0.003455 2133.61 0.00232901 342535 -0.00929131
0.005825 1996.47 0.037909 342535 -0.0292952
0.005325 2172.56 0.0112276 342535 -0.0220677
0.004025 2149.83 0.00232892 342535 -0.011924
0.000295 2016.17 0.0200875 342535 0.00135365
0.003465 2133.76 0.002329 342535 -0.00933834
0.005335 2171.52 0.0115058 342535 -0.0221117
0.005835 1991.71 0.0385572 342535 -0.0292953
0.000305 2016.34 0.020059 342535 0.00135345
0.003475 2133.91 0.002329 342535 -0.00938585
0.005345 2170.47 0.0117842 342535 -0.0221571
0.005845 1986.95 0.0392056 342535 -0.0292961
0.000315 2016.51 0.0200295 342535 0.00135317
0.003485 2134.12 0.00232899 342535 -0.00943557
0.005355 2169.43 0.0120626 342535 -0.0221802
0.005855 1982.18 0.0398542 342535 -0.029298
0.004035 2150.18 0.00232891 342535 -0.0119436
0.000325 2016.69 0.0199992 342535 0.00135268
0.003495 2134.32 0.00232899 342535 -0.00948308
0.005365 2168.37 0.0123422 342534 -0.0228215
0.000725 2028.14 0.0180298 342535 0.00127114
0.005865 1977.41 0.040503 342535 -0.0293013
0.000335 2016.87 0.0199678 342535 0.00135193
0.004045 2150.53 0.00232891 342535 -0.0119915
0.003505 2134.52 0.00232899 342535 -0.00952929
0.005375 2166.94 0.0126854 342535 -0.0234614
0.005875 1972.64 0.041152 342535 -0.0293063
0.000345 2017.06 0.0199356 342535 0.00135088
0.004055 2150.88 0.00232891 342535 -0.0120567
0.003515 2134.73 0.00232899 342535 -0.00957519
0.005385 2165.5 0.0130297 342535 -0.0234819
0.005885 1967.86 0.0418012 342535 -0.0293132
0.000355 2017.25 0.0199024 342535 0.00134958
0.004065 2151.22 0.00232891 342535 -0.012114
0.003525 2134.93 0.00232898 342535 -0.00962144
0.005395 2164.06 0.0133741 342535 -0.0235266
0.000735 2028.53 0.0179622 342535 0.00126741
0.005895 1963.07 0.0424506 342535 -0.029322
0.000365 2017.45 0.0198683 342535 0.0013481
0.004075 2151.57 0.00232891 342535 -0.012106
0.001465 2069.44 0.0108648 342535 0.000648221
0.003535 2135.13 0.00232898 342535 -0.00966836
0.005405 2162.61 0.0137185 342535 -0.023571
0.005905 1958.28 0.0431002 342535 -0.0293327
0.000745 2028.93 0.0178938 342535 0.00126374
0.000375 2017.65 0.0198332 342535 0.00134656
0.004085 2151.91 0.00232891 342535 -0.0121646
0.003545 2135.34 0.00232898 342535 -0.00971633
0.005415 2161.17 0.0140631 342535 -0.0236161
0.005915 1953.49 0.0437502 342535 -0.0293451
0.000755 2029.33 0.0178244 342535 0.00126009
0.000385 2017.86 0.0197972 342535 0.00134507
0.004095 2152.26 0.00232889 342535 -0.0122414
0.003555 2135.54 0.00232898 342535 -0.00976521
0.005425 2159.72 0.0144078 342535 -0.0236617
0.005925 1948.69 0.0444003 342535 -0.0293654
0.000765 2029.73 0.0177542 342535 0.00125643
0.000395 2018.08 0.0197603 342535 0.00134371
0.004105 2152.62 0.00233109 342535 -0.0123201
0.001475 2070.15 0.0107409 342535 0.000633648
0.003565 2135.74 0.00232897 342535 -0.00981368
0.005435 2158.28 0.0147526 342535 -0.0237077
0.007055 917.34 0.152168 342536 -0.0162836
0.005935 1943.88 0.0450508 342535 -0.0292783
0.000775 2030.15 0.0176832 342535 0.0012527
0.000405 2018.3 0.0197225 342535 0.00134252
0.004115 2152.98 0.00233328 342535 -0.0123791
0.001485 2070.87 0.0106164 342535 0.000618632
0.003575 2135.94 0.00232897 342535 -0.00985984
0.005445 2156.83 0.0150975 342535 -0.0237557
0.005945 1939.01 0.045705 342525 -0.0315092
0.000785 2030.56 0.0176113 342535 0.00124881
0.000415 2018.52 0.0196837 342535 0.00134151
0.004125 2153.34 0.00233546 342535 -0.0123709
0.001495 2071.58 0.0104912 342535 0.000603266
0.003585 2136.22 0.00232897 342535 -0.00990647
0.005455 2155.38 0.0154425 342535 -0.0237733
0.005955 1930.79 0.0466329 342535 -0.0336656
0.000795 2030.99 0.0175385 342535 0.0012447
0.000425 2018.75 0.019644 342535 0.00134067
0.004135 2153.7 0.00233764 342535 -0.0124274
0.001505 2072.3 0.0103654 342535 0.000587657
0.003595 2136.5 0.00232897 342535 -0.00995176
0.005465 2153.91 0.0157889 342532 -0.0246149
0.007065 907.486 0.153068 342536 -0.0159746
0.004865 2180.03 0.00446875 342535 -0.0164038
0.005965 1922.5 0.0475654 342535 -0.0335039
0.000805 2031.41 0.0174649 342535 0.00124029
0.000435 2018.99 0.0196034 342535 0.00133993
0.004145 2154.06 0.00233982 342535 -0.0124909
0.001515 2073.02 0.010239 342535 0.00057188
0.003605 2136.78 0.00232897 342535 -0.00999764
0.005475 2151.57 0.0162208 342535 -0.0254509
0.007075 897.626 0.153964 342536 -0.0156629
0.005975 1914.19 0.048499 342535 -0.0334634
0.000815 2031.84 0.0173904 342535 0.00123557
0.000445 2019.23 0.0195618 342535 0.00133924
0.004155 2154.43 0.00234201 342535 -0.0125363
0.001525 2073.75 0.0101121 342535 0.000555954
0.003615 2137.06 0.00232896 342535 -0.0100444
0.005485 2149.21 0.0166541 342535 -0.0254606
0.007085 887.762 0.154856 342536 -0.0153486
0.004875 2180.38 0.0045273 342535 -0.0164398
0.005985 1905.86 0.0494338 342535 -0.0334188
0.000825 2032.28 0.0173151 342535 0.00123056
0.000455 2019.48 0.0195193 342535 0.0013385
0.003005 2126.42 0.00232896 342535 -0.00718962
0.004165 2154.79 0.00234419 342535 -0.012553
0.001535 2074.48 0.00998445 342535 0.000539852
0.003625 2137.34 0.00232896 342535 -0.0100922
0.005495 2146.85 0.0170876 342535 -0.0254673
0.007095 877.893 0.155744 342536 -0.0150318
0.004885 2180.74 0.00458576 342535 -0.0164748
0.005995 1897.52 0.0503698 342535 -0.0333766
0.000835 2032.72 0.0172389 342535 0.00122534
0.000465 2019.73 0.0194759 342535 0.00133762
0.004175 2155.15 0.00234638 342535 -0.0125843
0.001545 2075.21 0.00985624 342535 0.000523544
0.003635 2137.62 0.00232896 342535 -0.0101412
0.005505 2144.46 0.0175226 342531 -0.0264028
0.007105 868.02 0.156628 342536 -0.0147125
0.006005 1889.15 0.051307 342535 -0.0333362
0.004895 2181.1 0.00464411 342535 -0.0165086
0.000845 2033.17 0.0171619 342535 0.00122003
0.000475 2019.99 0.0194316 342535 0.00133652
0.004185 2155.51 0.00234857 342535 -0.0126434
0.001555 2075.95 0.00972744 342535 0.000507039
0.003645 2137.9 0.00232896 342535 -0.0101906
0.005515 2141 0.0180547 342535 -0.0272915
0.007115 858.142 0.157507 342536 -0.0143909
0.006015 1880.77 0.0522454 342535 -0.0332972
0.003015 2126.58 0.00232897 342535 -0.00725457
0.006405 1538.46 0.089725 342535 -0.0303762
0.004905 2181.46 0.00470237 342535 -0.0165415
0.000855 2033.62 0.0170841 342535 0.00121472
0.000485 2020.25 0.0193864 342535 0.00133512
0.004195 2155.87 0.00235077 342535 -0.0126977
0.001565 2076.69 0.00959805 342535 0.000490405
0.003655 2138.18 0.00232896 342535 -0.0102382
0.005525 2137.49 0.01859 342531 -0.0282188
0.007125 848.26 0.158381 342536 -0.014067
0.006025 1872.37 0.0531851 342535 -0.0332592
0.003025 2126.75 0.00232898 342535 -0.0073184
0.004915 2181.82 0.00476051 342535 -0.0165743
0.000865 2034.08 0.0170054 342535 0.00120946
0.000495 2020.52 0.0193402 342535 0.00133342
0.004205 2156.23 0.00235296 342535 -0.0127358
0.001575 2077.43 0.00946808 342535 0.000473753
0.003665 2138.46 0.00232896 342535 -0.0102825
0.006035 1863.95 0.054126 342535 -0.0332218
0.005535 2132.87 0.0192274 342535 -0.0291682
0.007135 838.374 0.15925 342536 -0.0137408
0.003035 2126.92 0.00232899 342535 -0.0073418
0.000505 2020.8 0.0192932 342535 0.00133145
0.004925 2182.19 0.00481855 342535 -0.0166074
0.006415 1529.32 0.0907017 342535 -0.0302462
0.000875 2034.54 0.0169259 342535 0.00120427
0.004215 2156.59 0.00235516 342535 -0.0127622
0.001585 2078.17 0.00933753 342535 0.000457184
0.003675 2138.73 0.00232896 342535 -0.0103254
0.006045 1855.51 0.0550682 342535 -0.0331849
0.005545 2128.22 0.0198667 342535 -0.0291381
0.004935 2182.55 0.00487647 342535 -0.0166413
0.007145 828.484 0.160115 342536 -0.0134122
0.003045 2127.08 0.002329 342535 -0.00737791
0.000515 2021.08 0.0192452 342535 0.00132928
0.006425 1520.17 0.0916788 342535 -0.0301138
0.000885 2035 0.0168455 342535 0.00119906
0.004225 2156.95 0.00235736 342535 -0.0128014
0.001595 2078.92 0.0092064 342535 0.000440709
0.003685 2139.01 0.00232895 342535 -0.0103705
0.006055 1847.04 0.0560117 342535 -0.0331481
0.005555 2123.57 0.0205064 342535 -0.0291474
0.004945 2182.92 0.00493427 342535 -0.0166761
0.007155 818.589 0.160974 342536 -0.0130809
0.003055 2127.25 0.00232901 342535 -0.00743657
0.004235 2157.31 0.00235957 342535 -0.0128569
0.000525 2021.36 0.0191963 342535 0.00132701
0.006435 1511 0.0926563 342535 -0.0299789
0.000895 2035.47 0.0167643 342535 0.00119377
0.001605 2079.67 0.00907471 342535 0.000424199
0.004245 2157.67 0.00236177 342535 -0.0129086
0.003695 2139.29 0.00232895 342535 -0.0104183
0.006065 1838.56 0.0569565 342535 -0.0331111
0.005565 2118.92 0.0211464 342535 -0.0291559
0.004955 2183.28 0.00499196 342535 -0.0167111
0.007165 808.69 0.161828 342536 -0.0127369
0.003065 2127.41 0.00232902 342535 -0.00749675
0.000535 2021.65 0.0191465 342535 0.00132469
0.006445 1501.81 0.0936341 342535 -0.0298414
0.000905 2035.95 0.0166823 342535 0.00118835
0.001615 2080.43 0.00894246 342535 0.000407386
0.004255 2158.03 0.00236398 342535 -0.0129479
0.003705 2139.56 0.00232895 342535 -0.010466
0.006075 1830.06 0.0579026 342535 -0.0330736
0.005575 2114.26 0.0217869 342535 -0.0291653
0.004965 2183.65 0.00504953 342535 -0.016746
0.007175 798.789 0.162676 342537 -0.0123584
0.003075 2127.58 0.00232903 342535 -0.00753352
0.000545 2021.94 0.0190958 342535 0.00132239
0.006455 1492.61 0.0946122 342535 -0.0297014
0.000915 2036.43 0.0165995 342535 0.0011828
0.001625 2081.18 0.00880965 342535 0.000389962
0.004265 2158.39 0.00236619 342535 -0.0129863
0.003715 2139.84 0.00232895 342535 -0.0105109
0.006085 1821.54 0.0588501 342535 -0.0330353
0.005585 2109.59 0.0224277 342535 -0.0291752
0.004975 2184.02 0.00510699 342535 -0.0167708
0.007185 789.127 0.163519 342536 -0.0120753
0.003085 2127.75 0.00232904 342535 -0.00756275
0.000555 2022.24 0.0190442 342535 0.00132008
0.006465 1483.39 0.0955906 342535 -0.029559
0.000925 2036.91 0.0165158 342535 0.00117715
0.001635 2081.94 0.00867629 342535 0.000371703
0.005595 2104.93 0.0230689 342535 -0.0291857
0.004275 2158.75 0.0023684 342535 -0.0130337
0.003725 2140.12 0.00232895 342535 -0.0105536
0.006095 1813 0.0597988 342535 -0.0329959
0.004985 2184.39 0.00516475 342534 -0.0170541
0.007195 779.465 0.164355 342536 -0.0117371
0.003095 2127.91 0.00232904 342535 -0.00760641
0.000565 2022.55 0.0189916 342535 0.00131776
0.006475 1474.15 0.0965692 342535 -0.0294139
0.000935 2037.4 0.0164314 342535 0.00117147
0.001645 2082.71 0.00854239 342535 0.000352591
0.005605 2100.26 0.0237105 342535 -0.0291965
0.004285 2159.11 0.00237061 342535 -0.013084
0.003735 2140.42 0.00232895 342535 -0.0105993
0.006105 1804.43 0.0607488 342535 -0.032955
0.004995 2184.63 0.005249 342535 -0.0173377
0.007205 769.804 0.165185 342536 -0.0113971
0.003105 2128.07 0.00232905 342535 -0.00766078
0.000575 2022.86 0.0189382 342535 0.00131541
0.006485 1464.91 0.097548 342535 -0.0292661
0.000945 2037.89 0.0163461 342535 0.00116577
0.001655 2083.47 0.00840796 342535 0.000332828
0.005615 2095.58 0.0243525 342535 -0.0292075
0.004295 2159.47 0.00237282 342535 -0.0131213
0.007215 760.143 0.166009 342536 -0.0110533
0.003745 2140.72 0.00232895 342535 -0.0106449
0.006115 1795.85 0.0617001 342535 -0.0329124
0.005005 2184.87 0.00533353 342535 -0.0173604
0.003115 2128.24 0.00232906 342535 -0.00771048
0.000585 2023.18 0.0188839 342535 0.00131301
0.006495 1455.64 0.0985269 342535 -0.0291156
0.000955 2038.39 0.01626 342535 0.00116
0.001665 2084.24 0.00827299 342535 0.000312763
0.005625 2090.9 0.0249948 342535 -0.0292183
0.006125 1787.24 0.0626526 342535 -0.0328676
0.004305 2159.83 0.00237521 342535 -0.013269
0.007225 750.483 0.166825 342536 -0.010707
0.003755 2141.03 0.00232894 342535 -0.0106896
0.006505 1446.36 0.099506 342535 -0.0289623
0.000965 2038.89 0.0161731 342535 0.00115404
0.005015 2185.11 0.00541796 342535 -0.0173932
0.003125 2128.4 0.00232906 342535 -0.00774985
0.000595 2023.5 0.0188287 342535 0.00131062
0.001675 2085.01 0.00813749 342535 0.000292759
0.005635 2086.22 0.0256376 342535 -0.0292285
0.006135 1778.62 0.0636064 342535 -0.0328204
0.004315 2160.2 0.00238965 342535 -0.013426
0.007235 740.823 0.167634 342536 -0.0103582
0.003765 2141.33 0.00232894 342535 -0.0107349
0.006515 1437.07 0.100485 342535 -0.0288064
0.000975 2039.4 0.0160853 342535 0.00114776
0.005025 2185.36 0.00550228 342535 -0.0174266
0.003135 2128.57 0.00232907 342535 -0.00779246
0.000605 2023.82 0.0187726 342535 0.00130826
0.001685 2085.79 0.00800146 342535 0.000273073
0.005645 2081.53 0.0262807 342535 -0.0292378
0.006145 1769.97 0.0645615 342535 -0.0327706
0.004325 2160.58 0.00240425 342535 -0.0134734
0.007245 731.164 0.168436 342536 -0.0100072
0.003775 2141.63 0.00232894 342535 -0.0107837
0.006525 1427.76 0.101464 342535 -0.028648
0.000985 2039.91 0.0159968 342535 0.00114105
0.005035 2185.6 0.00558651 342535 -0.0174614
0.003145 2128.73 0.00232907 342535 -0.00784345
0.004335 2160.95 0.00241882 342535 -0.0135217
0.000615 2024.15 0.0187155 342535 0.00130597
0.001695 2086.56 0.0078649 342535 0.000253812
0.005655 2076.84 0.0269242 342535 -0.0292462
0.006155 1761.3 0.0655177 342535 -0.0327179
0.007255 721.506 0.169231 342536 -0.00965414
0.003785 2141.94 0.00232894 342535 -0.0108348
0.006535 1418.43 0.102444 342535 -0.0284872
0.004345 2161.33 0.00243336 342535 -0.0135632
0.000995 2040.43 0.0159075 342535 0.00113391
0.005045 2185.85 0.00567066 342535 -0.0174862
0.003155 2128.89 0.00232908 342535 -0.00789158
0.000625 2024.49 0.0186576 342535 0.00130372
0.001705 2087.34 0.00772782 342535 0.000234952
0.005665 2072.14 0.027568 342535 -0.0292538
0.006165 1752.61 0.0664751 342535 -0.0326622
0.007265 711.85 0.170017 342536 -0.00929916
0.003795 2142.24 0.00232894 342535 -0.0108828
0.006545 1409.09 0.103423 342535 -0.028324
0.004355 2161.7 0.00244784 342535 -0.013604
0.001005 2040.95 0.0158174 342535 0.00112643
0.005055 2186.09 0.00575522 342534 -0.0178031
0.003165 2129.06 0.00232908 342535 -0.00793296
0.000635 2024.83 0.0185988 342535 0.00130144
0.001715 2088.13 0.00759019 342535 0.000216426
0.005675 2067.44 0.0282122 342535 -0.0292608
0.006175 1743.9 0.0674337 342535 -0.0326035
0.007275 702.194 0.170795 342536 -0.00894256
0.003805 2142.54 0.00232894 342535 -0.0109256
0.006555 1399.74 0.104402 342535 -0.0281585
0.004365 2162.08 0.00246226 342535 -0.013648
0.001015 2041.48 0.0157264 342535 0.00111876
0.005065 2186.21 0.00586946 342535 -0.0181216
0.003175 2129.22 0.00232908 342535 -0.0079764
0.001725 2088.91 0.00745202 342535 0.000198213
0.005685 2062.73 0.0288567 342535 -0.0292673
0.006185 1735.18 0.0683934 342535 -0.0325416
0.007285 692.54 0.171565 342536 -0.00858478
0.003815 2142.84 0.00232894 342535 -0.0109675
0.003825 2143.15 0.00232894 342535 -0.0110126
0.006565 1390.37 0.105381 342535 -0.0279905
0.003835 2143.45 0.00232893 342535 -0.011058
0.006575 1380.99 0.10636 342535 -0.0278198
0.004375 2162.45 0.00247661 342535 -0.0136911
0.006585 1371.59 0.107339 342535 -0.0276462
0.006595 1362.18 0.108318 342535 -0.0274696
0.006605 1352.76 0.109296 342535 -0.02729
0.004385 2162.83 0.00249088 342535 -0.0137299
0.006615 1343.32 0.110274 342535 -0.0271075
0.001025 2042.01 0.0156347 342535 0.00111104
0.004395 2163.2 0.00250504 342535 -0.0137678
0.006625 1333.87 0.111252 342535 -0.0269222
0.005695 2058.03 0.0295016 342535 -0.0292735
0.004405 2163.58 0.0025191 342535 -0.0138099
0.006635 1324.4 0.11223 342535 -0.0267344
0.004415 2163.96 0.00253304 342535 -0.0138552
0.006645 1314.92 0.113207 342535 -0.0265441
0.001035 2042.54 0.0155422 342535 0.00110339
0.004425 2164.33 0.00254686 342535 -0.0138986
0.006655 1305.43 0.114183 342535 -0.0263511
0.001045 2043.08 0.0154489 342535 0.00109582
0.005705 2053.31 0.0301468 342535 -0.0292792
0.004435 2164.71 0.00256057 342535 -0.0139387
0.006665 1295.93 0.115159 342535 -0.0261555
0.001055 2043.62 0.0153549 342535 0.00108827
0.005075 2186.32 0.00598413 342535 -0.0181487
0.004445 2165.09 0.00257417 342535 -0.0139785
0.005715 2048.6 0.0307922 342535 -0.0292842
0.006675 1286.41 0.116135 342535 -0.0259568
0.001065 2044.17 0.01526 342535 0.00108067
0.004455 2165.47 0.00258769 342535 -0.0140143
0.005725 2043.87 0.031438 342535 -0.0292883
0.006685 1276.88 0.117109 342535 -0.0257551
0.001075 2044.72 0.0151644 342535 0.00107295
0.004465 2165.84 0.00260134 342535 -0.0141764
0.005735 2039.15 0.0320841 342535 -0.0292915
0.006695 1267.34 0.118084 342535 -0.0255503
0.001085 2045.28 0.015068 342535 0.00106508
0.005085 2186.43 0.00609876 342535 -0.0181885
0.004475 2166.2 0.00262823 342535 -0.0143386
0.005745 2034.42 0.0327304 342535 -0.0292936
0.006705 1257.79 0.119057 342535 -0.0253425
0.003185 2129.38 0.00232908 342535 -0.00802508
0.001095 2045.84 0.0149708 342535 0.00105707
0.005095 2186.54 0.00621338 342535 -0.018216
0.005755 2029.69 0.0333769 342535 -0.029295
0.006715 1248.22 0.12003 342535 -0.0251319
0.001105 2046.41 0.0148729 342535 0.00104896
0.006195 1726.43 0.0693541 342535 -0.0324765
0.001115 2046.97 0.0147742 342535 0.00104074
0.001125 2047.55 0.0146747 342535 0.00103235
0.001135 2048.13 0.0145745 342535 0.00102374
0.006205 1717.66 0.070316 342535 -0.0324079
0.001145 2048.71 0.0144736 342535 0.00101485
0.001735 2089.7 0.0073133 342535 0.000180399
0.006215 1708.87 0.0712788 342535 -0.0323358
0.001155 2049.3 0.0143718 342535 0.00100567
0.006225 1700.06 0.0722427 342535 -0.0322601
0.001165 2049.89 0.0142694 342535 0.000996248
0.006235 1691.24 0.0732075 342535 -0.0321806
0.001175 2050.48 0.0141661 342535 0.000986667
0.001745 2090.49 0.007174 342535 0.000163164
0.006245 1682.39 0.0741732 342535 -0.0320976
0.001185 2051.08 0.0140622 342535 0.000976985
0.007295 682.886 0.172325 342537 -0.00822644
0.001755 2091.29 0.00703411 342535 0.000146679
0.006255 1673.53 0.0751398 342535 -0.0320113
0.001195 2051.68 0.0139575 342535 0.000967221
0.001765 2092.08 0.00689363 342535 0.000130963
0.006265 1664.65 0.0761073 342535 -0.0319218
0.001205 2052.29 0.0138521 342535 0.000957349
0.001775 2092.88 0.00675253 342535 0.000115768
0.006275 1655.74 0.0770756 342535 -0.0318294
0.001215 2052.9 0.0137459 342535 0.000947332
0.007305 673.232 0.173077 342537 -0.00786821
0.005105 2186.64 0.00632848 342534 -0.018571
0.001785 2093.69 0.00661081 342535 0.000100587
0.006285 1646.83 0.0780447 342535 -0.0317343
0.001225 2053.52 0.013639 342535 0.000937162
0.007315 663.578 0.173819 342537 -0.00751085
0.006725 1238.64 0.121002 342535 -0.0249188
0.001795 2094.49 0.00646847 342535 8.47708e-05
0.006295 1637.89 0.0790146 342535 -0.0316365
0.001235 2054.14 0.0135314 342535 0.00092688
0.007325 653.923 0.174551 342537 -0.0071551
0.006735 1229.05 0.121973 342535 -0.0246973
0.001805 2095.3 0.00632552 342535 6.77366e-05
0.006305 1628.94 0.0799852 342535 -0.031536
0.001245 2054.76 0.0134231 342535 0.000916572
0.007335 644.264 0.175273 342537 -0.00680172
0.005115 2186.54 0.00647693 342534 -0.0192213
0.006745 1219.45 0.122943 342535 -0.024493
0.001815 2096.12 0.00618199 342535 4.85322e-05
0.006315 1619.96 0.0809565 342535 -0.0314328
0.003195 2129.54 0.00232908 342535 -0.00807205
0.001255 2055.39 0.013314 342535 0.000906318
0.007345 634.602 0.175984 342537 -0.00645093
0.006755 1209.84 0.123912 342535 -0.023646
0.001825 2096.93 0.0060379 342535 3.86777e-05
0.006325 1610.98 0.0819285 342535 -0.0313267
0.001265 2056.02 0.0132043 342535 0.000896132
0.001835 2097.75 0.00589376 342534 -0.000252173
0.007355 624.934 0.176684 342537 -0.00610102
0.006335 1601.97 0.0829011 342535 -0.0312176
0.006765 1200.22 0.12488 342539 -0.0252688
0.001845 2098.39 0.00578115 342534 -0.000826412
0.001275 2056.65 0.0130938 342535 0.000885922
0.006345 1592.95 0.0838743 342535 -0.0311054
0.007365 615.258 0.177372 342537 -0.00571473
0.001855 2098.87 0.00569949 342535 -0.00111887
0.006775 1190.59 0.125847 342535 -0.0231954
0.007375 605.574 0.178048 342537 -0.00514382
0.006355 1583.91 0.0848481 342535 -0.0309903
0.001865 2099.35 0.00561791 342535 -0.00113723
0.007385 596.646 0.178711 342538 -0.00470159
0.006785 1180.94 0.126812 342535 -0.0235909
0.006365 1574.85 0.0858225 342535 -0.0308723
0.001875 2099.83 0.00553602 342535 -0.00116817
0.007395 589.185 0.17936 342538 -0.00450193
0.006795 1171.29 0.127777 342535 -0.0233432
0.006375 1565.78 0.0867974 342535 -0.0307518
0.001885 2100.32 0.00545387 342535 -0.00120076
0.007405 583.161 0.179993 342536 -0.00442943
0.006805 1161.63 0.12874 342535 -0.023113
0.006385 1556.69 0.0877728 342535 -0.0306289
0.001895 2100.81 0.0053715 342535 -0.00122419
0.007415 577.191 0.18061 342536 -0.00404578
0.006815 1151.95 0.129702 342535 -0.0228739
0.006395 1547.58 0.0887487 342535 -0.0305037
0.001905 2101.29 0.00528936 342534 -0.0015083
0.007425 572.008 0.181209 342535 -0.00384858
0.006825 1142.27 0.130662 342535 -0.0226321
0.001915 2101.62 0.00523533 342535 -0.00179542
0.007435 566.891 0.18179 342536 -0.00347317
0.006835 1132.57 0.131621 342535 -0.0223873
0.007445 562.406 0.182352 342536 -0.00319035
0.006845 1122.87 0.132578 342535 -0.0221396
0.007455 558.694 0.182894 342535 -0.00298059
0.006855 1113.16 0.133534 342535 -0.021889
0.007465 555.057 0.183416 342535 -0.00271387
0.006865 1103.44 0.134488 342535 -0.0216356
0.007475 551.486 0.183918 342536 -0.0024563
0.006875 1093.71 0.13544 342535 -0.0213795
0.007485 548.473 0.184398 342535 -0.00231192
0.006885 1083.97 0.13639 342535 -0.0211207
0.007495 545.51 0.184857 342535 -0.00214462
0.006895 1074.22 0.137339 342535 -0.0208591
0.007505 542.594 0.185294 342535 -0.00197121
0.006905 1064.47 0.138285 342536 -0.0205946
0.007515 540.175 0.185708 342535 -0.00185478
0.006915 1054.71 0.139229 342536 -0.0203272
0.007525 537.805 0.1861 342535 -0.00169844
0.006925 1044.94 0.140171 342536 -0.0200568
0.007535 535.486 0.186469 342535 -0.00152514
0.006935 1035.16 0.14111 342536 -0.0197834
0.007545 533.631 0.186815 342535 -0.00139016
0.006945 1025.38 0.142048 342536 -0.0195071
0.007555 531.83 0.187137 342535 -0.00123794
0.006955 1015.59 0.142982 342536 -0.0192281
0.007565 530.048 0.187435 342535 -0.00108654
0.006965 1005.79 0.143914 342536 -0.0189468
0.007575 528.316 0.187709 342535 -0.000935882
0.006975 995.985 0.144844 342536 -0.0186604
0.007585 526.996 0.187959 342535 -0.000819317
0.006985 986.175 0.14577 342536 -0.0183713
0.007595 525.723 0.188185 342535 -0.000699664
0.006995 976.358 0.146694 342536 -0.0180814
0.007605 524.494 0.188385 342535 -0.000585293
0.007005 966.536 0.147614 342536 -0.0177886
0.007615 523.623 0.188562 342535 -0.000491362
0.007015 956.707 0.148532 342536 -0.0174929
0.007625 523.057 0.188713 342535 -0.000406723
0.007025 946.874 0.149446 342536 -0.0171945
0.007635 522.528 0.188839 342535 -0.000324327
0.007035 937.034 0.150357 342536 -0.0168935
0.007645 522.165 0.18894 342535 -0.000250353
0.007655 521.837 0.189016 342535 -0.000176104
0.007665 521.772 0.189066 342535 -0.000105838
0.007675 521.74 0.189091 342535 -3.4978e-05
