5e-06 294.886 0.231794 47780 -0.0129219 0.561791
1.5e-05 294.885 0.231794 47780 -0.0127912 0.561793
2.5e-05 294.883 0.231794 47780 -0.012806 0.561797
3.5e-05 294.88 0.231794 47780 -0.0129571 0.561803
4.5e-05 294.876 0.231794 47780.1 -0.0131307 0.561811
5.5e-05 294.872 0.231795 47780.1 -0.0132085 0.56182
6.5e-05 294.866 0.231795 47780.1 -0.0131432 0.561831
7.5e-05 294.859 0.231795 47780 -0.0129928 0.561844
8.5e-05 294.851 0.231796 47780 -0.0128989 0.561859
9.5e-05 294.842 0.231796 47780 -0.0129755 0.561876
0.000105 294.832 0.231797 47780.1 -0.0131861 0.561895
0.000115 294.822 0.231797 47780.1 -0.01336 0.561916
0.000125 294.81 0.231798 47780.1 -0.0133693 0.561939
0.000135 294.797 0.231799 47780.1 -0.0132509 0.561963
0.000145 294.783 0.231799 47780.1 -0.0131469 0.561989
0.000155 294.768 0.2318 47780 -0.0131167 0.562017
0.000165 294.737 0.231801 47780.1 -0.0130378 0.562079
0.000175 294.703 0.231802 47780 -0.0127884 0.562141
0.000185 294.669 0.231803 47780 -0.0125434 0.562206
0.000195 294.635 0.231804 47780 -0.0127065 0.562273
0.000205 294.599 0.231805 47780.1 -0.0131795 0.562342
0.000215 294.562 0.231806 47780.1 -0.0133124 0.562413
0.000225 294.525 0.231807 47780.1 -0.0130526 0.562485
0.000325 294.1 0.231821 47779.9 -0.0124628 0.563298
0.000235 294.486 0.231808 47780 -0.0128379 0.562558
0.000245 294.447 0.231809 47780 -0.0128969 0.562634
0.000335 294.053 0.231823 47780 -0.0128568 0.563389
0.000255 294.407 0.231811 47780.1 -0.0132683 0.562711
0.000345 294.006 0.231824 47780.1 -0.0130993 0.563482
0.007365 264.668 0.232917 47780.1 -0.00067434 0.626413
0.000265 294.366 0.231812 47780.2 -0.0135243 0.562791
0.000355 293.957 0.231826 47780.1 -0.0130946 0.563576
0.007375 264.655 0.232917 47780.1 -0.000653214 0.626445
0.000275 294.323 0.231813 47780 -0.0129782 0.562871
0.000365 293.907 0.231828 47780.1 -0.0130557 0.563671
0.007385 264.642 0.232917 47780.1 -0.000632062 0.626475
0.000285 294.28 0.231815 47780 -0.0127052 0.562953
0.000375 293.857 0.23183 47780.1 -0.0132174 0.563768
0.000295 294.237 0.231816 47780.1 -0.0133203 0.563038
0.007395 264.629 0.232917 47780.1 -0.000610883 0.626505
0.000385 293.806 0.231832 47780.7 -0.0126955 0.563874
0.000305 294.192 0.231818 47780.1 -0.013338 0.563123
0.007405 264.617 0.232917 47780.1 -0.00058968 0.626534
0.000395 293.755 0.231833 47780.1 -0.0132122 0.563965
0.000315 294.147 0.231819 47780 -0.0126282 0.56321
0.007415 264.606 0.232917 47780.1 -0.000568452 0.626561
0.000405 293.702 0.231835 47780.1 -0.0130471 0.564067
0.007425 264.594 0.232917 47780.1 -0.0005472 0.626588
0.002565 275.769 0.2326 47780.1 -0.00941854 0.601009
0.000415 293.648 0.231837 47780.1 -0.0130386 0.564171
0.007435 264.583 0.232917 47780.1 -0.000525926 0.626614
0.002245 277.592 0.2325 47780.1 -0.010051 0.597019
0.000425 293.594 0.231839 47780.1 -0.0130327 0.564275
0.007445 264.573 0.232917 47780.1 -0.00050463 0.626639
0.002575 275.719 0.232602 47780.1 -0.00939532 0.601118
0.002885 274.394 0.232681 47780.1 -0.00867274 0.604058
0.003205 273.382 0.232746 47780.1 -0.0080145 0.606328
0.000435 293.54 0.231841 47780.1 -0.0130275 0.564381
0.002255 277.528 0.232504 47780.1 -0.010029 0.597159
0.007455 264.563 0.232917 47780.1 -0.000483313 0.626662
0.007045 265.298 0.232917 47780.1 -0.00133226 0.624925
0.002585 275.67 0.232605 47780.1 -0.00936054 0.601227
0.002895 274.357 0.232684 47780.1 -0.00865441 0.604141
0.000445 293.484 0.231844 47780.1 -0.0130223 0.564488
0.002265 277.464 0.232507 47780.1 -0.010007 0.597298
0.006085 268.212 0.232914 47780.1 -0.00304929 0.618133
0.007465 264.553 0.232917 47780.1 -0.000461976 0.626685
0.003215 273.355 0.232748 47780.1 -0.00799457 0.606388
0.002595 275.621 0.232608 47780.1 -0.00931922 0.601334
0.006405 267.227 0.232915 47780.1 -0.00251317 0.620412
0.007055 265.273 0.232917 47780.1 -0.00131232 0.624984
0.002905 274.321 0.232686 47780.1 -0.0086368 0.604222
0.000455 293.428 0.231846 47780.1 -0.0130189 0.564597
0.006725 266.221 0.232916 47780.1 -0.00194531 0.622758
0.002275 277.4 0.23251 47780.1 -0.00998511 0.597436
0.007475 264.544 0.232917 47780.1 -0.000440619 0.626707
0.006095 268.181 0.232914 47780.1 -0.0030329 0.618203
0.001925 279.913 0.232385 47780.1 -0.0107546 0.592025
0.002605 275.573 0.232611 47780.1 -0.0092777 0.601441
0.003225 273.329 0.23275 47780.1 -0.00797528 0.606448
0.007065 265.248 0.232917 47780.1 -0.00129234 0.625043
0.000645 292.022 0.231894 47780.1 -0.0129445 0.567327
0.006415 267.196 0.232915 47780.1 -0.00249598 0.620484
0.002915 274.284 0.232688 47780.1 -0.00861831 0.604303
0.000465 293.371 0.231848 47780 -0.0130161 0.564707
0.001605 282.712 0.232258 47780.1 -0.0114319 0.58612
0.002285 277.337 0.232514 47780.1 -0.00996316 0.597573
0.007485 264.535 0.232917 47780.1 -0.000419244 0.626727
0.001285 285.871 0.232126 47780.1 -0.0120475 0.5796
0.006735 266.189 0.232916 47780.1 -0.00192689 0.622833
0.006105 268.151 0.232914 47780.1 -0.00301649 0.618273
0.002615 275.525 0.232613 47780.1 -0.00924086 0.601547
0.005765 269.09 0.232911 47780.1 -0.00356234 0.616112
0.003235 273.303 0.232751 47780.1 -0.00795595 0.606507
0.001935 279.833 0.232389 47780.1 -0.0107331 0.592196
0.007075 265.224 0.232917 47780.1 -0.00127232 0.625101
0.006425 267.165 0.232915 47780.1 -0.00247876 0.620556
0.000655 291.942 0.231897 47780 -0.0130132 0.567484
0.002925 274.249 0.23269 47780.1 -0.0085964 0.604383
0.000475 293.301 0.23185 47780.1 -0.0130104 0.564841
0.001615 282.618 0.232262 47780.1 -0.0114108 0.586316
0.002295 277.275 0.232517 47780.1 -0.00994116 0.59771
0.007495 264.527 0.232917 47780.1 -0.000397851 0.626747
0.000965 289.113 0.232 47780.1 -0.0125553 0.573065
0.006745 266.157 0.232916 47780.1 -0.00190842 0.622907
0.001295 285.769 0.23213 47780.1 -0.0120301 0.579807
0.003525 272.648 0.232796 47780.1 -0.00739252 0.607988
0.002625 275.478 0.232616 47780.1 -0.00921175 0.601651
0.006115 268.121 0.232914 47780.1 -0.00300006 0.618342
0.004805 270.886 0.232893 47780.1 -0.00511124 0.612008
0.003245 273.277 0.232753 47780.1 -0.00793639 0.606565
0.005775 269.067 0.232911 47780.1 -0.00354646 0.616166
0.001945 279.753 0.232393 47780.1 -0.0107114 0.592365
0.005125 270.411 0.232902 47780.1 -0.00458476 0.613093
0.002935 274.213 0.232692 47780.1 -0.00856848 0.604463
0.007085 265.2 0.232917 47780.1 -0.00125225 0.625158
0.006435 267.135 0.232915 47780.1 -0.00246152 0.620627
0.000665 291.861 0.2319 47780 -0.013051 0.567642
0.005445 269.814 0.232907 47780.1 -0.00407237 0.614454
0.000485 293.231 0.231852 47780.1 -0.0129914 0.564977
0.001625 282.525 0.232266 47780.1 -0.0113897 0.58651
0.002305 277.212 0.23252 47780.1 -0.00991911 0.597845
0.007505 264.519 0.232917 47780.1 -0.000376442 0.626766
0.003845 272.108 0.232833 47780.1 -0.00679107 0.609218
0.006755 266.126 0.232916 47780.1 -0.0018899 0.622981
0.000975 289.015 0.232004 47780.1 -0.0125416 0.57326
0.004485 271.285 0.232879 47780.1 -0.00565222 0.611098
0.001305 285.668 0.232134 47780.1 -0.0120127 0.580015
0.002635 275.431 0.232619 47780.1 -0.00918903 0.601754
0.006125 268.091 0.232914 47780.1 -0.0029836 0.618412
0.003535 272.629 0.232797 47780.1 -0.00737341 0.608032
0.003255 273.251 0.232755 47780.1 -0.00791663 0.606623
0.004165 271.676 0.23286 47780.1 -0.00621129 0.610204
0.004815 270.874 0.232893 47780.1 -0.00509458 0.612036
0.005785 269.043 0.232911 47780.1 -0.00353058 0.61622
0.001955 279.674 0.232396 47780.1 -0.0106896 0.592534
0.002945 274.178 0.232695 47780.1 -0.00853317 0.604541
0.005135 270.393 0.232902 47780.1 -0.00456858 0.613134
0.007095 265.176 0.232917 47780.1 -0.00123213 0.625214
0.006445 267.104 0.232915 47780.1 -0.00244424 0.620698
0.000675 291.78 0.231903 47780 -0.0130159 0.567801
0.000495 293.16 0.231855 47780.1 -0.0129762 0.565115
0.001635 282.432 0.23227 47780.1 -0.0113686 0.586705
0.005455 269.794 0.232908 47780.1 -0.00405643 0.614501
0.002315 277.151 0.232523 47780.1 -0.0098971 0.59798
0.007515 264.512 0.232917 47780.1 -0.000355017 0.626783
0.006765 266.094 0.232916 47780.1 -0.00187133 0.623054
0.000985 288.917 0.232008 47780.1 -0.0125278 0.573455
0.003855 272.094 0.232834 47780.1 -0.00677267 0.60925
0.001315 285.567 0.232138 47780.1 -0.0119947 0.580222
0.002645 275.385 0.232622 47780.1 -0.00917051 0.601856
0.004495 271.273 0.23288 47780.1 -0.00563507 0.611126
0.006135 268.061 0.232914 47780.1 -0.00296712 0.618481
0.003545 272.61 0.232799 47780.1 -0.00735432 0.608075
0.003265 273.226 0.232757 47780.1 -0.0078968 0.60668
0.004825 270.862 0.232893 47780.1 -0.00507794 0.612064
0.005795 269.019 0.232912 47780.1 -0.0035146 0.616274
0.004175 271.663 0.232861 47780.1 -0.00619348 0.610234
0.001965 279.596 0.2324 47780.1 -0.0106678 0.592702
0.002955 274.143 0.232697 47780.1 -0.00849154 0.604619
0.007105 265.152 0.232917 47780.1 -0.00121197 0.625269
0.005145 270.375 0.232902 47780.1 -0.00455243 0.613174
0.006455 267.073 0.232915 47780.1 -0.00242694 0.620769
0.000685 291.698 0.231906 47780.1 -0.0129222 0.567961
0.000505 293.089 0.231857 47780.1 -0.0130228 0.565253
0.001645 282.339 0.232274 47780.1 -0.0113474 0.586898
0.005465 269.773 0.232908 47780.1 -0.00404049 0.614548
0.002325 277.089 0.232527 47780.1 -0.00987529 0.598113
0.007525 264.505 0.232917 47780.1 -0.000333576 0.6268
0.006775 266.063 0.232916 47780.1 -0.00185271 0.623127
0.000995 288.819 0.232012 47780.1 -0.0125137 0.573651
0.003865 272.08 0.232835 47780.1 -0.00675429 0.609281
0.001325 285.465 0.232142 47780.1 -0.0119773 0.580429
0.002655 275.339 0.232624 47780.1 -0.00915347 0.601958
0.004505 271.261 0.23288 47780.1 -0.00561794 0.611153
0.006145 268.031 0.232914 47780.1 -0.00295062 0.61855
0.003555 272.591 0.2328 47780.1 -0.00733525 0.608118
0.003275 273.201 0.232758 47780.1 -0.00787699 0.606736
0.004835 270.85 0.232894 47780.1 -0.00506132 0.612092
0.005805 268.992 0.232912 47780.1 -0.00349878 0.616337
0.004185 271.65 0.232862 47780.1 -0.0061757 0.610264
0.001975 279.518 0.232404 47780.1 -0.0106464 0.592869
0.002965 274.109 0.232699 47780.1 -0.00844771 0.604696
0.007115 265.129 0.232917 47780.1 -0.00119177 0.625324
0.005155 270.357 0.232902 47780.1 -0.00453629 0.613215
0.006465 267.043 0.232915 47780.1 -0.00240962 0.62084
0.000695 291.615 0.231909 47780.1 -0.0128305 0.568122
0.000515 293.016 0.23186 47780 -0.013157 0.565393
0.001655 282.247 0.232278 47780.1 -0.0113262 0.587091
0.005475 269.753 0.232908 47780.1 -0.00402456 0.614594
0.002335 277.028 0.23253 47780.1 -0.00985379 0.598246
0.007535 264.498 0.232917 47780.1 -0.000312122 0.626816
0.006785 266.033 0.232916 47780.1 -0.00183405 0.623199
0.001005 288.721 0.232015 47780.1 -0.0124994 0.573847
0.003875 272.067 0.232836 47780.1 -0.00673573 0.609311
0.001335 285.364 0.232146 47780.1 -0.0119596 0.580636
0.002665 275.294 0.232627 47780.1 -0.0091359 0.602058
0.004515 271.25 0.232881 47780.1 -0.00560083 0.61118
0.006155 268.001 0.232914 47780.1 -0.0029341 0.618619
0.003565 272.573 0.232801 47780.1 -0.00731619 0.60816
0.003885 272.051 0.232837 47780.1 -0.00671752 0.609347
0.003285 273.176 0.23276 47780.1 -0.00785722 0.606792
0.004845 270.838 0.232894 47780.1 -0.00504471 0.612119
0.005815 268.964 0.232912 47780.1 -0.00348289 0.616401
0.004195 271.637 0.232862 47780.1 -0.00615794 0.610294
0.001985 279.44 0.232408 47780.1 -0.0106241 0.593036
0.002975 274.075 0.232701 47780.1 -0.00840812 0.604772
0.007125 265.106 0.232917 47780.1 -0.00117153 0.625378
0.005165 270.34 0.232902 47780.1 -0.00452016 0.613255
0.006475 267.013 0.232915 47780.1 -0.00239226 0.62091
0.000705 291.533 0.231912 47780.1 -0.0127954 0.568284
0.000525 292.944 0.231862 47780 -0.0132605 0.565534
0.001665 282.155 0.232282 47780.1 -0.0113051 0.587284
0.005485 269.733 0.232908 47780.1 -0.00400863 0.614641
0.005175 270.322 0.232903 47780.1 -0.00450406 0.613295
0.002345 276.968 0.232533 47780.1 -0.00983242 0.598378
0.006795 266.002 0.232916 47780.1 -0.00181534 0.623271
0.007545 264.492 0.232917 47780.1 -0.000290654 0.62683
0.001015 288.622 0.232019 47780.1 -0.0124849 0.574044
0.001345 285.263 0.232151 47780.1 -0.0119418 0.580843
0.002675 275.249 0.23263 47780.1 -0.00911692 0.602158
0.004525 271.238 0.232881 47780.1 -0.00558374 0.611206
0.006165 267.971 0.232914 47780.1 -0.00291756 0.618688
0.003575 272.554 0.232803 47780.1 -0.00729715 0.608201
0.003895 272.036 0.232838 47780.1 -0.00669918 0.609383
0.003295 273.152 0.232762 47780.1 -0.00783752 0.606847
0.004855 270.826 0.232894 47780.1 -0.00502796 0.612146
0.005825 268.937 0.232912 47780.1 -0.00346699 0.616464
0.004205 271.624 0.232863 47780.1 -0.00614021 0.610324
0.001995 279.362 0.232411 47780.1 -0.0107866 0.593201
0.002985 274.041 0.232703 47780.1 -0.00837958 0.604847
0.005835 268.909 0.232912 47780.1 -0.00345109 0.616527
0.007135 265.084 0.232917 47780.1 -0.00115125 0.625431
0.006485 266.983 0.232916 47780.1 -0.00237481 0.62098
0.000715 291.45 0.231915 47780.1 -0.0128232 0.568447
0.000535 292.87 0.231864 47780 -0.0131711 0.565676
0.001675 282.064 0.232286 47780.1 -0.0112839 0.587476
0.005495 269.712 0.232908 47780.1 -0.00399271 0.614687
0.005185 270.305 0.232903 47780.1 -0.00448797 0.613335
0.002355 276.908 0.232536 47780.1 -0.00981057 0.598509
0.006805 265.972 0.232916 47780.1 -0.00179658 0.623342
0.007555 264.486 0.232917 47780.1 -0.000269174 0.626844
0.001025 288.524 0.232023 47780.1 -0.0124703 0.574241
0.001355 285.162 0.232155 47780.1 -0.0119239 0.58105
0.002685 275.204 0.232632 47780.1 -0.0090966 0.602257
0.004535 271.226 0.232882 47780.1 -0.00556668 0.611232
0.006175 267.941 0.232914 47780.1 -0.00290099 0.618757
0.003585 272.536 0.232804 47780.1 -0.00727813 0.608242
0.003905 272.02 0.232839 47780.1 -0.00668082 0.609418
0.003305 273.128 0.232763 47780.1 -0.00781786 0.606901
0.004865 270.81 0.232895 47780.1 -0.00501146 0.612183
0.004215 271.611 0.232864 47780.1 -0.00612249 0.610353
0.002005 279.286 0.232415 47779.4 -0.0102086 0.593358
0.002995 274.008 0.232705 47780.1 -0.00836671 0.604921
0.005845 268.882 0.232912 47780.1 -0.00343519 0.61659
0.007145 265.061 0.232917 47780.1 -0.00113092 0.625484
0.006495 266.949 0.232916 47780.1 -0.00235742 0.621058
0.000725 291.366 0.231918 47780.1 -0.012877 0.568611
0.000545 292.796 0.231867 47780.1 -0.0129532 0.565821
0.003005 273.975 0.232707 47780.1 -0.00836985 0.604995
0.001685 281.973 0.23229 47780.1 -0.0112627 0.587667
0.005505 269.692 0.232908 47780.1 -0.00397678 0.614734
0.005195 270.287 0.232903 47780.1 -0.00447189 0.613375
0.002365 276.849 0.23254 47780.1 -0.00978712 0.598639
0.006815 265.941 0.232916 47780.1 -0.00177777 0.623413
0.007565 264.481 0.232917 47780.1 -0.000247683 0.626856
0.001035 288.426 0.232027 47780.1 -0.0124554 0.574438
0.001365 285.061 0.232159 47780.1 -0.011906 0.581257
0.002695 275.16 0.232635 47780.1 -0.00907545 0.602355
0.004545 271.215 0.232882 47780.1 -0.00554963 0.611258
0.006185 267.912 0.232914 47780.1 -0.00288441 0.618826
0.003595 272.519 0.232805 47780.1 -0.00725913 0.608282
0.003915 272.005 0.23284 47780.1 -0.00666249 0.609452
0.003315 273.104 0.232765 47780.1 -0.00779823 0.606955
0.004875 270.794 0.232895 47780.1 -0.00499486 0.612218
0.004225 271.599 0.232864 47780.1 -0.0061048 0.610381
0.002015 279.209 0.232419 47780.1 -0.0107419 0.59353
0.005855 268.855 0.232912 47780.1 -0.00341929 0.616653
0.007155 265.04 0.232917 47780.1 -0.00111056 0.625535
0.006505 266.916 0.232916 47780.1 -0.00233995 0.621136
0.000735 291.282 0.231921 47780.1 -0.0128966 0.568775
0.000555 292.721 0.231869 47780.1 -0.0128671 0.565966
0.003015 273.943 0.23271 47780.1 -0.00838463 0.605068
0.001695 281.882 0.232294 47780.1 -0.0112415 0.587857
0.005515 269.672 0.232908 47780.1 -0.00396086 0.61478
0.005205 270.27 0.232903 47780.1 -0.00445583 0.613415
0.002375 276.79 0.232543 47780.1 -0.00976214 0.598766
0.006825 265.912 0.232916 47780.1 -0.00175891 0.623483
0.007575 264.476 0.232917 47780.1 -0.000226181 0.626868
0.001045 288.327 0.23203 47780.1 -0.0124399 0.574635
0.001375 284.961 0.232163 47780.1 -0.0118879 0.581463
0.006835 265.882 0.232916 47780.1 -0.00174001 0.623553
0.002705 275.116 0.232637 47780.1 -0.00905398 0.602452
0.004555 271.204 0.232883 47780.1 -0.0055326 0.611284
0.006195 267.882 0.232914 47780.1 -0.00286781 0.618894
0.003605 272.501 0.232806 47780.1 -0.00724015 0.608322
0.003925 271.99 0.232841 47780.1 -0.00664418 0.609487
0.003325 273.081 0.232766 47780.1 -0.00777864 0.607008
0.004885 270.779 0.232895 47780.1 -0.00497824 0.612254
0.004235 271.586 0.232865 47780.1 -0.00608713 0.61041
0.005865 268.827 0.232912 47780.1 -0.00340338 0.616716
0.002025 279.133 0.232423 47780.1 -0.0105362 0.593693
0.007165 265.018 0.232917 47780.1 -0.00109015 0.625586
0.006515 266.883 0.232916 47780.1 -0.00232242 0.621213
0.000745 291.198 0.231924 47780.1 -0.0128426 0.568941
0.000565 292.646 0.231872 47780.1 -0.0129655 0.566112
0.003025 273.911 0.232712 47780.1 -0.00840346 0.60514
0.001705 281.792 0.232298 47780.1 -0.0112203 0.588047
0.005525 269.651 0.232909 47780.1 -0.00394494 0.614826
0.005215 270.252 0.232903 47780.1 -0.00443979 0.613454
0.002385 276.733 0.232546 47780.1 -0.00973501 0.598892
0.007585 264.472 0.232917 47780.1 -0.000204669 0.626878
0.001055 288.224 0.232034 47780.1 -0.0124249 0.574841
0.001385 284.86 0.232167 47780.1 -0.0118697 0.58167
0.006845 265.853 0.232916 47780.1 -0.00172107 0.623622
0.002715 275.073 0.23264 47780.1 -0.00903253 0.602548
0.004565 271.193 0.232883 47780.1 -0.0055156 0.61131
0.006205 267.853 0.232914 47780.1 -0.00285118 0.618962
0.003615 272.484 0.232808 47780.1 -0.00722118 0.608361
0.003935 271.975 0.232842 47780.1 -0.00662588 0.60952
0.003335 273.058 0.232768 47780.1 -0.00775909 0.60706
0.004895 270.763 0.232895 47780.1 -0.00496164 0.61229
0.006215 267.823 0.232914 47780.1 -0.00283454 0.61903
0.004245 271.574 0.232866 47780.1 -0.00606949 0.610438
0.005875 268.8 0.232912 47780.1 -0.00338748 0.616778
0.002035 279.057 0.232426 47780.1 -0.0105145 0.593856
0.007175 264.997 0.232917 47780.1 -0.0010697 0.625636
0.006525 266.85 0.232916 47780.1 -0.00230485 0.62129
0.000755 291.113 0.231927 47780.1 -0.012757 0.569107
0.000575 292.57 0.231875 47780 -0.0130285 0.56626
0.003035 273.879 0.232714 47780.1 -0.0084184 0.605211
0.001715 281.702 0.232303 47780.1 -0.0111991 0.588236
0.005535 269.631 0.232909 47780.1 -0.00392903 0.614873
0.005225 270.235 0.232904 47780.1 -0.00442375 0.613494
0.002395 276.676 0.232549 47780.1 -0.00970788 0.599017
0.007595 264.468 0.232917 47780.1 -0.000183149 0.626888
0.001065 288.122 0.232038 47780.1 -0.0124094 0.575046
0.001395 284.76 0.232171 47780.1 -0.0118513 0.581876
0.005545 269.611 0.232909 47780.1 -0.00391311 0.614919
0.006855 265.823 0.232916 47780.1 -0.00170207 0.62369
0.002725 275.03 0.232643 47780.1 -0.00901119 0.602644
0.004575 271.182 0.232884 47780.1 -0.00549861 0.611335
0.001405 284.66 0.232175 47780.1 -0.0118328 0.582082
0.003625 272.467 0.232809 47780.1 -0.00720202 0.6084
0.003945 271.961 0.232843 47780.1 -0.00660761 0.609553
0.003345 273.035 0.23277 47780.1 -0.00773957 0.607112
0.004905 270.748 0.232896 47780.1 -0.00494505 0.612325
0.006225 267.794 0.232914 47780.1 -0.00281788 0.619098
0.004255 271.562 0.232866 47780.1 -0.00605187 0.610465
0.005885 268.773 0.232912 47780.1 -0.00337156 0.616841
0.007185 264.976 0.232917 47780.1 -0.00104922 0.625684
0.002045 278.982 0.23243 47780.1 -0.010492 0.594017
0.006535 266.817 0.232916 47780.1 -0.00228725 0.621366
0.000765 291.028 0.231931 47780.1 -0.012737 0.569274
0.000585 292.493 0.231877 47780.1 -0.0129482 0.566409
0.003045 273.847 0.232716 47780 -0.00842413 0.605282
0.001725 281.612 0.232307 47780.1 -0.0111778 0.588425
0.005235 270.218 0.232904 47780.1 -0.00440773 0.613533
0.002055 278.907 0.232434 47780.1 -0.0104699 0.594178
0.002405 276.619 0.232552 47780.1 -0.00968455 0.599142
0.007605 264.464 0.232917 47780.1 -0.000161621 0.626896
0.001075 288.019 0.232042 47780.1 -0.0123938 0.575253
0.005555 269.591 0.232909 47780.1 -0.0038972 0.614965
0.006865 265.795 0.232916 47780.1 -0.00168304 0.623758
0.002735 274.987 0.232645 47780.1 -0.00898994 0.602739
0.004585 271.171 0.232884 47780.1 -0.00548165 0.61136
0.001415 284.56 0.232179 47780.1 -0.0118141 0.582288
0.003635 272.448 0.23281 47780.1 -0.00718326 0.608442
0.003955 271.947 0.232843 47780.1 -0.00658936 0.609586
0.003355 273.012 0.232771 47780.1 -0.00772008 0.607163
0.004915 270.732 0.232896 47780.1 -0.00492847 0.61236
0.006235 267.765 0.232915 47780.1 -0.0028012 0.619165
0.004265 271.55 0.232867 47780.1 -0.00603427 0.610492
0.005895 268.745 0.232912 47780.1 -0.00335563 0.616904
0.007195 264.956 0.232917 47780.1 -0.00102869 0.625733
0.006545 266.784 0.232916 47780.1 -0.0022696 0.621442
0.000775 290.935 0.231934 47780.1 -0.0128179 0.569458
0.004925 270.717 0.232896 47780.1 -0.00491191 0.612395
0.000595 292.416 0.23188 47780.1 -0.012859 0.566559
0.003055 273.816 0.232718 47780 -0.00841954 0.605351
0.001735 281.523 0.232311 47780.1 -0.0111566 0.588613
0.005245 270.2 0.232904 47780.1 -0.00439172 0.613573
0.002065 278.833 0.232437 47780.1 -0.0104478 0.594338
0.002415 276.562 0.232555 47780.1 -0.00966964 0.599265
0.007615 264.461 0.232917 47780.1 -0.000140087 0.626903
0.001085 287.917 0.232046 47780.1 -0.0123781 0.575459
0.005565 269.571 0.232909 47780.1 -0.00388117 0.615011
0.006875 265.766 0.232916 47780.1 -0.00166395 0.623825
0.002745 274.945 0.232648 47780.1 -0.00896873 0.602832
0.004595 271.16 0.232884 47780.1 -0.00546471 0.611385
0.001425 284.46 0.232184 47780.1 -0.0117953 0.582493
0.003645 272.43 0.232811 47780.1 -0.00716435 0.608484
0.006885 265.738 0.232916 47780.1 -0.00164483 0.623892
0.003965 271.932 0.232844 47780.1 -0.00657114 0.609619
0.003365 272.99 0.232773 47780.1 -0.00770061 0.607214
0.006245 267.736 0.232915 47780.1 -0.00278449 0.619233
0.004275 271.538 0.232868 47780.1 -0.00601669 0.610519
0.005905 268.718 0.232913 47780.1 -0.0033397 0.616966
0.007205 264.936 0.232917 47780.1 -0.00100813 0.62578
0.006555 266.752 0.232916 47780.1 -0.00225191 0.621518
0.000785 290.841 0.231937 47780 -0.0129218 0.569642
0.004935 270.702 0.232897 47780.1 -0.00489537 0.612429
0.000605 292.339 0.231883 47780.1 -0.0128712 0.56671
0.003065 273.785 0.23272 47780 -0.0084073 0.605421
0.001745 281.434 0.232315 47780.1 -0.0111354 0.5888
0.005255 270.183 0.232904 47780.1 -0.00437572 0.613612
0.002075 278.759 0.232441 47780.1 -0.0104257 0.594496
0.002425 276.507 0.232558 47780.1 -0.00966646 0.599387
0.007625 264.459 0.232917 47780.1 -0.000118547 0.62691
0.001095 287.814 0.23205 47780.1 -0.0123624 0.575665
0.005575 269.546 0.232909 47780.1 -0.0038653 0.615067
0.002755 274.903 0.23265 47780.1 -0.00894751 0.602925
0.004605 271.149 0.232885 47780.1 -0.00544779 0.611409
0.001435 284.36 0.232188 47780.1 -0.0117763 0.582699
0.002085 278.686 0.232445 47780.1 -0.0104036 0.594654
0.007635 264.456 0.232917 47780.1 -9.70035e-05 0.626915
0.003655 272.411 0.232812 47780.1 -0.00714543 0.608526
0.006895 265.709 0.232916 47780.1 -0.00162565 0.623957
0.003975 271.918 0.232845 47780.1 -0.00655293 0.60965
0.003375 272.968 0.232774 47780.1 -0.00768095 0.607263
0.006255 267.707 0.232915 47780.1 -0.00276769 0.6193
0.004285 271.527 0.232868 47780.1 -0.00599914 0.610546
0.005915 268.691 0.232913 47780.1 -0.00332375 0.617029
0.007215 264.916 0.232917 47780.1 -0.000987525 0.625826
0.006565 266.72 0.232916 47780.1 -0.00223419 0.621593
0.000795 290.747 0.231941 47780 -0.0129481 0.569826
0.004945 270.687 0.232897 47780.1 -0.00487884 0.612464
0.000615 292.26 0.231886 47780.1 -0.0129201 0.566863
0.003075 273.755 0.232722 47780 -0.00839173 0.605489
0.001755 281.346 0.232319 47780.1 -0.0111143 0.588986
0.005265 270.166 0.232904 47780.1 -0.00435973 0.613651
0.002435 276.451 0.232561 47780.1 -0.00967472 0.599509
0.001105 287.711 0.232054 47780.1 -0.0123465 0.575872
0.005585 269.522 0.232909 47780.1 -0.00384935 0.615122
0.003085 273.725 0.232724 47780 -0.00837616 0.605556
0.002765 274.861 0.232653 47780.1 -0.00892628 0.603017
0.004615 271.138 0.232885 47780.1 -0.00543071 0.611434
0.001445 284.261 0.232192 47780.1 -0.0117571 0.582903
0.002095 278.613 0.232448 47780.1 -0.0103814 0.594812
0.007645 264.455 0.232917 47780.1 -7.5458e-05 0.626919
0.003665 272.393 0.232814 47780.1 -0.00712655 0.608567
0.006905 265.682 0.232917 47780.1 -0.00160644 0.624023
0.003985 271.905 0.232846 47780.1 -0.00653475 0.609682
0.006265 267.674 0.232915 47780.1 -0.00275098 0.619375
0.003385 272.945 0.232776 47780.1 -0.00766174 0.607316
0.004295 271.515 0.232869 47780.1 -0.00598162 0.610572
0.005925 268.664 0.232913 47780.1 -0.00330779 0.617091
0.007225 264.897 0.232917 47780.1 -0.000966885 0.625872
0.006575 266.687 0.232916 47780.1 -0.00221642 0.621668
0.000805 290.653 0.231944 47780 -0.012882 0.570012
0.004955 270.672 0.232897 47780.1 -0.00486233 0.612498
0.000625 292.181 0.231888 47780.1 -0.0129189 0.567016
0.001765 281.258 0.232323 47780.1 -0.0110932 0.589172
0.005275 270.149 0.232905 47780.1 -0.00434375 0.61369
0.002445 276.396 0.232564 47780 -0.0096892 0.599629
0.001115 287.609 0.232058 47780.1 -0.0123305 0.576078
0.005595 269.498 0.232909 47780.1 -0.00383338 0.615178
0.003095 273.695 0.232726 47780 -0.0083612 0.605623
0.002775 274.82 0.232655 47780.1 -0.00890504 0.603109
0.004625 271.124 0.232886 47780.1 -0.0054139 0.611466
0.001455 284.162 0.232196 47780.1 -0.0117378 0.583108
0.002105 278.54 0.232452 47780.1 -0.0103589 0.594968
0.007655 264.453 0.232917 47780.1 -5.39164e-05 0.626922
0.003675 272.376 0.232815 47780.1 -0.00710769 0.608608
0.006915 265.654 0.232917 47780.1 -0.00158713 0.624088
0.003995 271.891 0.232847 47780.1 -0.00651659 0.609713
0.006275 267.641 0.232915 47780.1 -0.00273418 0.619451
0.003395 272.922 0.232777 47780.1 -0.00764237 0.607368
0.004305 271.504 0.232869 47780.1 -0.00596412 0.610598
0.005935 268.637 0.232913 47780.1 -0.00329181 0.617153
0.007235 264.878 0.232917 47780.1 -0.000946209 0.625916
0.006585 266.655 0.232916 47780.1 -0.00219862 0.621743
0.000815 290.559 0.231947 47780.1 -0.0127888 0.570198
0.004965 270.657 0.232897 47780.1 -0.00484584 0.612532
0.000635 292.102 0.231891 47780.1 -0.012906 0.567171
0.001775 281.17 0.232327 47780.1 -0.0110722 0.589357
0.005285 270.132 0.232905 47780.1 -0.00432778 0.613729
0.002455 276.341 0.232567 47780 -0.00970064 0.599749
0.001125 287.506 0.232062 47780.1 -0.0123144 0.576285
0.005605 269.473 0.23291 47780.1 -0.0038174 0.615234
0.003105 273.666 0.232728 47780 -0.00834471 0.605689
0.002785 274.78 0.232658 47780.1 -0.00888381 0.603199
0.004635 271.11 0.232886 47780.1 -0.00539699 0.611498
0.001465 284.063 0.2322 47780.1 -0.0117183 0.583312
0.007665 264.452 0.232917 47780.1 -3.24198e-05 0.626924
0.002115 278.47 0.232455 47780.1 -0.0103371 0.59512
0.003685 272.358 0.232816 47780.1 -0.00708885 0.608648
0.006925 265.625 0.232917 47780.1 -0.00156785 0.624156
0.004005 271.878 0.232848 47780.1 -0.00649845 0.609743
0.006285 267.609 0.232915 47780.1 -0.00271734 0.619526
0.003405 272.899 0.232779 47780.1 -0.00762301 0.607419
0.004315 271.493 0.23287 47780.1 -0.00594664 0.610623
0.005945 268.61 0.232913 47780.1 -0.00327581 0.617216
0.007245 264.86 0.232917 47780.1 -0.000925496 0.62596
0.006595 266.624 0.232916 47780.1 -0.00218078 0.621817
0.005955 268.583 0.232913 47780.1 -0.00325979 0.617278
0.007255 264.842 0.232917 47780.1 -0.000904747 0.626003
0.006295 267.576 0.232915 47780.1 -0.00270048 0.619602
0.005965 268.556 0.232913 47780.1 -0.00324375 0.61734
0.006605 266.592 0.232916 47780.1 -0.0021629 0.621891
0.004325 271.482 0.232871 47780.1 -0.00592919 0.610649
0.007265 264.824 0.232917 47780.1 -0.000883964 0.626045
0.005975 268.529 0.232913 47780.1 -0.0032277 0.617402
0.006615 266.56 0.232916 47780.1 -0.00214498 0.621965
0.007275 264.806 0.232917 47780.1 -0.000863145 0.626086
0.000825 290.464 0.231951 47780.1 -0.0127285 0.570385
0.005985 268.502 0.232913 47780.1 -0.00321162 0.617463
0.006625 266.529 0.232916 47780.1 -0.00212702 0.622038
0.007285 264.79 0.232917 47780.1 -0.000842293 0.626126
0.006305 267.544 0.232915 47780.1 -0.00268358 0.619676
0.005995 268.475 0.232913 47780.1 -0.00319552 0.617525
0.000835 290.369 0.231954 47780.1 -0.0127079 0.570573
0.006635 266.498 0.232916 47780.1 -0.00210902 0.62211
0.004335 271.471 0.232871 47780.1 -0.00591177 0.610673
0.007295 264.773 0.232917 47780.1 -0.000821408 0.626165
0.004975 270.642 0.232898 47780.1 -0.00482937 0.612566
0.006005 268.448 0.232913 47780.1 -0.0031794 0.617587
0.000845 290.274 0.231957 47780.1 -0.012703 0.570761
0.006645 266.467 0.232916 47780.1 -0.00209099 0.622183
0.007305 264.757 0.232917 47780.1 -0.00080049 0.626203
0.001785 281.082 0.232331 47780.1 -0.0110512 0.589542
0.006015 268.422 0.232913 47780.1 -0.00316326 0.617648
0.006655 266.436 0.232916 47780.1 -0.00207292 0.622254
0.000855 290.178 0.231961 47780.1 -0.0126956 0.57095
0.007315 264.741 0.232917 47780.1 -0.000779541 0.626241
0.006315 267.512 0.232915 47780.1 -0.00266667 0.619751
0.004345 271.46 0.232872 47780.1 -0.00589437 0.610698
0.006025 268.395 0.232913 47780.1 -0.003147 0.61771
0.006665 266.406 0.232916 47780.1 -0.00205481 0.622326
0.000865 290.082 0.231964 47780.1 -0.0126837 0.571139
0.007325 264.726 0.232917 47780.1 -0.00075856 0.626277
0.004985 270.627 0.232898 47780.1 -0.00481292 0.6126
0.006035 268.364 0.232913 47780.1 -0.00313084 0.61778
0.006675 266.375 0.232916 47780.1 -0.00203666 0.622397
0.001795 280.995 0.232334 47780.1 -0.0110303 0.589726
0.000875 289.986 0.231968 47780.1 -0.0126709 0.571329
0.007335 264.711 0.232917 47780.1 -0.000737549 0.626312
0.006325 267.48 0.232915 47780.1 -0.00264972 0.619826
0.004355 271.45 0.232872 47780.1 -0.00587699 0.610722
0.006045 268.334 0.232913 47780.1 -0.0031146 0.617851
0.006685 266.345 0.232916 47780.1 -0.00201848 0.622467
0.000885 289.89 0.231971 47780.1 -0.0126586 0.57152
0.007345 264.696 0.232917 47780.1 -0.000716508 0.626347
0.005295 270.115 0.232905 47780.1 -0.00431181 0.613768
0.004995 270.612 0.232898 47780.1 -0.0047965 0.612634
0.006055 268.303 0.232914 47780.1 -0.00309831 0.617922
0.006695 266.315 0.232916 47780.1 -0.00200026 0.622537
0.000895 289.794 0.231975 47780.1 -0.0126464 0.571711
0.007355 264.682 0.232917 47780.1 -0.000695438 0.626381
0.001805 280.909 0.232338 47780.1 -0.0110094 0.589909
0.005305 270.098 0.232905 47780.1 -0.00429586 0.613807
0.006335 267.448 0.232915 47780.1 -0.00263275 0.6199
0.006065 268.273 0.232914 47780.1 -0.00308199 0.617992
0.006705 266.286 0.232916 47780.1 -0.00198194 0.622607
0.000905 289.697 0.231978 47780.1 -0.0126339 0.571903
0.004365 271.439 0.232873 47780.1 -0.00585945 0.610746
0.003415 272.877 0.23278 47780.1 -0.00760368 0.60747
0.003425 272.855 0.232782 47780.1 -0.00758438 0.60752
0.004375 271.426 0.232873 47780.1 -0.00584221 0.610777
0.003435 272.833 0.232783 47780.1 -0.00756511 0.607569
0.004385 271.412 0.232874 47780.1 -0.00582487 0.610808
0.003445 272.811 0.232785 47780.1 -0.00754587 0.607618
0.004395 271.399 0.232875 47780.1 -0.00580751 0.610838
0.003455 272.79 0.232786 47780.1 -0.00752664 0.607667
0.002465 276.287 0.23257 47780 -0.00969888 0.599868
0.004405 271.386 0.232875 47780.1 -0.00579017 0.610868
0.003465 272.769 0.232788 47780.1 -0.00750744 0.607714
0.004415 271.373 0.232876 47780.1 -0.00577286 0.610898
0.003475 272.748 0.232789 47780.1 -0.00748825 0.607761
0.004425 271.36 0.232876 47780.1 -0.00575556 0.610928
0.003485 272.727 0.23279 47780.1 -0.00746907 0.607808
0.004435 271.347 0.232877 47780.1 -0.00573829 0.610957
0.003495 272.707 0.232792 47780.1 -0.00744992 0.607854
0.002475 276.234 0.232573 47780 -0.0096771 0.599986
0.004445 271.334 0.232877 47780.1 -0.00572104 0.610986
0.003505 272.687 0.232793 47780.1 -0.00743077 0.607899
0.001135 287.403 0.232066 47780.1 -0.0122983 0.576492
0.004455 271.322 0.232878 47780.1 -0.0057038 0.611014
0.002485 276.18 0.232576 47780 -0.00963509 0.600103
0.003515 272.667 0.232795 47780.1 -0.00741164 0.607944
0.005615 269.449 0.23291 47780.1 -0.00380143 0.615289
0.004465 271.31 0.232878 47780.1 -0.00568659 0.611042
0.003115 273.637 0.232729 47780 -0.00832326 0.605755
0.004475 271.297 0.232879 47780.1 -0.0056694 0.61107
0.003125 273.608 0.232731 47780 -0.008294 0.605819
0.002795 274.739 0.23266 47780.1 -0.0088626 0.603289
0.003135 273.578 0.232733 47780 -0.00825733 0.605885
0.004645 271.096 0.232887 47780.1 -0.00538006 0.61153
0.003145 273.549 0.232735 47780 -0.00821491 0.605951
0.003155 273.521 0.232737 47780.1 -0.00817084 0.606015
0.002805 274.7 0.232662 47780.1 -0.00884144 0.603377
0.003165 273.492 0.232739 47780.1 -0.00812912 0.606079
0.002815 274.66 0.232665 47780.1 -0.00882029 0.603465
0.004655 271.082 0.232887 47780.1 -0.00536315 0.611562
0.003175 273.464 0.232741 47780.1 -0.00809249 0.606143
0.002825 274.621 0.232667 47780.1 -0.0087991 0.603552
0.004665 271.068 0.232887 47780.1 -0.00534625 0.611593
0.001475 283.965 0.232204 47780.1 -0.0116987 0.583516
0.003185 273.437 0.232743 47780.1 -0.00806181 0.606205
0.002835 274.582 0.23267 47780.1 -0.00877779 0.603638
0.004675 271.055 0.232888 47780.1 -0.00532936 0.611624
0.003195 273.409 0.232744 47780.1 -0.00803635 0.606267
0.002845 274.544 0.232672 47780.1 -0.00875631 0.603724
0.004685 271.041 0.232888 47780.1 -0.00531249 0.611655
0.002855 274.506 0.232674 47780.1 -0.00873471 0.603808
0.007675 264.452 0.232917 47780.1 -1.07793e-05 0.626925
0.002865 274.469 0.232677 47780.1 -0.00871325 0.603892
0.002875 274.432 0.232679 47780.1 -0.00869219 0.603975
0.003695 272.341 0.232817 47780.1 -0.00707005 0.608687
0.003705 272.324 0.232818 47780.1 -0.00705127 0.608726
0.002125 278.4 0.232459 47780.1 -0.010315 0.595271
0.003715 272.307 0.232819 47780.1 -0.00703252 0.608765
0.003725 272.29 0.232821 47780.1 -0.00701379 0.608803
0.003735 272.274 0.232822 47780.1 -0.00699509 0.60884
0.002135 278.33 0.232462 47780.1 -0.010293 0.595422
0.003745 272.257 0.232823 47780.1 -0.00697642 0.608877
0.006935 265.596 0.232917 47780.1 -0.00154849 0.624224
0.002145 278.261 0.232466 47780.1 -0.010271 0.595571
0.003755 272.241 0.232824 47780.1 -0.00695777 0.608913
0.002155 278.192 0.232469 47780.1 -0.010249 0.59572
0.003765 272.226 0.232825 47780.1 -0.00693915 0.608949
0.002165 278.123 0.232473 47780.1 -0.010227 0.595868
0.003775 272.21 0.232826 47780.1 -0.00692055 0.608984
0.006945 265.568 0.232917 47780.1 -0.00152907 0.624291
0.002175 278.056 0.232476 47780.1 -0.010205 0.596015
0.003785 272.195 0.232827 47780.1 -0.00690198 0.609019
0.004015 271.865 0.232849 47780.1 -0.00648033 0.609774
0.006955 265.539 0.232917 47780.1 -0.00150961 0.624357
0.002185 277.988 0.23248 47780.1 -0.0101831 0.596161
0.003795 272.18 0.232828 47780.1 -0.00688344 0.609054
0.006965 265.511 0.232917 47780.1 -0.00149009 0.624423
0.002195 277.921 0.232483 47780.1 -0.0101611 0.596306
0.003805 272.165 0.232829 47780.1 -0.00686491 0.609088
0.006975 265.484 0.232917 47780.1 -0.00147053 0.624488
0.002205 277.854 0.232487 47780.1 -0.0101391 0.59645
0.003815 272.15 0.23283 47780.1 -0.00684642 0.609121
0.004025 271.852 0.232849 47780.1 -0.00646224 0.609803
0.006985 265.456 0.232917 47780.1 -0.00145092 0.624553
0.006715 266.253 0.232916 47780.1 -0.00196367 0.622683
0.002215 277.788 0.23249 47780.1 -0.0101171 0.596594
0.003825 272.136 0.232831 47780.1 -0.00682794 0.609154
0.004035 271.839 0.23285 47780.1 -0.00644418 0.609833
0.006995 265.429 0.232917 47780.1 -0.00143126 0.624617
0.002225 277.723 0.232494 47780.1 -0.0100951 0.596736
0.005315 270.081 0.232905 47780.1 -0.00427991 0.613846
0.002235 277.657 0.232497 47780.1 -0.010073 0.596878
0.005325 270.064 0.232906 47780.1 -0.00426383 0.613884
0.005005 270.598 0.232899 47780.1 -0.00478009 0.612667
0.005335 270.043 0.232906 47780.1 -0.00424795 0.613932
0.006075 268.242 0.232914 47780.1 -0.00306565 0.618063
0.000915 289.6 0.231982 47780.1 -0.0126212 0.572096
0.005345 270.022 0.232906 47780.1 -0.00423198 0.61398
0.005355 270.001 0.232906 47780.1 -0.004216 0.614028
0.001815 280.823 0.232342 47780.1 -0.0109884 0.590092
0.005365 269.98 0.232906 47780.1 -0.00420002 0.614076
0.005375 269.959 0.232906 47780.1 -0.00418404 0.614123
0.005385 269.938 0.232907 47780.1 -0.00416808 0.614171
0.001825 280.737 0.232346 47780.1 -0.0109673 0.590274
0.005395 269.918 0.232907 47780.1 -0.00415211 0.614218
0.006345 267.416 0.232915 47780.1 -0.00261575 0.619974
0.001835 280.651 0.23235 47780.1 -0.0109461 0.590455
0.005405 269.897 0.232907 47780.1 -0.00413616 0.614265
0.001845 280.566 0.232354 47780.1 -0.0109246 0.590636
0.005415 269.876 0.232907 47780.1 -0.0041202 0.614313
0.001855 280.483 0.232358 47780.1 -0.0109036 0.590812
0.005425 269.856 0.232907 47780.1 -0.00410425 0.61436
0.006355 267.384 0.232915 47780.1 -0.00259872 0.620047
0.001865 280.4 0.232362 47780.1 -0.0108824 0.590988
0.002495 276.127 0.232579 47780.1 -0.00957989 0.600219
0.005435 269.835 0.232907 47780.1 -0.00408831 0.614407
0.001875 280.318 0.232366 47780.1 -0.0108613 0.591162
0.006365 267.353 0.232915 47780.1 -0.00258166 0.620121
0.001885 280.236 0.23237 47780.1 -0.0108401 0.591336
0.005625 269.425 0.23291 47780.1 -0.00378545 0.615345
0.001895 280.155 0.232374 47780.1 -0.0108188 0.59151
0.001905 280.074 0.232377 47780.1 -0.0107975 0.591682
0.001915 279.993 0.232381 47780.1 -0.0107761 0.591854
0.005635 269.401 0.23291 47780.1 -0.00376948 0.6154
0.001145 287.301 0.23207 47780.1 -0.012282 0.576699
0.005645 269.377 0.23291 47780.1 -0.00375351 0.615455
0.004695 271.028 0.232889 47780.1 -0.00529563 0.611686
0.005655 269.353 0.23291 47780.1 -0.00373754 0.61551
0.001155 287.198 0.232074 47780.1 -0.0122657 0.576906
0.005665 269.328 0.23291 47780.1 -0.00372158 0.615566
0.001165 287.096 0.232077 47780.1 -0.0122493 0.577113
0.005675 269.304 0.23291 47780.1 -0.00370562 0.615621
0.004705 271.014 0.232889 47780.1 -0.00527879 0.611716
0.001175 286.993 0.232081 47780.1 -0.0122328 0.57732
0.001485 283.866 0.232208 47780.1 -0.0116789 0.583719
0.005685 269.28 0.23291 47780.1 -0.00368967 0.615675
0.004715 271.001 0.232889 47780.1 -0.00526196 0.611747
0.001185 286.891 0.232085 47780.1 -0.0122163 0.577527
0.003835 272.122 0.232832 47780.1 -0.0068095 0.609186
0.005695 269.257 0.232911 47780.1 -0.00367372 0.61573
0.004725 270.988 0.23289 47780.1 -0.00524515 0.611777
0.001195 286.789 0.23209 47780.1 -0.0121997 0.577735
0.004045 271.826 0.232851 47780.1 -0.00642613 0.609861
0.001205 286.686 0.232094 47780.1 -0.012183 0.577942
0.001215 286.584 0.232098 47780.1 -0.0121663 0.578149
0.001225 286.482 0.232102 47780.1 -0.0121495 0.578357
0.004055 271.814 0.232852 47780.1 -0.00640811 0.60989
0.001235 286.38 0.232106 47780.1 -0.0121327 0.578564
0.007005 265.402 0.232917 47780.1 -0.00141155 0.62468
0.004065 271.801 0.232853 47780.1 -0.00639012 0.609918
0.001245 286.278 0.23211 47780.1 -0.0121158 0.578771
0.004075 271.789 0.232853 47780.1 -0.00637215 0.609946
0.001255 286.176 0.232114 47780.1 -0.0120988 0.578979
0.004085 271.777 0.232854 47780.1 -0.00635421 0.609973
0.001265 286.074 0.232118 47780.1 -0.0120818 0.579186
0.007015 265.376 0.232917 47780.1 -0.0013918 0.624742
0.004095 271.766 0.232855 47780.1 -0.00633629 0.61
0.001275 285.973 0.232122 47780.1 -0.0120647 0.579393
0.005015 270.583 0.232899 47780.1 -0.00476371 0.6127
0.007025 265.35 0.232917 47780.1 -0.001372 0.624804
0.000925 289.503 0.231986 47780.1 -0.0126084 0.572288
0.007035 265.324 0.232917 47780.1 -0.00135215 0.624865
0.000935 289.406 0.231989 47780.1 -0.0125954 0.572482
0.006375 267.321 0.232915 47780.1 -0.00256458 0.620194
0.000945 289.308 0.231993 47780.1 -0.0125822 0.572676
0.000955 289.211 0.231997 47780.1 -0.0125689 0.57287
0.006385 267.29 0.232915 47780.1 -0.00254747 0.620267
0.002505 276.075 0.232582 47780.1 -0.00952319 0.600335
0.006395 267.258 0.232915 47780.1 -0.00253033 0.620339
0.005705 269.233 0.232911 47780.1 -0.00365779 0.615785
0.004735 270.975 0.23289 47780.1 -0.00522835 0.611806
0.005715 269.209 0.232911 47780.1 -0.00364186 0.61584
0.004745 270.962 0.23289 47780.1 -0.00521157 0.611836
0.005725 269.185 0.232911 47780.1 -0.00362594 0.615894
0.001495 283.768 0.232213 47780.1 -0.011659 0.583922
0.004755 270.949 0.232891 47780.1 -0.00519481 0.611865
0.005735 269.161 0.232911 47780.1 -0.00361002 0.615949
0.004765 270.936 0.232891 47780.1 -0.00517806 0.611894
0.005745 269.138 0.232911 47780.1 -0.00359412 0.616003
0.004775 270.924 0.232892 47780.1 -0.00516133 0.611923
0.005755 269.114 0.232911 47780.1 -0.00357822 0.616057
0.001505 283.671 0.232217 47780.1 -0.0116389 0.584125
0.004105 271.754 0.232856 47780.1 -0.0063184 0.610026
0.001515 283.573 0.232221 47780.1 -0.0116188 0.584327
0.001525 283.476 0.232225 47780.1 -0.0115985 0.584529
0.001535 283.379 0.232229 47780.1 -0.011578 0.58473
0.004115 271.743 0.232857 47780.1 -0.00630053 0.610052
0.001545 283.283 0.232233 47780.1 -0.0115575 0.58493
0.004125 271.732 0.232857 47780.1 -0.00628249 0.610078
0.001555 283.186 0.232237 47780.1 -0.0115368 0.58513
0.005025 270.568 0.232899 47780.1 -0.00474735 0.612734
0.004135 271.718 0.232858 47780.1 -0.00626479 0.61011
0.001565 283.091 0.232241 47780.1 -0.011516 0.58533
0.001575 282.995 0.232246 47780.1 -0.0114951 0.585529
0.004145 271.704 0.232859 47780.1 -0.00624695 0.610142
0.001585 282.9 0.23225 47780.1 -0.0114737 0.585727
0.004155 271.69 0.232859 47780.1 -0.00622911 0.610173
0.005035 270.554 0.232899 47780.1 -0.00473101 0.612767
0.002515 276.023 0.232585 47780.1 -0.0094766 0.600449
0.004785 270.911 0.232892 47780.1 -0.00514461 0.611952
0.005045 270.54 0.2329 47780.1 -0.0047147 0.612799
0.001595 282.806 0.232254 47780.1 -0.011453 0.585924
0.005055 270.525 0.2329 47780.1 -0.00469841 0.612832
0.004795 270.899 0.232892 47780.1 -0.00512792 0.61198
0.002525 275.971 0.232588 47780.1 -0.00944702 0.600563
0.005065 270.511 0.2329 47780.1 -0.00468214 0.612865
0.005075 270.497 0.2329 47780.1 -0.0046659 0.612897
0.005085 270.483 0.232901 47780.1 -0.00464953 0.612929
0.005095 270.465 0.232901 47780.1 -0.00463339 0.61297
0.002535 275.92 0.232591 47780.1 -0.00943423 0.600676
0.005105 270.447 0.232901 47780.1 -0.00461718 0.613011
0.005115 270.429 0.232901 47780.1 -0.00460096 0.613052
0.002545 275.869 0.232594 47780.1 -0.00943153 0.600788
0.002555 275.819 0.232597 47780.1 -0.00942918 0.600899
