0.001925 1326.9 0.169529 298499 -0.0331498 0.775481
0.001935 1325.98 0.169623 298499 -0.0331279 0.776022
0.001945 1325.05 0.169718 298499 -0.0331057 0.776567
0.001955 1324.12 0.169813 298499 -0.0330832 0.777114
0.001965 1323.19 0.169908 298499 -0.0330605 0.777664
0.001975 1322.25 0.170004 298499 -0.0330372 0.778217
0.001985 1321.21 0.1701 298499 -0.033012 0.778831
0.001995 1320.17 0.170196 298499 -0.0329864 0.779448
0.002005 1319.13 0.170293 298499 -0.0329611 0.780067
0.002015 1318.08 0.17039 298499 -0.0329358 0.78069
0.002025 1317.03 0.170488 298499 -0.0329106 0.781315
0.002035 1315.97 0.170585 298499 -0.0328855 0.781944
0.002045 1314.92 0.170684 298499 -0.0328604 0.782575
0.002055 1313.85 0.170782 298499 -0.0328352 0.783209
0.002065 1312.79 0.170881 298499 -0.0328101 0.783847
0.002075 1311.72 0.17098 298499 -0.032785 0.784488
0.002085 1310.65 0.17108 298499 -0.0327598 0.785131
0.002095 1309.58 0.171179 298499 -0.0327345 0.785778
0.002105 1308.5 0.17128 298499 -0.0327091 0.786427
0.002115 1307.42 0.17138 298499 -0.0326834 0.78708
0.002125 1306.24 0.171481 298499 -0.032656 0.787792
0.002135 1305.06 0.171582 298499 -0.0326286 0.788506
0.002145 1303.88 0.171684 298499 -0.0326017 0.789224
0.002155 1302.69 0.171785 298499 -0.0325752 0.789945
0.002165 1301.5 0.171888 298499 -0.032549 0.790669
0.002175 1300.31 0.17199 298499 -0.0325231 0.791397
0.002185 1299.11 0.172093 298499 -0.0324975 0.792129
0.002195 1297.91 0.172196 298499 -0.0324722 0.792863
0.002205 1296.71 0.1723 298499 -0.0324472 0.793602
0.002215 1295.5 0.172404 298499 -0.0324224 0.794344
0.002225 1294.29 0.172508 298499 -0.0323978 0.795089
0.002235 1293.08 0.172612 298499 -0.0323734 0.795838
5e-06 1422.36 0.159531 298499 -0.0352929 0.72329
1.5e-05 1422.35 0.159531 298499 -0.0352928 0.723294
2.5e-05 1422.34 0.159533 298499 -0.0352927 0.7233
3.5e-05 1422.32 0.159535 298499 -0.0352923 0.723309
0.002245 1291.86 0.172717 298499 -0.0323492 0.796591
4.5e-05 1422.3 0.159537 298499 -0.0352919 0.723322
5.5e-05 1422.27 0.159541 298499 -0.0352912 0.723337
6.5e-05 1422.23 0.159545 298499 -0.0352905 0.723356
7.5e-05 1422.19 0.159549 298499 -0.0352896 0.723377
0.002255 1290.64 0.172822 298499 -0.0323251 0.797348
8.5e-05 1422.14 0.159554 298499 -0.0352885 0.723402
0.001285 1377.64 0.164277 298499 -0.0342766 0.74682
0.002265 1289.41 0.172928 298499 -0.0323013 0.798109
9.5e-05 1422.08 0.15956 298499 -0.0352873 0.72343
0.000105 1422.02 0.159567 298499 -0.0352859 0.723461
0.002275 1288.19 0.173033 298499 -0.0322775 0.798873
0.000115 1421.96 0.159574 298499 -0.0352844 0.723494
0.002285 1286.95 0.173139 298499 -0.0322539 0.799641
0.001295 1376.98 0.164347 298499 -0.0342619 0.74718
0.000125 1421.89 0.159582 298499 -0.0352828 0.723531
0.000645 1410.42 0.16081 298499 -0.0350158 0.729423
0.002295 1285.72 0.173246 298499 -0.0322304 0.800413
0.001305 1376.31 0.164416 298499 -0.0342472 0.747542
0.000135 1421.81 0.15959 298499 -0.035281 0.723571
0.002565 1250.19 0.176234 298499 -0.0315751 0.823241
0.001315 1375.64 0.164486 298499 -0.0342323 0.747907
0.000145 1421.72 0.159599 298499 -0.035279 0.723614
0.002305 1284.47 0.173352 298499 -0.032207 0.801189
0.001325 1374.97 0.164557 298499 -0.0342174 0.748274
0.002575 1248.77 0.176349 298499 -0.03155 0.82418
0.000155 1421.63 0.159609 298499 -0.035277 0.72366
0.002315 1283.23 0.17346 298499 -0.0321837 0.801969
0.000655 1410.05 0.160848 298499 -0.0350075 0.72961
0.001335 1374.29 0.164628 298499 -0.0342024 0.748645
0.000165 1421.54 0.159619 298499 -0.0352747 0.723709
0.002585 1247.35 0.176464 298499 -0.0315249 0.825122
0.002325 1281.98 0.173567 298499 -0.0321605 0.802753
0.001345 1373.61 0.164699 298499 -0.0341873 0.749018
0.000665 1409.69 0.160888 298499 -0.034999 0.729799
0.000175 1421.44 0.15963 298499 -0.0352724 0.72376
0.002595 1245.93 0.17658 298499 -0.0314997 0.82607
0.000965 1396.43 0.162298 298499 -0.0346967 0.736746
0.002335 1280.73 0.173675 298499 -0.0321374 0.803541
0.001355 1372.92 0.164771 298499 -0.034172 0.749394
0.000675 1409.32 0.160927 298499 -0.0349905 0.729992
0.000185 1421.33 0.159642 298499 -0.0352699 0.723815
0.002605 1244.5 0.176695 298499 -0.0314743 0.827023
0.001605 1354.37 0.166702 298499 -0.0337635 0.759692
0.001365 1372.23 0.164844 298499 -0.0341568 0.749772
0.005765 649.082 0.219231 298499 -0.0157869 1.59036
0.000685 1408.94 0.160967 298499 -0.0349818 0.730187
0.002345 1279.47 0.173782 298499 -0.0321143 0.804333
0.000195 1421.21 0.159654 298499 -0.0352672 0.723873
0.002615 1243.06 0.176811 298499 -0.0314487 0.82798
0.001375 1371.54 0.164916 298499 -0.0341414 0.750154
0.000695 1408.56 0.161008 298499 -0.0349731 0.730385
0.000975 1395.91 0.162352 298499 -0.0346851 0.737019
0.000205 1421.1 0.159667 298499 -0.0352645 0.723934
0.002355 1278.21 0.173891 298499 -0.0320912 0.805129
0.002625 1241.63 0.176928 298499 -0.0314229 0.828942
0.001385 1370.84 0.164989 298499 -0.0341259 0.750538
0.000705 1408.17 0.161049 298499 -0.0349642 0.730586
0.000215 1420.97 0.15968 298499 -0.0352616 0.723997
0.001615 1353.58 0.166785 298499 -0.033746 0.760141
0.002635 1240.18 0.177044 298499 -0.0313969 0.82991
0.000985 1395.39 0.162407 298499 -0.0346733 0.737295
0.001395 1370.13 0.165063 298499 -0.0341104 0.750925
0.002365 1276.95 0.173999 298499 -0.0320682 0.805929
0.000225 1420.84 0.159694 298499 -0.0352585 0.724064
0.000715 1407.78 0.161091 298499 -0.0349552 0.730789
0.005775 647.259 0.219347 298499 -0.0157084 1.59487
0.002645 1238.74 0.177161 298499 -0.0313707 0.830882
0.001625 1352.78 0.166868 298499 -0.0337284 0.760592
0.000325 1419.22 0.159867 298499 -0.0352207 0.724889
0.001405 1369.43 0.165137 298499 -0.0340947 0.751314
0.000235 1420.7 0.159709 298499 -0.0352553 0.724133
0.000725 1407.39 0.161133 298499 -0.0349461 0.730995
0.002655 1237.29 0.177278 298499 -0.0313442 0.831859
0.005125 773.789 0.21108 298499 -0.0203833 1.33284
0.000995 1394.86 0.162463 298499 -0.0346615 0.737574
0.002375 1275.68 0.174108 298499 -0.0320451 0.806734
0.001635 1351.97 0.166951 298499 -0.0337108 0.761046
0.005785 645.44 0.219462 298499 -0.0156298 1.59938
0.001415 1368.71 0.165211 298499 -0.034079 0.751707
0.000245 1420.56 0.159724 298499 -0.035252 0.724206
0.005445 709.668 0.215322 298499 -0.0182236 1.4539
0.000735 1406.99 0.161176 298499 -0.0349369 0.731204
0.002665 1235.84 0.177396 298499 -0.0313175 0.832841
0.001005 1394.33 0.162519 298499 -0.0346495 0.737855
0.005135 771.742 0.211217 298499 -0.0203161 1.33639
0.002385 1274.41 0.174217 298499 -0.032022 0.807542
0.001645 1351.16 0.167034 298499 -0.0336931 0.761503
0.001425 1368 0.165286 298499 -0.0340631 0.752102
0.000255 1420.41 0.15974 298499 -0.0352486 0.724281
0.005795 643.626 0.219577 298499 -0.0155511 1.60392
0.000335 1419.03 0.159888 298499 -0.0352162 0.724987
0.000745 1406.58 0.161219 298499 -0.0349276 0.731415
0.002675 1234.38 0.177513 298499 -0.0312906 0.833827
0.005145 769.697 0.211353 298499 -0.020249 1.33996
0.001015 1393.8 0.162576 298499 -0.0346375 0.738139
0.002395 1273.13 0.174327 298499 -0.0319988 0.808355
0.001435 1367.28 0.165361 298499 -0.0340472 0.7525
0.000265 1420.26 0.159756 298499 -0.035245 0.724359
0.001655 1350.35 0.167118 298499 -0.0336753 0.761963
0.000755 1406.17 0.161263 298499 -0.0349182 0.731629
0.002685 1232.92 0.177631 298499 -0.0312634 0.834819
0.005805 641.817 0.219691 298499 -0.0154722 1.60846
0.000345 1418.83 0.159909 298499 -0.0352115 0.725088
0.005155 767.652 0.211489 298499 -0.0201822 1.34355
0.001025 1393.26 0.162633 298499 -0.0346254 0.738425
0.001445 1366.55 0.165437 298499 -0.0340312 0.7529
0.002405 1271.85 0.174437 298499 -0.0319755 0.809172
0.000275 1420.1 0.159773 298499 -0.0352412 0.72444
0.007365 456.114 0.230527 298499 -0.00255332 2.26786
0.005455 707.718 0.215449 298499 -0.0181495 1.45793
0.000765 1405.75 0.161307 298499 -0.0349087 0.731846
0.001665 1349.53 0.167203 298499 -0.0336573 0.762426
0.002695 1231.45 0.17775 298499 -0.0312361 0.835816
0.007045 474.637 0.229558 298499 -0.00518458 2.17882
0.000355 1418.63 0.159931 298499 -0.0352068 0.725192
0.005165 765.609 0.211625 298499 -0.0201156 1.34715
0.005815 640.013 0.219805 298499 -0.0153932 1.61302
0.001455 1365.82 0.165513 298499 -0.0340152 0.753304
0.001035 1392.71 0.16269 298499 -0.0346131 0.738715
0.000285 1419.94 0.159791 298499 -0.0352374 0.724524
0.002415 1270.56 0.174547 298499 -0.0319521 0.809993
0.000775 1405.33 0.161352 298499 -0.0348991 0.732066
0.005465 705.771 0.215577 298499 -0.0180753 1.46197
0.002705 1229.98 0.177868 298499 -0.0312087 0.836817
0.001675 1348.71 0.167288 298499 -0.0336393 0.762892
0.005175 763.567 0.21176 298499 -0.0200494 1.35077
0.000365 1418.42 0.159953 298499 -0.0352019 0.725299
0.007055 473.882 0.229598 298499 -0.00510166 2.18231
0.001465 1365.09 0.165589 298499 -0.033999 0.75371
0.005825 638.214 0.219918 298499 -0.0153141 1.61759
0.001045 1392.16 0.162748 298499 -0.0346008 0.739006
0.000295 1419.77 0.159809 298499 -0.0352334 0.724611
0.007375 455.726 0.230547 298499 -0.00247176 2.26981
0.002425 1269.28 0.174657 298499 -0.0319285 0.810818
0.006085 593.424 0.222698 298499 -0.0132153 1.74038
0.000785 1404.91 0.161397 298499 -0.0348894 0.732288
0.002715 1228.51 0.177987 298499 -0.0311812 0.837824
0.005475 703.828 0.215704 298499 -0.0180009 1.46603
0.001685 1347.89 0.167373 298499 -0.0336212 0.76336
0.005185 761.526 0.211896 298499 -0.0199835 1.35441
0.004805 839.743 0.206619 298499 -0.022437 1.22768
0.000375 1418.21 0.159976 298499 -0.0351969 0.725409
0.001475 1364.35 0.165666 298499 -0.0339827 0.754119
0.007065 473.138 0.229638 298499 -0.00501879 2.18577
0.000305 1419.59 0.159828 298499 -0.0352293 0.724701
0.001055 1391.61 0.162807 298499 -0.0345884 0.739301
0.005835 636.42 0.220031 298499 -0.0152348 1.62218
0.002435 1267.98 0.174768 298499 -0.0319047 0.811648
0.007385 455.349 0.230566 298499 -0.00239026 2.27169
0.000795 1404.48 0.161443 298499 -0.0348795 0.732513
0.002725 1227.04 0.178106 298499 -0.0311537 0.838836
0.005485 701.887 0.215831 298499 -0.0179263 1.4701
0.001695 1347.06 0.167458 298499 -0.0336031 0.763832
0.005195 759.486 0.212031 298499 -0.019918 1.35807
0.001485 1363.61 0.165744 298499 -0.0339664 0.754531
0.000385 1417.99 0.16 298499 -0.0351917 0.725521
0.007075 472.406 0.229677 298499 -0.00493596 2.18918
0.000315 1419.41 0.159847 298499 -0.035225 0.724793
0.001065 1391.05 0.162866 298499 -0.0345758 0.739598
0.002445 1266.69 0.174879 298499 -0.0318807 0.812482
0.000805 1404.04 0.161489 298499 -0.0348696 0.73274
0.005845 634.632 0.220144 298499 -0.0151554 1.62677
0.007395 454.985 0.230584 298499 -0.00230858 2.27353
0.006725 504.501 0.22792 298499 -0.00785952 2.04908
0.004485 905.632 0.202038 298499 -0.0242757 1.13796
0.007405 454.653 0.230602 298499 -0.00222733 2.27519
0.006405 544.614 0.22562 298499 -0.0105535 1.8973
0.007415 454.334 0.230619 298499 -0.00214611 2.2768
0.004495 903.585 0.202182 298499 -0.0242214 1.14055
0.006415 543.22 0.225702 298499 -0.0104695 1.90219
0.004505 901.538 0.202326 298499 -0.0241668 1.14315
0.007425 454.027 0.230635 298499 -0.00206483 2.27835
0.006735 503.406 0.227982 298499 -0.00777542 2.05357
0.006425 541.834 0.225783 298499 -0.0103855 1.90709
0.004515 899.49 0.20247 298499 -0.024112 1.14577
0.007435 453.731 0.230651 298499 -0.00198359 2.27985
0.006745 502.321 0.228042 298499 -0.00769135 2.05803
0.006435 540.457 0.225863 298499 -0.0103014 1.91198
0.004525 897.44 0.202614 298499 -0.0240571 1.14839
0.007445 453.447 0.230666 298499 -0.00190238 2.28129
0.006755 501.245 0.228102 298499 -0.00760729 2.06247
0.003205 1149.63 0.184116 298499 -0.0297922 0.895536
0.006445 539.089 0.225943 298499 -0.0102174 1.91686
0.004535 895.39 0.202758 298499 -0.0240019 1.15104
0.007455 453.175 0.230681 298499 -0.00182119 2.28267
0.006765 500.18 0.228162 298499 -0.00752327 2.06689
0.006455 537.729 0.226022 298499 -0.0101332 1.92173
0.004545 893.338 0.202902 298499 -0.0239466 1.15369
0.007465 452.914 0.230695 298499 -0.00174004 2.28399
0.006775 499.126 0.228221 298499 -0.00743927 2.07128
0.006465 536.378 0.2261 298499 -0.0100491 1.9266
0.004555 891.286 0.203045 298499 -0.023891 1.15636
0.007475 452.666 0.230708 298499 -0.00165892 2.28525
0.003215 1147.91 0.184247 298499 -0.0297585 0.896883
0.006475 535.036 0.226178 298499 -0.00996496 1.93146
0.004565 889.232 0.203189 298499 -0.0238353 1.15904
0.006785 498.081 0.228279 298499 -0.00735529 2.07565
0.003225 1146.19 0.184379 298499 -0.0297248 0.898238
0.002885 1202.77 0.180046 298499 -0.0307475 0.855823
0.007485 452.429 0.230721 298499 -0.00157782 2.28645
0.006485 533.703 0.226256 298499 -0.00988079 1.93631
0.004575 887.178 0.203333 298499 -0.0237793 1.16174
0.006795 497.047 0.228336 298499 -0.00727135 2.08
0.003235 1144.46 0.18451 298499 -0.0296909 0.899599
0.003845 1032.97 0.192859 298499 -0.0273674 0.997104
0.006495 532.379 0.226332 298499 -0.0097966 1.94116
0.007495 452.204 0.230733 298499 -0.00149675 2.2876
0.004585 885.122 0.203477 298499 -0.0237232 1.16445
0.003245 1142.73 0.184641 298499 -0.0296569 0.900966
0.006805 496.023 0.228393 298499 -0.00718743 2.08432
0.006505 531.064 0.226408 298499 -0.0097124 1.946
0.004595 883.066 0.20362 298499 -0.0236668 1.16717
0.007505 451.991 0.230744 298499 -0.0014157 2.28868
0.003255 1140.99 0.184773 298499 -0.0296228 0.902341
0.006815 495.01 0.228449 298499 -0.00710355 2.08861
0.006515 529.757 0.226484 298499 -0.00962818 1.95082
0.002895 1201.17 0.18017 298499 -0.0307237 0.856965
0.004605 881.009 0.203764 298499 -0.0236103 1.16991
0.003265 1139.26 0.184905 298499 -0.0295886 0.903723
0.007515 451.789 0.230755 298499 -0.00133467 2.28971
0.003855 1031.05 0.193 298499 -0.0273246 0.998968
0.006525 528.46 0.226559 298499 -0.00954395 1.95564
0.006825 494.006 0.228504 298499 -0.00701969 2.09288
0.003525 1092.9 0.188404 298499 -0.0286538 0.942207
0.004615 878.951 0.203907 298499 -0.0235536 1.17266
0.002905 1199.57 0.180293 298499 -0.0307002 0.858114
0.003275 1137.52 0.185037 298499 -0.0295543 0.905111
0.003865 1029.13 0.193142 298499 -0.0272816 1.00084
0.007525 451.6 0.230765 298499 -0.00125367 2.29068
0.006535 527.172 0.226633 298499 -0.00945971 1.96044
0.006835 493.014 0.228559 298499 -0.00693587 2.09712
0.004625 876.892 0.204051 298499 -0.0234966 1.17543
0.003285 1135.77 0.18517 298499 -0.0295198 0.906507
0.002915 1197.97 0.180417 298499 -0.0306766 0.859269
0.003875 1027.21 0.193283 298499 -0.0272385 1.00272
0.006545 525.894 0.226706 298499 -0.00937547 1.96524
0.007535 451.422 0.230774 298499 -0.00117269 2.29159
0.006845 492.032 0.228613 298499 -0.00685209 2.10133
0.004635 874.833 0.204194 298499 -0.0234395 1.17821
0.003295 1134.02 0.185302 298499 -0.0294853 0.90791
0.003885 1025.28 0.193425 298499 -0.0271952 1.00462
0.002925 1196.35 0.180542 298499 -0.0306529 0.86043
0.006555 524.624 0.226779 298499 -0.00929122 1.97002
0.007545 451.256 0.230783 298499 -0.00109173 2.29243
0.004645 872.773 0.204337 298499 -0.0233821 1.181
0.003305 1132.27 0.185435 298499 -0.0294506 0.909319
0.006855 491.06 0.228667 298499 -0.00676833 2.10551
0.004165 970.33 0.197426 298499 -0.0259137 1.06176
0.003535 1091.08 0.188541 298499 -0.028616 0.943791
0.003895 1023.35 0.193567 298499 -0.0271517 1.00652
0.006565 523.364 0.226851 298499 -0.00920696 1.9748
0.002935 1194.74 0.180666 298499 -0.0306287 0.861598
0.004655 870.712 0.204481 298499 -0.0233246 1.18381
0.007555 451.102 0.230791 298499 -0.00101079 2.29322
0.003315 1130.52 0.185568 298499 -0.0294158 0.910736
0.006865 490.099 0.22872 298499 -0.00668461 2.10967
0.003905 1021.42 0.193709 298499 -0.0271081 1.00843
0.003545 1089.25 0.188678 298499 -0.028578 0.945382
0.006575 522.113 0.226923 298499 -0.0091227 1.97956
0.004665 868.65 0.204624 298499 -0.0232668 1.18663
0.002945 1193.12 0.180791 298499 -0.0306039 0.862773
0.007565 450.96 0.230799 298499 -0.000929869 2.29395
0.003915 1019.48 0.193851 298499 -0.0270643 1.01035
0.003325 1128.76 0.185701 298499 -0.0293809 0.91216
0.006875 489.148 0.228772 298499 -0.00660093 2.11379
0.006585 520.871 0.226994 298499 -0.00903844 1.9843
0.004675 866.588 0.204767 298499 -0.0232089 1.18947
0.003555 1087.42 0.188815 298499 -0.0285398 0.946982
0.002955 1191.49 0.180916 298499 -0.0305784 0.863954
0.004175 968.335 0.197569 298499 -0.0258654 1.06396
0.007575 450.829 0.230806 298499 -0.000848963 2.29462
0.003925 1017.54 0.193993 298499 -0.0270204 1.01229
0.003335 1127 0.185835 298499 -0.0293459 0.913592
0.006885 488.208 0.228823 298499 -0.00651729 2.11789
0.006595 519.639 0.227064 298499 -0.00895418 1.98903
0.004685 864.526 0.20491 298499 -0.0231507 1.19232
0.002735 1225.56 0.178225 298499 -0.0311263 0.839852
0.003565 1085.58 0.188953 298499 -0.0285015 0.94859
0.002965 1189.86 0.181041 298499 -0.0305521 0.865141
0.007585 450.711 0.230812 298499 -0.000768073 2.29523
0.003935 1015.6 0.194135 298499 -0.0269762 1.01423
0.004185 966.338 0.197713 298499 -0.0258169 1.06616
0.003345 1125.23 0.185968 298499 -0.0293107 0.91503
0.006605 518.417 0.227134 298499 -0.00886992 1.99375
0.004695 862.463 0.205053 298499 -0.0230924 1.19519
0.006895 487.279 0.228874 298499 -0.00643368 2.12195
0.002745 1224.07 0.178345 298499 -0.0310989 0.840874
0.003575 1083.74 0.18909 298499 -0.0284631 0.950206
0.002975 1188.23 0.181167 298499 -0.0305251 0.866335
0.003945 1013.66 0.194277 298499 -0.0269319 1.01618
0.007595 450.604 0.230818 298499 -0.000687199 2.29577
0.003355 1123.46 0.186102 298499 -0.0292754 0.916476
0.006615 517.204 0.227203 298499 -0.00878566 1.99846
0.004195 964.34 0.197857 298499 -0.0257682 1.06838
0.004705 860.399 0.205196 298499 -0.0230338 1.19807
0.002755 1222.58 0.178465 298499 -0.0310718 0.841901
0.006905 486.36 0.228924 298499 -0.00635012 2.12599
0.003585 1081.9 0.189228 298499 -0.0284245 0.951831
0.002985 1186.59 0.181292 298499 -0.0304972 0.867535
0.003955 1011.72 0.194419 298499 -0.0268875 1.01814
0.007605 450.509 0.230823 298499 -0.000606339 2.29626
0.003365 1121.69 0.186236 298499 -0.02924 0.917929
0.006625 516 0.227272 298499 -0.00870141 2.00315
0.004715 858.335 0.205338 298499 -0.022975 1.20096
0.004205 962.339 0.198001 298499 -0.0257194 1.07061
0.002765 1221.09 0.178585 298499 -0.031045 0.842933
0.006915 485.452 0.228974 298499 -0.00626659 2.12999
0.003595 1080.05 0.189366 298499 -0.0283858 0.953463
0.002995 1184.95 0.181418 298499 -0.0304686 0.868742
0.003965 1009.77 0.194562 298499 -0.0268428 1.02012
0.007615 450.426 0.230827 298499 -0.000525496 2.29669
0.003375 1119.92 0.18637 298499 -0.0292044 0.91939
0.006635 514.806 0.227339 298499 -0.00861717 2.00782
0.004725 856.27 0.205481 298499 -0.0229161 1.20387
0.002775 1219.6 0.178705 298499 -0.0310185 0.84397
0.004215 960.337 0.198145 298499 -0.0256703 1.07286
0.006095 591.785 0.222798 298499 -0.0131332 1.74523
0.003975 1007.82 0.194704 298499 -0.026798 1.0221
0.006925 484.555 0.229023 298499 -0.0061831 2.13395
0.003005 1183.3 0.181544 298499 -0.0304392 0.869955
0.003605 1078.21 0.189504 298499 -0.0283469 0.955104
0.006645 513.622 0.227407 298499 -0.00853293 2.01248
0.003385 1118.14 0.186504 298499 -0.0291687 0.920857
0.004735 854.205 0.205624 298499 -0.0228569 1.20679
0.007625 450.355 0.230831 298499 -0.000444672 2.29705
0.002785 1218.1 0.178826 298499 -0.0309925 0.845013
0.004225 958.332 0.198289 298499 -0.0256211 1.07511
0.003985 1005.87 0.194847 298499 -0.0267531 1.02409
0.006935 483.668 0.229071 298499 -0.00609965 2.13789
0.006105 590.153 0.222897 298499 -0.013051 1.75008
0.006655 512.447 0.227473 298499 -0.00844871 2.01712
0.003015 1181.66 0.181671 298499 -0.0304092 0.871174
0.003395 1116.36 0.186639 298499 -0.0291328 0.922333
0.003615 1076.35 0.189642 298499 -0.0283078 0.956754
0.004745 852.14 0.205766 298499 -0.0227975 1.20973
0.002795 1216.6 0.178947 298499 -0.0309669 0.846061
0.007635 450.296 0.230834 298499 -0.000363875 2.29736
0.003995 1003.91 0.194989 298499 -0.0267079 1.02609
0.004235 956.326 0.198433 298499 -0.0255717 1.07738
0.006945 482.793 0.229118 298499 -0.00601625 2.14179
0.006665 511.283 0.227539 298499 -0.00836449 2.02174
0.006115 588.527 0.222996 298499 -0.0129688 1.75495
0.003405 1114.57 0.186774 298499 -0.0290968 0.923815
0.003025 1180 0.181797 298499 -0.0303787 0.872399
0.003625 1074.5 0.18978 298499 -0.0282687 0.958412
0.002805 1215.09 0.179068 298499 -0.0309417 0.847115
0.004755 850.074 0.205909 298499 -0.022738 1.21269
0.007645 450.248 0.230837 298499 -0.000283138 2.2976
0.004005 1001.95 0.195132 298499 -0.0266626 1.02811
0.004245 954.318 0.198577 298499 -0.0255221 1.07965
0.006675 510.128 0.227604 298499 -0.00828029 2.02635
0.006955 481.928 0.229165 298499 -0.00593288 2.14566
0.003415 1112.79 0.186908 298499 -0.0290607 0.925306
0.006125 586.909 0.223095 298499 -0.0128864 1.75981
0.003035 1178.34 0.181924 298499 -0.0303477 0.873631
0.003635 1072.64 0.189919 298499 -0.0282293 0.960078
0.002815 1213.58 0.179189 298499 -0.030917 0.848174
0.004765 848.009 0.206051 298499 -0.0226782 1.21565
0.007655 450.213 0.230839 298499 -0.000202509 2.29778
0.004015 999.994 0.195275 298499 -0.0266171 1.03013
0.004255 952.308 0.198721 298499 -0.0254723 1.08194
0.006685 508.983 0.227669 298499 -0.0081961 2.03093
0.003425 1110.99 0.187043 298499 -0.0290244 0.926804
0.006965 481.074 0.229212 298499 -0.00584956 2.14949
0.006135 585.297 0.223193 298499 -0.0128039 1.76469
0.003045 1176.68 0.182051 298499 -0.0303163 0.874869
0.003645 1070.78 0.190058 298499 -0.0281898 0.961752
0.002825 1212.06 0.179311 298499 -0.0308926 0.849239
0.004775 845.942 0.206193 298499 -0.0226182 1.21864
0.004025 998.032 0.195418 298499 -0.0265714 1.03216
0.006695 507.847 0.227733 298499 -0.00811193 2.0355
0.007665 450.189 0.23084 298499 -0.000122786 2.2979
0.004265 950.296 0.198865 298499 -0.0254224 1.08424
0.003435 1109.2 0.187179 298499 -0.028988 0.928309
0.006975 480.231 0.229257 298499 -0.00576628 2.15329
0.003055 1175.02 0.182179 298499 -0.0302845 0.876113
0.006145 583.693 0.22329 298499 -0.0127214 1.76956
0.003655 1068.92 0.190196 298499 -0.0281502 0.963436
0.002835 1210.54 0.179433 298499 -0.0308686 0.85031
0.004785 843.876 0.206335 298499 -0.022558 1.22164
0.004035 996.068 0.195561 298499 -0.0265256 1.03421
0.006705 506.722 0.227796 298499 -0.00802777 2.04005
0.007675 450.177 0.230841 298499 -4.04176e-05 2.29796
0.004275 948.283 0.19901 298499 -0.0253723 1.08655
0.003445 1107.4 0.187314 298499 -0.0289515 0.929822
0.006985 479.399 0.229302 298499 -0.00568305 2.15705
0.003065 1173.35 0.182306 298499 -0.0302526 0.877363
0.006155 582.095 0.223387 298499 -0.0126388 1.77445
0.003665 1067.05 0.190335 298499 -0.0281104 0.965128
0.002845 1209.01 0.179555 298499 -0.0308447 0.851387
0.004795 841.809 0.206477 298499 -0.0224976 1.22465
0.004045 994.101 0.195704 298499 -0.0264796 1.03626
0.006715 505.606 0.227859 298499 -0.00794364 2.04458
0.003455 1105.6 0.18745 298499 -0.0289148 0.931343
0.004285 946.267 0.199154 298499 -0.0253219 1.08888
0.000815 1403.6 0.161536 298499 -0.0348596 0.732971
0.002455 1265.39 0.17499 298499 -0.0318563 0.81332
0.004295 944.25 0.199298 298499 -0.0252714 1.09122
0.000825 1403.16 0.161583 298499 -0.0348494 0.733204
0.001705 1346.23 0.167544 298499 -0.0335848 0.764306
0.004305 942.231 0.199442 298499 -0.0252208 1.09356
0.000835 1402.71 0.161631 298499 -0.0348392 0.733439
0.002465 1264.08 0.175102 298499 -0.0318316 0.814162
0.005495 699.95 0.215957 298499 -0.0178517 1.47419
0.004315 940.211 0.199586 298499 -0.0251699 1.09592
0.000845 1402.25 0.161679 298499 -0.0348288 0.733678
0.001715 1345.39 0.167631 298499 -0.0335664 0.764783
0.002475 1262.77 0.175214 298499 -0.0318064 0.815008
0.005505 698.016 0.216083 298499 -0.0177769 1.4783
0.005205 757.447 0.212165 298499 -0.019853 1.36174
0.004325 938.189 0.199731 298499 -0.0251188 1.0983
0.000855 1401.79 0.161728 298499 -0.0348184 0.733919
0.001725 1344.55 0.167717 298499 -0.0335479 0.765264
0.001495 1362.86 0.165821 298499 -0.0339499 0.754946
0.002485 1261.39 0.175326 298499 -0.0317796 0.815905
0.005515 696.086 0.216209 298499 -0.017702 1.48242
0.004335 936.165 0.199875 298499 -0.0250676 1.10068
0.000865 1401.33 0.161777 298499 -0.0348078 0.734162
0.005215 755.408 0.2123 298499 -0.0197883 1.36543
0.001735 1343.7 0.167804 298499 -0.0335293 0.765747
0.000395 1417.76 0.160024 298499 -0.0351865 0.725637
0.001505 1362.11 0.165899 298499 -0.0339334 0.755363
0.005525 694.159 0.216334 298499 -0.017627 1.48656
0.002495 1260.01 0.175439 298499 -0.031753 0.816806
0.007085 471.684 0.229715 298499 -0.00485318 2.19255
0.000875 1400.86 0.161827 298499 -0.0347972 0.734409
0.004345 934.14 0.200019 298499 -0.0250161 1.10308
0.001745 1342.85 0.167892 298499 -0.0335106 0.766233
0.005225 753.371 0.212434 298499 -0.0197238 1.36914
0.000405 1417.53 0.160049 298499 -0.0351811 0.725755
0.001515 1361.35 0.165978 298499 -0.0339168 0.755783
0.005535 692.236 0.21646 298499 -0.0175519 1.49071
0.002505 1258.62 0.175551 298499 -0.0317269 0.817712
0.000885 1400.39 0.161878 298499 -0.0347864 0.734658
0.007095 470.974 0.229753 298499 -0.00477044 2.19587
0.004355 932.113 0.200163 298499 -0.0249645 1.10549
0.001755 1342 0.16798 298499 -0.0334918 0.766722
0.001525 1360.6 0.166057 298499 -0.0339001 0.756206
0.000415 1417.3 0.160074 298499 -0.0351756 0.725876
0.005235 751.334 0.212569 298499 -0.0196594 1.37288
0.005545 690.316 0.216584 298499 -0.0174767 1.49487
0.000895 1399.91 0.161928 298499 -0.0347756 0.734909
0.002515 1257.22 0.175664 298499 -0.0317011 0.818622
0.007105 470.275 0.22979 298499 -0.00468775 2.19916
0.001765 1341.14 0.168068 298499 -0.0334729 0.767213
0.001535 1359.83 0.166136 298499 -0.0338833 0.756632
0.004365 930.084 0.200308 298499 -0.0249127 1.10791
0.005245 749.297 0.212702 298499 -0.0195949 1.37662
0.000425 1417.06 0.1601 298499 -0.0351699 0.725999
0.005555 688.4 0.216709 298499 -0.0174013 1.49906
0.000905 1399.42 0.16198 298499 -0.0347646 0.735164
0.007115 469.588 0.229827 298499 -0.00460511 2.2024
0.001775 1340.28 0.168156 298499 -0.0334538 0.767708
0.002525 1255.82 0.175778 298499 -0.0316756 0.819536
0.001545 1359.06 0.166216 298499 -0.0338665 0.757061
0.004375 928.054 0.200452 298499 -0.0248607 1.11034
0.005255 747.262 0.212836 298499 -0.0195301 1.38039
0.000435 1416.81 0.160126 298499 -0.0351642 0.726126
0.005565 686.487 0.216833 298499 -0.0173258 1.50326
0.000915 1398.94 0.162031 298499 -0.0347535 0.735421
0.007125 468.911 0.229863 298499 -0.00452251 2.20559
0.001785 1339.42 0.168245 298499 -0.0334347 0.768206
0.001555 1358.29 0.166296 298499 -0.0338495 0.757492
0.002535 1254.42 0.175892 298499 -0.0316503 0.820456
0.005265 745.227 0.212969 298499 -0.0194639 1.38418
0.000445 1416.56 0.160153 298499 -0.0351583 0.726255
0.004385 926.023 0.200596 298499 -0.0248085 1.11279
0.004815 837.676 0.206761 298499 -0.0223762 1.23072
0.000925 1398.44 0.162084 298499 -0.0347424 0.735681
0.007135 468.246 0.229898 298499 -0.00443996 2.20874
0.005575 684.579 0.216956 298499 -0.0172503 1.50747
0.001795 1338.55 0.168335 298499 -0.0334154 0.768706
0.001565 1357.52 0.166376 298499 -0.0338325 0.757927
0.002545 1253.02 0.176006 298499 -0.0316252 0.82138
0.005275 743.194 0.213102 298499 -0.0193963 1.38799
0.000455 1416.3 0.160181 298499 -0.0351523 0.726387
0.004395 923.99 0.20074 298499 -0.0247561 1.11525
0.000935 1397.95 0.162136 298499 -0.0347311 0.735943
0.007145 467.592 0.229932 298499 -0.00435746 2.21185
0.005585 682.674 0.21708 298499 -0.0171745 1.5117
0.004825 835.609 0.206902 298499 -0.0223152 1.23378
0.001575 1356.74 0.166457 298499 -0.0338154 0.758364
0.001805 1337.68 0.168424 298499 -0.033396 0.76921
0.002555 1251.61 0.17612 298499 -0.0316001 0.822308
0.000465 1416.04 0.160209 298499 -0.0351461 0.726522
0.004405 921.955 0.200884 298499 -0.0247035 1.11772
0.005285 741.209 0.213235 298499 -0.0193328 1.39172
0.000945 1397.44 0.16219 298499 -0.0347198 0.736208
0.007155 466.95 0.229966 298499 -0.004275 2.21491
0.005595 680.772 0.217202 298499 -0.0170987 1.51594
0.004835 833.542 0.207044 298499 -0.022254 1.23685
0.001585 1355.95 0.166538 298499 -0.0337982 0.758804
0.001815 1336.8 0.168514 298499 -0.0333764 0.769716
0.000475 1415.77 0.160238 298499 -0.0351399 0.72666
0.001075 1390.49 0.162925 298499 -0.0345632 0.739898
0.000485 1415.5 0.160267 298499 -0.0351335 0.726801
0.005855 632.848 0.220256 298499 -0.0150759 1.63138
0.001085 1389.92 0.162985 298499 -0.0345505 0.740201
0.006995 478.578 0.229346 298499 -0.00559986 2.16077
0.000495 1415.22 0.160297 298499 -0.035127 0.726944
0.003075 1171.68 0.182434 298499 -0.0302187 0.878619
0.001095 1389.35 0.163045 298499 -0.0345377 0.740506
0.000505 1414.93 0.160327 298499 -0.0351204 0.72709
0.007005 477.767 0.22939 298499 -0.00551671 2.16446
0.006165 580.504 0.223483 298499 -0.0125561 1.77934
0.005865 631.071 0.220367 298499 -0.0149963 1.636
0.001105 1388.78 0.163106 298499 -0.0345248 0.740814
0.003085 1170 0.182562 298499 -0.0301894 0.879882
0.000515 1414.64 0.160358 298499 -0.0351137 0.727239
0.007015 476.968 0.229433 298499 -0.00543361 2.16811
0.002855 1207.48 0.179677 298499 -0.0308209 0.85247
0.001115 1388.2 0.163167 298499 -0.0345118 0.741125
0.003095 1168.33 0.182691 298499 -0.0297449 0.881151
0.006175 578.921 0.223579 298499 -0.0124734 1.78423
0.000525 1414.35 0.16039 298499 -0.0351069 0.72739
0.007025 476.18 0.229475 298499 -0.00535056 2.17172
0.005875 629.298 0.220478 298499 -0.0149165 1.64064
0.002865 1205.95 0.1798 298499 -0.0307969 0.853558
0.001125 1387.61 0.163229 298499 -0.0344987 0.741438
0.003105 1166.64 0.182819 298503 -0.0309473 0.882437
0.000535 1414.05 0.160422 298499 -0.0350999 0.727544
0.006185 577.345 0.223674 298499 -0.0123906 1.78913
0.007035 475.403 0.229517 298499 -0.00526754 2.17529
0.003675 1065.18 0.190474 298499 -0.0280704 0.966828
0.002875 1204.36 0.179923 298499 -0.0307718 0.854688
0.001135 1387.02 0.163291 298499 -0.0344855 0.741754
0.003115 1164.96 0.182948 298499 -0.0296792 0.883708
0.004055 992.132 0.195847 298499 -0.0264334 1.03833
0.003465 1103.8 0.187585 298499 -0.0288779 0.932871
0.003125 1163.27 0.183077 298499 -0.0300589 0.884996
0.004415 919.92 0.201029 298499 -0.0246507 1.12021
0.004065 990.161 0.19599 298499 -0.026387 1.0404
0.005295 739.225 0.213368 298499 -0.0192677 1.39548
0.003475 1101.99 0.187721 298499 -0.0288409 0.934408
0.003135 1161.58 0.183206 298499 -0.0300231 0.886291
0.000955 1396.94 0.162243 298499 -0.0347083 0.736476
0.004425 917.882 0.201173 298499 -0.0245977 1.1227
0.004075 988.188 0.196134 298499 -0.0263405 1.04249
0.003145 1159.88 0.183335 298499 -0.0299919 0.887592
0.007165 466.319 0.229999 298499 -0.00419259 2.21793
0.005605 678.875 0.217325 298499 -0.0170227 1.5202
0.003155 1158.18 0.183465 298499 -0.0299589 0.888899
0.004845 831.475 0.207185 298499 -0.0221926 1.23994
0.007175 465.699 0.230032 298499 -0.00411022 2.2209
0.001595 1355.17 0.16662 298499 -0.0337809 0.759246
0.003165 1156.48 0.183595 298499 -0.0299258 0.890213
0.005615 676.981 0.217447 298499 -0.0169465 1.52448
0.001825 1335.92 0.168605 298499 -0.0333567 0.770226
0.007185 465.091 0.230064 298499 -0.00402789 2.22382
0.004855 829.409 0.207326 298499 -0.022131 1.24305
0.003175 1154.77 0.183725 298499 -0.0298925 0.891534
0.005625 675.092 0.217569 298499 -0.0168703 1.52877
0.007195 464.494 0.230095 298499 -0.00394562 2.2267
0.005885 627.531 0.220589 298499 -0.0148366 1.64528
0.000545 1413.75 0.160454 298499 -0.0350928 0.727702
0.007205 463.909 0.230125 298499 -0.00386338 2.22952
0.006195 575.776 0.223768 298499 -0.0123077 1.79403
0.003685 1063.31 0.190614 298499 -0.0280303 0.968537
0.005895 625.769 0.220699 298499 -0.0147566 1.64994
0.007215 463.335 0.230155 298499 -0.00378119 2.2323
0.000555 1413.44 0.160487 298499 -0.0350856 0.727861
0.001145 1386.43 0.163354 298499 -0.0344722 0.742073
0.006205 574.215 0.223862 298499 -0.0122247 1.79894
0.003485 1100.18 0.187858 298499 -0.0288038 0.935952
0.003695 1061.44 0.190753 298499 -0.0279901 0.970255
0.007225 462.772 0.230185 298499 -0.00369905 2.23503
0.000565 1413.12 0.160521 298499 -0.0350783 0.728024
0.005905 624.013 0.220809 298499 -0.0146764 1.65461
0.001155 1385.83 0.163417 298499 -0.0344588 0.742395
0.006215 572.66 0.223956 298499 -0.0121417 1.80385
0.005305 737.242 0.2135 298499 -0.0192027 1.39925
0.003495 1098.36 0.187994 298499 -0.0287665 0.937504
0.003705 1059.56 0.190893 298499 -0.0279497 0.971982
0.000575 1412.8 0.160555 298499 -0.0350709 0.728189
0.007235 462.222 0.230213 298499 -0.00361694 2.23771
0.006225 571.114 0.224049 298499 -0.0120586 1.80876
0.001165 1385.23 0.16348 298499 -0.0344454 0.742719
0.005915 622.263 0.220918 298499 -0.0145962 1.65929
0.003505 1096.55 0.18813 298499 -0.0287291 0.939063
0.005315 735.261 0.213632 298499 -0.0191373 1.40304
0.003715 1057.68 0.191032 298499 -0.0279091 0.973717
0.000585 1412.48 0.16059 298499 -0.0350634 0.728357
0.007245 461.682 0.230241 298499 -0.00353489 2.24034
0.006235 569.575 0.224141 298499 -0.0119754 1.81368
0.001175 1384.62 0.163544 298499 -0.0344318 0.743046
0.003515 1094.73 0.188267 298499 -0.0286915 0.940631
0.005325 733.281 0.213764 298499 -0.0190715 1.40685
0.003725 1055.79 0.191172 298499 -0.0278684 0.975462
0.005925 620.518 0.221027 298499 -0.0145158 1.66398
0.000595 1412.14 0.160625 298499 -0.0350557 0.728528
0.007255 461.154 0.230269 298499 -0.00345287 2.24292
0.001185 1384.01 0.163609 298499 -0.0344182 0.743375
0.006245 568.043 0.224232 298499 -0.0118922 1.8186
0.003735 1053.91 0.191312 298499 -0.0278275 0.977215
0.005335 731.302 0.213895 298499 -0.019005 1.41067
0.004435 915.844 0.201317 298499 -0.0245445 1.12521
0.005935 618.779 0.221135 298499 -0.0144353 1.66868
0.000605 1411.81 0.160661 298499 -0.035048 0.728701
0.007265 460.638 0.230295 298499 -0.00337089 2.24545
0.001195 1383.39 0.163674 298499 -0.0344044 0.743708
0.006255 566.519 0.224324 298499 -0.0118089 1.82352
0.003745 1052.02 0.191452 298499 -0.0277865 0.978977
0.005345 729.324 0.214026 298499 -0.0189378 1.41452
0.004445 913.804 0.201461 298499 -0.0244912 1.12774
0.000615 1411.47 0.160698 298499 -0.0350401 0.728878
0.004085 986.212 0.196277 298499 -0.0262938 1.04459
0.001205 1382.77 0.163739 298499 -0.0343906 0.744043
0.005945 617.046 0.221243 298499 -0.0143547 1.67339
0.007275 460.133 0.230321 298499 -0.00328896 2.24793
0.006265 565.003 0.224414 298499 -0.0117255 1.82844
0.003755 1050.13 0.191592 298499 -0.0277453 0.980748
0.005355 727.348 0.214157 298499 -0.0188696 1.41838
0.000625 1411.12 0.160734 298499 -0.0350321 0.729057
0.004455 911.763 0.201605 298499 -0.0244376 1.13027
0.001215 1382.14 0.163805 298499 -0.0343766 0.74438
0.004095 984.234 0.19642 298499 -0.0262469 1.0467
0.006275 563.494 0.224504 298499 -0.0116421 1.83336
0.007285 459.64 0.230347 298499 -0.00320707 2.25036
0.003765 1048.23 0.191732 298499 -0.0277039 0.982529
0.005955 615.319 0.22135 298499 -0.014274 1.67812
0.000635 1410.77 0.160772 298499 -0.035024 0.729238
0.005365 725.374 0.214288 298499 -0.0188006 1.42226
0.004465 909.72 0.20175 298499 -0.0243838 1.13282
0.001225 1381.51 0.163871 298499 -0.0343626 0.744721
0.004105 982.254 0.196564 298499 -0.0261999 1.04881
0.001835 1335.03 0.168696 298499 -0.0333368 0.770738
0.004865 827.342 0.207467 298499 -0.0220691 1.24617
0.004115 980.272 0.196707 298499 -0.0261526 1.05094
0.003185 1153.06 0.183855 298499 -0.0298592 0.892861
0.001845 1334.14 0.168787 298499 -0.0333168 0.771253
0.005635 673.206 0.21769 298499 -0.0167938 1.53307
0.004125 978.288 0.196851 298499 -0.0261052 1.05309
0.004875 825.275 0.207608 298499 -0.0220071 1.2493
0.006285 561.994 0.224594 298499 -0.0115587 1.83829
0.001855 1333.25 0.168878 298499 -0.0332966 0.771772
0.003195 1151.35 0.183986 298499 -0.0298257 0.894195
0.007295 459.159 0.230372 298499 -0.00312521 2.25273
0.004135 976.301 0.196994 298499 -0.0260576 1.05524
0.005645 671.324 0.217811 298499 -0.0167173 1.53739
0.003775 1046.33 0.191873 298499 -0.0276624 0.984318
0.005375 723.402 0.214418 298499 -0.0187308 1.42616
0.005655 669.447 0.217932 298499 -0.0166405 1.54173
0.005965 613.597 0.221457 298499 -0.0141932 1.68285
0.003785 1044.43 0.192013 298499 -0.0276208 0.986117
0.001235 1380.88 0.163937 298499 -0.0343485 0.745064
0.005665 667.574 0.218052 298499 -0.0165637 1.54607
0.005385 721.432 0.214548 298499 -0.0186601 1.43007
0.004475 907.676 0.201894 298499 -0.0243299 1.13539
0.003795 1042.53 0.192154 298499 -0.0275789 0.987925
0.004885 823.209 0.207749 298499 -0.0219448 1.25245
0.005975 611.882 0.221563 298499 -0.0141123 1.68759
0.005675 665.705 0.218172 298499 -0.0164867 1.55044
0.005395 719.464 0.214678 298499 -0.0185887 1.434
0.001245 1380.24 0.164005 298499 -0.0343343 0.74541
0.001865 1332.36 0.16897 298499 -0.0332763 0.772293
0.006295 560.501 0.224682 298499 -0.0114751 1.84321
0.001255 1379.6 0.164072 298499 -0.03432 0.745758
0.004145 974.313 0.197138 298499 -0.0260098 1.0574
0.001875 1331.46 0.169062 298499 -0.0332557 0.772817
0.006305 559.016 0.224771 298499 -0.0113916 1.84814
0.007305 458.689 0.230396 298499 -0.0030434 2.25505
0.001265 1378.95 0.16414 298499 -0.0343056 0.74611
0.003805 1040.62 0.192295 298499 -0.0275369 0.989742
0.001885 1330.55 0.169155 298499 -0.033235 0.773344
0.004155 972.322 0.197282 298499 -0.0259619 1.05957
0.006315 557.539 0.224858 298499 -0.011308 1.85306
0.001275 1378.3 0.164208 298499 -0.0342911 0.746464
0.007315 458.23 0.230419 298499 -0.00296163 2.25732
0.001895 1329.64 0.169248 298499 -0.033214 0.773874
0.004895 821.143 0.20789 298499 -0.0218824 1.25562
0.005685 663.84 0.218291 298499 -0.0164095 1.55482
0.001905 1328.73 0.169341 298499 -0.0331928 0.774406
0.005985 610.173 0.221669 298499 -0.0140312 1.69235
0.004905 819.077 0.20803 298499 -0.0218197 1.2588
0.005695 661.979 0.21841 298499 -0.0163322 1.55921
0.001915 1327.82 0.169435 298499 -0.0331714 0.774942
0.005405 717.5 0.214807 298499 -0.0185166 1.43795
0.004915 817.012 0.208171 298499 -0.0217568 1.262
0.003815 1038.72 0.192436 298499 -0.0274948 0.991568
0.006325 556.07 0.224945 298499 -0.0112243 1.85798
0.004925 814.946 0.208311 298499 -0.0216937 1.26521
0.007325 457.784 0.230442 298499 -0.00287989 2.25954
0.003825 1036.8 0.192577 298499 -0.0274525 0.993404
0.005705 660.123 0.218529 298499 -0.0162547 1.56362
0.006335 554.609 0.225032 298499 -0.0111406 1.86291
0.004935 812.881 0.208451 298499 -0.0216303 1.26844
0.005995 608.469 0.221774 298499 -0.0139501 1.69711
0.007335 457.349 0.230464 298499 -0.00279819 2.2617
0.003835 1034.89 0.192718 298499 -0.02741 0.995249
0.005715 658.272 0.218647 298499 -0.0161771 1.56804
0.006345 553.156 0.225118 298499 -0.0110569 1.86783
0.004945 810.817 0.208591 298499 -0.0215668 1.27169
0.005415 715.537 0.214936 298499 -0.018444 1.44191
0.007345 456.925 0.230486 298499 -0.00271653 2.26381
0.006005 606.772 0.221879 298499 -0.0138688 1.70188
0.005725 656.425 0.218764 298499 -0.0160993 1.57248
0.006355 551.712 0.225203 298499 -0.0109731 1.87275
0.004955 808.753 0.208731 298499 -0.021503 1.27495
0.005735 654.582 0.218882 298499 -0.0160215 1.57693
0.007355 456.514 0.230507 298499 -0.00263491 2.26586
0.006365 550.275 0.225287 298499 -0.0108892 1.87766
0.005425 713.578 0.215065 298499 -0.0183709 1.44589
0.004965 806.69 0.20887 298499 -0.021439 1.27822
0.006015 605.081 0.221983 298499 -0.0137875 1.70667
0.005745 652.744 0.218999 298499 -0.0159434 1.58139
0.004975 804.627 0.20901 298499 -0.0213747 1.28152
0.006375 548.847 0.225371 298499 -0.0108054 1.88258
0.006025 603.397 0.222086 298499 -0.013706 1.71146
0.005435 711.622 0.215193 298499 -0.0182974 1.44989
0.004985 802.565 0.209149 298499 -0.0213102 1.28482
0.005755 650.911 0.219115 298499 -0.0158652 1.58587
0.006385 547.428 0.225455 298499 -0.0107215 1.88749
0.006035 601.718 0.22219 298499 -0.0136245 1.71626
0.004995 800.503 0.209288 298499 -0.0212455 1.28815
0.006395 546.017 0.225538 298499 -0.0106375 1.89239
0.006045 600.047 0.222292 298499 -0.0135429 1.72107
0.005005 798.443 0.209427 298499 -0.0211805 1.29149
0.006055 598.381 0.222394 298499 -0.0134611 1.72588
0.005015 796.383 0.209566 298499 -0.0211153 1.29485
0.006065 596.722 0.222496 298499 -0.0133793 1.73071
0.005025 794.323 0.209705 298499 -0.0210498 1.29822
0.006075 595.07 0.222597 298499 -0.0132974 1.73554
0.005035 792.265 0.209843 298499 -0.0209841 1.30161
0.005045 790.208 0.209981 298499 -0.0209181 1.30501
0.005055 788.152 0.210119 298499 -0.0208519 1.30844
0.005065 786.096 0.210257 298499 -0.0207854 1.31187
0.005075 784.042 0.210395 298499 -0.0207188 1.31533
0.005085 781.989 0.210532 298499 -0.0206519 1.3188
0.005095 779.937 0.21067 298499 -0.0205849 1.32228
0.005105 777.887 0.210807 298499 -0.0205177 1.32579
0.005115 775.837 0.210944 298499 -0.0204505 1.3293
