0.003045 1742.53 0.00232897 262549 0.000229438
0.003055 1742.68 0.00232897 262549 0.000230117
0.003065 1742.84 0.00232897 262549 0.000230797
0.003075 1743 0.00232897 262549 0.000231479
0.003085 1743.16 0.00232897 262549 0.000232161
0.003095 1743.32 0.00232897 262549 0.000232843
0.003105 1743.47 0.00232897 262549 0.000233534
0.003115 1743.63 0.00232897 262549 0.000234297
0.003125 1743.8 0.00232897 262549 0.000234902
0.003135 1743.98 0.00232897 262549 0.000235582
0.003145 1744.15 0.00232897 262549 0.00023627
0.003155 1744.32 0.00232897 262549 0.000236959
0.003165 1744.49 0.00232897 262549 0.000237648
0.003175 1744.66 0.00232897 262549 0.000238338
0.003185 1744.84 0.00232897 262549 0.000239028
0.003195 1745.01 0.00232897 262549 0.000239719
0.003205 1745.18 0.00232897 262549 0.000240409
0.003215 1745.35 0.00232897 262549 0.0002411
0.003225 1745.53 0.00232897 262549 0.000241791
0.001605 1726.44 0.00232897 262549 0.000159786
0.003235 1745.7 0.00232897 262549 0.000242482
0.001615 1726.51 0.00232897 262549 0.000160081
0.003245 1745.87 0.00232897 262549 0.000243173
0.001625 1726.58 0.00232897 262549 0.000160379
0.003255 1746.04 0.00232897 262549 0.000243863
0.001635 1726.65 0.00232897 262549 0.00016068
0.003265 1746.22 0.00232897 262549 0.000244554
0.001645 1726.72 0.00232897 262549 0.000160983
0.003275 1746.39 0.00232897 262549 0.000245245
0.006885 1808.43 0.00232898 262549 0.000136763
0.001655 1726.79 0.00232897 262549 0.000161289
0.003285 1746.56 0.00232897 262549 0.000245936
0.001665 1726.86 0.00232897 262549 0.000161597
0.006895 1808.44 0.00232898 262549 0.000135096
0.003295 1746.74 0.00232897 262549 0.000246628
0.006725 1808.24 0.00232898 262549 0.000163141
0.001675 1726.94 0.00232897 262549 0.000161907
5e-06 1721.35 0.00232897 262549 0.000137646
0.006905 1808.45 0.00232898 262549 0.000133426
0.003305 1746.91 0.00232897 262549 0.00024732
0.006735 1808.25 0.00232898 262549 0.00016151
0.001685 1727.01 0.00232897 262549 0.00016222
0.006915 1808.46 0.00232898 262549 0.000131755
0.003315 1747.08 0.00232897 262549 0.000248012
1.5e-05 1721.35 0.00232897 262549 0.000137655
0.000165 1721.44 0.00232897 262549 0.000137733
0.006745 1808.27 0.00232898 262549 0.000159877
0.001695 1727.08 0.00232897 262549 0.000162536
0.006925 1808.47 0.00232898 262549 0.000130082
0.003325 1747.26 0.00232897 262549 0.000248706
2.5e-05 1721.36 0.00232897 262549 0.000137757
0.000175 1721.45 0.00232897 262549 0.000137745
0.006755 1808.28 0.00232898 262549 0.000158241
0.001705 1727.15 0.00232897 262549 0.000162854
0.006935 1808.48 0.00232898 262549 0.000128406
0.003335 1747.43 0.00232897 262549 0.000249408
3.5e-05 1721.36 0.00232897 262549 0.00013766
0.000185 1721.46 0.00232897 262549 0.000137758
0.006765 1808.29 0.00232898 262549 0.000156602
0.001715 1727.22 0.00232897 262549 0.000163174
0.006945 1808.49 0.00232898 262549 0.000126729
0.003345 1747.61 0.00232897 262549 0.000250181
4.5e-05 1721.37 0.00232897 262549 0.00013765
0.000195 1721.46 0.00232897 262549 0.000137771
0.006775 1808.3 0.00232898 262549 0.000154962
0.001725 1727.3 0.00232897 262549 0.000163496
0.006955 1808.5 0.00232898 262549 0.00012505
0.003355 1747.79 0.00232897 262549 0.000250804
5.5e-05 1721.37 0.00232897 262549 0.000137653
0.000205 1721.47 0.00232897 262549 0.000137785
0.001925 1728.89 0.00232897 262549 0.000170478
0.006785 1808.31 0.00232898 262549 0.000153319
0.001935 1728.98 0.00232897 262549 0.000170854
0.006795 1808.33 0.00232898 262549 0.000151673
0.001735 1727.37 0.00232897 262549 0.000163821
0.001945 1729.06 0.00232897 262549 0.000171232
0.006805 1808.34 0.00232898 262549 0.000150025
0.006965 1808.51 0.00232898 262549 0.000123369
0.001955 1729.15 0.00232897 262549 0.000171614
0.006815 1808.35 0.00232898 262549 0.000148375
0.006975 1808.52 0.00232898 262549 0.000121686
6.5e-05 1721.38 0.00232897 262549 0.000137657
0.001965 1729.23 0.00232897 262549 0.000171997
0.006825 1808.36 0.00232898 262549 0.000146723
0.000215 1721.48 0.00232897 262549 0.0001378
0.006985 1808.53 0.00232898 262549 0.000120001
7.5e-05 1721.39 0.00232897 262549 0.000137661
0.001975 1729.32 0.00232897 262549 0.000172383
0.001745 1727.44 0.00232897 262549 0.000164149
0.006835 1808.37 0.00232898 262549 0.000145069
0.006995 1808.54 0.00232898 262549 0.000118314
0.000225 1721.48 0.00232897 262549 0.000137816
8.5e-05 1721.39 0.00232897 262549 0.000137666
0.004965 1784.54 0.00232897 262549 0.000313654
0.004805 1780.41 0.00232897 262549 0.000314637
0.001985 1729.4 0.00232897 262549 0.000172772
0.006845 1808.38 0.00232898 262549 0.000143412
0.007005 1808.54 0.00232898 262549 0.000116626
0.000235 1721.49 0.00232897 262549 0.000137832
9.5e-05 1721.4 0.00232897 262549 0.000137672
0.004975 1784.8 0.00232897 262549 0.000313523
0.001995 1729.49 0.00232897 262549 0.000173162
0.004815 1780.67 0.00232897 262549 0.000314631
0.003525 1750.99 0.00232897 262549 0.000263415
0.001755 1727.51 0.00232897 262549 0.000164479
0.006855 1808.39 0.00232898 262549 0.000141753
0.005445 1796.88 0.00232898 262549 0.000299117
0.007015 1808.55 0.00232898 262549 0.000114936
0.000245 1721.5 0.00232897 262549 0.000137861
0.000105 1721.4 0.00232897 262549 0.000137678
0.004985 1785.06 0.00232897 262549 0.00031339
0.002005 1729.57 0.00232897 262549 0.000173565
0.004825 1780.93 0.00232897 262549 0.000314619
0.006865 1808.41 0.00232898 262549 0.000140092
0.007365 1808.78 0.00232898 262549 5.48975e-05
0.004995 1785.32 0.00232897 262549 0.000313249
0.007025 1808.56 0.00232898 262549 0.000113244
0.000115 1721.41 0.00232897 262549 0.000137686
0.000255 1721.5 0.00232897 262549 0.00013799
0.002015 1729.66 0.00232897 262549 0.000174055
0.001765 1727.58 0.00232897 262549 0.000164811
0.004835 1781.18 0.00232897 262549 0.000314599
0.006875 1808.42 0.00232898 262549 0.000138429
0.003535 1751.18 0.00232897 262549 0.000264202
0.005005 1785.59 0.00232897 262549 0.000313102
0.000125 1721.42 0.00232897 262549 0.000137694
0.007035 1808.57 0.00232898 262549 0.000111551
0.000265 1721.52 0.00232897 262549 0.000137899
0.002025 1729.75 0.00232897 262549 0.00017436
0.005455 1797.06 0.00232898 262549 0.000298618
0.003365 1747.98 0.00232897 262549 0.000251501
0.007205 1808.7 0.00232898 262549 8.25308e-05
0.005465 1797.24 0.00232898 262549 0.000298111
0.002405 1733.7 0.00232897 262549 0.000191577
0.003375 1748.17 0.00232897 262549 0.000252209
0.000645 1722.18 0.00232897 262549 0.000139723
0.005475 1797.42 0.00232898 262549 0.000297598
0.007215 1808.71 0.00232898 262549 8.08116e-05
0.006405 1807.17 0.00232898 262549 0.000212237
0.003385 1748.35 0.00232897 262549 0.000252921
0.002415 1733.82 0.00232897 262549 0.000192082
0.002085 1730.33 0.00232897 262549 0.000176807
0.005485 1797.6 0.00232898 262549 0.000297078
0.007225 1808.71 0.00232898 262549 7.90913e-05
0.000655 1722.2 0.00232897 262549 0.000139803
0.002095 1730.43 0.00232897 262549 0.000177226
0.003395 1748.54 0.00232897 262549 0.000253637
0.002425 1733.93 0.00232897 262549 0.00019259
0.002885 1740.03 0.00232897 262549 0.000218877
0.002105 1730.53 0.00232897 262549 0.000177648
0.006415 1807.21 0.00232898 262549 0.00021083
0.005495 1797.78 0.00232898 262549 0.00029655
0.007235 1808.72 0.00232898 262549 7.73698e-05
0.002115 1730.62 0.00232897 262549 0.000178073
0.000665 1722.23 0.00232897 262549 0.000139886
0.002895 1740.18 0.00232897 262549 0.000219597
0.003405 1748.73 0.00232897 262549 0.000254358
0.002435 1734.04 0.00232897 262549 0.000193109
0.002125 1730.72 0.00232897 262549 0.0001785
0.006425 1807.25 0.00232898 262549 0.000209413
0.002905 1740.33 0.00232897 262549 0.000220155
0.005505 1797.96 0.00232898 262549 0.000296016
0.007245 1808.72 0.00232898 262549 7.56472e-05
0.002135 1730.82 0.00232897 262549 0.00017893
0.002915 1740.49 0.00232897 262549 0.000220793
0.003415 1748.92 0.00232897 262549 0.000255083
0.000675 1722.25 0.00232897 262549 0.000139969
0.002445 1734.15 0.00232897 262549 0.00019371
0.002145 1730.92 0.00232897 262549 0.000179363
0.002925 1740.64 0.00232897 262549 0.000221442
0.006435 1807.29 0.00232898 262549 0.000207988
0.005515 1798.14 0.00232898 262549 0.000295474
0.007255 1808.73 0.00232898 262549 7.39235e-05
0.002155 1731.01 0.00232897 262549 0.000179798
0.002935 1740.8 0.00232897 262549 0.000222094
0.006245 1806.26 0.00232898 262549 0.000233262
0.000685 1722.27 0.00232897 262549 0.000140066
0.003425 1749.11 0.00232897 262549 0.000255814
0.002165 1731.11 0.00232897 262549 0.000180237
0.002945 1740.96 0.00232897 262549 0.000222749
0.002455 1734.28 0.00232897 262549 0.000194136
0.006445 1807.33 0.00232898 262549 0.000206554
0.005525 1798.31 0.00232898 262549 0.000294926
0.007265 1808.73 0.00232898 262549 7.21987e-05
0.002175 1731.21 0.00232897 262549 0.000180677
0.002955 1741.11 0.00232897 262549 0.000223407
0.000695 1722.29 0.00232897 262549 0.000140262
0.003435 1749.29 0.00232897 262549 0.00025655
0.006255 1806.32 0.00232898 262549 0.000232039
0.002185 1731.31 0.00232897 262549 0.000181121
0.002465 1734.4 0.00232897 262549 0.000194647
0.002965 1741.27 0.00232897 262549 0.000224068
0.006455 1807.37 0.00232898 262549 0.000205112
0.005535 1798.49 0.00232898 262549 0.00029437
0.002195 1731.41 0.00232897 262549 0.000181567
0.005765 1801.99 0.00232898 262549 0.000279431
0.007275 1808.74 0.00232898 262549 7.04729e-05
0.002975 1741.43 0.00232897 262549 0.000224731
0.000705 1722.32 0.00232897 262549 0.000140242
0.003445 1749.48 0.00232897 262549 0.000257291
0.006265 1806.38 0.00232898 262549 0.000230803
0.002205 1731.5 0.00232897 262549 0.000182015
0.002475 1734.53 0.00232897 262549 0.000195169
0.005775 1802.12 0.00232898 262549 0.000278684
0.002985 1741.58 0.00232897 262549 0.000225397
0.006465 1807.41 0.00232898 262549 0.000203661
0.005545 1798.67 0.00232898 262549 0.000293806
0.007285 1808.75 0.00232898 262549 6.8746e-05
0.002215 1731.6 0.00232897 262549 0.000182475
0.002995 1741.74 0.00232897 262549 0.000226066
0.005785 1802.24 0.00232898 262549 0.00027793
0.000715 1722.35 0.00232897 262549 0.000140322
0.003455 1749.67 0.00232897 262549 0.000258038
0.006275 1806.44 0.00232898 262549 0.000229555
0.002225 1731.7 0.00232897 262549 0.000183021
0.003005 1741.9 0.00232897 262549 0.000226736
0.005795 1802.36 0.00232898 262549 0.000277168
0.002485 1734.66 0.00232897 262549 0.000195693
0.006475 1807.46 0.00232898 262549 0.000202201
0.005555 1798.85 0.00232898 262549 0.000293236
0.002235 1731.81 0.00232897 262549 0.000183385
0.003015 1742.06 0.00232897 262549 0.000227409
0.005805 1802.48 0.00232898 262549 0.000276397
0.007295 1808.75 0.00232898 262549 6.70182e-05
0.000725 1722.38 0.00232897 262549 0.000140416
0.003465 1749.86 0.00232897 262549 0.00025879
0.006285 1806.5 0.00232898 262549 0.000228295
0.002245 1731.92 0.00232897 262549 0.000183837
0.003025 1742.21 0.00232897 262549 0.000228083
0.005815 1802.61 0.00232898 262549 0.000275619
0.006485 1807.5 0.00232898 262549 0.000200733
0.002495 1734.78 0.00232897 262549 0.000196221
0.005565 1799.03 0.00232898 262549 0.000292658
0.002255 1732.03 0.00232897 262549 0.000184301
0.003035 1742.37 0.00232897 262549 0.00022876
0.005825 1802.73 0.00232898 262549 0.000274833
0.007305 1808.76 0.00232898 262549 6.52893e-05
0.000735 1722.41 0.00232897 262549 0.000140511
0.004485 1772.34 0.00232897 262549 0.000311391
0.000485 1721.83 0.00232897 262549 0.000138675
0.000745 1722.44 0.00232897 262549 0.000140608
0.004495 1772.59 0.00232897 262549 0.000311524
0.000755 1722.47 0.00232897 262549 0.000140707
0.002565 1735.66 0.00232897 262549 0.000199983
0.000495 1721.86 0.00232897 262549 0.000138716
0.004505 1772.84 0.00232897 262549 0.00031171
0.000765 1722.5 0.00232897 262549 0.000140808
0.003845 1757.52 0.00232897 262549 0.000287503
0.000505 1721.88 0.00232897 262549 0.00013877
0.004515 1773.09 0.00232897 262549 0.000311897
0.002575 1735.79 0.00232897 262549 0.000200531
0.000775 1722.53 0.00232897 262549 0.000140911
0.000515 1721.9 0.00232897 262549 0.000138827
0.005925 1803.81 0.00232898 262549 0.000266499
0.003855 1757.74 0.00232897 262549 0.000288107
0.004525 1773.34 0.00232897 262549 0.000312077
0.002585 1735.92 0.00232897 262549 0.000201081
0.000785 1722.56 0.00232897 262549 0.000141015
0.000525 1721.92 0.00232897 262549 0.000138884
0.004005 1761.01 0.00232897 262549 0.000295865
0.003865 1757.95 0.00232897 262549 0.000288699
0.005935 1803.89 0.00232898 262549 0.000265613
0.004535 1773.59 0.00232897 262549 0.000312253
0.002595 1736.04 0.00232897 262549 0.000201633
0.000795 1722.59 0.00232897 262549 0.00014112
0.000535 1721.94 0.00232897 262549 0.000138944
0.003875 1758.17 0.00232897 262549 0.000289279
0.005945 1803.98 0.00232898 262549 0.000264718
0.004015 1761.23 0.00232897 262549 0.000296316
0.004545 1773.84 0.00232897 262549 0.000312423
0.002605 1736.17 0.00232897 262549 0.000202188
0.000805 1722.62 0.00232897 262549 0.000141227
0.000545 1721.96 0.00232897 262549 0.000139006
0.003885 1758.39 0.00232897 262549 0.000289848
0.005955 1804.06 0.00232898 262549 0.000263813
0.004025 1761.45 0.00232897 262549 0.000296819
0.004555 1774.09 0.00232897 262549 0.000312587
0.002615 1736.3 0.00232897 262549 0.000202745
0.000815 1722.65 0.00232897 262549 0.000141334
0.000555 1721.98 0.00232897 262549 0.00013907
0.003895 1758.61 0.00232897 262549 0.000290405
0.005965 1804.15 0.00232898 262549 0.000262899
0.004565 1774.34 0.00232897 262549 0.000312746
0.004035 1761.68 0.00232897 262549 0.000297181
0.002625 1736.42 0.00232897 262549 0.000203304
0.000825 1722.68 0.00232897 262549 0.000141441
0.000565 1722.01 0.00232897 262549 0.000139135
0.003905 1758.83 0.00232897 262549 0.000290951
0.005975 1804.23 0.00232898 262549 0.000261975
0.004575 1774.59 0.00232897 262549 0.000312899
0.002635 1736.55 0.00232897 262549 0.000203866
0.004045 1761.91 0.00232897 262549 0.000297601
0.000835 1722.71 0.00232897 262549 0.000141548
0.000575 1722.03 0.00232897 262549 0.000139203
0.003915 1759.04 0.00232897 262549 0.000291486
0.005985 1804.32 0.00232898 262549 0.000261042
0.004585 1774.84 0.00232897 262549 0.000313046
0.002645 1736.68 0.00232897 262549 0.00020443
0.004055 1762.14 0.00232897 262549 0.00029802
0.000845 1722.74 0.00232897 262549 0.000141654
0.000585 1722.05 0.00232897 262549 0.000139272
0.003925 1759.26 0.00232897 262549 0.000292011
0.005995 1804.4 0.00232898 262549 0.0002601
0.004595 1775.09 0.00232897 262549 0.000313187
0.002655 1736.8 0.00232897 262549 0.000205005
0.000855 1722.77 0.00232897 262549 0.000141759
0.004065 1762.37 0.00232897 262549 0.000298433
0.000595 1722.07 0.00232897 262549 0.000139343
0.003935 1759.48 0.00232897 262549 0.000292525
0.006005 1804.49 0.00232898 262549 0.000259148
0.004605 1775.34 0.00232897 262549 0.000313322
0.002665 1736.93 0.00232897 262549 0.000205659
0.000865 1722.8 0.00232897 262549 0.000141863
0.000605 1722.09 0.00232897 262549 0.000139415
0.004075 1762.6 0.00232897 262549 0.000298841
0.004325 1768.46 0.00232897 262549 0.000307424
0.006015 1804.57 0.00232898 262549 0.000258187
0.003945 1759.7 0.00232897 262549 0.00029303
0.004615 1775.59 0.00232897 262549 0.000313451
0.000875 1722.83 0.00232897 262549 0.000141963
0.002675 1737.07 0.00232897 262549 0.000206145
0.000615 1722.12 0.00232897 262549 0.00013949
0.004085 1762.83 0.00232897 262549 0.000299243
0.006025 1804.66 0.00232898 262549 0.000257216
0.004335 1768.7 0.00232897 262549 0.000307707
0.004625 1775.84 0.00232897 262549 0.000313574
0.000885 1722.86 0.00232897 262549 0.000142061
0.004845 1781.44 0.00232897 262549 0.000314572
0.003955 1759.92 0.00232897 262549 0.000293525
0.002685 1737.21 0.00232897 262549 0.000206713
0.000625 1722.14 0.00232897 262549 0.000139566
0.004095 1763.07 0.00232897 262549 0.000299639
0.006035 1804.74 0.00232898 262549 0.000256236
0.004345 1768.94 0.00232897 262549 0.000307986
0.004635 1776.09 0.00232897 262549 0.00031369
0.000895 1722.89 0.00232897 262549 0.000142154
0.003965 1760.14 0.00232897 262549 0.00029401
0.004855 1781.7 0.00232897 262549 0.000314537
0.002695 1737.35 0.00232897 262549 0.000207292
0.000635 1722.16 0.00232897 262549 0.000139643
0.004105 1763.3 0.00232897 262549 0.000300031
0.006045 1804.83 0.00232898 262549 0.000255247
0.004355 1769.19 0.00232897 262549 0.000308259
0.004645 1776.34 0.00232897 262549 0.000313799
0.000905 1722.93 0.00232897 262549 0.000142254
0.003975 1760.36 0.00232897 262549 0.000294487
0.002705 1737.49 0.00232897 262549 0.000207874
0.004865 1781.96 0.00232897 262549 0.000314495
0.004115 1763.53 0.00232897 262549 0.000300418
0.006055 1804.91 0.00232898 262549 0.000254247
0.004655 1776.6 0.00232897 262549 0.000313903
0.004365 1769.43 0.00232897 262549 0.000308528
0.000915 1722.96 0.00232897 262549 0.000142444
0.003985 1760.57 0.00232897 262549 0.000294955
0.002715 1737.63 0.00232897 262549 0.000208459
0.004125 1763.76 0.00232897 262549 0.000300799
0.004875 1782.22 0.00232897 262549 0.000314446
0.006065 1805 0.00232898 262549 0.000253239
0.004665 1776.85 0.00232897 262549 0.000313999
0.004375 1769.67 0.00232897 262549 0.000308791
0.000925 1722.99 0.00232897 262549 0.000142415
0.002725 1737.77 0.00232897 262549 0.000209048
0.003995 1760.79 0.00232897 262549 0.000295414
0.004135 1763.99 0.00232897 262549 0.000301175
0.004885 1782.47 0.00232897 262549 0.000314389
0.006075 1805.08 0.00232898 262549 0.000252221
0.004675 1777.1 0.00232897 262549 0.000314089
0.000935 1723.03 0.00232897 262549 0.000142476
0.004385 1769.91 0.00232897 262549 0.000309049
0.002735 1737.91 0.00232897 262549 0.000209639
0.004145 1764.22 0.00232897 262549 0.000301547
0.004895 1782.73 0.00232897 262549 0.000314324
0.002035 1729.85 0.00232897 262549 0.000174752
0.005015 1785.85 0.00232897 262549 0.000312947
0.004905 1782.99 0.00232897 262549 0.000314251
0.000135 1721.42 0.00232897 262549 0.000137702
0.002045 1729.95 0.00232897 262549 0.000175158
0.004915 1783.25 0.00232897 262549 0.000314171
0.005025 1786.11 0.00232897 262549 0.000312785
0.000145 1721.43 0.00232897 262549 0.000137712
0.002055 1730.04 0.00232897 262549 0.000175566
0.004925 1783.5 0.00232897 262549 0.000314082
0.005035 1786.37 0.00232897 262549 0.000312616
0.007045 1808.58 0.00232898 262549 0.000109856
0.000155 1721.44 0.00232897 262549 0.000137722
0.002065 1730.14 0.00232897 262549 0.000175977
0.000275 1721.53 0.00232897 262549 0.000137908
0.004935 1783.76 0.00232897 262549 0.000313986
0.005045 1786.63 0.00232897 262549 0.000312439
0.007375 1808.79 0.00232898 262549 5.31626e-05
0.005055 1786.89 0.00232897 262549 0.000312255
0.001775 1727.66 0.00232897 262549 0.000165145
0.005065 1787.15 0.00232897 262549 0.000312063
0.007385 1808.79 0.00232898 262549 5.1427e-05
0.003545 1751.37 0.00232897 262549 0.000264992
0.001785 1727.73 0.00232897 262549 0.000165492
0.005075 1787.42 0.00232897 262549 0.000311864
0.000965 1723.15 0.00232897 262549 0.000142656
0.007395 1808.8 0.00232898 262549 4.96906e-05
0.003555 1751.56 0.00232897 262549 0.000265793
0.005285 1792.92 0.00232898 262549 0.000305912
0.001795 1727.8 0.00232897 262549 0.000165928
0.005085 1787.68 0.00232897 262549 0.000311658
0.001125 1723.78 0.00232897 262549 0.000144402
0.000975 1723.19 0.00232897 262549 0.000142705
0.007405 1808.8 0.00232898 262549 4.79535e-05
0.003565 1751.75 0.00232897 262549 0.000266663
0.001805 1727.88 0.00232897 262549 0.000166173
0.001445 1725.44 0.00232897 262549 0.00015536
0.005295 1793.19 0.00232898 262549 0.000305547
0.005095 1787.94 0.00232897 262549 0.000311443
0.000985 1723.23 0.00232897 262549 0.00014275
0.003475 1750.05 0.00232897 262549 0.000259548
0.007415 1808.8 0.00232898 262549 4.62157e-05
0.001135 1723.83 0.00232897 262549 0.000144572
0.003575 1751.95 0.00232897 262549 0.000267389
0.002265 1732.14 0.00232897 262549 0.000184767
0.001815 1727.97 0.00232897 262549 0.000166508
0.005305 1793.45 0.00232898 262549 0.000305175
0.006495 1807.54 0.00232898 262549 0.000199256
0.005105 1788.2 0.00232897 262549 0.000311221
0.001455 1725.5 0.00232897 262549 0.000155626
0.000995 1723.27 0.00232897 262549 0.000142792
0.006295 1806.56 0.00232898 262549 0.000227023
0.007425 1808.81 0.00232898 262549 4.44772e-05
0.003485 1750.24 0.00232897 262549 0.000260311
0.005835 1802.85 0.00232898 262549 0.000274039
0.001145 1723.87 0.00232897 262549 0.000144866
0.003585 1752.16 0.00232897 262549 0.000268188
0.001825 1728.05 0.00232897 262549 0.000166857
0.002275 1732.25 0.00232897 262549 0.000185236
0.002505 1734.91 0.00232897 262549 0.00019675
0.005115 1788.46 0.00232897 262549 0.000310992
0.005315 1793.71 0.00232898 262549 0.000304795
0.005575 1799.21 0.00232898 262549 0.000292073
0.006505 1807.58 0.00232898 262549 0.000197771
0.001465 1725.56 0.00232897 262549 0.000155891
0.001005 1723.31 0.00232897 262549 0.000142834
0.007315 1808.76 0.00232898 262549 6.35596e-05
0.006305 1806.62 0.00232898 262549 0.000225738
0.007435 1808.81 0.00232898 262549 4.27381e-05
0.003495 1750.43 0.00232897 262549 0.000261079
0.005845 1802.97 0.00232898 262549 0.000273237
0.001155 1723.92 0.00232897 262549 0.000145198
0.003595 1752.36 0.00232897 262549 0.000268995
0.001835 1728.14 0.00232897 262549 0.000167207
0.002285 1732.37 0.00232897 262549 0.000185708
0.005125 1788.72 0.00232897 262549 0.000310754
0.002515 1735.03 0.00232897 262549 0.000197283
0.005325 1793.98 0.00232898 262549 0.000304407
0.006515 1807.62 0.00232898 262549 0.000196277
0.001475 1725.62 0.00232897 262549 0.000156158
0.005585 1799.39 0.00232898 262549 0.000291481
0.001015 1723.34 0.00232897 262549 0.000142877
0.007325 1808.77 0.00232898 262549 6.18289e-05
0.007445 1808.81 0.00232898 262549 4.09984e-05
0.003505 1750.61 0.00232897 262549 0.000261853
0.006085 1805.17 0.00232898 262549 0.000251193
0.006315 1806.68 0.00232898 262549 0.000224442
0.005855 1803.1 0.00232898 262549 0.000272427
0.001165 1723.97 0.00232897 262549 0.000145555
0.003605 1752.56 0.00232897 262549 0.000269805
0.001845 1728.22 0.00232897 262549 0.00016756
0.002295 1732.48 0.00232897 262549 0.000186182
0.005135 1788.99 0.00232897 262549 0.000310509
0.005335 1794.24 0.00232898 262549 0.000304012
0.002525 1735.16 0.00232897 262549 0.000197818
0.006525 1807.66 0.00232898 262549 0.000194775
0.001485 1725.68 0.00232897 262549 0.000156425
0.005595 1799.57 0.00232898 262549 0.000290881
0.001025 1723.38 0.00232897 262549 0.000142924
0.007335 1808.77 0.00232898 262549 6.00973e-05
0.007455 1808.82 0.00232898 262549 3.92581e-05
0.003515 1750.8 0.00232897 262549 0.000262632
0.006325 1806.74 0.00232898 262549 0.000223133
0.005865 1803.22 0.00232898 262549 0.000271609
0.006095 1805.25 0.00232898 262549 0.000250156
0.001175 1724.02 0.00232897 262549 0.000145933
0.003615 1752.76 0.00232897 262549 0.000270615
0.001855 1728.3 0.00232897 262549 0.000167916
0.002305 1732.59 0.00232897 262549 0.000186659
0.005145 1789.25 0.00232897 262549 0.000310255
0.004685 1777.35 0.00232897 262549 0.000314172
0.005155 1789.51 0.00232897 262549 0.000309994
0.000945 1723.07 0.00232897 262549 0.000142543
0.002745 1738.05 0.00232897 262549 0.000210234
0.004695 1777.6 0.00232897 262549 0.000314248
0.005165 1789.77 0.00232897 262549 0.000309725
0.000955 1723.11 0.00232897 262549 0.000142602
0.004395 1770.15 0.00232897 262549 0.000309302
0.004155 1764.45 0.00232897 262549 0.000301914
0.007055 1808.59 0.00232898 262549 0.000108159
0.004405 1770.4 0.00232897 262549 0.00030955
0.004165 1764.68 0.00232897 262549 0.000302276
0.002075 1730.24 0.00232897 262549 0.00017639
0.007065 1808.6 0.00232898 262549 0.000106461
0.004415 1770.64 0.00232897 262549 0.000309792
0.000285 1721.54 0.00232897 262549 0.000137931
0.004175 1764.91 0.00232897 262549 0.000302633
0.007075 1808.6 0.00232898 262549 0.000104761
0.004945 1784.02 0.00232897 262549 0.000313887
0.005345 1794.5 0.00232898 262549 0.000303609
0.004955 1784.28 0.00232897 262549 0.00031383
0.003625 1752.97 0.00232897 262549 0.000271425
0.005355 1794.77 0.00232898 262549 0.000303199
0.002535 1735.28 0.00232897 262549 0.000198355
0.006535 1807.7 0.00232898 262549 0.000193264
0.002545 1735.41 0.00232897 262549 0.000198896
0.006545 1807.74 0.00232898 262549 0.000191745
0.001495 1725.74 0.00232897 262549 0.000156694
0.002555 1735.54 0.00232897 262549 0.000199438
0.005605 1799.75 0.00232898 262549 0.000290274
0.006555 1807.78 0.00232898 262549 0.000190218
0.001035 1723.42 0.00232897 262549 0.000142979
0.006565 1807.82 0.00232898 262549 0.000188682
0.007345 1808.78 0.00232898 262549 5.83649e-05
0.001045 1723.46 0.00232897 262549 0.000143044
0.006575 1807.86 0.00232898 262549 0.000187137
0.007465 1808.82 0.00232898 262549 3.75172e-05
0.007355 1808.78 0.00232898 262549 5.66316e-05
0.001055 1723.5 0.00232897 262549 0.000143122
0.006585 1807.9 0.00232898 262549 0.000185585
0.001865 1728.39 0.00232897 262549 0.000168274
0.002315 1732.7 0.00232897 262549 0.00018714
0.001875 1728.47 0.00232897 262549 0.000168635
0.006335 1806.8 0.00232898 262549 0.000221812
0.001885 1728.55 0.00232897 262549 0.000168999
0.002325 1732.81 0.00232897 262549 0.000187622
0.006345 1806.86 0.00232898 262549 0.000220479
0.001895 1728.64 0.00232897 262549 0.000169365
0.005875 1803.34 0.00232898 262549 0.000270789
0.002335 1732.92 0.00232897 262549 0.000188108
0.006355 1806.92 0.00232898 262549 0.000219134
0.001905 1728.72 0.00232897 262549 0.000169733
0.005885 1803.46 0.00232898 262549 0.000269999
0.001915 1728.81 0.00232897 262549 0.000170104
0.002345 1733.03 0.00232897 262549 0.000188596
0.006365 1806.98 0.00232898 262549 0.000217782
0.006105 1805.34 0.00232898 262549 0.00024911
0.005895 1803.55 0.00232898 262549 0.000269103
0.006375 1807.04 0.00232898 262549 0.000216447
0.002355 1733.15 0.00232897 262549 0.000189086
0.001185 1724.07 0.00232897 262549 0.00014633
0.005175 1790.03 0.00232897 262549 0.000309452
0.004705 1777.85 0.00232897 262549 0.000314316
0.001195 1724.12 0.00232897 262549 0.000146742
0.005185 1790.29 0.00232897 262549 0.00030922
0.002755 1738.19 0.00232897 262549 0.000210831
0.004425 1770.88 0.00232897 262549 0.000310028
0.004715 1778.1 0.00232897 262549 0.000314384
0.001205 1724.16 0.00232897 262549 0.000147164
0.005195 1790.56 0.00232897 262549 0.000308874
0.002765 1738.34 0.00232897 262549 0.000211432
0.004725 1778.35 0.00232897 262549 0.000314496
0.004435 1771.12 0.00232897 262549 0.000310259
0.001215 1724.21 0.00232897 262549 0.000147594
0.005205 1790.82 0.00232897 262549 0.000308569
0.007085 1808.61 0.00232898 262549 0.000103059
0.002775 1738.48 0.00232897 262549 0.000212036
0.004735 1778.61 0.00232897 262549 0.000314486
0.004445 1771.37 0.00232897 262549 0.000310484
0.001225 1724.26 0.00232897 262549 0.000148026
0.002785 1738.62 0.00232897 262549 0.000212642
0.005215 1791.08 0.00232897 262549 0.000308262
0.004745 1778.87 0.00232897 262549 0.000314523
0.007095 1808.62 0.00232898 262549 0.000101356
0.004455 1771.61 0.00232897 262549 0.000310703
0.001235 1724.31 0.00232897 262549 0.000148459
0.002795 1738.76 0.00232897 262549 0.000213252
0.004755 1779.12 0.00232897 262549 0.000314559
0.005225 1791.35 0.00232897 262549 0.000307948
0.004465 1771.85 0.00232897 262549 0.000310915
0.007105 1808.63 0.00232898 262549 9.96518e-05
0.002805 1738.9 0.00232897 262549 0.000213865
0.004765 1779.38 0.00232897 262549 0.000314588
0.001245 1724.36 0.00232897 262549 0.000148887
0.004185 1765.15 0.00232897 262549 0.000302985
0.004475 1772.09 0.00232897 262549 0.000311128
0.005235 1791.61 0.00232897 262549 0.000307627
0.002815 1739.04 0.00232897 262549 0.00021448
0.007115 1808.64 0.00232898 262549 9.79459e-05
0.000295 1721.56 0.00232897 262549 0.000137955
0.005365 1795.03 0.00232898 262549 0.000302781
0.007125 1808.64 0.00232898 262549 9.62385e-05
0.000305 1721.57 0.00232897 262549 0.00013798
0.003635 1753.17 0.00232897 262549 0.000272235
0.005375 1795.29 0.00232898 262549 0.000302355
0.007135 1808.65 0.00232898 262549 9.45297e-05
0.000315 1721.59 0.00232897 262549 0.000138007
0.001505 1725.8 0.00232897 262549 0.000156965
0.003645 1753.37 0.00232897 262549 0.000273042
0.005385 1795.56 0.00232898 262549 0.000301921
0.007145 1808.66 0.00232898 262549 9.28195e-05
0.000325 1721.6 0.00232897 262549 0.000138034
0.003655 1753.58 0.00232897 262549 0.000273847
0.005395 1795.82 0.00232898 262549 0.00030148
0.001515 1725.86 0.00232897 262549 0.000157238
0.007155 1808.67 0.00232898 262549 9.1108e-05
0.000335 1721.61 0.00232897 262549 0.000138063
0.003665 1753.78 0.00232897 262549 0.000274647
0.005405 1796.08 0.00232898 262549 0.000301042
0.001525 1725.92 0.00232897 262549 0.000157512
0.005615 1799.92 0.00232898 262549 0.000289659
0.007165 1808.67 0.00232898 262549 8.93951e-05
0.000345 1721.63 0.00232897 262549 0.000138094
0.003675 1753.98 0.00232897 262549 0.000275443
0.005415 1796.34 0.00232898 262549 0.000300649
0.001535 1725.98 0.00232897 262549 0.000157788
0.005625 1800.1 0.00232898 262549 0.000289037
0.007175 1808.68 0.00232898 262549 8.76809e-05
0.000355 1721.64 0.00232897 262549 0.000138126
0.005425 1796.52 0.00232898 262549 0.000300099
0.003685 1754.19 0.00232897 262549 0.000276233
0.001545 1726.04 0.00232897 262549 0.000158067
0.005635 1800.28 0.00232898 262549 0.000288408
0.007185 1808.69 0.00232898 262549 8.59655e-05
0.005435 1796.7 0.00232898 262549 0.000299609
0.000365 1721.66 0.00232897 262549 0.000138159
0.003695 1754.39 0.00232897 262549 0.000277016
0.001555 1726.1 0.00232897 262549 0.000158347
0.005645 1800.46 0.00232898 262549 0.000287778
0.007195 1808.69 0.00232898 262549 8.42487e-05
0.007475 1808.82 0.00232898 262549 3.57758e-05
0.006595 1807.94 0.00232898 262549 0.000184024
0.007485 1808.83 0.00232898 262549 3.40339e-05
0.006605 1807.98 0.00232898 262549 0.000182455
0.007495 1808.83 0.00232898 262549 3.22915e-05
0.006615 1808.02 0.00232898 262549 0.000180877
0.001065 1723.54 0.00232897 262549 0.000143218
0.007505 1808.83 0.00232898 262549 3.05487e-05
0.006625 1808.06 0.00232898 262549 0.000179291
0.005905 1803.64 0.00232898 262549 0.000268242
0.007515 1808.83 0.00232898 262549 2.88054e-05
0.006635 1808.1 0.00232898 262549 0.000177704
0.006115 1805.42 0.00232898 262549 0.000248054
0.001075 1723.58 0.00232897 262549 0.000143333
0.007525 1808.84 0.00232898 262549 2.70617e-05
0.005915 1803.72 0.00232898 262549 0.000267375
0.006645 1808.14 0.00232898 262549 0.000176125
0.001085 1723.62 0.00232897 262549 0.00014347
0.006125 1805.5 0.00232898 262549 0.000246994
0.007535 1808.84 0.00232898 262549 2.53176e-05
0.006655 1808.15 0.00232898 262549 0.000174484
0.001095 1723.66 0.00232897 262549 0.000143633
0.006385 1807.08 0.00232898 262549 0.000215029
0.001105 1723.7 0.00232897 262549 0.000143822
0.002365 1733.26 0.00232897 262549 0.00018958
0.006395 1807.12 0.00232898 262549 0.000213636
0.001115 1723.74 0.00232897 262549 0.00014405
0.004775 1779.64 0.00232897 262549 0.000314611
0.001255 1724.41 0.00232897 262549 0.000149309
0.004195 1765.38 0.00232897 262549 0.000303332
0.004785 1779.9 0.00232897 262549 0.000314626
0.005245 1791.87 0.00232897 262549 0.000307299
0.001265 1724.46 0.00232897 262549 0.000149723
0.004795 1780.15 0.00232897 262549 0.000314635
0.004205 1765.61 0.00232897 262549 0.000303675
0.001275 1724.51 0.00232897 262549 0.000150125
0.005255 1792.14 0.00232898 262549 0.000306963
0.002825 1739.18 0.00232897 262549 0.000215099
0.004215 1765.84 0.00232897 262549 0.000304013
0.001285 1724.56 0.00232897 262549 0.000150515
0.003705 1754.59 0.00232897 262549 0.000277791
0.001295 1724.61 0.00232897 262549 0.000150892
0.003715 1754.8 0.00232897 262549 0.000278558
0.001565 1726.16 0.00232897 262549 0.00015864
0.001305 1724.66 0.00232897 262549 0.000151256
0.000375 1721.67 0.00232897 262549 0.000138194
0.003725 1755 0.00232897 262549 0.000279316
0.001315 1724.71 0.00232897 262549 0.000151606
0.001575 1726.23 0.00232897 262549 0.000159025
0.005655 1800.64 0.00232898 262549 0.000287185
0.000385 1721.68 0.00232897 262549 0.00013823
0.003735 1755.2 0.00232897 262549 0.000280063
0.001325 1724.76 0.00232897 262549 0.000151943
0.001585 1726.3 0.00232897 262549 0.000159212
0.007545 1808.84 0.00232898 262549 2.35731e-05
0.000395 1721.7 0.00232897 262549 0.000138267
0.003745 1755.41 0.00232897 262549 0.0002808
0.005665 1800.76 0.00232898 262549 0.000286469
0.001335 1724.81 0.00232897 262549 0.000152267
0.001595 1726.37 0.00232897 262549 0.000159492
0.000405 1721.71 0.00232897 262549 0.000138305
0.007555 1808.84 0.00232898 262549 2.18283e-05
0.006665 1808.16 0.00232898 262549 0.000172872
0.006135 1805.59 0.00232898 262549 0.000245958
0.007565 1808.84 0.00232898 262549 2.00832e-05
0.006675 1808.18 0.00232898 262549 0.000171257
0.007575 1808.84 0.00232898 262549 1.83378e-05
0.006145 1805.65 0.00232898 262549 0.000244828
0.002375 1733.37 0.00232897 262549 0.000190075
0.006685 1808.19 0.00232898 262549 0.000169639
0.005265 1792.4 0.00232898 262549 0.00030662
0.007585 1808.85 0.00232898 262549 1.65922e-05
0.006155 1805.71 0.00232898 262549 0.000243724
0.006695 1808.2 0.00232898 262549 0.000168018
0.002385 1733.48 0.00232897 262549 0.000190573
0.005275 1792.66 0.00232898 262549 0.00030627
0.007595 1808.85 0.00232898 262549 1.48463e-05
0.006165 1805.77 0.00232898 262549 0.00024261
0.006705 1808.22 0.00232898 262549 0.000166395
0.002395 1733.59 0.00232897 262549 0.000191074
0.007605 1808.85 0.00232898 262549 1.31002e-05
0.006175 1805.83 0.00232898 262549 0.000241485
0.002835 1739.32 0.00232897 262549 0.00021572
0.004225 1766.07 0.00232897 262549 0.000304345
0.002845 1739.47 0.00232897 262549 0.000216344
0.003755 1755.61 0.00232897 262549 0.000281525
0.002855 1739.61 0.00232897 262549 0.000216971
0.004235 1766.3 0.00232897 262549 0.000304673
0.003765 1755.82 0.00232897 262549 0.000282238
0.002865 1739.75 0.00232897 262549 0.000217601
0.003775 1756.02 0.00232897 262549 0.000282939
0.001345 1724.86 0.00232897 262549 0.000152591
0.004245 1766.54 0.00232897 262549 0.000305002
0.002875 1739.89 0.00232897 262549 0.000218233
0.005675 1800.89 0.00232898 262549 0.000285796
0.003785 1756.23 0.00232897 262549 0.000283634
0.000415 1721.73 0.00232897 262549 0.000138345
0.003795 1756.43 0.00232897 262549 0.000284379
0.006715 1808.23 0.00232898 262549 0.000164769
0.007615 1808.85 0.00232898 262549 1.1354e-05
0.003805 1756.65 0.00232897 262549 0.000284971
0.006185 1805.89 0.00232898 262549 0.000240347
0.003815 1756.87 0.00232897 262549 0.000285618
0.004255 1766.77 0.00232897 262549 0.000305384
0.001355 1724.91 0.00232897 262549 0.000152996
0.003825 1757.08 0.00232897 262549 0.000286258
0.006195 1805.96 0.00232898 262549 0.000239197
0.005685 1801.01 0.00232898 262549 0.00028512
0.004265 1767.01 0.00232897 262549 0.000305633
0.003835 1757.3 0.00232897 262549 0.000286886
0.000425 1721.74 0.00232897 262549 0.000138387
0.001365 1724.97 0.00232897 262549 0.000153187
0.007625 1808.85 0.00232898 262549 9.60759e-06
0.006205 1806.02 0.00232898 262549 0.000238034
0.001375 1725.02 0.00232897 262549 0.000153464
0.007635 1808.85 0.00232898 262549 7.86112e-06
0.005695 1801.13 0.00232898 262549 0.000284436
0.004275 1767.25 0.00232897 262549 0.000305938
0.007645 1808.85 0.00232898 262549 6.11468e-06
0.001385 1725.08 0.00232897 262549 0.000153745
0.006215 1806.08 0.00232898 262549 0.00023686
0.005705 1801.25 0.00232898 262549 0.000283744
0.007655 1808.85 0.00232898 262549 4.36857e-06
0.000435 1721.75 0.00232897 262549 0.000138429
0.004285 1767.49 0.00232897 262549 0.000306244
0.005715 1801.38 0.00232898 262549 0.000283045
0.001395 1725.14 0.00232897 262549 0.000154021
0.006225 1806.14 0.00232898 262549 0.000235673
0.007665 1808.85 0.00232898 262549 2.62493e-06
0.000445 1721.77 0.00232897 262549 0.000138473
0.004295 1767.73 0.00232897 262549 0.000306546
0.005725 1801.5 0.00232898 262549 0.000282338
0.001405 1725.2 0.00232897 262549 0.000154293
0.006235 1806.2 0.00232898 262549 0.000234474
0.007675 1808.85 0.00232898 262549 8.73502e-07
0.000455 1721.78 0.00232897 262549 0.000138518
0.005735 1801.62 0.00232898 262549 0.000281623
0.004305 1767.98 0.00232897 262549 0.000306843
0.001415 1725.26 0.00232897 262549 0.000154562
0.000465 1721.8 0.00232897 262549 0.000138577
0.004315 1768.22 0.00232897 262549 0.000307136
0.005745 1801.75 0.00232898 262549 0.0002809
0.001425 1725.32 0.00232897 262549 0.000154829
0.000475 1721.81 0.00232897 262549 0.000138736
0.005755 1801.87 0.00232898 262549 0.000280169
0.001435 1725.38 0.00232897 262549 0.000155095
