0.001605 2318.29 0.0273754 306586 0.0061718 0.448637
0.001615 2324.07 0.0266646 306586 0.00585598 0.447536
0.001625 2329.86 0.0259534 306586 0.00553657 0.44644
0.001635 2335.65 0.0252418 306586 0.00521352 0.445349
0.001645 2341.45 0.0245301 306586 0.00488678 0.444263
0.001655 2347.24 0.0238182 306586 0.00455628 0.443183
0.001665 2353.03 0.0231061 306586 0.004222 0.442107
0.001675 2358.82 0.0223939 306586 0.00388389 0.441037
0.001685 2364.62 0.0216816 306586 0.00354192 0.439972
0.001695 2370.41 0.0209693 306586 0.00319604 0.438913
0.001705 2376.2 0.0202571 306586 0.00284625 0.437859
0.001715 2381.98 0.019545 306586 0.00249249 0.43681
0.001725 2387.77 0.0188331 306586 0.00213474 0.435767
0.001735 2393.56 0.0181213 306586 0.00177298 0.434729
0.001745 2399.34 0.0174098 306586 0.00140716 0.433697
0.001755 2405.11 0.0166985 306586 0.00103726 0.43267
0.001765 2410.89 0.0159876 306586 0.000663253 0.431649
0.001775 2416.66 0.0152772 306586 0.000285121 0.430633
0.001785 2422.43 0.0145671 306586 -9.71572e-05 0.429623
0.001795 2428.19 0.0138576 306586 -0.000483443 0.428619
0.001805 2433.94 0.0131486 306586 -0.000879828 0.42762
0.001815 2439.7 0.0124402 306586 -0.00110036 0.426626
0.001825 2445.34 0.0117399 306574 -0.00626114 0.42564
0.001835 2447.32 0.011408 306586 -0.0114156 0.425326
0.001845 2449.2 0.0110835 306586 -0.0116488 0.425013
0.001855 2451.08 0.0107588 306586 -0.0120615 0.4247
0.001865 2452.97 0.010434 306586 -0.0124689 0.424386
0.001875 2454.86 0.010109 306586 -0.0128772 0.424073
0.001885 2456.75 0.00978405 306586 -0.0132862 0.42376
0.001895 2458.65 0.00945901 306586 -0.0136955 0.423447
0.001905 2460.55 0.00913395 306586 -0.0141047 0.423133
0.001915 2462.45 0.00880885 306586 -0.0145126 0.42282
0.001925 2464.36 0.00848371 306586 -0.0149172 0.422506
5e-06 1716.84 0.10029 306586 0.0211866 0.603554
0.001285 2136.35 0.0496536 306586 0.0145288 0.486294
0.001935 2466.26 0.00815847 306586 -0.0153157 0.422193
1.5e-05 1716.9 0.100283 306586 0.0211889 0.603534
0.004805 381.39 0.232885 306586 0.0152508 2.78923
0.001945 2468.17 0.00783303 306586 -0.015704 0.421879
0.001295 2141.87 0.0489794 306586 0.0143185 0.485057
2.5e-05 1717.02 0.10027 306586 0.0211918 0.603494
0.000325 1747.45 0.0966401 306586 0.0215522 0.593086
0.001955 2470.09 0.00750723 306586 -0.0160777 0.421564
3.5e-05 1717.19 0.100249 306586 0.0211955 0.603434
0.001305 2147.41 0.0483033 306586 0.0141049 0.483823
0.000645 1835.25 0.0861227 306586 0.0214971 0.565009
0.001965 2472.02 0.00718081 306586 -0.0164328 0.421249
4.5e-05 1717.42 0.100222 306586 0.0211999 0.603354
0.001315 2152.96 0.0476253 306586 0.0138879 0.482592
0.001975 2473.95 0.00685348 306586 -0.0167672 0.420933
0.004815 381.389 0.232888 306586 0.0147816 2.78924
0.000655 1838.82 0.0856932 306586 0.0214713 0.563923
5.5e-05 1717.71 0.100187 306586 0.0212051 0.603253
0.001325 2158.53 0.0469455 306586 0.0136675 0.481364
0.002245 2445.92 0.0093475 306586 -0.0402965 0.426071
0.001985 2475.89 0.00652489 306586 -0.017083 0.420615
0.000665 1842.45 0.085258 306586 0.0214432 0.562827
6.5e-05 1718.05 0.100146 306586 0.021211 0.603132
0.000335 1749.35 0.0964122 306586 0.0215169 0.592445
0.001335 2164.11 0.0462639 306586 0.0134437 0.480139
0.001995 2477.85 0.00619474 306586 -0.0173908 0.420296
7.5e-05 1718.46 0.100098 306586 0.0212176 0.602992
0.000675 1846.11 0.0848173 306586 0.0214129 0.561722
0.004825 381.499 0.232891 306586 0.0142914 2.78844
0.000965 1970.08 0.0698624 306586 0.0194865 0.526783
8.5e-05 1718.92 0.100043 306586 0.0212249 0.602831
0.001345 2169.7 0.0455805 306586 0.0132167 0.478918
0.002005 2479.82 0.00586288 306586 -0.0175824 0.419975
0.000685 1849.82 0.0843711 306586 0.0213803 0.560608
0.002565 2326.04 0.0228515 306586 -0.0569658 0.448389
0.002255 2444.21 0.00954398 306586 -0.0406509 0.426379
9.5e-05 1719.44 0.0999805 306586 0.0212326 0.60265
0.001355 2175.31 0.0448955 306586 0.0129863 0.477701
0.002015 2481.75 0.00553454 306580 -0.021119 0.419653
0.000345 1751.32 0.0961775 306586 0.0215095 0.591788
0.004835 381.593 0.232893 306586 0.0138458 2.78776
0.000695 1853.58 0.0839195 306586 0.0213455 0.559485
0.002575 2321.54 0.0233653 306586 -0.0571366 0.449271
0.000105 1720.02 0.0999116 306586 0.0212406 0.602449
0.001365 2180.93 0.0442089 306586 0.0127526 0.476487
0.002025 2481.88 0.00544783 306586 -0.0245853 0.419652
0.000975 1974.89 0.0692806 306586 0.01938 0.525517
0.000705 1857.38 0.0834624 306586 0.0213084 0.558353
0.002265 2442.52 0.00974019 306586 -0.0410039 0.426686
0.000115 1720.66 0.0998357 306586 0.0212487 0.602228
0.002585 2317.05 0.0238775 306586 -0.0572949 0.450152
0.001375 2186.56 0.0435207 306586 0.0125157 0.475277
0.000355 1753.34 0.095936 306586 0.0215213 0.591112
0.002035 2481.94 0.00536801 306583 -0.0267251 0.41965
0.004845 381.667 0.232895 306586 0.0133743 2.78723
0.000715 1861.22 0.083 306586 0.0212692 0.557213
0.000125 1721.35 0.0997528 306586 0.0212567 0.601987
0.002595 2312.59 0.024388 306586 -0.0574393 0.451031
0.001385 2192.2 0.042831 306586 0.0122754 0.474071
0.002045 2481.1 0.00543038 306583 -0.0304634 0.419805
0.000985 1979.72 0.068695 306586 0.0192705 0.524249
0.002275 2440.83 0.00993612 306586 -0.0413556 0.426992
0.000725 1865.11 0.0825323 306586 0.0212277 0.556065
0.000135 1722.11 0.099663 306586 0.021265 0.601726
0.001395 2197.85 0.0421398 306586 0.012032 0.472869
0.002055 2479.37 0.00561573 306586 -0.0324432 0.420112
0.002605 2308.16 0.0248967 306586 -0.0575682 0.451909
0.000365 1755.42 0.0956878 306586 0.0215427 0.59042
0.004855 381.721 0.232897 306586 0.0129094 2.78684
0.000145 1722.92 0.0995663 306586 0.0212753 0.601445
0.000735 1869.04 0.0820593 306586 0.021184 0.55491
0.001405 2203.51 0.0414472 306586 0.0117853 0.471671
0.002065 2477.62 0.00580457 306586 -0.0328783 0.420421
0.002615 2303.75 0.0254033 306586 -0.0576805 0.452785
0.000995 1984.59 0.0681056 306586 0.0191581 0.52298
0.000155 1723.79 0.0994626 306586 0.0212907 0.601145
0.002285 2439.16 0.0101318 306586 -0.0417059 0.427297
0.002075 2475.86 0.00599498 306586 -0.0333941 0.420731
0.000745 1873.01 0.0815811 306586 0.0211381 0.553747
0.001415 2209.18 0.0407533 306586 0.0115354 0.470477
0.002625 2299.37 0.0259077 306586 -0.0577751 0.453659
0.000375 1757.55 0.0954329 306586 0.0215659 0.589711
0.000165 1724.72 0.099352 306586 0.0213161 0.600824
0.004865 381.757 0.232899 306586 0.0124262 2.78658
0.002085 2474.09 0.00618723 306586 -0.0339156 0.421043
0.000755 1877.03 0.0810978 306586 0.0210899 0.552576
0.001425 2214.86 0.040058 306586 0.0112823 0.469287
0.002635 2295.03 0.0264097 306586 -0.0578511 0.45453
0.000175 1725.7 0.0992344 306586 0.0213576 0.600484
0.001005 1989.49 0.0675126 306586 0.0190428 0.521709
0.002295 2437.49 0.0103271 306586 -0.0420549 0.4276
0.002095 2472.31 0.00638133 306586 -0.0344288 0.421357
0.000765 1881.08 0.0806095 306586 0.0210393 0.551399
0.001435 2220.55 0.0393615 306586 0.011026 0.468101
0.000185 1726.75 0.0991099 306586 0.0214216 0.600124
0.002645 2290.72 0.0269091 306586 -0.0579083 0.455397
0.000385 1759.74 0.0951713 306586 0.0215862 0.588985
0.004875 381.9 0.232901 306586 0.011945 2.78554
0.002105 2470.53 0.00657704 306586 -0.0349219 0.421672
0.000775 1885.18 0.080116 306586 0.0209863 0.550215
0.001445 2226.25 0.0386638 306586 0.0107665 0.466919
0.000195 1727.85 0.0989784 306586 0.0215116 0.599745
0.002655 2286.44 0.0274056 306586 -0.0579469 0.456261
0.001015 1994.41 0.0669159 306586 0.0189245 0.520437
0.002305 2435.83 0.0105222 306586 -0.0424025 0.427903
0.002115 2468.74 0.00677403 306586 -0.035389 0.421988
0.001455 2231.95 0.0379649 306586 0.0105038 0.465742
0.000785 1889.31 0.0796177 306586 0.0209308 0.549025
0.000205 1729.01 0.09884 306586 0.021627 0.599346
0.002665 2282.2 0.0278991 306586 -0.0579678 0.45712
0.000395 1761.98 0.094903 306586 0.021602 0.588242
0.004885 382.026 0.232903 306586 0.0114891 2.78463
0.002125 2466.96 0.0069719 306586 -0.0358294 0.422305
0.001465 2237.67 0.0372649 306586 0.0102378 0.464569
0.000795 1893.49 0.0791144 306586 0.0208727 0.547828
0.000215 1730.23 0.0986946 306586 0.0217604 0.598928
0.002675 2278 0.0283893 306586 -0.0579726 0.457974
0.001025 1999.36 0.0663157 306586 0.0188033 0.519165
0.002135 2465.17 0.0071703 306586 -0.0362463 0.422622
0.000805 1897.71 0.0786062 306586 0.0208121 0.546626
0.001475 2243.39 0.0365638 306586 0.00996874 0.463401
0.000225 1731.51 0.0985424 306586 0.021898 0.598491
0.004485 384.434 0.232378 306586 0.0295688 2.76623
0.002315 2434.18 0.010717 306586 -0.0427487 0.428204
0.002685 2273.84 0.028876 306586 -0.0579637 0.458824
0.000405 1764.28 0.0946281 306586 0.0216135 0.587484
0.002145 2463.39 0.00736897 306586 -0.0366445 0.422939
0.004895 382.133 0.232904 306586 0.0110147 2.78385
0.000815 1901.96 0.0780933 306586 0.020749 0.545418
0.001485 2249.12 0.0358617 306586 0.00969641 0.462237
0.000235 1732.84 0.0983832 306586 0.0220213 0.598034
0.001035 2004.34 0.065712 306586 0.0186791 0.517891
0.004495 384.104 0.232419 306586 0.0291662 2.76866
0.002695 2269.72 0.0293591 306586 -0.0579444 0.459668
0.002155 2461.61 0.00756768 306586 -0.0370292 0.423256
0.002885 2104.37 0.0461297 306586 -0.0824113 0.496023
0.000825 1906.25 0.0775756 306586 0.0206833 0.544204
0.001495 2254.86 0.0351587 306586 0.00942085 0.461077
0.000245 1734.23 0.098217 306586 0.0221109 0.597558
0.004505 383.782 0.232457 306586 0.0287849 2.77105
0.002705 2265.65 0.0298385 306586 -0.0579188 0.460506
0.002325 2432.54 0.0109115 306586 -0.0430988 0.428503
0.002165 2459.83 0.00776632 306586 -0.0374048 0.423572
0.000415 1766.64 0.0943465 306586 0.021622 0.586709
0.004905 382.22 0.232905 306586 0.0105421 2.78322
0.001045 2009.35 0.0651048 306586 0.0185519 0.516617
0.000255 1735.68 0.098044 306586 0.0221517 0.597064
0.000835 1910.58 0.0770532 306586 0.020615 0.542985
0.001505 2260.6 0.0344548 306586 0.00914205 0.459922
0.004515 383.477 0.232492 306586 0.0284266 2.77331
0.002715 2261.63 0.0303139 306586 -0.0578918 0.461338
0.002175 2458.07 0.0079648 306586 -0.0377745 0.423888
0.004165 417.957 0.227919 306586 0.0384322 2.53955
0.000265 1737.19 0.097864 306586 0.0221366 0.596551
0.000845 1914.95 0.0765262 306586 0.0205442 0.541762
0.001515 2266.35 0.0337499 306586 0.00885998 0.458772
0.004525 383.187 0.232525 306586 0.0280022 2.77546
0.002185 2456.31 0.00816307 306586 -0.0381404 0.424202
0.002725 2257.64 0.0307855 306586 -0.0578691 0.462165
0.002895 2087.13 0.0477467 306586 -0.0823965 0.500131
0.002335 2430.91 0.0111056 306586 -0.0432897 0.428802
0.004915 382.287 0.232907 306586 0.0100464 2.78274
0.000425 1769.05 0.0940584 306586 0.0216289 0.585918
0.001055 2014.38 0.0644943 306586 0.0184218 0.515342
0.000275 1738.76 0.0976772 306586 0.0220695 0.596019
0.000855 1919.35 0.0759946 306586 0.0204708 0.540534
0.001525 2272.1 0.0330443 306586 0.00857465 0.457627
0.002195 2454.56 0.00836111 306586 -0.0385037 0.424516
0.004535 383.02 0.232555 306586 0.0275216 2.77672
0.002735 2253.7 0.031253 306586 -0.0578567 0.462985
0.004175 415.828 0.228217 306582 0.0402804 2.5528
0.000285 1740.38 0.0974835 306586 0.0219641 0.595469
0.001535 2277.86 0.0323379 306586 0.00828602 0.456486
0.000865 1923.79 0.0754585 306586 0.0203949 0.539301
0.002205 2452.81 0.00855891 306586 -0.0388652 0.424829
0.004545 382.834 0.232583 306586 0.0270639 2.77812
0.002745 2249.81 0.0317167 306586 -0.057861 0.463799
0.002345 2429.21 0.011306 306577 -0.0477833 0.4291
0.002905 2069.83 0.0493657 306586 -0.0823761 0.504322
0.004925 382.457 0.232908 306586 0.00954976 2.7815
0.000435 1771.51 0.0937637 306586 0.0216349 0.585112
0.000295 1742.06 0.0972829 306586 0.0218405 0.5949
0.001545 2283.62 0.0316308 306586 0.00799409 0.45535
0.002215 2451.08 0.00875645 306586 -0.0392251 0.425141
0.000875 1928.27 0.074918 306586 0.0203164 0.538064
0.004555 382.637 0.23261 306586 0.0266218 2.77959
0.001065 2019.44 0.0638804 306586 0.0182886 0.514068
0.002755 2245.95 0.0321766 306586 -0.0578887 0.464608
0.004185 413.783 0.2285 306586 0.0381718 2.56572
0.000305 1743.8 0.0970754 306586 0.0217201 0.594313
0.000885 1932.78 0.074373 306586 0.0202353 0.536823
0.001555 2289.39 0.0309229 306586 0.00769883 0.454219
0.002225 2449.35 0.00895373 306586 -0.0395836 0.425452
0.004565 382.434 0.232634 306586 0.0261871 2.78111
0.002355 2424.46 0.0118319 306586 -0.0522238 0.429964
0.002915 2052.46 0.0509866 306586 -0.0823401 0.508601
0.002765 2242.14 0.0326329 306586 -0.0579459 0.465412
0.004935 382.606 0.232909 306586 0.00906477 2.78042
0.000445 1774.03 0.0934624 306586 0.0216405 0.58429
0.000315 1745.59 0.0968612 306586 0.0216206 0.593708
0.000895 1937.33 0.0738238 306586 0.0201516 0.535579
0.002235 2447.63 0.00915074 306586 -0.0399407 0.425762
0.001565 2295.16 0.0302145 306586 0.00740022 0.453093
0.004575 382.224 0.232657 306586 0.0257603 2.78268
0.003845 575.675 0.20656 306587 0.0311084 1.83374
0.001075 2024.52 0.0632633 306586 0.0181523 0.512793
0.002775 2238.35 0.0330858 306586 -0.0580387 0.466211
0.004195 411.817 0.228768 306586 0.0387059 2.57822
0.003525 977.549 0.157084 306589 -0.00427349 1.07279
0.003205 1542.7 0.094172 306587 -0.0579238 0.677152
0.003535 961.163 0.159129 306589 -0.0025137 1.0913
0.002365 2419.65 0.0123637 306586 -0.0523298 0.43083
0.003545 944.971 0.161128 306589 -0.000827612 1.11022
0.002925 2035.03 0.0526088 306586 -0.0822791 0.512968
0.002375 2414.84 0.0128951 306586 -0.0525966 0.431698
0.003555 928.966 0.163084 306589 0.000789767 1.12957
0.002935 2017.53 0.0542318 306586 -0.0821844 0.517427
0.000905 1941.91 0.0732702 306586 0.0200651 0.534331
0.002385 2410.04 0.0134258 306586 -0.0528553 0.432568
0.003565 913.141 0.165 306589 0.00234301 1.14937
0.002945 1999.97 0.0558549 306586 -0.0820484 0.521979
0.003215 1526.13 0.0952849 306587 -0.0560569 0.684535
0.003575 897.488 0.166877 306589 0.00383601 1.16965
0.002955 1982.36 0.0574774 306586 -0.0818645 0.526626
0.002395 2405.26 0.013956 306586 -0.0531116 0.433439
0.001575 2300.94 0.0295055 306586 0.00709825 0.451971
0.003585 882.002 0.168718 306589 0.00527224 1.19043
0.002405 2400.48 0.0144856 306586 -0.0533654 0.434311
0.002965 1964.7 0.0590984 306587 -0.0816277 0.531371
0.002785 2234.6 0.0335357 306586 -0.058171 0.467007
0.003595 866.675 0.170524 306589 0.0066546 1.21173
0.002415 2395.72 0.0150145 306586 -0.0536168 0.435184
0.002975 1947 0.060717 306587 -0.0813342 0.536214
0.003225 1509.75 0.0963506 306587 -0.0541031 0.691996
0.000915 1946.52 0.0727124 306586 0.0199758 0.53308
0.002425 2390.98 0.0155428 306586 -0.0538656 0.436059
0.003605 851.502 0.172298 306589 0.00798672 1.23357
0.002985 1929.25 0.062332 306587 -0.0809815 0.541157
0.001585 2306.72 0.0287959 306586 0.00679289 0.450855
0.002435 2386.24 0.0160704 306586 -0.0541119 0.436935
0.002995 1911.47 0.0639426 306587 -0.0805684 0.546202
0.003615 836.477 0.17404 306589 0.0092746 1.25598
0.004585 382.008 0.232678 306586 0.0253126 2.78429
0.002795 2230.88 0.0339828 306586 -0.0583763 0.4678
0.002445 2381.52 0.0165973 306586 -0.0543555 0.437812
0.003005 1893.66 0.0655474 306587 -0.0800944 0.55135
0.003625 821.595 0.175753 306589 0.0105996 1.27899
0.003235 1493.57 0.0973667 306587 -0.0520635 0.699527
0.000925 1951.17 0.0721505 306586 0.0198837 0.531826
0.002455 2376.81 0.0171235 306586 -0.0545964 0.43869
0.003015 1875.83 0.0671453 306587 -0.0795601 0.556603
0.003635 806.855 0.177437 306591 0.0121933 1.30262
0.001595 2312.5 0.0280859 306586 0.00648408 0.449744
0.004945 382.732 0.23291 306586 0.00856998 2.77952
0.002805 2227.17 0.0344276 306586 -0.0580173 0.468591
0.002465 2372.12 0.0176489 306586 -0.0548345 0.439569
0.003025 1857.98 0.068735 306587 -0.0789664 0.56196
0.003645 793.861 0.179093 306589 0.0129077 1.3242
0.004595 381.921 0.232697 306586 0.0248652 2.78495
0.004955 382.834 0.23291 306586 0.00806348 2.77878
0.003245 1477.61 0.0983305 306587 -0.0499407 0.70712
0.000935 1955.85 0.0715845 306586 0.0197888 0.530569
0.002475 2367.44 0.0181734 306586 -0.0550695 0.440449
0.003035 1840.13 0.0703153 306587 -0.0783143 0.567425
0.003855 567.379 0.207646 306587 0.0317872 1.86095
0.003045 1822.27 0.0718847 306587 -0.0776051 0.572997
0.000455 1776.6 0.0931547 306586 0.0216455 0.583453
0.003055 1804.42 0.073442 306587 -0.0768398 0.578678
0.001085 2029.63 0.0626429 306586 0.0180129 0.511519
0.003065 1786.59 0.0749856 306587 -0.076019 0.584469
0.000465 1779.23 0.0928405 306586 0.0216498 0.582601
0.004205 409.926 0.229022 306586 0.0384912 2.59037
0.003655 781.05 0.18072 306588 0.0140605 1.3462
0.003075 1768.77 0.076514 306587 -0.0751429 0.590371
0.001095 2034.77 0.0620194 306586 0.0178704 0.510244
0.000475 1781.9 0.0925199 306586 0.0216532 0.581735
0.002815 2223.2 0.0348894 306549 -0.0708975 0.469385
0.004215 408.105 0.229262 306586 0.0383217 2.60217
0.003865 559.276 0.208703 306587 0.0324404 1.8883
0.003085 1750.97 0.0780257 306587 -0.0742112 0.596385
0.003665 768.415 0.182319 306588 0.0151783 1.36861
0.001105 2039.93 0.0613929 306586 0.0177247 0.508971
0.000485 1784.64 0.0921928 306586 0.0216555 0.580854
0.004225 406.347 0.22949 306586 0.0381142 2.61365
0.003095 1733.21 0.0795189 306587 -0.0732228 0.602511
0.003675 755.957 0.183891 306588 0.0162801 1.39145
0.004965 383.031 0.232911 306586 0.00756499 2.77735
0.001115 2045.11 0.0607633 306586 0.0175758 0.507697
0.004235 404.847 0.229704 306586 0.0378779 2.62356
0.000495 1787.42 0.0918595 306586 0.0216566 0.579959
0.003105 1715.49 0.080992 306587 -0.0721763 0.60875
0.003685 743.676 0.185436 306588 0.017358 1.41472
0.004975 383.206 0.232912 306586 0.00708487 2.77608
0.001125 2050.31 0.0601307 306586 0.0174237 0.506425
0.002825 2206.61 0.0364735 306587 -0.0834997 0.472981
0.003115 1697.82 0.0824432 306587 -0.0710697 0.615101
0.000505 1790.26 0.0915197 306586 0.0216566 0.57905
0.004245 403.408 0.229907 306586 0.0376291 2.63313
0.003695 731.571 0.186954 306588 0.0184121 1.43842
0.003875 551.365 0.209731 306587 0.033064 1.9158
0.004985 383.357 0.232912 306586 0.00660553 2.77499
0.001135 2055.54 0.0594952 306586 0.0172683 0.505154
0.003125 1680.21 0.0838704 306587 -0.0699005 0.621566
0.000515 1793.15 0.0911737 306586 0.0216553 0.578127
0.004255 402.025 0.230098 306586 0.0373573 2.6424
0.003705 719.643 0.188447 306588 0.0194415 1.46257
0.002485 2362.77 0.0186972 306586 -0.0553011 0.44133
0.004995 383.484 0.232913 306586 0.00614024 2.77408
0.001145 2060.79 0.0588569 306586 0.0171096 0.503883
0.003135 1662.67 0.0852719 306587 -0.0686658 0.628142
0.000525 1796.08 0.0908215 306586 0.0216528 0.577191
0.004265 400.694 0.230279 306586 0.037074 2.65137
0.003715 707.89 0.189913 306588 0.0204457 1.48716
0.002835 2189.69 0.0380781 306586 -0.0826998 0.476645
0.005005 383.586 0.232913 306586 0.00567399 2.77334
0.002495 2358.12 0.0192201 306586 -0.055529 0.442211
0.001155 2066.06 0.0582158 306586 0.0169476 0.502614
0.003145 1645.2 0.0866453 306587 -0.0673625 0.63483
0.000535 1799.08 0.090463 306586 0.0216489 0.576242
0.004275 399.412 0.230449 306586 0.03679 2.66007
0.003725 696.312 0.191353 306588 0.0214235 1.5122
0.003885 543.642 0.21073 306587 0.0336542 1.94342
0.001165 2071.36 0.057572 306586 0.0167822 0.501347
0.002505 2353.49 0.0197421 306586 -0.0557528 0.443093
0.004285 398.173 0.23061 306586 0.0365135 2.66853
0.003155 1627.82 0.0879886 306587 -0.0659873 0.641626
0.005015 383.779 0.232914 306586 0.00521884 2.77194
0.000545 1802.12 0.0900984 306586 0.0216437 0.57528
0.003735 684.909 0.192767 306588 0.0223738 1.5377
0.004605 381.828 0.232715 306586 0.024434 2.78567
0.001175 2076.67 0.0569254 306586 0.0166134 0.500081
0.004295 396.975 0.230761 306586 0.0362464 2.67676
0.003165 1610.55 0.0892996 306587 -0.0645369 0.648531
0.002515 2348.87 0.0202631 306586 -0.0559718 0.443975
0.005025 383.947 0.232914 306586 0.00477944 2.77073
0.000555 1805.21 0.0897277 306586 0.0216369 0.574305
0.003745 673.679 0.194156 306588 0.0232953 1.56366
0.002845 2172.73 0.0396843 306586 -0.0826058 0.480376
0.003175 1593.38 0.0905759 306587 -0.0630081 0.655539
0.004305 395.813 0.230903 306586 0.0359856 2.68478
0.002525 2344.27 0.0207831 306586 -0.0561853 0.444858
0.001185 2082 0.0562763 306586 0.0164412 0.498817
0.005035 384.089 0.232914 306586 0.00432478 2.76971
0.000565 1808.35 0.0893509 306586 0.0216285 0.573318
0.003895 536.102 0.211701 306587 0.0342208 1.97116
0.003755 662.62 0.195518 306588 0.0241864 1.59009
0.003185 1576.34 0.091815 306587 -0.0613979 0.662649
0.004315 394.871 0.231037 306586 0.0357164 2.69135
0.001195 2087.36 0.0556246 306586 0.0162656 0.497554
0.002535 2339.68 0.021302 306586 -0.0563925 0.445741
0.005045 384.309 0.232914 306586 0.00386733 2.76812
0.000575 1811.55 0.088968 306586 0.0216185 0.572319
0.004615 381.726 0.232731 306586 0.023989 2.78644
0.002855 2155.73 0.0412923 306586 -0.0825185 0.484176
0.003905 528.741 0.212643 306588 0.0348201 1.99902
0.003195 1559.45 0.0930146 306587 -0.0597037 0.669855
0.003765 651.731 0.196853 306588 0.0250464 1.617
0.004325 393.964 0.231163 306586 0.0354436 2.6977
0.001205 2092.73 0.0549704 306586 0.0160865 0.496293
0.002545 2335.12 0.0218198 306586 -0.0565925 0.446624
0.005055 384.502 0.232915 306586 0.00340403 2.76673
0.000585 1814.79 0.0885791 306586 0.0216069 0.571308
0.004625 381.614 0.232747 306586 0.0235394 2.78729
0.002865 2138.67 0.0429025 306586 -0.0824631 0.488048
0.000945 1960.56 0.0710144 306586 0.0196909 0.529309
0.002875 2121.55 0.0445149 306586 -0.0824303 0.491996
0.000955 1965.31 0.0704404 306586 0.0195902 0.528047
0.003255 1461.89 0.0992398 306587 -0.047739 0.714765
0.003915 522.095 0.213556 306587 0.0352104 2.02487
0.003265 1446.42 0.100092 306587 -0.0454639 0.722452
0.003925 515.638 0.21444 306587 0.0356958 2.05064
0.003275 1431.23 0.100885 306587 -0.0431216 0.73017
0.003775 641.008 0.198163 306588 0.0258762 1.6444
0.003935 509.369 0.215295 306587 0.0361563 2.07629
0.003285 1416.32 0.101617 306587 -0.0407186 0.737909
0.005065 384.668 0.232915 306586 0.00292184 2.76554
0.003945 503.285 0.216121 306587 0.0365991 2.1018
0.003295 1401.71 0.102287 306587 -0.0382444 0.745654
0.003785 630.447 0.199446 306588 0.0267158 1.6723
0.005075 384.806 0.232915 306586 0.00242329 2.76455
0.000595 1818.08 0.0881843 306586 0.0215935 0.570285
0.003955 497.386 0.216919 306587 0.0370189 2.12714
0.003305 1387.42 0.102891 306587 -0.0358407 0.753394
0.003795 620.048 0.200702 306589 0.027703 1.70071
0.005085 384.917 0.232915 306586 0.00190843 2.76376
0.000605 1821.42 0.0877836 306586 0.0215782 0.569252
0.003965 491.67 0.217689 306587 0.0374103 2.15228
0.003315 1373.46 0.103429 306588 -0.0320594 0.761114
0.005095 385 0.232915 306586 0.00137914 2.76316
0.003805 610.79 0.20193 306588 0.0281996 1.72685
0.000615 1824.8 0.087377 306586 0.021561 0.568207
0.003975 486.13 0.218432 306587 0.037769 2.17721
0.001215 2098.12 0.0543138 306586 0.0159039 0.495035
0.005105 385.055 0.232915 306586 0.000847062 2.76276
0.003325 1359.79 0.103921 306571 -0.0449358 0.768794
0.003815 601.723 0.20313 306588 0.0289562 1.75324
0.000625 1828.24 0.0869647 306586 0.0215419 0.567151
0.003985 480.759 0.219147 306587 0.0381149 2.20195
0.005115 385.083 0.232915 306585 0.000277639 2.76256
0.001225 2103.53 0.0536547 306586 0.0157179 0.493779
0.003335 1337.92 0.107154 306589 -0.056278 0.781481
0.003825 592.848 0.204302 306588 0.029688 1.77987
0.004335 393.09 0.231281 306586 0.0351474 2.70384
0.002555 2330.57 0.0223363 306586 -0.056784 0.447507
0.003835 584.165 0.205445 306588 0.0304079 1.80671
0.004345 392.247 0.231392 306586 0.0348302 2.70979
0.004635 381.491 0.232761 306586 0.0231027 2.78822
0.004355 391.431 0.231496 306586 0.0344955 2.71557
0.000635 1831.72 0.0865465 306586 0.0215206 0.566085
0.004365 390.64 0.231594 306586 0.0341481 2.72119
0.004645 381.355 0.232774 306586 0.0226288 2.78924
0.004375 389.871 0.231686 306586 0.0337938 2.72668
0.003995 475.905 0.219835 306587 0.0383405 2.22481
0.004385 389.12 0.231772 306586 0.0334324 2.73206
0.001235 2108.96 0.0529934 306586 0.0155283 0.492525
0.004395 388.55 0.231852 306586 0.0330682 2.73617
0.003345 1316.27 0.110349 306588 -0.0515714 0.794412
0.001245 2114.4 0.0523297 306586 0.0153354 0.491273
0.004405 388 0.231928 306586 0.032709 2.74016
0.004655 381.338 0.232786 306586 0.0221596 2.78938
0.004005 471.213 0.220496 306586 0.0385851 2.24736
0.001255 2119.86 0.0516639 306586 0.0151389 0.490024
0.004415 387.465 0.231998 306586 0.0323402 2.74404
0.003355 1294.93 0.113484 306588 -0.0484399 0.807594
0.004665 381.309 0.232797 306586 0.0217087 2.78962
0.001265 2125.34 0.0509959 306586 0.014939 0.488778
0.004015 466.676 0.221132 306586 0.0387909 2.2696
0.004425 386.945 0.232064 306586 0.0319643 2.74782
0.004675 381.264 0.232807 306586 0.0212466 2.78997
0.003365 1273.9 0.116558 306588 -0.0452108 0.821028
0.001275 2130.84 0.0503257 306586 0.0147356 0.487535
0.004025 462.285 0.221741 306586 0.0389652 2.29155
0.004435 386.436 0.232126 306586 0.0315799 2.75153
0.004685 381.203 0.232817 306586 0.0208032 2.79043
0.003375 1253.17 0.119569 306588 -0.0420254 0.834713
0.004035 458.034 0.222326 306586 0.0391096 2.31321
0.004445 385.936 0.232184 306586 0.0311903 2.75517
0.004695 381.127 0.232825 306586 0.0203194 2.79101
0.003385 1232.75 0.122516 306588 -0.0389083 0.848649
0.004045 453.916 0.222886 306586 0.0392279 2.33457
0.004455 385.441 0.232238 306586 0.0307875 2.75879
0.004705 381.166 0.232833 306586 0.0198468 2.79074
0.003395 1212.65 0.125397 306589 -0.0351497 0.862837
0.004465 385.102 0.232288 306586 0.0303802 2.76129
0.004055 449.926 0.223422 306587 0.0393401 2.35565
0.004715 381.191 0.232841 306586 0.0194122 2.79057
0.003405 1192.86 0.128213 306592 -0.0341552 0.877288
0.004475 384.767 0.232335 306586 0.0299783 2.76377
0.004725 381.202 0.232847 306586 0.0189408 2.79051
0.004065 446.38 0.223935 306586 0.0393868 2.37473
0.003415 1173.39 0.130962 306588 -0.0292134 0.891973
0.004735 381.197 0.232854 306586 0.0184742 2.79056
0.004075 442.963 0.224425 306586 0.0394529 2.39341
0.003425 1154.22 0.133645 306589 -0.0270515 0.90693
0.004745 381.177 0.232859 306586 0.0180278 2.79072
0.004085 439.67 0.224893 306586 0.039496 2.41169
0.004755 381.142 0.232865 306586 0.0175598 2.79099
0.003435 1135.35 0.136263 306589 -0.0242916 0.922153
0.004095 436.496 0.225339 306586 0.0395175 2.42956
0.004765 381.222 0.232869 306586 0.0170807 2.79042
0.003445 1116.78 0.138816 306589 -0.0216623 0.937648
0.004105 433.437 0.225765 306586 0.0395151 2.44705
0.004775 381.288 0.232874 306586 0.0166456 2.78995
0.003455 1098.49 0.141305 306589 -0.0191324 0.953426
0.004115 430.486 0.22617 306586 0.0394882 2.46415
0.004785 381.338 0.232878 306586 0.0161856 2.78959
0.003465 1080.47 0.143732 306589 -0.0167107 0.969496
0.004795 381.372 0.232881 306586 0.0157321 2.78934
0.004125 427.637 0.226556 306586 0.039437 2.48089
0.003475 1062.72 0.146098 306589 -0.0143956 0.985871
0.004135 424.883 0.226923 306586 0.0393754 2.49728
0.003485 1045.22 0.148404 306589 -0.0121844 1.00256
0.004145 422.481 0.227272 306586 0.0392597 2.51178
0.003495 1027.97 0.150654 306589 -0.0100731 1.01959
0.004155 420.174 0.227604 306586 0.0392171 2.52587
0.003505 1010.94 0.152849 306589 -0.00805725 1.03695
0.003515 994.139 0.154992 306589 -0.00612089 1.05468
