0.001605 2333.13 0.026502 310926 -0.00903235 0.452064
0.001615 2338.78 0.0258108 310926 -0.00938328 0.45099
0.001625 2344.42 0.0251195 310926 -0.00973842 0.449921
0.001635 2350.06 0.0244283 310926 -0.0100978 0.448857
0.001645 2355.7 0.023737 310926 -0.0104614 0.447799
0.001655 2361.34 0.0230459 310926 -0.0108292 0.446746
0.001665 2366.97 0.022355 310926 -0.0112013 0.445699
0.001675 2372.6 0.0216642 310926 -0.0115777 0.444657
0.001685 2378.23 0.0209738 310926 -0.0119583 0.443621
0.001695 2383.86 0.0202836 310926 -0.0123432 0.44259
0.001705 2389.48 0.0195939 310926 -0.0127324 0.441565
0.001715 2395.1 0.0189045 310926 -0.013126 0.440545
0.001725 2400.71 0.0182157 310926 -0.0135238 0.439532
0.001735 2406.32 0.0175273 310926 -0.0139261 0.438523
0.001745 2411.92 0.0168396 310926 -0.0143327 0.437521
0.001755 2417.51 0.0161525 310926 -0.0147437 0.436524
0.001765 2423.1 0.0154661 310926 -0.0151591 0.435532
0.001775 2428.68 0.0147804 310926 -0.0155791 0.434547
0.001785 2434.26 0.0140955 310926 -0.0160035 0.433567
0.001795 2439.83 0.0134115 310926 -0.0164324 0.432593
0.001805 2445.38 0.0127284 310926 -0.0168715 0.431625
0.001815 2450.93 0.0120462 310926 -0.0171506 0.430663
0.001825 2456.38 0.0113723 310915 -0.0221222 0.429708
0.001835 2458.33 0.0110518 310926 -0.027068 0.429398
0.001845 2460.18 0.0107385 310926 -0.0273304 0.429088
0.001855 2462.03 0.0104252 310926 -0.0277646 0.428779
0.001865 2463.89 0.010112 310926 -0.0281945 0.42847
0.001875 2465.75 0.00979888 310926 -0.0286259 0.428161
0.001885 2467.6 0.00948594 310926 -0.0290586 0.427853
0.001895 2469.46 0.00917317 310926 -0.0294925 0.427545
0.001905 2471.32 0.0088606 310926 -0.0299278 0.427237
0.001915 2473.18 0.00854827 310926 -0.0303642 0.426929
0.000965 1991.39 0.0680799 310926 0.00554223 0.528458
5e-06 1740.85 0.0981161 310926 0.00875373 0.603563
0.001285 2154.88 0.0482635 310926 7.17215e-05 0.488886
0.003525 1037.57 0.148316 310929 -0.0164477 1.02404
1.5e-05 1740.91 0.0981092 310926 0.00874665 0.603543
0.000975 1996.12 0.0675088 310926 0.00541954 0.527222
0.001295 2160.31 0.0476032 310926 -0.000153967 0.487675
0.003535 1019.37 0.150652 310929 -0.0140319 1.04253
2.5e-05 1741.02 0.0980954 310926 0.00874143 0.603503
0.000985 2000.88 0.066934 310926 0.00529392 0.525985
0.001305 2165.75 0.0469411 310926 -0.000383208 0.486468
0.003545 1001.39 0.152948 310929 -0.0116078 1.06144
3.5e-05 1741.2 0.0980745 310926 0.00873721 0.603443
0.000995 2005.67 0.0663556 310926 0.00516537 0.524745
0.001315 2171.21 0.0462771 310926 -0.000616027 0.485263
0.003555 983.653 0.155202 310929 -0.00940706 1.0808
4.5e-05 1741.43 0.0980468 310926 0.00873388 0.603363
0.001005 2010.48 0.0657736 310926 0.00503386 0.523505
0.001325 2176.67 0.0456115 310926 -0.000852447 0.484061
0.003565 966.142 0.157415 310929 -0.00739469 1.10061
5.5e-05 1741.72 0.0980121 310926 0.00873134 0.603263
0.001015 2015.33 0.065188 310926 0.00489936 0.522263
0.003575 948.859 0.159587 310929 -0.005432 1.12088
0.001335 2182.15 0.0449442 310926 -0.00109249 0.482863
6.5e-05 1742.07 0.0979705 310926 0.00872951 0.603143
0.001025 2020.2 0.0645991 310926 0.00476186 0.52102
0.003585 931.8 0.161717 310929 -0.00349952 1.14164
7.5e-05 1742.48 0.0979219 310926 0.00872831 0.603003
0.001345 2187.65 0.0442752 310926 -0.00133619 0.481668
0.001035 2025.1 0.0640067 310926 0.00462134 0.519776
0.003595 914.964 0.163806 310929 -0.00162255 1.16289
8.5e-05 1742.95 0.0978664 310926 0.00872766 0.602843
0.001355 2193.15 0.0436048 310926 -0.00158356 0.480477
0.001045 2030.02 0.063411 310926 0.00447777 0.518532
0.003605 898.343 0.165854 310929 0.000191212 1.18466
9.5e-05 1743.47 0.0978039 310926 0.00872747 0.602664
0.001365 2198.66 0.0429328 310926 -0.00183463 0.479289
0.001055 2034.97 0.062812 310926 0.00433115 0.517287
0.003615 881.933 0.16786 310930 0.00194309 1.20696
0.000105 1744.06 0.0977345 310926 0.00872768 0.602464
0.001375 2204.19 0.0422594 310926 -0.00208943 0.478105
0.001065 2039.95 0.0622098 310926 0.00418144 0.516042
0.003625 865.728 0.169826 310930 0.00363526 1.22982
0.000115 1744.7 0.0976581 310926 0.00872823 0.602244
0.001385 2209.72 0.0415846 310926 -0.00234798 0.476925
0.001075 2044.95 0.0616044 310926 0.00402864 0.514796
0.003635 849.719 0.171751 310930 0.00535495 1.25327
0.000125 1745.4 0.0975748 310926 0.00872904 0.602005
0.001395 2215.27 0.0409084 310926 -0.0026103 0.475749
0.001085 2049.98 0.0609959 310926 0.00387271 0.513551
0.003645 833.906 0.173637 310932 0.00735239 1.27733
0.000325 1771.53 0.0944638 310926 0.00872828 0.593219
0.000135 1746.16 0.0974845 310926 0.00873005 0.601746
0.001405 2220.82 0.040231 310926 -0.00287643 0.474576
0.001095 2055.03 0.0603844 310926 0.00371366 0.512306
0.003655 820.054 0.175483 310929 0.00834862 1.29918
0.000145 1746.98 0.0973874 310926 0.00873122 0.601468
0.001415 2226.39 0.0395524 310926 -0.00314638 0.473408
0.001105 2060.1 0.0597699 310926 0.00355145 0.511061
0.003665 806.437 0.177288 310929 0.0098047 1.32141
0.000155 1747.85 0.0972833 310926 0.00873248 0.60117
0.001425 2231.96 0.0388726 310926 -0.00342018 0.472243
0.001115 2065.2 0.0591524 310926 0.00338607 0.509817
0.003675 793.045 0.179053 310929 0.0112071 1.34403
0.000165 1748.78 0.0971722 310926 0.0087338 0.600852
0.000335 1773.43 0.094237 310926 0.00872437 0.592589
0.001435 2237.54 0.0381918 310926 -0.00369786 0.471083
0.001125 2070.32 0.0585321 310926 0.00321751 0.508574
0.003685 779.874 0.180778 310929 0.0125923 1.36704
0.000175 1749.78 0.0970543 310926 0.00873512 0.600515
0.000345 1775.39 0.0940036 310926 0.00871983 0.591943
0.001445 2243.12 0.0375098 310926 -0.00397944 0.469927
0.001135 2075.46 0.057909 310926 0.00304574 0.507331
0.003695 766.921 0.182465 310929 0.0139575 1.39044
0.000185 1750.82 0.0969294 310926 0.00873639 0.600159
0.000355 1777.4 0.0937636 310926 0.00871461 0.591279
0.001455 2248.71 0.0368269 310926 -0.00426494 0.468775
0.001145 2080.62 0.0572831 310926 0.00287074 0.506089
0.003705 754.184 0.184114 310929 0.0152608 1.41425
0.000195 1751.93 0.0967977 310926 0.00873759 0.599784
0.000365 1779.47 0.093517 310926 0.00870867 0.590599
0.001465 2254.31 0.0361431 310926 -0.00455438 0.467628
0.001155 2085.8 0.0566545 310926 0.00269251 0.504849
0.003715 741.66 0.185727 310929 0.0164163 1.43846
0.000205 1753.1 0.0966591 310926 0.00873866 0.59939
0.000375 1781.59 0.0932638 310926 0.00870198 0.589903
0.001475 2259.92 0.0354583 310926 -0.0048478 0.466485
0.001165 2091.01 0.0560232 310926 0.00251101 0.503609
0.003725 729.346 0.187303 310929 0.0173712 1.46307
0.000215 1754.32 0.0965136 310926 0.00873956 0.598976
0.000385 1783.77 0.0930041 310926 0.00869449 0.589191
0.001485 2265.53 0.0347728 310926 -0.00514521 0.465347
0.001175 2096.23 0.0553894 310926 0.00232624 0.502372
0.003735 717.239 0.188844 310928 0.0181972 1.4881
0.000225 1755.6 0.0963613 310926 0.00874027 0.598544
0.000395 1786 0.0927379 310926 0.00868617 0.588463
0.001495 2271.15 0.0340864 310926 -0.00544663 0.464214
0.001185 2101.48 0.0547531 310926 0.00213817 0.501135
0.003745 705.338 0.190351 310928 0.0190786 1.51355
0.000235 1756.93 0.0962021 310926 0.00874074 0.598093
0.000405 1788.28 0.0924652 310926 0.00867699 0.587719
0.001505 2276.77 0.0333994 310926 -0.00575208 0.463085
0.001195 2106.74 0.0541143 310926 0.00194678 0.499901
0.003755 693.639 0.191824 310928 0.020172 1.53943
0.000245 1758.33 0.096036 310926 0.00874093 0.597624
0.002245 2456.73 0.00936219 310926 -0.0558835 0.430182
0.000415 1790.62 0.092186 310926 0.00866689 0.586959
0.001205 2112.02 0.0534731 310926 0.00175206 0.498668
0.003765 682.14 0.193264 310928 0.0214664 1.56573
0.001515 2282.39 0.0327117 310926 -0.00606159 0.46196
0.000255 1759.78 0.0958632 310926 0.00874082 0.597136
0.000645 1858.53 0.0840636 310926 0.00808895 0.565752
0.000425 1793.02 0.0919004 310926 0.00865584 0.586185
0.001215 2117.32 0.0528295 310926 0.00155398 0.497437
0.001925 2475.04 0.00823619 310926 -0.030802 0.426622
0.003775 670.838 0.194671 310928 0.0227955 1.59247
0.000265 1761.29 0.0956835 310926 0.00874036 0.59663
0.001525 2288.02 0.0320234 310926 -0.00637516 0.460841
0.000435 1795.46 0.0916084 310926 0.00864379 0.585395
0.000655 1862.06 0.0836405 310926 0.00804468 0.564692
0.001225 2122.64 0.0521836 310926 0.00135253 0.496208
0.002255 2455.13 0.00955092 310926 -0.0562536 0.430473
0.001935 2476.9 0.00792441 310926 -0.0312409 0.426315
0.003785 659.73 0.196047 310929 0.0239847 1.61965
0.000275 1762.85 0.0954971 310926 0.00873951 0.596106
0.001535 2293.65 0.0313346 310926 -0.00669283 0.459726
0.000445 1797.96 0.09131 310926 0.00863072 0.58459
0.001235 2127.97 0.0515356 310926 0.00114768 0.494982
0.000665 1865.64 0.083212 310926 0.00799849 0.563623
0.002265 2453.54 0.00973922 310926 -0.0566225 0.430762
0.001945 2478.76 0.00761295 310926 -0.0316812 0.426008
0.003795 648.81 0.197392 310929 0.0249782 1.64727
0.000285 1764.48 0.0953039 310926 0.00873825 0.595564
0.001545 2299.29 0.0306453 310926 -0.00701461 0.458616
0.000455 1800.51 0.0910053 310926 0.00861657 0.583771
0.001245 2133.32 0.0508853 310926 0.000939408 0.493758
0.000675 1869.25 0.082778 310926 0.00795033 0.562544
0.002275 2451.95 0.00992708 310926 -0.05699 0.431051
0.000295 1766.15 0.0951039 310926 0.00873653 0.595004
0.001955 2480.62 0.00730184 310926 -0.0321227 0.425702
0.003805 638.073 0.198706 310929 0.0258696 1.67536
0.001555 2304.93 0.0299555 310926 -0.00734051 0.457512
0.000465 1803.12 0.0906944 310926 0.00860131 0.582937
0.001255 2138.69 0.0502329 310926 0.000727701 0.492536
0.000685 1872.92 0.0823387 310926 0.00790016 0.561457
0.002285 2450.38 0.0101145 310926 -0.0573562 0.431339
0.000305 1767.89 0.0948972 310926 0.00873432 0.594426
0.001965 2482.48 0.00699111 310926 -0.0325655 0.425397
0.003815 627.515 0.19999 310929 0.0268673 1.70394
0.001565 2310.57 0.0292653 310926 -0.00767054 0.456412
0.000475 1805.77 0.0903771 310926 0.0085849 0.582089
0.001265 2144.07 0.0495784 310926 0.000512532 0.491317
0.002295 2448.81 0.0103014 310926 -0.057721 0.431626
0.000695 1876.62 0.0818941 310926 0.00784795 0.560362
0.000315 1769.68 0.0946838 310926 0.00873158 0.593831
0.003825 618.043 0.201242 310928 0.027403 1.73042
0.001975 2484.35 0.00668078 310926 -0.0330096 0.425091
0.000485 1808.48 0.0900536 310926 0.00856729 0.581228
0.001575 2316.21 0.0285749 310926 -0.00800473 0.455317
0.001275 2149.47 0.0489219 310926 0.00029388 0.4901
0.002565 2339.32 0.0224421 310926 -0.0720015 0.452071
0.004805 382.445 0.232876 310926 0.0153645 2.82089
0.004815 382.467 0.232879 310926 0.0149046 2.82073
0.004485 386.32 0.232265 310926 0.0295801 2.7915
0.004825 382.474 0.232883 310926 0.0144239 2.82069
0.002575 2335.05 0.0229129 310926 -0.072166 0.452904
0.004835 382.588 0.232886 310926 0.0139286 2.81985
0.002885 2113.01 0.0443999 310927 -0.0951352 0.500692
0.004845 382.682 0.232889 310926 0.0134647 2.81917
0.004855 382.752 0.232892 310926 0.0129788 2.81866
0.002895 2096.61 0.0458316 310927 -0.0946505 0.504612
0.003845 599.693 0.203657 310928 0.0289277 1.78415
0.002585 2330.82 0.0233809 310926 -0.072326 0.453736
0.004865 382.8 0.232894 310926 0.0125003 2.81832
0.002905 2080.21 0.0472567 310927 -0.0941469 0.508593
0.004495 385.962 0.232313 310926 0.0291796 2.79416
0.004875 382.826 0.232896 310926 0.0120076 2.81813
0.004165 424.88 0.227083 310927 0.0384295 2.53271
0.002915 2063.82 0.0486749 310927 -0.0936221 0.512636
0.004885 382.956 0.232898 310926 0.0115178 2.81718
0.002925 2047.44 0.0500856 310927 -0.0930756 0.516743
0.004895 383.066 0.2329 310926 0.0110562 2.81637
0.004175 422.491 0.227425 310926 0.038325 2.54733
0.002595 2326.6 0.0238459 310926 -0.072482 0.454565
0.002935 2031.06 0.0514884 310927 -0.0925086 0.520913
0.004905 383.157 0.232902 310926 0.0105831 2.81571
0.004505 385.609 0.232358 310926 0.0287749 2.79679
0.003855 590.806 0.204818 310928 0.029641 1.81138
0.004185 420.196 0.22775 310927 0.0382702 2.56155
0.004915 383.227 0.232903 310926 0.0100948 2.8152
0.002945 2014.7 0.0528826 310927 -0.0919222 0.525148
0.003205 1610.69 0.0834996 310927 -0.062955 0.657302
0.004925 383.397 0.232905 310926 0.00960804 2.81396
0.004195 417.991 0.228058 310926 0.037476 2.57534
0.002955 1998.36 0.0542676 310927 -0.0913102 0.529448
0.002605 2322.41 0.0243078 310926 -0.0726343 0.455393
0.002305 2447.25 0.0104879 310926 -0.0580842 0.431911
0.004935 383.547 0.232906 310926 0.00913725 2.81287
0.004515 385.26 0.2324 310926 0.0283644 2.79939
0.004205 415.874 0.22835 310922 0.0393197 2.5887
0.002965 1982.03 0.0556428 310927 -0.0906543 0.533814
0.003865 582.109 0.20595 310928 0.0303257 1.83884
0.002315 2445.7 0.0106738 310926 -0.0584512 0.432196
0.004945 383.675 0.232907 310926 0.00865434 2.81193
0.004215 413.841 0.228627 310927 0.0372021 2.60172
0.002975 1965.73 0.0570075 310927 -0.089927 0.538247
0.002615 2318.25 0.0247665 310926 -0.0727835 0.456219
0.003215 1596.83 0.0843439 310927 -0.0612849 0.663043
0.004525 384.913 0.232439 310926 0.0279532 2.80198
0.004955 383.781 0.232908 310926 0.00817525 2.81115
0.002325 2444.15 0.0108592 310926 -0.0586649 0.432479
0.002985 1949.46 0.058361 310927 -0.0891075 0.542746
0.004225 411.888 0.228889 310926 0.0377294 2.61432
0.000705 1880.37 0.0814442 310926 0.00779366 0.559258
0.004965 383.865 0.232909 310926 0.00768197 2.81054
0.002995 1933.22 0.0597025 310927 -0.0882012 0.547312
0.004235 410.01 0.229138 310926 0.0375048 2.62654
0.002335 2442.54 0.0110503 310917 -0.0630089 0.432762
0.002625 2314.11 0.0252219 310926 -0.07293 0.457042
0.003875 573.6 0.207052 310928 0.0309966 1.86652
0.003225 1583.17 0.0851552 310927 -0.0595685 0.668801
0.003005 1917.02 0.0610312 310927 -0.0872478 0.551945
0.004975 384.043 0.23291 310926 0.00719031 2.80924
0.004245 408.201 0.229372 310927 0.0373292 2.63842
0.002345 2437.96 0.0115555 310926 -0.0672904 0.433596
0.004535 384.565 0.232476 310926 0.0275272 2.80457
0.003015 1900.86 0.0623462 310927 -0.0863061 0.556645
0.004985 384.198 0.23291 310926 0.00671103 2.80811
0.004255 406.652 0.229594 310926 0.0371106 2.64871
0.002355 2433.32 0.012066 310926 -0.067402 0.434432
0.000495 1811.24 0.089724 310926 0.00854844 0.580352
0.003025 1884.75 0.0636469 310927 -0.0854209 0.561411
0.004995 384.33 0.232911 310926 0.00622543 2.80715
0.004265 405.166 0.229804 310926 0.03689 2.65865
0.000715 1884.16 0.0809892 310926 0.00773725 0.558146
0.002365 2428.69 0.0125755 310926 -0.0676679 0.435269
0.002635 2310 0.0256739 310926 -0.0730744 0.457863
0.003885 565.284 0.208125 310928 0.0316744 1.89438
0.003035 1868.69 0.0649321 310927 -0.0845955 0.566244
0.000505 1814.05 0.0893882 310926 0.00852831 0.579464
0.003235 1569.72 0.0859326 310927 -0.0578025 0.67457
0.005005 384.437 0.232912 310926 0.0057289 2.80637
0.004275 403.737 0.230002 310926 0.0366518 2.66827
0.004545 384.358 0.23251 310926 0.0270986 2.80614
0.002375 2424.07 0.0130838 310926 -0.0679254 0.436108
0.003045 1852.69 0.0662012 310927 -0.0837888 0.571143
0.000515 1816.91 0.0890463 310926 0.00850686 0.578562
0.000725 1888 0.0805289 310926 0.0076787 0.557026
0.005015 384.63 0.232912 310926 0.00523329 2.80496
0.004285 402.363 0.230188 310926 0.0364005 2.6776
0.002385 2419.47 0.013591 310926 -0.0681799 0.436947
0.003055 1836.77 0.067453 310927 -0.0829397 0.576107
0.002645 2305.91 0.0261225 310926 -0.0732173 0.458681
0.000525 1819.82 0.0886983 310926 0.00848404 0.577647
0.003895 557.17 0.209168 310928 0.0323784 1.92238
0.005025 384.798 0.232913 310926 0.00474634 2.80374
0.004295 401.038 0.230364 310926 0.036137 2.68664
0.002395 2414.87 0.0140969 310926 -0.0684311 0.437786
0.003245 1556.49 0.0866757 310927 -0.0559829 0.680344
0.004555 384.149 0.232541 310926 0.0266791 2.80772
0.003065 1820.91 0.0686866 310927 -0.0820007 0.581135
0.000535 1822.78 0.0883442 310926 0.00845983 0.576719
0.000735 1891.87 0.0800636 310926 0.00761795 0.555899
0.005035 384.941 0.232913 310926 0.00425457 2.8027
0.004305 399.759 0.23053 310926 0.0358618 2.69543
0.002405 2410.3 0.0146016 310926 -0.0686786 0.438627
0.002655 2301.85 0.0265674 310926 -0.0733593 0.459497
0.000545 1825.79 0.0879842 310926 0.00843416 0.575779
0.003075 1805.13 0.0699012 310927 -0.0809571 0.586227
0.005045 385.058 0.232913 310926 0.00375361 2.80185
0.004315 398.523 0.230687 310926 0.0355758 2.70397
0.002415 2405.73 0.0151049 310926 -0.0689222 0.439468
0.003905 549.273 0.210182 310928 0.0331034 1.95042
0.003255 1543.5 0.0873837 310927 -0.0541046 0.686114
0.000555 1828.85 0.0876182 310926 0.00840701 0.574827
0.003085 1789.45 0.0710956 310927 -0.0798247 0.59138
0.005055 385.252 0.232914 310926 0.00325338 2.80044
0.004565 383.937 0.23257 310926 0.0262483 2.80932
0.004325 397.325 0.230834 310927 0.0352809 2.7123
0.002425 2401.18 0.0156068 310926 -0.0691619 0.440309
0.000745 1895.79 0.0795933 310926 0.00755498 0.554765
0.002665 2297.82 0.0270087 310926 -0.0735009 0.460311
0.000565 1831.96 0.0872463 310926 0.00837833 0.573863
0.003095 1773.85 0.072269 310927 -0.0786303 0.596594
0.005065 385.42 0.232914 310926 0.00276016 2.79922
0.003915 541.6 0.211168 310928 0.033809 1.97847
0.003265 1530.76 0.0880562 310927 -0.0521619 0.691873
0.004335 396.346 0.230972 310926 0.0349761 2.71917
0.002435 2396.65 0.0161073 310926 -0.0693972 0.441151
0.000575 1835.11 0.0868686 310926 0.00834808 0.572887
0.003105 1758.36 0.0734202 310927 -0.077395 0.601867
0.004575 383.72 0.232598 310926 0.0258127 2.81096
0.005075 385.56 0.232914 310926 0.00226071 2.7982
0.000755 1899.75 0.0791179 310926 0.00748976 0.553623
0.004345 395.405 0.231102 310926 0.0346746 2.7258
0.002445 2392.13 0.0166062 310926 -0.0696281 0.441993
0.000585 1838.32 0.086485 310926 0.00831622 0.5719
0.002675 2293.82 0.0274463 310926 -0.073643 0.461121
0.003115 1742.97 0.0745483 310927 -0.0761269 0.607197
0.005085 385.673 0.232914 310926 0.00176093 2.79738
0.003925 534.141 0.212124 310928 0.0344742 2.00651
0.004355 394.499 0.231224 310926 0.0343632 2.73221
0.003275 1518.28 0.0886926 310927 -0.0501482 0.69761
0.002455 2387.62 0.0171035 310926 -0.0698543 0.442835
0.000595 1841.57 0.0860956 310926 0.00828271 0.570901
0.003125 1727.7 0.0756523 310927 -0.0748245 0.612581
0.005095 385.758 0.232914 310926 0.00126099 2.79677
0.004585 383.497 0.232623 310926 0.0253815 2.81264
0.004365 393.627 0.231339 310926 0.0340443 2.73841
0.003835 608.771 0.202465 310928 0.0281846 1.75716
0.000765 1903.74 0.0786376 310926 0.00742225 0.552475
0.002465 2383.14 0.0175991 310926 -0.0700757 0.443678
0.000605 1844.87 0.0857005 310926 0.0082475 0.569892
0.002685 2289.84 0.02788 310926 -0.0737862 0.461929
0.003135 1712.56 0.0767311 310927 -0.0734835 0.618019
0.005105 385.815 0.232914 310926 0.000769414 2.79636
0.004375 392.786 0.231447 310926 0.0337171 2.74441
0.004385 391.973 0.231548 310926 0.0333801 2.75024
0.004395 391.184 0.231643 310926 0.0330336 2.75591
0.004405 390.416 0.231732 310927 0.0326743 2.76145
0.004415 389.824 0.231815 310926 0.0323053 2.76576
0.004425 389.249 0.231893 310926 0.031936 2.76996
0.004435 388.687 0.231966 310926 0.0315545 2.77406
0.004445 388.136 0.232034 310926 0.0311656 2.77809
0.004455 387.594 0.232098 310926 0.0307737 2.78207
0.004465 387.059 0.232157 310926 0.0303734 2.78601
0.004475 386.685 0.232213 310926 0.0299726 2.78878
0.001985 2486.21 0.00637089 310926 -0.033455 0.424786
0.001995 2488.07 0.00606146 310926 -0.0339048 0.424482
0.002005 2489.93 0.00575253 310926 -0.0342459 0.424178
0.002015 2491.74 0.00544915 310921 -0.0377624 0.423876
0.002025 2491.82 0.00537995 310926 -0.041124 0.423881
0.002035 2491.81 0.00532084 310921 -0.0447151 0.423888
0.002045 2490.12 0.00551165 310926 -0.0483744 0.424193
0.002055 2488.4 0.00570729 310926 -0.0486393 0.424499
0.002065 2486.67 0.00590262 310926 -0.0490324 0.424804
0.002075 2484.96 0.00609762 310926 -0.049421 0.425108
0.002085 2483.25 0.00629231 310926 -0.049809 0.425412
0.001585 2321.85 0.0278841 310926 -0.00834309 0.454227
0.002095 2481.55 0.00648669 310926 -0.0501961 0.425716
0.002105 2479.85 0.00668074 310926 -0.0505824 0.426019
0.002115 2478.16 0.00687448 310926 -0.0509677 0.426321
0.002125 2476.47 0.0070679 310926 -0.0513521 0.426622
0.001595 2327.49 0.0271932 310926 -0.00868562 0.453143
0.002135 2474.79 0.007261 310926 -0.0517356 0.426923
0.002145 2473.11 0.00745377 310926 -0.052118 0.427223
0.003935 527.383 0.213051 310927 0.0348341 2.03264
0.002155 2471.45 0.00764621 310926 -0.0524995 0.427523
0.002475 2378.67 0.0180929 310926 -0.070292 0.44452
0.002165 2469.78 0.00783831 310926 -0.0528799 0.427822
0.002175 2468.13 0.00803008 310926 -0.0532592 0.42812
0.002485 2374.22 0.0185849 310926 -0.0705032 0.445362
0.003945 520.796 0.213949 310927 0.0352236 2.05876
0.002185 2466.48 0.00822149 310926 -0.0536375 0.428417
0.002495 2369.78 0.0190749 310926 -0.0707091 0.446203
0.002195 2464.84 0.00841255 310926 -0.0540147 0.428713
0.003955 514.366 0.214819 310927 0.0355758 2.08491
0.002505 2365.37 0.0195629 310926 -0.0709097 0.447044
0.002205 2463.2 0.00860324 310926 -0.0543908 0.429009
0.003965 508.093 0.21566 310927 0.0359199 2.11107
0.002515 2360.97 0.0200487 310926 -0.0711049 0.447885
0.002215 2461.57 0.00879356 310926 -0.0547657 0.429303
0.003975 501.977 0.216472 310927 0.0362509 2.13721
0.002525 2356.6 0.0205323 310926 -0.0712947 0.448724
0.002225 2459.95 0.0089835 310926 -0.0551395 0.429597
0.003985 496.018 0.217257 310927 0.0365684 2.1633
0.002535 2352.25 0.0210135 310926 -0.0714792 0.449563
0.002235 2458.34 0.00917305 310926 -0.0555121 0.42989
0.003995 490.211 0.218015 310928 0.0369082 2.18934
0.002545 2347.91 0.0214923 310926 -0.0716584 0.4504
0.004005 485.046 0.218744 310927 0.0371083 2.21306
0.003285 1506.07 0.0892926 310927 -0.0480477 0.703314
0.004015 480.043 0.219447 310927 0.0373719 2.23654
0.000615 1848.22 0.0852997 310926 0.00821056 0.568872
0.004025 475.199 0.220123 310927 0.0376105 2.25974
0.000625 1851.61 0.0848932 310926 0.00817185 0.567842
0.004035 470.512 0.220773 310927 0.0378275 2.28266
0.000635 1855.05 0.0844812 310926 0.00813133 0.566802
0.003295 1494.16 0.0898556 310927 -0.045987 0.708973
0.004045 465.976 0.221397 310927 0.0380183 2.30527
0.004595 383.266 0.232646 310926 0.0249321 2.81438
0.004055 461.586 0.221996 310927 0.0381809 2.32759
0.003145 1697.55 0.0777839 310927 -0.0721014 0.623506
0.004065 457.337 0.222571 310927 0.0383161 2.3496
0.005115 385.843 0.232915 310926 0.000251463 2.79615
0.003155 1682.67 0.0788096 310927 -0.0706777 0.629041
0.004075 453.221 0.223121 310927 0.0384431 2.37133
0.000775 1907.78 0.0781524 310926 0.00735241 0.55132
0.002695 2285.89 0.0283098 310926 -0.073931 0.462735
0.004085 449.561 0.223647 310927 0.0384984 2.39101
0.000785 1911.86 0.0776624 310926 0.00728021 0.550159
0.002555 2343.6 0.0219685 310926 -0.0718324 0.451236
0.004095 446.033 0.224151 310927 0.0385728 2.41029
0.002705 2281.96 0.0287356 310926 -0.0740782 0.463537
0.000795 1915.97 0.0771676 310926 0.00720562 0.548992
0.004105 442.634 0.224632 310927 0.0386228 2.42916
0.003305 1482.57 0.0903815 310928 -0.0425858 0.714576
0.004115 439.358 0.225091 310927 0.0386501 2.44763
0.004605 383.164 0.232668 310926 0.0244834 2.81516
0.003315 1471.18 0.0908926 310902 -0.0558965 0.720109
0.004125 436.2 0.225529 310927 0.0386529 2.4657
0.004615 383.055 0.232688 310926 0.0240512 2.816
0.003325 1448.42 0.0939238 310929 -0.0678454 0.731547
0.003165 1667.95 0.0798072 310927 -0.0692136 0.634619
0.004135 433.152 0.225947 310927 0.0386307 2.48338
0.004625 382.939 0.232706 310926 0.0236071 2.81689
0.003335 1425.78 0.0969488 310928 -0.0635757 0.743229
0.003175 1653.38 0.080776 310927 -0.0677097 0.640239
0.004145 430.21 0.226344 310927 0.0385842 2.5007
0.003345 1403.38 0.0999454 310928 -0.0605495 0.755166
0.004635 382.813 0.232724 310926 0.0231591 2.81785
0.003185 1638.97 0.0817148 310927 -0.0661659 0.645895
0.004155 427.366 0.226723 310927 0.0385254 2.51767
0.000805 1920.12 0.0766681 310926 0.0071286 0.547819
0.003355 1381.21 0.102913 310928 -0.0567938 0.767365
0.003195 1624.74 0.082623 310927 -0.0645814 0.651585
0.002715 2278.07 0.0291573 310926 -0.0742283 0.464337
0.004645 382.677 0.232739 310926 0.0227222 2.81888
0.000815 1924.31 0.0761639 310926 0.00704914 0.546641
0.002725 2274.2 0.029575 310926 -0.0743819 0.465133
0.003365 1359.26 0.105851 310928 -0.0530383 0.779837
0.004655 382.529 0.232754 310926 0.0222539 2.82
0.000825 1928.54 0.0756552 310926 0.00696718 0.545457
0.002735 2270.35 0.0299884 310926 -0.0745395 0.465928
0.004665 382.501 0.232768 310926 0.0217872 2.82024
0.003375 1337.53 0.10876 310928 -0.0502866 0.792592
0.000835 1932.81 0.0751418 310926 0.00688271 0.544268
0.002745 2266.53 0.0303976 310926 -0.0747015 0.466719
0.004675 382.461 0.23278 310926 0.0213421 2.82056
0.000845 1937.11 0.074624 310926 0.00679569 0.543075
0.003385 1316.02 0.111637 310928 -0.0485251 0.805641
0.002755 2262.74 0.0308025 310926 -0.0748684 0.467507
0.000855 1941.45 0.0741017 310926 0.00670609 0.541876
0.004685 382.408 0.232792 310926 0.0208825 2.82097
0.003395 1294.73 0.114483 310929 -0.0467632 0.818992
0.002765 2258.97 0.031203 310926 -0.0750404 0.468293
0.000865 1945.82 0.073575 310926 0.00661388 0.540674
0.004695 382.34 0.232802 310926 0.0204419 2.82149
0.003405 1273.65 0.117297 310929 -0.0444228 0.832654
0.002775 2255.23 0.0315991 310926 -0.0752167 0.469077
0.000875 1950.23 0.073044 310926 0.00651903 0.539467
0.004705 382.258 0.232812 310926 0.0199585 2.82212
0.002785 2251.5 0.0319907 310926 -0.0754245 0.469858
0.003415 1252.78 0.120078 310929 -0.0417675 0.846637
0.000885 1954.67 0.0725088 310926 0.00642152 0.538257
0.004715 382.291 0.232821 310926 0.0194895 2.82189
0.002795 2247.81 0.0323778 310927 -0.0750722 0.470636
0.003425 1232.12 0.122826 310929 -0.0392072 0.860949
0.000895 1959.15 0.0719693 310926 0.00632132 0.537043
0.004725 382.31 0.232829 310926 0.0190431 2.82177
0.002805 2243.86 0.0327782 310890 -0.0870815 0.471416
0.003435 1211.67 0.12554 310929 -0.0360631 0.8756
0.000905 1963.66 0.0714257 310926 0.00621839 0.535825
0.004735 382.314 0.232837 310926 0.0185729 2.82176
0.002815 2227.76 0.0342302 310927 -0.0987389 0.47488
0.000915 1968.2 0.070878 310926 0.00611272 0.534604
0.003445 1191.44 0.128219 310933 -0.0356832 0.890608
0.004745 382.304 0.232844 310926 0.0180971 2.82185
0.000925 1972.77 0.0703262 310926 0.00600427 0.53338
0.002825 2211.38 0.0356966 310927 -0.097741 0.4784
0.003455 1171.42 0.130862 310929 -0.031265 0.905953
0.004755 382.277 0.23285 310926 0.0176551 2.82206
0.000935 1977.38 0.0697704 310926 0.00589302 0.532153
0.002835 2194.99 0.037159 310927 -0.0973538 0.481975
0.003465 1151.63 0.133469 310929 -0.0295583 0.92167
0.004765 382.235 0.232856 310926 0.0171789 2.82239
0.000945 1982.02 0.0692108 310926 0.00577895 0.530924
0.002845 2178.6 0.038617 310927 -0.0969308 0.485604
0.003475 1132.05 0.13604 310929 -0.0271708 0.937758
0.000955 1986.69 0.0686472 310926 0.00566202 0.529692
0.004775 382.305 0.232862 310926 0.0166978 2.82188
0.002855 2162.2 0.0400705 310927 -0.0964998 0.489289
0.003485 1112.7 0.138572 310929 -0.0248054 0.954225
0.004785 382.364 0.232867 310926 0.0162649 2.82146
0.002865 2145.81 0.041519 310927 -0.0960579 0.493031
0.003495 1093.57 0.141067 310929 -0.0225286 0.971079
0.004795 382.41 0.232871 310926 0.0158122 2.82113
0.002875 2129.41 0.0429623 310927 -0.0956037 0.496832
0.003505 1074.68 0.143523 310929 -0.0204862 0.988327
0.003515 1056.01 0.14594 310929 -0.0185697 1.00598
