0.001925 2167.36 0.00232895 367052 -0.00445775
0.001935 2167.43 0.00232895 367052 -0.00445628
0.001945 2167.51 0.00232895 367052 -0.0044548
0.001955 2167.58 0.00232895 367052 -0.00445332
0.001965 2167.66 0.00232895 367052 -0.00445185
0.001975 2167.73 0.00232895 367052 -0.00445036
0.001985 2167.8 0.00232895 367052 -0.00444884
0.001995 2167.88 0.00232895 367052 -0.00444723
0.002005 2167.95 0.00232895 367052 -0.00444548
0.002015 2168.03 0.00232895 367052 -0.00444359
0.002025 2168.1 0.00232895 367052 -0.00444158
0.002035 2168.18 0.00232895 367052 -0.00443956
0.002045 2168.26 0.00232895 367052 -0.00443766
0.002055 2168.33 0.00232894 367052 -0.00443598
0.002065 2168.41 0.00232894 367052 -0.00443451
0.002075 2168.52 0.00232894 367052 -0.00443347
0.002085 2168.64 0.00232894 367052 -0.00443244
0.002095 2168.75 0.00232894 367052 -0.00443133
0.002105 2168.87 0.00232894 367052 -0.00443003
0.002115 2168.98 0.00232894 367052 -0.00442852
0.002125 2169.1 0.00232894 367052 -0.00442685
0.002135 2169.21 0.00232894 367052 -0.00442511
0.002145 2169.33 0.00232894 367052 -0.00442333
0.002155 2169.44 0.00232894 367052 -0.00442155
0.002165 2169.56 0.00232894 367052 -0.00441976
0.002175 2169.68 0.00232894 367052 -0.00441795
0.002185 2169.79 0.00232894 367052 -0.00441609
0.002195 2169.95 0.00232894 367052 -0.00441445
0.002205 2170.11 0.00232894 367052 -0.00441269
0.002215 2170.26 0.00232894 367052 -0.00441081
0.002225 2170.42 0.00232894 367052 -0.00440875
0.002235 2170.58 0.00232894 367052 -0.00440653
0.002245 2170.74 0.00232894 367052 -0.00440425
0.002255 2170.9 0.00232894 367052 -0.00440205
0.002265 2171.06 0.00232894 367052 -0.0044001
0.002275 2171.22 0.00232894 367052 -0.00439846
0.002285 2171.37 0.00232894 367052 -0.00439711
0.002295 2171.53 0.00232894 367052 -0.00439589
0.002305 2171.69 0.00232894 367052 -0.00439461
0.002315 2171.85 0.00232894 367052 -0.0043931
0.002325 2172.02 0.00232894 367052 -0.00439135
0.002335 2172.18 0.00232894 367052 -0.00438941
0.002345 2172.34 0.00232894 367052 -0.00438742
0.002355 2172.5 0.00232894 367052 -0.00438545
0.002365 2172.66 0.00232894 367052 -0.00438349
0.002375 2172.82 0.00232894 367052 -0.00438153
0.002385 2172.99 0.00232894 367052 -0.00437955
0.002395 2173.15 0.00232894 367052 -0.00437759
0.002405 2173.31 0.00232894 367052 -0.00437569
0.002415 2173.48 0.00232894 367052 -0.0043738
0.002425 2173.64 0.00232894 367052 -0.00437182
0.002435 2173.8 0.00232894 367052 -0.00436964
0.002445 2173.97 0.00232894 367052 -0.00436723
0.002455 2174.13 0.00232893 367052 -0.00436467
0.002465 2174.3 0.00232893 367052 -0.00436213
0.002475 2174.46 0.00232893 367052 -0.0043598
0.002485 2174.63 0.00232893 367052 -0.00435782
0.002495 2174.79 0.00232893 367052 -0.00435619
0.002505 2174.96 0.00232893 367052 -0.00435477
0.002515 2175.13 0.00232893 367052 -0.00435332
0.002525 2175.29 0.00232893 367052 -0.0043516
0.002535 2175.46 0.00232893 367052 -0.00434953
0.002545 2175.63 0.00232893 367052 -0.00434723
0.002555 2175.8 0.00232893 367052 -0.00434489
0.002565 2175.97 0.00232893 367052 -0.00434264
0.002575 2176.14 0.00232893 367052 -0.00434046
0.003205 2193.3 0.00232892 367052 -0.00420386
0.002585 2176.3 0.00232893 367052 -0.00433825
0.004485 2213.74 0.00412207 367050 -0.00608891
0.002595 2176.47 0.00232893 367052 -0.00433596
0.001285 2163.47 0.00232897 367052 -0.00451239
0.002605 2176.64 0.00232893 367052 -0.00433366
0.003845 2220.52 0.00232892 367052 -0.00414147
0.002615 2176.81 0.00232893 367052 -0.00433148
0.003215 2193.67 0.00232892 367052 -0.00420359
0.001295 2163.51 0.00232897 367052 -0.0045124
0.003855 2220.89 0.00232889 367052 -0.0041734
0.002625 2176.98 0.00232893 367052 -0.00432941
0.001305 2163.54 0.00232897 367052 -0.00451237
0.004495 2212.14 0.00425101 367051 -0.0066929
0.002635 2177.16 0.00232893 367052 -0.00432731
0.003865 2221.16 0.00233066 367052 -0.00420542
0.001315 2163.58 0.00232897 367052 -0.00451226
0.002645 2177.33 0.00232893 367052 -0.00432498
0.005125 2037.31 0.0170356 367052 -0.00863578
0.001325 2163.61 0.00232897 367052 -0.00451203
0.003875 2221.42 0.0023324 367052 -0.00422281
0.003225 2194.04 0.00232892 367052 -0.00420236
0.002655 2177.5 0.00232893 367052 -0.00432233
0.001335 2163.65 0.00232897 367052 -0.00451169
0.003885 2221.69 0.00233414 367052 -0.00417342
0.005135 2033.72 0.0172885 367052 -0.00863646
0.004505 2210.18 0.00440325 367052 -0.00687947
0.002665 2177.67 0.00232893 367052 -0.00431944
0.001345 2163.68 0.00232897 367052 -0.00451121
0.003895 2221.95 0.00233588 367052 -0.00417625
0.005145 2030.12 0.0175415 367052 -0.00863702
5e-06 2162.51 0.00233015 367052 -0.00452201
0.001355 2163.73 0.00232897 367052 -0.00451087
0.002675 2177.84 0.00232893 367052 -0.00431651
0.003905 2222.21 0.00233762 367052 -0.00418005
0.005155 2026.51 0.0177946 367052 -0.0086374
0.003235 2194.41 0.00232892 367052 -0.00419938
0.001365 2163.77 0.00232897 367052 -0.00451044
0.002685 2178.02 0.00232893 367052 -0.00431377
0.003915 2222.48 0.00233935 367052 -0.00419518
1.5e-05 2162.51 0.00233015 367052 -0.00452181
0.005165 2022.9 0.0180477 367052 -0.00863764
0.004515 2208.2 0.00455621 367051 -0.00708623
0.001375 2163.82 0.00232897 367052 -0.00450999
0.002695 2178.19 0.00232893 367052 -0.00431137
0.005175 2019.28 0.0183009 367052 -0.0086379
0.003925 2222.74 0.00234108 367052 -0.0042109
2.5e-05 2162.51 0.00233015 367052 -0.00452167
0.001385 2163.87 0.00232897 367052 -0.00450953
0.000645 2162.68 0.00232971 367052 -0.00452146
0.002705 2178.36 0.00232893 367052 -0.00430936
0.005185 2015.66 0.0185543 367052 -0.00863831
0.001395 2163.92 0.00232897 367052 -0.00450901
0.003935 2223 0.0023428 367052 -0.00420378
3.5e-05 2162.51 0.00233015 367052 -0.00452162
0.006405 1535.81 0.0484778 367052 -0.00691517
0.003245 2194.78 0.00232892 367052 -0.00419586
0.004525 2205.87 0.00473255 367052 -0.00729764
0.002715 2178.58 0.00232893 367052 -0.00430793
0.005195 2012.04 0.0188076 367052 -0.00863888
0.001405 2163.97 0.00232897 367052 -0.00450843
0.003945 2223.27 0.00234452 367052 -0.00418401
4.5e-05 2162.51 0.00233015 367052 -0.00452165
0.006415 1531.59 0.0486987 367052 -0.00688366
0.002725 2178.8 0.00232893 367052 -0.00430655
0.005205 2008.4 0.0190611 367052 -0.00863941
0.001415 2164.01 0.00232897 367052 -0.00450773
5.5e-05 2162.51 0.00233015 367052 -0.00452179
0.003955 2223.53 0.00234623 367052 -0.0041855
0.006425 1527.37 0.0489188 367052 -0.00685186
0.003255 2195.15 0.00232892 367052 -0.00419377
0.000655 2162.68 0.0023297 367052 -0.00452169
0.002735 2179.02 0.00232893 367052 -0.0043049
0.001425 2164.06 0.00232897 367052 -0.00450692
6.5e-05 2162.51 0.00233015 367052 -0.00452199
0.003965 2223.79 0.00234793 367052 -0.00420322
0.006435 1523.14 0.0491382 367052 -0.00681975
0.005215 2004.77 0.0193146 367052 -0.00863968
0.004535 2203.53 0.00490931 367052 -0.00729118
0.002745 2179.24 0.00232893 367052 -0.00430278
7.5e-05 2162.51 0.00233014 367052 -0.00452223
0.001435 2164.11 0.00232897 367052 -0.004506
0.003975 2224.06 0.00234962 367052 -0.00421065
0.006445 1518.91 0.0493569 367052 -0.00678735
0.005225 2001.12 0.0195681 367052 -0.00863948
0.003265 2195.53 0.00232892 367052 -0.00419353
0.002755 2179.46 0.00232893 367052 -0.00430029
8.5e-05 2162.51 0.00233014 367052 -0.00452248
0.003985 2224.32 0.00235131 367052 -0.00420181
0.001445 2164.16 0.00232897 367052 -0.00450502
0.006455 1514.68 0.0495747 367052 -0.00675469
0.005235 1997.48 0.0198218 367052 -0.00863877
0.000665 2162.69 0.00232969 367052 -0.0045219
0.002765 2179.68 0.00232893 367052 -0.00429777
9.5e-05 2162.51 0.00233014 367052 -0.00452269
0.003995 2224.58 0.00235298 367052 -0.00418703
0.001455 2164.21 0.00232896 367052 -0.00450407
0.006465 1510.44 0.0497918 367052 -0.00672176
0.005245 1993.82 0.0200754 367052 -0.00863766
0.004545 2201.19 0.00508614 367052 -0.00729355
0.002775 2179.91 0.00232893 367052 -0.0042955
0.000105 2162.52 0.00233014 367052 -0.00452284
0.003275 2195.9 0.00232892 367052 -0.0041934
0.004005 2224.85 0.00235464 367052 -0.00418545
0.001465 2164.26 0.00232896 367052 -0.00450322
0.006475 1506.2 0.0500081 367052 -0.00668857
0.005255 1990.16 0.0203292 367052 -0.00863631
0.002785 2180.13 0.00232893 367052 -0.00429344
0.000115 2162.52 0.00233014 367052 -0.00452294
0.000675 2162.69 0.00232967 367052 -0.00452205
0.004015 2225.11 0.00235629 367052 -0.0041972
0.001475 2164.31 0.00232896 367052 -0.00450247
0.006485 1501.95 0.0502235 367052 -0.00665507
0.005265 1986.5 0.0205829 367052 -0.0086349
0.002795 2180.35 0.00232893 367052 -0.00429129
0.000125 2162.52 0.00233013 367052 -0.00452297
0.004555 2198.85 0.00526304 367052 -0.00729705
0.003285 2196.27 0.00232892 367052 -0.00419143
0.004025 2225.37 0.00235792 367052 -0.00420783
0.001485 2164.37 0.00232896 367052 -0.00450207
0.006495 1497.7 0.0504382 367052 -0.00662117
0.005275 1982.83 0.0208367 367052 -0.0086335
0.002805 2180.62 0.00232893 367052 -0.00428911
0.000135 2162.52 0.00233013 367052 -0.00452297
0.000685 2162.7 0.00232966 367052 -0.00452213
0.004035 2225.64 0.00235954 367052 -0.00420727
0.001495 2164.43 0.00232896 367052 -0.00450174
0.005285 1979.16 0.0210906 367052 -0.00863209
0.002815 2180.89 0.00232893 367052 -0.00428673
0.000145 2162.52 0.00233013 367052 -0.00452293
0.006505 1493.45 0.050652 367052 -0.00658679
0.004565 2196.5 0.00544001 367052 -0.00730165
0.003295 2196.64 0.00232892 367052 -0.00418771
0.005295 1975.48 0.0213444 367052 -0.00863056
0.004045 2225.9 0.00236114 367052 -0.00419669
0.001505 2164.5 0.00232896 367052 -0.00450145
0.000155 2162.52 0.00233012 367052 -0.00452289
0.002825 2181.16 0.00232893 367052 -0.00428451
0.006515 1489.19 0.0508649 367052 -0.00655188
0.000695 2162.7 0.00232965 367052 -0.00452212
0.005305 1971.79 0.0215984 367052 -0.00862881
0.004055 2226.16 0.00236272 367052 -0.00418793
0.006525 1484.93 0.0510771 367052 -0.00651642
0.000165 2162.52 0.00233012 367052 -0.00452284
0.002835 2181.43 0.00232893 367052 -0.0042826
0.001515 2164.56 0.00232896 367052 -0.00450113
0.004575 2194.15 0.00561705 367052 -0.00730631
0.005765 1796.65 0.0332271 367052 -0.00829198
0.000175 2162.52 0.00233012 367052 -0.00452277
0.005315 1968.1 0.0218523 367052 -0.00862678
0.004065 2226.43 0.00236428 367052 -0.00419101
0.006535 1480.67 0.0512883 367052 -0.00648045
0.002845 2181.7 0.00232893 367052 -0.00428078
0.003305 2197.01 0.00232892 367052 -0.00418414
0.001525 2164.63 0.00232896 367052 -0.00450069
0.000705 2162.71 0.00232963 367052 -0.00452204
0.000185 2162.52 0.00233011 367052 -0.00452267
0.004075 2226.69 0.00236582 367052 -0.00420123
0.006545 1476.4 0.0514987 367052 -0.00644405
0.005325 1964.4 0.0221062 367052 -0.00862449
0.002855 2181.97 0.00232893 367052 -0.00427868
0.004585 2191.8 0.00579416 367052 -0.00731039
0.001535 2164.69 0.00232896 367052 -0.00450013
0.000195 2162.53 0.00233011 367052 -0.00452255
0.004085 2226.95 0.00236734 367052 -0.00420655
0.006555 1472.13 0.0517082 367052 -0.00640729
0.005335 1960.7 0.0223602 367052 -0.00862195
0.002865 2182.24 0.00232893 367052 -0.00427608
0.001545 2164.75 0.00232896 367052 -0.00449945
0.000205 2162.53 0.0023301 367052 -0.0045224
0.004095 2227.22 0.00236884 367052 -0.00420176
0.006565 1467.86 0.0519168 367052 -0.00637024
0.005345 1957 0.0226142 367052 -0.00861916
0.003315 2197.39 0.00232892 367052 -0.00418206
0.002875 2182.51 0.00232893 367052 -0.00427312
0.000715 2162.71 0.00232962 367052 -0.00452192
0.005775 1792.73 0.0334769 367052 -0.00827924
0.001555 2164.82 0.00232896 367052 -0.00449868
0.004105 2227.48 0.00237032 367052 -0.00419266
0.000215 2162.53 0.0023301 367052 -0.00452223
0.005355 1953.29 0.0228681 367052 -0.00861612
0.006575 1463.58 0.0521244 367052 -0.00633292
0.004595 2189.45 0.00597135 367052 -0.00731403
0.002885 2182.78 0.00232893 367052 -0.00427009
0.001565 2164.88 0.00232896 367052 -0.00449786
0.007045 1259.25 0.0605944 367052 -0.0041598
0.004115 2227.74 0.00237177 367052 -0.00418921
0.000225 2162.53 0.00233009 367052 -0.00452207
0.005365 1949.57 0.0231221 367052 -0.00861286
0.006585 1459.3 0.0523312 367052 -0.00629533
0.002895 2183.06 0.00232893 367052 -0.00426723
0.001575 2164.95 0.00232896 367052 -0.00449703
0.003325 2197.8 0.00232892 367052 -0.004181
0.000725 2162.72 0.00232961 367052 -0.00452178
0.005785 1788.79 0.0337264 367052 -0.00826644
0.004125 2228.01 0.00237319 367052 -0.00419461
0.005375 1945.85 0.0233761 367052 -0.00860946
0.000235 2162.53 0.00233009 367052 -0.00452195
0.006595 1455.01 0.052537 367052 -0.00625745
0.002905 2183.33 0.00232893 367052 -0.00426467
0.001585 2165.01 0.00232896 367052 -0.00449619
0.004605 2187.1 0.0061486 367052 -0.00731766
0.007055 1254.85 0.0607409 367052 -0.00409843
0.004135 2228.27 0.0023746 367052 -0.0042021
0.005385 1942.12 0.0236301 367052 -0.00860604
0.000245 2162.53 0.00233008 367052 -0.0045219
0.006605 1450.72 0.0527418 367052 -0.00621927
0.002915 2183.6 0.00232893 367052 -0.00426254
0.001595 2165.08 0.00232896 367052 -0.00449535
0.003335 2198.21 0.00232892 367052 -0.00417913
0.006615 1446.43 0.0529457 367052 -0.00618076
0.000735 2162.72 0.00232959 367052 -0.00452165
0.005795 1784.86 0.0339757 367052 -0.0082535
0.004145 2228.53 0.00237598 367052 -0.00420383
0.005395 1938.39 0.023884 367052 -0.00860261
0.000255 2162.54 0.00233008 367052 -0.00452193
0.002925 2183.87 0.00232893 367052 -0.00426093
0.001605 2165.15 0.00232896 367052 -0.00449448
0.004615 2184.74 0.00632593 367052 -0.00732133
0.006625 1442.14 0.0531486 367052 -0.00614196
0.007065 1250.45 0.0608858 367052 -0.00405608
0.004155 2228.8 0.00237734 367052 -0.00419996
0.005405 1934.65 0.024138 367052 -0.00859907
0.000265 2162.54 0.00233007 367052 -0.00452206
0.002935 2184.15 0.00232893 367052 -0.00425971
0.001615 2165.21 0.00232896 367052 -0.00449356
0.003345 2198.62 0.00232892 367052 -0.00417652
0.006635 1437.84 0.0533505 367052 -0.00610286
0.000745 2162.73 0.00232958 367052 -0.00452152
0.004165 2229.06 0.00237867 367052 -0.00419736
0.005415 1930.91 0.0243919 367052 -0.00859524
0.000275 2162.54 0.00233007 367052 -0.00452226
0.005805 1780.92 0.0342248 367052 -0.00824028
0.005425 1927.16 0.0246458 367052 -0.00859095
0.002945 2184.42 0.00232893 367052 -0.00425832
0.001625 2165.28 0.00232896 367052 -0.00449255
0.004625 2182.38 0.00650333 367052 -0.00732487
0.006645 1433.54 0.0535514 367052 -0.00606348
0.004175 2229.32 0.00237999 367052 -0.00419602
0.007075 1246.05 0.0610289 367052 -0.00337015
0.000285 2162.54 0.00233006 367052 -0.0045225
0.005435 1923.4 0.0248997 367052 -0.00858612
0.002955 2184.74 0.00232893 367052 -0.00425652
0.001635 2165.34 0.00232896 367052 -0.00449143
0.003355 2199.03 0.00232892 367052 -0.00417507
0.000755 2162.74 0.00232957 367052 -0.00452138
0.006655 1429.23 0.0537513 367052 -0.00602377
0.004185 2229.58 0.00238146 367052 -0.0043078
0.000295 2162.55 0.00233005 367052 -0.00452273
0.005445 1919.64 0.0251535 367052 -0.0085808
0.005815 1776.97 0.0344736 367052 -0.00822666
0.000305 2162.55 0.00233005 367052 -0.00452292
0.002965 2185.06 0.00232893 367052 -0.00425391
0.001645 2165.41 0.00232896 367052 -0.00449019
0.004635 2180.01 0.0066808 367052 -0.00732841
0.006665 1424.92 0.0539502 367052 -0.00598369
0.004195 2229.69 0.00239471 367052 -0.00441575
0.005455 1915.88 0.0254073 367052 -0.00857513
0.007085 1241.64 0.0611702 367048 -0.00517235
0.000315 2162.55 0.00233004 367052 -0.00452304
0.002975 2185.38 0.00232893 367052 -0.00425108
0.005465 1912.11 0.0256611 367052 -0.00856927
0.003365 2199.44 0.00232892 367052 -0.00417596
0.001655 2165.48 0.00232896 367052 -0.00448888
0.000765 2162.74 0.00232955 367052 -0.00452122
0.006675 1420.61 0.054148 367052 -0.00594315
0.004205 2229.8 0.00240811 367052 -0.00440793
0.005825 1773.02 0.0347222 367052 -0.00821254
0.000325 2162.55 0.00233003 367052 -0.00452309
0.002985 2185.7 0.00232893 367052 -0.00424875
0.005475 1908.34 0.0259148 367052 -0.0085633
0.004645 2177.65 0.00685834 367052 -0.00733249
0.001665 2165.54 0.00232896 367052 -0.00448757
0.006685 1416.3 0.0543447 367052 -0.00590209
0.004215 2229.91 0.00242149 367052 -0.00440561
0.001675 2165.61 0.00232896 367052 -0.00448637
0.006695 1411.98 0.0545404 367052 -0.00586046
0.001685 2165.68 0.00232896 367052 -0.00448535
0.006705 1407.66 0.054735 367052 -0.00581829
0.007095 1237.24 0.0613099 367052 -0.00325662
0.000335 2162.56 0.00233003 367052 -0.00452308
0.002995 2186.02 0.00232893 367052 -0.00424708
0.006715 1403.34 0.0549285 367052 -0.00577563
0.005485 1904.56 0.0261684 367052 -0.00855722
0.004225 2230.01 0.00243486 367052 -0.00440422
0.003375 2199.85 0.00232892 367052 -0.00417755
0.001695 2165.75 0.00232896 367052 -0.00448454
0.000775 2162.75 0.00232954 367052 -0.00452102
0.000345 2162.56 0.00233002 367052 -0.00452303
0.003005 2186.34 0.00232893 367052 -0.00424549
0.006725 1399.01 0.0551209 367052 -0.00573255
0.005835 1769.06 0.0349705 367052 -0.00819794
0.005495 1900.77 0.026422 367052 -0.00855099
0.004235 2230.11 0.0024484 367052 -0.00452318
0.004655 2175.28 0.00703596 367052 -0.00733753
0.007105 1232.83 0.0614477 367052 -0.0038288
0.001705 2165.81 0.00232896 367052 -0.00448388
0.000355 2162.56 0.00233001 367052 -0.00452296
0.003015 2186.66 0.00232892 367052 -0.00424334
0.003385 2200.26 0.00232892 367052 -0.00417671
0.006735 1394.68 0.0553121 367052 -0.00568912
0.005505 1896.98 0.0266755 367052 -0.0085445
0.004245 2230.05 0.00247427 367052 -0.00474241
0.000785 2162.76 0.00232952 367052 -0.00452077
0.001715 2165.88 0.00232896 367052 -0.00448329
0.000365 2162.56 0.00233 367052 -0.00452287
0.004255 2229.81 0.00251293 367052 -0.00496412
0.003025 2186.99 0.00232892 367052 -0.00424061
0.005845 1765.1 0.0352186 367052 -0.00818291
0.006745 1390.35 0.0555022 367052 -0.0056454
0.005515 1893.19 0.026929 367052 -0.00853772
0.004665 2172.91 0.00721365 367052 -0.00734327
0.001725 2165.95 0.00232896 367052 -0.00448266
0.005525 1889.39 0.0271824 367052 -0.00853063
0.007115 1228.42 0.0615837 367052 -0.00375717
0.000375 2162.57 0.00233 367052 -0.00452279
0.004265 2229.39 0.00256429 367052 -0.00507336
0.003035 2187.31 0.00232892 367052 -0.004238
0.003395 2200.68 0.00232892 367052 -0.00417253
0.006755 1386.01 0.0556911 367052 -0.00560138
0.000795 2162.76 0.00232951 367052 -0.00452047
0.001735 2166.02 0.00232895 367052 -0.00448191
0.005535 1885.58 0.0274357 367052 -0.00852326
0.000385 2162.57 0.00232999 367052 -0.0045227
0.004275 2228.96 0.00261583 367052 -0.00506982
0.005855 1761.13 0.0354665 367052 -0.00816757
0.003045 2187.63 0.00232892 367052 -0.00423613
0.006765 1381.67 0.0558789 367052 -0.00555707
0.004675 2170.53 0.0073914 367052 -0.00734897
0.001745 2166.09 0.00232895 367052 -0.00448099
0.005545 1881.77 0.0276889 367052 -0.0085157
0.006775 1377.33 0.0560655 367052 -0.00551243
0.000395 2162.57 0.00232998 367052 -0.00452258
0.007125 1224.02 0.0617179 367052 -0.00370476
0.004285 2228.54 0.00266737 367052 -0.00507475
0.003055 2187.95 0.00232892 367052 -0.0042348
0.003405 2201.09 0.00232892 367052 -0.0041679
0.000805 2162.77 0.00232949 367052 -0.00452016
0.001755 2166.16 0.00232895 367052 -0.00447993
0.005555 1877.95 0.027942 367052 -0.00850802
0.006785 1372.99 0.0562509 367052 -0.00546748
0.000405 2162.58 0.00232997 367052 -0.00452243
0.004295 2228.12 0.0027189 367052 -0.0050813
0.005865 1757.16 0.035714 367052 -0.00815201
0.003065 2188.28 0.00232892 367052 -0.00423316
0.004685 2168.15 0.00756923 367052 -0.00735418
0.001765 2166.23 0.00232895 367052 -0.00447875
0.005565 1874.13 0.028195 367052 -0.00850036
0.006795 1368.64 0.056435 367052 -0.00542219
0.000415 2162.58 0.00232996 367052 -0.00452224
0.004305 2227.69 0.00277043 367052 -0.00508066
0.007135 1219.61 0.0618503 367052 -0.0036461
0.003075 2188.6 0.00232892 367052 -0.00423065
0.004315 2227.26 0.00282217 367052 -0.00521249
0.003415 2201.5 0.00232892 367052 -0.00416656
0.000815 2162.77 0.00232948 367052 -0.00451987
0.001775 2166.29 0.00232895 367052 -0.00447748
0.005575 1870.31 0.028448 367052 -0.00849286
0.006805 1364.3 0.0566179 367052 -0.00537658
0.000425 2162.58 0.00232995 367052 -0.00452202
0.003085 2188.92 0.00232892 367052 -0.00422748
0.004325 2226.63 0.00288833 367052 -0.00534406
0.005875 1753.19 0.0359613 367052 -0.00813628
0.004695 2165.77 0.00774713 367052 -0.00735918
0.001785 2166.36 0.00232895 367052 -0.0044761
0.005585 1866.48 0.0287008 367052 -0.00848559
0.006815 1359.94 0.0567996 367052 -0.00533064
0.000435 2162.59 0.00232994 367052 -0.00452179
0.003095 2189.25 0.00232892 367052 -0.00422431
0.004335 2225.99 0.00295471 367052 -0.00534252
0.003425 2201.91 0.00232892 367052 -0.0041688
0.007145 1215.2 0.0619808 367052 -0.00358706
0.001795 2166.43 0.00232895 367052 -0.00447461
0.005595 1862.64 0.0289535 367052 -0.0084785
0.006825 1355.59 0.05698 367052 -0.00528435
0.000825 2162.78 0.00232946 367052 -0.00451966
0.000445 2162.59 0.00232993 367052 -0.00452159
0.003105 2189.61 0.00232892 367052 -0.00422179
0.004345 2225.34 0.00302109 367052 -0.0053489
0.005885 1749.21 0.0362083 367052 -0.00812041
0.001805 2166.5 0.00232895 367052 -0.00447299
0.005605 1858.8 0.0292061 367052 -0.00847141
0.006835 1351.23 0.0571591 367052 -0.00523766
0.004705 2163.39 0.0079251 367052 -0.00736461
0.005615 1854.95 0.0294586 367052 -0.008464
0.003435 2202.32 0.00232892 367052 -0.0041707
0.000455 2162.59 0.00232992 367052 -0.00452146
0.003115 2189.98 0.00232892 367052 -0.00421948
0.004355 2224.7 0.00308748 367052 -0.00535552
0.007155 1210.79 0.0621094 367052 -0.00352743
0.001815 2166.57 0.00232895 367052 -0.00447131
0.006845 1346.87 0.057337 367052 -0.00519052
0.000835 2162.79 0.00232945 367052 -0.00451956
0.005625 1851.1 0.0297109 367052 -0.00845597
0.000465 2162.6 0.00232991 367052 -0.00452142
0.003125 2190.35 0.00232892 367052 -0.00421727
0.005895 1745.22 0.036455 367052 -0.0081044
0.004365 2224.06 0.00315388 367052 -0.00536077
0.001825 2166.64 0.00232895 367052 -0.00446965
0.004715 2161.01 0.00810313 367052 -0.00737069
0.006855 1342.51 0.0575135 367052 -0.00514287
0.005635 1847.24 0.0299631 367052 -0.00844711
0.000475 2162.6 0.00232991 367052 -0.00452149
0.003445 2202.74 0.00232892 367052 -0.00416845
0.006865 1338.15 0.0576886 367052 -0.00509469
0.003135 2190.72 0.00232892 367052 -0.00421552
0.007165 1206.37 0.0622361 367052 -0.00346727
0.004375 2223.41 0.00322029 367052 -0.00535904
0.001835 2166.71 0.00232895 367052 -0.00446811
0.000845 2162.79 0.00232943 367052 -0.00451958
0.005645 1843.38 0.0302152 367052 -0.00843734
0.000485 2162.6 0.0023299 367052 -0.00452164
0.006875 1333.78 0.0578625 367052 -0.005046
0.005905 1741.23 0.0367014 367052 -0.00808826
0.003145 2191.09 0.00232892 367052 -0.00421467
0.004385 2222.76 0.00328696 367051 -0.00551228
0.004725 2158.62 0.00828124 367052 -0.00737702
0.001845 2166.79 0.00232895 367052 -0.00446679
0.005655 1839.52 0.0304671 367052 -0.00842674
0.004395 2221.87 0.00337012 367052 -0.00566618
0.000495 2162.61 0.00232988 367052 -0.00452186
0.003455 2203.15 0.00232892 367052 -0.00416287
0.006885 1329.42 0.0580349 367052 -0.00499684
0.003155 2191.45 0.00232892 367052 -0.00421439
0.007175 1201.96 0.0623609 367052 -0.00340665
0.001855 2166.86 0.00232895 367052 -0.00446569
0.003165 2191.82 0.00232892 367052 -0.00421351
0.005665 1835.64 0.0307189 367052 -0.00841549
0.004405 2220.97 0.00345354 367052 -0.00566522
0.000505 2162.61 0.00232987 367052 -0.00452209
0.000855 2162.8 0.00232942 367052 -0.0045197
0.006895 1325.04 0.058206 367052 -0.00494728
0.005915 1737.23 0.0369475 367052 -0.00807202
0.004735 2156.23 0.00845941 367052 -0.007383
0.001865 2166.93 0.00232895 367052 -0.00446475
0.003175 2192.19 0.00232892 367052 -0.00421114
0.005675 1831.77 0.0309705 367052 -0.00840378
0.004415 2220.07 0.00353698 367052 -0.00566905
0.000515 2162.62 0.00232986 367052 -0.0045223
0.003465 2203.56 0.00232892 367052 -0.00415887
0.004425 2219.18 0.00362042 367052 -0.00567233
0.006905 1320.67 0.0583757 367052 -0.00489739
0.007185 1197.55 0.0624837 367052 -0.00334563
0.001875 2167 0.00232895 367052 -0.00446387
0.003185 2192.56 0.00232892 367052 -0.00420777
0.005685 1827.89 0.0312219 367052 -0.00839175
0.000525 2162.62 0.00232985 367052 -0.00452244
0.000865 2162.81 0.0023294 367052 -0.00451989
0.004435 2218.27 0.00370389 367052 -0.00567701
0.006915 1316.3 0.058544 367052 -0.00484722
0.005925 1733.23 0.0371933 367052 -0.00805568
0.004745 2153.83 0.00863764 367052 -0.00738852
0.001885 2167.07 0.00232895 367052 -0.00446292
0.003195 2192.93 0.00232892 367052 -0.004205
0.005695 1824 0.0314732 367052 -0.00837954
0.000535 2162.62 0.00232984 367052 -0.0045225
0.003475 2203.98 0.00232892 367052 -0.00415995
0.004445 2217.37 0.00378736 367052 -0.00568377
0.006925 1311.92 0.0587108 367052 -0.00479682
0.007195 1193.13 0.0626045 367052 -0.00328426
0.001895 2167.14 0.00232895 367052 -0.00446182
0.005705 1820.11 0.0317244 367052 -0.00836722
0.000545 2162.63 0.00232983 367052 -0.00452247
0.004755 2151.43 0.00881595 367052 -0.00739409
0.000875 2162.82 0.00232939 367052 -0.00452008
0.005715 1816.21 0.0319753 367052 -0.00835483
0.004765 2149.03 0.00899431 367052 -0.00740026
0.000885 2162.82 0.00232937 367052 -0.00452023
0.000555 2162.63 0.00232982 367052 -0.00452236
0.004775 2146.63 0.00917274 367052 -0.00740712
0.005725 1812.31 0.0322261 367052 -0.00834238
0.000895 2162.83 0.00232936 367052 -0.00452031
0.004785 2144.22 0.00935123 367052 -0.00741427
0.000565 2162.64 0.00232981 367052 -0.00452218
0.000905 2162.84 0.00232934 367052 -0.00452031
0.005735 1808.4 0.0324766 367052 -0.00832987
0.004795 2141.82 0.00952977 367052 -0.00742122
0.000575 2162.64 0.0023298 367052 -0.00452194
0.000915 2162.84 0.00232933 367052 -0.00452024
0.004805 2139.4 0.00970838 367052 -0.00742771
0.005745 1804.49 0.032727 367052 -0.0083173
0.000925 2162.85 0.00232931 367052 -0.00452014
0.000585 2162.65 0.00232979 367052 -0.00452169
0.004815 2136.99 0.00988705 367052 -0.00743379
0.005755 1800.57 0.0329772 367052 -0.00830466
0.000935 2162.86 0.0023293 367052 -0.00452003
0.004825 2134.57 0.0100658 367052 -0.00743958
0.000595 2162.65 0.00232977 367052 -0.00452145
0.000945 2162.87 0.00232928 367052 -0.00451992
0.004455 2216.47 0.00387085 367052 -0.00569136
0.001905 2167.22 0.00232895 367052 -0.00446057
0.005935 1729.23 0.0374388 367052 -0.00803918
0.000955 2162.88 0.00232927 367052 -0.00451982
0.006935 1307.54 0.0588762 367052 -0.00474615
0.005945 1725.22 0.0376839 367052 -0.00802242
0.004465 2215.57 0.00395436 367052 -0.00569865
0.000965 2162.88 0.00232925 367052 -0.00451972
0.003485 2204.39 0.00232892 367052 -0.00416389
0.001915 2167.29 0.00232895 367052 -0.00445919
0.005955 1721.2 0.0379287 367052 -0.00800528
0.000975 2162.89 0.00232923 367052 -0.00451958
0.004475 2214.66 0.00403788 367052 -0.00568914
0.005965 1717.18 0.0381732 367052 -0.00798768
0.007205 1188.72 0.0627233 367052 -0.00322261
0.004835 2132.15 0.0102445 367052 -0.00744522
0.000605 2162.66 0.00232976 367052 -0.00452126
0.005975 1713.16 0.0384174 367052 -0.00796958
0.000985 2162.9 0.00232922 367052 -0.00451939
0.007215 1184.3 0.0628402 367052 -0.00316067
0.000615 2162.66 0.00232975 367052 -0.00452116
0.005985 1709.13 0.0386612 367052 -0.00795102
0.000995 2162.91 0.0023292 367052 -0.00451912
0.004845 2129.72 0.0104234 367052 -0.00745089
0.007225 1179.89 0.0629549 367052 -0.00309847
0.005995 1705.1 0.0389046 367052 -0.00793211
0.000625 2162.66 0.00232974 367052 -0.00452116
0.001005 2162.92 0.00232919 367052 -0.00451877
0.007235 1175.47 0.0630676 367052 -0.003036
0.004855 2127.3 0.0106022 367052 -0.00745686
0.006005 1701.06 0.0391477 367052 -0.00791294
0.000635 2162.67 0.00232972 367052 -0.00452127
0.001015 2162.92 0.00232917 367052 -0.00451837
0.007245 1171.05 0.0631782 367052 -0.00297324
0.004865 2124.87 0.0107812 367052 -0.00746329
0.006015 1697.02 0.0393904 367052 -0.00789355
0.001025 2162.93 0.00232916 367052 -0.00451797
0.006945 1303.16 0.0590401 367052 -0.0046952
0.001035 2162.94 0.00232914 367052 -0.00451762
0.003495 2204.8 0.00232892 367052 -0.00416483
0.007255 1166.64 0.0632866 367052 -0.00291017
0.006955 1298.78 0.0592025 367052 -0.00464389
0.001045 2162.95 0.00232912 367052 -0.00451738
0.004875 2122.43 0.0109602 367052 -0.00746999
0.003505 2205.22 0.00232892 367052 -0.00416018
0.006965 1294.39 0.0593634 367052 -0.00459213
0.007265 1162.22 0.0633929 367052 -0.00284678
0.001055 2162.96 0.00232911 367052 -0.00451726
0.003515 2205.63 0.00232892 367052 -0.00415404
0.004885 2120 0.0111392 367052 -0.0074779
0.006025 1692.97 0.0396327 367052 -0.00787396
0.001065 2162.97 0.00232909 367052 -0.00451726
0.006975 1290 0.0595228 367052 -0.00453986
0.007275 1157.8 0.0634971 367052 -0.00278301
0.004895 2117.56 0.0113182 367052 -0.00746038
0.003525 2206.04 0.00232892 367052 -0.00415224
0.001075 2162.98 0.00232907 367052 -0.00451734
0.006035 1688.92 0.0398746 367052 -0.00785415
0.006985 1285.62 0.0596807 367052 -0.00448702
0.007285 1153.39 0.063599 367052 -0.00271883
0.004905 2115.1 0.0114983 367049 -0.00805163
0.003535 2206.48 0.00232892 367052 -0.0041551
0.001085 2162.99 0.00232906 367052 -0.00451744
0.006045 1684.86 0.0401161 367052 -0.00783408
0.006995 1281.23 0.059837 367052 -0.00443361
0.004915 2111.63 0.0117479 367052 -0.00863592
0.007295 1148.97 0.0636987 367052 -0.00265419
0.003545 2206.93 0.00232892 367052 -0.00415655
0.001095 2162.99 0.00232904 367052 -0.00451751
0.006055 1680.8 0.0403573 367052 -0.00781372
0.007005 1276.83 0.0599917 367052 -0.00437966
0.004925 2108.14 0.0119985 367052 -0.00861209
0.007305 1144.55 0.0637962 367052 -0.00258906
0.003555 2207.37 0.00232892 367052 -0.00415296
0.001105 2163 0.00232903 367052 -0.0045175
0.006065 1676.73 0.040598 367052 -0.00779307
0.004935 2104.65 0.0122493 367052 -0.00861447
0.007015 1272.44 0.0601448 367052 -0.00432524
0.007315 1140.13 0.0638914 367052 -0.00252347
0.003565 2207.81 0.00232892 367052 -0.00414809
0.001115 2163.01 0.00232901 367052 -0.00451741
0.006075 1672.66 0.0408383 367052 -0.00777216
0.004945 2101.15 0.0125002 367052 -0.0086155
0.007325 1135.71 0.0639843 367052 -0.00245744
0.003575 2208.25 0.00232892 367052 -0.0041486
0.007025 1268.05 0.0602963 367052 -0.00427041
0.001125 2163.02 0.002329 367052 -0.00451724
0.006085 1668.58 0.0410782 367052 -0.00775103
0.004955 2097.64 0.0127512 367052 -0.0086164
0.007335 1131.3 0.0640748 367052 -0.00239104
0.003585 2208.7 0.00232892 367052 -0.00415516
0.001135 2163.03 0.00232899 367052 -0.00451696
0.007035 1263.65 0.0604462 367052 -0.00421519
0.006095 1664.5 0.0413176 367052 -0.00772973
0.004965 2094.14 0.0130023 367052 -0.00861734
0.007345 1126.88 0.0641631 367052 -0.00232431
0.003595 2209.14 0.00232892 367052 -0.00416026
0.001145 2163.05 0.00232899 367052 -0.00451682
0.006105 1660.42 0.0415566 367052 -0.00770829
0.003605 2209.58 0.00232892 367052 -0.00415688
0.004975 2090.62 0.0132536 367052 -0.00861863
0.006115 1656.33 0.0417951 367052 -0.0076867
0.007355 1122.46 0.0642489 367052 -0.0022573
0.003615 2210.02 0.00232892 367052 -0.00414768
0.006125 1652.23 0.0420332 367052 -0.00766491
0.004985 2087.1 0.0135049 367052 -0.00862035
0.003625 2210.47 0.00232892 367052 -0.00414239
0.007365 1118.05 0.0643323 367052 -0.00219001
0.006135 1648.13 0.0422708 367052 -0.0076428
0.004995 2083.58 0.0137564 367052 -0.00862231
0.001155 2163.06 0.00232898 367052 -0.00451661
0.003635 2210.91 0.00232892 367052 -0.00414708
0.007375 1113.63 0.0644133 367052 -0.00212244
0.006145 1644.03 0.042508 367052 -0.00762026
0.005005 2080.05 0.014008 367052 -0.00862419
0.003645 2211.35 0.00232892 367052 -0.00415696
0.001165 2163.08 0.00232898 367052 -0.00451633
0.007385 1109.21 0.0644918 367052 -0.00205456
0.006155 1639.92 0.0427446 367052 -0.00759724
0.005015 2076.52 0.0142597 367052 -0.00862573
0.003655 2211.79 0.00232892 367052 -0.00416014
0.001175 2163.1 0.00232898 367052 -0.00451615
0.007395 1104.8 0.0645678 367052 -0.00198637
0.006165 1635.81 0.0429808 367052 -0.00757371
0.005025 2072.98 0.0145116 367052 -0.00862685
0.003665 2212.24 0.00232892 367052 -0.00415156
0.001185 2163.14 0.00232898 367052 -0.00451602
0.006175 1631.69 0.0432165 367052 -0.00754973
0.007405 1100.38 0.0646412 367052 -0.00191786
0.005035 2069.44 0.0147635 367052 -0.00862764
0.003675 2212.68 0.00232892 367052 -0.00414084
0.001195 2163.17 0.00232898 367052 -0.00451575
0.006185 1627.57 0.0434516 367052 -0.00752537
0.007415 1095.97 0.0647122 367052 -0.00184902
0.005045 2065.89 0.0150156 367052 -0.00862827
0.003685 2213.12 0.00232892 367052 -0.00413974
0.001205 2163.2 0.00232898 367052 -0.00451538
0.006195 1623.45 0.0436863 367052 -0.00750071
0.007425 1091.55 0.0647805 367052 -0.00177985
0.005055 2062.33 0.0152677 367052 -0.00862893
0.003695 2213.59 0.00232892 367052 -0.00415002
0.001215 2163.24 0.00232897 367052 -0.00451491
0.006205 1619.32 0.0439204 367052 -0.0074758
0.007435 1087.14 0.0648462 367052 -0.00171033
0.005065 2058.77 0.01552 367052 -0.0086298
0.003705 2214.06 0.00232892 367052 -0.00416158
0.001225 2163.27 0.00232897 367052 -0.00451436
0.006215 1615.18 0.044154 367052 -0.00745065
0.007445 1082.73 0.0649093 367052 -0.00164042
0.005075 2055.21 0.0157723 367052 -0.0086309
0.003715 2214.53 0.00232892 367052 -0.00416003
0.001235 2163.3 0.00232897 367052 -0.00451378
0.006225 1611.04 0.044387 367052 -0.00742522
0.007455 1078.32 0.0649697 367052 -0.0015701
0.005085 2051.64 0.0160248 367052 -0.00863212
0.003725 2214.99 0.00232892 367052 -0.0041453
0.001245 2163.34 0.00232897 367052 -0.00451325
0.006235 1606.9 0.0446195 367052 -0.0073995
0.007465 1073.91 0.0650275 367052 -0.00149936
0.005095 2048.07 0.0162773 367052 -0.00863327
0.003735 2215.46 0.00232892 367052 -0.00413626
0.001255 2163.37 0.00232897 367052 -0.00451282
0.006245 1602.75 0.0448514 367052 -0.00737347
0.007475 1069.5 0.0650824 367052 -0.00142822
0.005105 2044.49 0.01653 367052 -0.00863425
0.003745 2215.93 0.00232892 367052 -0.00414335
0.001265 2163.4 0.00232897 367052 -0.00451254
0.006255 1598.6 0.0450827 367052 -0.00734714
0.007485 1065.09 0.0651346 367052 -0.00135673
0.005115 2040.9 0.0167827 367052 -0.00863506
0.003755 2216.4 0.00232892 367052 -0.00416071
0.001275 2163.44 0.00232897 367052 -0.00451242
0.006265 1594.44 0.0453135 367052 -0.00732054
0.007495 1060.68 0.065184 367052 -0.00128496
0.003765 2216.87 0.00232892 367052 -0.00416209
0.006275 1590.28 0.0455437 367052 -0.00729373
0.007505 1056.28 0.0652306 367052 -0.00121285
0.003775 2217.33 0.00232892 367052 -0.00414247
0.006285 1586.12 0.0457732 367052 -0.00726672
0.007515 1051.87 0.0652743 367052 -0.00114025
0.003785 2217.8 0.00232892 367052 -0.00413541
0.006295 1581.95 0.0460022 367052 -0.00723954
0.007525 1047.47 0.0653151 367052 -0.00105782
0.003795 2218.27 0.00232892 367052 -0.00415096
0.006305 1577.77 0.0462306 367052 -0.00721212
0.007535 1043.07 0.065353 367054 -0.00094829
0.003805 2218.74 0.00232892 367052 -0.00416599
0.006315 1573.6 0.0464583 367052 -0.00718438
0.007545 1039.59 0.0653891 367054 -0.00090984
0.003815 2219.2 0.00232892 367052 -0.00416991
0.006325 1569.41 0.0466854 367052 -0.00715622
0.007555 1036.74 0.0654266 367054 -0.000858108
0.003825 2219.67 0.00232892 367052 -0.00417279
0.006335 1565.23 0.0469118 367052 -0.00712756
0.007565 1034.79 0.0654623 367052 -0.000813148
0.003835 2220.14 0.00232892 367052 -0.00412401
0.006345 1561.04 0.0471376 367052 -0.00709837
0.007575 1032.86 0.065495 367052 -0.000738278
0.006355 1556.84 0.0473627 367052 -0.00706869
0.007585 1030.94 0.0655245 367054 -0.000660197
0.006365 1552.65 0.0475871 367052 -0.00703858
0.007595 1029.91 0.065552 367052 -0.000603604
0.006375 1548.44 0.0478108 367052 -0.00700812
0.007605 1028.91 0.0655764 367052 -0.000531954
0.006385 1544.24 0.0480339 367052 -0.00697738
0.007615 1027.92 0.0655976 367052 -0.000460238
0.006395 1540.03 0.0482562 367052 -0.0069464
0.007625 1026.94 0.0656157 367052 -0.000388193
0.007635 1025.98 0.0656306 367054 -0.000318119
0.007645 1025.91 0.0656433 367052 -0.000248869
0.007655 1025.87 0.0656528 367052 -0.00017847
0.007665 1025.84 0.0656591 367052 -0.000107822
0.007675 1025.82 0.0656623 367052 -3.56226e-05
