5e-06 2169.28 0.00023231 255449 -0.00474745 0.400455
1.5e-05 2169.28 0.00023231 255449 -0.0131484 0.400455
2.5e-05 2169.27 0.000232309 255447 -0.0187107 0.400454
3.5e-05 2169.31 0.000232309 255451 -0.020116 0.400454
4.5e-05 2169.36 0.000232308 255443 -0.0172546 0.400432
5.5e-05 2169.45 0.000232308 255442 -0.0107534 0.400412
6.5e-05 2169.54 0.000232307 255441 -0.00234213 0.400394
7.5e-05 2169.63 0.000232306 255441 0.00606322 0.400378
8.5e-05 2169.71 0.000232304 255442 0.0125107 0.400364
9.5e-05 2169.84 0.000232303 255450 0.0153258 0.400352
0.000105 2169.99 0.000232301 255445 0.0137907 0.400318
0.000115 2170.18 0.0002323 255447 0.00814499 0.400285
0.000125 2170.37 0.000232298 255449 -0.000295271 0.400253
0.000135 2170.61 0.000232296 255456 -0.00972449 0.400219
0.000145 2170.86 0.000232294 255450 -0.0180784 0.400162
0.000155 2171.17 0.000232291 255448 -0.0236129 0.400103
0.000165 2171.53 0.000232289 255454 -0.0251357 0.400044
0.000325 2178.43 0.000232237 255441 -0.0133219 0.398745
0.000175 2171.9 0.000232287 255444 -0.0224258 0.39996
0.000335 2178.92 0.000232233 255440 -0.00469602 0.398653
0.000345 2179.41 0.00023223 255440 0.0021456 0.398563
0.000355 2179.89 0.000232226 255442 0.00552931 0.398475
0.000185 2172.33 0.000232284 255442 -0.0161043 0.399877
0.000365 2180.37 0.000232222 255444 0.0045816 0.39839
0.000965 2209.27 0.000306729 255448 -0.0505868 0.393066
0.000375 2180.84 0.000232219 255446 -0.00056495 0.398306
0.000385 2181.31 0.000232215 255448 -0.00880476 0.398223
0.000975 2209.69 0.000314706 255444 -0.0431936 0.392983
0.000395 2181.77 0.000232212 255450 -0.018324 0.398139
0.000195 2172.76 0.000232281 255441 -0.00769614 0.399795
0.000985 2210.1 0.000322654 255441 -0.0338186 0.392901
0.000405 2182.23 0.000232208 255451 -0.0270461 0.398055
0.000995 2210.51 0.000330572 255438 -0.0247028 0.392822
0.000415 2182.69 0.000232205 255450 -0.0331248 0.39797
0.001005 2210.92 0.000338459 255437 -0.0181647 0.392746
0.000425 2183.14 0.000232202 255448 -0.0353304 0.397883
0.001015 2211.32 0.000346312 255438 -0.0158885 0.392673
0.000435 2183.59 0.000232199 255446 -0.0332752 0.397797
0.000205 2173.19 0.000232278 255440 0.000810597 0.399716
0.001025 2211.71 0.000354131 255441 -0.0184252 0.392604
0.000445 2184.09 0.000232195 255449 -0.0274149 0.397711
0.001035 2212.1 0.000361912 255444 -0.0251192 0.392538
0.000455 2184.59 0.000232193 255441 -0.0191063 0.397606
0.001045 2212.49 0.000369653 255448 -0.0344085 0.392472
0.000465 2185.13 0.00023219 255440 -0.0102692 0.397503
0.001055 2212.87 0.000377353 255451 -0.0443025 0.392407
0.000475 2185.67 0.000232187 255440 -0.00306193 0.397403
0.000215 2173.61 0.000232275 255441 0.00735863 0.399639
0.001065 2213.24 0.000385007 255453 -0.0528233 0.39234
0.000485 2186.21 0.000232185 255441 0.000760988 0.397305
0.001075 2213.61 0.000392614 255453 -0.0583297 0.392271
0.000495 2186.74 0.000232182 255443 0.000217494 0.39721
0.001085 2213.98 0.00040017 255452 -0.0597541 0.392201
0.000505 2187.27 0.00023218 255445 -0.00463149 0.397116
0.000225 2174.02 0.000232272 255442 0.0103451 0.399564
0.001095 2214.34 0.000407671 255449 -0.0567582 0.392129
0.000515 2187.8 0.000232177 255448 -0.0127126 0.397024
0.001105 2214.7 0.000415114 255446 -0.049836 0.392058
0.000525 2188.32 0.000232175 255450 -0.0222325 0.396931
0.001115 2215.06 0.000422495 255442 -0.0404024 0.391986
0.000535 2188.83 0.000232173 255451 -0.0311305 0.396837
0.001125 2215.41 0.000429811 255438 -0.0307054 0.391916
0.000545 2189.34 0.00023217 255451 -0.0375471 0.396742
0.000235 2174.43 0.000232269 255445 0.00900318 0.399491
0.001135 2215.75 0.000437056 255437 -0.0232872 0.391849
0.000555 2189.85 0.000232168 255449 -0.0401908 0.396646
0.001145 2216.09 0.000444229 255437 -0.0200969 0.391786
0.000565 2190.36 0.000232165 255447 -0.0385634 0.39655
0.001155 2216.43 0.000451327 255439 -0.0218435 0.391727
0.000575 2190.86 0.000232162 255444 -0.0330501 0.396453
0.001165 2216.76 0.000458346 255443 -0.027971 0.391671
0.000585 2191.35 0.00023216 255442 -0.0248788 0.396358
0.000245 2174.84 0.000232266 255447 0.00356746 0.399419
0.000645 2194.28 0.000232991 255451 -0.016099 0.395833
0.001175 2217.09 0.000465286 255447 -0.0370233 0.391616
0.000595 2191.85 0.000232159 255440 -0.0159199 0.396264
0.000255 2175.24 0.000232262 255449 -0.00478959 0.399347
0.001185 2217.41 0.000472147 255451 -0.0470604 0.391562
0.000605 2192.33 0.000232153 255439 -0.00830603 0.396173
0.001195 2217.73 0.000478928 255453 -0.0560497 0.391505
0.000615 2192.82 0.000232162 255440 -0.0039173 0.396084
0.001205 2218.05 0.000485632 255454 -0.0622561 0.391448
0.000625 2193.3 0.000232096 255442 -0.00388055 0.395999
0.000655 2194.78 0.000234536 255450 -0.0256237 0.395738
0.001215 2218.36 0.000492261 255453 -0.0645281 0.391388
0.000635 2193.77 0.000232331 255444 -0.00825836 0.395915
0.000265 2175.64 0.000232259 255450 -0.0142367 0.399275
0.001225 2218.67 0.000498821 255450 -0.0624386 0.391327
0.001235 2218.97 0.000505317 255447 -0.0563539 0.391264
0.000665 2195.31 0.000236504 255451 -0.0347712 0.395643
0.000275 2176.03 0.000232255 255450 -0.0227362 0.399202
0.000675 2195.84 0.000238771 255452 -0.0416067 0.395547
0.001285 2220.22 0.000565398 255438 -0.025617 0.391014
0.000285 2176.48 0.000232252 255456 -0.0284671 0.399129
0.000685 2196.36 0.00024096 255450 -0.0447999 0.395449
0.001605 2223.8 0.00118446 255456 -0.0802239 0.390306
0.001295 2220.4 0.000585779 255442 -0.0310615 0.390985
0.000295 2176.93 0.000232248 255447 -0.0302587 0.399032
0.001245 2219.27 0.000511755 255443 -0.0474753 0.391202
0.000695 2196.87 0.000243164 255448 -0.0437581 0.395351
0.001305 2220.57 0.000606115 255446 -0.0400242 0.390958
0.000305 2177.43 0.000232244 255445 -0.027786 0.398935
0.001925 2211.55 0.00286038 255432 -0.0496199 0.392329
0.000705 2197.39 0.000245359 255445 -0.0387211 0.395252
0.001315 2220.74 0.000626411 255451 -0.0504516 0.390932
0.000315 2177.93 0.000232241 255443 -0.0216689 0.398839
0.004805 359.558 0.232704 255445 0.00947476 2.46451
0.002245 2172.41 0.00666683 255453 -0.0862884 0.399358
0.004815 359.558 0.232717 255445 0.00912951 2.46455
0.002255 2170.63 0.00683387 255455 -0.0931107 0.399687
0.004825 359.552 0.232729 255446 0.00878382 2.46463
0.002265 2168.86 0.0070001 255458 -0.100254 0.400015
0.004835 359.605 0.232741 255445 0.00843322 2.46428
0.002275 2167.1 0.0071655 255460 -0.106058 0.400342
0.004845 359.653 0.232752 255445 0.00810459 2.46398
0.004485 361.324 0.231457 255446 0.0199214 2.45025
0.002285 2165.35 0.00733007 255460 -0.106734 0.400664
0.004855 359.692 0.232762 255445 0.00776265 2.46374
0.004495 361.167 0.231537 255446 0.0196511 2.45144
0.004505 361.011 0.231613 255446 0.0193868 2.45262
0.002295 2163.61 0.00749381 255454 -0.100023 0.400977
0.004865 359.723 0.232771 255445 0.00742564 2.46355
0.004515 360.854 0.231686 255446 0.0190986 2.4538
0.004525 360.695 0.231755 255446 0.018779 2.45498
0.004535 360.535 0.23182 255446 0.0184567 2.45618
0.002305 2161.88 0.00765669 255444 -0.0873253 0.401281
0.004875 359.745 0.23278 255445 0.00709529 2.46342
0.004545 360.375 0.231882 255447 0.0181369 2.45739
0.004555 360.295 0.23194 255446 0.0178355 2.45801
0.002315 2160.15 0.00781872 255433 -0.0727724 0.401583
0.004565 360.216 0.231995 255446 0.0175383 2.45865
0.004885 359.759 0.232788 255445 0.00676876 2.46334
0.002565 2097.55 0.0136813 255447 -0.093053 0.413573
0.004575 360.133 0.232048 255446 0.0172196 2.4593
0.004585 360.047 0.232098 255446 0.01689 2.45998
0.004595 359.957 0.232145 255446 0.0165638 2.46068
0.002325 2158.44 0.00797988 255426 -0.0613391 0.40189
0.004895 359.766 0.232796 255446 0.00643726 2.46333
0.004605 359.862 0.232189 255446 0.0162599 2.4614
0.002575 2091.53 0.0142381 255433 -0.0735596 0.414742
0.004615 359.765 0.232231 255447 0.0159353 2.46216
0.002585 2085.52 0.0147926 255423 -0.0565261 0.415918
0.004625 359.739 0.232271 255446 0.0156106 2.46239
0.002595 2079.53 0.015345 255422 -0.0512502 0.417114
0.004635 359.711 0.232309 255446 0.0152849 2.46265
0.002605 2073.57 0.0158949 255432 -0.0612515 0.418329
0.002335 2156.74 0.00814016 255426 -0.0576092 0.402206
0.004645 359.678 0.232344 255446 0.0149436 2.46295
0.004905 359.831 0.232803 255445 0.00611964 2.46289
0.002615 2067.63 0.0164425 255446 -0.0826855 0.419553
0.004655 359.64 0.232378 255446 0.0146041 2.46327
0.003845 486.167 0.202204 255445 0.0202772 1.80482
0.004665 359.596 0.23241 255446 0.0142685 2.46364
0.002625 2061.71 0.0169876 255455 -0.107764 0.420772
0.002345 2155.04 0.00829957 255434 -0.063314 0.402533
0.004915 359.889 0.23281 255445 0.0058225 2.46251
0.004675 359.545 0.23244 255445 0.0139498 2.46404
0.002635 2055.82 0.0175301 255457 -0.127636 0.42198
0.004165 381.753 0.225082 255447 0.0276064 2.31241
0.004685 359.49 0.232468 255447 0.0135839 2.46449
0.002645 2049.95 0.01807 255456 -0.134996 0.423187
0.003855 480.38 0.203311 255451 0.0268049 1.827
0.002355 2153.36 0.00845809 255445 -0.0743542 0.402864
0.004925 359.939 0.232816 255445 0.00551853 2.46219
0.003525 784.436 0.153236 255456 0.00301618 1.11124
0.004695 359.502 0.232495 255445 0.0132426 2.46445
0.002655 2044.1 0.018607 255460 -0.129169 0.424403
0.003865 474.712 0.204391 255454 0.0297865 1.84925
0.002885 1868.6 0.0341523 255462 -0.114711 0.464229
0.002365 2151.69 0.00861571 255452 -0.0834187 0.403188
0.004705 359.509 0.23252 255445 0.0128956 2.46445
0.002665 2038.28 0.0191412 255463 -0.118299 0.425621
0.003875 469.189 0.205443 255453 0.0274234 1.87143
0.004935 359.98 0.232822 255445 0.00522184 2.46192
0.004175 380.36 0.225451 255447 0.0274032 2.3212
0.004715 359.509 0.232544 255445 0.0125492 2.4645
0.002675 2032.48 0.0196723 255463 -0.111227 0.426833
0.003885 463.885 0.206468 255450 0.0224475 1.89322
0.003535 771.147 0.155118 255443 -0.0139566 1.13053
0.004725 359.503 0.232566 255445 0.0122036 2.46459
0.002685 2026.71 0.0202004 255458 -0.105967 0.42804
0.003895 458.859 0.207465 255454 0.0196135 1.9144
0.002375 2150.03 0.00877243 255453 -0.0879326 0.403501
0.004735 359.49 0.232587 255445 0.0118717 2.46472
0.002695 2020.96 0.0207251 255447 -0.0918133 0.429237
0.004945 360.012 0.232827 255445 0.00493232 2.46172
0.002895 1851.18 0.0356519 255462 -0.117737 0.468595
0.003905 454.401 0.208435 255443 0.0212342 1.93352
0.004185 379.006 0.225805 255447 0.0266501 2.3298
0.004745 359.47 0.232607 255445 0.0115487 2.46491
0.002705 2015.24 0.0212465 255429 -0.0664411 0.430426
0.003545 757.939 0.15698 255436 -0.0230955 1.15041
0.003915 450.003 0.209377 255448 0.0260008 1.95288
0.002385 2148.38 0.00892824 255454 -0.0923897 0.403811
0.004755 359.444 0.232626 255446 0.0111906 2.46514
0.002715 2009.55 0.0217643 255416 -0.0450233 0.431623
0.004955 360.034 0.232832 255445 0.00465244 2.46157
0.003925 445.69 0.210291 255452 0.0299119 1.97222
0.002905 1833.77 0.037143 255463 -0.115385 0.473044
0.004765 359.48 0.232643 255445 0.0108416 2.46492
0.002725 2003.88 0.0222784 255420 -0.0453808 0.432848
0.004195 377.693 0.226145 255450 0.026055 2.33824
0.003935 441.483 0.211179 255451 0.0299672 1.99144
0.003555 744.806 0.158821 255438 -0.0182956 1.17091
0.004775 359.511 0.23266 255445 0.0105144 2.46474
0.002735 1998.25 0.0227886 255436 -0.0678373 0.434096
0.002395 2146.74 0.00908314 255458 -0.100586 0.404124
0.004965 360.05 0.232837 255446 0.00436103 2.46149
0.003945 437.383 0.21204 255448 0.0265933 2.0105
0.004785 359.535 0.232676 255445 0.0101721 2.46461
0.002745 1992.64 0.0232947 255452 -0.096712 0.435343
0.002915 1816.36 0.0386248 255466 -0.109839 0.477579
0.004205 376.616 0.226469 255446 0.0260228 2.34519
0.003205 1328.49 0.0770924 255461 -0.0664059 0.65332
0.004795 359.55 0.23269 255445 0.00983507 2.46454
0.003955 433.39 0.212875 255445 0.0232144 2.02942
0.002755 1987.06 0.0237966 255458 -0.117811 0.436576
0.003565 731.892 0.160643 255498 -0.0014867 1.19208
0.002405 2145.11 0.00923711 255462 -0.109189 0.404437
0.003965 429.498 0.213684 255445 0.0230836 2.04823
0.002765 1981.51 0.0242941 255458 -0.127364 0.437798
0.002775 1975.99 0.0247869 255459 -0.127755 0.43902
0.002785 1970.5 0.0252748 255461 -0.122536 0.440246
0.002795 1965.04 0.0257576 255463 -0.11509 0.441471
0.002805 1959.62 0.026235 255461 -0.107381 0.442688
0.002815 1954.23 0.0267068 255453 -0.0993262 0.443894
0.002825 1948.87 0.0271726 255443 -0.0907508 0.445094
0.002835 1943.55 0.0276323 255434 -0.0832747 0.446296
0.002845 1933.88 0.0283846 254847 -0.0800439 0.447509
0.002855 1920.86 0.0296101 255442 -0.0835934 0.451574
0.000715 2197.89 0.000247555 255443 -0.0307589 0.395154
0.002865 1903.44 0.0311307 255452 -0.093497 0.455721
0.002875 1886.02 0.032645 255459 -0.105639 0.45994
0.000725 2198.4 0.000249749 255440 -0.021656 0.395057
0.001325 2220.91 0.00064667 255454 -0.0601495 0.390904
0.000735 2198.9 0.00025194 255439 -0.0135837 0.394963
0.000745 2199.4 0.000254129 255439 -0.00856373 0.394872
0.000755 2199.89 0.000256316 255441 -0.007892 0.394783
0.000765 2200.38 0.0002585 255443 -0.0117779 0.394698
0.001335 2221.07 0.000666893 255455 -0.0672451 0.390875
0.000775 2200.86 0.000260681 255447 -0.0193367 0.394614
0.001345 2221.22 0.00068708 255454 -0.0704793 0.390844
0.000785 2201.34 0.000262858 255450 -0.0288621 0.39453
0.001355 2221.37 0.00070723 255452 -0.0693391 0.39081
0.000795 2201.82 0.000265031 255452 -0.0382574 0.394445
0.001365 2221.52 0.000727341 255449 -0.0640742 0.390776
0.000805 2202.29 0.0002672 255452 -0.0455492 0.394359
0.001375 2221.66 0.000747407 255445 -0.0556685 0.390741
0.000815 2202.76 0.000269364 255451 -0.0493292 0.394272
0.001385 2221.8 0.000767426 255440 -0.0457934 0.390706
0.000825 2203.22 0.000271521 255449 -0.0489482 0.394183
0.001395 2221.93 0.000787389 255436 -0.0366628 0.390674
0.000835 2203.68 0.000273673 255447 -0.044504 0.394094
0.001405 2222.06 0.000807293 255435 -0.0306413 0.390646
0.000845 2204.14 0.000275818 255443 -0.0368463 0.394006
0.001935 2211.12 0.00291042 255429 -0.0424017 0.392398
0.001415 2222.19 0.00082713 255437 -0.0295245 0.390623
0.001615 2223.84 0.00120201 255456 -0.0828205 0.390293
0.000855 2204.59 0.000277954 255440 -0.0276139 0.393918
0.001425 2222.31 0.000846893 255440 -0.0337237 0.390604
0.001255 2219.57 0.000518144 255439 -0.0377819 0.391141
0.000865 2205.03 0.000280083 255439 -0.0190225 0.393833
0.001625 2223.69 0.00123391 255431 -0.0803972 0.390279
0.001435 2222.42 0.000866577 255445 -0.0420605 0.390587
0.001945 2210.7 0.00296014 255433 -0.0444937 0.392475
0.001265 2219.81 0.00052944 255431 -0.0295713 0.391083
0.004975 360.122 0.232841 255445 0.00409121 2.461
0.000875 2205.48 0.000282202 255438 -0.0132778 0.393751
0.001445 2222.54 0.000886175 255450 -0.0524487 0.390571
0.001635 2223.5 0.00127804 255449 -0.0729353 0.390336
0.001955 2210.27 0.00300955 255439 -0.0530853 0.392558
0.001275 2220.04 0.000544968 255436 -0.0251177 0.391047
0.000885 2205.91 0.000284311 255439 -0.0118792 0.393672
0.001455 2222.65 0.00090568 255453 -0.0626427 0.390554
0.002925 1798.96 0.0400967 255466 -0.102494 0.482197
0.004215 375.58 0.22678 255447 0.026348 2.35195
0.002935 1781.57 0.0415575 255460 -0.09601 0.486889
0.004225 374.576 0.227078 255447 0.0264894 2.35854
0.001465 2222.75 0.000925088 255455 -0.0706127 0.390536
0.002945 1764.2 0.0430065 255444 -0.0957475 0.491651
0.004235 373.602 0.227363 255447 0.0261675 2.36497
0.002955 1746.84 0.0444426 255424 -0.102772 0.496496
0.001475 2222.85 0.000944392 255455 -0.0748498 0.390515
0.004245 372.656 0.227635 255447 0.0256009 2.37124
0.002965 1729.51 0.0458648 255416 -0.108066 0.501455
0.001485 2222.95 0.000963589 255454 -0.0747452 0.390491
0.004255 371.734 0.227896 255446 0.0252162 2.37738
0.002975 1712.2 0.0472721 255428 -0.103475 0.506548
0.001495 2223.04 0.000982674 255450 -0.0705508 0.390467
0.004265 370.839 0.228145 255449 0.025195 2.38341
0.002985 1694.92 0.0486632 255449 -0.095209 0.511755
0.001505 2223.13 0.00100164 255446 -0.062924 0.390441
0.004275 370.128 0.228382 255447 0.0252899 2.38821
0.002995 1677.69 0.0500371 255463 -0.094331 0.517042
0.001515 2223.21 0.00102049 255441 -0.0529906 0.390416
0.004285 369.442 0.228609 255447 0.0252114 2.39289
0.003005 1660.49 0.0513924 255466 -0.0989844 0.522403
0.003975 425.715 0.214467 255456 0.0262322 2.06693
0.001525 2223.29 0.00103922 255437 -0.0428936 0.390391
0.004295 368.777 0.228826 255447 0.0248562 2.39744
0.003015 1643.35 0.052728 255464 -0.0993946 0.527853
0.004305 368.131 0.229033 255446 0.0244153 2.40188
0.001535 2223.37 0.00105783 255434 -0.0355572 0.390371
0.003025 1626.26 0.0540424 255465 -0.0943576 0.533404
0.003215 1307.62 0.0800495 255468 -0.0513779 0.663809
0.004315 367.501 0.229231 255446 0.0241301 2.40622
0.001545 2223.44 0.00107631 255435 -0.0333425 0.390356
0.003035 1609.24 0.0553344 255468 -0.0905702 0.539056
0.003575 720.654 0.162443 255459 0.0157268 1.21071
0.003985 422.437 0.215225 255450 0.0294298 2.08334
0.004325 366.886 0.229419 255446 0.0240466 2.41047
0.002415 2143.5 0.00939015 255462 -0.111626 0.404741
0.001555 2223.51 0.00109466 255438 -0.03686 0.390345
0.003045 1592.3 0.0566026 255467 -0.0899107 0.544794
0.004985 360.187 0.232845 255444 0.00382847 2.46057
0.003585 709.676 0.164221 255466 0.0249128 1.2297
0.004335 366.287 0.229599 255449 0.0239887 2.41464
0.003995 419.27 0.215959 255450 0.0293981 2.09949
0.001565 2223.58 0.00111288 255443 -0.0448442 0.390338
0.002425 2141.89 0.00954226 255456 -0.104942 0.405035
0.003055 1575.45 0.0578456 255455 -0.0870992 0.550602
0.004345 365.831 0.22977 255447 0.023779 2.41784
0.003595 698.81 0.165978 255462 0.0208635 1.24904
0.003225 1287.03 0.082969 255472 -0.0411643 0.674491
0.004995 360.243 0.232848 255444 0.00355704 2.46019
0.001575 2223.64 0.00113098 255449 -0.0550807 0.390332
0.004005 416.197 0.216667 255452 0.0290958 2.11542
0.002435 2140.3 0.00969342 255445 -0.0910156 0.405319
0.003065 1558.69 0.0590618 255433 -0.0800993 0.556481
0.004355 365.391 0.229933 255446 0.0234263 2.42094
0.003605 688.058 0.167712 255452 0.0073102 1.26875
0.005005 360.289 0.232852 255444 0.00328386 2.45988
0.003235 1266.7 0.0858498 255473 -0.0345985 0.685376
0.001585 2223.69 0.00114894 255453 -0.0653959 0.390325
0.004015 413.21 0.217352 255446 0.0248966 2.13107
0.003075 1542.05 0.06025 255418 -0.0752023 0.562465
0.002445 2138.72 0.00984363 255433 -0.0744417 0.405599
0.004365 364.962 0.230088 255446 0.0230628 2.42398
0.003615 677.416 0.169424 255441 -0.00620584 1.28888
0.005015 360.327 0.232854 255444 0.00300683 2.45964
0.001595 2223.75 0.00116676 255455 -0.0741665 0.390316
0.004025 410.317 0.218013 255445 0.0252176 2.1465
0.003085 1525.53 0.0614087 255424 -0.0774723 0.56858
0.003245 1246.62 0.0886913 255473 -0.03013 0.696475
0.004375 364.544 0.230236 255446 0.0228141 2.42695
0.003625 666.885 0.171114 255437 -0.0104883 1.30947
0.001645 2223.11 0.00133645 255443 -0.0612546 0.390392
0.003635 656.462 0.172782 255442 -0.00255237 1.33055
0.001655 2222.72 0.00139463 255437 -0.0489092 0.390448
0.003645 646.147 0.174428 255452 0.0124509 1.35212
0.001665 2222.33 0.00145256 255433 -0.0395745 0.390508
0.003655 635.937 0.176052 255461 0.0247378 1.37415
0.001675 2221.93 0.00151024 255433 -0.0361605 0.390574
0.003665 625.831 0.177653 255462 0.0266623 1.39664
0.001685 2221.54 0.00156767 255436 -0.0393179 0.390645
0.003675 615.825 0.179232 255455 0.0180069 1.41959
0.001695 2221.14 0.00162484 255442 -0.0474362 0.390721
0.003685 605.916 0.180788 255445 0.00595416 1.44305
0.001705 2220.73 0.00168175 255447 -0.0578623 0.390797
0.003695 596.172 0.182321 255469 4.20469e-05 1.46708
0.001965 2209.84 0.00305864 255446 -0.0636569 0.392641
0.001715 2220.33 0.00173839 255452 -0.0683112 0.390872
0.003705 587.637 0.18383 255441 0.00402294 1.48854
0.001725 2219.92 0.00179477 255455 -0.0775071 0.390945
0.003715 579.297 0.185313 255449 0.0154279 1.51034
0.001735 2219.52 0.00185086 255457 -0.0847945 0.391016
0.003725 571.08 0.186771 255457 0.0257998 1.53245
0.001745 2219.11 0.00190668 255457 -0.0891668 0.391084
0.001975 2209.42 0.00310743 255451 -0.0735851 0.392722
0.003735 562.986 0.188204 255459 0.0280621 1.55484
0.001755 2218.69 0.00196222 255454 -0.0888515 0.39115
0.003745 555.012 0.18961 255454 0.0215691 1.57749
0.001985 2208.99 0.0031559 255454 -0.0824561 0.392801
0.001765 2218.28 0.00201746 255450 -0.0823515 0.391214
0.003755 547.157 0.19099 255446 0.0123282 1.60043
0.001995 2208.57 0.00320407 255457 -0.0903671 0.392878
0.001775 2217.87 0.00207242 255445 -0.0702721 0.391275
0.003765 539.418 0.192344 255441 0.00807908 1.62372
0.002005 2208.14 0.00325192 255458 -0.0965218 0.392953
0.001785 2217.45 0.00212709 255438 -0.0560467 0.391335
0.000895 2206.35 0.000286409 255442 -0.0151811 0.393596
0.003775 531.792 0.193672 255443 0.0122168 1.64738
0.002015 2207.71 0.00329947 255458 -0.0990486 0.393026
0.001795 2217.04 0.00218146 255433 -0.0445606 0.391397
0.003785 524.275 0.194973 255449 0.021372 1.67142
0.002455 2137.15 0.00999288 255425 -0.0611344 0.405884
0.005025 360.354 0.232857 255444 0.0027284 2.45946
0.002025 2207.29 0.00334671 255455 -0.0959889 0.393096
0.001805 2216.62 0.00223553 255431 -0.0396257 0.391465
0.003795 516.904 0.196248 255475 0.0283252 1.6958
0.002465 2135.59 0.0101412 255424 -0.0565903 0.406178
0.000905 2206.78 0.000288495 255446 -0.0223691 0.393523
0.005035 360.374 0.232859 255445 0.00243243 2.45934
0.002035 2206.86 0.00339364 255449 -0.0868631 0.393161
0.001815 2216.2 0.0022893 255435 -0.0421563 0.391541
0.003805 510.481 0.197495 255456 0.0278286 1.71739
0.002475 2134.04 0.0102885 255432 -0.062944 0.406484
0.000915 2207.2 0.000290569 255449 -0.0317823 0.39345
0.005045 360.45 0.232861 255444 0.00213388 2.45882
0.002045 2206.44 0.00344028 255442 -0.0737468 0.393223
0.001825 2215.78 0.00234277 255440 -0.050207 0.391621
0.003815 504.222 0.198714 255451 0.0217839 1.73906
0.002485 2132.51 0.0104348 255444 -0.077403 0.406796
0.000925 2207.62 0.00029263 255452 -0.0413949 0.393376
0.005055 360.517 0.232863 255444 0.00184423 2.45836
0.002055 2206.01 0.00348662 255435 -0.060854 0.393285
0.001835 2215.36 0.00239593 255446 -0.0606231 0.391702
0.003825 498.085 0.199905 255445 0.0158586 1.76084
0.002495 2130.99 0.0105801 255454 -0.0940113 0.407103
0.000935 2208.03 0.000294677 255453 -0.0492744 0.393302
0.005065 360.575 0.232865 255444 0.00154783 2.45797
0.002065 2204.93 0.003579 255354 -0.0523913 0.393353
0.001845 2214.94 0.00244878 255451 -0.0709584 0.391781
0.003835 492.068 0.201068 255442 0.0152299 1.78276
0.002505 2129.48 0.0107244 255461 -0.107157 0.407401
0.000945 2208.44 0.00029671 255452 -0.0539095 0.393226
0.005075 360.624 0.232866 255444 0.00125522 2.45765
0.002075 2203.7 0.00371248 255432 -0.0513433 0.393689
0.004035 407.518 0.218652 255447 0.027051 2.16165
0.002085 2201.81 0.00389182 255438 -0.0569399 0.394032
0.003095 1509.15 0.0625364 255444 -0.0825222 0.574809
0.002095 2199.93 0.00407051 255445 -0.0663935 0.394377
0.003255 1226.79 0.0914926 255467 -0.034455 0.707781
0.003105 1492.93 0.0636316 255462 -0.0832415 0.581111
0.002105 2198.06 0.00424854 255450 -0.0760552 0.39472
0.004045 404.81 0.219267 255449 0.0291185 2.17652
0.003115 1476.88 0.0646931 255469 -0.0788337 0.587459
0.002115 2196.19 0.00442591 255454 -0.0845915 0.395059
0.004055 402.194 0.219861 255455 0.0294188 2.19113
0.003125 1461.01 0.0657194 255469 -0.0726837 0.593855
0.002125 2194.32 0.00460261 255456 -0.0923021 0.395397
0.004065 399.949 0.220433 255447 0.0280013 2.20375
0.003265 1207.19 0.0942534 255457 -0.05217 0.719315
0.003135 1445.36 0.0667092 255469 -0.0669785 0.600305
0.004385 364.134 0.230377 255446 0.0226675 2.42986
0.002135 2192.46 0.00477862 255458 -0.0991337 0.395733
0.004075 397.781 0.220984 255446 0.0264705 2.21613
0.001855 2214.52 0.00250133 255455 -0.0802007 0.391858
0.003145 1429.95 0.0676613 255469 -0.0635888 0.606802
0.003275 1187.81 0.0969732 255438 -0.0812133 0.731068
0.002515 2126.02 0.0110056 255223 -0.114627 0.40769
0.002145 2190.61 0.00495394 255459 -0.103228 0.396067
0.004395 363.731 0.230511 255446 0.0225097 2.43272
0.004085 395.672 0.221514 255446 0.0262917 2.22832
0.003155 1414.78 0.0685744 255467 -0.0658409 0.613325
0.001865 2214.09 0.00255356 255457 -0.0878902 0.391933
0.003285 1168.65 0.0996519 255426 -0.0962638 0.743101
0.002525 2121.86 0.0114338 255465 -0.117015 0.408868
0.002155 2188.76 0.00512855 255457 -0.101858 0.396397
0.004405 363.337 0.230639 255448 0.0222408 2.43555
0.004095 393.619 0.222025 255447 0.0274259 2.24032
0.003165 1399.89 0.0694476 255459 -0.0749102 0.619857
0.003295 1149.69 0.102289 255434 -0.0805338 0.755461
0.001875 2213.67 0.00260548 255457 -0.0930527 0.392005
0.002535 2115.76 0.0119987 255465 -0.116612 0.410047
0.002165 2186.91 0.00530245 255452 -0.0940455 0.396721
0.004415 363.057 0.23076 255446 0.0219018 2.43757
0.000955 2208.86 0.000300807 255452 -0.0543957 0.393148
0.004105 391.619 0.222516 255448 0.0285593 2.25213
0.003175 1385.31 0.0702801 255451 -0.0857429 0.626393
0.003305 1130.93 0.104886 255452 -0.0464485 0.768141
0.001885 2213.25 0.00265709 255456 -0.0941943 0.392076
0.002545 2109.67 0.0125616 255463 -0.113939 0.411226
0.002175 2185.08 0.00547564 255443 -0.0820325 0.397039
0.004425 362.786 0.230875 255446 0.0215772 2.43955
0.004115 389.673 0.222988 255448 0.0285446 2.26374
0.003185 1369.54 0.0714252 255154 -0.0896105 0.632929
0.003315 1112.35 0.107442 255466 -0.0189987 0.781112
0.001895 2212.82 0.00270838 255453 -0.089758 0.392143
0.002555 2103.6 0.0131225 255457 -0.107047 0.412402
0.002185 2183.24 0.00564808 255433 -0.0698989 0.397355
0.004435 362.519 0.230985 255446 0.0213173 2.44149
0.004125 387.784 0.223442 255452 0.0274821 2.27516
0.005085 360.662 0.232867 255444 0.000968415 2.45738
0.004135 386.197 0.223877 255446 0.0264981 2.2848
0.003195 1349.63 0.0740986 255453 -0.0817253 0.643025
0.005095 360.691 0.232868 255444 0.000688327 2.45719
0.003325 1093.94 0.109957 255472 -0.00677918 0.794375
0.005105 360.711 0.232868 255444 0.000418159 2.45706
0.001905 2212.4 0.00275936 255447 -0.0790193 0.392207
0.004445 362.257 0.231089 255446 0.0210997 2.44341
0.005115 360.721 0.232868 255444 0.00013724 2.45699
0.003335 1075.69 0.112433 255472 -0.00363196 0.807959
0.002195 2181.42 0.00581979 255427 -0.0611981 0.397675
0.004145 384.668 0.224295 255446 0.0264112 2.29422
0.001915 2211.97 0.00281003 255440 -0.0638587 0.392268
0.002205 2179.6 0.00599074 255428 -0.0581398 0.398007
0.004455 361.997 0.231188 255446 0.0208583 2.4453
0.004155 383.188 0.224697 255447 0.0270679 2.30342
0.003345 1057.59 0.11487 255469 -0.00750943 0.821884
0.002215 2177.79 0.00616094 255436 -0.0614648 0.398348
0.004465 361.739 0.231282 255446 0.0205633 2.44718
0.003355 1039.64 0.117269 255459 -0.0220839 0.836163
0.002225 2175.99 0.00633035 255445 -0.0695071 0.39869
0.004475 361.485 0.231372 255448 0.0202301 2.44905
0.003365 1021.81 0.119631 255444 -0.0441242 0.850823
0.002235 2174.2 0.00649899 255450 -0.0786157 0.399026
0.003375 1004.1 0.121957 255432 -0.0598919 0.865915
0.003385 986.503 0.124249 255433 -0.0566417 0.881496
0.003395 969.003 0.126507 255445 -0.0350981 0.897594
0.003405 951.91 0.128734 255544 -0.00821931 0.914207
0.003415 937.024 0.130935 255469 0.00888336 0.928607
0.003425 922.586 0.133103 255471 0.0131512 0.943296
0.003435 908.276 0.135239 255465 0.00481717 0.95829
0.003445 894.089 0.137345 255453 -0.0123071 0.973609
0.003455 880.019 0.139422 255440 -0.0303519 0.989288
0.003465 866.061 0.14147 255433 -0.0387757 1.00537
0.003475 852.211 0.143492 255437 -0.0312408 1.0219
0.003485 838.465 0.145488 255449 -0.0113427 1.03888
0.003495 824.819 0.14746 255462 0.00968858 1.0563
0.003505 811.267 0.149408 255469 0.0208547 1.07416
0.003515 797.808 0.151333 255466 0.0175705 1.09246
