1
1
6
0
(16 0
((0) (63) (0))
((64) (127) (0))
((128) (191) (0))
((192) (255) (0))
((256) (319) (0))
((320) (383) (0))
((384) (447) (0))
((448) (511) (0))
((512) (575) (0))
((576) (639) (0))
((640) (703) (0))
((704) (767) (0))
((768) (831) (0))
((832) (895) (0))
((896) (959) (0))
((960) (1023) (0))
)
16
FabOnDisk: Cell_D_00000 0
FabOnDisk: Cell_D_00000 3147
FabOnDisk: Cell_D_00000 6296
FabOnDisk: Cell_D_00000 9446
FabOnDisk: Cell_D_00001 0
FabOnDisk: Cell_D_00001 3150
FabOnDisk: Cell_D_00001 6300
FabOnDisk: Cell_D_00001 9450
FabOnDisk: Cell_D_00002 0
FabOnDisk: Cell_D_00002 3150
FabOnDisk: Cell_D_00002 6300
FabOnDisk: Cell_D_00002 9450
FabOnDisk: Cell_D_00003 0
FabOnDisk: Cell_D_00003 3150
FabOnDisk: Cell_D_00003 6300
FabOnDisk: Cell_D_00003 9450

16,6
1.0000000000000000e+00,0.0000000000000000e+00,0.0000000000000000e+00,-4.7195276905381339e+04,2.3291751145757966e-01,7.6708248854242034e-01,
1.0000000000000000e+00,0.0000000000000000e+00,0.0000000000000000e+00,-4.7195276905381339e+04,2.3291751145757966e-01,7.6708248854242034e-01,
1.0000000000000000e+00,0.0000000000000000e+00,0.0000000000000000e+00,-4.7195276905381339e+04,2.3291751145757966e-01,7.6708248854242034e-01,
1.0000000000000000e+00,0.0000000000000000e+00,0.0000000000000000e+00,-4.7195276905381339e+04,2.3291751145757966e-01,7.6708248854242034e-01,
1.0000000000000000e+00,0.0000000000000000e+00,0.0000000000000000e+00,-4.7195276905381339e+04,2.3291751145757966e-01,7.6708248854242034e-01,
1.0000000000000000e+00,0.0000000000000000e+00,0.0000000000000000e+00,-4.7195276905381339e+04,2.3291751145757966e-01,7.6708248854242034e-01,
1.0000000000000000e+00,0.0000000000000000e+00,0.0000000000000000e+00,-4.7195276905381339e+04,2.3291751145757966e-01,7.6708248854242034e-01,
1.0000000000000000e+00,0.0000000000000000e+00,0.0000000000000000e+00,-4.7195276905381339e+04,2.3291751145757966e-01,7.6708248854242034e-01,
1.2500000000000000e-01,0.0000000000000000e+00,0.0000000000000000e+00,-1.2265654838589768e+04,2.9114688932197458e-02,9.5885311067802542e-02,
1.2500000000000000e-01,0.0000000000000000e+00,0.0000000000000000e+00,-1.2265654838589768e+04,2.9114688932197458e-02,9.5885311067802542e-02,
1.2500000000000000e-01,0.0000000000000000e+00,0.0000000000000000e+00,-1.2265654838589768e+04,2.9114688932197458e-02,9.5885311067802542e-02,
1.2500000000000000e-01,0.0000000000000000e+00,0.0000000000000000e+00,-1.2265654838589768e+04,2.9114688932197458e-02,9.5885311067802542e-02,
1.2500000000000000e-01,0.0000000000000000e+00,0.0000000000000000e+00,-1.2265654838589768e+04,2.9114688932197458e-02,9.5885311067802542e-02,
1.2500000000000000e-01,0.0000000000000000e+00,0.0000000000000000e+00,-1.2265654838589768e+04,2.9114688932197458e-02,9.5885311067802542e-02,
1.2500000000000000e-01,0.0000000000000000e+00,0.0000000000000000e+00,-1.2265654838589768e+04,2.9114688932197458e-02,9.5885311067802542e-02,
1.2500000000000000e-01,0.0000000000000000e+00,0.0000000000000000e+00,-1.2265654838589768e+04,2.9114688932197458e-02,9.5885311067802542e-02,

16,6
1.0000000000000000e+00,0.0000000000000000e+00,0.0000000000000000e+00,-4.7195276905381339e+04,2.3291751145757966e-01,7.6708248854242034e-01,
1.0000000000000000e+00,0.0000000000000000e+00,0.0000000000000000e+00,-4.7195276905381339e+04,2.3291751145757966e-01,7.6708248854242034e-01,
1.0000000000000000e+00,0.0000000000000000e+00,0.0000000000000000e+00,-4.7195276905381339e+04,2.3291751145757966e-01,7.6708248854242034e-01,
1.0000000000000000e+00,0.0000000000000000e+00,0.0000000000000000e+00,-4.7195276905381339e+04,2.3291751145757966e-01,7.6708248854242034e-01,
1.0000000000000000e+00,0.0000000000000000e+00,0.0000000000000000e+00,-4.7195276905381339e+04,2.3291751145757966e-01,7.6708248854242034e-01,
1.0000000000000000e+00,0.0000000000000000e+00,0.0000000000000000e+00,-4.7195276905381339e+04,2.3291751145757966e-01,7.6708248854242034e-01,
1.0000000000000000e+00,0.0000000000000000e+00,0.0000000000000000e+00,-4.7195276905381339e+04,2.3291751145757966e-01,7.6708248854242034e-01,
1.0000000000000000e+00,0.0000000000000000e+00,0.0000000000000000e+00,-4.7195276905381339e+04,2.3291751145757966e-01,7.6708248854242034e-01,
1.2500000000000000e-01,0.0000000000000000e+00,0.0000000000000000e+00,-1.2265654838589768e+04,2.9114688932197458e-02,9.5885311067802542e-02,
1.2500000000000000e-01,0.0000000000000000e+00,0.0000000000000000e+00,-1.2265654838589768e+04,2.9114688932197458e-02,9.5885311067802542e-02,
1.2500000000000000e-01,0.0000000000000000e+00,0.0000000000000000e+00,-1.2265654838589768e+04,2.9114688932197458e-02,9.5885311067802542e-02,
1.2500000000000000e-01,0.0000000000000000e+00,0.0000000000000000e+00,-1.2265654838589768e+04,2.9114688932197458e-02,9.5885311067802542e-02,
1.2500000000000000e-01,0.0000000000000000e+00,0.0000000000000000e+00,-1.2265654838589768e+04,2.9114688932197458e-02,9.5885311067802542e-02,
1.2500000000000000e-01,0.0000000000000000e+00,0.0000000000000000e+00,-1.2265654838589768e+04,2.9114688932197458e-02,9.5885311067802542e-02,
1.2500000000000000e-01,0.0000000000000000e+00,0.0000000000000000e+00,-1.2265654838589768e+04,2.9114688932197458e-02,9.5885311067802542e-02,
1.2500000000000000e-01,0.0000000000000000e+00,0.0000000000000000e+00,-1.2265654838589768e+04,2.9114688932197458e-02,9.5885311067802542e-02,

