0.003525 2044.81 0.044228 216353 0.0146205 0.356254
0.003535 2043.3 0.0441839 216353 0.0146528 0.356519
0.003545 2041.78 0.0441385 216353 0.0146845 0.356784
0.003555 2040.27 0.044092 216353 0.0147156 0.35705
0.003565 2038.75 0.0440443 216353 0.0147461 0.357317
0.003575 2037.23 0.0439954 216353 0.0147755 0.357584
0.003585 2035.71 0.0439454 216353 0.0148056 0.357852
0.003595 2034.19 0.0438943 216353 0.0148344 0.358121
0.003605 2032.66 0.043842 216353 0.0148625 0.358391
0.003615 2031.14 0.0437886 216353 0.0148899 0.358661
0.003625 2029.61 0.0437341 216353 0.0149166 0.358932
0.003635 2028.08 0.0436786 216353 0.0149426 0.359204
0.003645 2026.55 0.043622 216353 0.014968 0.359477
0.003655 2025.02 0.0435643 216353 0.0149927 0.35975
0.003665 2023.48 0.0435057 216353 0.0150167 0.360024
0.003675 2021.95 0.043446 216353 0.01504 0.3603
0.003685 2020.41 0.0433853 216353 0.0150626 0.360575
0.003695 2018.87 0.0433236 216353 0.0150845 0.360852
0.000965 2557.17 0.0136021 216353 0.00319486 0.285444
0.003705 2017.32 0.0432609 216353 0.0151056 0.36113
0.000975 2554.87 0.0138209 216353 0.00319482 0.285699
0.003715 2015.78 0.0431973 216353 0.0151254 0.361408
0.002885 2145.17 0.044144 216353 0.0116613 0.339638
0.000985 2552.57 0.0140396 216353 0.00319518 0.285954
0.003725 2014.21 0.0431328 216353 0.0151458 0.361692
0.000995 2550.27 0.0142581 216353 0.00319593 0.28621
0.003735 2012.63 0.0430674 216353 0.0151646 0.361977
0.002895 2143.51 0.0441929 216353 0.0117178 0.339898
0.001005 2547.97 0.0144764 216353 0.00319708 0.286467
0.003745 2011.05 0.043001 216353 0.0151825 0.362263
0.002905 2141.85 0.0442402 216353 0.011774 0.34016
0.001015 2545.65 0.0146945 216353 0.00319864 0.286725
0.003755 2009.47 0.0429338 216353 0.0151996 0.36255
0.002915 2140.19 0.044286 216353 0.0118299 0.340421
0.003845 1995.12 0.042292 216353 0.0153155 0.365176
0.001025 2543.34 0.0149125 216353 0.00320062 0.286984
0.003765 2007.89 0.0428657 216353 0.0152158 0.362837
0.002925 2138.53 0.0443303 216353 0.0118855 0.340683
0.003855 1993.51 0.0422169 216353 0.0153234 0.365473
0.003865 1991.84 0.0421412 216353 0.0153316 0.365782
0.003875 1990.16 0.0420648 216353 0.0153379 0.366092
0.001035 2541.02 0.0151303 216353 0.00320301 0.287243
0.003775 2006.3 0.0427968 216353 0.0152313 0.363126
0.003885 1988.48 0.0419877 216353 0.0153432 0.366404
0.002935 2136.88 0.044373 216353 0.0119408 0.340946
0.003895 1986.8 0.0419101 216353 0.0153476 0.366717
0.003905 1985.11 0.0418318 216353 0.0153509 0.367031
0.001045 2538.7 0.015348 216353 0.00320571 0.287504
0.003915 1983.42 0.041753 216353 0.0153532 0.367346
0.003785 2004.71 0.042727 216353 0.0152459 0.363416
0.002945 2135.22 0.0444141 216353 0.0119959 0.341208
0.003925 1981.73 0.0416736 216353 0.0153546 0.367663
0.003205 2093.56 0.0449415 216353 0.0133282 0.34796
0.003935 1980.03 0.0415937 216353 0.0153549 0.367981
0.003215 2092.02 0.0449412 216353 0.0133751 0.348216
0.001055 2536.37 0.0155654 216353 0.00320799 0.287766
0.003945 1978.32 0.0415132 216353 0.0153542 0.3683
0.002245 2262.42 0.0379649 216353 0.00768733 0.322223
0.003795 2003.12 0.0426564 216353 0.0152596 0.363707
0.003225 2090.47 0.0449394 216353 0.0134216 0.348473
0.002955 2133.56 0.0444537 216353 0.0120507 0.341471
0.003955 1976.62 0.0414323 216353 0.0153525 0.368621
0.001065 2534.07 0.0157826 216353 0.00321266 0.288025
0.003805 2001.53 0.042585 216353 0.0152725 0.363998
0.002255 2260.35 0.0381037 216353 0.0077507 0.322514
0.003235 2088.92 0.0449361 216353 0.0134677 0.348731
0.002965 2131.9 0.0444918 216353 0.0121052 0.341735
0.003965 1974.91 0.0413509 216353 0.0153499 0.368943
0.001075 2531.77 0.0159996 216353 0.00321698 0.288285
0.003815 1999.93 0.0425129 216353 0.0152846 0.364291
0.002265 2258.29 0.0382413 216353 0.00781416 0.322805
0.003245 2087.38 0.0449314 216353 0.0135134 0.348988
0.002975 2130.25 0.0445283 216353 0.0121595 0.341999
0.003975 1973.19 0.041269 216353 0.0153462 0.369266
0.001085 2529.46 0.0162164 216353 0.00322168 0.288545
0.003825 1998.33 0.04244 216353 0.0152958 0.364585
0.002275 2256.23 0.0383777 216353 0.00787772 0.323096
0.003255 2085.83 0.0449251 216353 0.0135588 0.349247
0.002985 2128.59 0.0445632 216353 0.0122134 0.342263
0.003985 1971.47 0.0411867 216353 0.0153414 0.369591
0.001095 2527.15 0.016433 216353 0.00322687 0.288807
0.003835 1996.72 0.0423663 216353 0.0153061 0.36488
0.002285 2254.17 0.0385129 216353 0.00794138 0.323388
0.003265 2084.28 0.0449175 216353 0.0136037 0.349505
0.002995 2126.93 0.0445966 216353 0.0122671 0.342528
0.003995 1969.74 0.041104 216353 0.0153347 0.369917
0.001105 2524.83 0.0166494 216353 0.00323257 0.28907
0.002295 2252.11 0.0386469 216353 0.00800504 0.323681
0.003275 2082.73 0.0449083 216353 0.0136483 0.349765
0.003005 2125.28 0.0446284 216353 0.0123204 0.342793
0.002305 2250.05 0.0387796 216353 0.00806834 0.323974
0.003015 2123.62 0.0446587 216353 0.012373 0.343059
0.002315 2248.08 0.0389112 216353 0.00813311 0.324253
0.003285 2081.19 0.0448977 216353 0.0136924 0.350024
0.004005 1967.91 0.0410209 216353 0.0153283 0.370265
0.002325 2246.12 0.0390415 216353 0.00819742 0.324533
0.003025 2122.03 0.0446874 216353 0.0124267 0.343315
0.001115 2522.51 0.0168655 216353 0.00323876 0.289333
0.002335 2244.16 0.0391705 216353 0.00826161 0.324813
0.003035 2120.43 0.0447146 216353 0.0124796 0.343572
0.001125 2520.19 0.0170814 216353 0.00324547 0.289598
0.002345 2242.2 0.0392983 216353 0.00832579 0.325094
0.003045 2118.84 0.0447402 216353 0.0125321 0.343829
0.003295 2079.64 0.0448856 216353 0.0137356 0.350285
0.000645 2613.18 0.00809534 216353 0.00782337 0.279378
0.002355 2240.24 0.0394248 216353 0.00838995 0.325375
0.003055 2117.24 0.0447643 216353 0.0125843 0.344086
0.001135 2517.86 0.0172971 216353 0.00325269 0.289863
0.004015 1966.07 0.0409374 216353 0.0153196 0.370614
0.001285 2482.7 0.0204983 216353 0.00342736 0.293931
0.002365 2238.28 0.0395501 216353 0.0084541 0.325657
0.003065 2115.65 0.0447868 216353 0.0126362 0.344344
0.001145 2515.53 0.0175125 216353 0.00326042 0.290129
0.003305 2078.12 0.0448721 216353 0.0137797 0.35054
0.001925 2331.89 0.0329517 216353 0.00577108 0.312735
0.002375 2236.32 0.0396741 216353 0.00851822 0.325939
0.003075 2114.05 0.0448078 216353 0.0126877 0.344603
0.001155 2513.2 0.0177276 216353 0.00326868 0.290396
0.004025 1964.23 0.0408536 216353 0.0153098 0.370964
0.000655 2612.23 0.00819826 216353 0.00781706 0.279478
0.002385 2234.36 0.0397968 216353 0.00858233 0.326221
0.003085 2112.46 0.0448273 216353 0.0127389 0.344861
0.000325 2633.85 0.00564691 216353 0.0108753 0.277216
0.003315 2076.61 0.0448572 216353 0.013823 0.350795
0.001165 2510.86 0.0179425 216353 0.00327746 0.290665
0.002395 2232.4 0.0399182 216353 0.00864641 0.326504
0.001295 2480.33 0.0207092 216353 0.00344378 0.294209
0.003095 2110.86 0.0448452 216353 0.0127898 0.345121
0.000335 2633.64 0.0056769 216353 0.0108726 0.277238
0.001175 2508.52 0.0181571 216353 0.00328678 0.290934
0.002405 2230.44 0.0400383 216353 0.00871047 0.326787
0.004035 1962.38 0.0407694 216353 0.0152988 0.371316
0.001935 2329.64 0.0331236 216353 0.00582609 0.313033
0.003105 2109.27 0.0448616 216353 0.0128403 0.34538
0.000345 2633.42 0.00570679 216353 0.0108843 0.27726
0.000665 2611.28 0.00830106 216353 0.00781073 0.279578
0.001185 2506.17 0.0183715 216353 0.00329653 0.291203
0.002415 2228.49 0.0401571 216353 0.00877451 0.327071
0.003325 2075.09 0.0448408 216353 0.0138657 0.351051
0.003115 2107.67 0.0448764 216353 0.0128905 0.34564
0.000355 2633.19 0.00573744 216353 0.0103278 0.277283
0.001305 2477.96 0.0209197 216353 0.00346083 0.294487
0.001195 2503.82 0.0185855 216353 0.00330598 0.291474
0.002425 2226.53 0.0402746 216353 0.00883852 0.327355
0.004045 1960.53 0.040685 216353 0.0152868 0.37167
0.003125 2106.08 0.0448897 216353 0.0129404 0.345901
0.000365 2632.77 0.0057945 216353 0.00977278 0.277327
0.001945 2327.39 0.0332947 216353 0.00588147 0.313332
0.001205 2501.49 0.0187993 216353 0.00331789 0.291744
0.002435 2224.57 0.0403907 216353 0.00890252 0.327639
0.000675 2610.33 0.00840373 216353 0.00780438 0.279678
0.003135 2104.48 0.0449015 216353 0.0129899 0.346161
0.000375 2632.34 0.00585233 216353 0.00978373 0.277371
0.003335 2073.58 0.0448231 216353 0.0139079 0.351307
0.001215 2499.15 0.0190128 216353 0.00332957 0.292014
0.002445 2222.62 0.0405056 216353 0.00896639 0.327924
0.001315 2475.59 0.0211298 216353 0.00347852 0.294767
0.003145 2102.89 0.0449118 216353 0.013039 0.346423
0.000385 2631.91 0.00591008 216353 0.00977982 0.277416
0.004055 1958.67 0.0406003 216353 0.0152736 0.372026
0.001955 2325.14 0.0334648 216353 0.00593722 0.313632
0.001225 2496.81 0.0192259 216353 0.00334173 0.292285
0.002455 2220.67 0.040619 216353 0.0090298 0.328209
0.000685 2609.38 0.00850629 216353 0.00779802 0.279779
0.003155 2101.3 0.0449205 216353 0.0130873 0.346684
0.000395 2631.48 0.00596774 216353 0.00977592 0.277461
0.003345 2072.06 0.0448039 216353 0.0139497 0.351564
0.001235 2494.47 0.0194388 216353 0.00335448 0.292557
0.002465 2218.81 0.0407312 216353 0.00909457 0.328481
0.001325 2473.22 0.0213396 216353 0.00349672 0.295047
0.003165 2099.75 0.0449277 216353 0.0131367 0.346939
0.000405 2631.04 0.00602531 216353 0.00977196 0.277507
0.004065 1956.81 0.0405153 216353 0.0152593 0.372383
0.001245 2492.12 0.0196514 216353 0.00336784 0.29283
0.001965 2322.89 0.0336341 216353 0.00599333 0.313932
0.002475 2216.95 0.040842 216353 0.00915881 0.328753
0.003175 2098.2 0.0449334 216353 0.0131852 0.347193
0.000415 2630.6 0.00608278 216353 0.00976789 0.277552
0.000695 2608.42 0.00860872 216353 0.00779163 0.279881
0.001255 2489.77 0.0198636 216353 0.0033818 0.293104
0.003355 2070.54 0.0447833 216353 0.013991 0.351822
0.002485 2215.09 0.0409514 216353 0.00922283 0.329026
0.003185 2096.66 0.0449376 216353 0.0132333 0.347448
0.000425 2630.15 0.00614017 216353 0.00976373 0.277598
0.001335 2470.84 0.021549 216353 0.00351477 0.295328
0.001265 2487.41 0.0200755 216353 0.00339637 0.293379
0.004075 1954.94 0.0404301 216353 0.0152439 0.372742
0.002495 2213.23 0.0410595 216353 0.00928674 0.329298
0.003195 2095.11 0.0449403 216353 0.0132809 0.347704
0.000435 2629.71 0.00619746 216353 0.00975948 0.277644
0.001975 2320.64 0.0338024 216353 0.00604981 0.314233
0.001275 2485.06 0.0202871 216353 0.00341156 0.293655
0.000705 2607.46 0.00871102 216353 0.00778523 0.279982
0.001605 2406.57 0.0270326 216353 0.0042788 0.303135
0.001615 2404.17 0.0272283 216353 0.00431562 0.303434
0.000715 2606.5 0.00881318 216353 0.00777882 0.280084
0.001625 2401.82 0.0274234 216353 0.00435473 0.303728
0.000725 2605.53 0.00891522 216353 0.0077724 0.280187
0.001635 2399.46 0.0276179 216353 0.00439375 0.304023
0.000735 2604.56 0.00901712 216353 0.00776596 0.28029
0.001645 2397.11 0.0278118 216353 0.00443325 0.304319
0.000745 2603.59 0.00911888 216353 0.00775944 0.280393
0.001655 2394.75 0.028005 216353 0.00447336 0.304615
0.000755 2602.61 0.00922049 216353 0.00775217 0.280497
0.001665 2392.39 0.0281976 216353 0.00451406 0.304913
0.000765 2601.63 0.00932197 216353 0.00781079 0.280601
0.001675 2390.03 0.0283896 216353 0.00455536 0.305211
0.000775 2600.6 0.00942682 216349 0.00549956 0.280706
0.001685 2387.66 0.0285809 216353 0.00459726 0.30551
0.000785 2598.38 0.00964394 216353 0.00319071 0.280948
0.001695 2385.3 0.0287715 216353 0.00463977 0.305809
0.004485 1981.69 0.0370658 216353 0.0134427 0.367833
0.000795 2596.12 0.00986454 216353 0.0032504 0.281192
0.001705 2382.93 0.0289615 216353 0.00468287 0.30611
0.000805 2593.85 0.0100851 216353 0.00324385 0.281437
0.001715 2380.57 0.0291507 216353 0.00472659 0.306411
0.000815 2591.57 0.0103056 216353 0.00323837 0.281682
0.001725 2378.2 0.0293393 216353 0.0047709 0.306713
0.000825 2589.29 0.010526 216353 0.00323326 0.281928
0.004495 1985.66 0.0369944 216353 0.0133494 0.3671
0.001735 2375.83 0.0295272 216353 0.00481584 0.307015
0.000835 2587.01 0.0107463 216353 0.00322843 0.282176
0.004505 1989.61 0.036924 216353 0.0132506 0.366374
0.001745 2373.45 0.0297144 216353 0.00486128 0.307319
0.000845 2584.72 0.0109666 216353 0.0032239 0.282424
0.004515 1993.54 0.0368544 216353 0.0131463 0.365654
0.001755 2371.08 0.0299008 216353 0.00490669 0.307623
0.000855 2582.42 0.0111868 216353 0.00321966 0.282673
0.004525 1997.46 0.0367856 216353 0.0130365 0.36494
0.001765 2368.77 0.0300866 216353 0.00495424 0.30792
0.000865 2580.13 0.0114069 216353 0.00321574 0.282923
0.004535 2001.36 0.0367178 216353 0.0129213 0.364232
0.001775 2366.46 0.0302715 216353 0.00500167 0.308217
0.000875 2577.82 0.0116269 216353 0.00321212 0.283174
0.004545 2005.23 0.0366509 216353 0.0128015 0.36353
0.001785 2364.14 0.0304558 216353 0.00504948 0.308516
0.000885 2575.52 0.0118468 216353 0.00320881 0.283426
0.004555 2009.08 0.0365849 216351 0.0126766 0.362834
0.001795 2361.83 0.0306393 216353 0.00509779 0.308815
0.000895 2573.21 0.0120667 216353 0.00320582 0.283678
0.004565 2012.27 0.0365199 216353 0.0125392 0.362264
0.001805 2359.51 0.030822 216353 0.00514659 0.309115
0.002565 2200.26 0.041777 216353 0.00973073 0.331218
0.000905 2570.89 0.0122864 216353 0.00320304 0.283932
0.004575 2015.43 0.0364558 216353 0.0123995 0.361699
0.001815 2357.19 0.0310039 216353 0.00519589 0.309415
0.004165 1947.43 0.039657 216353 0.0151168 0.374206
0.000915 2568.57 0.012506 216353 0.00319973 0.284186
0.004585 2018.57 0.0363926 216353 0.0122549 0.361138
0.001825 2354.88 0.0311851 216353 0.00524569 0.309716
0.000925 2566.3 0.0127255 216353 0.00319875 0.284436
0.004595 2021.69 0.0363304 216353 0.0121056 0.360583
0.004805 2072.74 0.0352652 216353 0.00797114 0.351744
0.004175 1947.9 0.039571 216353 0.015102 0.374119
0.001835 2352.56 0.0313655 216353 0.00529598 0.310018
0.002575 2198.41 0.0418738 216353 0.00979368 0.331493
0.000935 2564.02 0.0129448 216353 0.00319729 0.284687
0.004605 2024.79 0.0362692 216353 0.0119518 0.360033
0.004185 1948.37 0.0394851 216353 0.0150845 0.374032
0.001845 2350.24 0.031545 216353 0.00534678 0.310321
0.004815 2074.51 0.0352267 216353 0.00773689 0.351445
0.000945 2561.74 0.0131641 216353 0.0031961 0.284939
0.002585 2196.56 0.0419693 216353 0.0098564 0.331769
0.004615 2027.88 0.036209 216353 0.0117934 0.359488
0.004195 1948.83 0.0393993 216353 0.0150643 0.373946
0.001855 2347.92 0.0317238 216353 0.00539807 0.310624
0.000955 2559.46 0.0133832 216353 0.00319529 0.285191
0.004825 2076.22 0.0351893 216350 0.00749661 0.351151
0.002595 2194.72 0.0420633 216353 0.00991858 0.332046
0.004625 2030.94 0.0361497 216353 0.0116304 0.358948
0.001865 2345.6 0.0319017 216353 0.00544986 0.310928
0.001875 2343.27 0.0320788 216353 0.00550216 0.311233
0.001885 2340.95 0.0322551 216353 0.00555486 0.311538
0.001895 2338.63 0.0324305 216353 0.00560747 0.311844
0.001905 2336.38 0.0326051 216353 0.00566206 0.31214
0.001915 2334.13 0.0327788 216353 0.00571644 0.312437
5e-06 2637.2 0.00512972 216353 0.012167 0.276875
0.002505 2211.38 0.0411661 216353 0.00935052 0.329571
0.002515 2209.52 0.0412714 216353 0.00941419 0.329845
0.002525 2207.67 0.0413753 216353 0.00947774 0.330119
0.002535 2205.82 0.0414779 216353 0.00954117 0.330393
0.002545 2203.96 0.041579 216353 0.00960448 0.330667
0.002555 2202.11 0.0416787 216353 0.00966767 0.330942
1.5e-05 2637.19 0.00512963 216353 0.0121669 0.276875
0.001345 2468.48 0.021758 216353 0.0035353 0.295608
0.000445 2629.26 0.00625466 216353 0.00975513 0.277691
0.003365 2069.02 0.0447613 216353 0.0140318 0.35208
0.000455 2628.81 0.00631176 216353 0.00975068 0.277738
2.5e-05 2637.19 0.00512945 216353 0.0121668 0.276875
0.001355 2466.12 0.0219667 216353 0.00355568 0.295888
0.004085 1953.06 0.0403446 216353 0.0152273 0.373103
0.000465 2628.35 0.00636876 216353 0.00974611 0.277785
0.001985 2318.39 0.0339698 216353 0.00610666 0.314534
3.5e-05 2637.18 0.00512918 216353 0.0121667 0.276876
0.001365 2463.75 0.0221749 216353 0.00357659 0.29617
0.000475 2627.9 0.00642567 216353 0.00974122 0.277832
0.004205 1949.29 0.0393137 216353 0.0150415 0.373861
4.5e-05 2637.17 0.00512883 216353 0.0121666 0.276877
0.004835 2076.93 0.0351532 216353 0.00725169 0.351039
0.001375 2461.38 0.0223827 216353 0.00359816 0.296452
0.000485 2627.44 0.00648247 216353 0.00976141 0.27788
0.003375 2067.51 0.044738 216353 0.0140722 0.352338
0.004095 1951.18 0.040259 216353 0.0152096 0.373466
0.002605 2192.95 0.0421558 216353 0.00998201 0.332309
0.004215 1949.74 0.0392283 216353 0.0150161 0.373777
5.5e-05 2637.16 0.00512838 216353 0.0121664 0.276878
0.004845 2077.58 0.0351182 216353 0.00700749 0.35093
0.004635 2033.98 0.0360915 216353 0.0114629 0.358413
0.001995 2316.14 0.0341362 216353 0.00616387 0.314836
0.001385 2459.01 0.0225901 216353 0.00362039 0.296735
0.000495 2626.96 0.00654061 216352 0.00882217 0.277928
0.003385 2065.99 0.0447132 216353 0.0141122 0.352597
0.004105 1949.29 0.0401732 216353 0.0151908 0.37383
0.004225 1950.19 0.039143 216353 0.0149881 0.373695
6.5e-05 2637.15 0.00512784 216353 0.0121728 0.276879
0.004855 2078.21 0.0350844 216353 0.0067613 0.350825
0.002615 2191.19 0.042247 216353 0.0100448 0.332573
0.002005 2313.89 0.0343017 216353 0.00622145 0.315139
0.001395 2456.64 0.0227971 216353 0.00364328 0.297019
0.000505 2626.08 0.00664355 216353 0.00788426 0.278022
0.004115 1947.4 0.0400873 216353 0.0151716 0.374197
0.003395 2064.47 0.0446871 216353 0.0141517 0.352857
0.004235 1950.64 0.0390579 216353 0.0149574 0.373613
0.002015 2311.64 0.0344662 216353 0.0062794 0.315442
7.5e-05 2637.13 0.00512765 216353 0.0118894 0.276881
0.004865 2078.81 0.0350517 216353 0.00651415 0.350724
0.002625 2189.44 0.0423366 216353 0.0101074 0.332837
0.004645 2037.01 0.0360343 216353 0.0112909 0.357883
0.002025 2309.39 0.0346298 216353 0.00633763 0.315746
0.001405 2454.26 0.0230037 216353 0.00366683 0.297304
0.000515 2625.18 0.00674785 216353 0.00790333 0.278116
0.004125 1945.56 0.0400013 216359 0.0151532 0.374565
0.003405 2062.95 0.0446597 216353 0.0141907 0.353117
0.004245 1951.07 0.0389731 216353 0.0149241 0.373532
0.001415 2451.88 0.0232098 216353 0.00369106 0.29759
8.5e-05 2637.07 0.00514091 216353 0.0116071 0.276887
0.004875 2079.4 0.0350203 216353 0.00626608 0.350627
0.002635 2187.68 0.0424249 216353 0.0101697 0.333102
0.002035 2307.14 0.0347924 216353 0.00639568 0.31605
0.000525 2624.27 0.00685207 216353 0.00789713 0.278211
0.004655 2040.01 0.0359781 216353 0.0111145 0.357359
0.004135 1945.99 0.0399152 216353 0.0151442 0.374474
0.003415 2061.43 0.0446309 216353 0.0142292 0.353377
0.004255 1951.5 0.0388885 216353 0.0148882 0.373453
0.001425 2449.5 0.0234154 216353 0.00371595 0.297877
9.5e-05 2637 0.00515453 216353 0.0116143 0.276894
0.004885 2079.96 0.0349901 216353 0.00601713 0.350534
0.002645 2185.92 0.0425116 216353 0.0102319 0.333367
0.002045 2304.98 0.034954 216353 0.00645552 0.316343
0.000535 2623.36 0.00695621 216353 0.00789111 0.278306
0.000105 2636.94 0.00516806 216353 0.0116137 0.276901
0.004145 1946.47 0.0398291 216353 0.0151388 0.374384
0.004665 2042.99 0.035923 216353 0.0109337 0.35684
0.003425 2059.91 0.0446007 216353 0.0142672 0.353639
0.004265 1951.93 0.0388042 216353 0.0148499 0.373375
0.001435 2447.11 0.0236207 216353 0.00374152 0.298164
0.004895 2080.49 0.0349611 216353 0.00576734 0.350444
0.002655 2184.16 0.0425969 216353 0.0102938 0.333632
0.002055 2302.81 0.0351147 216353 0.00651508 0.316637
0.000545 2622.45 0.00706026 216353 0.0078851 0.278402
0.004155 1946.95 0.039743 216353 0.0151291 0.374295
0.000115 2636.87 0.0051815 216353 0.0116131 0.276908
0.004675 2045.95 0.0358689 216353 0.0107486 0.356326
0.003435 2058.39 0.0445692 216353 0.0143043 0.3539
0.004275 1952.34 0.0387202 216352 0.0148074 0.373298
0.004685 2048.89 0.0358159 216353 0.0105601 0.355817
0.001445 2444.72 0.0238254 216353 0.00376776 0.298453
0.004905 2081.01 0.0349333 216353 0.00551672 0.350359
0.002665 2182.41 0.0426807 216353 0.0103555 0.333897
0.002065 2300.65 0.0352743 216353 0.00657476 0.316931
0.004695 2051.78 0.0357639 216351 0.0103664 0.355313
0.000555 2621.54 0.00716421 216353 0.00787905 0.278498
0.002075 2298.49 0.0354329 216353 0.00663468 0.317226
0.004705 2053.81 0.0357131 216353 0.0101628 0.354967
0.001455 2442.33 0.0240297 216353 0.00379469 0.298742
0.000565 2620.62 0.00726808 216353 0.00787298 0.278594
0.004915 2081.5 0.0349067 216353 0.00526534 0.350277
0.002085 2296.33 0.0355904 216353 0.00669483 0.317521
0.004715 2055.8 0.0356633 216353 0.00995795 0.354625
0.001465 2439.94 0.0242335 216353 0.0038222 0.299032
0.000125 2636.8 0.00519486 216353 0.0116125 0.276915
0.000575 2619.7 0.00737184 216353 0.00786687 0.278691
0.004925 2081.97 0.0348813 216353 0.00501321 0.350199
0.002095 2294.16 0.035747 216353 0.00675521 0.317817
0.001475 2437.54 0.0244369 216353 0.00384965 0.299323
0.004725 2057.77 0.0356146 216353 0.00974951 0.354288
0.000585 2618.78 0.00747552 216353 0.00786074 0.278788
0.004935 2082.41 0.0348572 216353 0.00476037 0.350125
0.000135 2636.72 0.00520813 216353 0.0116119 0.276923
0.002105 2292 0.0359025 216353 0.00681582 0.318113
0.001485 2435.17 0.0246397 216353 0.00387951 0.299611
0.004735 2059.72 0.035567 216353 0.00953791 0.353955
0.000595 2617.85 0.00757909 216353 0.00785457 0.278885
0.002675 2180.65 0.0427631 216353 0.0104171 0.334163
0.004945 2082.83 0.0348343 216353 0.00450687 0.350055
0.000145 2636.65 0.00522132 216353 0.0116111 0.27693
0.001495 2432.8 0.024842 216353 0.00390928 0.2999
0.002115 2289.84 0.0360569 216353 0.00687666 0.31841
0.000605 2616.93 0.00768255 216353 0.00784838 0.278983
0.004745 2061.65 0.0355205 216353 0.00932319 0.353626
0.004955 2083.23 0.0348127 216353 0.00425273 0.349989
0.003445 2056.88 0.0445364 216353 0.0143421 0.354159
0.000155 2636.57 0.00523441 216353 0.0116103 0.276938
0.002685 2178.9 0.0428439 216353 0.0104784 0.334429
0.001505 2430.43 0.0250439 216353 0.00393959 0.30019
0.000615 2615.99 0.00778591 216353 0.00784217 0.279081
0.002125 2287.68 0.0362103 216353 0.00693773 0.318707
0.004755 2063.55 0.0354751 216353 0.00910537 0.353302
0.004965 2083.61 0.0347923 216353 0.003998 0.349927
0.003455 2055.38 0.0445023 216353 0.0143789 0.354419
0.000165 2636.48 0.00524742 216353 0.0116095 0.276947
0.002695 2177.15 0.0429233 216353 0.0105396 0.334696
0.004285 1952.48 0.0386366 216353 0.0147624 0.373276
0.004975 2083.96 0.0347732 216353 0.0037427 0.349868
0.001515 2428.05 0.0252452 216353 0.00397054 0.300481
0.000625 2615.06 0.00788917 216353 0.00783593 0.27918
0.002135 2285.51 0.0363626 216353 0.00699902 0.319005
0.004765 2065.43 0.0354308 216353 0.00888449 0.352981
0.003465 2053.87 0.044467 216353 0.0144151 0.354679
0.000175 2636.4 0.00526034 216353 0.0116086 0.276955
0.002705 2175.39 0.0430012 216353 0.0106005 0.334963
0.004295 1952.6 0.0385532 216353 0.0147143 0.373256
0.004985 2084.29 0.0347553 216353 0.00348688 0.349814
0.001525 2425.67 0.025446 216353 0.00400216 0.300773
0.000635 2614.12 0.00799231 216353 0.00782966 0.279279
0.002145 2283.35 0.0365138 216353 0.00706055 0.319304
0.004775 2067.29 0.0353877 216353 0.00866059 0.352665
0.003475 2052.36 0.0444303 216353 0.0144507 0.35494
0.000185 2636.31 0.00527317 216353 0.0116076 0.276964
0.002715 2173.64 0.0430776 216353 0.0106612 0.33523
0.004305 1952.72 0.0384703 216353 0.0146634 0.373237
0.004995 2084.59 0.0347387 216353 0.00323056 0.349763
0.001535 2423.29 0.0256463 216353 0.00403442 0.301065
0.002155 2281.19 0.036664 216353 0.00712231 0.319603
0.004785 2069.13 0.0353457 216353 0.0084337 0.352354
0.003485 2050.85 0.0443923 216353 0.0144858 0.355202
0.005005 2084.88 0.0347233 216353 0.00297379 0.349716
0.004795 2070.94 0.0353049 216353 0.00820387 0.352047
0.003495 2049.35 0.0443531 216353 0.0145203 0.355464
0.000195 2636.23 0.00528591 216353 0.0116065 0.276973
0.001545 2420.91 0.025846 216353 0.00406735 0.301358
0.004315 1952.82 0.0383877 216353 0.01461 0.373219
0.000205 2636.13 0.00529857 216353 0.0116147 0.276982
0.001555 2418.52 0.0260452 216353 0.00410094 0.301652
0.002725 2171.89 0.0431525 216353 0.0107217 0.335498
0.002165 2279.03 0.036813 216353 0.0071842 0.319903
0.000215 2636.04 0.00531169 216353 0.0112499 0.276991
0.004325 1952.93 0.0383055 216353 0.014554 0.373203
0.001565 2416.14 0.0262438 216353 0.00413519 0.301947
0.002735 2170.14 0.0432259 216353 0.0107815 0.335766
0.002175 2276.87 0.036961 216353 0.00724582 0.320203
0.000225 2635.85 0.00534209 216353 0.0108869 0.277011
0.004335 1953.02 0.0382237 216353 0.0144955 0.373188
0.002745 2168.47 0.0432978 216353 0.0108425 0.336022
0.001575 2413.75 0.0264418 216353 0.00417011 0.302243
0.000235 2635.67 0.00537296 216353 0.0108948 0.27703
0.002185 2274.8 0.0371078 216353 0.00730907 0.32049
0.005015 2085.14 0.0347092 216353 0.00271661 0.349674
0.002755 2166.8 0.0433681 216353 0.0109028 0.336278
0.004345 1953.1 0.0381424 216353 0.0144344 0.373175
0.001585 2411.36 0.0266393 216353 0.0042057 0.30254
0.000245 2635.47 0.00540375 216353 0.0108929 0.27705
0.002195 2272.74 0.0372535 216353 0.00737195 0.320778
0.002765 2165.13 0.043437 216353 0.0109627 0.336534
0.005025 2085.37 0.0346964 216353 0.00245904 0.349635
0.004355 1953.18 0.0380616 216353 0.0143709 0.373163
0.001595 2408.96 0.0268362 216353 0.00424196 0.302837
0.000255 2635.28 0.00543446 216353 0.0108911 0.27707
0.002205 2270.67 0.0373981 216353 0.00743482 0.321066
0.002775 2163.47 0.0435043 216353 0.0110224 0.336791
0.003505 2047.84 0.0443126 216353 0.0145542 0.355727
0.005035 2085.58 0.0346849 216353 0.00220114 0.3496
0.000265 2635.08 0.00546508 216353 0.0108891 0.27709
0.004365 1953.25 0.0379812 216353 0.0143049 0.373153
0.002215 2268.61 0.0375416 216353 0.0074978 0.321355
0.000275 2634.88 0.00549561 216353 0.010887 0.27711
0.002785 2161.8 0.0435701 216353 0.0110819 0.337048
0.004375 1953.31 0.0379014 216353 0.0142363 0.373145
0.003515 2046.32 0.0442709 216353 0.0145876 0.35599
0.002225 2266.54 0.0376838 216353 0.00756088 0.321644
0.000285 2634.68 0.00552605 216353 0.0108849 0.277131
0.002795 2160.14 0.0436344 216353 0.011141 0.337306
0.004385 1953.36 0.0378221 216353 0.0141653 0.373138
0.005045 2085.77 0.0346746 216353 0.00194292 0.349568
0.002235 2264.48 0.037825 216353 0.00762405 0.321933
0.004395 1953.4 0.0377434 216353 0.0140918 0.373133
0.005055 2085.94 0.0346656 216353 0.00168444 0.349541
0.000295 2634.48 0.0055564 216353 0.0108827 0.277152
0.002805 2158.47 0.0436972 216353 0.0111999 0.337563
0.004405 1953.44 0.0376652 216353 0.0140164 0.373129
0.000305 2634.27 0.00558666 216353 0.0108803 0.277173
0.002815 2156.81 0.0437584 216353 0.0112585 0.337821
0.005065 2086.08 0.0346579 216353 0.00142573 0.349518
0.004415 1953.56 0.0375877 216364 0.0139368 0.373128
0.002825 2155.14 0.0438181 216353 0.0113169 0.33808
0.000315 2634.06 0.00561683 216353 0.0108779 0.277194
0.005075 2086.2 0.0346515 216353 0.00116683 0.349498
0.004425 1957.54 0.0375108 216353 0.0138722 0.372354
0.002835 2153.48 0.0438763 216353 0.011375 0.338339
0.005085 2086.29 0.0346464 216353 0.000907816 0.349483
0.004435 1961.6 0.0374347 216353 0.0138253 0.371585
0.005095 2086.36 0.0346425 216353 0.000648798 0.349471
0.002845 2151.82 0.0439329 216353 0.0114328 0.338598
0.004445 1965.65 0.0373593 216353 0.0137598 0.370823
0.005105 2086.41 0.0346399 216353 0.000390445 0.349463
0.004455 1969.69 0.0372847 216353 0.013689 0.370066
0.002855 2150.15 0.043988 216353 0.0114903 0.338857
0.005115 2086.43 0.0346387 216353 0.000129715 0.349459
0.004465 1973.7 0.0372109 216353 0.0136126 0.369315
0.002865 2148.49 0.0440415 216353 0.0115476 0.339117
0.004475 1977.71 0.0371379 216353 0.0135304 0.368571
0.002875 2146.83 0.0440935 216353 0.0116046 0.339377
