0.003205 2096.34 0.0390236 214224 0.00414152 0.344063
0.003215 2094.66 0.0390594 214224 0.00419093 0.34434
0.003225 2092.98 0.0390944 214224 0.00423998 0.344617
0.003235 2091.29 0.0391285 214224 0.0042887 0.344895
0.003245 2089.61 0.0391619 214224 0.00433706 0.345173
0.003255 2087.92 0.0391944 214224 0.00438508 0.345452
0.003265 2086.24 0.0392262 214224 0.00443275 0.345731
0.003275 2084.55 0.0392571 214224 0.00448007 0.346012
0.003285 2082.87 0.0392873 214224 0.00452695 0.346292
0.003295 2081.18 0.0393167 214224 0.00457301 0.346573
0.003305 2079.5 0.0393452 214224 0.00461983 0.346854
0.003315 2077.82 0.039373 214224 0.00466578 0.347135
0.003325 2076.14 0.0394001 214224 0.00471122 0.347417
0.003335 2074.45 0.0394263 214224 0.00475627 0.347699
0.003345 2072.77 0.0394518 214224 0.0048009 0.347982
0.003355 2071.09 0.0394765 214224 0.00484512 0.348265
0.003365 2069.4 0.0395004 214224 0.00488894 0.348549
0.003375 2067.72 0.0395236 214224 0.00493234 0.348834
0.003385 2066.03 0.0395461 214224 0.00497533 0.34912
0.003395 2064.35 0.0395678 214224 0.00501791 0.349406
0.003405 2062.66 0.0395887 214224 0.00506008 0.349692
0.003415 2060.97 0.039609 214224 0.00510185 0.34998
0.003425 2059.28 0.0396285 214224 0.00514309 0.350268
0.003435 2057.59 0.0396472 214224 0.00518342 0.350556
0.003445 2055.89 0.0396653 214224 0.00522449 0.350847
0.003455 2054.19 0.0396826 214224 0.00526459 0.351139
0.003465 2052.48 0.0396992 214224 0.00530413 0.351432
0.003475 2050.78 0.0397151 214224 0.0053432 0.351725
0.003485 2049.07 0.0397304 214224 0.00538181 0.352019
0.003495 2047.37 0.0397449 214224 0.00541995 0.352313
0.003505 2045.66 0.0397587 214224 0.00545762 0.352608
0.003515 2043.95 0.0397719 214224 0.00549483 0.352905
0.002565 2207.99 0.0349371 214224 0.000475334 0.32671
5e-06 2609.26 0.00441732 214224 0.000137239 0.276878
0.000965 2534.41 0.0114668 214224 -0.00682578 0.284961
0.002575 2206.14 0.0350287 214224 0.000537648 0.326983
0.004485 1930.61 0.0389528 214224 0.00635116 0.373808
1.5e-05 2609.25 0.00441723 214224 0.000137198 0.276878
0.003845 1984.97 0.0398657 214224 0.00643858 0.363442
0.000975 2532.36 0.0116492 214224 -0.00680907 0.285191
0.002585 2204.29 0.0351194 214224 0.000599847 0.327256
2.5e-05 2609.25 0.00441705 214224 0.000137158 0.276879
0.004495 1932.9 0.0389364 214224 0.00631041 0.373368
0.002885 2151.18 0.0374301 214224 0.00241101 0.3353
0.003855 1983.1 0.0398596 214223 0.00645745 0.363786
0.000985 2530.3 0.0118315 214224 -0.00679195 0.285421
0.002595 2202.43 0.0352092 214224 0.000661563 0.32753
3.5e-05 2609.24 0.00441678 214224 0.000137117 0.276879
0.004505 1935.17 0.03892 214224 0.00626659 0.37293
0.001605 2400.92 0.0225416 214224 -0.00492738 0.300661
0.003865 1981.15 0.0398531 214224 0.00647711 0.364146
0.000995 2528.23 0.0120136 214224 -0.00677442 0.285652
0.002605 2200.63 0.0352981 214224 0.000724267 0.327796
0.002895 2149.45 0.0374934 214224 0.00246866 0.33557
4.5e-05 2609.23 0.00441642 214224 0.000137066 0.27688
0.004515 1937.44 0.0389038 214224 0.00621971 0.372496
0.001285 2468.12 0.0171826 214224 -0.00608733 0.292549
0.003875 1979.2 0.0398461 214224 0.00649555 0.364506
0.001615 2398.8 0.0227016 214224 -0.00488504 0.300924
0.001005 2526.17 0.0121954 214224 -0.00675647 0.285884
0.002615 2198.84 0.0353862 214224 0.000786424 0.328063
0.002905 2147.71 0.0375558 214224 0.00252611 0.335841
5.5e-05 2609.22 0.00441596 214224 0.000137026 0.276882
0.004525 1939.7 0.0388878 214224 0.00616978 0.372064
0.003885 1977.25 0.0398387 214224 0.0065134 0.364868
0.000645 2585.4 0.00687087 214224 -0.00331472 0.279391
0.001295 2466.03 0.0173562 214224 -0.00605746 0.292795
0.001625 2396.7 0.0228611 214224 -0.00484109 0.301184
0.001015 2524.1 0.012377 214224 -0.0067381 0.286116
0.002625 2197.04 0.0354734 214224 0.000848384 0.32833
6.5e-05 2609.2 0.00441542 214224 0.000142496 0.276883
0.002915 2145.97 0.0376173 214224 0.00258336 0.336112
0.004535 1941.95 0.0388719 214224 0.00611684 0.371635
0.003895 1975.29 0.0398309 214224 0.00653074 0.365232
0.004805 1982.34 0.0385172 214224 0.00376723 0.364098
0.001305 2463.94 0.0175296 214224 -0.00602717 0.293041
0.001635 2394.61 0.0230201 214224 -0.00479731 0.301446
0.000655 2584.5 0.00695613 214224 -0.00331192 0.279486
0.001025 2522.03 0.0125584 214224 -0.00671931 0.286349
0.002635 2195.24 0.0355597 214224 0.000910238 0.328597
7.5e-05 2609.18 0.00441515 214223 -9.19555e-05 0.276885
0.002925 2144.23 0.037678 214224 0.0026404 0.336384
0.004545 1944.19 0.0388561 214224 0.00606123 0.371209
0.003905 1973.33 0.0398227 214224 0.00654757 0.365597
0.004815 1983.33 0.0385075 214224 0.00365605 0.363918
0.001315 2461.84 0.0177026 214224 -0.00599646 0.293288
0.001645 2392.51 0.0231785 214224 -0.00475323 0.301708
0.000665 2583.6 0.00704125 214224 -0.00330901 0.279583
0.001035 2519.95 0.0127396 214224 -0.0067001 0.286583
0.002645 2193.44 0.0356452 214224 0.000971981 0.328865
8.5e-05 2609.11 0.0044261 214224 -0.000325846 0.276893
0.002935 2142.5 0.0377377 214224 0.00269725 0.336656
0.004555 1946.4 0.0388405 214222 0.00600265 0.370785
0.004825 1984.29 0.038498 214222 0.00354215 0.363741
0.003915 1971.37 0.0398141 214224 0.00656389 0.365963
0.001325 2459.75 0.0178752 214224 -0.00596539 0.293535
0.001655 2390.41 0.0233365 214224 -0.00470876 0.301971
0.000675 2582.7 0.00712623 214224 -0.00330599 0.279679
0.001045 2517.87 0.0129206 214224 -0.00668051 0.286818
0.002655 2191.65 0.0357297 214224 0.00103361 0.329133
9.5e-05 2609.03 0.00443732 214224 -0.000319509 0.276901
0.002945 2140.76 0.0377966 214224 0.00275388 0.336929
0.004565 1948.22 0.0388251 214224 0.00593882 0.370444
0.004835 1984.68 0.0384888 214224 0.00342661 0.363672
0.001335 2457.65 0.0180474 214224 -0.00593449 0.293784
0.003925 1969.4 0.0398052 214224 0.0065797 0.36633
0.001665 2388.31 0.0234939 214224 -0.00466392 0.302234
0.000685 2581.79 0.00721107 214224 -0.00330285 0.279776
0.001055 2515.8 0.0131013 214224 -0.00666106 0.287053
0.002665 2189.85 0.0358134 214224 0.00109513 0.329402
0.000105 2608.95 0.00444846 214224 -0.000319614 0.276909
0.002955 2139.02 0.0378546 214224 0.00281031 0.337202
0.004575 1950.01 0.0388098 214224 0.00587355 0.370105
0.004845 1985.05 0.03848 214224 0.00331155 0.363605
0.001345 2455.57 0.0182193 214224 -0.0059019 0.294031
0.003935 1967.43 0.0397958 214224 0.00659501 0.366699
0.001675 2386.2 0.0236507 214224 -0.0046187 0.302498
0.000695 2580.88 0.00729575 214224 -0.00329958 0.279873
0.001065 2513.74 0.0132818 214224 -0.00664008 0.287285
0.002675 2188.05 0.0358962 214224 0.00115653 0.329671
0.000115 2608.87 0.0044595 214224 -0.000319694 0.276917
0.002965 2137.28 0.0379117 214224 0.00286654 0.337475
0.004585 1951.79 0.0387947 214224 0.00580577 0.369769
0.004855 1985.41 0.0384714 214224 0.00319546 0.363541
0.001355 2453.48 0.0183908 214224 -0.00586947 0.294279
0.001685 2384.1 0.0238071 214224 -0.00457309 0.302762
0.003945 1965.45 0.0397861 214224 0.00660982 0.36707
0.000705 2579.97 0.00738029 214224 -0.00329621 0.27997
0.002685 2186.26 0.0359781 214224 0.00121782 0.32994
0.001075 2511.69 0.013462 214224 -0.00661922 0.287518
0.000125 2608.79 0.00447045 214224 -0.000319776 0.276926
0.002975 2135.55 0.0379679 214224 0.00292256 0.337749
0.004595 1953.56 0.0387798 214224 0.00573559 0.369435
0.004865 1985.75 0.0384631 214224 0.0030789 0.363479
0.001365 2451.39 0.0185619 214224 -0.00583672 0.294527
0.001695 2381.99 0.0239629 214224 -0.00452711 0.303027
0.003955 1963.48 0.039776 214224 0.00662412 0.367442
0.000715 2579.06 0.00746468 214224 -0.00329271 0.280068
0.002695 2184.47 0.0360591 214224 0.00127899 0.33021
0.001085 2509.63 0.013642 214224 -0.00659802 0.287752
0.000135 2608.7 0.00448131 214224 -0.000319868 0.276935
0.002985 2133.81 0.0380233 214224 0.00297837 0.338024
0.004605 1955.33 0.0387651 214224 0.00566304 0.369103
0.004875 1986.08 0.0384551 214224 0.00296187 0.36342
0.001375 2449.3 0.0187327 214224 -0.00580355 0.294776
0.003965 1961.49 0.0397655 214224 0.00663793 0.367815
0.001705 2379.89 0.0241181 214224 -0.00448074 0.303293
0.000725 2578.14 0.00754892 214224 -0.0032891 0.280166
0.002705 2182.67 0.0361393 214224 0.00134005 0.33048
0.001095 2507.57 0.0138218 214224 -0.0065764 0.287987
0.000145 2608.61 0.00449207 214224 -0.000319971 0.276944
0.002995 2132.08 0.0380778 214224 0.00303397 0.338299
0.004615 1957.08 0.0387505 214224 0.00558813 0.368775
0.004885 1986.39 0.0384474 214224 0.0028444 0.363363
0.001385 2447.21 0.018903 214224 -0.00576997 0.295026
0.003975 1959.51 0.0397547 214224 0.00665123 0.36819
0.001715 2377.78 0.0242728 214224 -0.00443399 0.303559
0.000735 2577.22 0.007633 214224 -0.00328536 0.280265
0.002715 2180.88 0.0362185 214224 0.001401 0.330751
0.001105 2505.5 0.0140013 214224 -0.00655438 0.288222
0.000155 2608.52 0.00450275 214224 -0.000320085 0.276953
0.003005 2130.34 0.0381314 214224 0.00308928 0.338574
0.004625 1958.82 0.0387362 214224 0.00551088 0.368448
0.004895 1986.7 0.03844 214224 0.0027265 0.363308
0.001395 2445.11 0.019073 214224 -0.00573597 0.295277
0.003985 1957.52 0.0397436 214224 0.00666394 0.368566
0.001725 2375.67 0.0244269 214224 -0.00438686 0.303826
0.002725 2179.08 0.0362969 214224 0.00146174 0.331022
0.000745 2576.3 0.00771693 214224 -0.00328157 0.280364
0.001115 2503.44 0.0141805 214224 -0.00653194 0.288458
0.000165 2608.43 0.00451333 214224 -0.00032021 0.276963
0.003015 2128.6 0.0381841 214224 0.00314394 0.33885
0.004635 1960.55 0.038722 214224 0.00543131 0.368125
0.004905 1986.99 0.0384329 214224 0.00260819 0.363255
0.001405 2443.01 0.0192425 214224 -0.00570156 0.295528
0.003995 1955.52 0.0397321 214223 0.00667537 0.368944
0.001735 2373.56 0.0245805 214224 -0.00433934 0.304094
0.002735 2177.29 0.0363744 214224 0.00152192 0.331293
0.000755 2575.38 0.0078007 214224 -0.00327831 0.280463
0.001125 2501.37 0.0143594 214224 -0.00650909 0.288694
0.000175 2608.33 0.00452382 214224 -0.000320346 0.276973
0.003025 2126.9 0.038236 214224 0.00319946 0.339121
0.004645 1962.27 0.0387081 214224 0.00534943 0.367804
0.004915 1987.27 0.0384261 214224 0.0024895 0.363205
0.001415 2440.92 0.0194116 214224 -0.00566674 0.295779
0.004005 1953.43 0.0397203 214224 0.00668776 0.369343
0.001745 2371.45 0.0247335 214224 -0.0042915 0.304362
0.002745 2175.55 0.036451 214224 0.00158303 0.331558
0.000765 2574.45 0.00788431 214224 -0.00321913 0.280562
0.001135 2499.3 0.0145381 214224 -0.00648583 0.288931
0.000185 2608.23 0.00453421 214224 -0.000320505 0.276984
0.003035 2125.2 0.038287 214224 0.00325427 0.339392
0.001425 2438.81 0.0195804 214224 -0.0056315 0.296032
0.004655 1963.97 0.0386944 214224 0.00526527 0.367486
0.004015 1951.32 0.0397082 214224 0.00669889 0.369743
0.002755 2173.8 0.0365267 214224 0.00164351 0.331822
0.004925 1987.53 0.0384196 214224 0.00237043 0.363158
0.000775 2573.48 0.00797076 214220 -0.0051675 0.280663
0.000195 2608.12 0.00454452 214224 -0.000320728 0.276994
0.001435 2436.71 0.0197487 214224 -0.00559584 0.296285
0.004665 1965.67 0.0386809 214224 0.00517884 0.36717
0.004025 1949.21 0.0396958 214224 0.00670951 0.370145
0.001755 2369.34 0.0248859 214224 -0.00424385 0.30463
0.002765 2172.06 0.0366015 214224 0.00170371 0.332088
0.001145 2497.22 0.0147165 214224 -0.00646215 0.289169
0.000205 2608.02 0.00455472 214224 -0.000313117 0.277005
0.000785 2571.48 0.00815318 214224 -0.00711172 0.280883
0.001445 2434.61 0.0199166 214224 -0.00555977 0.296539
0.004675 1967.35 0.0386676 214224 0.00509017 0.366858
0.004035 1947.1 0.0396831 214224 0.00671971 0.370549
0.003045 2123.49 0.0383372 214224 0.00330871 0.339664
0.002775 2170.32 0.0366755 214224 0.00176372 0.332353
0.004935 1987.78 0.0384134 214224 0.002251 0.363112
0.000215 2607.91 0.00456531 214223 -0.000615862 0.277016
0.000795 2569.43 0.00833849 214224 -0.00704657 0.281105
0.001455 2432.5 0.020084 214224 -0.00552327 0.296793
0.002245 2269.01 0.0315607 214224 -0.00151494 0.317982
0.004685 1969.02 0.0386546 214224 0.0049997 0.366547
0.004045 1944.98 0.0396701 214224 0.00672947 0.370954
0.001765 2367.26 0.0250378 214224 -0.00419463 0.304896
0.002785 2168.58 0.0367485 214224 0.00182354 0.332619
0.000225 2607.71 0.00459039 214224 -0.000917414 0.277037
0.001155 2495.15 0.0148946 214224 -0.00643805 0.289408
0.003055 2121.79 0.0383864 214224 0.00336288 0.339936
0.000805 2567.39 0.00852368 214224 -0.00703761 0.281328
0.004945 1988.02 0.0384075 214224 0.00213124 0.363069
0.001465 2430.39 0.0202511 214224 -0.00548642 0.297048
0.002255 2267.04 0.0316789 214224 -0.00145381 0.318257
0.004695 1970.67 0.0386418 214222 0.00490656 0.36624
0.004055 1942.86 0.0396568 214224 0.00673881 0.371361
0.001775 2365.17 0.0251891 214224 -0.00414561 0.305163
0.000235 2607.5 0.00461584 214224 -0.000909538 0.277059
0.002795 2166.84 0.0368207 214224 0.00188317 0.332885
0.001165 2493.07 0.0150725 214224 -0.00641354 0.289647
0.003065 2120.09 0.0384348 214224 0.00341678 0.340209
0.000815 2565.34 0.00870875 214224 -0.00702755 0.281551
0.004955 1988.25 0.038402 214224 0.00201116 0.363029
0.001475 2428.29 0.0204177 214224 -0.00544975 0.297304
0.002265 2265.07 0.0317963 214224 -0.00139255 0.318532
0.004705 1971.8 0.0386292 214224 0.00480956 0.366033
0.004065 1940.74 0.0396432 214224 0.00674772 0.37177
0.001785 2363.08 0.0253398 214224 -0.00409633 0.30543
0.000245 2607.29 0.00464121 214224 -0.000909766 0.27708
0.002805 2165.1 0.0368919 214224 0.00194261 0.333152
0.001175 2490.99 0.01525 214224 -0.0063886 0.289887
0.003075 2118.38 0.0384824 214224 0.0034704 0.340483
0.000825 2563.28 0.00889369 214224 -0.00701701 0.281775
0.004965 1988.46 0.0383967 214224 0.00189078 0.362991
0.001485 2426.19 0.0205838 214224 -0.00541138 0.297558
0.002275 2263.09 0.0319129 214224 -0.00133115 0.318808
0.004715 1972.91 0.0386168 214224 0.00471199 0.365829
0.001795 2360.99 0.0254899 214224 -0.00404671 0.305698
0.004075 1938.61 0.0396294 214224 0.00675621 0.372181
0.000255 2607.08 0.00466647 214224 -0.000909939 0.277102
0.002815 2163.36 0.0369623 214224 0.00200185 0.333419
0.001185 2488.9 0.0154273 214224 -0.0063633 0.290127
0.003085 2116.68 0.0385291 214224 0.00352374 0.340756
0.000835 2561.23 0.00907849 214224 -0.00700606 0.282
0.004975 1988.66 0.0383918 214224 0.00177012 0.362955
0.001495 2424.09 0.0207496 214224 -0.00537318 0.297813
0.002285 2261.12 0.0320287 214224 -0.00126961 0.319084
0.001805 2358.91 0.0256394 214224 -0.00399675 0.305966
0.004725 1974.01 0.0386047 214224 0.00461271 0.365627
0.004085 1936.47 0.0396153 214224 0.00676428 0.372593
0.000265 2606.87 0.00469164 214224 -0.000910109 0.277125
0.002825 2161.62 0.0370318 214224 0.00206089 0.333686
0.001195 2486.82 0.0156042 214224 -0.00633816 0.290369
0.003095 2114.98 0.0385749 214224 0.00357681 0.341031
0.000845 2559.17 0.00926316 214224 -0.00699468 0.282225
0.004985 1988.84 0.0383872 214224 0.00164919 0.362921
0.002295 2259.14 0.0321437 214224 -0.00120801 0.319361
0.001815 2356.82 0.0257883 214224 -0.00394645 0.306235
0.001505 2421.99 0.0209148 214224 -0.00533467 0.298069
0.004095 1934.33 0.039601 214224 0.00677194 0.373008
0.004735 1975.09 0.0385929 214224 0.00451197 0.365427
0.000275 2606.65 0.00471671 214224 -0.000910288 0.277147
0.002835 2159.88 0.0371004 214224 0.00211974 0.333954
0.001205 2484.75 0.0157809 214224 -0.00631139 0.290608
0.003105 2113.28 0.0386199 214224 0.0036296 0.341305
0.000855 2557.1 0.00944768 214224 -0.00698289 0.282451
0.004995 1989.02 0.038383 214224 0.00152802 0.36289
0.002305 2257.17 0.0322579 214224 -0.00114676 0.319638
0.001825 2354.73 0.0259366 214224 -0.00389581 0.306504
0.001515 2419.89 0.0210796 214224 -0.00529576 0.298325
0.004105 1932.19 0.0395865 214224 0.00677921 0.373424
0.004745 1976.17 0.0385813 214224 0.00440978 0.36523
0.001215 2482.68 0.0159572 214224 -0.00628476 0.290848
0.002845 2158.14 0.0371681 214224 0.00217839 0.334222
0.000285 2606.43 0.00474169 214224 -0.000910476 0.27717
0.003115 2111.57 0.0386641 214224 0.00368211 0.341581
0.000865 2555.04 0.00963206 214224 -0.00697067 0.282678
0.005005 1989.17 0.038379 214224 0.00140662 0.362862
0.002315 2255.25 0.0323713 214224 -0.00108434 0.319908
0.001835 2352.63 0.0260843 214224 -0.00384482 0.306774
0.001525 2417.79 0.021244 214224 -0.00525644 0.298582
0.004115 1930.04 0.0395717 214224 0.00678677 0.373842
0.004755 1977.23 0.0385699 214224 0.00430616 0.365035
0.001225 2480.61 0.0161333 214224 -0.0062578 0.291089
0.002855 2156.4 0.037235 214224 0.00223684 0.334491
0.000295 2606.21 0.00476657 214224 -0.000910672 0.277193
0.003125 2109.87 0.0387074 214224 0.00373434 0.341856
0.000875 2552.97 0.00981628 214224 -0.00695802 0.282906
0.005015 1989.32 0.0383754 214224 0.00128501 0.362835
0.002325 2253.33 0.032484 214224 -0.00102233 0.320178
0.001845 2350.54 0.0262314 214224 -0.0037935 0.307045
0.001535 2415.69 0.0214079 214224 -0.00521672 0.29884
0.004125 1927.93 0.0395567 214228 0.00679492 0.374261
0.004765 1978.28 0.0385589 214224 0.00420113 0.364843
0.001235 2478.53 0.016309 214224 -0.00623043 0.291331
0.002865 2154.66 0.0373009 214224 0.0022951 0.33476
0.000305 2605.98 0.00479135 214224 -0.000910878 0.277216
0.003135 2108.16 0.0387498 214224 0.0037863 0.342133
0.000885 2550.89 0.0100004 214224 -0.00694495 0.283134
0.005025 1989.45 0.0383721 214224 0.00116321 0.362811
0.002335 2251.41 0.0325958 214224 -0.000960341 0.320449
0.001855 2348.45 0.0263778 214224 -0.00374183 0.307316
0.001545 2413.58 0.0215713 214224 -0.0051766 0.299098
0.004135 1927.57 0.0395415 214224 0.00680444 0.374325
0.001245 2476.45 0.0164844 214224 -0.00620264 0.291573
0.004775 1979.31 0.038548 214224 0.0040947 0.364653
0.002875 2152.92 0.037366 214224 0.00235315 0.33503
0.000315 2605.75 0.00481603 214224 -0.000911091 0.27724
0.003145 2106.46 0.0387914 214224 0.00383788 0.342409
0.005035 1989.57 0.0383691 214224 0.00104124 0.36279
0.000895 2548.82 0.0101843 214224 -0.00693145 0.283363
0.002345 2249.49 0.0327067 214224 -0.000898293 0.320721
0.001865 2346.36 0.0265237 214224 -0.00368982 0.307588
0.001555 2411.47 0.0217342 214224 -0.00513607 0.299357
0.004145 1927.25 0.0395261 214224 0.00681494 0.37439
0.001255 2474.37 0.0166594 214224 -0.00617444 0.291816
0.004785 1980.34 0.0385375 214224 0.00398689 0.364465
0.003155 2104.76 0.0388322 214224 0.00388872 0.342687
0.003525 2042.24 0.0397844 214224 0.00553157 0.353201
0.004165 1926.6 0.0394948 214224 0.00683125 0.37452
0.000325 2605.52 0.00484061 214224 -0.000911332 0.277264
0.003535 2040.52 0.0397962 214224 0.00556784 0.353499
0.001925 2333.89 0.0273854 214224 -0.00337097 0.309216
0.004175 1926.27 0.0394789 214224 0.00683716 0.374586
0.000335 2605.29 0.00486509 214224 -0.00091168 0.277288
0.005045 1989.68 0.0383665 214224 0.000919111 0.362771
0.003545 2038.81 0.0398073 214224 0.00560364 0.353797
0.000905 2546.74 0.010368 214224 -0.00691754 0.283593
0.000345 2605.05 0.00488947 214224 -0.00089977 0.277313
0.004185 1925.94 0.0394628 214224 0.00684156 0.374652
0.005055 1989.77 0.0383641 214224 0.00079685 0.362754
0.003555 2037.09 0.0398178 214224 0.00563898 0.354097
0.001265 2472.29 0.0168341 214224 -0.00614582 0.29206
0.001935 2331.83 0.0275267 214224 -0.00331681 0.309487
0.000355 2604.81 0.00491446 214223 -0.00136379 0.277337
0.005065 1989.85 0.0383621 214224 0.000674476 0.36274
0.002355 2247.58 0.0328169 214224 -0.000836189 0.320992
0.000915 2544.65 0.0105516 214224 -0.00690376 0.283823
0.004195 1925.61 0.0394466 214224 0.00684446 0.374719
0.003565 2035.38 0.0398276 214224 0.00567375 0.354397
0.001875 2344.26 0.0266689 214224 -0.00363746 0.30786
0.000365 2604.38 0.00496177 214224 -0.00182649 0.277382
0.001275 2470.2 0.0170085 214224 -0.00611679 0.292304
0.001945 2329.76 0.0276674 214224 -0.00326237 0.309759
0.005075 1989.92 0.0383605 214224 0.00055201 0.362728
0.004155 1926.93 0.0395105 214224 0.00682384 0.374454
0.001565 2409.36 0.0218967 214224 -0.00509513 0.299616
0.004795 1981.35 0.0385272 214224 0.00387773 0.36428
0.003165 2103.08 0.0388721 214224 0.00394038 0.342961
0.002365 2245.66 0.0329263 214224 -0.000774028 0.321265
0.000925 2542.61 0.010735 214224 -0.00688855 0.284049
0.003175 2101.39 0.0389112 214224 0.00399125 0.343236
0.002375 2243.74 0.0330348 214224 -0.000711812 0.321537
0.004205 1925.27 0.0394303 214224 0.00684586 0.374787
0.000935 2540.57 0.0109182 214224 -0.00687343 0.284276
0.003575 2033.66 0.0398368 214223 0.0057075 0.354697
0.003185 2099.71 0.0389495 214224 0.00404168 0.343511
0.002385 2241.82 0.0331425 214224 -0.000649542 0.32181
0.000375 2603.95 0.0050097 214224 -0.00181413 0.277428
0.000945 2538.52 0.0111013 214224 -0.00685796 0.284504
0.004215 1924.93 0.0394138 214224 0.00684577 0.374856
0.003195 2098.03 0.038987 214224 0.00409177 0.343787
0.003585 2031.91 0.0398454 214224 0.00574197 0.355004
0.002395 2239.91 0.0332494 214224 -0.000587217 0.322084
0.000955 2536.47 0.0112841 214224 -0.00684207 0.284732
0.000385 2603.51 0.00505753 214224 -0.00181424 0.277474
0.004225 1924.59 0.0393972 214224 0.00684418 0.374925
0.003595 2030.16 0.0398533 214224 0.00577537 0.355312
0.001885 2342.17 0.0268135 214224 -0.00358483 0.308133
0.005085 1989.97 0.0383592 214224 0.000429483 0.362718
0.003605 2028.4 0.0398606 214224 0.00580817 0.35562
0.001955 2327.7 0.0278075 214224 -0.00320765 0.310031
0.001895 2340.07 0.0269574 214224 -0.00353241 0.308406
0.001575 2407.25 0.0220587 214224 -0.00505379 0.299877
0.005095 1990.01 0.0383582 214224 0.000306957 0.362711
0.003615 2026.65 0.0398673 214224 0.00584047 0.35593
0.002405 2237.99 0.0333554 214224 -0.000524838 0.322358
0.001965 2325.64 0.0279468 214224 -0.00315264 0.310304
0.001905 2338.01 0.0271007 214224 -0.0034785 0.308676
0.000395 2603.07 0.00510525 214224 -0.00181422 0.27752
0.001585 2405.14 0.0222202 214224 -0.00501205 0.300137
0.003625 2024.89 0.0398733 214224 0.00587225 0.35624
0.005105 1990.04 0.0383575 214224 0.000184777 0.362706
0.004235 1924.24 0.0393805 214224 0.00684111 0.374995
0.002415 2236.07 0.0334606 214224 -0.000462407 0.322632
0.001975 2323.57 0.0280855 214224 -0.00309734 0.310577
0.001915 2335.95 0.0272434 214224 -0.00342484 0.308946
0.003635 2023.13 0.0398788 214224 0.00590352 0.356551
0.005115 1990.05 0.0383572 214224 6.13674e-05 0.362704
0.004245 1923.89 0.0393637 214224 0.00683656 0.375065
0.001595 2403.03 0.0223811 214224 -0.00496989 0.300399
0.002425 2234.16 0.033565 214224 -0.000399923 0.322907
0.000405 2602.63 0.00515287 214224 -0.00181416 0.277566
0.001985 2321.51 0.0282235 214224 -0.00304176 0.310851
0.002435 2232.24 0.0336685 214224 -0.000337383 0.323182
0.000415 2602.18 0.00520038 214224 -0.00181408 0.277613
0.003645 2021.37 0.0398837 214224 0.00593429 0.356864
0.001995 2319.44 0.0283609 214224 -0.0029859 0.311125
0.002445 2230.33 0.0337712 214224 -0.00027487 0.323458
0.004255 1923.54 0.0393468 214224 0.00683053 0.375136
0.000425 2601.74 0.00524779 214224 -0.00181397 0.27766
0.002005 2317.38 0.0284975 214224 -0.00292974 0.3114
0.002455 2228.41 0.0338731 214224 -0.000212779 0.323734
0.003655 2019.61 0.0398879 214224 0.00596454 0.357177
0.000435 2601.29 0.00529509 214224 -0.00181385 0.277707
0.004265 1923.18 0.0393298 214224 0.00682295 0.375209
0.002015 2315.31 0.0286335 214224 -0.0028733 0.311675
0.002465 2226.55 0.0339741 214224 -0.000149593 0.324003
0.000445 2600.83 0.00534228 214224 -0.0018137 0.277755
0.003665 2017.84 0.0398916 214224 0.00599429 0.357491
0.002025 2313.25 0.0287687 214224 -0.00281664 0.311951
0.002475 2224.7 0.0340742 214224 -8.68926e-05 0.324271
0.000455 2600.38 0.00538936 214224 -0.00181353 0.277802
0.004275 1922.81 0.0393128 214223 0.00681338 0.375281
0.003675 2016.07 0.0398947 214224 0.00602352 0.357805
0.002035 2311.18 0.0289033 214224 -0.00276023 0.312228
0.002485 2222.84 0.0341735 214224 -2.43072e-05 0.324541
0.000465 2599.92 0.00543633 214224 -0.00181336 0.27785
0.004285 1922.24 0.0392956 214224 0.00680301 0.375395
0.002045 2309.16 0.0290372 214224 -0.00270244 0.312499
0.003685 2014.3 0.0398972 214224 0.00605224 0.358121
0.002495 2220.98 0.034272 214224 3.82548e-05 0.32481
0.000475 2599.45 0.00548318 214224 -0.00181336 0.277899
0.002055 2307.13 0.0291703 214224 -0.00264494 0.312771
0.004295 1921.67 0.0392785 214224 0.00679065 0.37551
0.002505 2219.12 0.0343696 214224 0.000100787 0.32508
0.000485 2598.99 0.00552992 214224 -0.00179213 0.277948
0.003695 2012.53 0.0398992 214224 0.00608046 0.358438
0.002065 2305.11 0.0293028 214224 -0.0025873 0.313043
0.002515 2217.27 0.0344663 214224 0.00016329 0.325351
0.000495 2598.51 0.00557777 214222 -0.00257837 0.277997
0.004305 1921.09 0.0392612 214224 0.00677713 0.375625
0.003705 2010.76 0.0399006 214224 0.00610806 0.358756
0.002075 2303.08 0.0294345 214224 -0.00252944 0.313316
0.002525 2215.41 0.0345622 214224 0.000225763 0.325622
0.000505 2597.67 0.00566367 214224 -0.00336287 0.278087
0.003715 2008.98 0.0399014 214223 0.00613455 0.359075
0.002085 2301.06 0.0295655 214224 -0.00247136 0.313589
0.004315 1920.5 0.039244 214224 0.00676237 0.375741
0.002535 2213.56 0.0346572 214224 0.000288204 0.325893
0.003725 2007.15 0.0399017 214224 0.00616177 0.359404
0.000515 2596.81 0.00575067 214224 -0.00334038 0.278178
0.002095 2299.03 0.0296958 214224 -0.00241307 0.313863
0.002545 2211.7 0.0347514 214224 0.000350614 0.326165
0.004325 1919.91 0.0392267 214224 0.00674639 0.375859
0.000525 2595.95 0.00583756 214224 -0.00333929 0.278269
0.003735 2005.32 0.0399015 214224 0.00618783 0.359734
0.002105 2297.01 0.0298254 214224 -0.00235456 0.314137
0.002555 2209.85 0.0348447 214224 0.000412991 0.326437
0.000535 2595.09 0.00592435 214224 -0.00333789 0.278361
0.004335 1919.32 0.0392094 214224 0.00672919 0.375977
0.002115 2294.99 0.0299542 214224 -0.00229583 0.314412
0.003745 2003.48 0.0399007 214224 0.00621328 0.360066
0.004345 1918.72 0.039192 214224 0.00671078 0.376097
0.000545 2594.22 0.00601101 214224 -0.00333635 0.278453
0.002125 2292.96 0.0300823 214224 -0.00223689 0.314688
0.003755 2001.64 0.0398995 214224 0.0062382 0.360398
0.000555 2593.35 0.00609756 214224 -0.0033347 0.278545
0.004355 1918.12 0.0391747 214224 0.00669116 0.376217
0.002135 2290.94 0.0302096 214224 -0.00217773 0.314963
0.003765 1999.8 0.0398977 214224 0.00626258 0.360732
0.000565 2592.48 0.00618399 214224 -0.00333293 0.278637
0.004365 1917.51 0.0391573 214224 0.00667034 0.376339
0.002145 2288.91 0.0303363 214224 -0.00211836 0.31524
0.000575 2591.6 0.00627029 214224 -0.00333105 0.27873
0.003775 1997.95 0.0398954 214224 0.00628644 0.361067
0.004375 1916.89 0.03914 214224 0.00664833 0.376462
0.000585 2590.72 0.00635648 214224 -0.00332906 0.278824
0.002155 2286.89 0.0304621 214224 -0.00205877 0.315517
0.003785 1996.11 0.0398926 214224 0.00630977 0.361403
0.000595 2589.84 0.00644254 214224 -0.00332695 0.278917
0.004385 1916.27 0.0391227 214224 0.00662513 0.376585
0.002165 2284.86 0.0305872 214224 -0.00199903 0.315794
0.003795 1994.26 0.0398893 214224 0.00633258 0.36174
0.000605 2588.96 0.00652847 214224 -0.00332474 0.279011
0.004395 1915.65 0.0391054 214224 0.00660076 0.37671
0.003805 1992.41 0.0398855 214224 0.00635485 0.362078
0.002175 2282.84 0.0307116 214224 -0.00193959 0.316072
0.000615 2588.07 0.00661427 214224 -0.0033224 0.279106
0.004405 1915.02 0.0390882 214224 0.00657549 0.376836
0.003815 1990.55 0.0398812 214224 0.0063766 0.362417
0.000625 2587.18 0.00669994 214224 -0.00331996 0.2792
0.002185 2280.86 0.0308352 214224 -0.00187887 0.316343
0.004415 1914.45 0.039071 214231 0.00654869 0.376964
0.000635 2586.29 0.00678547 214224 -0.00331739 0.279295
0.003825 1988.69 0.0398765 214224 0.00639781 0.362757
0.002195 2278.89 0.030958 214224 -0.00181849 0.316615
0.004425 1916.72 0.0390538 214224 0.0065262 0.376505
0.003835 1986.83 0.0398713 214224 0.00641851 0.363099
0.002205 2276.91 0.0310801 214224 -0.00175806 0.316888
0.004435 1919.06 0.0390368 214224 0.00650814 0.376049
0.002215 2274.94 0.0312014 214224 -0.00169749 0.317161
0.004445 1921.39 0.0390198 214224 0.00648295 0.375596
0.002225 2272.96 0.0313219 214224 -0.00163677 0.317434
0.004455 1923.7 0.0390029 214224 0.00645472 0.375145
0.002235 2270.99 0.0314417 214224 -0.00157592 0.317708
0.004465 1926.02 0.0389861 214224 0.00642332 0.374696
0.004475 1928.32 0.0389694 214224 0.0063888 0.374251
