5e-06 1395.87 0.157638 480121 0.000310554 1.17087
1.5e-05 1395.91 0.157634 480121 0.000339088 1.17084
2.5e-05 1395.99 0.157626 480121 0.000344689 1.17077
3.5e-05 1396.1 0.157614 480121 0.000334205 1.17067
4.5e-05 1396.26 0.157597 480121 0.000310104 1.17054
5.5e-05 1396.45 0.157576 480121 0.000275797 1.17038
6.5e-05 1396.68 0.157552 480121 0.000235125 1.17019
7.5e-05 1396.95 0.157523 480121 0.000191973 1.16996
8.5e-05 1397.26 0.15749 480121 0.000149849 1.16971
9.5e-05 1397.61 0.157452 480121 0.000111561 1.16942
0.000105 1397.99 0.157411 480121 7.9025e-05 1.16909
0.000115 1398.42 0.157366 480121 5.32074e-05 1.16874
0.000125 1398.88 0.157316 480121 3.42048e-05 1.16835
0.000135 1399.38 0.157262 480121 2.14185e-05 1.16794
0.000145 1399.92 0.157205 480121 1.37839e-05 1.16749
0.000155 1400.5 0.157143 480121 1.00108e-05 1.16701
0.000165 1401.12 0.157077 480121 8.79707e-06 1.16649
0.000175 1401.77 0.157007 480121 8.98909e-06 1.16595
0.000185 1402.46 0.156932 480121 9.67932e-06 1.16538
0.000195 1403.19 0.156854 480121 1.02418e-05 1.16477
0.000205 1403.96 0.156772 480121 1.03173e-05 1.16413
0.000215 1404.77 0.156685 480121 9.76533e-06 1.16347
0.000225 1405.61 0.156595 480121 8.60018e-06 1.16277
0.000235 1406.5 0.1565 480121 6.92649e-06 1.16204
0.000245 1407.42 0.156401 480121 4.88484e-06 1.16128
0.000255 1408.38 0.156298 480121 2.61274e-06 1.16049
0.000265 1409.37 0.156191 480121 2.21841e-07 1.15968
0.000275 1410.41 0.156081 480121 -2.21095e-06 1.15883
0.000285 1411.48 0.155966 480121 -4.64271e-06 1.15795
0.000295 1412.59 0.155847 480121 -7.05825e-06 1.15704
0.000305 1413.73 0.155724 480121 -9.46223e-06 1.15611
0.002565 2170.87 0.0709461 480121 -0.022093 0.75426
0.000315 1414.92 0.155596 480121 -1.1872e-05 1.15514
0.002575 2174.33 0.0705348 480121 -0.022305 0.753061
0.002885 2274.48 0.0583487 480121 -0.0293886 0.719915
0.002585 2177.78 0.0701247 480121 -0.0225176 0.751869
0.000965 1563.42 0.139531 480121 -0.00117541 1.04576
0.002595 2181.22 0.0697155 480121 -0.0227309 0.750685
0.002245 2054.16 0.084605 480121 -0.0157093 0.796969
0.002605 2184.65 0.0693075 480121 -0.0229448 0.749509
0.002895 2277.31 0.0579748 480121 -0.0296332 0.71902
0.001605 1800.17 0.113418 480121 -0.00609498 0.908822
0.002615 2188.07 0.0689006 480121 -0.0231593 0.748341
0.000975 1566.63 0.139181 480121 -0.00121775 1.04362
0.000325 1416.14 0.155465 480121 -1.43126e-05 1.15415
0.002905 2280.03 0.0576021 480121 -0.0298733 0.71816
0.002625 2191.47 0.0684947 480121 -0.0233746 0.74718
0.002255 2057.96 0.0841653 480121 -0.0158947 0.795503
0.002635 2194.87 0.0680899 480121 -0.0235906 0.746027
0.000985 1569.86 0.138829 480121 -0.00126106 1.04148
0.001615 1804.17 0.112971 480121 -0.00620904 0.906816
0.002645 2198.25 0.0676863 480121 -0.0238074 0.744882
0.002915 2282.74 0.0572307 480121 -0.0301137 0.717306
0.004485 2446.42 0.0144466 480122 -0.0686994 0.667669
0.002655 2201.61 0.0672837 480121 -0.0240251 0.743744
0.000335 1417.39 0.15533 480121 -1.68134e-05 1.15313
0.002265 2061.76 0.0837264 480121 -0.0160811 0.794045
0.002665 2204.97 0.0668823 480121 -0.0242437 0.742614
0.000995 1573.11 0.138474 480121 -0.00130536 1.03934
0.004495 2446.37 0.0142664 480122 -0.0689244 0.667666
0.001625 1808.18 0.112523 480121 -0.00632425 0.904817
0.004165 2443.6 0.0207812 480122 -0.0613375 0.66896
0.002925 2285.44 0.0568605 480121 -0.0303536 0.716458
0.002675 2208.31 0.066482 480121 -0.0244633 0.741491
0.004505 2446.31 0.0140872 480122 -0.069149 0.667666
0.000345 1418.69 0.155191 480121 -1.94077e-05 1.15208
0.002275 2065.54 0.0832882 480121 -0.0162685 0.792596
0.001005 1576.39 0.138116 480121 -0.00135069 1.03719
0.002685 2211.64 0.0660829 480121 -0.0246839 0.740376
0.004515 2446.24 0.013909 480122 -0.0693734 0.667668
0.001635 1812.19 0.112075 480121 -0.0064406 0.902825
0.001285 1675.42 0.127255 480121 -0.00305683 0.976139
0.002695 2214.95 0.0656849 480121 -0.0249056 0.739269
0.004525 2446.16 0.0137319 480122 -0.0695974 0.667672
0.002935 2288.12 0.0564915 480121 -0.0305934 0.715617
0.002705 2218.26 0.0652881 480121 -0.0251285 0.738169
0.000355 1420.02 0.155048 480121 -2.21314e-05 1.151
0.004175 2443.83 0.0205662 480122 -0.0615725 0.668881
0.004535 2446.07 0.0135558 480122 -0.0698212 0.667679
0.002285 2069.31 0.0828507 480121 -0.0164569 0.791156
0.001295 1679.18 0.126841 480121 -0.00313383 0.973967
0.001015 1579.68 0.137757 480121 -0.00139704 1.03503
0.001645 1816.2 0.111627 480121 -0.00655811 0.900841
0.002715 2221.55 0.0648924 480121 -0.0253526 0.737076
0.002945 2290.78 0.0561238 480121 -0.0308334 0.714783
0.000365 1421.39 0.154901 480121 -2.50238e-05 1.14989
0.004545 2445.97 0.0133808 480122 -0.0700446 0.667688
0.001305 1682.95 0.126425 480121 -0.00321197 0.971797
0.004185 2444.06 0.0203524 480122 -0.0618072 0.668804
0.002725 2224.82 0.0644978 480121 -0.025578 0.735991
0.002295 2073.08 0.082414 480121 -0.0166464 0.789725
0.004555 2445.87 0.0132069 480122 -0.0702677 0.667699
0.001025 1583 0.137394 480121 -0.00144445 1.03287
0.001315 1686.72 0.126008 480121 -0.00329124 0.96963
0.001655 1820.21 0.111177 480121 -0.00667677 0.898865
0.002735 2228.09 0.0641045 480121 -0.0258048 0.734914
0.002955 2293.43 0.0557573 480121 -0.0310747 0.713954
0.000375 1422.79 0.15475 480121 -2.8127e-05 1.14876
0.004565 2445.76 0.013034 480122 -0.0704905 0.667712
0.001325 1690.51 0.12559 480121 -0.00337166 0.967466
0.002745 2231.34 0.0637123 480121 -0.026033 0.733844
0.003205 2349.74 0.0470079 480122 -0.0373991 0.696748
0.004195 2444.27 0.0201396 480122 -0.0620416 0.66873
0.002305 2076.84 0.081978 480121 -0.0168368 0.788302
0.004575 2445.63 0.0128621 480122 -0.070713 0.667728
0.001035 1586.34 0.13703 480121 -0.00149291 1.03071
0.001335 1694.32 0.12517 480121 -0.00345323 0.965306
0.002755 2234.57 0.0633213 480121 -0.0262627 0.732782
0.001665 1824.23 0.110728 480121 -0.0067966 0.896895
0.003215 2351.63 0.0466746 480122 -0.037662 0.696183
0.002965 2296.07 0.0553921 480121 -0.0313178 0.713132
0.000385 1424.24 0.154596 480121 -3.1485e-05 1.1476
0.004585 2445.5 0.0126913 480122 -0.0709351 0.667746
0.001345 1698.13 0.124749 480121 -0.00353595 0.963149
0.002765 2237.79 0.0629315 480121 -0.0264939 0.731727
0.004205 2444.47 0.019928 480122 -0.0622756 0.668659
0.003225 2353.51 0.0463426 480122 -0.0379251 0.695623
0.002315 2080.58 0.0815428 480121 -0.0170282 0.786888
0.001045 1589.69 0.136663 480121 -0.00154245 1.02854
0.004595 2445.37 0.0125215 480122 -0.0711568 0.667766
0.001355 1701.95 0.124327 480121 -0.00361984 0.960996
0.002775 2241 0.0625429 480121 -0.0267269 0.73068
0.002975 2298.57 0.0550282 480121 -0.0315573 0.712353
0.003235 2355.36 0.0460119 480122 -0.0381882 0.695068
0.001675 1828.25 0.110278 480121 -0.00691761 0.894934
0.000395 1425.71 0.154437 480121 -3.51419e-05 1.14641
0.004605 2445.22 0.0123527 480122 -0.0713782 0.667789
0.001365 1705.79 0.123903 480121 -0.00370489 0.958847
0.002785 2244.19 0.0621555 480121 -0.0269616 0.729641
0.003245 2357.21 0.0456824 480122 -0.0384515 0.694519
0.002325 2084.32 0.0811083 480121 -0.0172206 0.785482
0.004215 2444.67 0.0197175 480122 -0.0625093 0.66859
0.001055 1593.07 0.136294 480121 -0.00159305 1.02637
0.004615 2445.07 0.012185 480122 -0.0715992 0.667813
0.002795 2247.37 0.0617694 480121 -0.0271981 0.728609
0.003255 2359.03 0.0453543 480122 -0.0387149 0.693976
0.001375 1709.63 0.123478 480121 -0.00379112 0.956701
0.002985 2301.06 0.0546655 480121 -0.0317981 0.711579
0.001685 1832.27 0.109827 480121 -0.00703984 0.89298
0.004625 2444.9 0.0120184 480122 -0.0718199 0.66784
0.002805 2250.53 0.0613844 480121 -0.0274365 0.727585
0.000405 1427.23 0.154274 480121 -3.91409e-05 1.1452
0.003265 2360.84 0.0450275 480122 -0.0389784 0.693438
0.001385 1713.48 0.123052 480121 -0.00387852 0.954561
0.002335 2088.05 0.0806747 480121 -0.017414 0.784085
0.004635 2444.73 0.0118527 480122 -0.0720399 0.667869
0.001065 1596.46 0.135923 480121 -0.00164474 1.0242
0.004225 2444.85 0.0195081 480122 -0.0627428 0.668524
0.002815 2253.68 0.0610006 480121 -0.0276769 0.726569
0.003275 2362.63 0.0447019 480122 -0.0392425 0.692906
0.001395 1717.35 0.122624 480121 -0.00396709 0.952424
0.004645 2444.55 0.0116882 480122 -0.0722621 0.6679
0.001695 1836.29 0.109376 480121 -0.00716329 0.891033
0.002995 2303.54 0.054304 480121 -0.0320397 0.710811
0.002825 2256.81 0.0606181 480121 -0.0279193 0.72556
0.003285 2364.41 0.0443777 480121 -0.0395077 0.692379
0.001405 1721.22 0.122196 480121 -0.00405684 0.950292
0.004655 2444.42 0.0115246 480122 -0.0724816 0.667918
0.000415 1428.78 0.154107 480121 -4.35216e-05 1.14396
0.002345 2091.77 0.0802418 480121 -0.0176083 0.782697
0.001075 1599.88 0.13555 480121 -0.0016975 1.02202
0.004235 2445.02 0.0192998 480122 -0.0629759 0.668461
0.002835 2259.92 0.0602368 480121 -0.0281651 0.724559
0.003295 2366.09 0.0440547 480122 -0.0397682 0.691881
0.001415 1725.1 0.121766 480121 -0.00414777 0.948165
0.001705 1840.32 0.108925 480121 -0.00728798 0.889095
0.004665 2444.28 0.0113621 480122 -0.0727022 0.667939
0.003005 2306 0.0539439 480121 -0.0322821 0.71005
0.002845 2263.02 0.0598567 480121 -0.0284163 0.723566
0.003305 2367.75 0.0437331 480122 -0.04003 0.691388
0.001425 1728.99 0.121335 480121 -0.00423986 0.946042
0.002355 2095.47 0.0798098 480121 -0.0178035 0.781317
0.000425 1430.36 0.153937 480121 -4.83185e-05 1.1427
0.004675 2444.13 0.0112006 480122 -0.0729231 0.667961
0.001085 1603.31 0.135174 480121 -0.00175133 1.01984
0.002855 2265.91 0.0594779 480121 -0.0286572 0.722643
0.004245 2445.19 0.0190926 480122 -0.0632088 0.668401
0.003315 2369.4 0.0434127 480122 -0.0402916 0.690899
0.001435 1732.89 0.120903 480121 -0.00433312 0.943925
0.001715 1844.35 0.108473 480121 -0.00741394 0.887164
0.004685 2443.98 0.0110401 480122 -0.0731447 0.667986
0.002865 2268.78 0.0591003 480121 -0.028901 0.721727
0.003015 2308.45 0.0535849 480121 -0.0325258 0.709294
0.002365 2099.17 0.0793786 480121 -0.0179996 0.779945
0.001445 1736.79 0.12047 480121 -0.00442753 0.941813
0.003325 2371.04 0.0430937 480122 -0.040553 0.690417
0.000435 1431.99 0.153762 480121 -5.35599e-05 1.14141
0.001095 1606.76 0.134796 480121 -0.00180623 1.01766
0.004695 2443.81 0.0108807 480122 -0.0733677 0.668013
0.002875 2271.64 0.0587239 480121 -0.0291448 0.720817
0.001455 1740.7 0.120036 480121 -0.0045231 0.939706
0.004255 2445.34 0.0188865 480122 -0.0634413 0.668343
0.003335 2372.66 0.0427759 480122 -0.040814 0.689939
0.001725 1848.37 0.108021 480121 -0.00754118 0.885241
0.003025 2310.88 0.0532273 480121 -0.0327716 0.708544
0.002375 2102.86 0.0789482 480121 -0.0181966 0.778582
0.004705 2443.64 0.0107223 480122 -0.0735919 0.668042
0.001465 1744.63 0.119601 480121 -0.00461982 0.937604
0.003525 2399.44 0.0369838 480122 -0.045701 0.682082
0.001475 1748.55 0.119164 480121 -0.00471769 0.935508
0.000645 1473.96 0.149238 480121 -0.000273923 1.10899
0.001485 1752.49 0.118727 480121 -0.0048167 0.933418
0.001925 1928.8 0.0989492 480121 -0.0103319 0.848516
0.001495 1756.43 0.118289 480121 -0.00491685 0.931334
0.000655 1476.32 0.148983 480121 -0.000289966 1.10723
0.003845 2429.45 0.0282648 480121 -0.053643 0.673306
0.001505 1760.38 0.11785 480121 -0.00501815 0.929255
0.001935 1932.8 0.0984956 480121 -0.0104831 0.846769
0.000665 1478.71 0.148725 480121 -0.000306615 1.10544
0.003535 2400.66 0.0366918 480122 -0.0459531 0.681727
0.001515 1764.34 0.117411 480121 -0.00512061 0.927183
0.003855 2430.08 0.0280128 480122 -0.0538845 0.67312
0.000675 1481.13 0.148463 480121 -0.000323897 1.10364
0.001945 1936.79 0.0980422 480121 -0.0106354 0.845031
0.005765 2364.77 0.00106097 480122 -0.0963545 0.688214
0.001525 1768.3 0.11697 480121 -0.00522421 0.925116
0.003865 2430.69 0.0277619 480122 -0.0541275 0.672937
0.000685 1483.58 0.148199 480121 -0.000341842 1.10183
0.001955 1940.79 0.097589 480121 -0.0107889 0.843301
0.001535 1772.26 0.116529 480121 -0.00532898 0.923056
0.003875 2431.29 0.0275122 480122 -0.0543706 0.672757
0.000695 1486.06 0.14793 480121 -0.000360479 1.09999
0.005775 2363.36 0.00105257 480122 -0.0965228 0.688604
0.001965 1944.77 0.0971359 480121 -0.0109436 0.841581
0.003545 2401.86 0.0364011 480122 -0.0462051 0.681377
0.001545 1776.24 0.116086 480121 -0.00543491 0.921003
0.000705 1488.57 0.147659 480121 -0.000379838 1.09814
0.003885 2431.88 0.0272637 480122 -0.0546138 0.672581
0.001975 1948.76 0.0966831 480121 -0.0110993 0.839869
0.005785 2361.95 0.00104416 480122 -0.0966906 0.688995
0.001555 1780.21 0.115643 480121 -0.00554201 0.918956
0.000715 1491.11 0.147384 480121 -0.000399945 1.09628
0.003895 2432.46 0.0270164 480122 -0.054857 0.672407
0.001985 1952.74 0.0962306 480121 -0.0112562 0.838165
0.005795 2360.54 0.00103572 480122 -0.0968583 0.689386
0.001565 1784.2 0.1152 480121 -0.00565027 0.916915
0.000725 1493.68 0.147106 480121 -0.000420826 1.0944
0.006085 2313.78 0.00168349 480122 -0.102385 0.702746
0.003905 2433.03 0.0267703 480122 -0.0551002 0.672237
0.003555 2403.05 0.0361117 480122 -0.046457 0.681031
0.001995 1956.71 0.0957782 480121 -0.0114143 0.836471
0.005805 2359.13 0.00102727 480122 -0.0970173 0.689778
0.001575 1788.18 0.114755 480121 -0.00575971 0.914881
0.000735 1496.28 0.146825 480121 -0.000442505 1.0925
0.003915 2433.59 0.0265254 480122 -0.0553435 0.67207
0.002005 1960.69 0.0953262 480121 -0.0115734 0.834785
0.005445 2406.53 0.00183712 480122 -0.0900362 0.676907
0.001585 1792.17 0.11431 480121 -0.0058703 0.912855
0.003925 2434.13 0.0262817 480122 -0.0555867 0.671906
0.005815 2357.72 0.00101916 480121 -0.0973813 0.690171
0.000745 1498.91 0.14654 480121 -0.000465 1.0906
0.002015 1964.65 0.0948744 480121 -0.0117336 0.833108
0.003565 2404.22 0.0358235 480122 -0.0467089 0.680688
0.006095 2311.9 0.00173582 480122 -0.102527 0.703299
0.001595 1796.17 0.113864 480121 -0.00598206 0.910835
0.005825 2356.17 0.00103691 480122 -0.0977386 0.690606
0.003935 2434.67 0.0260391 480122 -0.0558297 0.671746
0.000755 1501.56 0.146252 480121 -0.000488326 1.08867
0.002025 1968.61 0.094423 480121 -0.011895 0.83144
0.004805 2441.47 0.00919369 480122 -0.0756089 0.668453
0.005125 2430.38 0.00493668 480122 -0.0826648 0.670894
0.006405 2241.33 0.00445121 480122 -0.107164 0.724844
0.005135 2429.92 0.00481747 480122 -0.0828859 0.671003
0.006725 2078.18 0.0149541 480122 -0.110435 0.781097
0.004815 2441.21 0.00904632 480122 -0.0758313 0.668506
0.006415 2238.85 0.00455552 480122 -0.107196 0.725629
0.005145 2429.44 0.00469899 480121 -0.0831079 0.671114
0.004825 2440.94 0.00889994 480122 -0.0760532 0.668561
0.006735 2071.23 0.0154267 480122 -0.110161 0.783698
0.007365 818.357 0.146252 480128 -0.0315123 1.99028
0.005155 2428.88 0.00458118 480122 -0.0833242 0.67125
0.006425 2236.36 0.00466042 480117 -0.108395 0.726411
0.004835 2440.67 0.00875453 480122 -0.0762734 0.668618
0.006745 2064.35 0.0158925 480122 -0.109866 0.786293
0.007045 1609.83 0.0507776 480124 -0.0960779 1.00801
0.005165 2428.31 0.00446404 480122 -0.0835404 0.671388
0.007375 800.503 0.14881 480131 -0.029387 2.03509
0.004845 2440.38 0.0086101 480122 -0.076492 0.668678
0.006435 2232.08 0.00492715 480122 -0.10952 0.727793
0.006755 2057.53 0.0163512 480122 -0.109552 0.78888
0.003345 2374.26 0.0424594 480122 -0.0410749 0.689466
0.005175 2427.73 0.00434757 480122 -0.0837561 0.671528
0.007385 785.198 0.1513 480127 -0.0287659 2.07516
0.004855 2440.09 0.00846664 480122 -0.07671 0.668739
0.007055 1586.44 0.0526712 480124 -0.0941381 1.0229
0.006445 2227.8 0.00519311 480122 -0.109409 0.729172
0.006765 2050.78 0.0168023 480122 -0.109225 0.791459
0.005185 2427.15 0.00423174 480122 -0.0839708 0.671671
0.001105 1610.23 0.134416 480121 -0.00186221 1.01548
0.003355 2375.84 0.0421442 480122 -0.0413355 0.688998
0.007395 770.196 0.153719 480127 -0.0273333 2.116
0.004865 2439.79 0.00832415 480122 -0.0769277 0.668803
0.006775 2044.1 0.0172458 480122 -0.1089 0.794026
0.006455 2223.54 0.0054564 480122 -0.109347 0.730548
0.007065 1563.24 0.0545456 480125 -0.0920222 1.0381
0.005195 2426.55 0.00411654 480122 -0.0841846 0.671815
0.001115 1613.72 0.134035 480121 -0.00191926 1.01329
0.003365 2377.42 0.0418303 480122 -0.0415959 0.688535
0.004875 2439.48 0.00818261 480122 -0.0771456 0.668869
0.007405 755.51 0.156065 480127 -0.0258982 2.15757
0.006785 2037.49 0.0176813 480122 -0.108348 0.796582
0.000445 1433.64 0.153584 480121 -5.92666e-05 1.14009
0.005205 2425.95 0.00400195 480122 -0.0843975 0.671962
0.006465 2219.31 0.00571691 480122 -0.109281 0.731922
0.001125 1617.22 0.133651 480121 -0.00197737 1.01111
0.007075 1540.29 0.0563982 480125 -0.0897514 1.0536
0.003375 2378.97 0.0415177 480122 -0.0418562 0.688078
0.004885 2439.17 0.00804203 480122 -0.0773633 0.668936
0.007415 741.156 0.15834 480127 -0.0244495 2.1998
0.006795 2030.87 0.0181151 480101 -0.111877 0.799127
0.005215 2425.35 0.00388796 480122 -0.0846094 0.67211
0.000455 1435.33 0.153402 480121 -6.54527e-05 1.13875
0.006475 2215.11 0.00597447 480122 -0.109216 0.733291
0.001135 1620.74 0.133265 480121 -0.00203656 1.00892
0.007085 1517.61 0.0582264 480125 -0.0874177 1.06938
0.003385 2380.51 0.0412064 480122 -0.0421163 0.687625
0.004895 2438.84 0.00790239 480122 -0.0775806 0.669006
0.006805 2016.8 0.0191867 480123 -0.115035 0.804719
0.007425 727.145 0.160542 480127 -0.0230248 2.24263
0.005225 2424.73 0.00377455 480122 -0.0848204 0.67226
0.000465 1437.06 0.153216 480121 -7.21252e-05 1.13738
0.006485 2210.93 0.0062289 480122 -0.10915 0.734655
0.001145 1624.28 0.132877 480121 -0.00209683 1.00673
0.007095 1495.25 0.0600284 480125 -0.0844306 1.08542
0.003395 2382.04 0.0408964 480122 -0.0423763 0.687177
0.004905 2438.51 0.00776373 480122 -0.0778004 0.669078
0.006815 2002.74 0.0202526 480123 -0.113926 0.810349
0.007435 713.473 0.16267 480127 -0.021541 2.28606
0.005235 2424.11 0.00366172 480122 -0.0850304 0.672413
0.000475 1438.83 0.153027 480121 -7.92857e-05 1.13599
0.006495 2206.79 0.00647995 480122 -0.109076 0.736014
0.001155 1627.84 0.132487 480121 -0.00215818 1.00454
0.007105 1473.16 0.0618163 480105 -0.0898037 1.10169
0.003405 2383.55 0.0405877 480122 -0.0426362 0.686734
0.004915 2438.23 0.00762598 480122 -0.0780179 0.669137
0.006825 1988.79 0.021306 480123 -0.113042 0.816014
0.007445 700.149 0.164725 480128 -0.0198335 2.33003
0.005245 2423.49 0.00354945 480122 -0.0852394 0.672567
0.000485 1440.62 0.152833 480121 -8.69317e-05 1.13458
0.001165 1631.41 0.132095 480121 -0.00222062 1.00235
0.006505 2202.69 0.0067273 480122 -0.108984 0.737366
0.007115 1441.9 0.0654822 480128 -0.0930568 1.12569
0.004925 2437.94 0.00748916 480122 -0.0782372 0.669198
0.003415 2385.04 0.0402803 480122 -0.0428967 0.686296
0.006835 1974.96 0.0223461 480123 -0.1121 0.821711
0.005255 2422.85 0.00343773 480122 -0.0854475 0.672723
0.000495 1442.46 0.152636 480121 -9.50579e-05 1.13314
0.007455 688.777 0.166705 480125 -0.0191109 2.36894
0.001175 1635 0.131701 480121 -0.00228415 1.00016
0.006515 2198.62 0.00697061 480122 -0.10887 0.738709
0.007125 1410.84 0.0691323 480127 -0.0889527 1.15054
0.004935 2437.64 0.00735327 480122 -0.0784572 0.669261
0.006845 1961.26 0.0233719 480123 -0.111103 0.827432
0.003425 2386.52 0.0399742 480121 -0.043158 0.685862
0.005265 2422.21 0.00332654 480122 -0.0856546 0.672881
0.000505 1444.32 0.152435 480121 -0.000103658 1.13168
0.007465 677.752 0.168607 480125 -0.0179499 2.40793
0.001185 1638.6 0.131306 480121 -0.00234879 0.997973
0.006525 2194.6 0.00720945 480122 -0.108732 0.740043
0.007135 1380.06 0.0727553 480128 -0.0857457 1.17628
0.004945 2437.33 0.0072183 480122 -0.0786773 0.669326
0.006855 1947.71 0.0243821 480123 -0.110036 0.833174
0.003435 2387.88 0.0396694 480122 -0.0434137 0.685464
0.000515 1446.22 0.15223 480121 -0.000112727 1.1302
0.005275 2421.57 0.00321589 480122 -0.0858607 0.673041
0.001195 1642.22 0.130908 480121 -0.00241454 0.995784
0.007475 667.064 0.17043 480125 -0.0168435 2.44697
0.006535 2190.63 0.00744343 480122 -0.108572 0.741366
0.007145 1349.55 0.0763501 480128 -0.0825556 1.20296
0.004955 2437.02 0.00708425 480122 -0.0788978 0.669394
0.006865 1934.32 0.0253752 480123 -0.108887 0.838927
0.003445 2389.22 0.0393659 480122 -0.0436702 0.685071
0.000525 1448.16 0.152022 480121 -0.000122259 1.12869
0.005285 2420.91 0.00310576 480122 -0.0860659 0.673203
0.001205 1645.85 0.130509 480121 -0.00248141 0.993596
0.007485 656.707 0.172175 480125 -0.0157642 2.48601
0.006545 2186.71 0.00767217 480122 -0.108396 0.742675
0.007155 1319.3 0.0799157 480128 -0.0794381 1.23065
0.004965 2436.69 0.0069511 480122 -0.0791185 0.669464
0.006875 1921.1 0.0263495 480123 -0.107648 0.844681
0.003455 2390.55 0.0390636 480122 -0.0439261 0.684682
0.005295 2420.26 0.00299615 480122 -0.08627 0.673366
0.000535 1450.13 0.151809 480121 -0.000132253 1.12716
0.001215 1649.5 0.130108 480121 -0.0025494 0.991409
0.007495 646.679 0.173841 480125 -0.0146562 2.525
0.006555 2182.84 0.00789539 480122 -0.108212 0.743972
0.004975 2436.36 0.00681885 480122 -0.0793395 0.669536
0.006885 1908.09 0.027303 480123 -0.106318 0.850428
0.007165 1289.3 0.0834511 480128 -0.0764143 1.2594
0.005305 2419.59 0.00288706 480122 -0.0864732 0.673531
0.003465 2391.86 0.0387627 480122 -0.0441813 0.684298
0.000545 1452.13 0.151594 480121 -0.000142708 1.12561
0.001225 1653.16 0.129705 480121 -0.00261851 0.989222
0.007505 636.986 0.175426 480126 -0.0134143 2.56387
0.004985 2436.02 0.00668749 480122 -0.0795606 0.66961
0.006565 2179.03 0.00811298 480122 -0.108034 0.745254
0.006895 1895.3 0.0282339 480123 -0.104909 0.856155
0.005315 2418.92 0.00277849 480122 -0.0866753 0.673698
0.007175 1259.55 0.0869552 480129 -0.0727678 1.28927
0.003475 2393.16 0.038463 480122 -0.0444358 0.683918
0.001235 1656.84 0.129301 480121 -0.00268875 0.987037
0.000555 1454.17 0.151374 480121 -0.000153626 1.12404
0.007515 628.923 0.176929 480124 -0.0127626 2.59716
0.004995 2435.68 0.00655701 480122 -0.079782 0.669687
0.006575 2175.27 0.00832505 480122 -0.107876 0.746524
0.006905 1882.74 0.0291408 480123 -0.103446 0.861854
0.005325 2418.25 0.00267042 480122 -0.0868763 0.673866
0.007185 1230.03 0.0904269 480123 -0.071839 1.32033
0.003485 2394.44 0.0381646 480122 -0.0446898 0.683542
0.001245 1660.53 0.128895 480121 -0.00276011 0.984854
0.000565 1456.24 0.151151 480121 -0.000165011 1.12245
0.007525 621.202 0.178349 480124 -0.0118377 2.62986
0.005005 2435.32 0.0064274 480122 -0.0800036 0.669766
0.006915 1870.43 0.0300225 480123 -0.101971 0.867516
0.006585 2171.55 0.00853194 480122 -0.107758 0.747781
0.005335 2417.57 0.00256288 480122 -0.0870763 0.674036
0.007195 1200.75 0.0938648 480129 -0.0670013 1.35269
0.001255 1664.23 0.128487 480121 -0.0028326 0.982672
0.000575 1458.34 0.150924 480121 -0.00017687 1.12084
0.003495 2395.71 0.0378675 480122 -0.0449432 0.683171
0.007535 613.819 0.179685 480124 -0.0109432 2.66189
0.005015 2434.95 0.00629866 480122 -0.0802253 0.669847
0.006925 1858.37 0.0308792 480123 -0.100535 0.873139
0.005345 2416.88 0.00245585 480122 -0.0872752 0.674207
0.006595 2167.88 0.00873424 480122 -0.107582 0.749029
0.000585 1460.47 0.150694 480121 -0.000189208 1.1192
0.001265 1667.95 0.128078 480121 -0.00290622 0.980492
0.007205 1171.69 0.0972678 480130 -0.0645779 1.3864
0.003505 2396.97 0.0375716 480122 -0.0451962 0.682804
0.005025 2434.58 0.00617078 480122 -0.0804471 0.66993
0.007545 606.772 0.180936 480123 -0.0100288 2.69319
0.006935 1846.55 0.0317118 480123 -0.0992279 0.878723
0.005355 2416.19 0.00234935 480122 -0.0874737 0.67438
0.000595 1462.64 0.15046 480121 -0.000202036 1.11755
0.006605 2164.19 0.00893625 480112 -0.109656 0.750271
0.001275 1671.68 0.127667 480121 -0.00298096 0.978314
0.003515 2398.21 0.0372771 480122 -0.0454487 0.682441
0.007215 1142.9 0.100633 480136 -0.0611915 1.42152
0.005035 2434.2 0.00604374 480122 -0.080669 0.670016
0.007555 600.067 0.182101 480125 -0.00904308 2.72367
0.006945 1834.94 0.0325226 480123 -0.0976894 0.884277
0.005365 2415.5 0.00224338 480122 -0.0876518 0.674554
0.000605 1464.84 0.150223 480121 -0.000215362 1.11588
0.006615 2156.95 0.00945298 480122 -0.111663 0.752787
0.004265 2445.48 0.0186815 480122 -0.0636735 0.668288
0.006625 2149.69 0.00996899 480122 -0.11145 0.75531
0.004715 2443.46 0.0105649 480122 -0.073815 0.668073
0.006635 2142.45 0.0104817 480122 -0.111399 0.757843
0.001735 1852.4 0.107569 480121 -0.0076697 0.883326
0.004725 2443.27 0.0104085 480122 -0.0740322 0.668107
0.006645 2135.23 0.0109916 480122 -0.111371 0.760387
0.002385 2106.54 0.0785187 480121 -0.0183945 0.777228
0.004275 2445.62 0.0184776 480122 -0.0639054 0.668236
0.006655 2128.02 0.011499 480122 -0.111352 0.762944
0.004735 2443.07 0.0102531 480122 -0.0742383 0.668143
0.003035 2313.3 0.0528709 480121 -0.0330204 0.7078
0.006665 2120.82 0.0120039 480122 -0.111325 0.765513
0.004745 2442.87 0.0100988 480122 -0.0744311 0.66818
0.000765 1504.25 0.145962 480121 -0.000512495 1.08674
0.001745 1856.43 0.107117 480121 -0.00779949 0.881419
0.006675 2113.63 0.0125061 480122 -0.111274 0.768095
0.003945 2435.19 0.0257978 480122 -0.0560726 0.671588
0.004755 2442.66 0.00994542 480122 -0.0746137 0.66822
0.004285 2445.74 0.0182748 480122 -0.0641369 0.668186
0.005835 2354.62 0.00105479 480122 -0.0978914 0.691041
0.000775 1506.96 0.145668 480121 -0.000537516 1.08479
0.002395 2110.2 0.0780901 480121 -0.0185932 0.775882
0.002035 1972.57 0.0939719 480121 -0.0120574 0.829781
0.006685 2106.47 0.0130049 480122 -0.111187 0.770686
0.003955 2435.7 0.0255576 480122 -0.0563153 0.671434
0.004765 2442.44 0.00979308 480122 -0.074794 0.668263
0.001755 1860.46 0.106664 480121 -0.00793054 0.879521
0.003045 2315.65 0.0525158 480122 -0.0332669 0.707079
0.003575 2405.38 0.0355367 480122 -0.046961 0.68035
0.005845 2353.07 0.00107249 480122 -0.0980536 0.691477
0.000785 1509.7 0.145371 480121 -0.000563394 1.08283
0.003965 2436.2 0.0253186 480122 -0.0565577 0.671283
0.006695 2099.34 0.0134997 480122 -0.111059 0.773285
0.004775 2442.21 0.00964174 480122 -0.0749806 0.668307
0.004295 2445.85 0.0180731 480122 -0.0643681 0.668139
0.002045 1976.52 0.0935211 480121 -0.0122209 0.82813
0.005455 2405.34 0.00179502 480122 -0.090218 0.677222
0.003975 2436.68 0.0250807 480122 -0.0567999 0.671136
0.002405 2113.86 0.0776623 480121 -0.0187928 0.774544
0.000795 1512.46 0.145071 480121 -0.000590132 1.08085
0.006705 2092.24 0.01399 480122 -0.110889 0.775888
0.005855 2351.52 0.00109 480122 -0.0982161 0.691914
0.004785 2441.97 0.00949139 480122 -0.0751792 0.668353
0.001765 1864.49 0.106211 480121 -0.00806285 0.87763
0.006105 2310.02 0.00178762 480122 -0.102668 0.703852
0.002055 1980.46 0.0930707 480121 -0.0123855 0.826489
0.003055 2317.98 0.0521619 480122 -0.0335162 0.706365
0.003985 2437.16 0.0248441 480122 -0.0570417 0.670991
0.003585 2406.53 0.0352511 480122 -0.0472132 0.680016
0.000805 1515.26 0.144768 480121 -0.000617732 1.07887
0.006715 2085.19 0.014475 480122 -0.110679 0.778493
0.004305 2445.96 0.0178725 480122 -0.064599 0.668095
0.005865 2349.96 0.00110733 480122 -0.0983791 0.692351
0.004795 2441.73 0.00934205 480122 -0.0753899 0.668402
0.002415 2117.51 0.0772354 480121 -0.0189933 0.773215
0.005045 2433.81 0.00591754 480122 -0.0808909 0.670104
0.002425 2121.14 0.0768094 480121 -0.0191945 0.771894
0.005055 2433.41 0.00579217 480122 -0.0811129 0.670195
0.007225 1118.15 0.104042 480128 -0.0598719 1.45315
0.002435 2124.77 0.0763844 480121 -0.0193966 0.770581
0.005065 2433 0.00566761 480122 -0.0813349 0.670287
0.007565 594.901 0.18318 480123 -0.00840975 2.74766
0.002445 2128.38 0.0759602 480121 -0.0195996 0.769277
0.005075 2432.59 0.00554385 480122 -0.0815568 0.670383
0.007235 1093.72 0.107405 480129 -0.0574024 1.48582
0.006955 1823.4 0.0333246 480091 -0.102891 0.889816
0.002455 2131.98 0.075537 480121 -0.0198033 0.767981
0.007575 590.081 0.18417 480123 -0.00761583 2.77044
0.005085 2432.16 0.00542089 480122 -0.0817787 0.67048
0.007245 1069.58 0.110719 480129 -0.0550231 1.51957
0.005375 2414.79 0.00213883 480120 -0.088319 0.67473
0.002465 2135.58 0.0751147 480121 -0.0200078 0.766693
0.007585 585.604 0.185072 480123 -0.00684028 2.79192
0.006965 1799.64 0.0352849 480124 -0.107356 0.901626
0.005095 2431.73 0.0052987 480122 -0.0820005 0.67058
0.007255 1045.72 0.113985 480129 -0.0526818 1.55446
0.005385 2413.62 0.00209446 480122 -0.0889733 0.675038
0.002475 2139.16 0.0746934 480121 -0.0202131 0.765413
0.000615 1467.07 0.149982 480121 -0.000229199 1.11418
0.007595 581.471 0.185886 480123 -0.00607599 2.81205
0.006975 1775.83 0.0372431 480124 -0.105466 0.913719
0.005395 2412.45 0.00205104 480122 -0.0891325 0.675347
0.005105 2431.29 0.00517728 480122 -0.0822221 0.670682
0.007265 1022.16 0.1172 480129 -0.0503924 1.59054
0.002485 2142.72 0.074273 480121 -0.0204192 0.764142
0.007605 577.679 0.18661 480123 -0.00531494 2.83076
0.006985 1752.05 0.0391935 480124 -0.104255 0.926124
0.000625 1469.34 0.149737 480121 -0.00024356 1.11247
0.005405 2411.27 0.00200782 480122 -0.0893127 0.675657
0.005115 2430.84 0.00505661 480122 -0.0824435 0.670787
0.007275 998.878 0.120364 480129 -0.0481362 1.62788
0.002495 2146.28 0.0738537 480121 -0.0206261 0.762879
0.007615 574.233 0.187244 480124 -0.00453738 2.84798
0.006995 1728.29 0.0411385 480124 -0.103099 0.938865
0.000635 1471.63 0.149489 480121 -0.000258462 1.11074
0.005415 2410.09 0.00196482 480122 -0.0894928 0.675968
0.007285 975.874 0.123474 480130 -0.0459144 1.66653
0.002505 2149.83 0.0734353 480121 -0.0208336 0.761623
0.005465 2404.14 0.00175316 480122 -0.0903998 0.677539
0.002515 2153.36 0.0730179 480121 -0.0210419 0.760376
0.005475 2402.95 0.00171154 480122 -0.0905817 0.677856
0.002065 1984.4 0.0926207 480121 -0.0125511 0.824856
0.002525 2156.89 0.0726015 480121 -0.0212509 0.759137
0.005485 2401.75 0.00167017 480122 -0.0907633 0.678174
0.003995 2437.62 0.0246086 480122 -0.0572831 0.670849
0.002535 2160.4 0.0721861 480121 -0.0214605 0.757906
0.002075 1988.34 0.0921711 480121 -0.0127178 0.823232
0.005495 2400.55 0.00162906 480122 -0.0909447 0.678494
0.004005 2438.07 0.0243743 480122 -0.0575242 0.670711
0.002545 2163.9 0.0717717 480121 -0.0216707 0.756683
0.002085 1992.27 0.0917219 480121 -0.0128855 0.821617
0.005505 2399.34 0.00158819 480122 -0.0911257 0.678814
0.004015 2438.51 0.0241411 480122 -0.0577649 0.670576
0.002555 2167.39 0.0713584 480121 -0.0218815 0.755468
0.006115 2308.14 0.00183887 480122 -0.102809 0.704404
0.005515 2398.13 0.00154758 480122 -0.0913062 0.679136
0.002095 1996.19 0.0912731 480121 -0.0130542 0.82001
0.004025 2438.94 0.0239091 480122 -0.0580053 0.670444
0.001775 1868.52 0.105757 480121 -0.00819637 0.875747
0.004035 2439.36 0.0236782 480122 -0.0582455 0.670315
0.001785 1872.54 0.105304 480121 -0.00833108 0.873873
0.000815 1518.08 0.144462 480121 -0.000646192 1.07687
0.004045 2439.77 0.0234485 480122 -0.0584853 0.670189
0.001795 1876.57 0.10485 480121 -0.00846695 0.872007
0.005875 2348.41 0.00112448 480122 -0.0985425 0.692789
0.000825 1520.93 0.144153 480121 -0.000675511 1.07486
0.001805 1880.6 0.104397 480121 -0.00860396 0.870149
0.004055 2440.16 0.02322 480122 -0.0587248 0.670066
0.003065 2320.29 0.0518094 480122 -0.0337673 0.705656
0.005885 2346.86 0.00114144 480122 -0.0987061 0.693227
0.000835 1523.8 0.143841 480121 -0.000705685 1.07284
0.001815 1884.63 0.103943 480121 -0.00874206 0.8683
0.004065 2440.55 0.0229926 480122 -0.0589641 0.669946
0.003075 2322.59 0.0514581 480122 -0.0340201 0.704953
0.001825 1888.65 0.103489 480121 -0.00888124 0.866459
0.005895 2345.31 0.00115821 480122 -0.0988699 0.693666
0.004075 2440.92 0.0227663 480122 -0.0592032 0.669829
0.000845 1526.7 0.143526 480121 -0.000736712 1.07081
0.003085 2324.88 0.051108 480122 -0.0342752 0.704256
0.003595 2407.66 0.0349667 480122 -0.0474657 0.679686
0.001835 1892.68 0.103035 480121 -0.00902148 0.864626
0.004085 2441.28 0.0225412 480122 -0.059442 0.669715
0.005905 2343.76 0.00117479 480122 -0.0990336 0.694106
0.003095 2327.15 0.0507593 480121 -0.0345331 0.703566
0.000855 1529.63 0.143208 480121 -0.000768587 1.06877
0.001845 1896.7 0.102581 480121 -0.00916278 0.862802
0.003605 2408.78 0.0346837 480122 -0.0477192 0.67936
0.004095 2441.63 0.0223173 480122 -0.059681 0.669604
0.003105 2329.31 0.0504119 480122 -0.0347881 0.702909
0.005915 2342.2 0.00119119 480122 -0.0991973 0.694547
0.001855 1900.72 0.102127 480121 -0.00930514 0.860986
0.000865 1532.58 0.142887 480121 -0.000801307 1.06672
0.003615 2409.88 0.0344019 480121 -0.0479738 0.679038
0.004105 2441.97 0.0220945 480122 -0.0599213 0.669496
0.003115 2331.45 0.0500657 480122 -0.0350455 0.702259
0.005925 2340.65 0.00120739 480122 -0.0993607 0.694988
0.001865 1904.74 0.101673 480121 -0.00944855 0.859179
0.003625 2410.88 0.0341214 480122 -0.0482232 0.678749
0.004115 2442.27 0.0218728 480122 -0.0601569 0.6694
0.000875 1535.55 0.142564 480121 -0.000834868 1.06466
0.003125 2333.58 0.0497208 480122 -0.0353041 0.701614
0.001875 1908.76 0.101219 480121 -0.00959303 0.85738
0.005935 2339.1 0.0012234 480122 -0.0995238 0.695429
0.003635 2411.85 0.0338421 480122 -0.0484736 0.678463
0.004125 2442.56 0.0216522 480122 -0.0603937 0.669306
0.000885 1538.55 0.142238 480121 -0.000869271 1.06259
0.003135 2335.69 0.0493772 480122 -0.0355636 0.700975
0.001885 1912.77 0.100765 480121 -0.00973859 0.85559
0.003645 2412.82 0.0335641 480122 -0.0487238 0.678182
0.005945 2337.55 0.00123921 480122 -0.0996864 0.695872
0.004135 2442.83 0.0214328 480122 -0.0606303 0.669215
0.000895 1541.58 0.141909 480121 -0.000904514 1.06051
0.001895 1916.78 0.100311 480121 -0.00988524 0.853809
0.003145 2337.79 0.0490348 480122 -0.0358241 0.700342
0.003655 2413.77 0.0332873 480122 -0.0489735 0.677904
0.005955 2335.99 0.00125483 480122 -0.0998484 0.696315
0.004315 2446.05 0.0176729 480122 -0.0648295 0.668053
0.004145 2443.1 0.0212144 480122 -0.0608664 0.669127
0.000905 1544.63 0.141577 480121 -0.000940601 1.05843
0.001905 1920.79 0.0998567 480121 -0.010033 0.852036
0.003155 2339.86 0.0486938 480122 -0.0360856 0.699715
0.003665 2414.71 0.0330118 480122 -0.0492228 0.67763
0.005965 2334.44 0.00127024 480122 -0.10001 0.696759
0.004155 2443.35 0.0209972 480122 -0.0611022 0.669042
0.004325 2446.14 0.0174745 480122 -0.0650597 0.668014
0.000915 1547.7 0.141242 480121 -0.000977538 1.05633
0.001915 1924.8 0.0994029 480121 -0.0101819 0.850272
0.003165 2341.93 0.048354 480122 -0.0363485 0.699095
0.003675 2415.63 0.0327376 480122 -0.0494717 0.677359
0.005975 2332.89 0.00128546 480122 -0.10017 0.697203
0.004335 2446.21 0.0172771 480122 -0.0652894 0.667977
0.007625 572.161 0.187788 480122 -0.00387664 2.85848
0.004345 2446.28 0.0170808 480122 -0.0655188 0.667943
0.007005 1704.52 0.0430795 480124 -0.101951 0.951962
0.007635 570.436 0.188242 480122 -0.00316807 2.86729
0.004355 2446.33 0.0168856 480122 -0.0657478 0.667911
0.007015 1680.77 0.0450162 480124 -0.100729 0.965426
0.005425 2408.9 0.00192203 480122 -0.0896735 0.67628
0.007645 569.056 0.188604 480122 -0.00246173 2.87438
0.004365 2446.38 0.0166915 480122 -0.0659766 0.667882
0.007025 1657.04 0.0469466 480124 -0.0993667 0.97926
0.004375 2446.42 0.0164985 480122 -0.0662069 0.667855
0.007655 568.021 0.188876 480122 -0.00175932 2.87972
0.005435 2407.72 0.00187946 480122 -0.0898547 0.676593
0.007035 1633.38 0.0488683 480124 -0.0978222 0.993459
0.004385 2446.46 0.0163065 480122 -0.0664334 0.667826
0.007665 567.331 0.189058 480122 -0.00106938 2.88329
0.007295 953.144 0.126531 480130 -0.0435563 1.70657
0.005525 2396.93 0.00150723 480122 -0.091486 0.679458
0.006125 2306.27 0.00188958 480122 -0.102951 0.704957
0.007305 930.707 0.129531 480133 -0.0407385 1.74803
0.002105 2000.1 0.0908248 480121 -0.013224 0.818412
0.005535 2395.71 0.00146712 480122 -0.0916651 0.679782
0.007315 911.291 0.132478 480128 -0.0397645 1.78559
0.006135 2304.4 0.00193974 480122 -0.103092 0.70551
0.000925 1550.8 0.140905 480121 -0.00101533 1.05423
0.005545 2394.5 0.00142724 480122 -0.0918427 0.680106
0.002115 2004.01 0.090377 480121 -0.0133948 0.816824
0.007325 892.182 0.135361 480128 -0.0379772 1.82417
0.006145 2302.54 0.00198935 480122 -0.103233 0.706063
0.005555 2393.29 0.00138753 480122 -0.0920166 0.680432
0.000935 1553.92 0.140566 480121 -0.001054 1.05212
0.002125 2007.91 0.0899296 480121 -0.0135666 0.815244
0.007335 873.353 0.138181 480128 -0.0363044 1.86385
0.003685 2416.54 0.0324646 480122 -0.0497202 0.677093
0.006155 2300.67 0.00203842 480122 -0.103373 0.706615
0.005565 2392.07 0.00134777 480122 -0.0921807 0.680757
0.007345 854.784 0.140937 480128 -0.0347076 1.90471
0.000945 1557.06 0.140223 480121 -0.00109356 1.05001
0.002135 2011.81 0.0894827 480121 -0.0137395 0.813672
0.003175 2343.97 0.0480156 480121 -0.0366132 0.69848
0.005575 2390.85 0.00130733 480122 -0.0923272 0.681083
0.006165 2298.81 0.00208694 480122 -0.103513 0.707168
0.003695 2417.44 0.0321928 480122 -0.0499682 0.67683
0.007355 836.457 0.143627 480128 -0.0331795 1.94683
0.002145 2015.7 0.0890364 480121 -0.0139133 0.81211
0.000955 1560.23 0.139878 480121 -0.00113402 1.04789
0.005585 2389.64 0.00126501 480122 -0.0924528 0.681408
0.006175 2296.96 0.00213491 480122 -0.103653 0.70772
0.005985 2331.34 0.00130046 480122 -0.10033 0.697647
0.006185 2295.11 0.00218233 480122 -0.103792 0.708273
0.005995 2329.78 0.00131525 480122 -0.100489 0.698093
0.004395 2446.5 0.0161156 480122 -0.0666613 0.667799
0.006195 2293.26 0.00222921 480122 -0.103931 0.708825
0.006005 2328.23 0.00132983 480122 -0.100648 0.698538
0.004405 2446.53 0.0159259 480122 -0.066889 0.667775
0.006205 2291.41 0.00227554 480122 -0.10407 0.709377
0.007675 566.986 0.189148 480123 -0.000351998 2.88508
0.006015 2326.68 0.0013442 480122 -0.100793 0.698984
0.004415 2446.55 0.0157372 480122 -0.0671163 0.667753
0.006215 2289.57 0.00232133 480122 -0.104182 0.709929
0.006025 2325.13 0.00135888 480121 -0.101249 0.699431
0.003185 2345.91 0.0476784 480122 -0.0368739 0.697897
0.006035 2323.23 0.00141387 480122 -0.101694 0.699983
0.003705 2418.33 0.0319223 480122 -0.0502157 0.67657
0.003195 2347.83 0.0473425 480122 -0.0371363 0.69732
0.006045 2321.34 0.00146884 480122 -0.101821 0.700536
0.002155 2019.58 0.0885906 480121 -0.0140882 0.810556
0.006055 2319.44 0.00152328 480122 -0.101962 0.701088
0.003715 2419.2 0.0316531 480122 -0.0504627 0.676315
0.005595 2388.43 0.00122025 480121 -0.0928553 0.681733
0.004425 2446.56 0.0155499 480122 -0.067344 0.667734
0.006225 2287.72 0.00236758 480119 -0.104886 0.710481
0.005605 2387.1 0.00120399 480122 -0.0933344 0.682093
0.006065 2317.55 0.00157721 480122 -0.102103 0.701641
0.004435 2446.56 0.0153636 480122 -0.0675705 0.667717
0.006235 2285.07 0.00249219 480122 -0.105565 0.711287
0.005615 2385.75 0.00118972 480122 -0.093627 0.68246
0.006075 2315.66 0.00163062 480122 -0.102244 0.702194
0.004445 2446.55 0.0151782 480122 -0.0677973 0.667703
0.005625 2384.38 0.00117832 480122 -0.0939085 0.682833
0.006245 2282.43 0.00261662 480122 -0.105636 0.712093
0.002165 2023.45 0.0881453 480121 -0.0142642 0.809012
0.003725 2420.06 0.031385 480122 -0.0507092 0.676062
0.004455 2446.53 0.0149937 480122 -0.068023 0.667691
0.002175 2027.32 0.0877007 480121 -0.0144411 0.807476
0.005635 2382.99 0.00116888 480122 -0.0941362 0.683211
0.003735 2420.91 0.0311182 480122 -0.0509552 0.675814
0.006255 2279.79 0.00273993 480122 -0.105735 0.712898
0.004465 2446.5 0.0148103 480122 -0.0682487 0.667681
0.002185 2031.18 0.0872566 480121 -0.0146192 0.805948
0.005645 2381.59 0.0011603 480122 -0.094326 0.683591
0.003745 2421.75 0.0308527 480122 -0.0512006 0.675569
0.006265 2277.16 0.00286213 480122 -0.105833 0.713702
0.004475 2446.47 0.014628 480122 -0.0684742 0.667674
0.002195 2035.03 0.086813 480121 -0.0147982 0.80443
0.005655 2380.19 0.001152 480122 -0.0944996 0.683973
0.003755 2422.57 0.0305884 480122 -0.0514455 0.675327
0.006275 2274.54 0.00298321 480122 -0.105932 0.714506
0.005665 2378.8 0.00114377 480122 -0.0946685 0.684355
0.002205 2038.87 0.0863701 480121 -0.0149783 0.80292
0.003765 2423.39 0.0303253 480122 -0.05169 0.675089
0.006285 2271.93 0.00310317 480122 -0.10603 0.715308
0.005675 2377.4 0.00113556 480122 -0.0948366 0.684738
0.002215 2042.71 0.0859279 480121 -0.0151595 0.801419
0.003775 2424.19 0.0300635 480122 -0.051934 0.674855
0.006295 2269.33 0.00322199 480122 -0.106128 0.716109
0.005685 2376 0.00112734 480122 -0.0950048 0.685121
0.002225 2046.53 0.0854862 480121 -0.0153417 0.799927
0.005695 2374.59 0.00111911 480122 -0.0951733 0.685505
0.003785 2424.97 0.0298029 480122 -0.0521777 0.674623
0.006305 2266.73 0.00333966 480122 -0.106225 0.71691
0.002235 2050.35 0.0850453 480121 -0.015525 0.798443
0.005705 2373.19 0.00111087 480122 -0.0953419 0.68589
0.003795 2425.75 0.0295435 480122 -0.0524212 0.674395
0.006315 2264.15 0.00345619 480122 -0.106322 0.717709
0.005715 2371.79 0.0011026 480122 -0.0955107 0.686276
0.003805 2426.51 0.0292853 480122 -0.0526646 0.674171
0.006325 2261.57 0.00357155 480122 -0.106419 0.718507
0.005725 2370.39 0.00109432 480122 -0.0956796 0.686662
0.003815 2427.26 0.0290284 480122 -0.0529081 0.67395
0.005735 2368.98 0.00108602 480122 -0.0958485 0.687049
0.006335 2259.01 0.00368575 480122 -0.106514 0.719304
0.003825 2428 0.0287726 480122 -0.0531519 0.673732
0.005745 2367.58 0.00107769 480122 -0.0960173 0.687437
0.006345 2256.45 0.00379876 480122 -0.106609 0.7201
0.003835 2428.73 0.0285181 480122 -0.0533967 0.673517
0.005755 2366.17 0.00106934 480122 -0.096186 0.687825
0.006355 2253.91 0.00391058 480122 -0.106701 0.720895
0.006365 2251.37 0.00402118 480122 -0.106793 0.721688
0.006375 2248.85 0.00413057 480122 -0.106884 0.72248
0.006385 2246.33 0.00423872 480122 -0.106977 0.72327
0.006395 2243.83 0.0043456 480122 -0.10707 0.724058
