0.006085 320.563 0.232918 135522 0.0958092 1.46694
0.006095 320.569 0.232918 135522 0.0951946 1.46691
0.006105 320.566 0.232918 135522 0.094581 1.46693
0.006115 320.553 0.232918 135522 0.0939764 1.46699
0.006125 320.53 0.232918 135522 0.0933811 1.46709
0.006135 320.499 0.232918 135522 0.0927886 1.46723
0.006145 320.46 0.232918 135522 0.0922059 1.46741
0.006155 320.416 0.232918 135522 0.0916267 1.46761
0.006165 320.366 0.232918 135522 0.0910679 1.46784
0.006175 320.307 0.232918 135522 0.0904268 1.46811
0.006185 320.362 0.232918 135522 0.0897839 1.46786
0.006195 320.408 0.232918 135522 0.0891987 1.46765
0.006205 320.439 0.232918 135522 0.088578 1.46751
0.006215 320.459 0.232918 135522 0.0879739 1.46742
0.006225 320.466 0.232918 135522 0.0873531 1.46738
0.006235 320.464 0.232918 135522 0.086742 1.46739
0.006245 320.452 0.232918 135522 0.0861362 1.46745
0.006255 320.43 0.232918 135522 0.0855409 1.46755
0.006265 320.398 0.232918 135522 0.084938 1.4677
0.006275 320.355 0.232918 135522 0.0843297 1.46789
0.006285 320.3 0.232918 135522 0.0837465 1.46814
0.006295 320.234 0.232918 135522 0.083107 1.46845
0.006305 320.283 0.232918 135522 0.0824792 1.46822
0.006315 320.325 0.232918 135522 0.0819245 1.46803
0.006325 320.359 0.232918 135522 0.0813303 1.46787
0.006335 320.384 0.232918 135522 0.0807386 1.46776
0.006345 320.399 0.232918 135522 0.0801432 1.46769
0.006355 320.405 0.232918 135522 0.0795275 1.46766
0.006365 320.4 0.232918 135522 0.0789102 1.46769
0.006375 320.384 0.232918 135522 0.0783126 1.46776
0.006385 320.359 0.232918 135522 0.0777241 1.46787
0.006395 320.327 0.232918 135522 0.0771499 1.46802
0.007365 321.534 0.232918 135522 0.0193247 1.46251
0.001285 1289.56 0.150113 135520 0.197179 0.360867
0.001295 1300.23 0.149176 135520 0.197513 0.357902
0.001305 1310.88 0.148241 135520 0.197828 0.354988
0.001315 1321.53 0.147306 135520 0.198123 0.352122
0.007375 321.59 0.232918 135522 0.0187411 1.46225
0.001925 1924.33 0.097038 135520 0.176874 0.241909
0.001325 1332.17 0.146373 135520 0.198398 0.349305
0.001335 1342.81 0.145442 135520 0.198653 0.346536
0.001935 1932.99 0.0963823 135520 0.175876 0.240827
0.001345 1353.43 0.144512 135520 0.198887 0.343812
0.001945 1941.61 0.0957334 135520 0.174859 0.23976
0.001355 1364.04 0.143584 135520 0.199102 0.341135
0.007385 321.639 0.232918 135522 0.0181574 1.46203
0.001955 1950.18 0.0950913 135520 0.173823 0.23871
0.001365 1374.64 0.142658 135520 0.199297 0.338502
0.001965 1958.7 0.094456 135520 0.17277 0.237674
0.001375 1385.23 0.141733 135520 0.199473 0.335912
0.001975 1967.17 0.0938276 135520 0.171699 0.236654
0.001385 1395.8 0.140811 135520 0.199629 0.333365
0.001985 1975.58 0.0932062 135520 0.17061 0.235649
0.001395 1406.36 0.139891 135520 0.199766 0.330861
0.007395 321.68 0.232918 135522 0.0175725 1.46185
0.001995 1983.94 0.0925916 135520 0.169504 0.234658
0.001405 1416.9 0.138974 135520 0.199884 0.328398
0.002005 1992.25 0.0919841 135520 0.168381 0.233681
0.001415 1427.42 0.138059 135520 0.199982 0.325975
0.000965 952.15 0.179896 135520 0.178176 0.489269
0.002015 2000.51 0.0913835 135520 0.167241 0.232719
0.001425 1437.93 0.137146 135520 0.20006 0.323592
0.004805 345.702 0.228163 135520 0.163508 1.35711
0.007405 321.714 0.232918 135522 0.0170039 1.46169
0.002025 2008.71 0.0907899 135520 0.166085 0.231771
0.001435 1448.42 0.136236 135520 0.200118 0.321248
0.002035 2016.86 0.0902034 135520 0.164913 0.230837
0.001445 1458.89 0.135329 135520 0.200156 0.318941
0.000975 962.367 0.178994 135520 0.179009 0.484049
0.002045 2024.96 0.0896239 135520 0.163724 0.229916
0.001455 1469.34 0.134425 135520 0.200174 0.316673
0.005765 321.4 0.232917 135522 0.11498 1.46311
0.007415 321.74 0.232918 135522 0.0163973 1.46158
0.002055 2033 0.0890514 135520 0.16252 0.229008
0.001465 1479.77 0.133524 135520 0.200171 0.314441
0.006405 320.29 0.232918 135522 0.0765902 1.46819
0.004815 344.263 0.228454 135520 0.163377 1.36291
0.002065 2040.99 0.0884861 135520 0.161301 0.228114
0.001475 1490.18 0.132626 135520 0.200148 0.312245
0.000985 972.62 0.178088 135520 0.179826 0.478922
0.002075 2048.92 0.0879278 135520 0.160067 0.227232
0.001485 1500.56 0.131732 135520 0.200104 0.310085
0.007425 321.897 0.232918 135522 0.0157923 1.46086
0.005775 321.318 0.232917 135522 0.114367 1.46349
0.002085 2056.8 0.0873766 135520 0.158818 0.226364
0.001495 1510.93 0.13084 135520 0.200039 0.307959
0.006415 320.251 0.232918 135522 0.0760531 1.46837
0.004825 342.883 0.22873 135520 0.163208 1.36853
0.000995 982.907 0.17718 135520 0.180629 0.473887
0.005785 321.224 0.232917 135522 0.113779 1.46392
0.002095 2064.62 0.0868326 135520 0.157554 0.225508
0.001505 1521.26 0.129952 135520 0.199953 0.305867
0.006425 320.204 0.232918 135522 0.0754141 1.46858
0.007435 322.048 0.232918 135522 0.0152342 1.46017
0.005795 321.117 0.232917 135522 0.113137 1.46441
0.002105 2072.39 0.0862956 135520 0.156276 0.224664
0.001515 1531.58 0.129068 135520 0.199846 0.303809
0.006435 320.27 0.232918 135522 0.0747599 1.46828
0.005805 321.132 0.232917 135522 0.112529 1.46434
0.002115 2080.1 0.0857658 135520 0.154984 0.223832
0.001525 1541.86 0.128188 135520 0.199719 0.301783
0.004835 341.556 0.228993 135520 0.16301 1.37397
0.006445 320.322 0.232918 135522 0.0741578 1.46805
0.001005 993.226 0.176268 135520 0.181418 0.468941
0.002125 2087.75 0.0852431 135520 0.153678 0.223013
0.005815 321.141 0.232917 135522 0.111965 1.46429
0.001535 1552.12 0.127311 135520 0.19957 0.29979
0.006455 320.357 0.232918 135522 0.0735311 1.46788
0.007445 322.194 0.232918 135522 0.0146479 1.45952
0.002135 2095.35 0.0847275 135520 0.152358 0.222205
0.005825 321.143 0.232917 135522 0.111366 1.46429
0.001545 1562.35 0.126438 135520 0.199399 0.297828
0.006465 320.38 0.232918 135522 0.0729288 1.46778
0.007045 320.303 0.232918 135522 0.0381559 1.46813
0.002145 2102.89 0.0842191 135520 0.151025 0.221409
0.005835 321.137 0.232917 135522 0.110755 1.46431
0.001555 1572.56 0.125569 135520 0.199208 0.295897
0.006475 320.392 0.232918 135522 0.0723202 1.46773
0.004845 340.278 0.229241 135520 0.162785 1.37926
0.002155 2110.38 0.0837177 135520 0.149679 0.220625
0.001015 1003.58 0.175354 135520 0.182196 0.464083
0.005845 321.123 0.232917 135522 0.110166 1.46438
0.001565 1582.73 0.124705 135520 0.198995 0.293996
0.006485 320.393 0.232918 135522 0.0717151 1.46772
0.007455 322.332 0.232918 135522 0.0140604 1.45889
0.002165 2117.81 0.0832235 135520 0.148321 0.219852
0.006725 320.389 0.232918 135522 0.0573078 1.46774
0.001575 1592.88 0.123844 135520 0.19876 0.292126
0.006495 320.385 0.232918 135522 0.0710988 1.46775
0.007055 320.368 0.232918 135522 0.0375302 1.46783
0.002175 2125.18 0.0827365 135520 0.146949 0.21909
0.005855 321.099 0.232917 135522 0.109569 1.46449
0.003525 1831.48 0.0614703 135520 0.0631085 0.253466
0.004855 339.047 0.229477 135520 0.162536 1.38439
0.001025 1013.96 0.174437 135520 0.182955 0.459311
0.001585 1602.99 0.122988 135520 0.198504 0.290285
0.007465 322.465 0.232918 135522 0.013469 1.45829
0.002185 2132.49 0.0822565 135520 0.145566 0.218339
0.007065 320.426 0.232918 135522 0.0369713 1.46757
0.005865 321.066 0.232917 135522 0.10897 1.46464
0.006505 320.367 0.232918 135522 0.0705083 1.46784
0.001595 1613.08 0.122136 135520 0.198226 0.288472
0.002195 2139.75 0.0817836 135520 0.14417 0.217599
0.007075 320.475 0.232918 135522 0.0363769 1.46735
0.006515 320.339 0.232918 135522 0.0699082 1.46797
0.006735 320.392 0.232918 135522 0.0567019 1.46772
0.005875 321.024 0.232917 135522 0.108375 1.46483
0.002205 2146.95 0.0813178 135520 0.142763 0.21687
0.004865 337.857 0.2297 135520 0.16227 1.38938
0.003535 1827.5 0.0613843 135520 0.0644545 0.254015
0.001035 1024.36 0.173517 135520 0.1837 0.454624
0.001045 1034.8 0.172595 135520 0.18443 0.450021
0.001055 1045.25 0.171671 135520 0.185146 0.4455
0.001065 1055.74 0.170744 135520 0.185847 0.441059
0.001075 1066.24 0.169816 135520 0.186533 0.436696
0.001085 1076.76 0.168886 135520 0.187205 0.432411
0.001095 1087.31 0.167954 135520 0.18786 0.428202
0.001105 1097.87 0.16702 135520 0.1885 0.424068
0.001115 1108.45 0.166086 135520 0.189124 0.420007
0.001125 1119.04 0.16515 135520 0.189732 0.416017
0.001135 1129.65 0.164212 135520 0.190322 0.412097
0.005125 322.857 0.232483 135521 0.151363 1.45592
0.001145 1140.27 0.163274 135520 0.190895 0.408247
0.005445 320.785 0.232898 135522 0.134411 1.46587
0.001155 1150.9 0.162335 135520 0.19145 0.404464
0.002885 2186.24 0.0641243 135520 0.0493772 0.21273
0.001165 1161.54 0.161396 135520 0.191986 0.400747
0.005455 320.841 0.2329 135522 0.134019 1.46562
0.005135 322.64 0.232519 135521 0.150847 1.45694
0.001175 1172.19 0.160455 135520 0.192505 0.397095
0.002895 2180.28 0.0640406 135520 0.048708 0.213304
0.005465 320.887 0.232902 135522 0.133578 1.46542
0.005145 322.426 0.232553 135521 0.150331 1.45794
0.001185 1182.84 0.159515 135520 0.193006 0.393507
0.002905 2174.31 0.0639604 135520 0.0480628 0.213883
0.005475 320.924 0.232903 135522 0.133063 1.46525
0.005155 322.217 0.232583 135521 0.149808 1.45892
0.001195 1193.51 0.158574 135520 0.193489 0.389981
0.002915 2168.32 0.0638836 135520 0.0474424 0.214466
0.005485 320.953 0.232905 135522 0.132469 1.46512
0.005165 322.009 0.232612 135521 0.149284 1.45989
0.001205 1204.17 0.157632 135520 0.193956 0.386517
0.002925 2162.32 0.0638102 135520 0.0468478 0.215055
0.005495 320.974 0.232906 135522 0.131803 1.46503
0.005175 321.799 0.232638 135521 0.14872 1.46087
0.001215 1214.85 0.156691 135520 0.194408 0.383113
0.005505 320.987 0.232907 135522 0.131072 1.46497
0.002935 2156.31 0.0637401 135520 0.0462798 0.215647
0.005185 321.737 0.232662 135521 0.148159 1.46118
0.001225 1225.52 0.15575 135520 0.194845 0.379767
0.005515 320.991 0.232908 135522 0.130288 1.46495
0.002945 2150.28 0.0636731 135520 0.0457391 0.216244
0.005195 321.675 0.232684 135521 0.147629 1.46149
0.001235 1236.2 0.154809 135520 0.195269 0.376479
0.005525 320.986 0.232909 135522 0.129553 1.46498
0.002955 2144.24 0.0636092 135520 0.0452266 0.216846
0.005205 321.611 0.232704 135521 0.147069 1.46181
0.001245 1246.87 0.153869 135520 0.19568 0.373248
0.005535 320.972 0.23291 135522 0.128862 1.46505
0.002965 2138.19 0.0635484 135520 0.0447429 0.217452
0.005215 321.543 0.232723 135521 0.146505 1.46214
0.001255 1257.55 0.152929 135520 0.196077 0.370072
0.005545 320.946 0.232911 135521 0.128139 1.46517
0.002975 2132.14 0.0634904 135520 0.0442884 0.218062
0.005225 321.471 0.232741 135521 0.145942 1.46249
0.001265 1268.22 0.151989 135520 0.19646 0.366951
0.005555 321.04 0.232912 135521 0.127475 1.46474
0.002985 2126.08 0.0634352 135520 0.0438637 0.218676
0.005235 321.395 0.232756 135521 0.145379 1.46286
0.001275 1278.9 0.151051 135520 0.196828 0.363883
0.005565 321.134 0.232912 135521 0.126916 1.46431
0.002995 2120.01 0.0633827 135520 0.0434691 0.219295
0.005245 321.315 0.232771 135521 0.144814 1.46324
0.005575 321.222 0.232913 135521 0.126319 1.46391
0.003005 2113.94 0.0633328 135520 0.0431051 0.219917
0.003205 1994.12 0.0627049 135520 0.0422438 0.232973
0.003215 1988.33 0.062683 135520 0.0424987 0.233644
0.003225 1982.57 0.0626611 135520 0.0427777 0.234315
0.003235 1976.85 0.0626391 135520 0.0430801 0.234986
0.003245 1971.16 0.062617 135520 0.0434051 0.235658
0.003255 1965.5 0.0625947 135520 0.0437521 0.236329
0.003265 1959.88 0.0625719 135520 0.0441204 0.236999
0.003275 1954.3 0.0625487 135520 0.0445093 0.237669
0.003285 1948.75 0.062525 135520 0.0449186 0.238339
0.003295 1943.25 0.0625006 135520 0.0453477 0.239007
0.003305 1937.79 0.0624754 135520 0.0457965 0.239674
0.002565 2347.7 0.0690382 135520 0.0820774 0.198264
0.003315 1932.37 0.0624494 135520 0.046265 0.240339
0.002245 2175.16 0.0795251 135520 0.13702 0.214057
0.003325 1927 0.0624225 135520 0.0467533 0.241003
0.001605 1623.13 0.121289 135520 0.197926 0.286688
0.003335 1921.67 0.0623946 135520 0.0472619 0.241665
0.002255 2182.07 0.0790945 135520 0.135557 0.213379
0.002575 2346.75 0.068811 135511 0.0805741 0.198326
0.007085 320.514 0.232918 135522 0.0357842 1.46716
0.003345 1916.39 0.0623655 135520 0.0477912 0.242325
0.001615 1633.15 0.120446 135520 0.197604 0.284931
0.002265 2188.92 0.0786709 135520 0.134083 0.212711
0.002585 2343.12 0.0685892 135520 0.0791075 0.198644
0.003355 1911.15 0.0623352 135520 0.0483423 0.242983
0.007475 322.591 0.232918 135522 0.0128739 1.45772
0.001625 1643.14 0.119608 135520 0.19726 0.283202
0.002275 2195.71 0.0782542 135520 0.132598 0.212053
0.002595 2339.28 0.0683723 135520 0.0776761 0.198967
0.003365 1905.97 0.0623036 135520 0.0489163 0.243638
0.007485 322.71 0.232918 135522 0.0122746 1.45718
0.007095 320.545 0.232918 135522 0.035191 1.46702
0.001635 1653.09 0.118775 135520 0.196895 0.2815
0.002285 2202.44 0.0778445 135520 0.131102 0.211404
0.002605 2335.39 0.0681604 135520 0.0763395 0.199294
0.003375 1900.84 0.0622705 135520 0.0495146 0.24429
0.007495 322.824 0.232918 135522 0.0116706 1.45667
0.006525 320.3 0.232918 135522 0.0693026 1.46814
0.007105 320.566 0.232918 135522 0.034604 1.46693
0.001645 1663.01 0.117946 135520 0.196507 0.279823
0.002295 2209.12 0.0774417 135520 0.129595 0.210765
0.002615 2331.47 0.0679536 135520 0.0750652 0.199625
0.003385 1895.76 0.0622358 135520 0.0501389 0.244939
0.007505 322.931 0.232918 135522 0.0110616 1.45618
0.007115 320.578 0.232918 135522 0.0340008 1.46687
0.001655 1672.89 0.117123 135520 0.196097 0.278173
0.002305 2215.73 0.0770458 135520 0.128075 0.210135
0.005885 320.974 0.232917 135522 0.107785 1.46506
0.002625 2327.51 0.0677517 135520 0.0738422 0.19996
0.003395 1890.73 0.0621993 135520 0.0507914 0.245584
0.007125 320.58 0.232918 135522 0.0333975 1.46686
0.007515 323.032 0.232918 135522 0.0104475 1.45573
0.001665 1682.74 0.116304 135520 0.195665 0.276548
0.002315 2222.28 0.0766567 135520 0.126542 0.209514
0.006535 320.25 0.232918 135522 0.0687223 1.46838
0.002635 2323.51 0.0675549 135520 0.0726598 0.2003
0.003405 1885.76 0.062161 135520 0.0514742 0.246225
0.007135 320.572 0.232918 135522 0.0327854 1.4669
0.007525 323.127 0.232918 135522 0.00982817 1.4553
0.001675 1692.55 0.115491 135520 0.195211 0.274948
0.002325 2228.78 0.0762744 135520 0.124993 0.208902
0.002645 2319.49 0.0673629 135520 0.0715093 0.200643
0.006545 320.187 0.232918 135522 0.068085 1.46866
0.003415 1880.85 0.0621206 135520 0.05219 0.246863
0.007145 320.554 0.232918 135522 0.0321996 1.46698
0.007535 323.216 0.232918 135522 0.00920385 1.4549
0.001685 1702.33 0.114683 135520 0.194735 0.273372
0.002335 2235.21 0.0758989 135520 0.123426 0.2083
0.005895 320.916 0.232917 135522 0.107202 1.46533
0.002655 2315.43 0.0671759 135520 0.0703831 0.20099
0.006555 320.24 0.232918 135522 0.0674585 1.46842
0.007155 320.526 0.232918 135522 0.0316323 1.46711
0.003425 1876 0.0620779 135520 0.0529415 0.247495
0.007545 323.299 0.232918 135522 0.0085749 1.45452
0.001695 1712.07 0.11388 135520 0.194237 0.271821
0.002345 2241.59 0.0755302 135520 0.121838 0.207706
0.002665 2311.28 0.0669938 135516 0.0692623 0.20134
0.005905 320.851 0.232917 135522 0.106619 1.46562
0.006565 320.286 0.232918 135522 0.0669018 1.46821
0.007165 320.488 0.232918 135522 0.0310127 1.46728
0.003435 1871.22 0.0620327 135520 0.0537317 0.248123
0.007555 323.376 0.232918 135522 0.00794188 1.45418
0.001705 1721.76 0.113082 135520 0.193717 0.270293
0.002355 2247.9 0.0751682 135520 0.120226 0.207122
0.002675 2305.97 0.0668165 135520 0.06816 0.201805
0.005915 320.78 0.232917 135522 0.106057 1.46595
0.006575 320.323 0.232918 135522 0.066307 1.46804
0.007175 320.57 0.232918 135522 0.030395 1.46691
0.003445 1866.5 0.0619849 135520 0.0545637 0.248745
0.007565 323.447 0.232918 135522 0.00730552 1.45386
0.001715 1731.42 0.11229 135520 0.193175 0.268788
0.002685 2300.55 0.066644 135520 0.0670523 0.202275
0.002365 2254.15 0.0748129 135520 0.118586 0.206546
0.005925 320.699 0.232917 135522 0.10542 1.46632
0.006585 320.35 0.232918 135522 0.0657138 1.46791
0.007185 320.646 0.232918 135522 0.029845 1.46656
0.003455 1861.85 0.0619341 135520 0.0554409 0.249362
0.007575 323.511 0.232918 135522 0.00666672 1.45357
0.002695 2295.1 0.0664761 135520 0.0659732 0.202751
0.001725 1741.04 0.111504 135520 0.19261 0.267306
0.005935 320.736 0.232917 135522 0.104791 1.46615
0.002375 2260.33 0.0744642 135520 0.116913 0.205979
0.006595 320.368 0.232918 135522 0.0651226 1.46783
0.007195 320.713 0.232918 135522 0.0292595 1.46626
0.003465 1857.27 0.06188 135520 0.0563664 0.249972
0.007585 323.57 0.232918 135522 0.00602641 1.4533
0.002705 2289.62 0.066313 135520 0.0649153 0.203231
0.001735 1750.63 0.110723 135520 0.192025 0.265846
0.005945 320.765 0.232917 135522 0.104221 1.46602
0.006605 320.375 0.232918 135522 0.0645039 1.4678
0.007205 320.772 0.232918 135522 0.0286759 1.46599
0.002385 2266.46 0.0741221 135520 0.115203 0.205421
0.003475 1852.76 0.0618225 135520 0.0573437 0.250575
0.007595 323.623 0.232918 135522 0.00538558 1.45307
0.002715 2284.11 0.0661545 135520 0.0638787 0.203716
0.001745 1760.16 0.109948 135520 0.191417 0.264409
0.006615 320.372 0.232918 135522 0.0638902 1.46781
0.005955 320.782 0.232917 135522 0.103611 1.46594
0.007215 320.823 0.232918 135522 0.0280913 1.46575
0.002395 2272.51 0.0737866 135520 0.113452 0.204872
0.003485 1848.34 0.0617611 135520 0.0583758 0.251171
0.007605 323.67 0.232918 135521 0.00474513 1.45286
0.002725 2278.56 0.0660006 135520 0.0628636 0.204207
0.006625 320.358 0.232918 135522 0.0632839 1.46788
0.001755 1769.66 0.109178 135520 0.190788 0.262993
0.005965 320.787 0.232917 135522 0.102992 1.46592
0.007225 320.865 0.232918 135522 0.0275066 1.46556
0.003495 1843.99 0.0616956 135520 0.0594657 0.251758
0.007615 323.711 0.232918 135521 0.00410589 1.45267
0.002405 2278.5 0.0734576 135520 0.111658 0.204332
0.002735 2272.99 0.0658512 135520 0.06187 0.204702
0.006635 320.333 0.232918 135522 0.0626886 1.46799
0.005975 320.781 0.232917 135522 0.102372 1.46594
0.001765 1779.12 0.108415 135520 0.190137 0.261598
0.007235 320.9 0.232918 135522 0.0269222 1.4654
0.003505 1839.73 0.0616255 135520 0.0606164 0.252337
0.007625 323.746 0.232918 135521 0.00346851 1.45251
0.002415 2284.42 0.073135 135520 0.109819 0.2038
0.002745 2267.38 0.0657064 135520 0.0608978 0.205203
0.006645 320.299 0.232918 135522 0.0621106 1.46815
0.005985 320.765 0.232917 135522 0.101777 1.46602
0.007245 320.926 0.232918 135522 0.0263383 1.46528
0.003515 1835.56 0.0615505 135520 0.06183 0.252907
0.001775 1788.53 0.107657 135520 0.189465 0.260225
0.007635 323.775 0.232918 135521 0.00283351 1.45238
0.002755 2261.75 0.0655661 135520 0.0599468 0.205708
0.006655 320.261 0.232918 135522 0.0615741 1.46833
0.002425 2290.26 0.0728189 135520 0.107937 0.203278
0.002215 2154.09 0.080859 135520 0.141344 0.216151
0.002435 2296.04 0.0725092 135520 0.106014 0.202764
0.006745 320.385 0.232918 135522 0.0560888 1.46776
0.002445 2301.74 0.0722058 135520 0.104057 0.20226
0.006755 320.368 0.232918 135522 0.055498 1.46783
0.002455 2307.36 0.0719086 135520 0.102076 0.201764
0.002225 2161.17 0.0804074 135520 0.139914 0.215443
0.006765 320.341 0.232918 135522 0.0549001 1.46796
0.002465 2312.91 0.0716177 135520 0.100083 0.201277
0.002235 2168.2 0.0799627 135520 0.138472 0.214745
0.006775 320.303 0.232918 135522 0.0542968 1.46813
0.002475 2318.39 0.071333 135520 0.0980919 0.200799
0.006785 320.255 0.232918 135522 0.0537196 1.46835
5e-06 400.597 0.227655 135520 0.10327 1.17011
0.006795 320.195 0.232918 135522 0.0530845 1.46863
0.004875 336.709 0.22991 135521 0.161993 1.39423
0.006805 320.25 0.232918 135522 0.0524595 1.46837
0.003545 1823.62 0.0612922 135520 0.0658037 0.254552
0.006815 320.298 0.232918 135522 0.051901 1.46816
0.000325 458.429 0.222857 135520 0.114455 1.02126
0.004885 335.6 0.230109 135521 0.161711 1.39895
1.5e-05 400.676 0.227648 135520 0.103251 1.16987
0.006825 320.336 0.232918 135522 0.0513062 1.46798
0.003555 1819.85 0.0611937 135521 0.0687931 0.255077
0.004165 744.854 0.166253 135521 0.127889 0.624468
0.004895 334.532 0.230297 135521 0.161425 1.40353
0.000335 462.437 0.22252 135520 0.115207 1.01233
2.5e-05 400.841 0.227635 135520 0.103262 1.16939
0.006835 320.365 0.232918 135522 0.0507128 1.46785
0.003565 1815.57 0.061136 135477 0.0388123 0.255594
0.004905 333.501 0.230475 135521 0.161122 1.40797
0.000345 466.591 0.222169 135520 0.11598 1.00325
0.004175 733.269 0.167879 135521 0.129167 0.634405
0.006845 320.385 0.232918 135522 0.050126 1.46776
3.5e-05 401.092 0.227615 135520 0.103293 1.16865
0.003575 1795.62 0.0627116 135521 0.00903269 0.25851
0.004915 332.506 0.230642 135521 0.160789 1.41228
0.000355 470.891 0.221806 135520 0.116774 0.994009
0.006855 320.394 0.232918 135522 0.0495069 1.46771
0.004185 721.743 0.169489 135521 0.130788 0.644608
4.5e-05 401.434 0.227587 135520 0.103343 1.16764
0.003585 1775 0.0643406 135521 0.0124241 0.261507
0.004925 331.539 0.230799 135521 0.160369 1.4165
0.000365 475.337 0.22143 135520 0.11759 0.984636
0.006865 320.392 0.232918 135522 0.0489007 1.46772
0.004195 710.272 0.171083 135521 0.132075 0.655093
5.5e-05 401.869 0.227552 135520 0.103414 1.16637
0.003595 1754.31 0.0659747 135521 0.0141746 0.264585
0.004935 330.863 0.230946 135521 0.160179 1.41949
0.000375 479.928 0.221042 135520 0.11842 0.97514
0.006875 320.38 0.232918 135522 0.0482899 1.46778
6.5e-05 402.401 0.227509 135520 0.103507 1.16481
0.004205 698.851 0.172661 135521 0.133373 0.665878
0.003605 1733.56 0.0676135 135521 0.0160754 0.267746
0.004945 330.218 0.231085 135521 0.159625 1.42235
0.006885 320.357 0.232918 135522 0.0476971 1.46788
0.000385 484.663 0.22064 135520 0.119341 0.965535
7.5e-05 403.032 0.227458 135520 0.103621 1.16297
0.003615 1712.76 0.0692565 135521 0.0180541 0.270992
0.004215 687.474 0.174222 135521 0.134608 0.676978
0.006895 320.323 0.232918 135522 0.0470953 1.46804
0.004955 329.597 0.231215 135521 0.15929 1.42512
0.000395 489.543 0.220226 135520 0.120012 0.955834
8.5e-05 403.766 0.227399 135520 0.103757 1.16083
0.003625 1691.91 0.0709032 135521 0.020112 0.274327
0.006905 320.278 0.232918 135522 0.0465207 1.46825
0.004225 676.136 0.175766 135521 0.135784 0.688414
0.004965 328.997 0.231337 135521 0.158874 1.4278
0.000405 494.567 0.219799 135520 0.121098 0.946046
9.5e-05 404.605 0.22733 135520 0.103916 1.1584
0.003635 1671 0.0725533 135521 0.0222472 0.277755
0.006915 320.222 0.232918 135522 0.0458893 1.4685
0.004235 664.831 0.177293 135521 0.136897 0.700207
0.004975 328.418 0.231452 135521 0.158461 1.4304
0.000415 499.732 0.21936 135520 0.121932 0.936189
0.000105 405.552 0.227253 135520 0.104098 1.15567
0.003645 1650.05 0.0742061 135521 0.024457 0.281277
0.006925 320.281 0.232918 135522 0.0452696 1.46823
0.004245 653.552 0.178803 135521 0.137949 0.712382
0.000645 654.575 0.206014 135520 0.14584 0.713295
0.004985 327.859 0.231559 135521 0.158042 1.43292
0.000425 505.04 0.218908 135520 0.122855 0.926273
0.000115 406.61 0.227167 135520 0.104304 1.15264
0.003655 1629.05 0.0758614 135521 0.0267374 0.284899
0.006935 320.334 0.232918 135522 0.044716 1.46799
0.004255 642.291 0.180296 135521 0.139015 0.724964
0.004995 327.318 0.23166 135521 0.157615 1.43536
0.000435 510.488 0.218443 135520 0.123787 0.916309
0.000125 407.782 0.227071 135520 0.104534 1.14929
0.003665 1608 0.0775186 135521 0.0290837 0.288624
0.006945 320.377 0.232918 135522 0.0441273 1.46779
0.004265 631.053 0.181771 135524 0.140451 0.737986
0.005005 326.795 0.231753 135521 0.157177 1.43773
0.000445 516.075 0.217966 135520 0.124737 0.906311
0.000135 409.07 0.226966 135520 0.104789 1.14564
0.003675 1586.92 0.0791772 135521 0.0314901 0.292456
0.006955 320.412 0.232918 135522 0.0435401 1.46763
0.000655 662.688 0.205308 135520 0.146942 0.704503
0.005015 326.287 0.231841 135521 0.156723 1.44004
0.004275 621.819 0.183225 135521 0.14112 0.749029
0.000455 521.801 0.217477 135520 0.1257 0.896289
0.000145 410.476 0.22685 135520 0.105068 1.14168
0.003685 1565.79 0.0808368 135521 0.0339499 0.296399
0.006965 320.438 0.232918 135522 0.0429523 1.46751
0.000665 670.898 0.204593 135520 0.148044 0.695823
0.005025 325.791 0.231923 135521 0.156252 1.4423
0.004285 612.692 0.18466 135521 0.142368 0.760289
0.000465 527.663 0.216975 135520 0.126679 0.886255
0.000155 412.005 0.226725 135520 0.105372 1.1374
0.003695 1544.62 0.0824969 135521 0.0364559 0.300458
0.006975 320.455 0.232918 135522 0.0423707 1.46744
0.000675 679.204 0.203869 135520 0.149145 0.687257
0.005035 325.304 0.231999 135521 0.155765 1.44452
0.004295 603.659 0.186074 135521 0.143565 0.771771
0.000475 533.661 0.216462 135520 0.127671 0.876218
0.000165 413.657 0.226589 135520 0.105702 1.13282
0.003705 1523.42 0.084157 135521 0.0389997 0.304639
0.006985 320.462 0.232918 135522 0.0417585 1.4674
0.000685 687.603 0.203137 135520 0.150243 0.678806
0.005045 324.823 0.23207 135521 0.155267 1.44672
0.004305 594.718 0.187466 135521 0.144738 0.783481
0.000485 539.792 0.215936 135520 0.128677 0.866189
0.000175 415.435 0.226443 135520 0.106058 1.12792
0.003715 1502.17 0.0858165 135521 0.0415726 0.308946
0.006995 320.461 0.232918 135522 0.0411567 1.46741
0.000695 696.092 0.202396 135520 0.151343 0.670472
0.005055 324.54 0.232135 135521 0.154796 1.44804
0.004315 585.868 0.188837 135521 0.14587 0.795426
0.000495 546.055 0.215399 135520 0.129695 0.856179
0.000185 417.341 0.226286 135520 0.10644 1.12272
0.003725 1480.89 0.0874751 135521 0.0441655 0.313386
0.007005 320.449 0.232918 135522 0.0405534 1.46746
0.000705 704.671 0.201647 135520 0.152369 0.662256
0.005065 324.272 0.232197 135521 0.154346 1.44929
0.000505 552.449 0.214849 135520 0.130724 0.846195
0.004325 577.107 0.190186 135521 0.146959 0.807616
0.000195 419.377 0.226118 135520 0.106847 1.11722
0.003735 1459.56 0.0891321 135521 0.0467687 0.317965
0.007015 320.428 0.232918 135522 0.0399623 1.46756
0.000715 713.337 0.20089 135521 0.153663 0.654159
0.005075 324.016 0.232254 135521 0.153875 1.45048
0.000515 558.971 0.214288 135520 0.131763 0.836247
0.004335 568.43 0.191513 135521 0.148003 0.82006
0.000205 421.546 0.225938 135520 0.107281 1.11142
0.003745 1438.19 0.0907869 135521 0.0493727 0.32269
0.007025 320.396 0.232918 135522 0.0393618 1.4677
0.000725 722.087 0.200125 135520 0.154548 0.64618
0.000525 565.62 0.213716 135520 0.132811 0.826343
0.005085 323.771 0.232307 135521 0.153391 1.45163
0.000215 423.849 0.225748 135520 0.107741 1.10533
0.004345 559.836 0.192819 135521 0.148997 0.832769
0.007035 320.355 0.232918 135522 0.0387873 1.46789
0.003755 1416.78 0.0924391 135521 0.0519679 0.327568
0.000735 730.919 0.199353 135520 0.155701 0.638322
0.000535 572.394 0.213132 135520 0.133868 0.816491
0.000225 426.287 0.225545 135520 0.108226 1.09895
0.005095 323.534 0.232356 135521 0.152895 1.45274
0.004355 551.32 0.194102 135521 0.149935 0.845755
0.003845 1240.81 0.108632 135521 0.0682363 0.374071
0.004365 542.877 0.195364 135521 0.150813 0.859034
0.004485 458.95 0.208699 135521 0.15916 1.01795
0.004375 534.501 0.196603 135521 0.15162 0.872624
0.005255 321.231 0.232784 135521 0.144246 1.46364
0.005585 321.304 0.232913 135521 0.125735 1.46354
0.004385 526.185 0.19782 135521 0.152354 0.886546
0.003855 1222.9 0.11054 135521 0.0705622 0.379558
0.003015 2107.86 0.0632853 135520 0.0427719 0.220543
0.005595 321.38 0.232914 135521 0.125151 1.4632
0.004495 453.004 0.209654 135521 0.159611 1.03147
0.004395 517.919 0.199016 135521 0.153039 0.900828
0.003865 1205 0.112442 135521 0.0728155 0.385209
0.005265 321.142 0.232796 135521 0.143673 1.46407
0.003025 2101.79 0.0632403 135520 0.0424696 0.221173
0.005605 321.448 0.232914 135521 0.124565 1.46289
0.004505 447.129 0.210586 135521 0.16 1.04518
0.004405 509.702 0.200189 135523 0.153917 0.915501
0.003875 1187.09 0.114337 135521 0.0749984 0.391032
0.005275 321.046 0.232808 135521 0.143091 1.46452
0.003035 2095.71 0.0631975 135520 0.0421985 0.221806
0.005615 321.509 0.232915 135521 0.123976 1.46261
0.001785 1797.91 0.106905 135520 0.188771 0.258872
0.004515 441.317 0.211494 135521 0.160327 1.0591
0.003885 1169.17 0.116228 135521 0.0771137 0.397039
0.004415 502.997 0.201336 135521 0.154445 0.92783
0.005285 320.942 0.232818 135521 0.142531 1.46501
0.003045 2089.64 0.0631569 135520 0.0419587 0.222443
0.005625 321.562 0.232915 135522 0.123384 1.46237
0.004525 435.56 0.212378 135521 0.160592 1.07326
0.001795 1807.23 0.106159 135520 0.188056 0.257539
0.003895 1151.23 0.118113 135521 0.0791646 0.403239
0.005295 320.829 0.232827 135521 0.141918 1.46554
0.003055 2083.58 0.0631183 135520 0.0417502 0.223083
0.005635 321.606 0.232915 135522 0.122789 1.46217
0.004425 496.41 0.202461 135521 0.155299 0.940284
0.004535 429.854 0.21324 135522 0.160955 1.08768
0.003905 1133.28 0.119992 135521 0.0811544 0.409645
0.001805 1816.52 0.105419 135520 0.18732 0.256226
0.003065 2077.51 0.0630817 135520 0.0415729 0.223726
0.005305 320.844 0.232835 135521 0.141322 1.46549
0.005645 321.642 0.232916 135522 0.122193 1.46201
0.004435 489.929 0.203561 135521 0.15601 0.952867
0.004545 425.28 0.214075 135521 0.161256 1.09953
0.003075 2071.46 0.0630469 135520 0.0414268 0.224372
0.003915 1115.29 0.121866 135521 0.0830859 0.416269
0.005315 320.857 0.232843 135521 0.140804 1.46544
0.001815 1825.76 0.104686 135520 0.186562 0.254933
0.005655 321.67 0.232916 135522 0.121597 1.46188
0.004445 483.549 0.204637 135520 0.156936 0.965583
0.004555 420.817 0.214887 135521 0.161733 1.11136
0.003085 2065.41 0.0630137 135520 0.0413118 0.225021
0.003925 1097.27 0.123734 135521 0.0849618 0.423124
0.005325 320.868 0.23285 135521 0.140256 1.4654
0.005665 321.69 0.232916 135522 0.121006 1.46179
0.001825 1834.95 0.103959 135520 0.185784 0.253659
0.004455 477.267 0.205689 135521 0.15741 0.978443
0.004565 416.458 0.215676 135521 0.162161 1.12315
0.003095 2059.38 0.0629822 135520 0.0412278 0.225673
0.003935 1079.2 0.125598 135521 0.0867857 0.430227
0.005335 320.873 0.232857 135521 0.139673 1.46539
0.005675 321.701 0.232916 135521 0.120407 1.46174
0.005995 320.739 0.232917 135522 0.101183 1.46613
0.001835 1844.1 0.103237 135520 0.184984 0.252403
0.004465 471.076 0.206716 135521 0.158094 0.991451
0.003105 2053.35 0.0629521 135520 0.0411745 0.226328
0.004575 412.201 0.216441 135520 0.162553 1.13492
0.005345 320.873 0.232862 135521 0.1391 1.46539
0.003945 1061.09 0.127456 135521 0.0885645 0.437593
0.007255 320.943 0.232918 135522 0.0257635 1.4652
0.005685 321.703 0.232916 135521 0.119801 1.46173
0.001845 1853.21 0.102523 135520 0.184164 0.251167
0.006005 320.704 0.232917 135522 0.100584 1.4663
0.004475 464.972 0.207719 135521 0.158652 1.00462
0.003115 2047.34 0.0629233 135520 0.0411516 0.226984
0.004585 408.04 0.217183 135520 0.162902 1.14666
0.005355 320.867 0.232868 135521 0.138504 1.46543
0.003955 1042.92 0.129309 135521 0.0904293 0.44524
0.007265 320.952 0.232918 135522 0.0251612 1.46516
0.002765 2256.09 0.0654302 135520 0.0590166 0.206219
0.007275 320.952 0.232918 135522 0.0245718 1.46516
0.002775 2250.4 0.0652987 135520 0.0581066 0.206734
0.007645 323.799 0.232918 135521 0.00220152 1.45228
0.007285 320.944 0.232918 135522 0.0239843 1.4652
0.002785 2244.68 0.0651715 135520 0.0572165 0.207255
0.006665 320.228 0.232918 135522 0.0611021 1.46848
0.007295 320.928 0.232918 135522 0.0233955 1.46527
0.007655 323.816 0.232918 135521 0.00157283 1.4522
0.002795 2238.94 0.0650485 135520 0.0563458 0.20778
0.006675 320.199 0.232918 135522 0.0604604 1.46861
0.007305 321.036 0.232918 135522 0.0227815 1.46478
0.002485 2323.79 0.0710544 135520 0.0961199 0.20033
0.007665 323.828 0.232918 135521 0.0009576 1.45215
0.002805 2233.18 0.0649298 135520 0.055494 0.20831
0.006685 320.272 0.232918 135522 0.0597523 1.46827
0.007315 321.137 0.232918 135522 0.0222357 1.46432
0.002815 2227.39 0.0648153 135520 0.054661 0.208846
0.007675 323.834 0.232918 135521 0.000311349 1.45212
0.002495 2329.12 0.0707819 135520 0.0941834 0.199869
0.007325 321.232 0.232918 135522 0.0216534 1.46389
0.006695 320.322 0.232918 135522 0.0591186 1.46804
0.000545 579.291 0.212537 135520 0.134933 0.806699
0.006705 320.355 0.232918 135522 0.0584987 1.46789
0.003765 1395.31 0.0940879 135521 0.0545472 0.332609
0.006715 320.377 0.232918 135522 0.0579061 1.46779
0.000555 586.309 0.211932 135520 0.136005 0.796972
0.003775 1373.8 0.0957325 135521 0.05708 0.337821
0.000745 739.831 0.198573 135520 0.156776 0.630583
0.000565 593.446 0.211315 135520 0.137082 0.787317
0.003785 1352.22 0.0973723 135521 0.0599195 0.343215
0.000235 428.863 0.225331 135520 0.108738 1.09229
0.005105 323.304 0.232402 135521 0.15239 1.45382
0.000245 431.578 0.225106 135520 0.109275 1.08536
0.005695 321.697 0.232916 135522 0.119184 1.46176
0.005115 323.078 0.232444 135521 0.151878 1.45488
0.004595 403.973 0.217901 135520 0.163208 1.15837
0.000255 434.433 0.224868 135520 0.109837 1.07816
0.005705 321.683 0.232917 135522 0.118593 1.46183
0.005365 320.854 0.232872 135521 0.137942 1.4655
0.001855 1862.26 0.101814 135520 0.183323 0.249948
0.006015 320.658 0.232917 135522 0.0999826 1.4665
0.005375 320.834 0.232877 135521 0.137384 1.4656
0.001865 1871.27 0.101112 135520 0.182461 0.248748
0.005385 320.808 0.232881 135521 0.136851 1.46573
0.006025 320.602 0.232917 135522 0.0993759 1.46676
0.001875 1880.24 0.100417 135520 0.18158 0.247566
0.005395 320.777 0.232884 135521 0.136356 1.46588
0.006035 320.534 0.232918 135522 0.0987946 1.46707
0.003125 2041.35 0.0628958 135520 0.0411588 0.227643
0.005405 320.741 0.232888 135521 0.135905 1.46605
0.001885 1889.15 0.0997278 135520 0.180678 0.2464
0.003965 1024.73 0.131158 135528 0.0927167 0.453186
0.006045 320.454 0.232918 135522 0.0981575 1.46744
0.003135 2035.37 0.0628693 135520 0.0411958 0.228304
0.005415 320.699 0.232891 135521 0.135508 1.46625
0.002825 2221.57 0.0647048 135520 0.0538468 0.209386
0.001895 1898.02 0.0990453 135520 0.179756 0.245252
0.006055 320.492 0.232918 135522 0.0975339 1.46727
0.003975 1009.87 0.133006 135521 0.0939003 0.459862
0.003145 2029.41 0.0628439 135520 0.041262 0.228967
0.005425 320.649 0.232893 135521 0.135182 1.46648
0.001905 1906.84 0.0983695 135520 0.178815 0.244121
0.006065 320.524 0.232918 135522 0.0969836 1.46712
0.002835 2215.73 0.0645984 135520 0.0530516 0.209931
0.003155 2023.47 0.0628193 135520 0.0413571 0.229632
0.005435 320.719 0.232896 135521 0.13473 1.46617
0.003985 995.087 0.134845 135521 0.0958694 0.46672
0.001915 1915.61 0.0977004 135520 0.177854 0.243007
0.006075 320.548 0.232918 135522 0.0963953 1.46701
0.002845 2209.88 0.0644959 135520 0.0522757 0.210481
0.003165 2017.55 0.0627954 135520 0.0414804 0.230298
0.002505 2334.37 0.0705154 135520 0.0922989 0.199416
0.007335 321.319 0.232918 135522 0.0210727 1.46349
0.002515 2339.56 0.0702549 135520 0.0904813 0.198971
0.000575 600.7 0.210688 135520 0.138165 0.777741
0.003795 1330.66 0.0990115 135529 0.0592906 0.348802
0.007345 321.398 0.232918 135522 0.0204905 1.46313
0.002525 2344.69 0.0700002 135520 0.0887461 0.198532
0.000755 748.822 0.197786 135520 0.157849 0.622964
0.000585 608.069 0.21005 135520 0.139253 0.768248
0.003805 1312.58 0.100944 135521 0.0579802 0.35359
0.004605 399.994 0.218596 135520 0.16347 1.17005
0.007355 321.47 0.232918 135522 0.0199078 1.4628
0.002535 2349.44 0.0697515 135502 0.0869928 0.198101
0.000765 757.889 0.196991 135520 0.158914 0.615465
0.000595 615.551 0.209402 135520 0.140345 0.758844
0.003815 1294.6 0.102875 135521 0.0608405 0.358504
0.004615 396.099 0.219269 135520 0.163687 1.18173
0.002545 2349.12 0.0695085 135520 0.0853124 0.198151
0.000775 767.029 0.19619 135520 0.159972 0.608085
0.000605 623.143 0.208744 135520 0.14144 0.749533
0.003825 1276.65 0.1048 135521 0.0633607 0.363552
0.004625 392.282 0.219919 135520 0.163855 1.19339
0.002555 2348.43 0.0692707 135520 0.0836491 0.198206
0.005715 321.659 0.232917 135522 0.117997 1.46194
0.000265 437.43 0.224618 135520 0.110425 1.07071
0.003995 980.347 0.136676 135521 0.0978227 0.473767
0.002855 2204 0.0643973 135520 0.0515195 0.211036
0.000275 440.569 0.224356 135520 0.111037 1.06302
0.004005 965.647 0.138497 135521 0.0997755 0.48101
0.003175 2011.65 0.0627721 135520 0.0416314 0.230965
0.000285 443.851 0.224081 135520 0.111674 1.05509
0.002865 2198.1 0.0643026 135520 0.0507839 0.211596
0.004015 950.986 0.140309 135521 0.101724 0.488459
0.000785 776.242 0.195382 135520 0.161023 0.600824
0.000295 447.278 0.223794 135520 0.112334 1.04694
0.003185 2005.78 0.0627494 135520 0.0418094 0.231633
0.002875 2192.18 0.0642116 135520 0.0500695 0.21216
0.004025 936.365 0.142112 135521 0.103665 0.496121
0.000795 785.524 0.194568 135520 0.162065 0.593681
0.000615 630.844 0.208076 135520 0.142537 0.740319
0.003835 1258.73 0.106719 135521 0.0658365 0.368738
0.004635 388.538 0.220548 135520 0.163969 1.20505
0.005725 321.626 0.232917 135522 0.117397 1.46209
0.000305 450.849 0.223494 135520 0.113018 1.03857
0.004645 384.86 0.221154 135520 0.164028 1.21673
0.005735 321.584 0.232917 135522 0.116796 1.46228
0.003195 1999.93 0.062727 135520 0.0420138 0.232303
0.004655 381.24 0.22174 135520 0.164022 1.22845
0.000315 454.566 0.223182 135520 0.113725 1.03001
0.005745 321.533 0.232917 135522 0.116193 1.46251
0.004035 921.782 0.143906 135521 0.105595 0.504006
0.000805 794.875 0.193747 135520 0.1631 0.586656
0.000625 638.651 0.207398 135520 0.143637 0.731206
0.000815 804.291 0.19292 135520 0.164125 0.579747
0.000635 646.562 0.20671 135520 0.144738 0.722197
0.000825 813.771 0.192087 135520 0.165141 0.572953
0.004665 377.67 0.222304 135521 0.164049 1.24023
0.005755 321.472 0.232917 135522 0.115588 1.46279
0.004675 374.867 0.222845 135520 0.164116 1.24966
0.004045 907.238 0.14569 135521 0.107509 0.512125
0.000835 823.313 0.191248 135520 0.166148 0.566274
0.004685 372.156 0.223368 135520 0.164264 1.25893
0.004055 892.73 0.147464 135521 0.109402 0.520488
0.000845 832.915 0.190404 135520 0.167144 0.559708
0.004065 878.257 0.149228 135521 0.111264 0.529108
0.004695 369.531 0.223869 135520 0.16437 1.26803
0.000855 842.575 0.189554 135520 0.16813 0.553255
0.004075 863.816 0.150982 135521 0.113087 0.537999
0.004705 366.99 0.224351 135520 0.164446 1.27696
0.000865 852.291 0.188699 135520 0.169105 0.546912
0.004085 849.402 0.152726 135521 0.114858 0.547176
0.004715 364.529 0.224813 135520 0.164489 1.28575
0.000875 862.062 0.187839 135520 0.170069 0.540679
0.004095 835.011 0.154459 135521 0.116567 0.556656
0.004725 362.142 0.225256 135520 0.164501 1.29437
0.000885 871.885 0.186974 135520 0.171021 0.534554
0.004105 820.635 0.156181 135521 0.118207 0.566459
0.004735 359.827 0.22568 135520 0.164482 1.30285
0.000895 881.759 0.186104 135520 0.171961 0.528536
0.004115 806.266 0.157893 135521 0.119876 0.576609
0.004745 357.58 0.226086 135520 0.164434 1.31119
0.000905 891.682 0.18523 135520 0.172888 0.522623
0.004125 791.917 0.159594 135525 0.121971 0.58713
0.004755 355.398 0.226474 135520 0.164353 1.31939
0.000915 901.652 0.184351 135520 0.173803 0.516813
0.004135 780.02 0.16128 135521 0.122992 0.596127
0.004765 353.274 0.226845 135520 0.164237 1.32747
0.000925 911.667 0.183468 135520 0.174705 0.511106
0.004145 768.225 0.162953 135521 0.124673 0.605342
0.004775 351.205 0.227199 135520 0.164081 1.33543
0.000935 921.727 0.18258 135520 0.175594 0.5055
0.004155 756.504 0.164611 135521 0.126271 0.614785
0.004785 349.184 0.227537 135520 0.163875 1.3433
0.000945 931.828 0.181689 135520 0.176469 0.499992
0.004795 347.204 0.227859 135521 0.163669 1.35111
0.000955 941.969 0.180794 135520 0.17733 0.494582
