0.007365 300.299 0.232918 101775 0.00501238 1.17599
0.007375 300.299 0.232918 101775 0.00489854 1.17599
0.007385 300.299 0.232918 101775 0.00479259 1.17599
0.007395 300.299 0.232918 101775 0.00467926 1.17599
0.007405 300.3 0.232918 101775 0.00456261 1.17598
0.007415 300.301 0.232918 101775 0.00444801 1.17598
0.007425 300.302 0.232918 101775 0.00432308 1.17597
0.007435 300.303 0.232918 101775 0.00419255 1.17597
0.007445 300.304 0.232918 101775 0.00405568 1.17597
0.007455 300.304 0.232918 101775 0.00391235 1.17596
0.007465 300.305 0.232918 101775 0.00376255 1.17596
0.007475 300.306 0.232918 101775 0.00360653 1.17596
0.007485 300.306 0.232918 101775 0.00344484 1.17596
0.007495 300.307 0.232918 101775 0.00327839 1.17596
0.007505 300.307 0.232918 101775 0.00310989 1.17596
0.007515 300.307 0.232918 101775 0.00293942 1.17595
0.007525 300.307 0.232918 101775 0.00276398 1.17595
0.007535 300.307 0.232918 101775 0.00258109 1.17596
0.007545 300.308 0.232918 101775 0.00236782 1.17595
0.007555 300.31 0.232918 101775 0.00219077 1.17595
0.007565 300.311 0.232918 101775 0.00200454 1.17594
0.007575 300.311 0.232918 101775 0.00182018 1.17594
0.007585 300.312 0.232918 101775 0.00163727 1.17594
0.007595 300.313 0.232918 101775 0.00145643 1.17594
0.007605 300.313 0.232918 101775 0.0012779 1.17593
0.007615 300.314 0.232918 101775 0.00110183 1.17593
0.007625 300.314 0.232918 101775 0.000928203 1.17593
0.007635 300.314 0.232918 101775 0.000756923 1.17593
0.007645 300.315 0.232918 101775 0.000587848 1.17593
0.007655 300.315 0.232918 101775 0.000420718 1.17593
0.007665 300.315 0.232918 101775 0.000257535 1.17593
0.007675 300.315 0.232918 101775 8.5036e-05 1.17593
0.006725 300.292 0.232918 101774 0.0124677 1.17601
0.007045 300.293 0.232918 101775 0.00882564 1.17601
0.006735 300.292 0.232918 101774 0.012398 1.17601
0.006405 300.291 0.232918 101775 0.0169074 1.17602
0.007055 300.293 0.232918 101775 0.00869872 1.17601
0.004485 300.293 0.232918 101776 0.040729 1.17602
0.006745 300.293 0.232918 101775 0.0123266 1.17601
0.007065 300.293 0.232918 101775 0.00857018 1.17601
0.006415 300.291 0.232918 101775 0.0167634 1.17602
0.006755 300.293 0.232918 101775 0.0122542 1.17601
0.004495 300.293 0.232918 101776 0.0405997 1.17602
0.007075 300.293 0.232918 101775 0.00844672 1.17601
0.006085 300.293 0.232918 101775 0.0210628 1.17601
0.006425 300.291 0.232918 101775 0.0166225 1.17602
0.006765 300.293 0.232918 101775 0.0121786 1.17601
0.004505 300.293 0.232918 101776 0.0404711 1.17602
0.007085 300.293 0.232918 101775 0.00832205 1.17601
0.006095 300.293 0.232918 101775 0.0209345 1.17601
0.006435 300.292 0.232918 101775 0.0164893 1.17601
0.004515 300.294 0.232918 101776 0.0403409 1.17602
0.006775 300.293 0.232918 101775 0.0120843 1.17601
0.007095 300.293 0.232918 101775 0.0081967 1.17601
0.006105 300.292 0.232918 101775 0.0208057 1.17601
0.006445 300.292 0.232918 101775 0.0163484 1.17601
0.004525 300.294 0.232918 101776 0.0402068 1.17602
0.006785 300.293 0.232918 101775 0.0119872 1.17601
0.007105 300.292 0.232918 101775 0.00807634 1.17601
0.004805 300.294 0.232918 101775 0.0366348 1.17602
0.006115 300.292 0.232918 101775 0.0206762 1.17601
0.004535 300.294 0.232918 101776 0.040078 1.17602
0.006455 300.292 0.232918 101775 0.0162054 1.17601
0.006795 300.293 0.232918 101775 0.0118897 1.17601
0.007115 300.291 0.232918 101775 0.00794546 1.17602
0.006125 300.291 0.232918 101775 0.0205521 1.17602
0.004815 300.294 0.232918 101775 0.0365095 1.17602
0.004545 300.293 0.232918 101776 0.0399513 1.17602
0.006465 300.293 0.232918 101775 0.0160599 1.17601
0.007125 300.292 0.232918 101775 0.00781379 1.17601
0.006805 300.292 0.232918 101775 0.0117873 1.17601
0.006135 300.291 0.232918 101775 0.0204157 1.17602
0.004555 300.293 0.232918 101776 0.0398235 1.17602
0.004825 300.294 0.232918 101775 0.0363869 1.17602
0.006475 300.293 0.232918 101775 0.0159071 1.17601
0.006145 300.291 0.232918 101775 0.0202804 1.17602
0.007135 300.293 0.232918 101775 0.00769406 1.17601
0.006815 300.292 0.232918 101775 0.0116799 1.17601
0.004565 300.293 0.232918 101776 0.0396948 1.17602
0.004835 300.294 0.232918 101775 0.0362675 1.17602
0.006485 300.293 0.232918 101775 0.0157452 1.17601
0.006155 300.292 0.232918 101775 0.0201557 1.17601
0.007145 300.293 0.232918 101775 0.00756916 1.17601
0.006825 300.291 0.232918 101775 0.0115732 1.17602
0.004575 300.293 0.232918 101776 0.0395655 1.17602
0.004845 300.293 0.232918 101775 0.0361467 1.17602
0.006495 300.293 0.232918 101775 0.015588 1.17601
0.006165 300.292 0.232918 101775 0.020026 1.17601
0.007155 300.294 0.232918 101775 0.00744494 1.17601
0.004585 300.292 0.232918 101776 0.039442 1.17602
0.006835 300.291 0.232918 101775 0.011455 1.17602
0.005765 300.297 0.232918 101774 0.0222358 1.17598
0.004855 300.293 0.232918 101775 0.0360249 1.17602
0.006505 300.293 0.232918 101774 0.0154301 1.17601
0.006175 300.293 0.232918 101775 0.0198968 1.17601
0.004595 300.291 0.232918 101776 0.0393016 1.17603
0.007165 300.294 0.232918 101775 0.00732107 1.17601
0.006845 300.291 0.232918 101775 0.0113277 1.17602
0.005775 300.297 0.232918 101774 0.0223201 1.17598
0.004865 300.293 0.232918 101775 0.0359084 1.17602
0.006515 300.292 0.232918 101774 0.0152664 1.17601
0.006185 300.293 0.232918 101775 0.0197687 1.17601
0.004605 300.292 0.232918 101776 0.0391734 1.17602
0.007175 300.294 0.232918 101775 0.00719774 1.17601
0.006855 300.292 0.232918 101775 0.0112119 1.17601
0.005785 300.297 0.232918 101774 0.0224381 1.17599
0.004875 300.292 0.232918 101775 0.0357772 1.17602
0.006525 300.292 0.232918 101774 0.015098 1.17601
0.006195 300.293 0.232918 101775 0.0196397 1.17601
0.004615 300.293 0.232918 101776 0.0390512 1.17602
0.007185 300.294 0.232918 101775 0.00707504 1.176
0.006865 300.292 0.232918 101775 0.0110895 1.17601
0.005795 300.297 0.232918 101774 0.0225798 1.17599
0.005125 300.299 0.232918 101775 0.0327337 1.17599
0.004885 300.293 0.232918 101775 0.0356541 1.17602
0.006205 300.293 0.232918 101775 0.0195081 1.17601
0.004625 300.293 0.232918 101776 0.0389253 1.17602
0.006535 300.292 0.232918 101774 0.0149253 1.17601
0.007195 300.294 0.232918 101775 0.00695432 1.176
0.006875 300.293 0.232918 101775 0.0109663 1.17601
0.005805 300.296 0.232918 101774 0.0227314 1.17599
0.004895 300.293 0.232918 101775 0.0355379 1.17602
0.006215 300.293 0.232918 101775 0.0193758 1.17601
0.004635 300.293 0.232918 101776 0.038801 1.17602
0.005135 300.299 0.232918 101775 0.0326124 1.17599
0.006545 300.291 0.232918 101774 0.0147576 1.17601
0.006885 300.293 0.232918 101775 0.0108427 1.17601
0.007205 300.295 0.232918 101775 0.00683086 1.176
0.004905 300.294 0.232918 101775 0.0354171 1.17602
0.005815 300.296 0.232918 101774 0.0228801 1.17599
0.006225 300.293 0.232918 101775 0.0192478 1.17601
0.004645 300.293 0.232918 101776 0.0386781 1.17602
0.006555 300.291 0.232918 101774 0.0145586 1.17602
0.005145 300.299 0.232918 101775 0.0324967 1.17599
0.006895 300.293 0.232918 101775 0.0107195 1.17601
0.007215 300.295 0.232918 101775 0.00670707 1.176
0.004915 300.294 0.232918 101775 0.0352965 1.17601
0.005825 300.295 0.232918 101774 0.0230159 1.176
0.006235 300.293 0.232918 101775 0.0191193 1.17601
0.004655 300.294 0.232918 101776 0.0385559 1.17602
0.006565 300.291 0.232918 101774 0.0143874 1.17601
0.005155 300.299 0.232918 101775 0.0323766 1.17599
0.006905 300.293 0.232918 101775 0.0105911 1.17601
0.007225 300.294 0.232918 101775 0.00658255 1.176
0.004925 300.294 0.232918 101775 0.0351756 1.17601
0.005835 300.295 0.232918 101774 0.0231329 1.176
0.004665 300.294 0.232918 101776 0.0384277 1.17602
0.006245 300.292 0.232918 101775 0.0189902 1.17601
0.006575 300.292 0.232918 101774 0.0142179 1.17601
0.005165 300.3 0.232918 101775 0.0322562 1.17599
0.006915 300.293 0.232918 101775 0.0104629 1.17601
0.007235 300.294 0.232918 101775 0.00646333 1.17601
0.004935 300.295 0.232918 101775 0.0350544 1.17601
0.005845 300.294 0.232918 101774 0.0232248 1.176
0.004675 300.294 0.232918 101776 0.0383035 1.17602
0.006255 300.292 0.232918 101775 0.0188605 1.17601
0.006585 300.292 0.232918 101774 0.0140442 1.17601
0.006925 300.293 0.232918 101775 0.0103368 1.17601
0.005175 300.301 0.232918 101775 0.0321436 1.17599
0.007245 300.294 0.232918 101775 0.00634807 1.17601
0.004945 300.295 0.232918 101775 0.034933 1.17601
0.005855 300.293 0.232918 101774 0.0233233 1.17601
0.004685 300.293 0.232918 101776 0.0381801 1.17602
0.006265 300.291 0.232918 101775 0.0187362 1.17602
0.004165 300.309 0.232917 101776 0.0449553 1.17596
0.006595 300.292 0.232918 101774 0.0138749 1.17601
0.006935 300.293 0.232918 101775 0.010212 1.17601
0.005185 300.302 0.232918 101775 0.0320255 1.17598
0.007255 300.294 0.232918 101775 0.0062231 1.17601
0.004955 300.295 0.232918 101775 0.0348126 1.17601
0.005865 300.294 0.232918 101774 0.0233261 1.17601
0.004695 300.293 0.232918 101776 0.0380554 1.17602
0.006275 300.291 0.232918 101775 0.0185998 1.17602
0.004175 300.305 0.232917 101776 0.0448186 1.17597
0.006605 300.292 0.232918 101774 0.0137123 1.17601
0.006945 300.292 0.232918 101775 0.0100861 1.17601
0.005195 300.303 0.232918 101775 0.0319079 1.17598
0.007265 300.295 0.232918 101775 0.00610029 1.176
0.004965 300.295 0.232918 101775 0.0346838 1.17601
0.005875 300.294 0.232918 101774 0.0233338 1.176
0.004705 300.293 0.232918 101776 0.0379279 1.17602
0.006285 300.291 0.232918 101775 0.0184646 1.17602
0.004185 300.304 0.232917 101776 0.0446885 1.17598
0.006615 300.293 0.232918 101774 0.0135579 1.17601
0.006955 300.292 0.232918 101775 0.00995973 1.17601
0.005205 300.304 0.232918 101775 0.0317904 1.17598
0.007275 300.295 0.232918 101775 0.00598965 1.176
0.004975 300.295 0.232918 101775 0.0345588 1.17601
0.005885 300.294 0.232918 101775 0.0233178 1.176
0.004715 300.293 0.232918 101776 0.037798 1.17602
0.006295 300.292 0.232918 101775 0.01834 1.17601
0.004195 300.302 0.232917 101776 0.0445598 1.17599
0.006625 300.293 0.232918 101774 0.0134117 1.17601
0.005215 300.304 0.232918 101775 0.0316731 1.17597
0.005445 300.313 0.232918 101774 0.0262811 1.17593
0.006965 300.292 0.232918 101775 0.00983848 1.17602
0.004985 300.295 0.232918 101775 0.0344338 1.17601
0.007285 300.296 0.232918 101775 0.00587511 1.176
0.005895 300.294 0.232918 101775 0.0232771 1.176
0.004725 300.292 0.232918 101776 0.0376728 1.17602
0.006305 300.292 0.232918 101775 0.0182103 1.17601
0.004205 300.301 0.232917 101776 0.044429 1.17599
0.006635 300.293 0.232918 101774 0.0132765 1.17601
0.005225 300.305 0.232918 101775 0.0315557 1.17597
0.006975 300.291 0.232918 101775 0.00970591 1.17602
0.004995 300.295 0.232918 101775 0.0343117 1.17601
0.005455 300.313 0.232918 101774 0.0260138 1.17593
0.007295 300.297 0.232918 101775 0.00576271 1.176
0.005905 300.294 0.232918 101775 0.0232096 1.176
0.004735 300.291 0.232918 101776 0.0375283 1.17603
0.006315 300.292 0.232918 101775 0.0180811 1.17601
0.004215 300.3 0.232917 101776 0.044298 1.17599
0.005235 300.306 0.232918 101775 0.0314377 1.17597
0.006645 300.292 0.232918 101774 0.0131526 1.17601
0.005005 300.294 0.232918 101775 0.0341926 1.17601
0.006985 300.292 0.232918 101775 0.00957363 1.17602
0.007305 300.297 0.232918 101775 0.00565202 1.17599
0.005465 300.312 0.232918 101774 0.0257808 1.17593
0.005915 300.294 0.232918 101775 0.0231237 1.176
0.004745 300.292 0.232918 101776 0.0373971 1.17602
0.006325 300.293 0.232918 101775 0.0179527 1.17601
0.004225 300.299 0.232917 101776 0.0441668 1.176
0.005245 300.306 0.232918 101775 0.0313184 1.17597
0.006655 300.292 0.232918 101774 0.01304 1.17601
0.005015 300.294 0.232918 101775 0.0340593 1.17601
0.006995 300.292 0.232918 101775 0.00945248 1.17601
0.005925 300.294 0.232918 101775 0.0230337 1.176
0.007315 300.297 0.232918 101775 0.00554302 1.17599
0.004755 300.293 0.232918 101776 0.037271 1.17602
0.005475 300.312 0.232918 101774 0.0255903 1.17593
0.006335 300.293 0.232918 101775 0.017824 1.17601
0.005255 300.306 0.232918 101775 0.0311966 1.17597
0.004235 300.298 0.232917 101776 0.0440352 1.176
0.006665 300.292 0.232918 101774 0.0129373 1.17601
0.005025 300.295 0.232918 101775 0.0339331 1.17601
0.007005 300.293 0.232918 101775 0.00932627 1.17601
0.005935 300.294 0.232918 101775 0.0229322 1.17601
0.007325 300.298 0.232918 101775 0.00543548 1.17599
0.004765 300.293 0.232918 101775 0.037141 1.17602
0.005485 300.312 0.232918 101774 0.025442 1.17593
0.005265 300.307 0.232918 101775 0.0310732 1.17596
0.006345 300.293 0.232918 101775 0.0176913 1.17601
0.004245 300.298 0.232917 101776 0.0439034 1.17601
0.006675 300.292 0.232918 101774 0.0128444 1.17601
0.005035 300.296 0.232918 101775 0.0338145 1.17601
0.007015 300.293 0.232918 101775 0.00920064 1.17601
0.005945 300.294 0.232918 101775 0.0228223 1.17601
0.007335 300.298 0.232918 101775 0.00532907 1.17599
0.004775 300.293 0.232918 101775 0.0370127 1.17602
0.005495 300.312 0.232918 101774 0.0253317 1.17593
0.005275 300.307 0.232918 101775 0.0309262 1.17596
0.006355 300.293 0.232918 101775 0.0175586 1.17601
0.004255 300.297 0.232917 101776 0.0437715 1.17601
0.006685 300.291 0.232918 101774 0.0127623 1.17601
0.005045 300.296 0.232918 101775 0.033691 1.17601
0.007025 300.293 0.232918 101775 0.00907534 1.17601
0.005955 300.294 0.232918 101775 0.0227063 1.17601
0.007345 300.299 0.232918 101775 0.00522339 1.17599
0.004785 300.294 0.232918 101775 0.0368861 1.17602
0.005505 300.311 0.232918 101774 0.0252513 1.17593
0.005285 300.307 0.232918 101775 0.0307812 1.17596
0.006365 300.293 0.232918 101775 0.0174291 1.17601
0.004265 300.296 0.232917 101776 0.0436395 1.17601
0.006695 300.291 0.232918 101774 0.0126978 1.17602
0.005055 300.297 0.232918 101775 0.0335684 1.176
0.007035 300.293 0.232918 101775 0.00895155 1.17601
0.005965 300.293 0.232918 101775 0.0225862 1.17601
0.004795 300.294 0.232918 101775 0.0367621 1.17602
0.007355 300.299 0.232918 101775 0.0051181 1.17599
0.005515 300.311 0.232918 101774 0.0251898 1.17593
0.005295 300.307 0.232918 101775 0.0306147 1.17596
0.006375 300.292 0.232918 101775 0.0172992 1.17601
0.004275 300.296 0.232917 101776 0.0435075 1.17601
0.005065 300.297 0.232918 101775 0.0334465 1.176
0.006705 300.291 0.232918 101774 0.0126046 1.17601
0.005975 300.293 0.232918 101775 0.022463 1.17601
0.005525 300.31 0.232918 101774 0.025137 1.17594
0.005305 300.308 0.232918 101775 0.0304528 1.17596
0.003845 302.672 0.232705 101776 0.0468655 1.16651
0.005315 300.309 0.232918 101775 0.0302735 1.17595
0.002245 2271.18 0.0283187 101776 -0.319974 0.153526
0.005325 300.31 0.232918 101775 0.0300677 1.17595
0.003855 302.37 0.232734 101776 0.047185 1.16771
0.001605 1656.37 0.0891442 101777 -0.307743 0.210595
0.005335 300.311 0.232918 101775 0.0298401 1.17595
0.003865 302.101 0.232759 101776 0.0471019 1.16877
0.002565 1957.79 0.0635799 101776 -0.35607 0.178054
0.002255 2266.29 0.0289559 101776 -0.318588 0.153856
0.005345 300.311 0.232918 101775 0.0295887 1.17594
0.003875 301.861 0.232781 101776 0.0472541 1.16973
0.001615 1671.24 0.0875944 101777 -0.305016 0.208717
0.002265 2261.45 0.0295913 101776 -0.317297 0.154184
0.005355 300.312 0.232918 101775 0.0293128 1.17594
0.002575 1940.82 0.0653412 101776 -0.355147 0.17961
0.003885 301.646 0.2328 101776 0.0473127 1.17058
0.001625 1686.13 0.0860442 101777 -0.302292 0.206869
0.005365 300.312 0.232918 101775 0.0290121 1.17594
0.002275 2256.64 0.0302252 101776 -0.31605 0.154511
0.002585 1923.76 0.0671098 101776 -0.354141 0.181201
0.003895 301.454 0.232817 101776 0.0473508 1.17135
0.001635 1701.03 0.0844937 101777 -0.299573 0.205051
0.001925 2141.87 0.039343 101777 -0.219184 0.162806
0.005375 300.312 0.232918 101775 0.0286887 1.17594
0.002595 1906.64 0.0688854 101776 -0.353047 0.182827
0.002285 2251.88 0.0308577 101776 -0.31485 0.154837
0.003905 301.305 0.232831 101776 0.0473687 1.17195
0.001645 1715.96 0.0829429 101777 -0.296858 0.203263
0.005385 300.313 0.232918 101775 0.0283467 1.17593
0.001935 2157.32 0.0377818 101777 -0.217046 0.16164
0.002605 1889.44 0.0706679 101776 -0.35186 0.18449
0.002295 2247.15 0.0314889 101776 -0.313701 0.155161
0.003915 301.174 0.232844 101776 0.0473676 1.17247
0.001655 1730.91 0.0813918 101777 -0.294148 0.201503
0.005395 300.313 0.232918 101775 0.0279902 1.17593
0.001945 2172.76 0.0362232 101777 -0.214874 0.160493
0.002615 1872.17 0.072457 101776 -0.350579 0.186191
5e-06 300.834 0.232901 101779 -0.6584 1.17391
0.002305 2242.45 0.0321191 101776 -0.312607 0.155485
0.003925 301.059 0.232854 101776 0.0473522 1.17293
0.001665 1745.87 0.0798404 101777 -0.291441 0.199772
0.005405 300.313 0.232918 101775 0.0276187 1.17593
0.001955 2187.58 0.0347147 101751 -0.240736 0.159367
0.002625 1854.84 0.0742524 101776 -0.349206 0.187931
1.5e-05 300.858 0.232899 101779 -0.658361 1.17381
0.002315 2237.79 0.0327482 101776 -0.311574 0.155807
0.003935 300.958 0.232864 101776 0.0473237 1.17334
0.001675 1760.85 0.0782888 101777 -0.288736 0.198068
0.005415 300.313 0.232918 101774 0.0272296 1.17593
0.001965 2194.78 0.034009 101777 -0.266575 0.158883
0.002635 1837.43 0.0760539 101776 -0.347742 0.18971
2.5e-05 300.9 0.232897 101779 -0.658367 1.17365
0.002325 2233.17 0.0333767 101776 -0.31061 0.156129
0.003945 300.869 0.232872 101776 0.0472833 1.17369
0.005425 300.313 0.232918 101774 0.026874 1.17593
0.001685 1775.85 0.0767371 101777 -0.286034 0.196392
0.001975 2201.47 0.0333446 101777 -0.264133 0.1584
0.002645 1819.97 0.0778614 101776 -0.346191 0.19153
0.003955 300.792 0.232878 101776 0.0472295 1.17401
3.5e-05 300.957 0.232895 101779 -0.658389 1.17342
0.002335 2228.57 0.0340045 101776 -0.309722 0.15645
0.005435 300.313 0.232918 101774 0.0265692 1.17593
0.001695 1790.87 0.0751851 101777 -0.283332 0.194741
0.001285 1193.8 0.138278 101777 -0.397118 0.292597
0.001985 2208.21 0.0326767 101777 -0.262188 0.157916
0.003525 380.041 0.224189 101777 0.0020053 0.92585
0.001995 2215 0.032006 101777 -0.260447 0.157432
0.003205 791.581 0.181812 101778 -0.15126 0.441731
0.002005 2221.85 0.0313329 101777 -0.258856 0.156947
0.003535 373.834 0.224898 101777 0.0054494 0.941411
0.003215 773.601 0.183539 101778 -0.14593 0.452063
0.002885 1385.52 0.122541 101777 -0.288679 0.251684
0.002015 2228.73 0.0306582 101777 -0.257413 0.156462
0.003545 367.948 0.225565 101777 0.00871145 0.956655
0.000965 773.668 0.184323 101778 -0.492471 0.452711
0.003225 755.7 0.185251 101778 -0.140553 0.462841
0.002025 2235.65 0.0299823 101777 -0.256111 0.155978
0.002895 1366.93 0.124436 101777 -0.285447 0.255116
0.003555 362.375 0.226191 101777 0.0117908 0.971553
0.003235 737.881 0.186949 101778 -0.135059 0.474092
0.000975 785.753 0.182989 101778 -0.489385 0.445701
0.002035 2242.59 0.0293059 101777 -0.254945 0.155495
0.002905 1348.32 0.126332 101777 -0.282145 0.258649
0.003565 357.103 0.226777 101777 0.0146928 0.98608
0.003245 720.149 0.18863 101779 -0.12979 0.485843
0.000985 797.923 0.181647 101778 -0.486306 0.438856
0.002045 2249.57 0.0286293 101777 -0.253855 0.155013
0.003575 352.12 0.227324 101777 0.0174239 1.00021
0.002915 1329.69 0.128229 101777 -0.278772 0.262285
0.003255 702.509 0.190295 101778 -0.124082 0.498123
0.002055 2256.56 0.0279531 101777 -0.252793 0.154533
0.000995 810.178 0.180294 101778 -0.483233 0.432172
0.000325 315.792 0.231906 101778 -0.651376 1.11758
0.003585 347.415 0.227833 101777 0.0199883 1.01394
0.002925 1311.04 0.130126 101777 -0.275328 0.266029
0.003265 684.966 0.191943 101778 -0.118603 0.510967
0.002065 2263.12 0.027315 101758 -0.273709 0.154058
0.000645 451.164 0.21919 101778 -0.590794 0.779571
0.001005 822.515 0.178933 101778 -0.480167 0.425646
0.003595 342.976 0.228307 101777 0.0223871 1.02723
0.000335 317.307 0.231791 101778 -0.650541 1.11218
0.002935 1292.36 0.132022 101777 -0.271814 0.269885
0.003275 667.523 0.193572 101779 -0.113014 0.524409
0.002075 2264.34 0.0272775 101777 -0.294458 0.154002
0.001015 834.932 0.177563 101778 -0.477108 0.419274
0.003605 338.791 0.228745 101777 0.0246214 1.04009
0.000655 458.76 0.218408 101778 -0.587941 0.766554
0.000345 318.944 0.231665 101778 -0.649643 1.1064
0.002945 1273.68 0.133918 101777 -0.268229 0.273859
0.003285 650.186 0.195182 101779 -0.107402 0.538488
0.002085 2265.16 0.0272736 101777 -0.292863 0.153945
0.001025 847.426 0.176184 101778 -0.474056 0.413051
0.003615 334.848 0.22915 101777 0.0266663 1.0525
0.000355 320.71 0.231527 101778 -0.648682 1.10024
0.000665 466.554 0.217602 101778 -0.585053 0.75364
0.002955 1254.98 0.135814 101777 -0.264574 0.277954
0.002095 2266.04 0.0272671 101777 -0.291519 0.153884
0.003295 632.96 0.196771 101779 -0.101335 0.553243
0.001035 859.995 0.174798 101778 -0.471011 0.406974
0.003625 331.706 0.229522 101777 0.0287824 1.06262
0.000365 322.611 0.231376 101778 -0.647654 1.09368
0.002965 1236.27 0.137708 101777 -0.260848 0.282177
0.000675 474.543 0.216772 101778 -0.582139 0.740848
0.002105 2266.96 0.0272582 101776 -0.29028 0.153821
0.003305 615.898 0.198339 101783 -0.0947193 0.568698
0.003635 328.796 0.229865 101776 0.0304192 1.07218
0.000375 324.654 0.231213 101778 -0.646557 1.08673
0.001045 872.638 0.173403 101778 -0.467973 0.401039
0.002975 1217.55 0.139601 101777 -0.257052 0.286532
0.002115 2267.93 0.0272472 101776 -0.289092 0.153754
0.000685 482.723 0.215918 101778 -0.579124 0.728191
0.003315 602.173 0.199882 101778 -0.0908479 0.581743
0.000385 326.846 0.231034 101778 -0.645396 1.07936
0.003645 326.104 0.230178 101776 0.0321941 1.08117
0.001055 885.352 0.172002 101778 -0.464942 0.395242
0.002985 1198.83 0.141493 101777 -0.253186 0.291025
0.006385 300.292 0.232918 101775 0.017168 1.17601
0.002125 2268.94 0.0272342 101776 -0.287955 0.153685
0.000695 491.09 0.215042 101778 -0.57635 0.715683
0.003325 588.684 0.201397 101778 -0.0857231 0.595187
0.000395 329.192 0.230841 101778 -0.644094 1.07158
0.003655 323.618 0.230464 101776 0.0337783 1.08961
0.001065 898.136 0.170593 101778 -0.461919 0.389579
0.002995 1180.1 0.143382 101777 -0.249249 0.295663
0.006395 300.292 0.232918 101775 0.0170352 1.17601
0.002135 2270 0.0272194 101776 -0.286871 0.153613
0.000705 499.64 0.214142 101778 -0.573157 0.703335
0.003335 575.408 0.202882 101778 -0.0806384 0.609039
0.000405 331.7 0.230632 101778 -0.642977 1.06339
0.003665 321.328 0.230724 101776 0.0352519 1.09751
0.004285 300.295 0.232917 101776 0.0433752 1.17602
0.005075 300.298 0.232918 101775 0.0333256 1.176
0.003675 319.222 0.230961 101776 0.0366108 1.10488
0.004295 300.294 0.232917 101776 0.0432419 1.17602
0.006715 300.292 0.232918 101774 0.0125375 1.17601
0.003685 317.288 0.231176 101776 0.0378608 1.11173
0.005085 300.298 0.232918 101775 0.0332055 1.176
0.005985 300.292 0.232918 101775 0.0223438 1.17601
0.004305 300.294 0.232917 101776 0.0431157 1.17602
0.005095 300.299 0.232918 101775 0.0330864 1.176
0.003695 315.514 0.23137 101776 0.0390057 1.11809
0.005535 300.31 0.232918 101774 0.0250843 1.17594
0.003705 313.89 0.231545 101776 0.0400493 1.12398
0.002655 1802.44 0.0796745 101776 -0.344559 0.193392
0.005545 300.309 0.232918 101774 0.0250256 1.17594
0.003715 312.404 0.231702 101776 0.0409957 1.12942
0.003965 300.724 0.232884 101776 0.0471673 1.17428
0.002665 1784.86 0.0814931 101776 -0.342848 0.195298
0.005555 300.308 0.232918 101774 0.0249558 1.17595
0.003725 311.045 0.231844 101776 0.041846 1.13445
0.003975 300.664 0.232889 101776 0.0469951 1.17452
0.002675 1767.21 0.0833171 101776 -0.341064 0.197248
0.003735 309.803 0.231971 101776 0.0426087 1.13908
0.005565 300.307 0.232918 101774 0.02488 1.17595
4.5e-05 301.028 0.232891 101779 -0.65842 1.17314
0.003985 300.612 0.232894 101776 0.0469089 1.17473
0.002685 1749.51 0.0851461 101776 -0.33921 0.199245
0.003745 308.666 0.232084 101776 0.04318 1.14335
0.005575 300.306 0.232918 101774 0.0247742 1.17596
0.002345 2224 0.034632 101776 -0.308921 0.156771
0.003995 300.567 0.232897 101776 0.0469356 1.17491
5.5e-05 301.113 0.232887 101779 -0.658453 1.1728
0.002695 1731.76 0.0869801 101776 -0.33729 0.201288
0.003755 307.626 0.232185 101776 0.043775 1.14729
0.005585 300.306 0.232918 101774 0.0246549 1.17595
0.004005 300.527 0.2329 101776 0.0468453 1.17508
6.5e-05 301.211 0.232883 101778 -0.658483 1.17242
0.002355 2219.45 0.0352594 101776 -0.308217 0.157091
0.002705 1713.95 0.0888189 101776 -0.335304 0.203381
0.003765 306.809 0.232275 101776 0.0444229 1.15042
0.005595 300.306 0.232918 101774 0.0245243 1.17595
0.004015 300.492 0.232903 101776 0.0467521 1.17522
7.5e-05 301.323 0.232877 101778 -0.658507 1.17197
0.002365 2214.93 0.035887 101776 -0.307622 0.157412
0.001705 1805.91 0.0736329 101777 -0.280627 0.193117
0.003775 306.074 0.232355 101776 0.0449022 1.15324
0.002715 1696.08 0.0906624 101776 -0.333257 0.205525
0.005605 300.306 0.232918 101774 0.0243895 1.17595
0.004025 300.461 0.232905 101776 0.046651 1.17534
8.5e-05 301.45 0.232871 101778 -0.658518 1.17147
0.002375 2210.41 0.0365151 101776 -0.307147 0.157732
0.003785 305.413 0.232425 101776 0.0453308 1.15579
0.001715 1820.96 0.0720805 101777 -0.277918 0.191517
0.002725 1678.17 0.0925102 101776 -0.331147 0.207721
0.004035 300.434 0.232907 101776 0.0465393 1.17545
0.005615 300.305 0.232918 101774 0.024247 1.17596
9.5e-05 301.593 0.232863 101778 -0.658527 1.1709
0.002385 2205.92 0.0371441 101776 -0.3068 0.158053
0.003795 304.821 0.232488 101776 0.0457052 1.15809
0.001725 1836.03 0.0705279 101777 -0.275199 0.189943
0.002735 1660.2 0.0943625 101777 -0.328977 0.20997
0.004045 300.414 0.232909 101776 0.0464267 1.17553
0.005625 300.305 0.232918 101774 0.0240915 1.17596
0.000105 301.755 0.232855 101778 -0.658571 1.17027
0.003805 304.29 0.232543 101776 0.0460322 1.16016
0.002395 2201.42 0.0377744 101776 -0.306596 0.158375
0.002745 1642.19 0.0962188 101777 -0.326745 0.212276
0.001735 1851.12 0.0689751 101777 -0.272468 0.188392
0.004055 300.397 0.23291 101776 0.0463196 1.1756
0.005635 300.304 0.232918 101774 0.0239256 1.17596
0.000115 301.936 0.232845 101778 -0.658634 1.16955
0.003815 303.814 0.232592 101776 0.0463152 1.16202
0.002405 2196.93 0.0384064 101776 -0.306479 0.158698
0.002755 1624.12 0.0980792 101777 -0.324451 0.21464
0.001745 1866.23 0.067422 101777 -0.26972 0.186864
0.004065 300.382 0.232912 101776 0.0462264 1.17566
0.000125 302.139 0.232834 101778 -0.658465 1.16876
0.005645 300.304 0.232918 101774 0.0237501 1.17596
0.003825 303.39 0.232635 101776 0.0465547 1.16369
0.002415 2192.44 0.0390404 101776 -0.306053 0.159023
0.002765 1606.01 0.0999434 101777 -0.322095 0.217063
0.004075 300.369 0.232913 101776 0.0461411 1.17572
0.001755 1881.36 0.0658685 101777 -0.26695 0.18536
0.000135 302.366 0.232822 101778 -0.658304 1.16787
0.005655 300.303 0.232918 101774 0.0235657 1.17596
0.003835 303.011 0.232672 101776 0.0467601 1.16518
0.002425 2187.17 0.0397289 101742 -0.3379 0.159353
0.002775 1587.86 0.101811 101777 -0.319677 0.219549
0.004085 300.358 0.232913 101776 0.046044 1.17576
0.001765 1896.5 0.0643145 101777 -0.264155 0.183877
0.001295 1207.78 0.136767 101777 -0.394247 0.289194
0.001775 1911.67 0.06276 101777 -0.261329 0.182416
0.001075 910.987 0.169177 101778 -0.458902 0.384048
0.001305 1221.79 0.135253 101777 -0.391383 0.28586
0.001785 1926.86 0.0612049 101777 -0.258472 0.180977
0.001085 923.905 0.167755 101778 -0.455893 0.378644
0.003005 1161.37 0.145269 101777 -0.245244 0.300451
0.001315 1235.84 0.133737 101777 -0.388524 0.282593
0.001795 1942.07 0.059649 101777 -0.255582 0.179558
0.001095 936.886 0.166327 101778 -0.452891 0.373365
0.002145 2271.09 0.0272031 101776 -0.285837 0.153538
0.003015 1142.65 0.147152 101777 -0.241169 0.305396
0.001325 1249.93 0.132219 101777 -0.385672 0.279392
0.001805 1957.3 0.0580922 101777 -0.252659 0.178159
0.001105 949.93 0.164892 101778 -0.449896 0.368205
0.002155 2272.22 0.0271853 101776 -0.284855 0.153461
0.000715 508.37 0.21322 101778 -0.570206 0.691159
0.003025 1123.93 0.149033 101777 -0.237025 0.310505
0.001335 1264.05 0.130699 101777 -0.382825 0.276256
0.001815 1972.56 0.0565345 101777 -0.249709 0.17678
0.001115 963.035 0.163452 101778 -0.446908 0.363164
0.002165 2273.4 0.0271663 101776 -0.283926 0.153381
0.003035 1105.22 0.15091 101777 -0.232813 0.315787
0.000725 517.276 0.212276 101778 -0.567164 0.679164
0.001345 1278.21 0.129176 101777 -0.379984 0.273181
0.001825 1987.85 0.0549756 101777 -0.246736 0.17542
0.001125 976.2 0.162006 101778 -0.443927 0.358236
0.002175 2274.6 0.0271464 101776 -0.283051 0.1533
0.003045 1086.52 0.152783 101777 -0.228533 0.321247
0.001355 1292.4 0.127652 101777 -0.377148 0.270167
0.000735 526.353 0.21131 101778 -0.56411 0.667357
0.001835 2003.16 0.0534156 101777 -0.243752 0.174078
0.001135 989.422 0.160554 101778 -0.440952 0.353419
0.002185 2275.84 0.0271256 101776 -0.282229 0.153216
0.003055 1067.83 0.154652 101778 -0.224186 0.326896
0.001365 1306.63 0.126126 101777 -0.374318 0.267212
0.001845 2018.49 0.0518545 101777 -0.240767 0.172755
0.001145 1002.7 0.159098 101778 -0.437977 0.34871
0.000745 535.598 0.210323 101778 -0.56104 0.655746
0.002195 2277.11 0.0271043 101776 -0.281465 0.15313
0.003065 1049.16 0.156516 101778 -0.219772 0.332742
0.001375 1320.88 0.124598 101777 -0.371493 0.264314
0.001855 2033.85 0.0502922 101777 -0.237799 0.17145
0.001155 1016.03 0.157637 101778 -0.435014 0.344106
0.000755 545.007 0.209316 101778 -0.557957 0.644336
0.002205 2278.41 0.0270825 101776 -0.280705 0.153042
0.003075 1030.52 0.158374 101778 -0.215291 0.338794
0.001385 1335.17 0.123069 101777 -0.368674 0.261472
0.001865 2049.24 0.048729 101777 -0.234865 0.170163
0.001165 1029.42 0.15617 101778 -0.43206 0.339605
0.003345 562.353 0.204336 101778 -0.0755558 0.623303
0.000765 554.575 0.208289 101778 -0.554862 0.633132
0.002215 2279.73 0.0270606 101776 -0.279801 0.152953
0.003085 1011.89 0.160227 101778 -0.210743 0.345061
0.001395 1349.49 0.121538 101777 -0.365859 0.258685
0.001875 2064.64 0.0471648 101777 -0.231985 0.168893
0.001175 1042.86 0.1547 101778 -0.429112 0.335202
0.000775 564.299 0.207243 101778 -0.551758 0.622137
0.003355 549.524 0.205758 101778 -0.0705066 0.637984
0.002225 2280.63 0.0270749 101757 -0.30079 0.152865
0.003095 993.298 0.162073 101778 -0.206116 0.351556
0.001405 1363.84 0.120005 101777 -0.36305 0.255951
0.001885 2080.06 0.0456001 101777 -0.229182 0.167641
0.001185 1056.35 0.153225 101778 -0.426171 0.330896
0.000785 574.174 0.206177 101778 -0.548646 0.611354
0.002235 2276.11 0.0276796 101776 -0.321621 0.153195
0.003105 974.733 0.163913 101778 -0.20143 0.358288
0.003365 536.927 0.207147 101778 -0.0655011 0.653086
0.001415 1378.22 0.118471 101777 -0.360246 0.253269
0.001895 2095.5 0.0440351 101777 -0.226478 0.166406
0.001195 1069.89 0.151746 101778 -0.423236 0.326684
0.000415 334.376 0.230407 101778 -0.641411 1.05479
0.004315 300.293 0.232917 101776 0.0429682 1.17602
0.001205 1083.48 0.150263 101778 -0.420308 0.322563
0.000425 337.224 0.230164 101778 -0.640019 1.04579
0.001215 1097.12 0.148777 101778 -0.417387 0.318531
0.004325 300.293 0.232917 101776 0.0428364 1.17602
0.005995 300.291 0.232918 101775 0.0222099 1.17602
0.000435 340.252 0.229903 101778 -0.638485 1.03639
0.001225 1110.8 0.147287 101778 -0.414472 0.314585
0.004335 300.293 0.232917 101776 0.0427085 1.17602
0.005105 300.299 0.232918 101775 0.0329681 1.176
0.006005 300.292 0.232918 101775 0.0220799 1.17601
0.000445 343.465 0.229622 101778 -0.636884 1.02659
0.004345 300.294 0.232917 101776 0.0425761 1.17602
0.001235 1124.53 0.145793 101778 -0.411564 0.310723
0.005115 300.299 0.232918 101775 0.0328515 1.17599
0.000145 302.619 0.232808 101778 -0.658286 1.16687
0.006015 300.292 0.232918 101775 0.0219579 1.17601
0.004355 300.294 0.232917 101776 0.0424444 1.17602
0.000455 346.868 0.229322 101778 -0.635206 1.01642
0.001245 1138.3 0.144296 101778 -0.408662 0.306944
0.005665 300.303 0.232918 101774 0.0233738 1.17596
0.001255 1152.11 0.142796 101778 -0.405766 0.303243
0.005675 300.302 0.232918 101774 0.0231766 1.17597
0.002435 2171.87 0.0413453 101776 -0.369064 0.160526
0.001265 1165.97 0.141293 101777 -0.402877 0.29962
0.002785 1569.65 0.103682 101777 -0.317194 0.222099
0.005685 300.301 0.232918 101774 0.0229778 1.17597
0.001275 1179.87 0.139787 101777 -0.399994 0.296072
0.002445 2155.76 0.0430182 101776 -0.366973 0.161724
0.004095 300.348 0.232914 101776 0.0459188 1.1758
0.005695 300.3 0.232918 101774 0.0227831 1.17597
0.002795 1551.41 0.105557 101777 -0.314646 0.224715
0.002455 2139.61 0.0446956 101776 -0.365561 0.162942
0.004105 300.34 0.232915 101776 0.0457683 1.17583
0.005705 300.299 0.232918 101774 0.0226042 1.17598
0.000795 584.197 0.205093 101778 -0.545527 0.600784
0.005715 300.298 0.232918 101774 0.0224144 1.17598
0.003115 956.202 0.165745 101778 -0.196689 0.36527
0.000805 594.364 0.203991 101778 -0.542403 0.590428
0.005725 300.298 0.232918 101774 0.0223024 1.17598
0.003125 937.71 0.167569 101778 -0.191885 0.372514
0.001425 1392.63 0.116936 101777 -0.357446 0.250637
0.005735 300.298 0.232918 101774 0.0222264 1.17598
0.000815 604.671 0.202872 101778 -0.539275 0.580287
0.003135 919.258 0.169385 101778 -0.187017 0.380034
0.001435 1407.06 0.1154 101777 -0.354651 0.248055
0.003375 524.567 0.208502 101778 -0.0605559 0.668612
0.005745 300.298 0.232918 101774 0.0221888 1.17598
0.000825 615.113 0.201736 101778 -0.536144 0.570361
0.003145 900.852 0.171192 101778 -0.182087 0.387844
0.001445 1421.53 0.113862 101777 -0.351861 0.24552
0.001905 2110.95 0.0424702 101777 -0.223895 0.165188
0.003385 512.45 0.209823 101778 -0.0556816 0.684567
0.005755 300.298 0.232918 101774 0.0221902 1.17598
0.000835 625.688 0.200583 101778 -0.533011 0.560649
0.003155 882.495 0.17299 101778 -0.177095 0.39596
0.001455 1436.02 0.112323 101777 -0.349075 0.243032
0.003395 500.576 0.211107 101778 -0.0509744 0.700953
0.001915 2126.41 0.040906 101777 -0.221456 0.163988
0.000845 636.392 0.199414 101778 -0.529878 0.551148
0.003165 864.19 0.174777 101778 -0.172043 0.404397
0.001465 1450.54 0.110783 101777 -0.346294 0.240589
0.006025 300.293 0.232918 101775 0.0218309 1.17601
0.000155 302.901 0.232792 101778 -0.65821 1.16577
0.006035 300.293 0.232918 101775 0.0217043 1.17601
0.004365 300.294 0.232917 101776 0.0423105 1.17602
0.000165 303.216 0.232773 101778 -0.6581 1.16454
0.006045 300.293 0.232918 101775 0.021579 1.17601
0.000465 350.464 0.229002 101778 -0.633455 1.00588
0.000175 303.565 0.232753 101778 -0.657965 1.16318
0.004375 300.294 0.232917 101776 0.0421737 1.17602
0.006055 300.293 0.232918 101775 0.021448 1.17601
0.000475 354.26 0.22866 101778 -0.63163 0.995001
0.002805 1533.12 0.107435 101777 -0.312033 0.2274
0.000185 303.952 0.23273 101778 -0.657793 1.16168
0.006065 300.293 0.232918 101775 0.021319 1.17601
0.004385 300.294 0.232918 101776 0.0420415 1.17602
0.000485 358.258 0.228297 101778 -0.629733 0.983789
0.002815 1514.8 0.109315 101777 -0.309353 0.230156
0.000195 304.381 0.232703 101778 -0.657591 1.16002
0.006075 300.293 0.232918 101775 0.0211894 1.17601
0.000495 362.462 0.227911 101778 -0.627763 0.972268
0.004395 300.294 0.232918 101776 0.0419119 1.17602
0.000205 304.855 0.232674 101778 -0.657359 1.15819
0.004115 300.333 0.232915 101776 0.0456114 1.17586
0.000215 305.379 0.232641 101778 -0.657094 1.15618
0.002465 2123.41 0.0463783 101776 -0.364356 0.164183
0.004125 300.327 0.232916 101776 0.0454648 1.17589
0.000225 305.957 0.232604 101778 -0.656793 1.15396
0.003405 488.948 0.212355 101778 -0.0461182 0.717778
0.004135 300.321 0.232916 101776 0.0453319 1.17591
0.000235 306.593 0.232562 101778 -0.656461 1.15154
0.002475 2107.16 0.0480667 101776 -0.363281 0.165447
0.000855 647.221 0.19823 101778 -0.526745 0.541858
0.003415 477.565 0.213565 101778 -0.0417886 0.735046
0.000245 307.291 0.232516 101778 -0.656023 1.14888
0.004145 300.317 0.232916 101776 0.0452061 1.17593
0.002485 2090.85 0.0497614 101776 -0.362322 0.166736
0.004155 300.313 0.232916 101776 0.04508 1.17594
0.000255 308.058 0.232464 101778 -0.655787 1.14599
0.000865 658.172 0.197031 101778 -0.523612 0.532775
0.003425 466.423 0.214737 101777 -0.0373319 0.752767
0.002495 2074.47 0.0514628 101776 -0.361458 0.16805
0.003175 845.942 0.176554 101778 -0.166931 0.413174
0.001475 1465.09 0.109243 101777 -0.343517 0.238191
0.002505 2058.03 0.0531712 101776 -0.360664 0.169391
0.003185 827.755 0.178319 101778 -0.161763 0.422308
0.002825 1496.43 0.111198 101777 -0.306605 0.232986
0.000505 366.875 0.227502 101778 -0.625722 0.96046
0.001485 1479.66 0.107701 101777 -0.340743 0.235836
0.002515 2041.52 0.0548869 101776 -0.359917 0.17076
0.004405 300.294 0.232918 101776 0.0417808 1.17602
0.003195 809.633 0.180072 101778 -0.156538 0.43182
0.002835 1478.03 0.113084 101777 -0.30379 0.235893
0.001495 1494.26 0.106158 101777 -0.337974 0.233524
0.002525 2024.93 0.0566102 101776 -0.359191 0.172157
0.000265 308.898 0.232407 101778 -0.655149 1.14283
0.002535 2008.26 0.0583411 101776 -0.358464 0.173584
0.000275 309.816 0.232343 101778 -0.654698 1.1394
0.000875 669.241 0.195818 101778 -0.520481 0.523899
0.002545 1991.52 0.0600798 101776 -0.357714 0.175042
0.003435 455.521 0.21587 101777 -0.0330804 0.770951
0.000285 310.819 0.232272 101778 -0.654137 1.13568
0.002555 1974.69 0.061826 101776 -0.356922 0.176531
0.000885 680.425 0.19459 101778 -0.517353 0.515224
0.000295 311.911 0.232193 101778 -0.65353 1.13165
0.003445 444.857 0.216963 101777 -0.0289383 0.789605
0.000895 691.721 0.19335 101778 -0.514228 0.506749
0.004415 300.294 0.232918 101776 0.0416489 1.17602
0.000905 703.125 0.192096 101778 -0.511103 0.498471
0.004425 300.293 0.232918 101776 0.041517 1.17602
0.000515 371.499 0.22707 101778 -0.623613 0.948391
0.000915 714.635 0.190829 101778 -0.508053 0.490384
0.002845 1459.59 0.114972 101777 -0.300907 0.23888
0.004435 300.293 0.232918 101776 0.0413846 1.17602
0.000525 376.338 0.226614 101778 -0.621435 0.936084
0.001505 1508.88 0.104615 101777 -0.335209 0.231252
0.000925 726.248 0.18955 101778 -0.504741 0.482487
0.004445 300.292 0.232918 101776 0.0412588 1.17603
0.002855 1441.12 0.116862 101777 -0.297954 0.241949
0.000535 381.391 0.226133 101778 -0.619191 0.923566
0.000935 737.96 0.18826 101778 -0.501831 0.474775
0.001515 1523.52 0.10307 101777 -0.332447 0.229021
0.000305 313.1 0.232107 101778 -0.652869 1.1273
0.004455 300.292 0.232918 101776 0.0411145 1.17603
0.002865 1422.62 0.118753 101777 -0.294932 0.245104
0.000545 386.66 0.225628 101778 -0.616883 0.910864
0.000945 749.77 0.186958 101778 -0.498659 0.467245
0.001525 1538.19 0.101526 101777 -0.329689 0.226829
0.004465 300.292 0.232918 101776 0.0409842 1.17603
0.000315 314.391 0.232011 101778 -0.652151 1.12262
0.002875 1404.08 0.120646 101777 -0.291841 0.248348
0.000955 761.673 0.185646 101778 -0.495564 0.459891
0.000555 392.146 0.225098 101778 -0.614512 0.898005
0.004475 300.293 0.232918 101776 0.0408588 1.17602
0.001535 1552.89 0.0999799 101777 -0.326934 0.224675
0.003455 434.432 0.218017 101777 -0.0248009 0.808731
0.000565 397.849 0.224543 101778 -0.612082 0.885016
0.001545 1567.6 0.0984336 101777 -0.324182 0.222559
0.003465 424.261 0.219029 101779 -0.0205362 0.828315
0.000575 403.769 0.223962 101778 -0.609595 0.871925
0.001555 1582.34 0.0968866 101777 -0.321434 0.220479
0.003475 416.077 0.219999 101777 -0.0169772 0.844774
0.000585 409.904 0.223356 101778 -0.607053 0.858758
0.001565 1597.11 0.0953392 101777 -0.318689 0.218434
0.003485 408.211 0.220924 101777 -0.0130855 0.861238
0.000595 416.254 0.222725 101778 -0.604458 0.845541
0.001575 1611.89 0.0937911 101777 -0.315947 0.216424
0.003495 400.667 0.221806 101777 -0.00920104 0.877642
0.000605 422.818 0.222068 101778 -0.601814 0.8323
0.001585 1626.69 0.0922426 101777 -0.313209 0.214449
0.003505 393.455 0.222644 101777 -0.0053564 0.893918
0.000615 429.593 0.221386 101778 -0.599123 0.81906
0.001595 1641.52 0.0906936 101777 -0.310474 0.212506
0.003515 386.579 0.223438 101777 -0.00160666 0.910004
0.000625 436.577 0.220679 101778 -0.596387 0.805844
0.000635 443.768 0.219947 101778 -0.59361 0.792674
