0.007365 373.255 0.23277 282418 0.00987952 2.62495
0.007375 373.27 0.232781 282418 0.00957128 2.62487
0.007385 373.279 0.23279 282418 0.00926419 2.62483
0.007395 373.279 0.2328 282418 0.00895314 2.62486
0.007405 373.271 0.232808 282418 0.00863298 2.62494
0.007415 373.254 0.232816 282418 0.00833845 2.62508
0.007425 373.228 0.232824 282418 0.00801664 2.62529
0.007435 373.263 0.23283 282418 0.00769264 2.62506
0.007445 373.29 0.232837 282418 0.00739514 2.62489
0.007455 373.308 0.232843 282418 0.00708876 2.62478
0.007465 373.317 0.232848 282418 0.00676694 2.62474
0.007475 373.316 0.232853 282418 0.00645385 2.62476
0.007485 373.306 0.232858 282418 0.00614044 2.62484
5e-06 828.738 0.205357 282419 0.0245928 1.17036
1.5e-05 828.794 0.205353 282419 0.0245973 1.17028
2.5e-05 828.906 0.205344 282419 0.0246034 1.17012
0.007495 373.356 0.232862 282418 0.00581382 2.6245
3.5e-05 829.074 0.20533 282418 0.0246111 1.16988
4.5e-05 829.298 0.205311 282418 0.0246203 1.16956
5.5e-05 829.58 0.205288 282418 0.0246309 1.16916
6.5e-05 829.918 0.20526 282418 0.024643 1.16868
0.007505 373.398 0.232866 282418 0.00551575 2.62423
7.5e-05 830.314 0.205227 282418 0.0246566 1.16812
8.5e-05 830.768 0.205189 282418 0.0246715 1.16748
9.5e-05 831.279 0.205147 282418 0.0246878 1.16676
0.000105 831.849 0.205099 282418 0.0247055 1.16595
0.007515 373.429 0.232869 282418 0.00520282 2.62402
0.000115 832.476 0.205047 282418 0.0247245 1.16507
0.000645 948.704 0.195133 282419 0.0268219 1.02161
0.000125 833.162 0.20499 282418 0.0247447 1.1641
0.000135 833.906 0.204928 282418 0.0247662 1.16306
0.000655 952.362 0.194814 282419 0.0268601 1.01767
0.000145 834.708 0.204861 282418 0.0247889 1.16193
0.007525 373.452 0.232873 282418 0.00489252 2.62387
0.000665 956.067 0.19449 282419 0.0268974 1.01371
0.000155 835.57 0.20479 282418 0.0248127 1.16073
0.000675 959.819 0.194162 282419 0.0269336 1.00972
0.000165 836.49 0.204713 282418 0.0248377 1.15944
0.000685 963.617 0.193829 282419 0.0269687 1.00573
0.000175 837.469 0.204632 282418 0.0248638 1.15808
0.000695 967.46 0.193492 282419 0.0270027 1.00171
0.000185 838.507 0.204545 282418 0.024891 1.15664
0.007535 373.464 0.232876 282418 0.00457701 2.62379
0.000705 971.349 0.19315 282419 0.0270356 0.997681
0.000195 839.605 0.204453 282418 0.0249194 1.15512
0.000715 975.282 0.192804 282419 0.0270674 0.993639
0.000205 840.761 0.204357 282418 0.0249489 1.15352
0.000725 979.259 0.192454 282419 0.027098 0.989584
0.000215 841.977 0.204255 282418 0.0249795 1.15184
0.007545 373.468 0.232878 282418 0.00425708 2.62378
0.000735 983.279 0.192099 282419 0.0271274 0.985519
0.000225 843.252 0.204149 282418 0.0250112 1.15009
0.000235 844.586 0.204037 282418 0.0250442 1.14826
0.000745 987.342 0.19174 282419 0.0271555 0.981445
0.000245 845.98 0.203921 282418 0.0250782 1.14636
0.000755 991.447 0.191377 282419 0.0271823 0.977362
0.000255 847.433 0.203799 282418 0.0251134 1.14438
0.000765 995.594 0.191009 282419 0.0272078 0.973272
0.007555 373.529 0.232881 282418 0.00393086 2.62335
0.000265 848.945 0.203672 282418 0.0251497 1.14233
0.000775 999.782 0.190638 282419 0.0272322 0.969176
0.000275 850.516 0.20354 282418 0.0251871 1.14021
0.000785 1004.01 0.190262 282419 0.0272548 0.965076
0.000285 852.147 0.203404 282418 0.0252254 1.13802
0.000795 1008.28 0.189882 282419 0.0272759 0.960972
0.000295 853.837 0.203262 282418 0.0252647 1.13575
0.000805 1012.59 0.189499 282419 0.0272954 0.956865
0.007565 373.581 0.232883 282418 0.00362995 2.62299
0.000305 855.585 0.203115 282418 0.0253048 1.13342
0.000815 1016.93 0.189111 282419 0.0273134 0.952757
0.000315 857.393 0.202963 282418 0.0253458 1.13101
0.000825 1021.32 0.188719 282419 0.0273297 0.948649
0.007575 373.624 0.232885 282418 0.0033153 2.6227
0.003845 2374.18 0.0459479 282418 -0.0637227 0.407042
0.007585 373.656 0.232887 282418 0.00300141 2.62248
0.000835 1025.74 0.188323 282419 0.0273443 0.944541
0.007595 373.679 0.232888 282418 0.00268973 2.62233
0.000325 859.26 0.202805 282418 0.0253876 1.12854
0.007605 373.692 0.23289 282418 0.00237227 2.62224
0.007615 373.695 0.232891 282418 0.00205175 2.62223
0.000335 861.185 0.202643 282418 0.0254301 1.126
0.003855 2375.24 0.0457315 282418 -0.0642507 0.406855
0.000845 1030.2 0.187924 282419 0.0273572 0.940434
0.007625 373.755 0.232892 282418 0.00172439 2.62181
0.000345 863.17 0.202476 282418 0.0254733 1.1234
0.003205 2224.13 0.065467 282418 -0.0308484 0.434799
0.007635 373.806 0.232893 282418 0.00142239 2.62145
0.000355 865.212 0.202303 282418 0.0255171 1.12073
0.004485 2368.64 0.0375452 282418 -0.0969182 0.407394
0.007645 373.846 0.232894 282418 0.00110702 2.62117
0.003865 2376.27 0.045518 282418 -0.06478 0.406672
0.000365 867.313 0.202126 282418 0.0255615 1.118
0.000855 1034.69 0.187521 282419 0.0273684 0.93633
0.007655 373.877 0.232894 282418 0.000792592 2.62096
0.000375 869.472 0.201943 282418 0.0256064 1.11521
0.004805 2323.14 0.0365926 282419 -0.111249 0.414918
0.003215 2227.72 0.0650795 282418 -0.0313334 0.434097
0.007665 373.897 0.232894 282418 0.000483402 2.62082
0.000385 871.689 0.201756 282418 0.0256517 1.11236
0.003875 2377.27 0.0453072 282418 -0.0653106 0.406493
0.004815 2321.47 0.0365779 282419 -0.111624 0.415202
0.004495 2367.68 0.0374927 282418 -0.0974012 0.407547
0.007675 373.907 0.232895 282418 0.000158006 2.62075
0.000395 873.964 0.201563 282418 0.0256974 1.10945
0.000865 1039.23 0.187113 282419 0.0273779 0.93223
0.004825 2319.79 0.0365634 282419 -0.111994 0.415487
0.003225 2231.28 0.0646944 282418 -0.0318201 0.433401
0.003525 2321.54 0.0543354 282418 -0.0470581 0.416446
0.003235 2234.82 0.0643118 282418 -0.0323086 0.432711
0.004165 2388.33 0.0404076 282418 -0.0807461 0.404381
0.003245 2238.34 0.0639317 282418 -0.0327987 0.432029
0.000965 1086.37 0.182842 282419 0.0273686 0.891602
0.003255 2241.83 0.0635542 282418 -0.0332907 0.431352
0.003535 2323.92 0.0540309 282418 -0.0475783 0.416015
0.005125 2264.28 0.0358564 282418 -0.119063 0.425203
0.003265 2245.3 0.0631791 282418 -0.0337844 0.430683
0.003275 2248.75 0.0628066 282418 -0.0342799 0.430019
0.002885 2098.27 0.079119 282418 -0.016523 0.460949
0.004175 2388.33 0.0402799 282418 -0.0812766 0.404372
0.005135 2262.46 0.035811 282418 -0.1191 0.425532
0.003285 2252.18 0.0624366 282418 -0.0347772 0.429362
0.003545 2326.28 0.0537291 282418 -0.0480992 0.415588
0.000975 1091.26 0.182396 282419 0.0273567 0.887594
0.003295 2255.58 0.0620692 282418 -0.0352763 0.428711
0.005145 2260.65 0.0357634 282418 -0.119121 0.425857
0.002245 1791.84 0.112365 282418 0.006719 0.539857
0.003305 2258.96 0.0617043 282418 -0.0357772 0.428067
0.005155 2258.87 0.0357135 282418 -0.119126 0.426179
0.004185 2388.31 0.0401547 282418 -0.0818075 0.404367
0.003555 2328.62 0.05343 282418 -0.0486228 0.415166
0.002895 2102.48 0.0786576 282418 -0.0169301 0.460023
0.003315 2262.31 0.061342 282418 -0.03628 0.427429
0.000985 1096.17 0.181946 282419 0.0273427 0.883598
0.005165 2257.11 0.0356614 282418 -0.119114 0.426497
0.002565 1953.42 0.0949211 282418 -0.00413607 0.495167
0.003325 2265.64 0.0609823 282418 -0.0367854 0.426797
0.001925 1617.25 0.130795 282418 0.0154441 0.598213
0.005175 2255.37 0.0356068 282418 -0.119083 0.426811
0.003335 2268.95 0.0606251 282418 -0.0372922 0.426171
0.001285 1254.19 0.167142 282419 0.0258637 0.771878
0.002575 1958.22 0.0943994 282418 -0.00450794 0.493955
0.002255 1797.11 0.111801 282418 0.00641138 0.538272
0.004195 2388.27 0.0400321 282418 -0.0823355 0.404364
0.003565 2330.93 0.0531336 282417 -0.0491453 0.414748
0.005185 2253.66 0.0355497 282418 -0.119032 0.42712
0.003345 2272.04 0.0602705 282418 -0.0377962 0.425589
0.001935 1622.86 0.130212 282418 0.0152052 0.596144
0.002905 2106.7 0.0781983 282418 -0.0173366 0.459101
0.000995 1101.11 0.181493 282419 0.0273267 0.879616
0.002585 1962.99 0.0938794 282418 -0.00488159 0.492752
0.001295 1259.73 0.166612 282419 0.0257774 0.768475
0.005195 2251.98 0.03549 282418 -0.118956 0.427425
0.003355 2275.1 0.0599185 282418 -0.0383021 0.425012
0.001945 1628.45 0.129629 282418 0.0149641 0.594093
0.002595 1967.75 0.093361 282418 -0.00525695 0.491559
0.002265 1802.37 0.111238 282418 0.00610169 0.536701
0.004205 2388.19 0.0399123 282417 -0.0828631 0.404366
0.005205 2250.33 0.0354274 282418 -0.118851 0.427724
0.003365 2278.15 0.0595691 282418 -0.0388097 0.424441
0.001305 1265.28 0.166079 282419 0.0256886 0.765095
0.001955 1634.04 0.129047 282418 0.0147208 0.592058
0.002605 1972.49 0.0928443 282418 -0.00563393 0.490377
0.003575 2332.94 0.0528399 282418 -0.0496614 0.414389
0.002915 2110.9 0.0777411 282418 -0.0177461 0.458187
0.001005 1106.08 0.181037 282419 0.0273084 0.875648
0.005215 2248.71 0.0353619 282418 -0.118711 0.428018
0.003375 2281.16 0.0592222 282418 -0.0393186 0.423876
0.001315 1270.83 0.165545 282419 0.0255973 0.761737
0.001965 1639.62 0.128464 282418 0.0144752 0.590041
0.002615 1977.22 0.0923292 282418 -0.00601245 0.489204
0.002275 1807.62 0.110677 282418 0.00578993 0.535142
0.004215 2387.76 0.0397949 282418 -0.0833831 0.404431
0.005225 2247.13 0.035293 282418 -0.118529 0.428305
0.003385 2284.16 0.058878 282418 -0.039829 0.423317
0.001325 1276.4 0.165009 282419 0.0255035 0.758403
0.001975 1645.19 0.127882 282418 0.0142275 0.58804
0.002625 1981.92 0.0918159 282418 -0.00639239 0.488041
0.003585 2334.91 0.0525489 282418 -0.050178 0.414034
0.002925 2115.08 0.077286 282418 -0.018158 0.457279
0.005235 2245.59 0.0352205 282418 -0.118298 0.428584
0.003395 2287.13 0.0585364 282418 -0.0403407 0.422763
0.001335 1281.98 0.164471 282419 0.0254073 0.75509
0.001015 1111.08 0.180578 282419 0.0272881 0.871694
0.001985 1650.75 0.1273 282418 0.0139775 0.586056
0.002635 1986.61 0.0913043 282418 -0.00677364 0.486888
0.002285 1812.85 0.110116 282418 0.0054761 0.533596
0.004225 2387.3 0.0396801 282418 -0.0838967 0.404499
0.003405 2290.08 0.0581974 282418 -0.0408539 0.422215
0.001345 1287.57 0.163931 282419 0.0253086 0.751801
0.005245 2244.1 0.0351439 282418 -0.118011 0.428854
0.001995 1656.3 0.126719 282418 0.0137254 0.584088
0.002645 1991.29 0.0907944 282418 -0.00715606 0.485744
0.003595 2336.86 0.0522606 282418 -0.050695 0.413684
0.002935 2119.24 0.0768332 282418 -0.0185726 0.456379
0.003415 2293.01 0.057861 282418 -0.0413685 0.421672
0.001355 1293.18 0.163389 282419 0.0252074 0.748535
0.005255 2242.67 0.0350628 282418 -0.11766 0.429115
0.002005 1661.85 0.126137 282418 0.013471 0.582136
0.002655 1995.94 0.0902863 282418 -0.00753951 0.48461
0.001025 1116.1 0.180116 282419 0.0272655 0.867755
0.003425 2295.91 0.0575272 282418 -0.0418845 0.421136
0.001365 1298.79 0.162846 282419 0.0251037 0.745291
0.002295 1818.07 0.109556 282418 0.00516021 0.532064
0.004235 2386.82 0.0395679 282418 -0.0844116 0.40457
0.005265 2241.29 0.0349765 282418 -0.117242 0.429365
0.002015 1667.39 0.125557 282418 0.0132145 0.580201
0.002665 2000.58 0.0897799 282418 -0.00792384 0.483486
0.003435 2298.79 0.0571961 282418 -0.0424033 0.420604
0.001375 1304.4 0.162301 282419 0.0249975 0.74207
0.003605 2338.79 0.0519751 282418 -0.051212 0.413337
0.002945 2123.39 0.0763825 282418 -0.01899 0.455487
0.005275 2239.98 0.0348846 282418 -0.116755 0.429602
0.002025 1672.91 0.124976 282418 0.0129557 0.578281
0.003445 2301.64 0.0568677 282418 -0.0429222 0.420079
0.002675 2005.2 0.0892753 282418 -0.00830888 0.482371
0.001385 1310.03 0.161754 282419 0.0248888 0.738872
0.001035 1121.15 0.179651 282419 0.0272407 0.863831
0.001605 1435.28 0.14939 282418 0.0218773 0.674225
0.004245 2386.32 0.0394583 282418 -0.0849259 0.404645
0.005285 2238.75 0.0347863 282418 -0.116205 0.429825
0.002035 1678.43 0.124396 282418 0.0126948 0.576378
0.003455 2304.21 0.0565419 282418 -0.0434364 0.419607
0.002685 2009.81 0.0887725 282418 -0.00869447 0.481264
0.002305 1823.27 0.108997 282418 0.00484226 0.530544
0.001395 1315.67 0.161206 282419 0.0247776 0.735697
0.003615 2340.7 0.0516922 282418 -0.0517293 0.412995
0.002955 2127.51 0.075934 282418 -0.0194105 0.454602
0.005295 2237.6 0.0346811 282418 -0.115602 0.430034
0.001045 1126.23 0.179182 282419 0.0272137 0.859924
0.002045 1683.94 0.123817 282418 0.0124316 0.57449
0.003465 2306.75 0.0562187 282418 -0.0439517 0.419141
0.002695 2014.39 0.0882716 282418 -0.00908048 0.480168
0.001405 1321.31 0.160656 282419 0.0246639 0.732545
0.004255 2385.8 0.0393512 282418 -0.0854395 0.404723
0.005305 2236.53 0.0345686 282418 -0.114964 0.430226
0.003475 2309.27 0.0558981 282418 -0.0444679 0.418679
0.002055 1689.44 0.123238 282418 0.0121663 0.572618
0.002705 2018.96 0.0877725 282418 -0.00946675 0.47908
0.001415 1326.96 0.160105 282418 0.0245476 0.729415
0.001615 1441 0.148816 282418 0.0217132 0.671539
0.002315 1828.46 0.10844 282418 0.00452225 0.529036
0.005315 2235.56 0.0344485 282418 -0.114316 0.430401
0.003625 2342.59 0.0514121 282418 -0.0522469 0.412658
0.002965 2131.62 0.0754876 282418 -0.0198341 0.453724
0.007045 378.545 0.231495 282418 0.018895 2.58581
0.001055 1131.33 0.178711 282419 0.0271844 0.856033
0.003485 2311.77 0.0555803 282418 -0.0449846 0.418223
0.002065 1694.92 0.122659 282418 0.0118988 0.570761
0.002715 2023.51 0.0872752 282418 -0.00985317 0.478001
0.001425 1332.62 0.159552 282418 0.0244288 0.726309
0.004265 2385.26 0.0392466 282418 -0.0859523 0.404804
0.005325 2234.67 0.0343207 282418 -0.113686 0.43056
0.007055 378.148 0.231586 282418 0.0186523 2.58867
0.001625 1446.73 0.148241 282418 0.0215466 0.668875
0.003495 2314.25 0.055265 282418 -0.0455019 0.417771
0.002075 1700.4 0.122082 282418 0.0116291 0.56892
0.002325 1833.64 0.107883 282418 0.00420018 0.527541
0.002725 2028.05 0.0867798 282418 -0.0102397 0.47693
0.001435 1338.29 0.158998 282418 0.0243073 0.723225
0.003635 2344.46 0.0511347 282418 -0.052765 0.412324
0.002975 2135.71 0.0750435 282418 -0.0202611 0.452853
0.005335 2233.87 0.0341854 282418 -0.113108 0.430703
0.007065 377.763 0.231671 282418 0.01841 2.59145
0.001065 1136.45 0.178237 282419 0.0271529 0.852159
0.003505 2316.7 0.0549525 282418 -0.0460199 0.417325
0.002085 1705.87 0.121504 282418 0.0113573 0.567094
0.004275 2384.71 0.0391446 282418 -0.0864643 0.404889
0.001445 1343.96 0.158442 282418 0.0241833 0.720164
0.002735 2032.57 0.0862862 282418 -0.0106261 0.475869
0.001635 1452.45 0.147666 282418 0.0213776 0.666232
0.005345 2233.15 0.0340433 282418 -0.112617 0.43083
0.007075 377.39 0.231751 282418 0.018162 2.59414
0.002335 1838.8 0.107328 282418 0.00387606 0.526059
0.003515 2319.13 0.0546426 282418 -0.0465386 0.416883
0.002095 1711.33 0.120928 282418 0.0110833 0.565284
0.003645 2346.3 0.05086 282418 -0.0532837 0.411995
0.001455 1349.64 0.157885 282418 0.0240567 0.717125
0.005445 2151.63 0.0391352 282418 -0.132156 0.447035
0.001465 1355.32 0.157327 282418 0.0239276 0.714109
0.006725 425.154 0.22338 282418 0.0217973 2.29439
0.001475 1361.01 0.156767 282418 0.023796 0.711116
0.006085 1106.73 0.133113 282421 -0.0530574 0.87045
0.001485 1366.7 0.156207 282418 0.0236621 0.708145
0.005455 2140.23 0.0399284 282418 -0.13207 0.449405
0.005765 1829.21 0.0616603 282419 -0.0968359 0.525689
0.001495 1372.4 0.155644 282418 0.0235257 0.705197
0.006405 623.652 0.193442 282420 0.0032475 1.55368
0.001505 1378.1 0.155081 282418 0.0233871 0.702271
0.006735 422.211 0.22387 282418 0.0219319 2.31076
0.005775 1821.21 0.0622471 282377 -0.111015 0.527929
0.001515 1383.81 0.154517 282418 0.0232462 0.699367
0.006415 613.703 0.194859 282420 0.00435909 1.57922
0.005465 2128.83 0.0407219 282418 -0.131914 0.451801
0.000405 876.297 0.201365 282418 0.0257433 1.10648
0.006095 1087.93 0.135344 282421 -0.0508547 0.885597
0.001525 1389.52 0.153951 282418 0.0231032 0.696486
0.005785 1797.21 0.0645474 282420 -0.124175 0.535064
0.006425 603.948 0.196244 282420 0.00543035 1.6051
0.006745 419.371 0.224339 282418 0.0220447 2.32678
0.001535 1395.23 0.153384 282418 0.0229579 0.693627
0.006435 594.385 0.197595 282420 0.00646082 1.6313
0.003885 2378.26 0.0450993 282418 -0.0658425 0.406318
0.005795 1773.01 0.066868 282420 -0.120508 0.542376
0.005475 2117.43 0.041515 282418 -0.131665 0.454221
0.001545 1400.95 0.152817 282418 0.0228105 0.69079
0.006445 585.01 0.198914 282420 0.00745029 1.65782
0.005805 1748.87 0.0691859 282420 -0.118014 0.54987
0.003895 2379.23 0.0448942 282418 -0.0663758 0.406146
0.000415 878.686 0.201162 282419 0.0257895 1.10345
0.006105 1069.28 0.137558 282421 -0.048665 0.901151
0.001555 1406.66 0.152248 282418 0.0226608 0.687974
0.006455 575.818 0.2002 282420 0.00840035 1.68467
0.005815 1724.81 0.0715013 282420 -0.115494 0.557552
0.003905 2380.17 0.0446919 282418 -0.0669104 0.405978
0.006755 416.63 0.224788 282418 0.0221375 2.34246
0.001565 1412.38 0.151678 282418 0.0225089 0.685181
0.005825 1700.82 0.0738145 282420 -0.113018 0.565431
0.006465 566.806 0.201454 282420 0.00934308 1.71184
0.005485 2106.04 0.042307 282418 -0.131308 0.456665
0.003915 2381.09 0.0444924 282418 -0.0674489 0.405814
0.006115 1050.8 0.139755 282421 -0.0464891 0.917125
0.000425 881.133 0.200954 282419 0.0258358 1.10037
0.001575 1418.1 0.151108 282418 0.0223546 0.68241
0.005835 1676.89 0.0761259 282420 -0.110579 0.573516
0.006475 557.97 0.202675 282421 0.0103831 1.73936
0.003925 2381.98 0.0442957 282417 -0.0679854 0.405654
0.006765 413.982 0.225216 282418 0.0222097 2.35781
0.004835 2318.1 0.036549 282419 -0.112357 0.415774
0.001585 1423.83 0.150536 282418 0.0221979 0.67966
0.005845 1653.01 0.0784357 282420 -0.108176 0.581815
0.006485 550.24 0.203864 282419 0.0110064 1.76419
0.003935 2382.5 0.0441019 282418 -0.068513 0.40556
0.005495 2094.69 0.0430968 282418 -0.130835 0.459128
0.006125 1032.47 0.141935 282421 -0.0443286 0.933533
0.001595 1429.55 0.149964 282418 0.0220388 0.676931
0.005855 1629.2 0.0807441 282420 -0.105803 0.590338
0.006495 542.702 0.20502 282419 0.0118091 1.7891
0.000435 883.636 0.200741 282419 0.0258823 1.09724
0.006775 411.422 0.225626 282418 0.0222627 2.37283
0.003945 2382.99 0.0439108 282418 -0.0690409 0.40547
0.004505 2366.7 0.0374421 282418 -0.0978849 0.407703
0.000875 1043.79 0.186702 282419 0.0273855 0.928134
0.003955 2383.45 0.0437224 282418 -0.0695701 0.405383
0.002985 2139.78 0.0746017 282418 -0.0206915 0.45199
0.004515 2365.7 0.0373934 282418 -0.0983697 0.407861
0.000885 1048.39 0.186288 282419 0.0273913 0.924043
0.003965 2383.9 0.0435369 282418 -0.0700999 0.4053
0.002745 2037.07 0.0857946 282418 -0.0110126 0.474816
0.002995 2143.83 0.074162 282418 -0.0211253 0.451134
0.000895 1053.03 0.185869 282419 0.0273953 0.919958
0.004525 2364.69 0.0373465 282418 -0.0988561 0.408023
0.003975 2384.32 0.0433542 282418 -0.0706302 0.405221
0.002755 2041.56 0.0853049 282418 -0.0113992 0.473772
0.001075 1141.6 0.17776 282419 0.027119 0.848302
0.000905 1057.7 0.185447 282419 0.0273974 0.91588
0.003005 2147.86 0.0737247 282418 -0.0215625 0.450285
0.004535 2363.66 0.0373014 282418 -0.099344 0.408188
0.003985 2384.72 0.0431742 282418 -0.071161 0.405145
0.002765 2046.03 0.0848171 282418 -0.0117858 0.472736
0.001085 1146.77 0.177279 282419 0.0270829 0.844463
0.000915 1062.4 0.185022 282419 0.0273975 0.91181
0.003015 2151.88 0.0732895 282418 -0.0220029 0.449443
0.004545 2362.6 0.0372581 282418 -0.0998317 0.408356
0.003995 2385.11 0.0429971 282418 -0.0716923 0.405072
0.001095 1151.96 0.176797 282419 0.0270444 0.840642
0.002775 2050.48 0.0843312 282418 -0.0121728 0.471708
0.000925 1067.13 0.184593 282419 0.0273957 0.907748
0.003025 2155.87 0.0728567 282418 -0.0224465 0.448609
0.004555 2361.28 0.0372165 282418 -0.100314 0.408572
0.004005 2385.47 0.0428227 282418 -0.072224 0.405004
0.001105 1157.17 0.176311 282419 0.0270035 0.836839
0.000935 1071.89 0.18416 282419 0.027392 0.903696
0.003035 2159.84 0.0724261 282418 -0.0228932 0.447782
0.002785 2054.91 0.0838473 282418 -0.0125603 0.470688
0.004565 2359.94 0.0371765 282418 -0.100795 0.408792
0.004015 2385.8 0.0426511 282418 -0.0727561 0.404938
0.001115 1162.41 0.175823 282419 0.0269603 0.833055
0.002105 1716.78 0.120351 282418 0.0108071 0.563488
0.000945 1076.69 0.183724 282419 0.0273862 0.899654
0.003045 2163.79 0.0719979 282418 -0.0233429 0.446962
0.002795 2059.33 0.0833654 282418 -0.0129485 0.469677
0.004575 2358.57 0.0371382 282418 -0.101278 0.409015
0.004025 2386.12 0.0424823 282418 -0.0732885 0.404876
0.001125 1167.66 0.175331 282419 0.0269148 0.829291
0.000955 1081.52 0.183285 282419 0.0273784 0.895622
0.003055 2167.73 0.0715719 282418 -0.0237954 0.446149
0.002115 1722.21 0.119776 282418 0.0105288 0.561707
0.002805 2063.74 0.0828854 282418 -0.0133378 0.468673
0.004585 2357.19 0.0371014 282418 -0.10176 0.409241
0.004035 2386.42 0.0423162 282418 -0.0738213 0.404818
0.005355 2232.51 0.0338951 282418 -0.112261 0.430944
0.007085 377.027 0.231827 282418 0.0179146 2.59677
0.004045 2386.69 0.0421529 282418 -0.0743542 0.404763
0.004285 2384.13 0.039045 282418 -0.0869755 0.404976
0.005365 2231.92 0.033742 282418 -0.111569 0.431048
0.007095 376.676 0.231897 282418 0.0176841 2.59931
0.004055 2386.95 0.0419924 282418 -0.0748873 0.404712
0.004295 2383.53 0.038948 282418 -0.0874859 0.405067
0.005375 2231.11 0.0336036 282386 -0.122692 0.431145
0.007105 376.349 0.231964 282418 0.0175098 2.60169
0.004065 2387.18 0.0418346 282418 -0.0754205 0.404664
0.001645 1458.18 0.147089 282418 0.021206 0.66361
0.004305 2382.91 0.0388534 282418 -0.0879954 0.405162
0.005385 2219.95 0.0343832 282418 -0.133677 0.43335
0.007115 376.059 0.232027 282418 0.0172519 2.60381
0.004075 2387.39 0.0416796 282418 -0.0759538 0.40462
0.002345 1843.95 0.106774 282418 0.0035499 0.524589
0.004315 2382.28 0.0387612 282418 -0.0885038 0.405259
0.001655 1463.9 0.146513 282418 0.0210319 0.661009
0.005395 2208.55 0.0351772 282418 -0.13275 0.435574
0.004085 2387.58 0.0415274 282418 -0.076487 0.40458
0.007125 375.842 0.232085 282418 0.0169097 2.60541
0.003655 2348.12 0.0505881 282418 -0.0538031 0.41167
0.001665 1469.63 0.145935 282418 0.0208553 0.658428
0.004325 2381.62 0.0386715 282418 -0.0890113 0.40536
0.002355 1849.09 0.106221 282418 0.00322168 0.523131
0.005405 2197.17 0.0359691 282418 -0.132496 0.437818
0.004095 2387.75 0.0413779 282418 -0.0770201 0.404543
0.007135 375.616 0.23214 282418 0.0166196 2.60708
0.001675 1475.35 0.145357 282418 0.0206764 0.655869
0.004335 2380.95 0.0385841 282418 -0.0895176 0.405463
0.003665 2349.93 0.050319 282418 -0.0543233 0.411349
0.002365 1854.21 0.105669 282418 0.00289143 0.521685
0.005415 2185.79 0.0367601 282418 -0.132334 0.440084
0.007145 375.391 0.232192 282418 0.0163433 2.60874
0.004105 2387.9 0.0412311 282418 -0.0775531 0.404509
0.001685 1481.07 0.144778 282418 0.020495 0.653329
0.004345 2380.26 0.0384992 282418 -0.0900228 0.40557
0.003675 2351.71 0.0500525 282418 -0.0548444 0.411032
0.002375 1859.31 0.105119 282418 0.00255913 0.520251
0.005425 2174.42 0.0375511 282418 -0.13225 0.442375
0.007155 375.168 0.232241 282418 0.0160676 2.61039
0.004115 2388.02 0.041087 282418 -0.078086 0.404479
0.001695 1486.79 0.144199 282418 0.0203113 0.650811
0.004355 2379.54 0.0384166 282418 -0.0905266 0.405681
0.002385 1864.4 0.10457 282418 0.00222481 0.518829
0.003685 2353.47 0.0497889 282418 -0.0553667 0.41072
0.005435 2163.03 0.0383427 282418 -0.132204 0.444691
0.007165 374.948 0.232286 282418 0.0157927 2.61201
0.004125 2388.13 0.0409457 282418 -0.0786185 0.404452
0.004845 2316.41 0.0365348 282419 -0.112715 0.416063
0.001705 1492.51 0.143619 282418 0.0201252 0.648312
0.004365 2378.81 0.0383363 282418 -0.091029 0.405794
0.005505 2083.38 0.0438836 282418 -0.130249 0.46161
0.006135 1014.29 0.144096 282421 -0.0421855 0.950387
0.004375 2378.06 0.0382584 282418 -0.0915299 0.40591
0.005515 2072.13 0.0446663 282418 -0.129554 0.464107
0.004385 2377.3 0.0381827 282418 -0.0920291 0.40603
0.000445 886.196 0.200523 282419 0.0259289 1.09405
0.006145 996.286 0.146239 282421 -0.0400505 0.967703
0.005525 2060.94 0.0454443 282418 -0.12876 0.466617
0.005865 1605.44 0.0830512 282420 -0.103457 0.599096
0.004395 2376.51 0.0381092 282418 -0.0925264 0.406153
0.006155 978.441 0.148362 282421 -0.0379353 0.985496
0.000455 888.812 0.200301 282419 0.0259756 1.09082
0.005535 2049.83 0.0462167 282418 -0.127879 0.469137
0.006505 535.35 0.206143 282419 0.012571 1.81408
0.004405 2375.71 0.038038 282418 -0.0930218 0.406279
0.006165 960.761 0.150466 282421 -0.0358546 1.00378
0.000465 891.484 0.200073 282419 0.0260224 1.08753
0.005875 1581.73 0.085357 282420 -0.101134 0.608099
0.005545 2038.8 0.0469828 282419 -0.126921 0.471666
0.006515 528.182 0.207234 282419 0.0133022 1.83912
0.004415 2374.88 0.037969 282418 -0.0935151 0.406408
0.006175 943.246 0.152549 282421 -0.0337978 1.02258
0.000475 894.212 0.19984 282419 0.0260692 1.08419
0.005555 2027.87 0.0477422 282419 -0.125896 0.474201
0.005885 1558.07 0.0876617 282420 -0.0988276 0.617357
0.006785 408.947 0.226017 282419 0.0223065 2.38754
0.004425 2374.04 0.0379022 282418 -0.0940063 0.40654
0.006525 521.192 0.208292 282419 0.0139977 1.8642
0.005565 2017.04 0.0484943 282419 -0.124815 0.47674
0.006185 925.897 0.154612 282421 -0.0317667 1.04191
0.000485 896.995 0.199602 282419 0.0261161 1.08081
0.005895 1534.46 0.089965 282420 -0.0965342 0.626883
0.004435 2373.19 0.0378375 282418 -0.0944954 0.406675
0.006795 406.836 0.22639 282418 0.0223144 2.40026
0.005575 2006.32 0.0492387 282419 -0.123685 0.479281
0.006535 514.377 0.20932 282419 0.0146579 1.88932
0.006195 908.714 0.156653 282421 -0.0297631 1.06178
0.000495 899.832 0.199359 282419 0.0261629 1.07739
0.005905 1510.89 0.092267 282420 -0.0942488 0.636688
0.004445 2372.31 0.037775 282418 -0.0949826 0.406813
0.006805 404.807 0.226746 282418 0.0223234 2.41263
0.005585 1995.71 0.049975 282419 -0.122511 0.481822
0.006545 507.733 0.210315 282419 0.0152818 1.91447
0.006205 891.697 0.158673 282421 -0.0277892 1.08223
0.000505 902.724 0.199111 282419 0.0262096 1.07392
0.005915 1487.38 0.0945672 282420 -0.091967 0.646785
0.004455 2371.42 0.0377145 282418 -0.0954681 0.406953
0.006815 402.855 0.227085 282418 0.0223146 2.42464
0.005595 1985.22 0.0507031 282419 -0.121298 0.484362
0.006555 501.253 0.21128 282419 0.015891 1.93964
0.006215 874.845 0.16067 282421 -0.0258451 1.10326
0.000515 905.671 0.198858 282419 0.0262563 1.0704
0.005925 1463.91 0.0968655 282420 -0.0896847 0.657187
0.004465 2370.51 0.037656 282418 -0.0959522 0.407097
0.006825 400.977 0.227408 282418 0.0222892 2.43632
0.005605 1974.86 0.0514224 282419 -0.120049 0.486899
0.006225 858.158 0.162645 282421 -0.0239301 1.12491
0.006565 494.934 0.212215 282420 0.016464 1.96483
0.000525 908.67 0.1986 282419 0.0263027 1.06685
0.005935 1440.5 0.0991614 282420 -0.0873985 0.667907
0.004475 2369.58 0.0375996 282418 -0.0964354 0.407244
0.006835 399.167 0.227715 282418 0.0222469 2.44767
0.005615 1964.62 0.052133 282419 -0.118768 0.489431
0.006235 841.633 0.164596 282421 -0.0219271 1.14721
0.001135 1172.94 0.174838 282419 0.0268669 0.825546
0.000535 911.724 0.198338 282419 0.0263489 1.06326
0.006575 489.432 0.213119 282419 0.0170956 1.98734
0.005945 1417.13 0.101455 282420 -0.0851053 0.67896
0.005625 1954.52 0.0528344 282419 -0.117457 0.491956
0.006845 397.422 0.228007 282418 0.0221884 2.45872
0.003065 2171.64 0.0711483 282418 -0.0242506 0.445344
0.002125 1727.64 0.119201 282418 0.0102483 0.559941
0.006855 395.737 0.228285 282419 0.022119 2.46949
0.003075 2175.53 0.070727 282418 -0.0247084 0.444545
0.002815 2068.12 0.0824075 282418 -0.0137286 0.467678
0.006865 394.314 0.228549 282418 0.0220288 2.47868
0.002135 1733.05 0.118627 282418 0.00996573 0.558189
0.003085 2179.4 0.070308 282418 -0.0251686 0.443754
0.002825 2072.49 0.0819315 282418 -0.0141213 0.46669
0.004595 2355.8 0.0370662 282418 -0.102241 0.40947
0.006875 392.948 0.228799 282418 0.0219355 2.48757
0.002145 1738.46 0.118054 282418 0.00968103 0.556453
0.002395 1869.48 0.104022 282418 0.00188845 0.517419
0.003095 2183.24 0.0698914 282418 -0.0256311 0.44297
0.002835 2076.85 0.0814576 282418 -0.0145164 0.465711
0.004605 2354.38 0.0370325 282418 -0.102719 0.409702
0.003695 2355.2 0.049528 282418 -0.05589 0.410412
0.006885 391.635 0.229037 282418 0.0218284 2.49618
0.002155 1743.85 0.117481 282418 0.00939422 0.55473
0.002405 1874.54 0.103475 282418 0.00155007 0.516021
0.003105 2187.07 0.0694772 282418 -0.0260958 0.442193
0.002845 2081.19 0.0809858 282418 -0.0149156 0.464739
0.004615 2352.95 0.0370003 282418 -0.103194 0.409938
0.006895 390.37 0.229262 282418 0.021709 2.50453
0.003705 2356.92 0.0492699 282418 -0.0564168 0.410107
0.002165 1749.23 0.116909 282418 0.0091053 0.553022
0.002415 1879.59 0.10293 282418 0.00120967 0.514634
0.003115 2190.87 0.0690653 282418 -0.0265626 0.441422
0.002855 2085.51 0.080516 282418 -0.015317 0.463773
0.004625 2351.5 0.0369694 282418 -0.103663 0.410177
0.006905 389.15 0.229476 282418 0.0215782 2.51264
0.003715 2358.6 0.0490146 282417 -0.0569421 0.409807
0.002175 1754.6 0.116338 282418 0.0088143 0.551328
0.002425 1884.62 0.102386 282418 0.000867254 0.513259
0.003125 2194.66 0.0686558 282418 -0.0270315 0.440659
0.002865 2089.78 0.0800482 282418 -0.0157166 0.462824
0.006915 387.972 0.229679 282418 0.0214386 2.52051
0.004635 2350.04 0.0369399 282418 -0.104128 0.410419
0.003725 2359.93 0.048762 282418 -0.0574599 0.409572
0.002185 1759.96 0.115768 282418 0.00852121 0.549648
0.002435 1889.64 0.101843 282418 0.00052282 0.511895
0.003135 2198.42 0.0682487 282418 -0.0275022 0.439903
0.002875 2094.03 0.0795826 282418 -0.0161189 0.461883
0.006925 387.007 0.229871 282418 0.021287 2.52703
0.004645 2348.55 0.0369117 282418 -0.104587 0.410663
0.003735 2361.24 0.0485122 282418 -0.0579781 0.409341
0.002195 1765.3 0.115199 282418 0.00822603 0.547982
0.002445 1894.64 0.101302 282418 0.000176374 0.510543
0.003145 2202.16 0.067844 282418 -0.0279749 0.439153
0.006935 386.081 0.230052 282418 0.0211332 2.53332
0.004655 2347.06 0.0368848 282418 -0.10504 0.410911
0.003745 2362.52 0.0482652 282418 -0.0584971 0.409113
0.007175 374.728 0.232329 282418 0.0155083 2.61363
0.003755 2363.78 0.0480209 282418 -0.0590164 0.408889
0.007185 374.595 0.232368 282418 0.0152222 2.61463
0.004135 2388.21 0.0408071 282418 -0.0791508 0.404429
0.003765 2365.02 0.0477794 282418 -0.0595362 0.408669
0.001715 1498.22 0.143038 282418 0.0199367 0.645834
0.007195 374.462 0.232406 282418 0.0149415 2.61564
0.004145 2388.27 0.0406712 282418 -0.0796826 0.40441
0.003775 2366.24 0.0475407 282418 -0.0600566 0.408453
0.007205 374.329 0.232441 282418 0.0146543 2.61665
0.001725 1503.93 0.142458 282418 0.0197459 0.643376
0.003785 2367.43 0.0473048 282418 -0.0605776 0.40824
0.004155 2388.31 0.040538 282418 -0.0802136 0.404394
0.004855 2314.71 0.0365205 282419 -0.113066 0.416353
0.007215 374.193 0.232473 282418 0.0143643 2.61766
0.001735 1509.64 0.141876 282418 0.0195528 0.640937
0.003795 2368.61 0.0470717 282418 -0.0610995 0.408031
0.006245 825.282 0.166524 282424 -0.0196134 1.17016
0.000545 914.83 0.19807 282419 0.0263947 1.05963
0.001145 1178.24 0.174341 282419 0.0268167 0.821821
0.006255 810.968 0.168426 282421 -0.0184119 1.19103
0.006585 484.1 0.213994 282419 0.0174045 2.00966
0.000555 917.989 0.197798 282419 0.0264402 1.05597
0.006265 796.865 0.1703 282421 -0.0166888 1.21234
0.001155 1183.55 0.173842 282419 0.0267641 0.818116
0.000565 921.199 0.197521 282419 0.0264852 1.05227
0.006595 478.932 0.214838 282419 0.0179559 2.03177
0.006275 782.963 0.172146 282421 -0.0150124 1.23411
0.001165 1188.89 0.173341 282419 0.0267092 0.814431
0.000575 924.462 0.197239 282419 0.0265297 1.04854
0.006285 769.262 0.173964 282421 -0.0133624 1.25633
0.006605 473.925 0.215654 282419 0.0184077 2.05366
0.001175 1194.24 0.172837 282419 0.0266519 0.810767
0.000585 927.775 0.196952 282419 0.0265736 1.04477
0.006295 755.761 0.175753 282421 -0.0117547 1.27904
0.006615 469.075 0.216441 282419 0.0188382 2.07532
0.005955 1393.81 0.103744 282420 -0.0828032 0.69036
0.001185 1199.61 0.172331 282419 0.0265922 0.807124
0.000595 931.139 0.196661 282419 0.0266169 1.04098
0.006305 742.458 0.177513 282421 -0.0101103 1.30222
0.005635 1944.56 0.0535266 282419 -0.116119 0.494473
0.006625 464.377 0.2172 282419 0.0192397 2.09674
0.001195 1205 0.171822 282419 0.0265302 0.803501
0.005965 1370.55 0.10603 282420 -0.0804904 0.702122
0.000605 934.554 0.196365 282419 0.0266596 1.03716
0.006315 729.352 0.179244 282420 -0.0087857 1.32589
0.006635 459.828 0.217931 282419 0.0196143 2.1179
0.005645 1934.75 0.0542093 282419 -0.114757 0.49698
0.001205 1210.41 0.171311 282419 0.0264658 0.7999
0.005975 1347.35 0.108312 282421 -0.0781663 0.714264
0.000615 938.018 0.196064 282419 0.0267014 1.03331
0.006645 455.422 0.218636 282419 0.0199617 2.13881
0.006325 716.441 0.180944 282421 -0.00708571 1.35007
0.005655 1925.07 0.0548825 282419 -0.113373 0.499476
0.001215 1215.83 0.170797 282419 0.026399 0.796321
0.000625 941.531 0.195758 282419 0.0267425 1.02943
0.005985 1324.2 0.110588 282421 -0.0758306 0.726802
0.006655 451.156 0.219315 282419 0.0202822 2.15945
0.006335 703.722 0.182615 282421 -0.00570663 1.37477
0.001225 1221.26 0.170282 282419 0.0263299 0.792763
0.005665 1915.55 0.055546 282419 -0.11197 0.501957
0.000635 945.093 0.195448 282419 0.0267827 1.02553
0.005995 1301.12 0.112859 282421 -0.0734837 0.739754
0.006665 447.025 0.219967 282419 0.0205758 2.17982
0.006345 691.191 0.184255 282421 -0.00429507 1.39999
0.001235 1226.72 0.169764 282419 0.0262583 0.789227
0.005675 1906.19 0.0561999 282419 -0.110553 0.504424
0.006005 1278.09 0.115123 282421 -0.0711264 0.75314
0.002205 1770.64 0.11463 282418 0.00792877 0.54633
0.006675 443.023 0.220595 282419 0.0208426 2.19992
0.006355 678.847 0.185865 282421 -0.0029276 1.42576
0.001245 1232.18 0.169244 282419 0.0261843 0.785713
0.005685 1896.98 0.056844 282419 -0.109123 0.506874
0.006015 1255.14 0.11738 282421 -0.0687601 0.76698
0.006685 439.145 0.221199 282419 0.0210828 2.21975
0.002215 1775.96 0.114063 282418 0.00762944 0.544691
0.003155 2205.88 0.0674418 282418 -0.0284494 0.438411
0.006365 666.685 0.187444 282421 -0.00153805 1.45209
0.001255 1237.67 0.168721 282419 0.0261078 0.782221
0.005695 1887.93 0.0574784 282419 -0.107685 0.509305
0.006025 1232.25 0.11963 282421 -0.0663839 0.781296
0.006695 435.387 0.221778 282419 0.0212968 2.23931
0.002225 1781.26 0.113496 282418 0.00732803 0.543066
0.003165 2209.57 0.0670419 282418 -0.0289257 0.437675
0.006375 654.706 0.188992 282422 4.5131e-05 1.479
0.001265 1243.16 0.168197 282419 0.0260289 0.778751
0.005705 1879.04 0.0581033 282419 -0.106241 0.511716
0.006705 431.742 0.222335 282419 0.021488 2.25861
0.006035 1209.43 0.121871 282421 -0.0640041 0.796111
0.002235 1786.56 0.11293 282418 0.00702455 0.541455
0.003175 2213.25 0.0666445 282418 -0.0294038 0.436946
0.006385 644.149 0.190508 282420 0.000911439 1.50356
0.001275 1248.67 0.167671 282419 0.0259475 0.775303
0.006715 428.205 0.222869 282419 0.0216753 2.27766
0.002455 1899.63 0.100762 282418 -0.000172082 0.509202
0.006945 385.191 0.230224 282418 0.0209692 2.53939
0.004665 2345.55 0.036859 282418 -0.105488 0.411161
0.002465 1904.6 0.100224 282418 -0.000522544 0.507872
0.006955 384.336 0.230386 282418 0.0207961 2.54526
0.003805 2369.77 0.0468413 282418 -0.0616221 0.407826
0.004675 2344.02 0.0368344 282418 -0.10593 0.411414
0.002475 1909.55 0.0996867 282418 -0.000875009 0.506553
0.006965 383.511 0.23054 282418 0.0206137 2.55094
0.004865 2313.01 0.0365061 282419 -0.113412 0.416644
0.003815 2370.9 0.0466137 282418 -0.0621457 0.407624
0.002485 1914.49 0.0991511 282418 -0.00122947 0.505245
0.004685 2342.48 0.0368109 282418 -0.106366 0.41167
0.006975 382.714 0.230685 282418 0.0204231 2.55645
0.003825 2372.02 0.046389 282418 -0.0626703 0.407426
0.004875 2311.3 0.0364917 282419 -0.113752 0.416937
0.002495 1919.42 0.098617 282418 -0.00158593 0.503948
0.004695 2340.93 0.0367884 282418 -0.106798 0.411929
0.006985 381.943 0.230822 282418 0.0202238 2.56181
0.003835 2373.11 0.046167 282418 -0.0631959 0.407232
0.004885 2309.58 0.036477 282419 -0.114086 0.417231
0.002505 1924.32 0.0980844 282418 -0.00194438 0.502662
0.007225 374.055 0.232504 282418 0.0140775 2.61869
0.004705 2339.37 0.0367669 282418 -0.107224 0.412189
0.006995 381.327 0.230951 282418 0.0200167 2.56613
0.001745 1515.35 0.141295 282418 0.0193573 0.638519
0.005715 1870.32 0.0587186 282419 -0.104797 0.514106
0.007005 380.733 0.231073 282418 0.0198073 2.57031
0.006045 1186.68 0.124103 282421 -0.0614085 0.81145
0.001755 1521.05 0.140713 282418 0.0191595 0.63612
0.007015 380.161 0.231188 282418 0.0195892 2.57435
0.005725 1861.76 0.0593247 282419 -0.103354 0.516473
0.003185 2216.9 0.0662496 282418 -0.0298836 0.436223
0.001765 1526.75 0.140131 282418 0.0189594 0.63374
0.006395 633.8 0.191992 282420 0.00210324 1.52845
0.007025 379.606 0.231297 282418 0.019364 2.57827
0.005735 1853.37 0.0599216 282419 -0.101917 0.518816
0.006055 1164.05 0.126326 282427 -0.0588248 0.827328
0.004895 2307.87 0.036462 282419 -0.114414 0.417526
0.003195 2220.53 0.0658571 282418 -0.0303651 0.435508
0.002515 1929.21 0.0975533 282418 -0.00230481 0.501386
0.007235 373.915 0.232533 282418 0.0137782 2.61974
0.004715 2337.79 0.0367463 282418 -0.107647 0.412453
0.001775 1532.45 0.139548 282418 0.018757 0.63138
0.007245 373.85 0.232559 282418 0.0134784 2.62025
0.007035 379.068 0.231399 282418 0.0191333 2.58209
0.004725 2336.21 0.0367266 282419 -0.108065 0.412718
0.005745 1845.15 0.0605096 282419 -0.100484 0.521134
0.007255 373.783 0.232584 282418 0.0131885 2.62078
0.001785 1538.14 0.138965 282418 0.0185522 0.629039
0.004735 2334.61 0.0367077 282419 -0.108479 0.412986
0.005755 1837.09 0.0610891 282419 -0.0991235 0.523425
0.007265 373.712 0.232608 282418 0.0128919 2.62133
0.001795 1543.82 0.138382 282418 0.018345 0.626718
0.004745 2333 0.0366895 282419 -0.108888 0.413256
0.006065 1144.78 0.128603 282421 -0.0575095 0.841327
0.004905 2306.15 0.0364467 282419 -0.114736 0.417822
0.002525 1934.09 0.0970238 282418 -0.0026672 0.500122
0.006075 1125.68 0.130866 282421 -0.0552612 0.855697
0.007275 373.636 0.232629 282418 0.0125939 2.62192
0.001805 1549.51 0.137799 282418 0.0181356 0.624415
0.007285 373.555 0.23265 282418 0.0123056 2.62253
0.004755 2331.38 0.036672 282419 -0.109294 0.413528
0.001815 1555.18 0.137216 282418 0.0179238 0.622131
0.007295 373.47 0.232669 282418 0.0119959 2.62318
0.004765 2329.75 0.0366552 282419 -0.109695 0.413802
0.001825 1560.86 0.136632 282418 0.0177098 0.619866
0.007305 373.455 0.232686 282418 0.011688 2.62332
0.004915 2304.42 0.0364309 282419 -0.115052 0.418119
0.001835 1566.52 0.136048 282418 0.0174934 0.617619
0.004775 2328.11 0.0366389 282419 -0.110091 0.414078
0.007315 373.436 0.232703 282418 0.0113964 2.6235
0.002535 1938.95 0.0964957 282418 -0.00303155 0.498867
0.004925 2302.7 0.0364146 282419 -0.115363 0.418416
0.001845 1572.19 0.135465 282418 0.0172748 0.615391
0.004785 2326.47 0.0366231 282419 -0.110482 0.414356
0.007325 373.412 0.232718 282418 0.0110959 2.62371
0.002545 1943.79 0.0959693 282418 -0.00339783 0.497624
0.001855 1577.84 0.134881 282418 0.0170538 0.613181
0.004935 2300.97 0.0363977 282419 -0.115667 0.418715
0.004795 2324.81 0.0366077 282419 -0.110868 0.414637
0.007335 373.382 0.232733 282418 0.0107947 2.62395
0.001865 1583.49 0.134297 282418 0.0168306 0.610989
0.002555 1948.62 0.0954444 282418 -0.00376601 0.49639
0.007345 373.346 0.232746 282418 0.0104912 2.62424
0.004945 2299.24 0.0363801 282419 -0.115965 0.419014
0.001875 1589.14 0.133713 282418 0.0166051 0.608815
0.007355 373.304 0.232758 282418 0.0102006 2.62457
0.004955 2297.5 0.0363617 282418 -0.116253 0.419314
0.001885 1594.77 0.13313 282418 0.0163774 0.60666
0.004965 2295.49 0.0363425 282419 -0.116524 0.419667
0.001895 1600.4 0.132546 282418 0.0161474 0.604522
0.004975 2293.48 0.0363224 282419 -0.11678 0.42002
0.001905 1606.03 0.131962 282418 0.0159152 0.602401
0.004985 2291.46 0.0363013 282419 -0.117025 0.420373
0.001915 1611.64 0.131379 282418 0.0156808 0.600298
0.004995 2289.46 0.0362791 282419 -0.117259 0.420726
0.005005 2287.46 0.0362558 282419 -0.11748 0.421079
0.005015 2285.46 0.0362312 282419 -0.117688 0.421431
0.005025 2283.47 0.0362052 282419 -0.117884 0.421782
0.005035 2281.5 0.0361779 282419 -0.118066 0.422132
0.005045 2279.53 0.0361491 282419 -0.118235 0.422481
0.005055 2277.57 0.0361187 282419 -0.118389 0.422828
0.005065 2275.63 0.0360867 282419 -0.11853 0.423174
0.005075 2273.7 0.036053 282419 -0.118656 0.423518
0.005085 2271.78 0.0360175 282419 -0.118767 0.42386
0.005095 2269.88 0.0359802 282419 -0.118863 0.4242
0.005105 2268 0.0359409 282419 -0.118945 0.424537
0.005115 2266.13 0.0358997 282418 -0.119011 0.424872
