0.004165 2291.55 0.0562414 366750 -0.0474314 0.546693
0.004175 2291.58 0.0560801 366750 -0.0477874 0.546669
0.004185 2291.6 0.0559195 366750 -0.0481288 0.546646
0.004195 2291.61 0.0557595 366750 -0.0484577 0.546625
0.004205 2291.62 0.0556003 366750 -0.0487801 0.546606
0.004215 2291.62 0.0554418 366750 -0.0490982 0.546588
0.004225 2291.61 0.0552837 366750 -0.0494153 0.546572
0.004235 2291.59 0.0551263 366750 -0.0497323 0.546558
0.004245 2291.57 0.0549695 366750 -0.0500493 0.546545
0.004255 2291.54 0.0548133 366750 -0.0503653 0.546533
0.004265 2291.51 0.0546577 366750 -0.0506798 0.546523
0.004275 2291.47 0.0545027 366750 -0.0509927 0.546514
0.004285 2291.43 0.0543483 366750 -0.0513042 0.546507
0.004485 2289.85 0.0513803 366750 -0.0572342 0.546519
0.003845 2287.87 0.0618169 366750 -0.0363499 0.548116
0.004495 2289.97 0.0512377 366750 -0.0575259 0.546472
0.003855 2288.15 0.0616288 366750 -0.0367131 0.548034
0.004505 2290.09 0.0510958 366750 -0.0578186 0.546425
5e-06 1073.46 0.189864 366751 0.0478434 1.16996
0.003865 2288.41 0.0614417 366750 -0.0370747 0.547955
0.004295 2291.38 0.0541945 366750 -0.0516142 0.546501
0.004515 2290.21 0.0509544 366750 -0.058112 0.546379
0.003875 2288.66 0.0612555 366750 -0.0374354 0.547879
1.5e-05 1073.51 0.18986 366751 0.0478442 1.16991
0.004525 2290.33 0.0508136 366750 -0.0584062 0.546333
0.003885 2288.9 0.0610704 366750 -0.0377951 0.547805
2.5e-05 1073.62 0.18985 366751 0.0478482 1.16979
0.004535 2290.44 0.0506734 366750 -0.0587011 0.546288
0.003895 2289.13 0.0608862 366750 -0.0381539 0.547734
3.5e-05 1073.79 0.189835 366751 0.0478543 1.1696
0.004545 2290.55 0.0505338 366750 -0.0589965 0.546243
0.004305 2291.32 0.0540413 366750 -0.0519229 0.546496
0.003905 2289.35 0.060703 366750 -0.0385118 0.547666
4.5e-05 1074.01 0.189815 366751 0.0478625 1.16936
0.004555 2290.66 0.0503948 366750 -0.0592924 0.546199
5.5e-05 1074.29 0.18979 366751 0.0478727 1.16906
0.004565 2290.77 0.0502564 366750 -0.0595884 0.546155
0.003915 2289.55 0.0605207 366750 -0.0388687 0.547601
6.5e-05 1074.63 0.18976 366751 0.0478847 1.16869
0.004575 2290.88 0.0501186 366750 -0.0598842 0.546112
0.003925 2289.75 0.0603393 366750 -0.0392246 0.547538
7.5e-05 1075.02 0.189725 366751 0.0478984 1.16826
0.004585 2290.98 0.0499815 366750 -0.0601793 0.546069
0.003935 2289.93 0.0601589 366750 -0.0395796 0.547478
0.004315 2291.26 0.0538887 366750 -0.0522301 0.546492
8.5e-05 1075.47 0.189685 366751 0.0479137 1.16777
0.004595 2291.09 0.0498449 366750 -0.0604733 0.546027
0.003945 2290.1 0.0599794 366750 -0.0399336 0.54742
9.5e-05 1075.98 0.18964 366751 0.0479304 1.16722
0.004605 2291.19 0.0497091 366750 -0.0607657 0.545985
0.003955 2290.26 0.0598009 366750 -0.0402865 0.547366
0.000105 1076.55 0.189589 366751 0.0479486 1.1666
0.004615 2291.29 0.0495738 366750 -0.061056 0.545943
0.003965 2290.41 0.0596232 366750 -0.0406384 0.547313
0.000115 1077.17 0.189534 366751 0.0479679 1.16592
0.004625 2291.39 0.0494393 366750 -0.0613435 0.545901
0.003975 2290.55 0.0594464 366750 -0.0409893 0.547263
0.004325 2291.19 0.0537366 366750 -0.0525359 0.54649
0.000125 1077.85 0.189473 366751 0.0479885 1.16518
0.004635 2291.49 0.0493054 366750 -0.061628 0.54586
0.003985 2290.68 0.0592704 366750 -0.0413391 0.547216
0.000135 1078.6 0.189407 366751 0.0480101 1.16438
0.004645 2291.59 0.0491721 366750 -0.0619088 0.545819
0.003995 2290.79 0.0590954 366750 -0.0416878 0.547171
0.000145 1079.4 0.189335 366751 0.0480327 1.16351
0.004655 2291.68 0.0490396 366750 -0.0621858 0.545779
0.004005 2290.9 0.0589211 366750 -0.0420354 0.547128
0.000155 1080.26 0.189258 366751 0.0480562 1.16258
0.004665 2291.78 0.0489078 366750 -0.0624587 0.545738
0.004335 2291.12 0.0535851 366750 -0.0528401 0.546489
0.004015 2291 0.0587478 366750 -0.0423818 0.547088
0.000165 1081.18 0.189176 366751 0.0480806 1.16159
0.004675 2291.88 0.0487767 366750 -0.0627274 0.545698
0.004025 2291.09 0.0585752 366750 -0.0427273 0.54705
0.000175 1082.16 0.189089 366751 0.0481057 1.16054
0.004685 2291.97 0.0486463 366750 -0.0629918 0.545658
0.004035 2291.16 0.0584035 366750 -0.0430719 0.547015
0.000185 1083.2 0.188996 366751 0.0481314 1.15943
0.004695 2292.07 0.0485167 366750 -0.0632522 0.545618
0.004045 2291.23 0.0582326 366750 -0.0434152 0.546981
0.004345 2291.04 0.0534342 366750 -0.0531428 0.546488
0.004705 2292.16 0.0483878 366750 -0.0635086 0.545578
0.000195 1084.29 0.188898 366751 0.0481577 1.15825
0.004055 2291.29 0.0580625 366750 -0.0437559 0.54695
0.004715 2292.26 0.0482598 366750 -0.0637616 0.545538
0.000205 1085.45 0.188795 366751 0.0481844 1.15702
0.004065 2291.34 0.0578931 366750 -0.0440916 0.546921
0.004725 2292.35 0.0481324 366750 -0.0640114 0.545498
0.000215 1086.67 0.188687 366751 0.0482114 1.15572
0.004075 2291.37 0.0577246 366750 -0.0444192 0.546895
0.004735 2292.44 0.0480059 366750 -0.0642587 0.545459
0.000225 1087.94 0.188573 366751 0.0482387 1.15437
0.004085 2291.4 0.0575568 366750 -0.0447366 0.54687
0.004355 2290.96 0.0532839 366750 -0.0534438 0.546489
0.004745 2292.54 0.0478803 366750 -0.0645039 0.545419
0.000235 1089.27 0.188454 366751 0.0482661 1.15295
0.004095 2291.42 0.0573898 366750 -0.0450454 0.546848
0.004755 2292.63 0.0477554 366750 -0.0647476 0.545379
0.000245 1090.67 0.18833 366751 0.0482935 1.15148
0.004105 2291.44 0.0572236 366750 -0.0453517 0.546827
0.004765 2292.73 0.0476314 366750 -0.0649905 0.54534
0.000255 1092.12 0.1882 366751 0.0483208 1.14995
0.004115 2291.44 0.0570583 366750 -0.0456633 0.546809
0.004775 2292.82 0.0475083 366750 -0.0652331 0.5453
0.000265 1093.62 0.188065 366751 0.048348 1.14836
0.004125 2291.44 0.0568935 366750 -0.0459856 0.546792
0.004365 2290.88 0.0531341 366750 -0.0537433 0.546491
0.004785 2292.91 0.0473861 366750 -0.0654758 0.545261
0.000275 1095.19 0.187925 366751 0.048375 1.14671
0.004135 2291.42 0.0567296 366750 -0.0463205 0.546777
0.004795 2293.01 0.0472647 366750 -0.0657192 0.545221
0.000285 1096.82 0.18778 366751 0.0484016 1.14501
0.004145 2291.47 0.0565662 366750 -0.0466926 0.546747
0.000295 1098.5 0.187629 366751 0.0484278 1.14326
0.004375 2290.79 0.0529849 366750 -0.0540411 0.546494
0.000305 1100.24 0.187474 366751 0.0484534 1.14145
0.004155 2291.52 0.0564034 366750 -0.0470635 0.546719
0.005125 2306.47 0.0438889 366750 -0.0752679 0.541491
0.000315 1102.03 0.187313 366751 0.0484785 1.13958
0.005765 2277.1 0.0407191 366750 -0.0986288 0.547396
0.005775 2275.3 0.040665 366750 -0.0988047 0.547816
0.005785 2273.51 0.040609 366750 -0.098955 0.548234
0.005795 2271.73 0.0405509 366750 -0.0990711 0.548649
0.005805 2269.98 0.0404907 366750 -0.0991251 0.54906
0.005815 2268.28 0.0404284 366755 -0.0991532 0.549464
0.005825 2267.97 0.0403635 366750 -0.0991936 0.54952
0.005835 2267.72 0.0402963 366750 -0.0991747 0.549568
0.005845 2267.51 0.0402264 366750 -0.0991079 0.549607
0.005855 2267.35 0.0401539 366750 -0.0989999 0.549635
0.005865 2267.24 0.0400787 366750 -0.0988589 0.549651
0.005875 2267.18 0.0400007 366750 -0.098692 0.549655
0.005885 2267.18 0.0399196 366750 -0.0985072 0.549645
0.005895 2267.23 0.0398353 366750 -0.0983087 0.549621
0.004805 2293.11 0.0471443 366750 -0.0659637 0.545181
0.005905 2267.35 0.0397477 366750 -0.0981015 0.549583
0.005915 2267.53 0.0396566 366750 -0.0978857 0.549531
0.005925 2267.77 0.0395619 366750 -0.0976609 0.549464
0.005935 2268.07 0.0394634 366750 -0.0974256 0.549382
0.005945 2268.44 0.0393611 366750 -0.0971777 0.549285
0.005955 2268.88 0.0392547 366750 -0.096915 0.549172
0.005965 2269.38 0.039144 366750 -0.0966359 0.549043
0.005975 2269.95 0.039029 366750 -0.0963391 0.548898
0.001605 1625.92 0.138733 366751 0.0375752 0.772535
0.005985 2270.6 0.0389093 366750 -0.0960246 0.548735
0.004815 2293.2 0.0470248 366750 -0.066208 0.545142
0.005995 2271.32 0.038785 366750 -0.0956927 0.548555
0.006005 2272.12 0.0386558 366750 -0.0953448 0.548358
0.006015 2273 0.0385216 366750 -0.0949829 0.548141
0.004825 2293.3 0.0469064 366752 -0.066452 0.545102
0.006025 2273.96 0.0383823 366750 -0.0946099 0.547906
0.006035 2275 0.038238 366750 -0.0942289 0.547652
0.006045 2276.12 0.0380886 366750 -0.0938437 0.547379
0.004835 2293.77 0.0467889 366750 -0.0667173 0.544972
0.006055 2277.33 0.0379341 366750 -0.0934586 0.547087
0.001615 1630.82 0.138262 366751 0.0373581 0.770216
0.004845 2294.25 0.0466724 366750 -0.0669809 0.544842
0.006065 2278.62 0.0377746 366750 -0.0930779 0.546776
0.002245 1922.22 0.109803 366750 0.020387 0.653665
0.006075 2279.99 0.0376103 366750 -0.0927059 0.546447
0.004855 2294.72 0.0465569 366750 -0.0672471 0.544713
0.001625 1635.73 0.137791 366751 0.0371391 0.767913
0.004865 2295.19 0.0464424 366750 -0.0675163 0.544585
0.004875 2295.66 0.046329 366750 -0.0677882 0.544456
0.004885 2296.13 0.0462167 366750 -0.0680627 0.544328
0.004895 2296.6 0.0461054 366750 -0.0683397 0.544201
0.004905 2297.06 0.0459953 366750 -0.0686191 0.544074
0.005445 2318.5 0.0419967 366750 -0.0874447 0.538138
0.004915 2297.52 0.0458863 366750 -0.0689007 0.543948
0.004925 2297.99 0.0457785 366750 -0.0691843 0.543822
0.004935 2298.44 0.0456718 366750 -0.06947 0.543697
0.004945 2298.9 0.0455664 366750 -0.0697575 0.543572
0.005455 2318.62 0.0419563 366750 -0.0879013 0.538093
0.004955 2299.35 0.0454621 366750 -0.0700467 0.543448
0.005465 2318.71 0.0419166 366750 -0.0883626 0.538054
0.004965 2299.81 0.0453591 366750 -0.0703377 0.543325
0.005475 2318.78 0.0418775 366750 -0.0888288 0.53802
0.004975 2300.25 0.0452573 366750 -0.0706304 0.543203
0.005485 2318.83 0.0418391 366750 -0.0892996 0.537993
0.004985 2300.7 0.0451567 366750 -0.0709247 0.543081
0.002885 2153.02 0.0859089 366750 -0.000418199 0.583503
0.005495 2318.85 0.0418013 366750 -0.0897761 0.537971
0.004995 2301.14 0.0450575 366750 -0.0712207 0.54296
0.001285 1468.43 0.153687 366751 0.0434374 0.855245
0.005505 2318.84 0.041764 366750 -0.0902558 0.537956
0.005005 2301.58 0.0449595 366750 -0.0715183 0.54284
0.000645 1190.56 0.17934 366751 0.0486827 1.05478
0.005515 2318.81 0.041727 366750 -0.0907395 0.537947
0.002565 2051.32 0.0970678 366750 0.0103827 0.612534
0.005015 2302.01 0.0448628 366750 -0.0718177 0.542721
0.001295 1473.32 0.153228 366751 0.0432869 0.852416
0.002895 2155.91 0.0855867 366750 -0.000766598 0.582717
0.000655 1194.03 0.179026 366751 0.0486634 1.05172
0.005525 2318.75 0.0416905 366750 -0.0912256 0.537944
0.005025 2302.44 0.0447674 366750 -0.0721189 0.542603
0.002575 2055.14 0.0966947 366750 0.0100603 0.611394
0.001305 1478.2 0.152768 366751 0.0431342 0.849601
0.002905 2158.78 0.085266 366750 -0.00111568 0.581937
0.000665 1197.53 0.178708 366751 0.0486423 1.04863
0.005535 2318.62 0.0416543 366745 -0.0916938 0.537948
0.005035 2302.87 0.0446734 366750 -0.0724218 0.542486
0.002585 2058.95 0.096323 366750 0.00973588 0.610262
0.001315 1483.09 0.152307 366751 0.0429794 0.846802
0.002915 2161.64 0.084947 366750 -0.00146553 0.581163
0.000675 1201.08 0.178386 366751 0.0486194 1.04554
0.005545 2316.96 0.0416182 366750 -0.0921455 0.538324
0.005045 2303.29 0.0445807 366750 -0.0727266 0.542371
0.002595 2062.74 0.095953 366750 0.00941465 0.609139
0.001325 1487.99 0.151846 366751 0.0428224 0.844018
0.002925 2164.48 0.0846297 366750 -0.00181629 0.580394
0.000685 1204.66 0.178061 366751 0.0485947 1.04243
0.005555 2315.25 0.0415823 366750 -0.0925594 0.538705
0.005055 2303.71 0.0444894 366750 -0.0730333 0.542256
0.002605 2066.35 0.0955846 366750 0.00908807 0.608071
0.001335 1492.9 0.151384 366751 0.0426633 0.84125
0.002935 2167.31 0.0843139 366750 -0.00216812 0.579631
0.000695 1208.29 0.177732 366751 0.0485682 1.0393
0.005565 2313.52 0.0415465 366750 -0.092965 0.539092
0.005065 2304.12 0.0443994 366750 -0.073342 0.542142
0.002615 2069.73 0.0952177 366750 0.00874269 0.607079
0.001345 1497.81 0.150921 366751 0.0425021 0.838497
0.002945 2170.13 0.0839998 366750 -0.00252036 0.578873
0.000705 1211.94 0.177399 366751 0.0485398 1.03616
0.005575 2311.76 0.0415107 366750 -0.0933601 0.539484
0.005075 2304.53 0.0443108 366750 -0.0736528 0.54203
0.002625 2073.09 0.0948523 366750 0.00840894 0.606093
0.001355 1502.72 0.150457 366751 0.0423387 0.835759
0.002955 2172.92 0.0836873 366750 -0.00286814 0.578122
0.000715 1215.64 0.177064 366751 0.0485096 1.03301
0.005585 2310 0.0414748 366750 -0.0937442 0.53988
0.005085 2304.93 0.0442236 366750 -0.0739657 0.541919
0.002635 2076.43 0.0944886 366750 0.00808108 0.605115
0.002965 2175.51 0.0833765 366750 -0.00323007 0.57743
0.001365 1507.63 0.149993 366751 0.0421732 0.833038
0.000725 1219.37 0.176724 366751 0.0484775 1.02985
0.005595 2308.21 0.0414387 366750 -0.0941166 0.54028
0.005095 2305.32 0.0441378 366750 -0.0742812 0.54181
0.002645 2079.65 0.0941263 366750 0.0077414 0.604175
0.002975 2178.07 0.0830672 366750 -0.00358552 0.576744
0.001375 1512.55 0.149528 366751 0.0420055 0.830332
0.000735 1223.14 0.176381 366751 0.0484435 1.02668
0.005605 2306.42 0.0414025 366750 -0.0944771 0.540684
0.005105 2305.71 0.0440534 366750 -0.0746004 0.541702
0.002655 2082.86 0.0937657 366750 0.00740734 0.603241
0.002985 2180.63 0.0827596 366750 -0.00394054 0.576063
0.001385 1517.48 0.149062 366751 0.0418358 0.827642
0.000745 1226.94 0.176035 366751 0.0484076 1.02349
0.005615 2304.61 0.0413659 366750 -0.0948249 0.541092
0.005115 2306.09 0.0439704 366750 -0.0749269 0.541596
0.002665 2086.06 0.0934066 366750 0.00707412 0.602315
0.002995 2183.16 0.0824535 366750 -0.00429615 0.575387
0.001395 1522.4 0.148596 366751 0.0416639 0.824968
0.000755 1230.77 0.175686 366751 0.0483698 1.0203
0.000765 1234.64 0.175333 366751 0.0483301 1.01711
0.000775 1238.55 0.174977 366751 0.0482885 1.0139
0.000785 1242.48 0.174618 366751 0.0482449 1.01069
0.000795 1246.45 0.174256 366751 0.0481994 1.00747
0.000805 1250.45 0.173891 366751 0.0481519 1.00425
0.000815 1254.47 0.173523 366751 0.0481024 1.00102
0.000825 1258.53 0.173152 366751 0.048051 0.997796
0.000835 1262.62 0.172778 366751 0.0479975 0.994565
0.000965 1318.2 0.167673 366751 0.0471183 0.952637
0.000845 1266.74 0.172401 366751 0.0479421 0.991332
0.000855 1270.88 0.172021 366751 0.0478847 0.988099
0.000865 1275.06 0.171639 366751 0.0478252 0.984865
0.000975 1322.64 0.167263 366751 0.0470362 0.949438
0.000875 1279.26 0.171254 366751 0.0477637 0.981631
0.000885 1283.49 0.170866 366751 0.0477002 0.978398
0.000985 1327.11 0.166851 366751 0.046952 0.946246
0.000895 1287.74 0.170475 366751 0.0476347 0.975166
0.000995 1331.59 0.166437 366751 0.0468657 0.94306
0.000905 1292.02 0.170082 366751 0.0475671 0.971937
0.001005 1336.1 0.166021 366751 0.0467774 0.939881
0.000325 1103.89 0.187147 366751 0.0485029 1.13767
0.000915 1296.32 0.169687 366751 0.0474975 0.96871
0.003205 2227.76 0.0763923 366750 -0.0120545 0.563714
0.001015 1340.62 0.165603 366751 0.0466869 0.936711
0.000925 1300.65 0.169289 366751 0.0474258 0.965487
0.001925 1779.5 0.123856 366751 0.0297251 0.705996
0.001025 1345.16 0.165183 366751 0.0465943 0.933548
0.006405 2059.04 0.0587334 366751 -0.12044 0.605386
0.003215 2229.55 0.0761208 366750 -0.0124372 0.563252
0.000935 1305 0.168888 366751 0.047352 0.962268
0.001935 1784.15 0.123401 366751 0.0294524 0.70416
0.001035 1349.73 0.16476 366751 0.0464996 0.930394
0.000335 1105.8 0.186976 366751 0.0485266 1.1357
0.003225 2231.33 0.0758508 366750 -0.0128205 0.562795
0.000945 1309.38 0.168486 366751 0.0472762 0.959052
0.006415 2034.14 0.0610269 366751 -0.119245 0.612821
0.001945 1788.78 0.122947 366751 0.0291783 0.702337
0.001045 1354.31 0.164336 366751 0.0464027 0.927249
0.000345 1107.76 0.1868 366751 0.0485496 1.13368
0.003235 2233.08 0.0755823 366750 -0.0131982 0.562343
0.000955 1313.78 0.16808 366751 0.0471982 0.955842
0.006425 2009.18 0.0633239 366751 -0.118057 0.620455
0.001055 1358.91 0.16391 366751 0.0463038 0.924113
0.003525 2269.2 0.0684307 366750 -0.024364 0.553082
0.006085 2281.44 0.0374414 366750 -0.0923471 0.546099
0.001065 1363.52 0.163482 366751 0.0462027 0.920986
0.006725 1228.56 0.134324 366755 -0.0752628 1.01722
0.001075 1368.15 0.163052 366751 0.0460995 0.91787
0.003535 2270.12 0.0682049 366750 -0.0247472 0.552845
0.007365 413.702 0.228456 366750 0.0055153 3.06702
0.007045 593.228 0.20186 366754 -0.013202 2.12238
0.001085 1372.8 0.162621 366751 0.0459941 0.914764
0.003545 2271.03 0.0679806 366750 -0.0251304 0.552612
0.006095 2282.97 0.0372682 366750 -0.0920056 0.545734
0.004385 2290.7 0.0528362 366750 -0.0543373 0.546498
0.001095 1377.47 0.162188 366751 0.0458866 0.911669
0.006735 1201.83 0.136702 366755 -0.0732332 1.03999
0.003555 2271.92 0.0677575 366750 -0.0255135 0.552383
0.006105 2284.57 0.0370909 366750 -0.0916856 0.545352
0.005135 2306.83 0.0438088 366750 -0.0756351 0.541389
0.007055 581.738 0.203395 366753 -0.0118032 2.16495
0.007375 412.111 0.228739 366751 0.00548805 3.07928
0.001105 1382.15 0.161753 366751 0.045777 0.908585
0.003565 2272.79 0.0675357 366750 -0.0258967 0.552158
0.006745 1175.1 0.139074 366755 -0.0711605 1.06382
0.001635 1640.62 0.137321 366751 0.0369182 0.765626
0.006115 2286.25 0.0369099 366750 -0.09139 0.544954
0.005145 2307.18 0.0437301 366750 -0.0760356 0.541291
0.004395 2290.6 0.0526881 366750 -0.0546318 0.546503
0.002255 1926.46 0.109383 366750 0.0200788 0.652227
0.001115 1386.84 0.161317 366751 0.0456652 0.905512
0.007065 570.577 0.20488 366753 -0.0104702 2.20797
0.005625 2302.79 0.041329 366750 -0.0951597 0.541503
0.007385 410.792 0.229003 366750 0.00543202 3.08957
0.003575 2273.65 0.0673152 366750 -0.0262793 0.551936
0.002675 2089.25 0.093049 366750 0.00674081 0.601394
0.006755 1148.36 0.14144 366756 -0.0687907 1.08876
0.006125 2287.99 0.0367256 366750 -0.0911352 0.54454
0.005155 2307.51 0.0436528 366750 -0.0764526 0.541196
0.003005 2185.69 0.0821491 366750 -0.00465265 0.574716
0.004405 2290.5 0.0525405 366750 -0.0549248 0.546508
0.001125 1391.55 0.160878 366751 0.0455513 0.902451
0.001405 1527.33 0.148129 366751 0.04149 0.82231
0.001645 1645.51 0.136851 366751 0.0366953 0.763355
0.007075 559.74 0.206315 366753 -0.00918045 2.25141
0.007395 409.541 0.22925 366750 0.00536597 3.09939
0.003585 2274.49 0.067096 366750 -0.0266546 0.551718
0.006765 1121.68 0.143799 366761 -0.0660757 1.11485
0.002265 1930.69 0.108965 366750 0.0197698 0.650799
0.006135 2289.8 0.0365385 366751 -0.0905379 0.544113
0.002685 2092.42 0.0926931 366750 0.00640726 0.600481
0.005165 2307.82 0.043577 366751 -0.0768329 0.541107
0.005635 2300.96 0.0412915 366750 -0.0954811 0.541917
0.004415 2290.4 0.0523935 366750 -0.0552163 0.546515
0.001135 1396.27 0.160439 366751 0.0454352 0.899402
0.001415 1532.26 0.147662 366751 0.0413139 0.819667
0.001655 1650.4 0.136381 366751 0.0364706 0.761099
0.007085 549.221 0.207699 366753 -0.00789666 2.29522
0.007405 408.352 0.229481 366750 0.00528345 3.10877
0.006775 1098.37 0.146192 366755 -0.0650336 1.13868
0.003595 2275.19 0.0668781 366750 -0.0270435 0.551537
0.003015 2188.2 0.0818462 366750 -0.00501044 0.574051
0.002275 1934.91 0.108547 366750 0.0194602 0.649383
0.006145 2291.46 0.0363642 366719 -0.0996375 0.543676
0.002695 2095.57 0.0923387 366750 0.00607329 0.599573
0.005175 2308.34 0.0435026 366750 -0.0771575 0.540969
0.004425 2290.29 0.0522471 366750 -0.0555064 0.546522
0.005645 2299.13 0.0412535 366750 -0.0957886 0.542333
0.001145 1401 0.159998 366751 0.0453171 0.896364
0.001425 1537.2 0.147194 366751 0.0411358 0.817041
0.001665 1655.28 0.135911 366751 0.0362439 0.75886
0.007415 407.221 0.229697 366750 0.00518716 3.11775
0.007095 539.018 0.209032 366754 -0.00650921 2.33938
0.006785 1075.18 0.148571 366755 -0.0629987 1.16345
0.003605 2275.86 0.0666615 366750 -0.0274245 0.55136
0.002285 1939.11 0.108132 366750 0.01915 0.647977
0.003025 2190.69 0.081545 366750 -0.00536909 0.57339
0.006155 2283.11 0.0371432 366751 -0.108533 0.545713
0.002705 2098.72 0.0919859 366750 0.00573875 0.598672
0.005185 2308.86 0.0434296 366750 -0.0774033 0.540831
0.005655 2297.29 0.0412149 366750 -0.0960821 0.542752
0.004435 2290.18 0.0521012 366750 -0.0557953 0.54653
0.001155 1405.75 0.159555 366751 0.0451968 0.89334
0.001675 1660.15 0.135441 366751 0.0360153 0.756636
0.001435 1542.13 0.146726 366751 0.0409556 0.814431
0.007425 406.141 0.229898 366750 0.00507824 3.12637
0.006795 1052.09 0.150937 366755 -0.0609759 1.1892
0.003615 2276.53 0.0664461 366750 -0.0278041 0.551186
0.007105 530.172 0.210314 366752 -0.00568254 2.37912
0.002295 1943.3 0.107717 366750 0.0188392 0.646582
0.003035 2193.17 0.0812454 366750 -0.0057236 0.572735
0.006165 2274.64 0.0379316 366750 -0.107481 0.547747
0.002715 2101.85 0.0916346 366750 0.00540352 0.597777
0.005195 2309.38 0.0433581 366750 -0.0776332 0.540691
0.005665 2295.44 0.0411755 366750 -0.0963619 0.543172
0.001955 1793.41 0.122494 366751 0.0289028 0.700529
0.004445 2290.07 0.0519558 366750 -0.0560831 0.546538
0.001165 1410.51 0.159111 366751 0.0450744 0.890327
0.001685 1665.02 0.134972 366751 0.0357849 0.754428
0.007435 405.269 0.230086 366750 0.0049523 3.13341
0.001445 1547.07 0.146258 366751 0.0407733 0.811837
0.006805 1029.11 0.153287 366756 -0.0589279 1.21598
0.003625 2277.17 0.0662319 366750 -0.0281832 0.551016
0.002305 1947.47 0.107304 366750 0.0185279 0.645197
0.007115 521.649 0.211544 366752 -0.00464079 2.41871
0.006175 2266.26 0.0387146 366751 -0.106855 0.549776
0.003045 2195.42 0.0809474 366750 -0.00609271 0.572143
0.002725 2104.97 0.091285 366750 0.00506752 0.596888
0.005205 2309.9 0.043288 366750 -0.0778955 0.540551
0.005675 2293.59 0.0411352 366750 -0.0966283 0.543593
0.001965 1798.03 0.122042 366751 0.0286259 0.698734
0.001695 1669.89 0.134503 366751 0.0355526 0.752236
0.001175 1415.28 0.158666 366751 0.0449499 0.887328
0.004455 2289.96 0.0518111 366750 -0.05637 0.546548
0.007445 404.44 0.230261 366750 0.00481992 3.14013
0.001455 1552 0.145789 366751 0.0405889 0.809259
0.006815 1006.24 0.155622 366756 -0.056859 1.24386
0.003635 2277.81 0.066019 366750 -0.0285615 0.550849
0.002315 1951.63 0.106892 366750 0.0182161 0.643823
0.006185 2257.96 0.0394925 366751 -0.106229 0.551799
0.007125 513.437 0.212723 366752 -0.003665 2.45812
0.003055 2197.65 0.0806509 366750 -0.00645586 0.571555
0.002735 2108.07 0.0909369 366750 0.00473067 0.596006
0.000355 1109.79 0.186619 366751 0.0485717 1.13162
0.005215 2310.43 0.0432194 366750 -0.0782011 0.540412
0.005685 2291.75 0.041094 366750 -0.0968822 0.544016
0.001975 1802.63 0.12159 366751 0.0283475 0.696953
0.001705 1674.74 0.134035 366751 0.0353185 0.750059
0.001185 1420.07 0.158219 366751 0.0448232 0.884342
0.004465 2289.84 0.0516668 366750 -0.0566535 0.546557
0.007455 403.652 0.230424 366750 0.00467646 3.14654
0.006825 983.485 0.15794 366756 -0.054753 1.27288
0.003645 2278.43 0.0658073 366750 -0.0289391 0.550686
0.001465 1556.94 0.14532 366751 0.0404025 0.806698
0.002325 1955.78 0.106482 366750 0.0179039 0.642459
0.006195 2249.75 0.0402656 366751 -0.105623 0.553818
0.003065 2199.87 0.0803561 366750 -0.00681921 0.570972
0.007135 505.529 0.213851 366752 -0.00273417 2.4973
0.002745 2111.17 0.0905905 366750 0.00439294 0.59513
0.005225 2310.95 0.0431521 366750 -0.0785384 0.540274
0.005695 2289.9 0.0410518 366750 -0.0971251 0.544439
0.001715 1679.59 0.133566 366751 0.0350825 0.747898
0.001985 1807.22 0.12114 366751 0.0280678 0.695186
0.001195 1424.86 0.157771 366751 0.0446944 0.881369
0.004475 2289.73 0.0515234 366751 -0.0569346 0.546568
0.007465 402.9 0.230575 366750 0.00452448 3.15268
0.006835 960.858 0.16024 366756 -0.052663 1.30313
0.003655 2279.03 0.0655969 366750 -0.0293161 0.550526
0.000365 1111.86 0.186433 366751 0.0485931 1.1295
0.001475 1561.88 0.14485 366751 0.0402139 0.804152
0.002335 1959.91 0.106072 366750 0.0175913 0.641105
0.006205 2241.62 0.041034 366751 -0.105043 0.555831
0.003075 2202.07 0.0800628 366750 -0.00718371 0.570394
0.002755 2114.24 0.0902456 366750 0.0040543 0.59426
0.003245 2234.64 0.0753153 366750 -0.0135898 0.561943
0.002765 2117.31 0.0899023 366750 0.00371476 0.593396
0.006435 1984.18 0.065625 366751 -0.116909 0.628299
0.002775 2120.36 0.0895607 366750 0.00337433 0.592539
0.003255 2236.18 0.0750499 366750 -0.0139748 0.561547
0.007145 497.913 0.214929 366752 -0.00191399 2.53623
0.005235 2311.45 0.0430863 366750 -0.0788934 0.540139
0.006445 1959.12 0.0679308 366751 -0.115793 0.636364
0.002785 2123.4 0.0892206 366750 0.00303303 0.591687
0.003265 2237.7 0.0747859 366750 -0.0143591 0.561156
0.007155 490.581 0.215959 366753 -0.000792752 2.57487
0.002795 2126.42 0.0888822 366750 0.00269092 0.590842
0.005245 2311.95 0.0430219 366750 -0.0792578 0.540006
0.006455 1933.99 0.0702419 366751 -0.114703 0.644661
0.001725 1684.43 0.133098 366751 0.0348446 0.745753
0.003275 2239.21 0.0745234 366750 -0.0147434 0.560769
0.002805 2129.43 0.0885453 366750 0.00234802 0.590003
0.007165 484.268 0.21694 366751 -0.000386749 2.60916
0.005255 2312.43 0.0429588 366750 -0.0796279 0.539877
0.006465 1908.79 0.0725586 366751 -0.113632 0.653203
0.001735 1689.27 0.132631 366751 0.034605 0.743622
0.002815 2132.43 0.0882101 366750 0.00200439 0.589169
0.003285 2240.7 0.0742624 366750 -0.0151278 0.560386
0.005265 2312.9 0.0428972 366750 -0.0800022 0.53975
0.007175 478.231 0.217874 366751 0.000377542 2.64282
0.006475 1883.51 0.0748815 366751 -0.112571 0.662001
0.001745 1694.1 0.132164 366751 0.0343635 0.741508
0.002825 2135.42 0.0878765 366750 0.00166008 0.588342
0.005275 2313.35 0.0428369 366750 -0.0803805 0.539627
0.003295 2242.17 0.0740029 366750 -0.0155123 0.560008
0.006485 1858.15 0.0772106 366751 -0.111512 0.67107
0.007185 472.456 0.218761 366751 0.00101223 2.67584
0.005705 2288.06 0.0410085 366750 -0.0973585 0.544862
0.001755 1698.92 0.131697 366751 0.0341202 0.739408
0.002835 2138.38 0.0875445 366750 0.00131513 0.587521
0.005285 2313.79 0.0427779 366750 -0.0807627 0.539507
0.003305 2243.63 0.0737448 366750 -0.015897 0.559635
0.006495 1832.71 0.0795461 366752 -0.110446 0.680423
0.007195 466.933 0.219603 366751 0.00160433 2.7082
0.001765 1703.73 0.131231 366751 0.0338751 0.737324
0.005715 2286.22 0.0409639 366750 -0.0975845 0.545285
0.002845 2141.34 0.0872142 366750 0.000969583 0.586706
0.005295 2314.22 0.0427203 366750 -0.0811488 0.539391
0.006505 1807.18 0.0818882 366752 -0.109365 0.690073
0.003315 2245.07 0.0734883 366750 -0.0162818 0.559265
0.007205 461.647 0.220402 366751 0.00215192 2.73991
0.001775 1708.53 0.130766 366751 0.0336283 0.735255
0.005725 2284.38 0.040918 366750 -0.0978048 0.545708
0.002855 2144.28 0.0868854 366750 0.000623469 0.585896
0.005305 2314.63 0.0426639 366750 -0.0815388 0.539278
0.006515 1781.57 0.0842367 366752 -0.108261 0.700036
0.003325 2246.5 0.0732332 366750 -0.0166668 0.5589
0.001785 1713.33 0.130301 366751 0.0333797 0.733202
0.005735 2282.55 0.0408707 366750 -0.0980204 0.546131
0.007215 456.588 0.221159 366751 0.00268553 2.77096
0.002865 2147.21 0.0865583 366750 0.000276804 0.585093
0.005315 2315.03 0.0426089 366750 -0.0819328 0.539169
0.006525 1755.87 0.0865914 366752 -0.107127 0.710326
0.003335 2247.91 0.0729796 366750 -0.0170522 0.558539
0.001795 1718.12 0.129836 366751 0.0331293 0.731163
0.005745 2280.73 0.0408218 366750 -0.0982313 0.546553
0.007225 452.245 0.221874 366751 0.00307093 2.79824
0.005325 2315.41 0.0425551 366750 -0.0823308 0.539064
0.006535 1730.08 0.0889522 366752 -0.105957 0.72096
0.002875 2150.12 0.0862328 366750 -7.04125e-05 0.584295
0.003345 2249.3 0.0727274 366750 -0.0174378 0.558183
0.001805 1722.89 0.129372 366751 0.0328772 0.729139
0.005755 2278.91 0.0407713 366750 -0.0984355 0.546975
0.005335 2315.77 0.0425026 366750 -0.0827328 0.538962
0.007235 448.113 0.22255 366751 0.00347127 2.82471
0.001995 1811.8 0.120691 366750 0.0277867 0.693431
0.002005 1816.37 0.120242 366750 0.0275043 0.691691
0.002015 1820.93 0.119794 366750 0.0272206 0.689963
0.007245 444.18 0.223189 366751 0.00382919 2.85038
0.002025 1825.48 0.119348 366750 0.0269356 0.688248
0.006215 2233.58 0.0417979 366751 -0.104494 0.557839
0.007255 440.433 0.223791 366751 0.00415203 2.87526
0.002035 1830.01 0.118902 366750 0.0266493 0.686547
0.007265 436.864 0.224358 366751 0.00445434 2.89938
0.002045 1834.53 0.118458 366750 0.0263618 0.684859
0.007275 433.844 0.224893 366751 0.0046705 2.92016
0.002055 1839.04 0.118014 366750 0.0260731 0.683183
0.006225 2225.61 0.0425575 366751 -0.103975 0.559841
0.007285 430.984 0.225395 366751 0.00488294 2.94012
0.002065 1843.53 0.117572 366750 0.0257832 0.68152
0.002345 1964.03 0.105665 366750 0.0172785 0.639761
0.007295 428.275 0.225868 366750 0.00506231 2.95929
0.006235 2217.73 0.0433127 366751 -0.103479 0.561839
0.002075 1848.02 0.11713 366750 0.0254921 0.67987
0.001205 1429.67 0.157322 366751 0.0445635 0.87841
0.007475 402.18 0.230716 366750 0.00436288 3.15857
0.007305 425.705 0.226312 366750 0.0052107 2.9777
0.006245 2209.92 0.0440637 366750 -0.102995 0.56383
0.002085 1852.49 0.11669 366750 0.0251999 0.678232
0.006845 938.361 0.162522 366756 -0.0505631 1.33465
0.001215 1434.48 0.156871 366751 0.0444303 0.875465
0.007315 423.266 0.226729 366750 0.00532967 2.99539
0.006255 2202.2 0.0448104 366750 -0.102512 0.565816
0.002095 1856.94 0.116251 366750 0.0249066 0.676607
0.002355 1968.14 0.105259 366750 0.0169654 0.638427
0.007485 401.623 0.230847 366750 0.00419083 3.16319
0.001225 1439.31 0.15642 366751 0.044295 0.872533
0.006855 915.999 0.164785 366757 -0.0484439 1.36753
0.007325 420.946 0.22712 366751 0.00542604 3.01241
0.006265 2194.55 0.0455528 366750 -0.102024 0.567796
0.002105 1861.39 0.115813 366750 0.0246121 0.674994
0.002365 1972.23 0.104854 366750 0.0166522 0.637103
0.007495 401.094 0.230968 366750 0.0040151 3.16758
0.001235 1444.14 0.155967 366751 0.0441575 0.869615
0.006865 893.779 0.167027 366757 -0.0460841 1.40184
0.003085 2204.26 0.0797711 366750 -0.00754961 0.569821
0.007335 418.987 0.227487 366750 0.0054755 3.02699
0.006275 2186.99 0.046291 366750 -0.10153 0.56977
0.002115 1865.82 0.115376 366750 0.0243167 0.673394
0.002375 1976.31 0.10445 366750 0.0163389 0.635789
0.007505 400.589 0.231079 366750 0.00383145 3.17178
0.001245 1448.98 0.155513 366751 0.0440179 0.866712
0.006875 871.733 0.169246 366760 -0.0431614 1.43763
0.007345 417.132 0.227832 366750 0.00551226 3.04092
0.002125 1870.24 0.11494 366750 0.0240201 0.671806
0.006285 2179.51 0.0470248 366750 -0.101034 0.571737
0.002385 1980.38 0.104048 366750 0.0160256 0.634485
0.007515 400.107 0.231183 366750 0.00364308 3.1758
0.001255 1453.83 0.155058 366751 0.043876 0.863823
0.006885 852.38 0.171442 366756 -0.0420548 1.4706
0.007355 415.373 0.228154 366750 0.00552456 3.05425
0.002135 1874.64 0.114505 366750 0.0237225 0.67023
0.006295 2172.1 0.0477544 366750 -0.100543 0.573697
0.002395 1984.43 0.103648 366750 0.0157124 0.63319
0.007525 399.644 0.231278 366750 0.0034466 3.17966
0.003665 2279.62 0.0653876 366750 -0.0296923 0.550369
0.001265 1458.69 0.154602 366751 0.043732 0.860949
0.006895 833.258 0.173609 366756 -0.0400405 1.50471
0.003095 2206.43 0.0794809 366750 -0.00791715 0.569253
0.002145 1879.04 0.114072 366750 0.023424 0.668666
0.006305 2164.78 0.0484798 366750 -0.100062 0.575651
0.002405 1988.46 0.103249 366750 0.0153993 0.631904
0.007535 399.314 0.231365 366750 0.0032438 3.18245
0.001275 1463.56 0.154145 366751 0.0435858 0.85809
0.000375 1113.99 0.186242 366751 0.0486136 1.12734
0.001485 1566.81 0.144381 366751 0.0400233 0.801623
0.001495 1571.75 0.14391 366751 0.0398306 0.79911
0.001505 1576.68 0.14344 366751 0.0396358 0.796613
0.006545 1704.21 0.0913187 366752 -0.104745 0.731953
0.001515 1581.62 0.14297 366751 0.0394389 0.794133
0.003355 2250.68 0.0724767 366750 -0.0178238 0.557831
0.001525 1586.55 0.142499 366751 0.0392399 0.791668
0.003365 2252.04 0.0722275 366750 -0.0182103 0.557483
0.001535 1591.48 0.142029 366751 0.0390389 0.78922
0.006555 1678.26 0.0936904 366752 -0.103489 0.743324
0.003375 2253.39 0.0719797 366750 -0.0185967 0.557139
0.001545 1596.41 0.141558 366751 0.0388359 0.786788
0.001815 1727.66 0.128909 366751 0.0326234 0.72713
0.006565 1652.23 0.096067 366752 -0.102186 0.755089
0.003385 2254.71 0.0717333 366750 -0.0189767 0.5568
0.001555 1601.34 0.141087 366751 0.0386308 0.784372
0.005345 2316.11 0.0424512 366750 -0.083139 0.538865
0.006905 814.363 0.175748 366756 -0.0380563 1.54
0.006575 1626.13 0.098448 366752 -0.100834 0.767267
0.003395 2255.85 0.0714884 366750 -0.0193701 0.556509
0.001565 1606.26 0.140616 366751 0.0384237 0.781973
0.002155 1883.41 0.113639 366750 0.0231244 0.667113
0.005355 2316.44 0.042401 366750 -0.0835493 0.538771
0.003105 2208.59 0.0791924 366750 -0.00828657 0.568689
0.006585 1599.96 0.100833 366752 -0.0994332 0.77988
0.003405 2256.97 0.0712448 366750 -0.0197563 0.556222
0.006915 795.698 0.177855 366756 -0.0360706 1.57652
0.001575 1611.18 0.140145 366751 0.0382145 0.779589
0.001825 1732.43 0.128446 366751 0.0323679 0.725136
0.005365 2316.75 0.042352 366750 -0.083964 0.538682
0.002165 1887.78 0.113208 366750 0.0228238 0.665573
0.006315 2157.53 0.0492011 366750 -0.0995982 0.577598
0.006595 1573.73 0.103221 366752 -0.0979836 0.792947
0.003415 2258.07 0.0710027 366750 -0.0201415 0.555938
0.006925 777.27 0.179932 366756 -0.0340983 1.61431
0.003115 2210.73 0.0789054 366750 -0.00865735 0.568131
0.001585 1616.1 0.139674 366751 0.0380034 0.777222
0.005375 2317.04 0.0423041 366750 -0.0843829 0.538597
0.001835 1737.18 0.127984 366751 0.0321107 0.723157
0.002175 1892.13 0.112778 366750 0.0225223 0.664045
0.003425 2259.16 0.070762 366750 -0.0205263 0.555659
0.006605 1547.43 0.105612 366753 -0.0964864 0.806492
0.006935 759.083 0.181975 366756 -0.0321448 1.65342
0.006325 2150.36 0.0499183 366750 -0.0991553 0.579538
0.003125 2212.85 0.07862 366750 -0.00902401 0.567577
0.001595 1621.01 0.139203 366751 0.0377903 0.774871
0.005385 2317.31 0.0422573 366750 -0.0848064 0.538517
0.001845 1741.92 0.127522 366751 0.031852 0.721193
0.003435 2260.24 0.0705227 366750 -0.0209109 0.555384
0.002185 1896.47 0.112349 366750 0.0222199 0.662528
0.006615 1521.08 0.108005 366753 -0.094943 0.82054
0.006945 741.141 0.183985 366756 -0.0301302 1.6939
0.002415 1992.49 0.102851 366750 0.0150863 0.630628
0.007545 399 0.231445 366750 0.00304019 3.18511
0.006955 723.448 0.185959 366757 -0.0282524 1.73581
0.003675 2280.2 0.0651796 366750 -0.0300679 0.550216
0.002425 1996.5 0.102455 366750 0.0147736 0.629361
0.000385 1116.18 0.186046 366751 0.0486331 1.12513
0.007555 398.701 0.231518 366750 0.00283064 3.18764
0.006965 706.022 0.187896 366758 -0.0255531 1.77915
0.006335 2143.27 0.0506319 366750 -0.0987383 0.581472
0.002435 2000.5 0.10206 366750 0.0144611 0.628103
0.003685 2280.76 0.0649727 366750 -0.0304427 0.550066
0.007565 398.415 0.231584 366750 0.00261997 3.19006
0.006975 690.679 0.189795 366755 -0.0245525 1.81917
0.000395 1118.42 0.185845 366751 0.0486517 1.12287
0.003135 2214.77 0.0783361 366750 -0.00940546 0.567078
0.006345 2136.24 0.0513419 366750 -0.0983517 0.5834
0.002445 2004.49 0.101667 366750 0.0141489 0.626854
0.001855 1746.65 0.127061 366751 0.0315915 0.719243
0.003695 2281.31 0.064767 366750 -0.0308169 0.54992
0.007575 398.141 0.231644 366750 0.00240083 3.19238
0.006985 675.645 0.191652 366755 -0.0227916 1.86018
0.000405 1120.72 0.185639 366751 0.0486692 1.12057
0.006355 2129.28 0.0520488 366750 -0.0979984 0.585324
0.005395 2317.56 0.0422115 366750 -0.0852343 0.538442
0.003145 2216.68 0.0780538 366750 -0.00978133 0.566583
0.002455 2008.46 0.101276 366750 0.0138369 0.625614
0.003705 2281.84 0.0645625 366750 -0.0311904 0.549776
0.001865 1751.37 0.126601 366751 0.0313295 0.717307
0.007585 397.98 0.231697 366750 0.00217817 3.19378
0.006995 660.914 0.193466 366755 -0.0210926 1.90219
0.000415 1123.06 0.185428 366751 0.0486856 1.11822
0.003445 2261.29 0.0702848 366750 -0.0212952 0.555113
0.006365 2122.38 0.0527529 366750 -0.0977157 0.587243
0.005405 2317.79 0.0421667 366750 -0.0856669 0.538371
0.002465 2012.42 0.100885 366750 0.0135251 0.624383
0.003155 2218.56 0.077773 366750 -0.0101575 0.566093
0.003715 2282.36 0.0643591 366750 -0.0315633 0.549636
0.007595 397.829 0.231744 366750 0.00195844 3.19509
0.001875 1756.09 0.126142 366751 0.031066 0.715386
0.007005 646.489 0.195236 366755 -0.019419 1.9452
0.000425 1125.46 0.185213 366751 0.0487009 1.11584
0.006375 2115.54 0.0534547 366751 -0.0968284 0.589161
0.005415 2318 0.0421229 366750 -0.0861041 0.538305
0.003455 2262.34 0.0700482 366750 -0.0216793 0.554845
0.002475 2016.36 0.100497 366750 0.0132134 0.62316
0.003165 2220.43 0.0774938 366750 -0.0105348 0.565608
0.003725 2282.87 0.064157 366750 -0.0319354 0.5495
0.007605 397.686 0.231786 366750 0.00173333 3.19632
0.001885 1760.79 0.125683 366751 0.0308008 0.71348
0.007015 632.369 0.196962 366755 -0.0177846 1.98923
0.000435 1127.91 0.184992 366751 0.0487148 1.11341
0.006385 2108.44 0.0541752 366700 -0.109982 0.591082
0.002195 1900.8 0.111922 366750 0.0219165 0.661022
0.003465 2263.36 0.0698131 366750 -0.0220632 0.554582
0.005425 2318.19 0.04208 366750 -0.0865461 0.538244
0.002485 2020.3 0.10011 366750 0.0129017 0.621946
0.003175 2222.29 0.0772161 366750 -0.0109131 0.565128
0.003735 2283.36 0.0639559 366750 -0.0323069 0.549366
0.007615 397.55 0.231822 366750 0.00151389 3.19749
0.001895 1765.48 0.125225 366751 0.0305341 0.711588
0.007025 618.555 0.198642 366754 -0.0160993 2.03426
0.000445 1130.42 0.184767 366751 0.0487275 1.11094
0.006395 2083.91 0.0564428 366752 -0.122441 0.598142
0.003475 2264.37 0.0695793 366750 -0.022447 0.554322
0.002205 1905.11 0.111496 366750 0.0216123 0.659528
0.005435 2318.36 0.0420379 366750 -0.086993 0.538188
0.002495 2024.22 0.0997239 366750 0.0125899 0.620741
0.003185 2224.13 0.07694 366750 -0.0112925 0.564652
0.003745 2283.85 0.063756 366750 -0.0326778 0.549236
0.007625 397.422 0.231853 366750 0.001278 3.19858
0.001905 1770.16 0.124768 366751 0.030266 0.709709
0.007035 605.052 0.200275 366756 -0.0141807 2.08029
0.000455 1132.97 0.184538 366751 0.0487389 1.10843
0.003485 2265.37 0.0693469 366750 -0.0228306 0.554067
0.006625 1494.67 0.1104 366753 -0.0933549 0.835115
0.002215 1909.41 0.111071 366750 0.0213072 0.658046
0.003495 2266.35 0.0691158 366750 -0.0232141 0.553815
0.002505 2028.13 0.0993398 366750 0.0122777 0.619544
0.006635 1468.22 0.112796 366753 -0.091724 0.850246
0.003195 2225.95 0.0766654 366750 -0.0116729 0.56418
0.002225 1913.69 0.110647 366750 0.0210013 0.656574
0.003505 2267.32 0.0688861 366750 -0.0235974 0.553567
0.002515 2032.03 0.0989573 366750 0.0119649 0.618355
0.003755 2284.31 0.0635572 366750 -0.033048 0.549108
0.007635 397.396 0.231878 366750 0.001042 3.19884
0.002525 2035.91 0.0985763 366750 0.0116513 0.617174
0.001915 1774.84 0.124311 366751 0.0299963 0.707845
0.003765 2284.77 0.0633595 366750 -0.0334175 0.548984
0.000465 1135.58 0.184303 366751 0.0487488 1.10589
0.007645 397.377 0.231898 366750 0.000816891 3.19904
0.006645 1441.72 0.115193 366753 -0.0900516 0.865963
0.002235 1917.96 0.110224 366750 0.0206945 0.655114
0.007655 397.362 0.231913 366750 0.000585206 3.19919
0.003515 2268.27 0.0686577 366750 -0.0239808 0.553322
0.006655 1415.18 0.117589 366753 -0.088339 0.882297
0.002535 2039.78 0.0981968 366750 0.0113366 0.616002
0.003775 2285.21 0.0631629 366750 -0.0337864 0.548863
0.006665 1388.61 0.119986 366753 -0.0865871 0.899285
0.000475 1138.24 0.184065 366751 0.0487575 1.1033
0.002545 2043.64 0.0978189 366750 0.0110205 0.614838
0.007665 397.353 0.231923 366750 0.000356951 3.19928
0.003785 2285.64 0.0629675 366750 -0.0341547 0.548745
0.006675 1361.99 0.122381 366754 -0.0847967 0.916962
0.000485 1140.94 0.183821 366751 0.0487648 1.10068
0.002555 2047.49 0.0974426 366750 0.0107027 0.613682
0.007675 397.348 0.231928 366750 0.000116847 3.19933
0.003795 2286.05 0.062773 366750 -0.0345224 0.54863
0.006685 1335.35 0.124775 366754 -0.0829678 0.93537
0.000495 1143.7 0.183573 366751 0.0487707 1.09803
0.003805 2286.45 0.0625797 366750 -0.0348895 0.548519
0.006695 1308.69 0.127167 366754 -0.0811004 0.95455
0.000505 1146.5 0.18332 366751 0.0487754 1.09534
0.003815 2286.84 0.0623875 366750 -0.0352559 0.54841
0.006705 1282 0.129556 366754 -0.0791942 0.974551
0.000515 1149.36 0.183064 366751 0.0487788 1.09262
0.003825 2287.22 0.0621962 366750 -0.0356211 0.548304
0.006715 1255.29 0.131942 366755 -0.0772486 0.995422
0.000525 1152.25 0.182802 366751 0.0487808 1.08987
0.003835 2287.58 0.0620061 366750 -0.0359783 0.548201
0.000535 1155.2 0.182537 366751 0.0487815 1.08709
0.000545 1158.2 0.182267 366751 0.0487807 1.08427
0.000555 1161.23 0.181992 366751 0.0487784 1.08143
0.000565 1164.32 0.181714 366751 0.0487745 1.07857
0.000575 1167.45 0.181431 366751 0.048769 1.07567
0.000585 1170.62 0.181144 366751 0.0487618 1.07276
0.000595 1173.84 0.180854 366751 0.0487529 1.06981
0.000605 1177.1 0.180559 366751 0.0487423 1.06685
0.000615 1180.4 0.18026 366751 0.04873 1.06386
0.000625 1183.75 0.179957 366751 0.048716 1.06085
0.000635 1187.13 0.179651 366751 0.0487002 1.05783
