0.004805 2294.13 0.0471983 367503 -0.0638017 0.546061
0.004815 2294.22 0.047081 367505 -0.06406 0.546022
0.004825 2294.67 0.0469644 367503 -0.0643383 0.545898
0.004835 2295.12 0.0468489 367503 -0.0646116 0.545775
0.004845 2295.56 0.0467344 367503 -0.0648853 0.545652
0.004855 2296.01 0.046621 367503 -0.0651598 0.545529
0.004865 2296.45 0.0465086 367503 -0.065435 0.545406
0.004875 2296.89 0.0463973 367503 -0.065711 0.545284
0.004885 2297.33 0.046287 367503 -0.0659879 0.545163
0.004895 2297.77 0.0461779 367503 -0.0662657 0.545042
0.004905 2298.21 0.0460698 367503 -0.0665444 0.544922
0.004915 2298.64 0.0459629 367503 -0.0668243 0.544802
0.004925 2299.08 0.0458571 367503 -0.0671053 0.544683
0.004935 2299.5 0.0457525 367503 -0.0673875 0.544565
0.004945 2299.93 0.045649 367503 -0.0676711 0.544447
0.004955 2300.35 0.0455468 367503 -0.067956 0.54433
0.004965 2300.78 0.0454457 367503 -0.0682424 0.544213
0.004975 2301.19 0.0453458 367503 -0.0685303 0.544098
0.004985 2301.61 0.0452471 367503 -0.0688199 0.543983
0.004995 2302.02 0.0451497 367503 -0.069111 0.54387
0.005005 2302.42 0.0450535 367503 -0.0694039 0.543757
0.005015 2302.83 0.0449585 367503 -0.0696986 0.543645
0.005025 2303.22 0.0448648 367503 -0.0699951 0.543535
0.005035 2303.62 0.0447724 367503 -0.0702935 0.543425
0.005045 2304.01 0.0446812 367503 -0.0705938 0.543317
0.005055 2304.39 0.0445914 367503 -0.070896 0.543209
0.005065 2304.77 0.0445028 367503 -0.0712003 0.543104
0.005075 2305.14 0.0444155 367503 -0.0715066 0.542999
0.005085 2305.51 0.0443295 367503 -0.0718149 0.542896
0.005095 2305.87 0.0442448 367503 -0.0721253 0.542794
0.005105 2306.22 0.0441614 367503 -0.0724379 0.542694
0.005115 2306.57 0.0440794 367503 -0.0727526 0.542595
0.004165 2291.8 0.0562686 367503 -0.0454769 0.547751
0.002885 2152.91 0.0860341 367504 0.00138567 0.584729
0.003525 2268.82 0.0685283 367503 -0.0227452 0.554304
0.004175 2291.85 0.0561063 367503 -0.0457981 0.547723
0.000965 1319.02 0.167655 367504 0.0486561 0.95399
0.002895 2155.78 0.0857119 367504 0.00103126 0.583944
0.005445 2317.43 0.0420448 367503 -0.0849536 0.539489
0.004185 2291.88 0.0559447 367503 -0.0461181 0.547696
0.003535 2269.75 0.0683017 367503 -0.0231097 0.554063
0.002565 2051.23 0.0971873 367504 0.0123368 0.613814
0.002905 2158.64 0.0853912 367504 0.000675265 0.583166
0.001605 1626.06 0.138787 367504 0.0392934 0.774051
0.000975 1323.45 0.167247 367504 0.0485803 0.950798
0.002575 2055.03 0.0968144 367504 0.0120041 0.612678
0.004195 2291.91 0.0557839 367503 -0.0464368 0.547672
0.003205 2227.33 0.0765108 367503 -0.0105488 0.564974
0.003545 2270.67 0.0680764 367503 -0.0234741 0.553826
0.005455 2317.52 0.041999 367503 -0.085383 0.539451
0.004485 2290.8 0.0513948 367503 -0.0551029 0.547415
0.002915 2161.48 0.0850722 367504 0.000317603 0.582393
0.003845 2287.66 0.0618809 367503 -0.034597 0.549285
0.002585 2058.82 0.0964431 367504 0.0116703 0.61155
0.000985 1327.9 0.166836 367504 0.0485024 0.947612
0.005125 2306.91 0.0439986 367503 -0.0730694 0.542498
0.003215 2229.12 0.0762388 367503 -0.0109326 0.564513
0.004205 2291.94 0.0556237 367503 -0.0467542 0.547648
0.001615 1630.96 0.138317 367504 0.0390782 0.771732
0.002245 1922.12 0.109907 367504 0.02237 0.655038
0.004495 2290.93 0.0512526 367503 -0.0553859 0.547366
0.003555 2271.58 0.0678524 367503 -0.0238389 0.553593
0.005465 2317.59 0.0419537 367503 -0.0858169 0.539419
0.001285 1468.87 0.153708 367504 0.0450823 0.856739
0.002595 2062.58 0.0960734 367503 0.0113404 0.610432
0.003855 2287.95 0.0616916 367503 -0.0349559 0.5492
0.002925 2164.31 0.0847548 367504 -4.18121e-05 0.581627
5e-06 1075.64 0.189721 367504 0.0493457 1.16996
0.003225 2230.88 0.0759683 367503 -0.0113166 0.564058
0.005135 2307.24 0.0439192 367503 -0.0733884 0.542403
0.000995 1332.37 0.166423 367504 0.0484223 0.944433
0.001925 1779.43 0.123938 367504 0.0315286 0.707467
0.004215 2291.95 0.0554642 367503 -0.0470703 0.547627
0.004505 2291.06 0.0511111 367503 -0.055668 0.547318
0.005765 2279.73 0.040485 367503 -0.0947607 0.547898
0.001625 1635.85 0.137848 367504 0.0388611 0.769428
0.002605 2066.19 0.0957053 367503 0.0110063 0.609364
0.000645 1191.87 0.179276 367503 0.0505737 1.05577
0.003865 2288.23 0.0615032 367503 -0.0353129 0.549117
0.003565 2272.47 0.0676298 367503 -0.0242045 0.553362
0.006085 2292.48 0.0368295 367504 -0.0876965 0.544617
0.001295 1473.74 0.15325 367504 0.0449339 0.853912
0.005475 2317.63 0.0419088 367503 -0.0862552 0.539392
0.000325 1105.76 0.187032 367504 0.0499832 1.13805
0.002255 1926.37 0.109488 367504 0.0220677 0.653595
0.003235 2232.63 0.0756994 367503 -0.011695 0.563607
0.005145 2307.57 0.043841 367503 -0.0737096 0.542309
1.5e-05 1075.69 0.189716 367504 0.0493457 1.1699
0.007365 414.546 0.228326 367503 0.00521715 3.06686
0.007045 598.471 0.20121 367507 -0.0140089 2.10787
0.002935 2167.12 0.084439 367504 -0.000403092 0.580867
0.001935 1784.08 0.123484 367504 0.0312597 0.705628
0.006405 2054.76 0.0594954 367504 -0.114761 0.607939
0.004515 2291.18 0.0509702 367503 -0.0559492 0.54727
0.001005 1336.86 0.166008 367504 0.0483396 0.941261
0.005775 2278.25 0.0404189 367503 -0.0948079 0.548241
0.006725 1233.86 0.133945 367508 -0.0749936 1.01495
0.004225 2291.96 0.0553054 367503 -0.0473859 0.547607
0.005785 2276.8 0.0403508 367503 -0.094835 0.548577
0.002615 2069.58 0.0953387 367504 0.0106543 0.608366
0.001635 1640.74 0.137378 367504 0.0386422 0.76714
0.003875 2288.49 0.0613159 367503 -0.0356686 0.549038
0.000655 1195.32 0.178963 367503 0.0506642 1.05272
0.001305 1478.62 0.152792 367504 0.0447834 0.851099
0.003575 2273.35 0.0674084 367503 -0.0245648 0.553135
0.005485 2317.65 0.0418644 367503 -0.0866995 0.53937
0.003245 2234.19 0.0754319 367503 -0.0120863 0.563205
0.003885 2288.74 0.0611295 367503 -0.0360231 0.548961
0.006095 2294.37 0.0366306 367504 -0.0871243 0.54417
0.004235 2291.96 0.0551474 367503 -0.0476997 0.547589
0.005155 2307.89 0.0437642 367503 -0.0740319 0.542218
2.5e-05 1075.8 0.189707 367504 0.0493488 1.16979
0.002265 1930.6 0.10907 367504 0.0217646 0.652164
0.000335 1107.65 0.186862 367504 0.0500071 1.1361
0.007055 586.807 0.202759 367507 -0.0126096 2.15041
0.001945 1788.71 0.123031 367504 0.0309895 0.703804
0.004525 2291.3 0.05083 367503 -0.0562294 0.547223
0.006415 2030.64 0.0617119 367504 -0.114133 0.615184
0.005495 2317.65 0.0418203 367503 -0.0871463 0.539353
0.002945 2169.92 0.0841248 367504 -0.000765452 0.580113
0.007375 412.898 0.228617 367504 0.00520563 3.07953
0.004245 2291.95 0.0549899 367503 -0.0480127 0.547572
0.001015 1341.37 0.165592 367504 0.0482544 0.938097
0.005795 2275.38 0.0402805 367503 -0.0948427 0.548907
0.002625 2072.94 0.0949736 367504 0.0103133 0.607376
0.000665 1198.81 0.178647 367503 0.050759 1.04965
0.001315 1483.5 0.152332 367504 0.0446308 0.848302
0.003255 2235.73 0.075166 367503 -0.0124713 0.562808
0.003895 2288.98 0.0609442 367503 -0.0363764 0.548888
0.006735 1207.38 0.136293 367508 -0.0730122 1.03735
0.001645 1645.62 0.136909 367504 0.0384214 0.764868
0.005165 2308.2 0.0436887 367504 -0.0743511 0.542128
0.003585 2274.06 0.0671882 367503 -0.0249401 0.552949
3.5e-05 1075.97 0.189692 367504 0.0493541 1.16961
0.004255 2291.94 0.054833 367503 -0.0483232 0.547557
0.007065 575.466 0.204259 367506 -0.0112737 2.19345
0.005175 2308.7 0.0436145 367503 -0.0746929 0.541992
0.001955 1793.34 0.122578 367504 0.0307181 0.701993
0.006105 2296.35 0.0364249 367504 -0.0866158 0.543702
0.004535 2291.42 0.0506904 367503 -0.0565087 0.547177
0.006425 2006.4 0.0639386 367504 -0.113611 0.62264
0.002275 1934.82 0.108653 367504 0.0214607 0.650743
0.007075 564.442 0.205709 367506 -0.00997833 2.23697
0.001655 1650.5 0.13644 367504 0.0381987 0.762612
0.000345 1109.6 0.186687 367504 0.0500302 1.13411
0.005505 2317.62 0.0417764 367503 -0.087598 0.539342
0.005805 2273.99 0.0402079 367503 -0.0948142 0.54923
0.007085 553.731 0.20711 367506 -0.00868361 2.28092
0.002635 2076.29 0.0946101 367503 0.00997795 0.606394
0.002955 2172.69 0.0838122 367503 -0.00112428 0.579365
0.000675 1202.34 0.178326 367503 0.0508531 1.04657
0.001325 1488.39 0.151872 367504 0.0444762 0.84552
0.003265 2237.25 0.0749015 367503 -0.0128556 0.562415
0.003905 2289.21 0.0607597 367503 -0.0367285 0.548816
0.007095 543.333 0.208461 367507 -0.00727635 2.32528
0.002285 1939.03 0.108238 367504 0.0211563 0.649333
0.007385 411.53 0.22889 367503 0.00516422 3.09017
0.001025 1345.9 0.165173 367504 0.0481666 0.93494
4.5e-05 1076.19 0.189672 367504 0.0493614 1.16937
0.006745 1180.9 0.138635 367508 -0.0709878 1.06077
0.005185 2309.2 0.0435415 367503 -0.0750316 0.541859
0.001965 1797.95 0.122127 367504 0.0304454 0.700196
0.004545 2291.54 0.0505515 367503 -0.0567872 0.547131
0.003595 2274.76 0.0669694 367503 -0.02531 0.552765
0.006435 1982.02 0.0661766 367504 -0.113154 0.630322
0.004265 2291.92 0.0546767 367503 -0.0486329 0.547543
0.006115 2298.43 0.0362133 367503 -0.086207 0.543213
0.005815 2272.67 0.0401332 367508 -0.0947898 0.549544
0.002645 2079.53 0.0942481 367504 0.00963135 0.605447
0.000685 1205.9 0.178003 367503 0.0509414 1.04347
0.003275 2238.75 0.0746385 367503 -0.0132401 0.562027
0.001335 1493.28 0.15141 367504 0.0443194 0.842753
0.003915 2289.43 0.0605762 367503 -0.0370794 0.548748
0.001665 1655.37 0.135971 367504 0.0379742 0.760372
0.005825 2272.69 0.0400559 367503 -0.0948034 0.54952
0.002655 2082.76 0.0938877 367504 0.00929 0.604508
0.000355 1111.61 0.186508 367504 0.0500527 1.13206
0.003925 2289.64 0.0603937 367503 -0.0374292 0.548682
0.005515 2317.57 0.0417327 367503 -0.0880517 0.539337
0.006125 2300.59 0.0359972 367504 -0.0855441 0.542708
0.007105 534.308 0.209761 367505 -0.00644991 2.36525
0.002965 2175.28 0.0835013 367504 -0.00149744 0.578672
5.5e-05 1076.46 0.189648 367504 0.0493706 1.16907
0.002295 1943.22 0.107824 367504 0.0208511 0.647934
0.005195 2309.68 0.0434699 367503 -0.0753731 0.541729
0.001975 1802.55 0.121676 367504 0.0301714 0.698413
0.007395 410.234 0.229144 367503 0.00511262 3.10032
0.004555 2291.65 0.0504132 367503 -0.0570648 0.547086
0.001035 1350.45 0.164752 367504 0.0480763 0.931792
0.005525 2317.47 0.0416892 367499 -0.0884906 0.539337
0.006135 2302.6 0.0357932 367473 -0.0945518 0.542193
0.006445 1957.5 0.0684269 367504 -0.112719 0.638244
0.006755 1154.43 0.140972 367509 -0.0686795 1.08527
0.003605 2275.45 0.0667518 367503 -0.025681 0.552586
0.000695 1209.51 0.177675 367503 0.0510185 1.04036
0.003285 2240.24 0.074377 367503 -0.0136246 0.561644
0.001345 1498.18 0.150949 367504 0.0441606 0.840001
0.004275 2291.9 0.0545211 367503 -0.0489414 0.547531
0.005835 2272.77 0.039976 367503 -0.0947941 0.549489
0.002665 2085.96 0.0935289 367504 0.00894955 0.603576
0.003935 2289.83 0.0602121 367503 -0.0377779 0.548619
0.001045 1355.02 0.164329 367504 0.0479836 0.928653
0.005535 2316.02 0.0416457 367503 -0.0889177 0.539666
0.001675 1660.24 0.135502 367504 0.0377479 0.758147
0.007115 525.603 0.21101 367505 -0.00539521 2.40514
0.000365 1113.67 0.186323 367504 0.0500743 1.12996
6.5e-05 1076.79 0.189618 367504 0.0493817 1.16871
0.005205 2310.16 0.0433995 367503 -0.075718 0.5416
0.001985 1807.14 0.121227 367504 0.0298964 0.696642
0.004565 2291.77 0.0502756 367503 -0.0573417 0.547041
0.002975 2177.84 0.0831919 367504 -0.00186551 0.577986
0.002305 1947.4 0.107411 367504 0.0205454 0.646545
0.007405 409.003 0.229382 367503 0.00504396 3.11002
0.006455 1932.83 0.0706896 367504 -0.112268 0.646418
0.003295 2241.72 0.0741169 367503 -0.0140092 0.561265
0.000705 1213.15 0.177344 367503 0.0510792 1.03724
0.001355 1503.08 0.150486 367504 0.0439998 0.837266
0.006145 2294.73 0.0365259 367504 -0.103461 0.5441
0.005845 2272.89 0.0398935 367503 -0.0947681 0.549449
0.002675 2089.16 0.0931716 367504 0.00860929 0.602651
0.006465 1908.01 0.0729647 367504 -0.111766 0.654856
0.003945 2290.02 0.0600314 367503 -0.0381254 0.548558
0.006765 1128 0.143302 367514 -0.0660889 1.11089
0.003615 2276.12 0.0665354 367503 -0.0260538 0.552409
0.004285 2291.87 0.0543661 367503 -0.0492487 0.54752
0.007125 517.208 0.212208 367505 -0.0044033 2.4449
7.5e-05 1077.18 0.189584 367504 0.0493944 1.16828
0.001055 1359.61 0.163904 367504 0.0478884 0.925522
0.005215 2310.62 0.0433304 367503 -0.0760662 0.541475
0.001995 1811.72 0.120778 367504 0.0296201 0.694886
0.006155 2286.73 0.0372695 367504 -0.102668 0.546007
0.004575 2291.88 0.0501386 367503 -0.0576178 0.546997
0.005545 2314.51 0.0416022 367503 -0.0893118 0.54
0.001685 1665.1 0.135034 367504 0.0375198 0.755938
0.000375 1115.78 0.186134 367504 0.0500951 1.12782
0.003305 2243.17 0.0738583 367503 -0.0143939 0.560891
0.000715 1216.83 0.17701 367503 0.0511188 1.0341
0.001365 1507.99 0.150023 367504 0.0438369 0.834545
0.002985 2180.38 0.0828841 367504 -0.00223397 0.577305
0.002315 1951.56 0.107 367504 0.020239 0.645166
0.005855 2273.04 0.0398084 367503 -0.0947266 0.549401
0.002685 2092.34 0.0928158 367504 0.00826919 0.601732
0.007415 407.832 0.229604 367503 0.00496081 3.11931
0.006475 1883.04 0.0752516 367504 -0.111184 0.663569
0.003955 2290.19 0.0598516 367503 -0.0384717 0.5485
0.007135 509.115 0.213356 367505 -0.00346188 2.48449
8.5e-05 1077.63 0.189544 367504 0.0494088 1.1678
0.005225 2311.07 0.0432626 367503 -0.0764177 0.541352
0.006775 1104.78 0.145675 367508 -0.0650602 1.1344
0.002005 1816.28 0.12033 367504 0.0293427 0.693142
0.002325 1955.71 0.10659 367504 0.0199321 0.643797
0.003625 2276.78 0.0663202 367503 -0.0264283 0.552236
0.004585 2291.99 0.0500024 367503 -0.0578931 0.546953
0.007425 406.716 0.229812 367504 0.00486449 3.12821
0.004295 2291.83 0.0542117 367503 -0.0495546 0.547511
0.001065 1364.21 0.163477 367504 0.047791 0.922401
0.006165 2278.78 0.0380107 367504 -0.102381 0.547915
0.003315 2244.62 0.0736012 367503 -0.0147788 0.560521
0.000725 1220.54 0.176672 367503 0.0511339 1.03095
0.001375 1512.9 0.149559 367504 0.0436719 0.831841
0.005555 2312.99 0.0415585 367503 -0.089699 0.540338
0.001695 1669.96 0.134566 367504 0.0372898 0.753745
0.000385 1117.95 0.185939 367504 0.050115 1.12563
0.005865 2273.24 0.0397205 367503 -0.0946699 0.549343
0.002695 2095.5 0.0924617 367504 0.00792917 0.600821
0.006485 1857.94 0.0775495 367505 -0.110502 0.672568
0.002995 2182.91 0.082578 367504 -0.00260356 0.57663
0.003965 2290.35 0.0596727 367503 -0.038817 0.548444
0.007145 501.314 0.214455 367505 -0.00254838 2.52388
9.5e-05 1078.13 0.189499 367504 0.0494247 1.16725
0.005235 2311.52 0.043196 367503 -0.0767723 0.541231
0.002015 1820.84 0.119883 367504 0.0290642 0.691412
0.004595 2292.09 0.0498668 367503 -0.0581678 0.54691
0.006785 1081.68 0.148035 367508 -0.0630599 1.15883
0.002335 1959.85 0.106182 367504 0.0196247 0.642439
0.003635 2277.42 0.0661063 367503 -0.0268041 0.552067
0.003325 2246.04 0.0733455 367503 -0.015164 0.560155
0.004605 2292.2 0.049732 367503 -0.0584418 0.546867
0.000735 1224.29 0.176331 367503 0.0511222 1.02779
0.007435 405.812 0.230005 367503 0.00475014 3.13549
0.001385 1517.81 0.149094 367504 0.0435049 0.829152
0.004305 2291.79 0.054058 367503 -0.0498592 0.547502
0.001075 1368.83 0.163049 367504 0.0476912 0.91929
0.006175 2270.87 0.0387506 367503 -0.102165 0.549827
0.005875 2273.48 0.0396297 367503 -0.0945985 0.549276
0.002705 2098.65 0.092109 367504 0.00758916 0.599916
0.006495 1832.71 0.0798573 367505 -0.109711 0.681862
0.005565 2311.46 0.0415148 367503 -0.0900771 0.540681
0.003975 2290.5 0.0594947 367503 -0.0391611 0.548391
0.001705 1674.8 0.134098 367504 0.037058 0.751567
0.007155 493.797 0.215505 367505 -0.00167576 2.56303
0.000105 1078.69 0.189449 367504 0.0494421 1.16665
0.000395 1120.17 0.18574 367504 0.050134 1.12339
0.005245 2311.94 0.0431306 367503 -0.0771302 0.541114
0.002025 1825.38 0.119437 367504 0.0287846 0.689695
0.003005 2185.43 0.0822734 367504 -0.00297433 0.57596
0.003335 2247.45 0.0730913 367503 -0.0155494 0.559794
0.004615 2292.31 0.0495978 367503 -0.0587152 0.546824
0.000745 1228.08 0.175986 367503 0.0510827 1.02463
0.006795 1058.67 0.150382 367508 -0.0610733 1.18422
0.001395 1522.73 0.148629 367504 0.0433358 0.826479
0.002345 1963.98 0.105774 367504 0.0193166 0.64109
0.003645 2278.05 0.0658936 367503 -0.0271811 0.551901
0.005885 2273.76 0.0395361 367503 -0.0945125 0.549199
0.000405 1122.45 0.185536 367504 0.0501521 1.12111
0.007445 404.954 0.230185 367503 0.00462881 3.14244
0.003015 2187.92 0.0819704 367504 -0.0033464 0.575297
0.002715 2101.79 0.091758 367504 0.00724911 0.599018
0.006505 1807.36 0.0821737 367505 -0.108808 0.691462
0.004315 2291.75 0.0539048 367503 -0.0501624 0.547495
0.001085 1373.47 0.162619 367504 0.0475892 0.91619
0.003985 2290.65 0.0593176 367503 -0.0395041 0.548341
0.006185 2263 0.0394902 367503 -0.10201 0.551743
0.007165 487.32 0.216506 367504 -0.000851205 2.59781
0.000115 1079.31 0.189394 367504 0.0494607 1.16598
0.005255 2312.36 0.0430665 367503 -0.0774912 0.540999
0.002035 1829.91 0.118993 367504 0.0285039 0.68799
0.005575 2309.9 0.0414708 367503 -0.0904456 0.541027
0.003345 2248.84 0.0728385 367503 -0.015935 0.559438
0.007175 481.121 0.21746 367504 -0.000336413 2.63202
0.001715 1679.65 0.133631 367504 0.0368244 0.749405
0.004625 2292.41 0.0494644 367503 -0.058988 0.546782
0.000755 1231.9 0.175638 367503 0.0510161 1.02145
0.001405 1527.65 0.148164 367504 0.0431646 0.823822
0.006805 1035.76 0.152714 367509 -0.0590618 1.21063
0.002355 1968.09 0.105369 367504 0.0190081 0.639752
0.005895 2274.09 0.0394394 367503 -0.0944125 0.549111
0.004635 2292.51 0.0493317 367503 -0.0592602 0.54674
0.003655 2278.66 0.0656821 367503 -0.0275587 0.551738
0.000415 1124.78 0.185327 367504 0.0501692 1.11879
0.007455 404.139 0.230353 367503 0.0044959 3.14906
0.002365 1972.19 0.104964 367504 0.018699 0.638423
0.003025 2190.4 0.081669 367504 -0.00371908 0.574639
0.002725 2104.91 0.0914086 367504 0.00690893 0.598127
0.006515 1781.91 0.0844978 367505 -0.107799 0.701378
0.004325 2291.7 0.0537523 367503 -0.0504642 0.54749
0.001095 1378.12 0.162187 367504 0.047485 0.913099
0.003995 2290.78 0.0591413 367503 -0.039846 0.548292
0.006195 2255.16 0.0402301 367503 -0.101886 0.553667
0.000125 1079.99 0.189334 367504 0.0494806 1.16525
0.005265 2312.77 0.0430035 367503 -0.0778553 0.540887
0.002045 1834.43 0.118549 367504 0.0282221 0.686299
0.005585 2308.34 0.0414265 367503 -0.0908039 0.541378
0.004335 2291.64 0.0536004 367503 -0.0507646 0.547485
0.003355 2250.21 0.0725872 367503 -0.0163209 0.559085
0.004005 2290.9 0.0589659 367503 -0.0401867 0.548246
0.007185 475.186 0.218367 367504 0.000392632 2.66561
0.001725 1684.48 0.133164 367504 0.0365891 0.747258
0.000765 1235.75 0.175287 367503 0.0509244 1.01826
0.001415 1532.57 0.147698 367504 0.0429914 0.82118
0.006815 1012.96 0.155032 367509 -0.0570355 1.23811
0.005905 2274.46 0.0393397 367503 -0.0942984 0.549012
0.004645 2292.61 0.0491997 367503 -0.0595318 0.546698
0.003665 2279.26 0.0654718 367503 -0.0279367 0.551579
0.000425 1127.16 0.185113 367504 0.0501852 1.11642
0.007465 403.361 0.230509 367503 0.00435397 3.15541
0.002375 1976.27 0.104562 367504 0.0183893 0.637104
0.003035 2192.86 0.0813691 367503 -0.00408749 0.573987
0.002735 2108.02 0.0910607 367504 0.00656856 0.597242
0.006525 1756.36 0.0868284 367505 -0.106693 0.711621
0.001105 1382.79 0.161753 367504 0.0473786 0.91002
0.006205 2247.34 0.0409704 367503 -0.101762 0.555597
0.000135 1080.72 0.189269 367504 0.0495015 1.16445
0.005275 2313.16 0.0429417 367503 -0.0782226 0.540779
0.002055 1838.94 0.118106 367504 0.0279393 0.684621
0.005595 2306.76 0.0413819 367503 -0.0911514 0.541732
0.004345 2291.58 0.0534491 367503 -0.0510636 0.547482
0.003365 2251.57 0.0723373 367503 -0.016707 0.558738
0.004015 2291.01 0.0587914 367503 -0.0405263 0.548203
0.007195 469.505 0.219229 367504 0.00100093 2.69857
0.005285 2313.54 0.0428811 367503 -0.0785928 0.540673
0.001735 1689.31 0.132697 367504 0.0363519 0.745127
0.000775 1239.64 0.174933 367503 0.0508108 1.01507
0.001425 1537.49 0.147231 367504 0.042816 0.818555
0.006825 990.28 0.157334 367509 -0.0549698 1.26672
0.005915 2274.88 0.039237 367503 -0.0941703 0.548901
0.005295 2313.9 0.0428216 367503 -0.0789661 0.540571
0.004655 2292.71 0.0490685 367503 -0.0598028 0.546657
0.003675 2279.85 0.0652627 367503 -0.0283146 0.551423
0.000435 1129.59 0.184894 367504 0.0502002 1.11401
0.007475 402.618 0.230654 367504 0.00420221 3.16149
0.002385 1980.34 0.10416 367504 0.0180791 0.635795
0.003045 2195.11 0.0810709 367504 -0.00446955 0.573393
0.005305 2314.25 0.0427632 367503 -0.0793424 0.540472
0.002745 2111.11 0.0907144 367504 0.00622792 0.596363
0.006535 1730.74 0.0891645 367505 -0.105502 0.722202
0.001115 1387.47 0.161318 367504 0.0472699 0.906951
0.006215 2239.56 0.041711 367503 -0.101608 0.557534
0.007485 402.041 0.230788 367503 0.00403952 3.16626
0.000145 1081.51 0.189198 367504 0.0495235 1.1636
0.002065 1843.43 0.117664 367504 0.0276554 0.682955
0.005605 2305.17 0.0413368 367503 -0.0914874 0.542089
0.004355 2291.51 0.0532984 367503 -0.0513611 0.547479
0.003375 2252.91 0.0720888 367503 -0.0170928 0.558394
0.004025 2291.11 0.0586177 367503 -0.0408647 0.548161
0.007205 464.065 0.220047 367504 0.00157307 2.73091
0.001745 1694.13 0.132231 367504 0.036113 0.743011
0.000785 1243.56 0.174575 367503 0.0506793 1.01187
0.001435 1542.42 0.146764 367504 0.0426385 0.815946
0.006835 967.714 0.15962 367509 -0.0529093 1.29652
0.005925 2275.36 0.039131 367503 -0.0940275 0.548779
0.004665 2292.81 0.048938 367503 -0.0600733 0.546616
0.001755 1698.95 0.131765 367504 0.0358723 0.74091
0.003685 2280.42 0.0650548 367503 -0.0286923 0.55127
0.000445 1132.08 0.184671 367504 0.0502139 1.11156
0.002395 1984.4 0.10376 367504 0.0177683 0.634496
0.003055 2197.34 0.0807742 367504 -0.00484591 0.572805
0.005315 2314.58 0.0427059 367503 -0.0797217 0.540377
0.002755 2114.19 0.0903697 367504 0.00588692 0.595492
0.006545 1705.04 0.0915053 367505 -0.104241 0.733135
0.001125 1392.16 0.160881 367504 0.0471591 0.903895
0.006225 2231.81 0.0424513 367504 -0.101396 0.559476
0.007495 401.493 0.230913 367503 0.00387284 3.17081
0.000155 1082.36 0.189122 367504 0.0495464 1.16268
0.002075 1847.91 0.117224 367504 0.0273704 0.681302
0.005615 2303.57 0.0412912 367503 -0.0918112 0.542449
0.004365 2291.44 0.0531483 367503 -0.0516571 0.547478
0.001135 1396.87 0.160443 367504 0.047046 0.900849
0.003385 2254.23 0.0718418 367503 -0.0174722 0.558055
0.004035 2291.2 0.0584448 367503 -0.0412019 0.548122
0.007215 458.855 0.220822 367505 0.002132 2.76262
0.000795 1247.51 0.174215 367503 0.0505347 1.00866
0.001445 1547.35 0.146296 367504 0.0424588 0.813352
0.006845 945.271 0.161888 367509 -0.0508489 1.32757
0.005935 2275.88 0.0390218 367503 -0.0938691 0.548645
0.004675 2292.91 0.0488083 367503 -0.0603433 0.546575
0.001765 1703.75 0.1313 367504 0.0356298 0.738825
0.003695 2280.98 0.0648481 367503 -0.0290693 0.551121
0.000455 1134.62 0.184443 367504 0.0502262 1.10908
0.002405 1988.44 0.103362 367504 0.0174569 0.633206
0.003065 2199.55 0.0804791 367504 -0.00522213 0.572222
0.005325 2314.9 0.0426497 367503 -0.0801041 0.540285
0.002765 2117.25 0.0900266 367504 0.0055455 0.594626
0.006555 1679.28 0.0938502 367505 -0.102921 0.744436
0.003705 2281.52 0.0646425 367503 -0.0294456 0.550976
0.006235 2224.1 0.0431905 367504 -0.101105 0.561421
0.007505 400.971 0.231028 367503 0.00369805 3.17516
0.003075 2201.75 0.0801856 367504 -0.00559893 0.571644
0.000165 1083.27 0.189041 367504 0.0495701 1.1617
0.002085 1852.38 0.116784 367504 0.0270844 0.679661
0.005625 2301.97 0.0412449 367503 -0.0921222 0.542811
0.004375 2291.37 0.0529989 367503 -0.0519517 0.547478
0.001145 1401.6 0.160003 367504 0.0469307 0.897816
0.003395 2255.38 0.0715961 367503 -0.017864 0.557762
0.004045 2291.29 0.0582727 367503 -0.0415379 0.548085
0.007225 454.382 0.221556 367504 0.00253512 2.7905
0.000805 1251.49 0.173851 367503 0.0503819 1.00545
0.001455 1552.27 0.145829 367504 0.042277 0.810775
0.006855 922.957 0.164137 367510 -0.0487703 1.35996
0.004385 2291.29 0.05285 367503 -0.0522447 0.547479
0.005945 2276.47 0.0389092 367503 -0.0936935 0.548498
0.004685 2293.01 0.0486794 367503 -0.0606127 0.546534
0.001775 1708.55 0.130835 367504 0.0353857 0.736755
0.000465 1137.21 0.18421 367504 0.0502369 1.10655
0.002415 1992.47 0.102964 367504 0.0171448 0.631925
0.005335 2315.21 0.0425945 367503 -0.0804894 0.540196
0.002775 2120.31 0.0896851 367504 0.00520357 0.593767
0.006565 1653.45 0.0961987 367505 -0.101552 0.756119
0.003715 2282.05 0.064438 367503 -0.0298209 0.550833
0.001785 1713.34 0.130371 367504 0.0351398 0.734699
0.006245 2216.45 0.0439275 367504 -0.100717 0.563365
0.007515 400.472 0.231134 367503 0.00351824 3.17931
0.003085 2203.92 0.0798936 367504 -0.00597637 0.571072
0.000175 1084.24 0.188954 367504 0.0495945 1.16066
0.005345 2315.5 0.0425402 367503 -0.0808779 0.540112
0.002095 1856.84 0.116345 367504 0.0267973 0.678033
0.005635 2300.35 0.041198 367503 -0.0924195 0.543176
0.001155 1406.33 0.159561 367504 0.0468131 0.894795
0.003405 2256.5 0.0713519 367503 -0.0182486 0.557472
0.004055 2291.36 0.0581015 367503 -0.0418727 0.54805
0.007235 450.123 0.22225 367504 0.00295655 2.81757
0.000815 1255.51 0.173484 367503 0.0502255 1.00224
0.001465 1557.2 0.14536 367504 0.042093 0.808214
0.006865 900.778 0.166366 367510 -0.0464586 1.39375
0.004395 2291.2 0.0527017 367503 -0.0525363 0.54748
0.005955 2277.1 0.0387931 367503 -0.0934981 0.548338
0.004695 2293.1 0.0485513 367503 -0.0608816 0.546494
0.000475 1139.84 0.183973 367504 0.0502456 1.10399
0.002425 1996.49 0.102569 367504 0.016832 0.630654
0.001475 1562.13 0.144892 367504 0.0419069 0.805669
0.002785 2123.34 0.0893452 367504 0.00486106 0.592914
0.006575 1627.56 0.0985502 367505 -0.100143 0.768203
0.003725 2282.57 0.0642347 367503 -0.0301953 0.550694
0.001795 1718.12 0.129907 367504 0.0348922 0.732659
0.006255 2208.87 0.0446609 367504 -0.100226 0.565306
0.007525 399.995 0.231232 367504 0.00333029 3.18329
0.000185 1085.27 0.188863 367504 0.0496195 1.15957
0.001485 1567.06 0.144423 367504 0.0417186 0.80314
0.003095 2206.09 0.0796032 367504 -0.00635453 0.570505
0.006585 1601.62 0.100904 367505 -0.098698 0.780707
0.005355 2315.77 0.042487 367503 -0.0812695 0.540031
0.002105 1861.28 0.115908 367504 0.0265092 0.676417
0.007535 399.652 0.231322 367503 0.00313578 3.18619
0.005645 2298.74 0.0411503 367503 -0.0927025 0.543543
0.001165 1411.08 0.159119 367504 0.0466933 0.891787
0.003415 2257.61 0.0711091 367503 -0.0186318 0.557187
0.004065 2291.42 0.057931 367503 -0.0422063 0.548018
0.007245 446.068 0.222906 367504 0.00333481 2.84384
0.000825 1259.55 0.173115 367503 0.05007 0.999023
0.006875 878.765 0.168575 367513 -0.0436033 1.42899
0.004405 2291.12 0.0525541 367503 -0.0528263 0.547483
0.005965 2277.8 0.0386734 367503 -0.0932796 0.548163
0.004705 2293.2 0.048424 367503 -0.0611499 0.546454
0.003425 2258.71 0.0708676 367503 -0.0190139 0.556906
0.000485 1142.53 0.183731 367504 0.0502522 1.10139
0.002435 2000.49 0.102175 367504 0.0165184 0.629393
0.002795 2126.36 0.0890068 367504 0.00451788 0.592068
0.003735 2283.07 0.0640326 367503 -0.0305685 0.550558
0.001805 1722.89 0.129444 367504 0.0346429 0.730634
0.003435 2259.79 0.0706276 367503 -0.0193948 0.556628
0.006265 2201.37 0.0453896 367504 -0.0996294 0.567239
0.000195 1086.36 0.188766 367504 0.0496449 1.1584
0.001495 1571.98 0.143954 367504 0.0415281 0.800627
0.003105 2208.23 0.0793144 367504 -0.00673351 0.569943
0.006595 1575.63 0.103261 367506 -0.0972216 0.793653
0.005365 2316.03 0.0424346 367503 -0.0816643 0.539954
0.002115 1865.71 0.115472 367504 0.02622 0.674813
0.007545 399.327 0.231404 367503 0.00294012 3.18895
0.005655 2297.12 0.0411018 367503 -0.0929705 0.54391
0.001175 1415.84 0.158674 367504 0.0465713 0.888791
0.004075 2291.48 0.0577613 367503 -0.0425386 0.547987
0.007255 442.203 0.223524 367504 0.00367754 2.86934
0.000835 1263.62 0.172742 367503 0.0499188 0.995802
0.006885 859.39 0.170761 367509 -0.0425069 1.46153
0.004415 2291.03 0.052407 367503 -0.0531147 0.547486
0.005975 2278.56 0.0385499 367503 -0.0930336 0.547975
0.004715 2293.29 0.0482975 367503 -0.0614177 0.546414
0.000495 1145.27 0.183484 367504 0.0502564 1.09875
0.002445 2004.48 0.101782 367504 0.016204 0.62814
0.002805 2129.37 0.0886701 367504 0.00417396 0.591228
0.004425 2290.94 0.0522605 367503 -0.0534016 0.54749
0.003745 2283.56 0.0638315 367503 -0.0309407 0.550426
0.001815 1727.66 0.128982 367504 0.0343919 0.728623
0.003445 2260.85 0.0703889 367503 -0.0197743 0.556355
0.006275 2193.97 0.0461122 367504 -0.0989339 0.56916
0.000205 1087.5 0.188664 367504 0.0496708 1.15718
0.001505 1576.91 0.143485 367504 0.0413354 0.798131
0.003115 2210.36 0.0790271 367504 -0.0071127 0.569387
0.006605 1549.58 0.10562 367506 -0.0957148 0.807063
0.005375 2316.27 0.0423832 367503 -0.0820625 0.539881
0.002125 1870.13 0.115036 367504 0.0259298 0.673222
0.007555 399.017 0.231479 367503 0.00273845 3.19157
0.005665 2295.5 0.0410523 367503 -0.0932227 0.544279
0.001185 1420.61 0.158229 367504 0.046447 0.885809
0.004085 2291.52 0.0575924 367503 -0.0428697 0.547959
0.007265 438.519 0.224108 367504 0.00400006 2.89408
0.000845 1267.73 0.172367 367503 0.0497749 0.99258
0.006895 840.237 0.17292 367509 -0.0405313 1.4952
0.005985 2279.39 0.0384223 367503 -0.0927552 0.54777
0.004725 2293.39 0.0481718 367503 -0.0616849 0.546374
0.000505 1148.06 0.183234 367504 0.0502581 1.09608
0.002455 2008.45 0.101391 367504 0.0158887 0.626897
0.002815 2132.36 0.088335 367504 0.0038292 0.590394
0.004435 2290.84 0.0521147 367503 -0.0536869 0.547495
0.003755 2284.03 0.0636316 367503 -0.0313117 0.550296
0.001825 1732.41 0.12852 367504 0.0341393 0.726628
0.003455 2261.9 0.0701516 367503 -0.0201522 0.556086
0.006285 2186.68 0.0468275 367504 -0.0981538 0.571066
0.002465 2012.42 0.101001 367504 0.0155724 0.625663
0.000215 1088.7 0.188557 367504 0.0496971 1.1559
0.001515 1581.83 0.143016 367504 0.0411405 0.79565
0.003125 2212.47 0.0787414 367503 -0.00748697 0.568836
0.006615 1523.49 0.10798 367506 -0.0941781 0.820961
0.005385 2316.49 0.0423326 367503 -0.0824641 0.539812
0.002135 1874.53 0.114602 367504 0.0256385 0.671643
0.007565 398.721 0.231547 367503 0.00253533 3.19407
0.005675 2293.88 0.0410017 367503 -0.0934586 0.544648
0.001195 1425.4 0.157782 367504 0.0463205 0.882839
0.004095 2291.56 0.0574243 367503 -0.0431995 0.547932
0.007275 435.399 0.224657 367504 0.00423173 2.91542
0.005395 2316.69 0.0422829 367503 -0.0828692 0.539747
0.000855 1271.86 0.171988 367504 0.0496401 0.989356
0.006905 821.299 0.175051 367509 -0.0385841 1.53004
0.005995 2280.29 0.0382903 367503 -0.0924388 0.54755
0.004735 2293.48 0.048047 367503 -0.0619515 0.546335
0.000515 1150.89 0.182978 367504 0.0502573 1.09338
0.002825 2135.34 0.0880015 367504 0.00348353 0.589566
0.004445 2290.74 0.0519694 367503 -0.0539707 0.547501
0.003765 2284.49 0.0634328 367503 -0.0316815 0.55017
0.001835 1737.16 0.128058 367504 0.0338851 0.724647
0.003465 2262.93 0.0699157 367503 -0.0205283 0.55582
0.006295 2179.52 0.0475346 367504 -0.0973098 0.572954
0.002475 2016.36 0.100613 367504 0.015255 0.624438
0.000225 1089.96 0.188444 367504 0.0497235 1.15456
0.001525 1586.76 0.142546 367504 0.0409436 0.793186
0.003135 2214.39 0.0784572 367503 -0.00787437 0.568336
0.006625 1497.34 0.110342 367506 -0.0926107 0.835373
0.003475 2263.95 0.0696811 367503 -0.0209025 0.555558
0.002145 1878.93 0.114169 367504 0.0253462 0.670075
0.006305 2172.48 0.0482327 367504 -0.096429 0.574821
0.007575 398.438 0.231608 367503 0.00232397 3.19646
0.005685 2292.26 0.0409501 367503 -0.0936775 0.545017
0.001205 1430.19 0.157334 367504 0.0461917 0.879883
0.004105 2291.59 0.057257 367503 -0.0435281 0.547908
0.007285 432.444 0.225174 367504 0.00446077 2.93594
0.005405 2316.88 0.0422339 367503 -0.0832781 0.539686
0.000865 1276.01 0.171607 367504 0.0495155 0.986132
0.006915 802.581 0.177153 367509 -0.0366349 1.56611
0.006005 2281.26 0.0381535 367503 -0.092079 0.547311
0.004745 2293.57 0.0479231 367503 -0.0622177 0.546295
0.000525 1153.77 0.182718 367504 0.0502545 1.09065
0.002835 2138.31 0.0876695 367504 0.00313687 0.588744
0.004455 2290.64 0.0518248 367503 -0.0542505 0.547507
0.003775 2284.94 0.0632351 367503 -0.0320502 0.550047
0.001845 1741.9 0.127598 367504 0.0336293 0.72268
0.002485 2020.3 0.100226 367504 0.0149365 0.623222
0.000235 1091.28 0.188326 367504 0.0497501 1.15317
0.001535 1591.68 0.142076 367504 0.0407444 0.790738
0.003145 2216.29 0.0781745 367503 -0.00825588 0.567841
0.006635 1471.15 0.112705 367506 -0.0910118 0.850327
0.003485 2264.95 0.0694478 367503 -0.0212747 0.5553
0.002155 1883.3 0.113738 367504 0.0250529 0.66852
0.006315 2165.58 0.0489214 367504 -0.0955432 0.576666
0.007585 398.27 0.231663 367503 0.00210896 3.19792
0.005695 2290.65 0.0408972 367503 -0.0938788 0.545385
0.001215 1435 0.156885 367504 0.0460607 0.876941
0.004115 2291.61 0.0570904 367503 -0.0438552 0.547886
0.003495 2265.94 0.0692159 367503 -0.0216449 0.555046
0.007295 429.642 0.225661 367504 0.00465605 2.95566
0.005415 2317.05 0.0421856 367503 -0.0836908 0.53963
0.000875 1280.2 0.171224 367504 0.0494012 0.982908
0.006925 784.089 0.179224 367509 -0.0346974 1.60345
0.006015 2282.32 0.0380115 367504 -0.0916712 0.547054
0.004755 2293.67 0.0478 367503 -0.0624832 0.546256
0.000535 1156.7 0.182454 367504 0.0502503 1.08789
0.002845 2141.26 0.0873392 367504 0.00278912 0.587929
0.004465 2290.54 0.051681 367504 -0.054527 0.547514
0.003785 2285.38 0.0630385 367503 -0.0324177 0.549927
0.001855 1746.62 0.127138 367504 0.0333719 0.720728
0.002495 2024.21 0.0998408 367504 0.0146168 0.622015
0.000245 1092.66 0.188203 367504 0.0497767 1.15171
0.002855 2144.19 0.0870105 367504 0.00244022 0.58712
0.001545 1596.6 0.141606 367504 0.0405432 0.788306
0.003155 2218.17 0.0778934 367503 -0.00863705 0.567351
0.006645 1444.92 0.115068 367506 -0.0893799 0.865852
0.002165 1887.67 0.113307 367504 0.0247585 0.666976
0.006325 2158.82 0.0496007 367504 -0.0946872 0.578488
0.007595 398.112 0.231712 367503 0.00189647 3.19929
0.005705 2289.05 0.040843 367503 -0.0940621 0.545752
0.001225 1439.81 0.156434 367504 0.0459275 0.874012
0.004125 2291.62 0.0569246 367503 -0.0441809 0.547865
0.003505 2266.91 0.0689854 367503 -0.0220132 0.554795
0.007305 426.983 0.226118 367504 0.00481997 2.97462
0.005425 2317.2 0.042138 367503 -0.0841076 0.539578
0.000885 1284.41 0.170837 367504 0.0492968 0.979684
0.006935 765.827 0.181265 367509 -0.0327767 1.64211
0.006025 2283.46 0.0378637 367504 -0.0912128 0.546776
0.004765 2293.76 0.0476778 367503 -0.0627482 0.546217
0.000545 1159.68 0.182186 367504 0.0502458 1.08509
0.004475 2290.67 0.0515376 367503 -0.0548193 0.547464
0.003795 2285.8 0.0628429 367504 -0.032784 0.54981
0.001865 1751.34 0.126678 367504 0.033113 0.718791
0.006945 747.798 0.183272 367509 -0.0307925 1.68215
0.002505 2028.12 0.0994571 367504 0.0142958 0.620817
0.000255 1094.1 0.188075 367504 0.0498034 1.1502
0.002865 2147.11 0.0866835 367504 0.00209006 0.586317
0.001555 1601.52 0.141137 367504 0.04034 0.78589
0.003165 2220.04 0.0776138 367503 -0.00901855 0.566865
0.006655 1418.65 0.117432 367506 -0.0877137 0.881982
0.002175 1892.02 0.112878 367504 0.0244632 0.665444
0.006335 2152.18 0.0502711 367504 -0.0938972 0.580289
0.007605 397.963 0.231755 367503 0.00167873 3.20057
0.005715 2287.45 0.0407874 367503 -0.0942269 0.546117
0.001235 1444.63 0.155982 367504 0.0457921 0.871097
0.004135 2291.63 0.0567597 367504 -0.0444991 0.547846
0.003515 2267.87 0.0687562 367503 -0.0223798 0.554548
0.002185 1896.36 0.11245 367504 0.0241669 0.663923
0.007315 424.457 0.226547 367504 0.00495438 2.99287
0.005435 2317.32 0.0420911 367503 -0.0845284 0.539531
0.000895 1288.65 0.170448 367504 0.0492013 0.976462
0.004145 2291.69 0.0565953 367503 -0.0448315 0.547813
0.006035 2284.7 0.0377097 367504 -0.0907038 0.546477
0.004775 2293.85 0.0475566 367503 -0.0630127 0.546178
0.004155 2291.75 0.0564316 367503 -0.0451546 0.547781
0.000555 1162.7 0.181913 367504 0.0502424 1.08227
0.006045 2286.04 0.0375488 367504 -0.090148 0.546154
0.004785 2293.94 0.0474362 367503 -0.0632767 0.546139
0.003805 2286.21 0.0626484 367504 -0.0331492 0.549696
0.002195 1900.69 0.112023 367504 0.0238696 0.662414
0.001875 1756.05 0.12622 367504 0.0328526 0.716868
0.003815 2286.61 0.062455 367504 -0.0335132 0.549585
0.006955 730.007 0.185246 367509 -0.0289432 1.7236
0.002205 1905 0.111597 367504 0.0235715 0.660916
0.002515 2032.01 0.0990749 367504 0.0139733 0.619627
0.003825 2286.99 0.0622626 367504 -0.0338754 0.549477
0.001885 1760.75 0.125762 367504 0.0325906 0.71496
0.002215 1909.3 0.111173 367504 0.0232724 0.65943
0.006965 712.473 0.187185 367511 -0.0262679 1.76651
0.003835 2287.36 0.0620712 367503 -0.0342296 0.549372
0.000265 1095.59 0.187941 367504 0.0498299 1.14863
0.002525 2035.88 0.0986943 367504 0.0136494 0.618447
0.001895 1765.43 0.125305 367504 0.0323272 0.713065
0.002875 2150.02 0.086358 367504 0.00173857 0.58552
0.007325 422.054 0.22695 367504 0.00506676 3.01043
0.001905 1770.11 0.124848 367504 0.0320624 0.711185
0.001565 1606.43 0.140667 367504 0.0401346 0.78349
0.003175 2221.88 0.0773358 367503 -0.00940042 0.566385
0.001915 1774.78 0.124393 367504 0.0317962 0.709319
0.006665 1392.34 0.119796 367506 -0.086012 0.898748
0.006345 2145.65 0.0509335 367504 -0.0932069 0.582069
0.007615 397.823 0.231792 367503 0.00146602 3.20178
0.006675 1365.99 0.122159 367507 -0.0842734 0.916188
0.005725 2285.87 0.0407303 367503 -0.0943727 0.546481
0.006355 2139.24 0.0515892 367504 -0.0926787 0.583833
0.001245 1449.46 0.15553 367504 0.0456544 0.868197
0.007625 397.69 0.231823 367503 0.001238 3.20291
0.006685 1339.61 0.124521 367507 -0.0824969 0.93434
0.000905 1292.92 0.170056 367504 0.0491132 0.973241
0.006365 2132.9 0.0522399 367504 -0.0916799 0.585587
0.005735 2284.31 0.0406716 367503 -0.0944993 0.546841
0.000565 1165.77 0.181637 367504 0.0502421 1.07942
0.007635 397.661 0.231849 367503 0.00100971 3.20319
0.006695 1313.2 0.126881 367507 -0.0806815 0.953246
0.001255 1454.3 0.155076 367504 0.0455146 0.86531
0.004795 2294.03 0.0473168 367503 -0.0635402 0.5461
0.000915 1297.21 0.169662 367504 0.049031 0.970023
0.006375 2126.32 0.0529078 367454 -0.104644 0.587339
0.005745 2282.76 0.0406112 367503 -0.0946063 0.547197
0.007645 397.639 0.23187 367503 0.000791416 3.20342
0.000575 1168.88 0.181356 367504 0.050247 1.07655
0.006705 1286.77 0.129239 367507 -0.0788263 0.97295
0.006055 2287.48 0.0373806 367504 -0.0895537 0.545808
0.002225 1913.59 0.11075 367504 0.0229724 0.657955
0.006715 1260.32 0.131594 367508 -0.0769305 0.993501
0.006975 697.012 0.189086 367508 -0.0252889 1.80618
0.006065 2289.04 0.0372047 367504 -0.0889344 0.545436
0.002535 2039.74 0.0983152 367504 0.0133238 0.617276
0.000275 1097.14 0.187802 367504 0.0498563 1.147
0.006075 2290.7 0.037021 367504 -0.088308 0.545039
0.007335 420.024 0.227328 367504 0.00513071 3.02548
0.002545 2043.59 0.0979377 367504 0.0129966 0.616113
0.000285 1098.75 0.187659 367504 0.0498825 1.14532
0.001575 1611.34 0.140197 367504 0.0399273 0.781106
0.003185 2223.72 0.0770593 367503 -0.00978271 0.56591
0.000295 1100.42 0.187509 367504 0.0499083 1.14358
0.001265 1459.15 0.154621 367504 0.0453727 0.862439
0.001585 1616.25 0.139727 367504 0.0397179 0.778739
0.000925 1301.52 0.169266 367504 0.0489531 0.966808
0.003195 2225.53 0.0767843 367503 -0.0101655 0.565439
0.000305 1102.14 0.187355 367504 0.0499338 1.14179
0.001275 1464.01 0.154165 367504 0.0452285 0.859582
0.001595 1621.16 0.139257 367504 0.0395066 0.776387
0.006385 2102.73 0.0550851 367505 -0.117114 0.594028
0.000935 1305.86 0.168867 367504 0.0488779 0.963597
0.007655 397.622 0.231885 367503 0.000566984 3.20358
0.005755 2281.23 0.040549 367503 -0.0946935 0.54755
0.000585 1172.03 0.18107 367504 0.0502593 1.07365
0.007665 397.612 0.231895 367503 0.000345846 3.20369
0.002235 1917.86 0.110328 367504 0.0226716 0.656491
0.006985 681.848 0.190947 367508 -0.0235478 1.84687
0.007675 397.606 0.231901 367503 0.000113212 3.20374
0.007345 418.101 0.227683 367504 0.00518293 3.03988
0.002555 2047.42 0.0975617 367504 0.0126676 0.614959
0.000315 1103.92 0.187196 367504 0.0499588 1.13995
0.007355 416.278 0.228015 367504 0.00521082 3.05365
0.006395 2078.78 0.0572871 367504 -0.115491 0.600892
0.000945 1310.22 0.168465 367504 0.0488041 0.96039
0.000595 1175.23 0.180781 367504 0.0502812 1.07072
0.006995 666.978 0.192767 367508 -0.0218654 1.88859
0.000955 1314.61 0.168061 367504 0.0487305 0.957187
0.000605 1178.48 0.180488 367504 0.0503145 1.06777
0.007005 652.404 0.194544 367508 -0.0202051 1.93133
0.000615 1181.76 0.180191 367504 0.0503604 1.0648
0.007015 638.125 0.196278 367508 -0.0185808 1.97513
0.000625 1185.09 0.17989 367504 0.0504195 1.06181
0.007025 624.142 0.197968 367508 -0.0168992 2.01997
0.000635 1188.46 0.179585 367503 0.0504912 1.0588
0.007035 610.462 0.199612 367509 -0.0149743 2.06586
