0.004485 2302.25 0.0527809 380373 -0.0236153 0.563838
0.004495 2302.48 0.0526363 380373 -0.0238472 0.563766
0.004505 2302.7 0.0524927 380373 -0.0240787 0.563695
0.004515 2302.92 0.0523498 380373 -0.0243098 0.563624
0.004525 2303.13 0.0522078 380373 -0.0245405 0.563555
0.004535 2303.34 0.0520667 380373 -0.0247707 0.563487
0.004545 2303.54 0.0519264 380373 -0.0250005 0.56342
0.004555 2303.74 0.051787 380373 -0.02523 0.563353
0.004565 2303.94 0.0516484 380373 -0.025459 0.563288
0.004575 2304.13 0.0515106 380373 -0.0256877 0.563224
0.004585 2304.32 0.0513736 380373 -0.0259159 0.56316
0.004595 2304.51 0.0512375 380373 -0.0261438 0.563098
0.004605 2304.69 0.0511022 380373 -0.0263713 0.563037
0.004615 2304.87 0.0509678 380373 -0.0265985 0.562976
0.004625 2305.05 0.0508341 380373 -0.0268253 0.562916
0.004635 2305.22 0.0507013 380373 -0.0270518 0.562857
0.004645 2305.39 0.0505693 380373 -0.0272779 0.5628
0.004655 2305.55 0.0504381 380373 -0.027504 0.562743
0.004665 2305.71 0.0503077 380373 -0.0277303 0.562686
0.004675 2305.87 0.0501781 380373 -0.027958 0.562631
0.004685 2306.03 0.0500493 380373 -0.0281899 0.562577
0.004695 2306.17 0.0499213 380373 -0.0284308 0.562524
0.004705 2306.32 0.0497941 380373 -0.0286859 0.562472
0.004715 2306.45 0.0496678 380373 -0.0289561 0.562423
0.004725 2306.58 0.0495422 380373 -0.0292297 0.562376
0.004735 2306.7 0.0494174 380374 -0.0294834 0.562331
0.004745 2306.96 0.0492934 380373 -0.0297003 0.562251
0.004755 2307.22 0.0491701 380373 -0.0298775 0.56217
0.004765 2307.49 0.0490477 380373 -0.0300401 0.562089
0.004775 2307.76 0.048926 380373 -0.0302116 0.562006
0.004785 2308.04 0.0488052 380373 -0.0304021 0.561923
0.004795 2308.31 0.0486851 380373 -0.0306091 0.56184
0.005125 2316.37 0.0451581 380373 -0.037964 0.559412
0.006085 2287.45 0.054667 380373 -0.0793731 0.56654
0.000645 1209.72 0.178577 380374 0.0555154 1.07626
0.001605 1614.2 0.141073 380374 0.0510039 0.806922
0.005135 2316.67 0.0450647 380373 -0.0381841 0.559327
0.003205 2212.75 0.0796188 380373 0.011575 0.588523
0.006095 2276.89 0.0553517 380373 -0.0803177 0.569166
0.000655 1212.74 0.178304 380374 0.0555509 1.07358
0.001615 1618.93 0.140624 380374 0.0508661 0.804569
0.005145 2316.97 0.0449721 380373 -0.0384037 0.559243
0.006105 2266.2 0.0560571 380373 -0.0812396 0.57185
0.003215 2214.6 0.079335 380373 0.0112582 0.588024
0.000665 1215.8 0.178027 380374 0.0555852 1.07088
0.001625 1623.66 0.140175 380374 0.0507266 0.80223
0.005155 2317.26 0.0448804 380373 -0.0386228 0.55916
0.006115 2255.38 0.0567833 380373 -0.0821337 0.574591
0.003225 2216.42 0.0790526 380373 0.0109419 0.58753
0.000675 1218.89 0.177747 380374 0.0556184 1.06816
0.001635 1628.39 0.139726 380374 0.0505854 0.799906
0.005165 2317.56 0.0447895 380373 -0.0388413 0.559078
0.006125 2244.43 0.05753 380373 -0.0829973 0.577392
0.003235 2218.11 0.0787715 380373 0.0106255 0.587075
0.000685 1222.03 0.177463 380374 0.0556503 1.06542
0.001645 1633.12 0.139277 380374 0.0504425 0.797596
0.005175 2317.85 0.0446995 380373 -0.0390593 0.558996
0.006135 2233.35 0.0582968 380373 -0.0838301 0.580253
0.003245 2219.77 0.0784917 380373 0.0103093 0.586625
0.000695 1225.21 0.177175 380374 0.0556809 1.06266
0.001655 1637.84 0.138828 380374 0.050298 0.7953
0.005185 2318.14 0.0446103 380373 -0.0392768 0.558915
0.003255 2221.42 0.0782131 380373 0.00999348 0.58618
0.000705 1228.42 0.176883 380374 0.0557102 1.05988
0.006145 2222.14 0.0590837 380373 -0.0846336 0.583175
0.001665 1642.57 0.138379 380374 0.0501518 0.793019
0.005195 2318.42 0.0445221 380373 -0.0394939 0.558835
0.003265 2223.05 0.0779359 380373 0.00967808 0.585739
0.000715 1231.68 0.176588 380374 0.0557382 1.05708
0.001675 1647.29 0.13793 380374 0.050004 0.790752
0.006155 2210.81 0.05989 380373 -0.08541 0.586158
0.005205 2318.71 0.0444347 380373 -0.0397104 0.558756
0.003275 2224.67 0.07766 380373 0.00936327 0.585304
0.000725 1234.97 0.17629 380374 0.0557648 1.05426
0.001685 1652.01 0.137481 380374 0.0498545 0.788499
0.006165 2199.36 0.0607156 380373 -0.086161 0.589205
0.005215 2318.99 0.0443482 380373 -0.0399265 0.558677
0.003285 2226.27 0.0773854 380373 0.00904914 0.584874
0.000735 1238.3 0.175988 380374 0.05579 1.05143
0.001695 1656.72 0.137032 380374 0.0497035 0.786261
0.006175 2187.78 0.06156 380373 -0.0868872 0.592316
0.005225 2319.27 0.0442626 380373 -0.0401422 0.558599
0.003295 2227.85 0.077112 380373 0.00873578 0.584448
0.000745 1241.66 0.175682 380374 0.0558137 1.04858
0.001705 1661.43 0.136583 380374 0.0495509 0.784036
0.006185 2176.09 0.0624226 380373 -0.0875887 0.595492
0.005235 2319.55 0.044178 380373 -0.0403574 0.558521
0.003305 2229.42 0.07684 380373 0.00842323 0.584027
0.000755 1245.07 0.175373 380374 0.055836 1.04572
0.001715 1666.14 0.136135 380374 0.0493966 0.781826
0.004805 2308.59 0.0485658 380373 -0.0308262 0.561757
0.006195 2164.28 0.063303 380373 -0.0882654 0.598734
0.003315 2230.97 0.0765692 380373 0.00811143 0.583611
0.005245 2319.83 0.0440943 380373 -0.0405723 0.558445
0.001725 1670.84 0.135687 380374 0.0492408 0.77963
0.000765 1248.51 0.17506 380374 0.0558568 1.04284
0.006205 2152.35 0.0642005 380373 -0.0889169 0.602044
0.003845 2282.59 0.0639699 380373 -0.00746245 0.569746
0.003325 2232.51 0.0762998 380373 0.00780028 0.583199
0.005255 2320.11 0.0440116 380373 -0.0407867 0.558369
0.001735 1675.55 0.135239 380374 0.0490835 0.777449
0.000775 1251.98 0.174745 380374 0.0558761 1.03995
0.006215 2140.31 0.0651147 380373 -0.0895427 0.605422
0.004815 2308.86 0.0484472 380373 -0.031048 0.561675
0.003335 2234.03 0.0760316 380373 0.00748982 0.582792
0.003855 2283.12 0.0637634 380373 -0.00773843 0.569599
0.005265 2320.38 0.0439298 380373 -0.0410007 0.558293
0.001745 1680.24 0.134791 380374 0.0489246 0.775281
0.000785 1255.49 0.174426 380374 0.0558938 1.03704
0.006225 2128.16 0.0660447 380373 -0.0901426 0.608871
0.004825 2309.13 0.0483295 380373 -0.0312717 0.561594
0.003345 2235.53 0.0757647 380373 0.00718064 0.58239
0.003865 2283.64 0.0635579 380373 -0.00801365 0.569455
0.005275 2320.65 0.043849 380373 -0.0412143 0.558218
0.001755 1684.93 0.134343 380374 0.0487641 0.773127
0.000795 1259.03 0.174103 380374 0.05591 1.03413
0.006235 2115.9 0.0669899 380373 -0.090716 0.61239
0.004835 2309.39 0.0482125 380373 -0.031496 0.561514
0.003355 2237.02 0.0754991 380373 0.00687425 0.581991
0.003875 2284.15 0.0633535 380373 -0.0082881 0.569314
0.005285 2320.92 0.0437693 380373 -0.0414276 0.558144
0.001765 1689.62 0.133896 380374 0.0486022 0.770988
0.000805 1262.61 0.173778 380374 0.0559246 1.0312
0.004845 2309.65 0.0480963 380373 -0.0317205 0.561435
0.003365 2238.49 0.0752347 380373 0.00657232 0.581598
0.006245 2103.53 0.0679496 380373 -0.0912624 0.615981
0.003885 2284.65 0.0631502 380373 -0.00856177 0.569174
0.005295 2321.19 0.0436906 380373 -0.0416405 0.558071
0.001775 1694.3 0.133449 380374 0.0484387 0.768862
0.000815 1266.22 0.173449 380374 0.0559375 1.02826
0.004855 2309.91 0.0479809 380373 -0.0319449 0.561356
0.003375 2239.8 0.0749717 380373 0.00627668 0.581247
0.000325 1136.83 0.185136 380374 0.0540442 1.14529
0.006255 2091.05 0.068923 380373 -0.0917829 0.619646
0.003895 2285.13 0.062948 380373 -0.00883467 0.569038
0.005305 2321.46 0.043613 380373 -0.041853 0.557998
0.006405 1862.19 0.0845951 380374 -0.0945063 0.695635
0.001785 1698.98 0.133002 380374 0.0482737 0.766751
0.001925 1763.83 0.126795 380374 0.045814 0.738624
0.000825 1269.86 0.173117 380374 0.0559488 1.02531
0.004865 2310.17 0.0478663 380373 -0.0321693 0.561279
0.003385 2241.1 0.0747099 380373 0.00598823 0.5809
0.000335 1138.36 0.184998 380374 0.0540909 1.14374
0.006265 2078.44 0.069909 380367 -0.0922867 0.623386
0.003905 2285.61 0.0627468 380373 -0.00910679 0.568903
0.005315 2321.73 0.0435364 380373 -0.0420653 0.557925
0.001795 1703.65 0.132556 380374 0.0481073 0.764653
0.006415 1846.12 0.0856625 380374 -0.094374 0.701683
0.001935 1768.41 0.126355 380374 0.0456281 0.736716
0.000835 1273.53 0.172782 380374 0.0559584 1.02236
0.004875 2310.42 0.0477524 380373 -0.0323936 0.561202
0.003395 2242.38 0.0744493 380373 0.0057043 0.580558
0.000345 1139.95 0.184856 380374 0.0541382 1.14214
0.006275 2063.67 0.0709076 380373 -0.0926513 0.627849
0.005325 2321.99 0.043461 380373 -0.0422772 0.557854
0.003915 2286.08 0.0625467 380373 -0.00937814 0.568771
0.001805 1708.32 0.13211 380374 0.0479394 0.762569
0.002885 2137.76 0.0894093 380373 0.0214356 0.609404
0.006425 1829.98 0.0867256 380374 -0.0941939 0.707862
0.001945 1772.98 0.125917 380374 0.0454408 0.73482
0.000845 1277.24 0.172444 380374 0.0559664 1.01939
0.004885 2310.67 0.0476393 380373 -0.0326179 0.561126
0.003405 2243.64 0.07419 380373 0.00541976 0.58022
0.000355 1141.59 0.184709 380374 0.0541859 1.1405
0.006285 2048.75 0.071918 380373 -0.0929839 0.632409
0.005335 2322.26 0.0433867 380373 -0.0424889 0.557783
0.001815 1712.98 0.131664 380374 0.04777 0.760499
0.003925 2286.54 0.0623476 380373 -0.00964871 0.568642
0.002895 2140.6 0.0890821 380373 0.0211359 0.608588
0.001955 1777.55 0.125479 380374 0.0452522 0.732937
0.006435 1813.8 0.087783 380374 -0.0939643 0.714173
0.000855 1280.98 0.172103 380374 0.0559726 1.01642
0.004895 2310.91 0.047527 380373 -0.032842 0.561051
0.003415 2244.89 0.0739319 380373 0.00512822 0.579885
0.000365 1143.28 0.184558 380374 0.0542341 1.13882
0.006295 2033.73 0.0729393 380373 -0.0932967 0.637069
0.005345 2322.52 0.0433137 380373 -0.0427004 0.557712
0.001825 1717.64 0.131219 380374 0.0475992 0.758443
0.002245 1905.84 0.113144 380374 0.0392374 0.683683
0.003935 2286.99 0.0621496 380373 -0.0099185 0.568515
0.002905 2143.43 0.0887563 380373 0.020836 0.60778
0.001965 1782.11 0.125042 380374 0.0450624 0.731067
0.006445 1797.56 0.0888331 380374 -0.0936835 0.720617
0.000865 1284.74 0.171759 380374 0.0559772 1.01344
0.004905 2311.16 0.0474154 380373 -0.0330661 0.560977
0.003425 2246.13 0.0736751 380373 0.00482488 0.579555
0.000375 1145.01 0.184402 380374 0.0542827 1.13709
0.006305 2018.61 0.0739705 380373 -0.0935801 0.641832
0.005355 2322.78 0.0432418 380373 -0.0429116 0.557642
0.001835 1722.29 0.130774 380374 0.0474269 0.7564
0.003945 2287.43 0.0619527 380373 -0.0101875 0.56839
0.002255 1910.1 0.112733 380374 0.0390104 0.682159
0.002915 2146.24 0.0884319 380373 0.0205362 0.606978
0.001975 1786.65 0.124605 380374 0.0448713 0.729211
0.002565 2035.27 0.100603 380373 0.0310056 0.640209
0.000875 1288.54 0.171412 380374 0.05598 1.01046
0.006455 1781.28 0.0898744 380374 -0.0933498 0.727197
0.004915 2311.4 0.0473046 380373 -0.0332901 0.560904
0.003435 2247.35 0.0734196 380373 0.00450882 0.579229
0.000385 1146.8 0.184242 380374 0.0543316 1.13532
0.006315 2003.38 0.0750107 380374 -0.093833 0.6467
0.005365 2323.04 0.0431713 380373 -0.0431227 0.557573
0.001845 1726.93 0.13033 380374 0.0472532 0.754371
0.003955 2287.86 0.0617568 380373 -0.0104557 0.568267
0.002265 1914.35 0.112324 380374 0.0387819 0.680646
0.002925 2149.04 0.0881088 380373 0.0202363 0.606183
0.001985 1791.19 0.124169 380374 0.0446789 0.727366
0.000885 1292.37 0.171062 380374 0.055981 1.00747
0.002575 2039.03 0.100232 380373 0.0307101 0.639024
0.004925 2311.63 0.0471946 380373 -0.033514 0.560831
0.003445 2248.56 0.0731653 380373 0.00418368 0.578906
0.000395 1148.63 0.184078 380374 0.0543807 1.13351
0.006325 1988.05 0.0760588 380374 -0.094054 0.651676
0.006465 1764.97 0.0909055 380374 -0.0929615 0.733912
0.005375 2323.3 0.043102 380373 -0.0433336 0.557504
0.001855 1731.57 0.129886 380374 0.0470781 0.752356
0.003965 2288.29 0.061562 380373 -0.0107232 0.568146
0.002275 1918.59 0.111915 380374 0.0385518 0.679144
0.002935 2151.81 0.0877872 380373 0.0199363 0.605395
0.001995 1795.72 0.123734 380374 0.0444852 0.725535
0.004935 2311.87 0.0470853 380373 -0.0337378 0.56076
0.000895 1296.23 0.17071 380374 0.0559803 1.00447
0.003455 2249.75 0.0729122 380373 0.00385606 0.578587
0.000405 1150.51 0.183909 380374 0.05443 1.13165
0.002585 2042.78 0.0998624 380373 0.0304142 0.63785
0.006335 1972.62 0.0771139 380374 -0.094242 0.656761
0.006475 1748.64 0.0919247 380374 -0.0925173 0.740765
0.005385 2323.56 0.0430342 380373 -0.0435445 0.557436
0.001865 1736.2 0.129443 380374 0.0469017 0.750354
0.002285 1922.82 0.111508 380374 0.0383203 0.677653
0.003975 2288.7 0.0613681 380373 -0.0109899 0.568028
0.002945 2154.57 0.0874669 380373 0.0196365 0.604614
0.002005 1800.25 0.1233 380374 0.0442903 0.723716
0.004945 2312.1 0.0469769 380373 -0.0339615 0.560689
0.000905 1300.11 0.170354 380374 0.0559777 1.00148
0.003465 2250.93 0.0726603 380373 0.00353259 0.578273
0.000415 1152.44 0.183736 380374 0.0544794 1.12975
0.006345 1957.1 0.0781747 380374 -0.0943956 0.661959
0.002595 2046.51 0.0994944 380373 0.0301189 0.636686
0.006485 1732.29 0.0929306 380374 -0.0920158 0.747755
0.001875 1740.82 0.129 380374 0.0467238 0.748366
0.005395 2323.81 0.0429678 380373 -0.0437553 0.557369
0.002295 1927.03 0.111102 380374 0.0380871 0.676172
0.003985 2289.1 0.0611754 380373 -0.0112558 0.567912
0.002955 2157.31 0.087148 380373 0.0193365 0.603839
0.002015 1804.76 0.122866 380374 0.0440941 0.72191
0.004955 2312.32 0.0468692 380373 -0.034185 0.56062
0.003475 2252.1 0.0724097 380373 0.00321743 0.577962
0.000915 1304.02 0.169996 380374 0.0559734 0.998473
0.000425 1154.42 0.183559 380374 0.0545288 1.12782
0.006355 1941.49 0.0792402 380374 -0.0945132 0.667271
0.006495 1715.92 0.0939214 380374 -0.0914556 0.754884
0.001885 1745.44 0.128558 380374 0.0465445 0.746391
0.002605 2050.22 0.0991276 380373 0.029825 0.635532
0.005405 2324.07 0.0429028 380373 -0.0439662 0.557302
0.002305 1931.23 0.110697 380374 0.0378523 0.674703
0.002965 2159.9 0.0868306 380373 0.0190348 0.603112
0.003995 2289.5 0.0609836 380373 -0.0115209 0.567798
0.004965 2312.55 0.0467622 380373 -0.0344084 0.560551
0.002025 1809.27 0.122434 380374 0.0438967 0.720116
0.003485 2253.25 0.0721604 380373 0.00291119 0.577654
0.000435 1156.45 0.183377 380374 0.0545783 1.12584
0.006365 1925.79 0.0803092 380374 -0.0945933 0.6727
0.000925 1307.97 0.169636 380374 0.0559672 0.995467
0.001895 1750.05 0.128116 380374 0.0463639 0.744429
0.006505 1699.56 0.0948956 380374 -0.0908359 0.762152
0.002615 2053.91 0.0987623 380373 0.029533 0.634388
0.007365 435.933 0.224977 380374 0.000316499 3.01403
0.002315 1935.42 0.110294 380374 0.0376159 0.673244
0.005415 2324.33 0.0428395 380373 -0.0441768 0.557235
0.002975 2162.46 0.0865144 380373 0.0187328 0.602391
0.004975 2312.77 0.0466561 380373 -0.0346317 0.560483
0.004005 2289.89 0.0607929 380373 -0.0117852 0.567686
0.002035 1813.76 0.122002 380374 0.043698 0.718335
0.000445 1158.53 0.18319 380374 0.0546277 1.12382
0.003495 2254.39 0.0719122 380373 0.00261173 0.577351
0.006375 1910.01 0.0813804 380374 -0.0946344 0.678249
0.000935 1311.93 0.169272 380374 0.0559592 0.99246
0.001905 1754.65 0.127675 380374 0.046182 0.742481
0.006515 1683.21 0.0958515 380374 -0.0901562 0.769558
0.002625 2057.4 0.0983983 380373 0.0292395 0.633309
0.002325 1939.6 0.109891 380374 0.0373777 0.671796
0.007375 432.983 0.225466 380373 0.000552095 3.03512
0.005425 2324.58 0.0427778 380374 -0.0443873 0.55717
0.002985 2165 0.0861997 380373 0.0184302 0.601677
0.004985 2312.99 0.0465507 380373 -0.0348548 0.560415
0.004015 2290.27 0.0606033 380373 -0.0120487 0.567576
0.002045 1818.25 0.121571 380374 0.0434981 0.716566
0.000455 1160.65 0.183 380374 0.0546769 1.12176
0.003505 2255.51 0.0716653 380373 0.00231586 0.577051
0.006385 1894.14 0.0824527 380374 -0.0946347 0.683919
0.001915 1759.24 0.127235 380374 0.0459987 0.740546
0.000945 1315.93 0.168906 380374 0.0559494 0.98945
0.006525 1666.88 0.0967875 380374 -0.0894161 0.777101
0.002335 1943.76 0.10949 380374 0.0371379 0.670358
0.002635 2060.82 0.0980356 380373 0.0289446 0.632257
0.007385 430.174 0.225926 380374 0.000770979 3.05549
0.002995 2167.53 0.0858863 380373 0.018127 0.600968
0.005435 2324.93 0.0427178 380373 -0.0446008 0.557082
0.004025 2290.64 0.0604146 380373 -0.0123115 0.567469
0.004995 2313.2 0.0464461 380373 -0.0350777 0.560349
0.005445 2325.27 0.0426596 380373 -0.0448121 0.556996
0.003525 2257.72 0.0711751 380373 0.00172562 0.576462
0.005455 2325.61 0.0426033 380373 -0.0450224 0.55691
0.003535 2258.8 0.0709318 380373 0.00142971 0.576173
0.005465 2325.96 0.042549 380373 -0.045232 0.556824
0.004165 2295.2 0.0578789 380373 -0.0159103 0.566113
0.003545 2259.87 0.0706897 380373 0.00113376 0.575888
0.005475 2326.3 0.0424969 380373 -0.0454408 0.556739
0.001285 1463.88 0.155219 380374 0.0544581 0.88959
5e-06 1112.89 0.187272 380374 0.0531593 1.16996
0.003555 2260.93 0.0704489 380373 0.000838039 0.575606
0.005765 2338.61 0.0428291 380373 -0.052723 0.553919
0.005485 2326.64 0.042447 380373 -0.045649 0.556655
0.001295 1468.49 0.154789 380374 0.0543797 0.886803
0.004175 2295.48 0.0577052 380373 -0.0161617 0.566027
1.5e-05 1112.93 0.187268 380374 0.0531623 1.16991
0.003565 2261.86 0.0702092 380373 0.00054261 0.575358
0.000965 1323.99 0.168166 380374 0.0559241 0.983429
0.005775 2339.34 0.0429527 380373 -0.0531299 0.553757
0.005495 2326.98 0.0423994 380373 -0.045857 0.556571
0.001305 1473.11 0.154357 380374 0.0542992 0.884028
0.004185 2295.76 0.0575324 380373 -0.0164124 0.565943
0.002055 1822.72 0.12114 380374 0.043297 0.714809
2.5e-05 1113.01 0.187261 380374 0.0531677 1.16982
0.003575 2262.77 0.0699708 380373 0.000248268 0.575113
0.005785 2340.04 0.0430881 380373 -0.0535578 0.553602
0.005505 2327.32 0.0423544 380373 -0.0460647 0.556488
0.000465 1162.82 0.182804 380374 0.054726 1.11967
0.001315 1477.74 0.153925 380374 0.0542168 0.881265
0.004195 2296.02 0.0573606 380373 -0.0166624 0.56586
3.5e-05 1113.14 0.18725 380374 0.0531748 1.16969
0.002065 1827.19 0.120711 380374 0.0430946 0.713065
0.003515 2256.62 0.0714196 380373 0.00202094 0.576755
0.003585 2263.67 0.0697335 380373 -4.54622e-05 0.574871
0.005795 2340.71 0.0432358 380373 -0.0540076 0.553453
0.005515 2327.66 0.042312 380373 -0.0462724 0.556405
0.000975 1328.06 0.167793 380374 0.0559086 0.980419
0.001325 1482.37 0.153491 380374 0.0541325 0.878515
0.006395 1878.2 0.0835247 380374 -0.0945926 0.689714
0.001335 1487.02 0.153057 380374 0.0540462 0.875776
0.004035 2291 0.060227 380373 -0.0125735 0.567363
0.000955 1319.95 0.168537 380374 0.0559376 0.98644
0.006535 1650.58 0.097702 380374 -0.0886155 0.784782
0.006545 1634.32 0.0985934 380374 -0.0877547 0.792598
0.002345 1947.91 0.109089 380374 0.0368962 0.668932
0.006555 1618.11 0.0994601 380374 -0.0868344 0.800548
0.006565 1601.96 0.100301 380374 -0.0858557 0.808631
0.006575 1585.88 0.101113 380374 -0.0848204 0.816842
0.002355 1952.04 0.10869 380374 0.0366528 0.667516
0.007395 427.777 0.22636 380373 0.000935109 3.07314
0.006585 1569.89 0.101897 380374 -0.0837303 0.825181
0.002645 2064.21 0.0976743 380373 0.0286481 0.631213
0.002365 1956.16 0.108293 380374 0.0364075 0.66611
0.006595 1553.99 0.10265 380374 -0.0825882 0.833643
0.002375 1960.27 0.107896 380374 0.0361603 0.664715
0.002655 2067.49 0.0973143 380373 0.0283487 0.630211
0.006605 1538.2 0.103371 380374 -0.081397 0.842226
0.002385 1964.36 0.107501 380374 0.0359112 0.663331
0.007405 425.507 0.226766 380373 0.00109245 3.09005
0.002665 2070.75 0.0969556 380373 0.0280477 0.629217
0.006615 1522.53 0.104059 380374 -0.0801602 0.850924
0.003005 2170.04 0.0855743 380373 0.0178233 0.600266
0.002395 1968.43 0.107107 380374 0.0356601 0.661957
0.002675 2073.98 0.0965983 380373 0.0277456 0.628232
0.007415 423.356 0.227148 380373 0.00122709 3.10625
0.006625 1506.97 0.104714 380374 -0.0788819 0.859735
0.002405 1972.5 0.106714 380374 0.0354069 0.660594
0.002685 2077.2 0.0962424 380373 0.0274429 0.627256
0.007425 421.315 0.227506 380373 0.00134138 3.12177
0.006635 1491.56 0.105333 380374 -0.0775665 0.868654
0.002415 1976.55 0.106322 380374 0.0351515 0.659241
0.002695 2080.4 0.0958877 380373 0.02714 0.626288
0.007435 419.378 0.227841 380374 0.0014398 3.13665
0.006645 1476.29 0.105917 380374 -0.0762188 0.877676
0.003015 2172.53 0.0852637 380373 0.0175191 0.59957
0.006725 1327.54 0.117213 380377 -0.0844395 0.976507
0.002425 1980.58 0.105932 380374 0.034894 0.657899
0.002705 2083.58 0.0955345 380373 0.0268372 0.625329
0.007445 417.752 0.228153 380373 0.00150466 3.1493
0.006655 1461.17 0.106464 380374 -0.0748447 0.886798
0.007045 691.43 0.190415 380377 -0.0238542 1.88569
0.003025 2175.01 0.0849544 380373 0.0172146 0.59888
0.002435 1984.59 0.105543 380374 0.0346341 0.656567
0.002715 2086.74 0.0951825 380373 0.0265347 0.624378
0.007455 416.217 0.228446 380373 0.00156031 3.16133
0.006665 1446.21 0.106975 380374 -0.0734418 0.896014
0.003035 2177.47 0.0846465 380373 0.0169092 0.598197
0.002445 1988.6 0.105155 380374 0.0343718 0.655246
0.007055 678.05 0.192063 380377 -0.0226439 1.92337
0.002725 2089.88 0.094832 380373 0.0262327 0.623436
0.007465 414.768 0.228718 380373 0.00159903 3.17277
0.006675 1431.42 0.107449 380374 -0.0721239 0.905319
0.006735 1302.86 0.120112 380377 -0.0820316 0.995095
0.002455 1992.58 0.104769 380373 0.0341069 0.653935
0.003045 2179.77 0.08434 380373 0.0166022 0.597559
0.005005 2313.41 0.0463423 380373 -0.0353005 0.560284
0.002735 2093.01 0.0944828 380373 0.0259311 0.622501
0.007065 664.874 0.193677 380377 -0.0214529 1.96196
0.007475 413.399 0.228971 380373 0.00162248 3.18366
0.006685 1416.81 0.107885 380375 -0.0698256 0.914712
0.002465 1996.55 0.104383 380373 0.0338394 0.652635
0.006745 1278.32 0.122973 380377 -0.0796331 1.0143
0.003055 2182.05 0.0840349 380373 0.0162941 0.596926
0.004205 2296.29 0.0571897 380373 -0.0169116 0.565779
0.002745 2096.12 0.0941349 380373 0.02563 0.621575
0.007075 651.903 0.195255 380377 -0.0202825 2.00149
0.005015 2313.62 0.0462392 380373 -0.0355231 0.560219
0.006695 1402.28 0.108305 380352 -0.0809742 0.924189
0.006755 1253.93 0.125795 380377 -0.0772381 1.03414
0.007485 412.105 0.229206 380373 0.00163276 3.19403
0.003065 2184.32 0.083731 380373 0.0159851 0.5963
0.002475 2000.5 0.103999 380373 0.033569 0.651345
0.002755 2099.21 0.0937885 380373 0.0253294 0.620657
0.004215 2296.54 0.0570198 380373 -0.01716 0.5657
0.007085 639.136 0.196799 380377 -0.0191306 2.04198
0.005025 2313.83 0.046137 380373 -0.0357455 0.560155
4.5e-05 1113.31 0.187235 380374 0.0531838 1.16951
0.007495 411.042 0.229424 380373 0.00162218 3.20262
0.006765 1229.68 0.128578 380377 -0.0748518 1.05465
0.006705 1377.3 0.1113 380377 -0.0902745 0.941076
0.003075 2186.57 0.0834286 380373 0.0156751 0.59568
0.002485 2004.44 0.103617 380373 0.0332957 0.650065
0.002765 2102.28 0.0934434 380373 0.0250293 0.619746
0.004225 2296.79 0.0568509 380373 -0.0174078 0.565622
0.007095 626.574 0.198309 380377 -0.0179247 2.08344
0.005035 2314.03 0.0460355 380373 -0.0359677 0.560092
0.007505 410.044 0.229626 380373 0.00160321 3.21074
0.006775 1205.58 0.131321 380377 -0.0724782 1.07586
5.5e-05 1113.52 0.187216 380374 0.0531946 1.16929
0.006715 1352.35 0.114276 380376 -0.0867419 0.958507
0.003085 2188.8 0.0831275 380373 0.0153643 0.595065
0.002495 2008.35 0.103235 380373 0.0330193 0.648796
0.002775 2105.33 0.0930996 380373 0.0247294 0.618843
0.004235 2297.03 0.0566829 380373 -0.0176547 0.565545
0.007105 614.227 0.199784 380378 -0.0165277 2.12586
0.005045 2314.24 0.0459348 380373 -0.0361897 0.56003
0.007515 409.107 0.229813 380373 0.00157185 3.2184
0.006785 1181.63 0.134025 380377 -0.0701208 1.0978
6.5e-05 1113.78 0.187193 380374 0.0532071 1.16901
0.003095 2191.01 0.0828277 380373 0.0150526 0.594456
0.002505 2012.25 0.102855 380373 0.0327399 0.647538
0.002075 1831.65 0.120282 380374 0.042891 0.711333
0.003595 2264.56 0.0694974 380373 -0.000338558 0.574632
0.002515 2016.14 0.102476 380373 0.0324575 0.64629
0.005805 2341.35 0.0433961 380373 -0.0544804 0.553313
0.002085 1836.1 0.119855 380374 0.0426862 0.709613
0.005525 2328 0.0422724 380373 -0.0464804 0.556323
0.002525 2020 0.102099 380373 0.032172 0.645052
0.003605 2265.44 0.0692625 380373 -0.000631049 0.574397
0.000985 1332.16 0.167417 380374 0.0558912 0.977408
0.002095 1840.54 0.119428 380374 0.0424802 0.707905
0.005815 2341.95 0.0435697 380373 -0.0549776 0.553181
0.000475 1165.04 0.182605 380374 0.0547749 1.11753
0.002535 2023.85 0.101723 380373 0.0318838 0.643826
0.003615 2266.3 0.0690288 380373 -0.000922937 0.574165
0.005535 2328.34 0.0422359 380373 -0.046689 0.556242
0.001345 1491.67 0.152621 380374 0.0539579 0.873051
0.002105 1844.96 0.119002 380374 0.0422729 0.706209
0.005825 2342.51 0.043757 380373 -0.0555002 0.553058
0.000995 1336.28 0.167038 380374 0.0558719 0.974399
0.002545 2027.67 0.101348 380373 0.031593 0.64261
0.003625 2267.15 0.0687962 380373 -0.00121421 0.573937
0.005545 2328.68 0.0422025 380373 -0.0468983 0.556161
0.000485 1167.31 0.182401 380374 0.0548234 1.11536
0.002115 1849.38 0.118577 380374 0.0420644 0.704524
0.001355 1496.33 0.152185 380374 0.0538677 0.870337
0.005835 2343.03 0.0439584 380373 -0.0560494 0.552945
0.001005 1340.42 0.166657 380374 0.0558507 0.971392
0.003635 2267.99 0.0685648 380373 -0.00150487 0.573711
0.005555 2329.02 0.0421725 380373 -0.0471086 0.556081
0.002555 2031.48 0.100975 380373 0.0313001 0.641404
0.000495 1169.62 0.182193 380374 0.0548716 1.11316
0.002125 1853.79 0.118153 380374 0.0418547 0.702852
0.001365 1500.99 0.151748 380374 0.0537756 0.867637
0.005845 2343.51 0.0441745 380373 -0.0566266 0.552843
0.001015 1344.58 0.166274 380374 0.0558276 0.968387
0.004045 2291.35 0.0600404 380373 -0.0128347 0.567259
0.002785 2108.36 0.0927572 380373 0.0244298 0.617948
0.001025 1348.77 0.165889 380374 0.0558025 0.965384
0.004245 2297.27 0.0565158 380373 -0.017901 0.56547
0.004055 2291.7 0.0598548 380373 -0.0130951 0.567158
0.002795 2111.38 0.0924162 380373 0.0241304 0.617061
0.001035 1352.98 0.165501 380374 0.0557755 0.962385
0.007115 603.207 0.201224 380376 -0.0158347 2.16523
0.004255 2297.5 0.0563497 380373 -0.0181465 0.565397
0.004065 2292.04 0.0596702 380373 -0.0133548 0.567058
0.002805 2114.38 0.0920766 380373 0.0238311 0.616181
0.001045 1357.21 0.165112 380374 0.0557466 0.959389
0.005055 2314.43 0.0458349 380373 -0.0364116 0.559969
0.004265 2297.72 0.0561846 380373 -0.0183913 0.565325
0.007525 408.225 0.229985 380373 0.00152958 3.22564
0.007125 592.42 0.202628 380376 -0.0148058 2.20522
0.002815 2117.37 0.0917384 380373 0.0235318 0.615308
0.004075 2292.37 0.0594866 380373 -0.0136135 0.56696
0.006795 1157.83 0.136689 380378 -0.0677829 1.12051
0.001055 1361.46 0.16472 380374 0.0557157 0.956397
0.005065 2314.63 0.0457358 380373 -0.0366329 0.559908
0.004275 2297.94 0.0560203 380373 -0.0186353 0.565254
0.003105 2193.21 0.0825293 380373 0.0147403 0.593853
0.002825 2120.33 0.0914015 380373 0.0232326 0.614443
0.007135 581.864 0.203995 380376 -0.0138108 2.2458
0.004085 2292.69 0.059304 380373 -0.0138712 0.566865
0.007535 407.394 0.230142 380373 0.0014769 3.23248
0.005075 2314.82 0.0456375 380374 -0.0368542 0.559849
0.004285 2298.15 0.055857 380373 -0.0188787 0.565185
0.001065 1365.73 0.164326 380374 0.0556828 0.95341
0.006805 1134.19 0.139313 380378 -0.065465 1.14403
0.002835 2123.28 0.091066 380373 0.0229333 0.613585
0.003115 2195.38 0.0822323 380373 0.0144271 0.593255
0.007145 571.538 0.205326 380376 -0.0128316 2.28696
0.004095 2293.03 0.0591224 380373 -0.0141291 0.566764
0.005085 2315.14 0.04554 380373 -0.0370779 0.55976
0.007545 406.739 0.230286 380373 0.00141127 3.23793
0.004295 2298.36 0.0556946 380373 -0.0191213 0.565117
0.001075 1370.03 0.16393 380374 0.0556479 0.950428
0.006815 1110.69 0.141897 380378 -0.0631704 1.1684
0.003125 2197.38 0.0819366 380373 0.0141122 0.592707
0.007155 561.443 0.206619 380376 -0.0118311 2.32867
0.004105 2293.36 0.0589418 380373 -0.0143858 0.566666
0.007555 406.129 0.230418 380373 0.00133948 3.24302
0.005095 2315.45 0.0454433 380373 -0.0373002 0.559671
0.002845 2126.21 0.0907319 380373 0.0226339 0.612735
0.004305 2298.56 0.0555332 380373 -0.0193632 0.56505
0.006825 1087.35 0.14444 380378 -0.0607226 1.19366
0.001085 1374.34 0.163532 380374 0.0556111 0.947451
0.003135 2199.37 0.0816422 380373 0.0137965 0.592165
0.007165 551.583 0.207875 380376 -0.0107187 2.37092
0.004115 2293.68 0.0587622 380373 -0.0146418 0.566569
7.5e-05 1114.08 0.187166 380374 0.0532214 1.1687
0.007565 405.56 0.230537 380373 0.00126003 3.24778
0.005105 2315.76 0.0453474 380373 -0.037522 0.559584
0.004315 2298.76 0.0553726 380373 -0.0196044 0.564985
0.006835 1064.19 0.146942 380382 -0.0580631 1.21985
0.003645 2268.82 0.0683346 380373 -0.00179492 0.573489
0.003145 2201.33 0.0813492 380373 0.01348 0.591628
0.001095 1378.67 0.163132 380374 0.0555723 0.94448
0.007175 542.875 0.209094 380375 -0.0100808 2.40956
0.004125 2294 0.0585836 380373 -0.014897 0.566475
0.002855 2129.12 0.0903992 380373 0.0223345 0.611891
0.007575 405.03 0.230645 380373 0.00117257 3.25223
0.005115 2316.06 0.0452523 380373 -0.0377433 0.559498
8.5e-05 1114.43 0.187135 380374 0.0532373 1.16833
0.004325 2298.95 0.055213 380373 -0.0198449 0.564922
0.006845 1043.62 0.149434 380378 -0.0566875 1.24408
0.003155 2203.28 0.0810574 380373 0.0131629 0.591097
0.005565 2329.36 0.0421461 380373 -0.0473204 0.556001
0.000505 1171.98 0.181981 380374 0.0549193 1.11092
0.003165 2205.21 0.0807671 380373 0.0128455 0.590571
0.002135 1858.19 0.11773 380374 0.0416437 0.701191
0.005575 2329.7 0.0421236 380373 -0.0475338 0.555922
0.001375 1505.67 0.15131 380374 0.0536815 0.86495
0.003175 2207.12 0.080478 380373 0.0125278 0.590051
0.000515 1174.38 0.181765 380374 0.0549666 1.10864
0.005855 2343.94 0.0444057 380373 -0.057233 0.552753
0.002145 1862.58 0.117308 380374 0.0414315 0.699543
0.005585 2330.03 0.042105 380373 -0.0477493 0.555844
0.001385 1510.35 0.150871 380374 0.0535855 0.862275
0.003185 2209.02 0.0801903 380373 0.01221 0.589536
0.000525 1176.84 0.181544 380374 0.0550134 1.10633
0.001105 1383.01 0.16273 380374 0.0555316 0.941515
0.005865 2344.31 0.0446523 380373 -0.0578698 0.552674
0.002155 1866.95 0.116887 380374 0.041218 0.697905
0.005595 2330.37 0.0420909 380373 -0.0479673 0.555767
0.003655 2269.63 0.0681055 380373 -0.00208434 0.57327
0.001395 1515.03 0.150431 380374 0.0534876 0.859614
0.003195 2210.89 0.0799039 380373 0.0118924 0.589027
0.000535 1179.33 0.181319 380374 0.0550596 1.10399
0.002165 1871.32 0.116467 380374 0.0410032 0.69628
0.005875 2344.63 0.044915 380373 -0.0585383 0.552609
0.001115 1387.38 0.162327 380374 0.0554888 0.938557
0.005605 2330.7 0.0420813 380373 -0.0481881 0.55569
0.003665 2270.43 0.0678777 380373 -0.00237315 0.573054
0.004135 2294.31 0.0584059 380373 -0.0151514 0.566382
0.007185 534.413 0.210273 380375 -0.00923374 2.44835
0.003675 2271.22 0.0676509 380373 -0.00266134 0.572841
0.007585 404.652 0.230741 380373 0.00107709 3.25543
0.004145 2294.61 0.0582293 380373 -0.0154051 0.566291
0.007195 526.192 0.211413 380375 -0.00842336 2.48723
0.002865 2132.02 0.0900678 380373 0.0220349 0.611055
0.003685 2272 0.0674253 380373 -0.00294891 0.572631
0.007595 404.308 0.230826 380373 0.000978314 3.25836
9.5e-05 1114.82 0.1871 380374 0.0532548 1.16792
0.004155 2294.91 0.0580536 380373 -0.0156581 0.566201
0.006855 1023.26 0.151881 380378 -0.0546394 1.26904
0.007205 518.211 0.212514 380375 -0.00763786 2.52619
0.003695 2272.77 0.0672009 380373 -0.00323587 0.572425
0.002875 2134.9 0.0897379 380373 0.0217353 0.610226
0.004335 2299.13 0.0550543 380373 -0.0200846 0.564859
0.001405 1519.72 0.14999 380374 0.0533878 0.856966
0.000545 1181.88 0.18109 380374 0.0551051 1.10161
0.004345 2299.31 0.0548965 380373 -0.0203237 0.564798
0.002175 1875.67 0.116048 380374 0.0407872 0.694665
0.001415 1524.42 0.149549 380374 0.0532861 0.854332
0.005885 2344.89 0.045194 380373 -0.0592396 0.552558
0.004355 2299.49 0.0547396 380373 -0.0205621 0.564738
0.000555 1184.46 0.180857 380374 0.05515 1.09921
0.001125 1391.76 0.161921 380374 0.0554441 0.935605
0.001425 1529.12 0.149107 380374 0.0531825 0.851711
0.002185 1880.02 0.11563 380374 0.0405698 0.693063
0.005615 2331.03 0.0420765 380373 -0.0484122 0.555615
0.004365 2299.66 0.0545836 380373 -0.0207998 0.564679
0.005895 2345.08 0.0454897 380373 -0.0599749 0.552522
0.000565 1187.1 0.18062 380374 0.0551941 1.09677
0.001435 1533.83 0.148665 380374 0.053077 0.849104
0.001135 1396.16 0.161514 380374 0.0553974 0.932661
0.002195 1884.35 0.115213 380374 0.0403512 0.691471
0.005625 2331.36 0.042077 380373 -0.04864 0.55554
0.004375 2299.82 0.0544285 380373 -0.0210368 0.564622
0.000575 1189.77 0.180378 380374 0.0552375 1.0943
0.005905 2345.21 0.0458025 380373 -0.060745 0.552502
0.001445 1538.54 0.148222 380374 0.0529696 0.84651
0.002205 1888.67 0.114797 380374 0.0401312 0.689891
0.001145 1400.58 0.161105 380374 0.0553487 0.929725
0.007605 403.995 0.230901 380373 0.000873939 3.26102
0.004385 2299.98 0.0542743 380373 -0.0212731 0.564565
0.005635 2331.69 0.0420829 380373 -0.0488721 0.555467
0.000585 1192.49 0.180133 380374 0.05528 1.0918
0.001455 1543.25 0.147778 380374 0.0528604 0.84393
0.005915 2345.26 0.0461325 380373 -0.0615548 0.5525
0.002215 1892.98 0.114382 380374 0.0399098 0.688323
0.000105 1115.26 0.187061 380374 0.053274 1.16746
0.001155 1405.01 0.160694 380374 0.055298 0.926797
0.004395 2300.14 0.054121 380373 -0.0215084 0.56451
0.005645 2332.01 0.0420946 380373 -0.049109 0.555395
0.000595 1195.26 0.179883 380374 0.0553217 1.08928
0.007615 403.712 0.230966 380373 0.000767034 3.26343
0.001465 1547.97 0.147334 380374 0.0527493 0.841364
0.005925 2345.23 0.0464805 380373 -0.0624003 0.552516
0.002225 1897.28 0.113968 380374 0.0396871 0.686765
0.001165 1409.46 0.160282 380374 0.0552453 0.923876
0.004405 2300.29 0.0539686 380374 -0.0217434 0.564456
0.000115 1115.74 0.187018 380374 0.0532948 1.16696
0.005655 2332.33 0.0421126 380373 -0.0493512 0.555325
0.000605 1198.07 0.17963 380374 0.0553624 1.08673
0.007215 510.465 0.213576 380375 -0.00686167 2.56518
0.007625 403.457 0.231021 380373 0.000653485 3.26559
0.002235 1901.57 0.113555 380374 0.039463 0.685219
0.001475 1552.69 0.146889 380374 0.0526364 0.838812
0.005935 2345.11 0.0468469 380373 -0.0632837 0.552551
0.001175 1413.92 0.159868 380374 0.0551906 0.920965
0.000125 1116.27 0.186971 380374 0.0533171 1.1664
0.004415 2300.55 0.053817 380373 -0.0219796 0.564375
0.005665 2332.64 0.042137 380373 -0.0495993 0.555256
0.000615 1200.92 0.179373 380374 0.0554022 1.08415
0.007635 403.333 0.231067 380373 0.000536859 3.26668
0.003705 2273.52 0.0669776 380373 -0.00352221 0.572221
0.006865 1003.1 0.154284 380378 -0.0526451 1.29478
0.007645 403.235 0.231103 380373 0.000421106 3.26754
0.001485 1557.41 0.146443 380374 0.0525216 0.836274
0.003715 2274.26 0.0667555 380373 -0.00380792 0.57202
0.006875 983.121 0.156642 380378 -0.0506702 1.32133
0.007225 502.953 0.214599 380375 -0.00603639 2.60415
0.007655 403.162 0.23113 380373 0.000302534 3.26818
0.001495 1562.14 0.145998 380374 0.0524049 0.83375
0.005945 2344.91 0.0472318 380373 -0.0642064 0.552606
0.003725 2274.99 0.0665345 380373 -0.00409302 0.571823
0.006885 963.328 0.158957 380378 -0.0487577 1.34873
0.007665 403.114 0.231148 380373 0.000184858 3.26861
0.001185 1418.4 0.159452 380374 0.055134 0.918063
0.007235 496.359 0.215582 380374 -0.00556003 2.63941
0.001505 1566.87 0.145552 380374 0.0522865 0.83124
0.003735 2275.71 0.0663146 380373 -0.00437749 0.571628
0.005955 2344.61 0.0476354 380373 -0.0651705 0.552683
0.006895 943.715 0.161227 380378 -0.0468884 1.37702
0.007675 403.09 0.231157 380373 6.05417e-05 3.26882
0.000135 1116.84 0.18692 380374 0.0533411 1.1658
0.001195 1422.89 0.159035 380374 0.0550753 0.915169
0.004425 2300.81 0.0536664 380373 -0.0222144 0.564295
0.005675 2332.95 0.0421683 380373 -0.0498539 0.555189
0.001205 1427.4 0.158617 380374 0.0550147 0.912286
0.000625 1203.81 0.179111 380374 0.055441 1.08154
0.004435 2301.06 0.0535166 380373 -0.022449 0.564216
0.007245 489.999 0.216526 380375 -0.00471293 2.67434
0.005685 2333.26 0.042207 380373 -0.0501157 0.555123
0.001215 1431.92 0.158197 380374 0.0549521 0.909412
0.003745 2276.42 0.0660959 380373 -0.00466134 0.571436
0.004445 2301.31 0.0533677 380373 -0.0226831 0.564138
0.000635 1206.74 0.178846 380374 0.0554787 1.07891
0.006905 924.278 0.163454 380378 -0.0450588 1.40625
0.005695 2333.55 0.0422533 380373 -0.0503843 0.55506
0.001515 1571.6 0.145105 380374 0.0521662 0.828744
0.005965 2344.22 0.0480581 380373 -0.0661768 0.552784
0.005705 2333.85 0.0423077 380375 -0.0506655 0.555
0.000145 1117.47 0.186865 380374 0.0533665 1.16515
0.001525 1576.33 0.144658 380374 0.0520441 0.826262
0.007255 483.867 0.217431 380374 -0.00430574 2.70889
0.005975 2343.72 0.0484999 380373 -0.0672262 0.552908
0.005715 2334.67 0.0423706 380373 -0.0509662 0.554809
0.001225 1436.45 0.157775 380374 0.0548875 0.906548
0.001535 1581.06 0.144211 380374 0.0519203 0.823795
0.004455 2301.55 0.0532197 380373 -0.0229168 0.564062
0.000155 1118.13 0.186805 380374 0.0533935 1.16446
0.007265 477.956 0.218298 380374 -0.00364325 2.74306
0.005985 2343.11 0.048961 380373 -0.0683192 0.553059
0.005725 2335.5 0.0424426 380373 -0.0512833 0.554622
0.001235 1440.99 0.157352 380374 0.0548209 0.903694
0.001545 1585.79 0.143763 380374 0.0517946 0.821341
0.003755 2277.12 0.0658783 380373 -0.00494456 0.571247
0.000165 1118.85 0.186741 380374 0.0534219 1.16371
0.004465 2301.79 0.0530726 380373 -0.0231501 0.563986
0.007275 472.263 0.219126 380375 -0.00304374 2.77679
0.006915 905.014 0.165639 380378 -0.0432659 1.43648
0.005735 2336.3 0.0425239 380373 -0.0516169 0.554439
0.005995 2342.38 0.0494417 380373 -0.0694552 0.553236
0.001245 1445.55 0.156928 380374 0.0547523 0.900851
0.001555 1590.53 0.143315 380374 0.0516672 0.818902
0.000175 1119.61 0.186673 380374 0.0534518 1.16292
0.004475 2302.02 0.0529263 380373 -0.0233829 0.563912
0.003765 2277.81 0.0656618 380373 -0.00522714 0.57106
0.007285 467.337 0.219917 380374 -0.00260961 2.80672
0.006925 885.917 0.167781 380378 -0.0415062 1.46774
0.005745 2337.09 0.0426151 380373 -0.0519674 0.554261
0.006005 2341.53 0.0499419 380373 -0.0706329 0.553441
0.001255 1450.11 0.156503 380374 0.0546817 0.898019
0.003775 2278.48 0.0654465 380373 -0.00550909 0.570877
0.001565 1595.26 0.142867 380374 0.051538 0.816478
0.000185 1120.42 0.186601 380374 0.0534831 1.16208
0.007295 462.622 0.220671 380374 -0.00213321 2.83598
0.006935 866.984 0.169882 380378 -0.0396401 1.50011
0.005755 2337.86 0.0427167 380373 -0.0523358 0.554087
0.006015 2340.55 0.0504617 380373 -0.0718502 0.553677
0.001265 1454.69 0.156076 380374 0.0546092 0.895198
0.003785 2279.14 0.0652322 380373 -0.00579034 0.570696
0.006025 2339.44 0.0510011 380373 -0.0731043 0.553944
0.001275 1459.28 0.155648 380374 0.0545346 0.892388
0.003795 2279.8 0.0650191 380373 -0.00607075 0.570518
0.001575 1600 0.142419 380374 0.0514071 0.814067
0.006035 2338.02 0.0515594 380346 -0.0743421 0.554243
0.000195 1121.28 0.186525 380374 0.0535158 1.16119
0.007305 458.109 0.221388 380374 -0.00169011 2.86456
0.006945 848.228 0.171942 380381 -0.0374562 1.53361
0.000205 1122.18 0.186444 380374 0.0535498 1.16025
0.003805 2280.38 0.0648071 380373 -0.00635091 0.570359
0.007315 453.79 0.222069 380374 -0.00127697 2.89246
0.006045 2328.32 0.0521388 380373 -0.0754495 0.556594
0.006955 831.405 0.173962 380378 -0.0364738 1.56497
0.000215 1123.13 0.186359 380374 0.0535851 1.15927
0.003815 2280.95 0.0645961 380373 -0.0066299 0.570202
0.007325 449.658 0.222716 380374 -0.000891132 2.91968
0.001585 1604.73 0.14197 380374 0.0512744 0.811671
0.006055 2318.31 0.0527393 380373 -0.0764447 0.558998
0.006965 814.776 0.175941 380378 -0.0349375 1.59726
0.000225 1124.13 0.18627 380374 0.0536217 1.15823
0.003825 2281.51 0.0643863 380373 -0.00690818 0.570047
0.007335 445.703 0.223329 380374 -0.000517535 2.9462
0.006065 2308.16 0.0533608 380373 -0.077435 0.561457
0.001595 1609.47 0.141522 380374 0.05114 0.809289
0.006975 798.333 0.17788 380378 -0.0334506 1.63053
0.000235 1125.18 0.186176 380374 0.0536594 1.15715
0.003835 2282.05 0.0641776 380373 -0.00718569 0.569895
0.007345 442.284 0.22391 380374 -0.000232535 2.96958
0.006075 2297.87 0.0540034 380373 -0.0784111 0.563971
0.006985 782.071 0.17978 380378 -0.0319883 1.6648
0.000245 1126.28 0.186078 380374 0.0536983 1.15602
0.007355 439.03 0.224459 380374 5.61823e-05 2.99219
0.006995 765.989 0.181643 380378 -0.0305537 1.70015
0.000255 1127.43 0.185976 380374 0.0537383 1.15484
0.007005 750.083 0.183468 380378 -0.0291473 1.7366
0.000265 1128.62 0.185869 380374 0.0537794 1.15362
0.007015 734.352 0.185258 380378 -0.0275661 1.77421
0.000275 1129.87 0.185758 380374 0.0538214 1.15235
0.007025 718.809 0.187012 380380 -0.0259625 1.81302
0.000285 1131.16 0.185642 380374 0.0538643 1.15103
0.007035 705.015 0.188732 380377 -0.0250305 1.84892
0.000295 1132.5 0.185522 380374 0.0539082 1.14966
0.000305 1133.89 0.185398 380374 0.0539528 1.14825
0.000315 1135.34 0.185269 380374 0.0539982 1.14679
