0.004805 2312.38 0.0548361 406636 -0.178998 0.600291
0.004815 2311.98 0.0548515 406636 -0.179411 0.600383
0.004825 2311.57 0.0548694 406636 -0.179824 0.60048
0.004835 2311.15 0.0548898 406636 -0.180238 0.600581
0.004845 2310.71 0.0549126 406636 -0.180653 0.600687
0.004855 2310.24 0.0549379 406636 -0.181068 0.600797
0.004865 2309.77 0.0549656 406636 -0.181485 0.600912
0.004875 2309.27 0.0549958 406636 -0.1819 0.601031
0.004885 2308.65 0.0550284 406636 -0.182312 0.601183
0.004895 2308.01 0.0550634 406636 -0.182724 0.601339
0.004905 2307.36 0.0551009 406636 -0.183137 0.6015
0.004915 2306.69 0.0551407 406636 -0.183553 0.601665
0.004925 2306 0.055183 406636 -0.18397 0.601835
0.004935 2305.29 0.0552276 406636 -0.184389 0.602009
0.004945 2304.56 0.0552746 406636 -0.18481 0.602188
0.004955 2303.82 0.055324 406636 -0.185232 0.602372
0.004965 2303.06 0.0553757 406636 -0.185655 0.602561
0.004975 2302.28 0.0554298 406636 -0.18608 0.602755
0.004985 2301.48 0.0554862 406636 -0.186507 0.602954
0.004995 2300.66 0.0555449 406636 -0.186934 0.603157
0.005005 2299.82 0.0556058 406636 -0.187363 0.603366
0.004165 2309.34 0.0587707 406636 -0.15418 0.601632
0.005015 2298.96 0.0556691 406636 -0.187792 0.60358
0.004175 2309.7 0.058641 406636 -0.154556 0.601527
0.005025 2298.08 0.0557346 406636 -0.188223 0.6038
0.004485 2316.99 0.0556347 406636 -0.166295 0.59937
0.004185 2310.06 0.0585132 406636 -0.154932 0.601425
0.004495 2317.04 0.0555727 406636 -0.166679 0.599348
0.005035 2297.18 0.0558023 406636 -0.188655 0.604024
0.004505 2317.07 0.0555129 406636 -0.167063 0.59933
0.004515 2317.1 0.0554556 406636 -0.167448 0.599315
0.004525 2317.11 0.0554007 406636 -0.167835 0.599304
0.004195 2310.4 0.0583874 406636 -0.155307 0.601326
0.005045 2296.27 0.0558722 406636 -0.189088 0.604254
0.004535 2317.11 0.0553482 406636 -0.16822 0.599296
0.004545 2317.1 0.0552978 406636 -0.168607 0.599291
0.004555 2317.07 0.0552498 406636 -0.168993 0.59929
0.005125 2288.18 0.0565081 406636 -0.192591 0.606292
0.004565 2317.06 0.0552042 406636 -0.169383 0.599285
0.004205 2310.74 0.0582635 406636 -0.155682 0.60123
0.005055 2295.33 0.0559443 406636 -0.189522 0.604489
0.005135 2287.08 0.0565968 406636 -0.193034 0.606573
0.004575 2317.03 0.0551609 406636 -0.169773 0.599283
0.005145 2285.95 0.0566874 406636 -0.193479 0.606859
0.004585 2316.99 0.05512 406636 -0.170164 0.599285
0.005155 2284.8 0.0567799 406636 -0.193924 0.607152
0.004595 2316.94 0.0550815 406636 -0.170556 0.599291
0.005165 2283.62 0.0568743 406636 -0.194371 0.60745
0.004605 2316.87 0.0550454 406636 -0.170949 0.5993
0.004215 2311.06 0.0581416 406636 -0.156056 0.601138
0.005065 2294.37 0.0560185 406636 -0.189957 0.60473
0.005175 2282.43 0.0569705 406636 -0.194819 0.607755
0.004615 2316.79 0.0550117 406636 -0.171342 0.599313
0.005185 2281.21 0.0570686 406636 -0.195268 0.608066
0.004625 2316.69 0.0549804 406636 -0.171737 0.599329
0.000965 1410.5 0.162209 406637 -0.0472169 0.986486
0.005195 2279.97 0.0571683 406635 -0.195711 0.608384
0.004635 2316.58 0.0549515 406636 -0.172133 0.59935
0.004225 2311.37 0.0580216 406636 -0.15643 0.601048
0.005075 2293.39 0.056095 406636 -0.190393 0.604976
0.005205 2278.41 0.0572699 406636 -0.196143 0.608786
0.004645 2316.46 0.054925 406636 -0.172529 0.599374
0.005215 2276.84 0.0573732 406636 -0.196571 0.609193
0.005225 2275.24 0.0574781 406636 -0.197003 0.609607
0.004655 2316.32 0.054901 406636 -0.172926 0.599401
0.005235 2273.62 0.0575847 406636 -0.197437 0.610027
0.004665 2316.16 0.0548795 406636 -0.173324 0.599433
0.004235 2311.67 0.0579036 406636 -0.156805 0.600961
0.000975 1414.43 0.161849 406637 -0.0473589 0.983754
0.005085 2292.39 0.0561735 406636 -0.19083 0.605228
0.005245 2271.98 0.0576929 406636 -0.197873 0.610453
0.004675 2315.99 0.0548603 406636 -0.173723 0.599468
0.005255 2270.32 0.0578026 406636 -0.198311 0.610885
0.004685 2315.81 0.0548437 406636 -0.174123 0.599507
0.005265 2268.64 0.0579138 406636 -0.198749 0.611324
0.004695 2315.61 0.0548295 406636 -0.174524 0.59955
0.004245 2312.03 0.0577876 406636 -0.157183 0.600859
0.001285 1543.86 0.149909 406637 -0.0525901 0.901501
0.000985 1418.38 0.161488 406637 -0.0475025 0.981022
0.005275 2266.93 0.0580265 406636 -0.199189 0.611769
0.004705 2315.39 0.0548177 406636 -0.174926 0.599597
0.005095 2291.37 0.0562541 406636 -0.191268 0.605485
0.005285 2265.2 0.0581407 406636 -0.199629 0.612221
0.001295 1548.21 0.149505 406637 -0.0527867 0.898975
0.004255 2312.37 0.0576736 406636 -0.157561 0.60076
0.004715 2315.16 0.0548084 406636 -0.175329 0.599648
0.005295 2263.45 0.0582562 406636 -0.20007 0.612679
0.001305 1552.57 0.149099 406637 -0.052985 0.896458
0.004725 2314.92 0.0548016 406636 -0.175733 0.599703
0.000995 1422.34 0.161124 406637 -0.0476477 0.978293
0.005305 2261.68 0.058373 406636 -0.20051 0.613144
0.001315 1556.93 0.148693 406637 -0.0531852 0.893953
0.005105 2290.33 0.0563367 406636 -0.191708 0.605749
0.004735 2314.66 0.0547973 406636 -0.176138 0.599762
0.005315 2259.89 0.0584912 406636 -0.200949 0.613616
0.001325 1561.3 0.148285 406637 -0.0533871 0.891457
0.004265 2312.71 0.0575617 406636 -0.157939 0.600665
0.004745 2314.38 0.0547954 406636 -0.176543 0.599825
0.001335 1565.68 0.147877 406637 -0.0535909 0.888973
0.005325 2258.07 0.0586105 406636 -0.201388 0.614095
5e-06 1188.99 0.182231 406636 -0.0398699 1.16992
0.001345 1570.06 0.147469 406637 -0.0537964 0.886499
0.005335 2256.23 0.0587311 406636 -0.201826 0.61458
0.001005 1426.33 0.160759 406637 -0.0477945 0.975567
0.004755 2314.09 0.054796 406636 -0.17695 0.599892
1.5e-05 1189.06 0.182225 406637 -0.0398887 1.16985
0.005115 2289.27 0.0564214 406636 -0.192149 0.606017
0.001355 1574.45 0.147059 406637 -0.0540037 0.884036
0.005345 2254.37 0.0588529 406636 -0.202263 0.615072
0.004275 2313.03 0.0574517 406636 -0.158316 0.600572
0.004765 2313.78 0.054799 406636 -0.177358 0.599963
2.5e-05 1189.18 0.182214 406637 -0.0399057 1.16973
0.001365 1578.84 0.146649 406637 -0.0542129 0.881585
0.005355 2252.49 0.0589757 406636 -0.202701 0.61557
0.004775 2313.45 0.0548046 406636 -0.177766 0.600039
3.5e-05 1189.37 0.182197 406637 -0.0399228 1.16955
0.001015 1430.33 0.160392 406637 -0.0479429 0.972843
0.001375 1583.24 0.146238 406637 -0.0544238 0.879144
0.005365 2250.58 0.0590996 406636 -0.203139 0.616076
0.004285 2313.34 0.0573438 406636 -0.158694 0.600483
0.004785 2313.11 0.0548126 406636 -0.178176 0.600119
4.5e-05 1189.61 0.182175 406637 -0.03994 1.16931
0.001385 1587.64 0.145827 406637 -0.0546366 0.876715
0.005375 2248.65 0.0592245 406636 -0.203578 0.616588
0.005765 2146.63 0.0643771 406636 -0.21816 0.645207
0.004795 2312.75 0.0548231 406636 -0.178587 0.600203
0.001025 1434.36 0.160023 406637 -0.048093 0.970122
5.5e-05 1189.92 0.182148 406637 -0.0399575 1.16901
0.001395 1592.04 0.145415 406637 -0.0548512 0.874297
0.005385 2246.7 0.0593504 406636 -0.20402 0.617107
0.005775 2143.5 0.064505 406636 -0.218456 0.646132
0.004295 2313.64 0.057238 406636 -0.159072 0.600397
6.5e-05 1190.29 0.182115 406637 -0.0399755 1.16865
0.004305 2313.93 0.0571342 406636 -0.159449 0.600314
0.005395 2244.73 0.0594772 406636 -0.204464 0.617633
0.001035 1438.4 0.159652 406637 -0.0482447 0.967405
0.005785 2140.36 0.0646324 406636 -0.218749 0.647061
0.004315 2314.2 0.0570325 406636 -0.159827 0.600234
0.001605 1684.77 0.136673 406637 -0.0597892 0.826315
0.004325 2314.46 0.0569329 406636 -0.160205 0.600158
0.001045 1442.45 0.159279 406637 -0.048398 0.964692
0.003845 2291.75 0.0638636 406636 -0.141969 0.606559
0.005405 2242.74 0.0596048 406636 -0.204909 0.618166
0.001615 1689.17 0.136255 406637 -0.060045 0.824168
7.5e-05 1190.71 0.182077 406637 -0.039994 1.16823
0.004335 2314.71 0.0568354 406636 -0.160583 0.600085
0.001055 1446.52 0.158905 406637 -0.048553 0.961983
0.005795 2137.22 0.0647591 406636 -0.219037 0.647994
0.004345 2314.95 0.0567401 406636 -0.160961 0.600014
0.001625 1693.57 0.135836 406637 -0.0603027 0.822035
0.001065 1450.61 0.158529 406637 -0.0487097 0.959278
0.006085 2057.2 0.0680965 406636 -0.224295 0.672682
0.005415 2240.72 0.0597332 406636 -0.205357 0.618706
0.004355 2315.17 0.0566468 406636 -0.16134 0.599947
0.001075 1454.72 0.158152 406637 -0.048868 0.956578
0.001635 1697.96 0.135418 406637 -0.0605623 0.819914
0.003855 2292.45 0.0636786 406636 -0.142349 0.606363
8.5e-05 1191.2 0.182034 406637 -0.0400133 1.16775
0.005805 2134.08 0.0648851 406636 -0.219319 0.648931
0.006095 2055.03 0.0681966 406636 -0.224399 0.673373
0.001085 1458.84 0.157773 406637 -0.049028 0.953884
0.004365 2315.39 0.0565558 406636 -0.161719 0.599883
0.001645 1702.35 0.135 406637 -0.0608238 0.817806
0.005425 2238.69 0.0598625 406636 -0.205803 0.619252
0.005445 2234.55 0.0601229 406636 -0.206688 0.620365
0.006105 2052.88 0.0682952 406636 -0.224498 0.674057
0.001095 1462.97 0.157392 406637 -0.0491897 0.951195
0.004375 2315.59 0.0564668 406636 -0.162098 0.599823
0.001655 1706.73 0.134581 406637 -0.0610871 0.815711
0.003865 2293.14 0.0634951 406636 -0.142729 0.606171
9.5e-05 1191.74 0.181985 406637 -0.0400337 1.16722
0.005815 2130.94 0.0650105 406636 -0.219595 0.649872
0.006115 2050.77 0.0683923 406636 -0.224593 0.674732
0.001105 1467.12 0.15701 406637 -0.0493531 0.948512
0.004385 2315.78 0.0563801 406636 -0.162477 0.599765
0.005455 2232.44 0.0602541 406635 -0.207114 0.620932
0.001665 1711.11 0.134163 406637 -0.0613524 0.813629
0.005435 2236.63 0.0599924 406636 -0.206248 0.619805
0.006125 2048.68 0.0684877 406636 -0.224684 0.6754
0.001115 1471.29 0.156626 406637 -0.0495182 0.945835
0.004395 2315.96 0.0562955 406636 -0.162857 0.599711
0.001675 1715.49 0.133745 406637 -0.0616195 0.811561
0.005465 2229.92 0.0603858 406636 -0.207512 0.621621
0.003875 2293.82 0.0633132 406636 -0.143108 0.605982
0.001125 1475.47 0.156241 406637 -0.049685 0.943164
0.006135 2046.62 0.0685813 406636 -0.224772 0.67606
0.000105 1192.34 0.181931 406637 -0.0400553 1.16664
0.000325 1219.22 0.179527 406637 -0.0409595 1.14095
0.000115 1193 0.181872 406637 -0.0400782 1.16599
0.006405 2003.63 0.0696235 406636 -0.226163 0.689884
0.000125 1193.72 0.181808 406637 -0.0401028 1.16529
0.000645 1297.69 0.172469 406637 -0.0434516 1.07206
0.000335 1221.02 0.179366 406637 -0.0410187 1.13927
0.000135 1194.49 0.181739 406637 -0.040129 1.16454
0.006415 2002.48 0.0695586 406636 -0.226269 0.690249
0.003525 2262.29 0.0705729 406636 -0.129536 0.614791
0.000345 1222.87 0.179201 406637 -0.0410793 1.13755
0.000655 1300.77 0.172191 406637 -0.0435486 1.06953
0.000145 1195.32 0.181665 406637 -0.040157 1.16374
0.006425 2001.27 0.0694815 406620 -0.226231 0.690608
0.006725 1736.59 0.072825 406637 -0.195881 0.795059
0.000665 1303.88 0.171909 406637 -0.0436468 1.06698
0.000355 1224.76 0.179032 406637 -0.0411412 1.1358
0.006435 1994.84 0.0693905 406636 -0.225846 0.692829
0.000155 1196.2 0.181586 406637 -0.0401868 1.16288
0.003535 2263.43 0.0703411 406636 -0.129937 0.614472
0.007365 506.079 0.214321 406638 -0.00626348 2.76555
0.000675 1307.02 0.171625 406637 -0.0437462 1.06442
0.000365 1226.69 0.178858 406637 -0.0412045 1.13401
0.006445 1988.44 0.069285 406636 -0.225253 0.695029
0.006735 1720.64 0.0736402 406637 -0.192395 0.802431
0.000165 1197.14 0.181503 406637 -0.0402185 1.16197
0.003545 2264.55 0.0701108 406636 -0.130338 0.614157
0.000685 1310.19 0.171338 406637 -0.0438468 1.06184
0.007375 498.786 0.215409 406637 -0.00532658 2.8068
0.007045 1141.71 0.136042 406647 -0.101933 1.21333
0.006455 1982.16 0.0691641 406636 -0.22462 0.697201
0.000375 1228.67 0.178681 406637 -0.0412689 1.13219
0.000175 1198.13 0.181414 406637 -0.0402521 1.16101
0.000695 1313.4 0.171048 406637 -0.0439487 1.05926
0.003555 2265.66 0.0698818 406636 -0.130739 0.613846
0.006745 1705.23 0.0744004 406637 -0.188824 0.809687
0.007385 491.845 0.216433 406638 -0.00448887 2.84722
0.006465 1976 0.0690268 406636 -0.223929 0.699343
0.000185 1199.18 0.18132 406637 -0.0402875 1.15999
0.007055 1106.28 0.139661 406647 -0.0964655 1.25249
0.000385 1230.7 0.178499 406637 -0.0413347 1.13032
0.000705 1316.64 0.170755 406637 -0.0440518 1.05666
0.001925 1822.35 0.123377 406637 -0.0689197 0.764088
0.003565 2266.75 0.0696542 406636 -0.13114 0.61354
0.006755 1690.38 0.0751006 406637 -0.185141 0.816803
0.006475 1969.97 0.0688719 406636 -0.223176 0.701449
0.007395 485.881 0.217395 406636 -0.00367316 2.88294
0.000195 1200.28 0.181222 406637 -0.0403248 1.15893
0.007065 1071.27 0.143225 406654 -0.0902228 1.29377
0.000395 1232.77 0.178313 406637 -0.0414017 1.12843
0.000715 1319.91 0.170458 406637 -0.0441562 1.05404
0.001935 1826.49 0.122968 406637 -0.0692364 0.762358
0.003575 2267.83 0.069428 406636 -0.131541 0.613238
0.006765 1676.14 0.0757331 406637 -0.181318 0.823752
0.006485 1964.1 0.0686984 406636 -0.222358 0.703516
0.007405 480.232 0.218298 406637 -0.00322197 2.91762
0.000205 1201.43 0.181119 406637 -0.0403638 1.15782
0.007075 1041.01 0.146738 406646 -0.0873174 1.33169
0.000405 1234.88 0.178124 406637 -0.0414698 1.1265
0.000725 1323.21 0.170159 406637 -0.0442618 1.05142
0.001945 1830.62 0.122559 406637 -0.0695549 0.760641
0.003585 2268.9 0.0692032 406636 -0.13194 0.61294
0.006495 1958.38 0.0685051 406636 -0.221471 0.705536
0.006775 1662.54 0.0762855 406637 -0.177334 0.830505
0.007415 474.876 0.219145 406637 -0.00257615 2.95127
0.000215 1202.64 0.181011 406637 -0.0404046 1.15666
0.007085 1011.24 0.150188 406646 -0.0829339 1.37127
0.000415 1237.04 0.17793 406637 -0.0415392 1.12454
0.000735 1326.54 0.169858 406637 -0.0443688 1.04879
0.006505 1952.84 0.0682909 406636 -0.220512 0.707506
0.001955 1834.74 0.122151 406637 -0.0698752 0.758936
0.003595 2269.94 0.0689797 406636 -0.132338 0.612646
0.006785 1649.61 0.0767414 406637 -0.1732 0.837029
0.000225 1203.9 0.180899 406637 -0.0404472 1.15545
0.007425 469.793 0.219939 406637 -0.00205878 2.98392
0.007095 981.922 0.153572 406646 -0.078614 1.4126
0.000425 1239.24 0.177733 406637 -0.0416098 1.12254
0.000745 1329.9 0.169553 406637 -0.0444771 1.04614
0.006515 1947.49 0.0680546 406636 -0.21948 0.709418
0.001965 1838.85 0.121744 406637 -0.0701973 0.757245
0.003605 2270.98 0.0687577 406636 -0.132735 0.612357
0.006795 1637.4 0.0770848 406637 -0.169022 0.843296
0.000235 1205.21 0.180782 406637 -0.0404914 1.1542
0.007435 464.963 0.220683 406637 -0.00156787 3.01562
0.007105 953.07 0.156889 406647 -0.0744097 1.45578
0.000435 1241.48 0.177531 406637 -0.0416816 1.12052
0.006525 1942.33 0.0677953 406636 -0.218377 0.711269
0.000755 1333.29 0.169245 406637 -0.0445867 1.04349
0.001975 1842.94 0.121337 406637 -0.0705212 0.755566
0.003615 2272 0.0685371 406636 -0.133131 0.612072
0.000245 1206.57 0.18066 406637 -0.0405372 1.1529
0.006805 1625.92 0.0773091 406638 -0.164282 0.849283
0.007115 924.683 0.160138 406647 -0.0702845 1.50091
0.007445 460.847 0.22138 406637 -0.00123022 3.04322
0.006535 1937.39 0.0675119 406636 -0.217207 0.713051
0.000445 1243.77 0.177326 406637 -0.0417545 1.11846
0.000765 1336.71 0.168935 406637 -0.0446976 1.04082
0.001985 1847.02 0.120931 406637 -0.0708468 0.753901
0.003625 2273 0.0683178 406636 -0.133526 0.611791
0.000255 1207.98 0.180534 406637 -0.0405847 1.15156
0.007125 896.766 0.163318 406647 -0.066211 1.54811
0.006815 1615.17 0.0774475 406635 -0.169047 0.85498
0.006545 1932.68 0.0672037 406636 -0.215973 0.714759
0.007455 456.956 0.222031 406636 -0.000890055 3.06978
0.000775 1340.15 0.168622 406637 -0.0448098 1.03815
0.000455 1246.09 0.177117 406637 -0.0418286 1.11638
0.001995 1851.09 0.120525 406637 -0.0711742 0.752247
0.000265 1209.44 0.180403 406637 -0.0406338 1.15017
0.003635 2273.99 0.0681 406636 -0.133919 0.611515
0.007135 869.324 0.166427 406647 -0.0618327 1.59747
0.006825 1603.48 0.079215 406638 -0.173756 0.861268
0.006555 1928.2 0.0668699 406636 -0.214686 0.716388
0.007465 453.274 0.22264 406636 -0.000597058 3.09533
0.000785 1343.63 0.168307 406637 -0.0449234 1.03547
0.000465 1248.46 0.176905 406637 -0.0419038 1.11426
0.000275 1210.95 0.180268 406637 -0.0406844 1.14874
0.002005 1855.14 0.12012 406637 -0.0715033 0.750607
0.007145 842.404 0.169461 406651 -0.0566652 1.64905
0.003645 2274.97 0.0678836 406636 -0.134311 0.611242
0.006835 1592.52 0.0809388 406637 -0.169213 0.867259
0.006565 1923.97 0.0665101 406636 -0.213354 0.717934
0.007475 449.787 0.223208 406636 -0.000341891 3.11993
0.000795 1347.13 0.167988 406637 -0.0450384 1.03278
0.000475 1250.87 0.176688 406637 -0.0419801 1.11212
0.000285 1212.51 0.180129 406637 -0.0407365 1.14726
0.002015 1859.18 0.119716 406637 -0.0718342 0.748979
0.007155 819.101 0.17242 406645 -0.0544327 1.69649
0.003655 2275.93 0.0676687 406636 -0.134701 0.610974
0.006845 1582.25 0.0826366 406637 -0.165467 0.872946
0.006575 1919.99 0.0661241 406636 -0.211989 0.719392
0.000805 1350.66 0.167667 406637 -0.0451548 1.03009
0.007485 446.481 0.223738 406637 -0.000111175 3.14359
0.000295 1214.11 0.179985 406637 -0.0407901 1.14574
0.000485 1253.32 0.176468 406637 -0.0420576 1.10995
0.002025 1863.2 0.119312 406637 -0.0721668 0.747364
0.007165 796.383 0.175295 406645 -0.0508592 1.74546
0.003665 2276.87 0.0674551 406636 -0.135091 0.61071
0.006855 1572.68 0.0843174 406637 -0.161757 0.878324
0.006585 1916.27 0.065712 406636 -0.210603 0.72076
0.000815 1354.22 0.167344 406637 -0.0452726 1.02739
0.007495 443.705 0.224231 406636 3.86077e-05 3.16379
0.000305 1215.77 0.179836 406637 -0.0408451 1.14419
0.000495 1255.81 0.176244 406637 -0.0421362 1.10775
0.002035 1867.21 0.118909 406637 -0.072501 0.745761
0.007175 774.242 0.178086 406645 -0.0474156 1.79598
0.003675 2277.81 0.067243 406636 -0.13548 0.610446
0.006865 1563.79 0.0859708 406637 -0.158064 0.883381
0.006595 1912.82 0.065274 406636 -0.209207 0.722034
0.000825 1357.8 0.167018 406637 -0.0453918 1.02469
0.000315 1217.47 0.179684 406637 -0.0409016 1.14259
0.007505 441.092 0.22469 406636 0.000183215 3.18305
0.000505 1258.34 0.176017 406637 -0.042216 1.10553
0.002045 1871.21 0.118507 406637 -0.072837 0.744171
0.007185 752.682 0.180791 406645 -0.0439715 1.84806
0.003685 2278.74 0.0670324 406636 -0.135868 0.610187
0.006605 1909.63 0.0648107 406636 -0.20781 0.723213
0.002885 2148.2 0.0881173 406636 -0.104413 0.648029
0.006615 1906.7 0.0643228 406636 -0.206462 0.724296
0.003205 2216.48 0.0786903 406637 -0.11749 0.627817
0.006625 1904.04 0.0638113 406637 -0.204482 0.725284
0.002895 2150.73 0.0878035 406637 -0.104816 0.647262
0.006635 1901.4 0.0633002 406589 -0.214597 0.72618
0.003215 2218.22 0.0784165 406637 -0.117903 0.627314
0.002905 2153.23 0.0874908 406637 -0.105217 0.646502
0.006645 1881.51 0.0645297 406638 -0.223622 0.733919
0.002245 1947.8 0.110627 406637 -0.0798886 0.714932
0.003225 2219.95 0.078144 406637 -0.118314 0.626817
0.006655 1861.82 0.0657312 406637 -0.219393 0.741659
0.002915 2155.72 0.0871794 406637 -0.105617 0.645749
0.002565 2055.72 0.0987996 406637 -0.0919055 0.677351
0.003235 2221.66 0.0778727 406637 -0.118722 0.626325
0.006665 1842.57 0.0668866 406637 -0.216045 0.74939
0.002255 1951.46 0.110242 406637 -0.0802563 0.713594
0.002925 2158.19 0.0868692 406637 -0.106017 0.645003
0.001405 1596.45 0.145002 406637 -0.0550676 0.871891
0.003245 2223.35 0.0776027 406637 -0.119123 0.62584
0.006675 1823.75 0.0679955 406637 -0.212685 0.757104
0.002575 2058.8 0.0984476 406637 -0.0922929 0.676333
0.002935 2160.64 0.0865602 406637 -0.106417 0.644265
0.002265 1955.09 0.109858 406637 -0.0806256 0.712267
0.003255 2225.02 0.077334 406637 -0.119514 0.62536
0.006685 1805.39 0.0690577 406637 -0.209349 0.764792
0.001415 1600.86 0.144589 406637 -0.0552859 0.869496
0.004405 2316.12 0.0562132 406636 -0.163238 0.59966
0.002585 2061.96 0.0980967 406637 -0.0926809 0.675292
0.002275 1958.71 0.109474 406637 -0.0809964 0.710952
0.005825 2127.79 0.0651352 406636 -0.219864 0.650815
0.002945 2163.07 0.0862525 406637 -0.106819 0.643533
0.006695 1787.48 0.0700726 406637 -0.206018 0.772444
0.003265 2226.67 0.0770666 406636 -0.119889 0.624887
0.001425 1605.27 0.144176 406637 -0.055506 0.867113
0.004415 2316.27 0.056133 406636 -0.163618 0.599612
0.002595 2065.11 0.097747 406636 -0.0930658 0.67426
0.002285 1962.31 0.109092 406637 -0.0813687 0.709648
0.005835 2124.64 0.0652592 406636 -0.220124 0.651762
0.002955 2165.48 0.0859461 406636 -0.107222 0.642809
0.003275 2228.26 0.0768005 406636 -0.120242 0.624432
0.006705 1770.03 0.0710395 406637 -0.202674 0.780049
0.001435 1609.68 0.143762 406637 -0.0557279 0.864742
0.004425 2316.41 0.056055 406636 -0.163999 0.599568
0.002605 2068.22 0.0973984 406637 -0.0934464 0.673241
0.002295 1965.89 0.108711 406637 -0.0817424 0.708355
0.005845 2121.5 0.0653825 406636 -0.220376 0.65271
0.003285 2229.83 0.0765357 406636 -0.120571 0.623983
0.002965 2167.8 0.0856408 406637 -0.107623 0.642115
0.006715 1753.06 0.0719575 406637 -0.199301 0.787593
0.001445 1614.1 0.143347 406637 -0.0559518 0.862383
0.004435 2316.54 0.0559793 406636 -0.164381 0.599527
0.002615 2071.31 0.0970509 406637 -0.0938224 0.672232
0.001685 1719.86 0.133327 406637 -0.0618886 0.809505
0.002625 2074.39 0.0967046 406637 -0.0941955 0.67123
0.005475 2227.36 0.0605181 406636 -0.207895 0.622316
0.001135 1479.66 0.155855 406637 -0.0498535 0.9405
0.001695 1724.22 0.132909 406637 -0.0621595 0.807462
0.002635 2077.45 0.0963595 406637 -0.0945675 0.670237
0.006145 2044.59 0.0686729 406636 -0.224855 0.676711
0.005485 2224.8 0.0606509 406636 -0.208273 0.623017
0.001705 1728.58 0.132491 406637 -0.0624323 0.805433
0.003885 2294.48 0.0631328 406636 -0.143488 0.605796
0.001145 1483.86 0.155467 406637 -0.0500238 0.937843
0.002645 2080.5 0.0960155 406637 -0.0949397 0.669251
0.005495 2222.21 0.0607841 406636 -0.208647 0.623725
0.006155 2042.59 0.0687626 406636 -0.224935 0.677353
0.001715 1732.93 0.132073 406637 -0.0627071 0.803416
0.002055 1875.19 0.118106 406637 -0.0731747 0.742593
0.001155 1488.08 0.155077 406637 -0.0501957 0.935193
0.003895 2295.13 0.0629541 406636 -0.143867 0.605614
0.002655 2083.53 0.0956727 406637 -0.0953132 0.668274
0.006165 2040.62 0.06885 406636 -0.225012 0.677986
0.005505 2219.61 0.0609176 406636 -0.209017 0.624438
0.001725 1737.27 0.131656 406637 -0.0629837 0.801413
0.001165 1492.31 0.154687 406637 -0.0503694 0.932551
0.002065 1879.16 0.117705 406637 -0.0735141 0.741028
0.003905 2295.77 0.062777 406636 -0.144247 0.605436
0.002665 2086.54 0.095331 406637 -0.0956888 0.667304
0.006175 2038.68 0.0689351 406636 -0.225086 0.67861
0.005515 2217 0.0610515 406636 -0.209384 0.625158
0.001735 1741.61 0.131239 406637 -0.0632623 0.799422
0.001175 1496.55 0.154295 406637 -0.0505448 0.929916
0.002075 1883.11 0.117305 406637 -0.0738551 0.739475
0.003915 2296.4 0.0626015 406636 -0.144627 0.605261
0.006875 1555.6 0.0875792 406637 -0.154371 0.888103
0.002675 2089.54 0.0949906 406637 -0.0960671 0.666343
0.001745 1745.94 0.130822 406637 -0.0635428 0.797445
0.005525 2214.37 0.0611857 406636 -0.20975 0.625883
0.006185 2036.77 0.0690176 406636 -0.225157 0.679224
0.001185 1500.8 0.153902 406637 -0.050722 0.927289
0.002085 1887.04 0.116906 406637 -0.0741978 0.737935
0.003925 2297.01 0.0624277 406636 -0.145007 0.605089
0.002685 2092.52 0.0946513 406637 -0.0964484 0.665389
0.006885 1548.12 0.0891268 406637 -0.150713 0.892477
0.001755 1750.26 0.130405 406637 -0.0638251 0.795481
0.005535 2211.72 0.0613201 406636 -0.210117 0.626616
0.006195 2034.89 0.0690974 406636 -0.225226 0.679828
0.001195 1505.06 0.153507 406637 -0.0509009 0.92467
0.002095 1890.96 0.116507 406637 -0.0745421 0.736407
0.003935 2297.62 0.0622555 406636 -0.145388 0.604921
0.002695 2095.48 0.0943131 406637 -0.0968328 0.664443
0.006895 1541.34 0.0906043 406637 -0.147144 0.896493
0.001765 1754.58 0.129989 406637 -0.0641095 0.79353
0.005545 2209.05 0.0614547 406636 -0.210486 0.627354
0.006205 2033.05 0.0691743 406636 -0.225292 0.680422
0.001205 1509.33 0.153112 406637 -0.0510815 0.922059
0.002105 1894.87 0.116109 406637 -0.0748881 0.734891
0.003945 2298.26 0.0620849 406636 -0.145772 0.604741
0.002705 2098.43 0.0939762 406637 -0.0972201 0.663506
0.001775 1758.88 0.129573 406637 -0.0643957 0.791592
0.006905 1535.24 0.0920077 406637 -0.143709 0.90015
0.005555 2206.37 0.0615894 406636 -0.210856 0.628099
0.006215 2031.24 0.069248 406636 -0.225356 0.681005
0.001215 1513.62 0.152715 406637 -0.0512639 0.919458
0.002115 1898.76 0.115712 406637 -0.0752357 0.733388
0.003955 2298.89 0.061916 406636 -0.146156 0.604565
0.002715 2101.36 0.0936405 406637 -0.0976101 0.662577
0.001785 1763.18 0.129157 406637 -0.0646839 0.789667
0.006915 1529.81 0.0933372 406637 -0.140429 0.903449
0.005565 2203.68 0.0617242 406636 -0.211227 0.628849
0.006225 2029.47 0.0693183 406636 -0.225417 0.681577
0.001225 1517.91 0.152318 406637 -0.0514481 0.916864
0.002125 1902.63 0.115316 406637 -0.0755848 0.731896
0.003965 2299.51 0.0617487 406636 -0.146539 0.604393
0.002725 2104.26 0.0933059 406637 -0.0980025 0.661656
0.000835 1361.41 0.16669 406637 -0.0455124 1.02197
0.001795 1767.47 0.128741 406637 -0.064974 0.787755
0.006925 1525.01 0.0945944 406637 -0.137408 0.906399
0.005575 2200.97 0.061859 406636 -0.2116 0.629607
0.006235 2027.73 0.069385 406636 -0.225475 0.682139
0.001235 1522.21 0.151919 406637 -0.051634 0.91428
0.002135 1906.49 0.114921 406637 -0.0759355 0.730417
0.007195 731.701 0.18341 406644 -0.0409016 1.9017
0.003975 2300.12 0.0615832 406636 -0.146923 0.604224
0.002735 2107.15 0.0929726 406637 -0.098397 0.660743
0.001805 1771.75 0.128326 406637 -0.065266 0.785856
0.000845 1365.05 0.166359 406637 -0.0456344 1.01926
0.006935 1520.82 0.0957823 406637 -0.133543 0.909011
0.007515 438.629 0.225115 406636 0.000299154 3.2014
0.006245 2026.02 0.0694478 406636 -0.225529 0.682689
0.001245 1526.53 0.151519 406637 -0.0518217 0.911705
0.000515 1260.91 0.175786 406637 -0.0422968 1.10328
0.005585 2198.24 0.0619939 406636 -0.211972 0.63037
0.002145 1910.33 0.114526 406637 -0.0762878 0.72895
0.003985 2300.71 0.0614193 406636 -0.147306 0.604058
0.007205 711.3 0.185942 406645 -0.037309 1.95693
0.001815 1776.02 0.127911 406637 -0.0655599 0.783971
0.002745 2110.03 0.0926404 406637 -0.0987932 0.659839
0.000855 1368.71 0.166025 406637 -0.0457579 1.01654
0.006945 1516.87 0.0969206 406553 -0.145081 0.911302
0.006255 2024.35 0.0695064 406636 -0.225579 0.683227
0.007525 436.309 0.225509 406636 0.000391524 3.21889
0.001255 1530.85 0.151118 406637 -0.0520111 0.90914
0.005595 2195.5 0.0621287 406636 -0.212344 0.631139
0.000525 1263.51 0.175551 406637 -0.0423788 1.10101
0.003995 2301.29 0.0612571 406636 -0.14769 0.603896
0.002155 1914.15 0.114132 406637 -0.0766415 0.727495
0.007215 691.496 0.188384 406646 -0.0335555 2.0137
0.001825 1780.29 0.127497 406637 -0.0658558 0.782098
0.002755 2112.88 0.0923094 406637 -0.0991908 0.658943
0.000865 1372.39 0.165689 406637 -0.0458829 1.01382
0.006265 2022.72 0.0695605 406636 -0.225625 0.683754
0.006955 1477.75 0.10106 406644 -0.154708 0.935768
0.007535 434.122 0.225872 406636 0.000466971 3.23553
0.001265 1535.17 0.150716 406637 -0.0522024 0.906584
0.005605 2192.74 0.0622634 406636 -0.212713 0.631915
0.000535 1266.16 0.175313 406637 -0.0424619 1.09871
0.004005 2301.86 0.0610966 406636 -0.148074 0.603737
0.002165 1917.96 0.113739 406637 -0.0769968 0.726052
0.001835 1784.54 0.127083 406637 -0.0661536 0.780238
0.007225 674.388 0.190736 406643 -0.0316924 2.0655
0.002765 2115.71 0.0919797 406637 -0.0995895 0.658055
0.000875 1376.1 0.165351 406637 -0.0460094 1.01109
0.006275 2021.13 0.0696098 406636 -0.225666 0.684268
0.006965 1438.75 0.105165 406643 -0.146616 0.961281
0.007545 432.343 0.226206 406636 0.000499592 3.24924
0.001275 1539.51 0.150313 406637 -0.0523954 0.904037
0.005615 2189.98 0.062398 406636 -0.213081 0.632696
0.004015 2302.42 0.0609379 406636 -0.148457 0.603581
0.000545 1268.84 0.175071 406637 -0.0425462 1.09639
0.002175 1921.75 0.113347 406637 -0.0773535 0.724621
0.003695 2279.66 0.0668232 406636 -0.136253 0.609931
0.002185 1925.52 0.112956 406637 -0.0777115 0.723202
0.002305 1969.45 0.10833 406637 -0.0821174 0.707074
0.003705 2280.56 0.0666154 406636 -0.136637 0.60968
0.002195 1929.28 0.112565 406637 -0.078071 0.721794
0.001455 1618.52 0.142932 406637 -0.0561775 0.860036
0.002205 1933.02 0.112176 406637 -0.0784318 0.720398
0.003715 2281.45 0.0664091 406636 -0.137019 0.609433
0.002315 1972.99 0.107951 406637 -0.0824935 0.705803
0.001465 1622.94 0.142517 406637 -0.056405 0.857701
0.002215 1936.74 0.111787 406637 -0.0787939 0.719014
0.005855 2118.36 0.0655051 406636 -0.220618 0.653661
0.003725 2282.32 0.0662043 406636 -0.137401 0.609189
0.002325 1976.52 0.107573 406637 -0.0828704 0.704543
0.001475 1627.36 0.142101 406637 -0.0566345 0.855378
0.002225 1940.45 0.1114 406637 -0.0791574 0.717642
0.003295 2231.38 0.0762721 406636 -0.120877 0.623539
0.005865 2115.22 0.0656269 406636 -0.22085 0.654614
0.001485 1631.78 0.141685 406637 -0.0568659 0.853067
0.003735 2283.18 0.066001 406636 -0.137783 0.60895
0.002335 1980.03 0.107195 406637 -0.0832477 0.703294
0.002235 1944.14 0.111013 406637 -0.0795223 0.716281
0.003305 2232.92 0.0760099 406636 -0.121166 0.623101
0.005875 2112.09 0.0657481 406636 -0.221072 0.655568
0.001495 1636.2 0.141268 406637 -0.0570991 0.850769
0.003745 2284.03 0.0657991 406636 -0.138163 0.608714
0.002345 1983.52 0.106819 406637 -0.0836253 0.702056
0.003315 2234.43 0.0757489 406636 -0.121445 0.622668
0.005885 2108.96 0.0658684 406636 -0.221284 0.656522
0.001505 1640.62 0.140852 406637 -0.0573342 0.848483
0.003755 2284.86 0.0655988 406636 -0.138544 0.608482
0.002355 1986.99 0.106443 406637 -0.0840028 0.700829
0.002975 2170.1 0.0853368 406637 -0.108023 0.641428
0.003325 2235.93 0.0754892 406636 -0.121726 0.622241
0.005895 2105.84 0.0659881 406636 -0.221484 0.657476
0.001515 1645.05 0.140435 406637 -0.0575713 0.846209
0.004445 2316.65 0.0559059 406636 -0.164763 0.599489
0.003765 2285.68 0.0653999 406636 -0.138925 0.608254
0.002365 1990.44 0.106069 406637 -0.08438 0.699612
0.003335 2237.42 0.0752309 406636 -0.12202 0.621818
0.005905 2102.74 0.066107 406636 -0.221673 0.65843
0.001525 1649.47 0.140017 406637 -0.0578102 0.843948
0.002985 2172.37 0.0850341 406637 -0.108423 0.640748
0.003775 2286.48 0.0652025 406636 -0.139306 0.608029
0.002375 1993.87 0.105695 406637 -0.0847569 0.698406
0.004455 2316.76 0.0558347 406636 -0.165145 0.599454
0.003345 2238.88 0.0749738 406636 -0.122338 0.621401
0.005915 2099.64 0.0662251 406636 -0.22185 0.659383
0.001535 1653.89 0.1396 406637 -0.058051 0.8417
0.002995 2174.63 0.0847326 406637 -0.108825 0.640074
0.003785 2287.27 0.0650067 406636 -0.139686 0.607808
0.002385 1997.29 0.105323 406637 -0.0851333 0.69721
0.003355 2240.33 0.0747181 406636 -0.122684 0.620989
0.004465 2316.85 0.0557657 406636 -0.165528 0.599423
0.005925 2096.56 0.0663424 406636 -0.222014 0.660335
0.001545 1658.3 0.139182 406637 -0.0582937 0.839464
0.003005 2176.88 0.0844323 406637 -0.109228 0.639407
0.003795 2288.05 0.0648123 406636 -0.140067 0.607591
0.003365 2241.77 0.0744636 406636 -0.123062 0.620581
0.002395 2000.69 0.104952 406637 -0.0855094 0.696025
0.005935 2093.5 0.0664589 406636 -0.222168 0.661284
0.004475 2316.92 0.0556991 406636 -0.165911 0.599394
0.001555 1662.72 0.138764 406637 -0.0585382 0.83724
0.003015 2179.1 0.0841333 406637 -0.109634 0.638747
0.003375 2243.19 0.0742105 406636 -0.123466 0.620179
0.003805 2288.82 0.0646195 406636 -0.140448 0.607377
0.005625 2187.19 0.0625324 406636 -0.213445 0.633484
0.001845 1788.78 0.126669 406637 -0.0664534 0.778392
0.003815 2289.57 0.0644282 406636 -0.140828 0.607167
0.007235 657.901 0.192995 406642 -0.0290044 2.11802
0.005635 2184.4 0.0626667 406636 -0.213806 0.634277
0.002775 2118.52 0.0916511 406637 -0.099989 0.657175
0.001855 1793.02 0.126256 406637 -0.0667551 0.776558
0.003825 2290.31 0.0642385 406636 -0.141209 0.606961
0.000885 1379.83 0.165011 406637 -0.0461374 1.00836
0.007245 642.019 0.195161 406642 -0.0264668 2.17119
0.005645 2181.59 0.0628006 406636 -0.214163 0.635076
0.006285 2019.57 0.0696538 406636 -0.225702 0.68477
0.002785 2121.32 0.0913238 406637 -0.100389 0.656304
0.003835 2291.04 0.0640503 406636 -0.141589 0.606758
0.001865 1797.24 0.125843 406637 -0.0670586 0.774738
0.007255 626.732 0.197235 406642 -0.0240414 2.22495
0.000895 1383.59 0.164668 406637 -0.0462669 1.00563
0.004025 2302.96 0.0607809 406636 -0.148841 0.603429
0.006975 1400.19 0.109215 406644 -0.140594 0.987917
0.000905 1387.37 0.164323 406637 -0.046398 1.0029
0.004035 2303.49 0.0606256 406636 -0.149225 0.603279
0.000555 1271.56 0.174826 406637 -0.0426315 1.09405
0.007555 430.685 0.226512 406636 0.000526756 3.26212
0.000915 1391.17 0.163976 406637 -0.0465306 1.00016
0.004045 2304.01 0.0604721 406636 -0.149609 0.603134
0.006985 1362.06 0.113209 406644 -0.134613 1.01575
0.005945 2090.45 0.0665747 406636 -0.22229 0.66223
0.000565 1274.32 0.174577 406637 -0.0427181 1.09168
0.000925 1394.99 0.163627 406637 -0.0466647 0.997427
0.004055 2304.52 0.0603203 406636 -0.149993 0.602991
0.007565 429.141 0.22679 406636 0.00053745 3.2742
0.006995 1324.35 0.117149 406644 -0.128803 1.04487
0.005955 2087.44 0.0666895 406638 -0.222432 0.663171
0.000935 1398.84 0.163275 406637 -0.0468004 0.994691
0.000575 1277.12 0.174325 406637 -0.0428057 1.0893
0.004065 2305.02 0.0601703 406636 -0.150376 0.602852
0.007575 427.707 0.227043 406636 0.000535637 3.28549
0.007005 1287.05 0.121034 406645 -0.123147 1.07536
0.005965 2085 0.0668036 406636 -0.222614 0.663928
0.000945 1402.71 0.162922 406637 -0.0469376 0.991956
0.000585 1279.95 0.17407 406637 -0.0428945 1.08689
0.004075 2305.5 0.0600221 406636 -0.150759 0.602716
0.005975 2082.58 0.0669168 406636 -0.222787 0.664683
0.007585 426.377 0.22727 406636 0.000526087 3.29602
0.007015 1250.15 0.124866 406645 -0.117642 1.10733
0.000955 1406.59 0.162566 406637 -0.0470765 0.989221
0.000595 1282.82 0.173811 406637 -0.0429844 1.08446
0.004085 2305.98 0.0598758 406636 -0.151142 0.602583
0.005985 2080.17 0.0670291 406636 -0.222954 0.665434
0.007595 425.383 0.227472 406636 0.000502935 3.30399
0.002405 2004.07 0.104581 406637 -0.0858853 0.694849
0.001565 1667.14 0.138346 406637 -0.0587847 0.83503
0.007605 424.492 0.22765 406636 0.000488342 3.31115
0.002415 2007.43 0.104212 406637 -0.086261 0.693684
0.003025 2181.31 0.0838355 406637 -0.110043 0.638093
0.007615 423.707 0.227805 406636 0.000475516 3.31748
0.003385 2244.59 0.0739587 406636 -0.123889 0.619781
0.001575 1671.55 0.137928 406637 -0.059033 0.832832
0.002425 2010.77 0.103844 406637 -0.0866367 0.69253
0.003035 2183.49 0.083539 406636 -0.110453 0.637446
0.005655 2178.77 0.0629343 406636 -0.214518 0.635881
0.007625 423.028 0.227937 406636 0.000452385 3.32298
0.002795 2124.09 0.0909976 406637 -0.10079 0.655441
0.001585 1675.96 0.13751 406637 -0.0592832 0.830647
0.003395 2245.98 0.0737082 406636 -0.124322 0.619388
0.002435 2014.09 0.103476 406637 -0.0870125 0.691385
0.003045 2185.6 0.0832437 406637 -0.110864 0.636823
0.007635 422.445 0.228046 406636 0.000396757 3.32771
0.005665 2175.93 0.0630677 406636 -0.214869 0.636691
0.001595 1680.37 0.137092 406637 -0.0595353 0.828474
0.002805 2126.85 0.0906727 406637 -0.101191 0.654586
0.003405 2247.36 0.073459 406636 -0.124756 0.618999
0.007645 422.144 0.228133 406636 0.000309682 3.3302
0.006295 2018.05 0.0696924 406636 -0.225733 0.68526
0.001875 1801.45 0.125431 406637 -0.0673641 0.772931
0.007655 421.916 0.228198 406636 0.000214658 3.33208
0.007265 612.024 0.199217 406641 -0.0217454 2.27923
0.006305 2016.57 0.069725 406636 -0.22576 0.685737
0.007025 1213.63 0.128644 406646 -0.112281 1.14089
0.001885 1805.65 0.125019 406637 -0.0676715 0.771136
0.007665 421.76 0.228241 406636 0.000125418 3.33337
0.000605 1285.72 0.173549 406637 -0.0430755 1.08202
0.007275 597.88 0.201109 406641 -0.0194944 2.33398
0.006315 2015.13 0.0697513 406636 -0.225784 0.686202
0.004095 2306.44 0.0597312 406636 -0.151524 0.602453
0.007675 421.681 0.228262 406636 4.01139e-05 3.33403
0.001895 1809.84 0.124608 406637 -0.0679808 0.769355
0.007035 1177.49 0.13237 406646 -0.107048 1.17618
0.005995 2077.78 0.0671405 406636 -0.223115 0.666181
0.000615 1288.66 0.173284 406637 -0.0431678 1.07955
0.003055 2187.7 0.0829497 406637 -0.111274 0.636206
0.005675 2173.09 0.0632007 406636 -0.215217 0.637507
0.000625 1291.64 0.173015 406637 -0.0432612 1.07707
0.002445 2017.4 0.10311 406637 -0.0873884 0.690249
0.003065 2189.77 0.0826569 406637 -0.111686 0.635596
0.005685 2170.23 0.0633333 406636 -0.215563 0.638329
0.000635 1294.65 0.172744 406637 -0.0433558 1.07457
0.003075 2191.82 0.0823654 406637 -0.112098 0.634992
0.002455 2020.69 0.102745 406637 -0.0877644 0.689124
0.005695 2167.36 0.0634656 406636 -0.215905 0.639156
0.002815 2129.59 0.090349 406637 -0.101592 0.653738
0.003415 2248.72 0.0732111 406636 -0.125183 0.618615
0.005705 2164.48 0.0635973 406636 -0.216244 0.639988
0.007285 584.289 0.202911 406642 -0.0171358 2.38911
0.002825 2132.3 0.0900265 406637 -0.101994 0.652899
0.006325 2013.72 0.0697708 406636 -0.225805 0.686654
0.003425 2250.06 0.0729646 406636 -0.125602 0.618235
0.005715 2161.6 0.0637286 406636 -0.21658 0.640826
0.007295 572.477 0.204625 406640 -0.0157194 2.43925
0.002835 2135 0.0897053 406637 -0.102395 0.652068
0.003435 2251.39 0.0727194 406636 -0.126008 0.61786
0.004105 2306.89 0.0595884 406636 -0.151906 0.602326
0.006335 2012.35 0.0697831 406636 -0.225827 0.687094
0.002845 2137.68 0.0893852 406637 -0.102798 0.651245
0.007305 561.197 0.206252 406639 -0.0139972 2.48913
0.005725 2158.7 0.0638594 406636 -0.216913 0.641669
0.003445 2252.66 0.0724755 406636 -0.126404 0.617502
0.004115 2307.32 0.0594475 406636 -0.152287 0.602203
0.006345 2011.01 0.0697877 406636 -0.22585 0.687523
0.001905 1814.02 0.124197 406637 -0.0682919 0.767586
0.002855 2140.34 0.0890664 406637 -0.1032 0.650429
0.007315 550.424 0.207794 406639 -0.0124094 2.53871
0.003455 2253.91 0.072233 406636 -0.126793 0.617148
0.005735 2155.79 0.0639897 406636 -0.21724 0.642517
0.004125 2307.75 0.0593084 406636 -0.152667 0.602082
0.006355 2009.71 0.0697841 406636 -0.225878 0.68794
0.002865 2142.98 0.0887488 406637 -0.103603 0.649621
0.007325 540.134 0.209254 406639 -0.0108937 2.58794
0.001915 1818.19 0.123787 406637 -0.0686049 0.76583
0.003465 2255.15 0.0719918 406636 -0.127178 0.616799
0.004135 2308.16 0.0591711 406636 -0.153046 0.601965
0.006005 2075.41 0.067251 406636 -0.22327 0.666924
0.005745 2152.87 0.0641194 406636 -0.217559 0.64337
0.002875 2145.6 0.0884325 406637 -0.104009 0.648821
0.007335 530.306 0.210633 406639 -0.00937422 2.63676
0.006365 2008.44 0.0697718 406636 -0.225913 0.688347
0.003475 2256.38 0.0717519 406636 -0.127564 0.616454
0.003085 2193.85 0.0820751 406637 -0.112511 0.634395
0.002465 2023.96 0.102381 406637 -0.0881404 0.688008
0.004145 2308.57 0.0590358 406636 -0.153425 0.601851
0.003095 2195.87 0.0817861 406637 -0.112925 0.633805
0.006015 2073.06 0.0673605 406636 -0.223419 0.667663
0.002475 2027.21 0.102018 406637 -0.0885161 0.686902
0.005755 2149.75 0.0642485 406636 -0.217862 0.644286
0.003105 2197.87 0.0814984 406637 -0.113339 0.633221
0.004155 2308.96 0.0589023 406636 -0.153803 0.60174
0.002485 2030.45 0.101656 406637 -0.0888916 0.685805
0.006025 2070.73 0.067469 406636 -0.223561 0.668397
0.007345 521.814 0.211936 406638 -0.0083799 2.68052
0.006375 2007.2 0.0697501 406636 -0.225958 0.688744
0.007355 513.746 0.213164 406638 -0.00726803 2.72345
0.003485 2257.59 0.0715134 406636 -0.127953 0.616113
0.003115 2199.84 0.0812119 406637 -0.113755 0.632644
0.002495 2033.67 0.101295 406637 -0.0892668 0.684717
0.006035 2068.42 0.0675764 406636 -0.223698 0.669126
0.003125 2201.8 0.0809266 406637 -0.114173 0.632073
0.006385 2005.98 0.0697187 406636 -0.226014 0.689132
0.002505 2036.87 0.100935 406637 -0.0896416 0.683638
0.006045 2066.12 0.0676828 406636 -0.223828 0.66985
0.003495 2258.79 0.0712762 406636 -0.128344 0.615776
0.003135 2203.73 0.0806427 406636 -0.11459 0.631509
0.006395 2004.79 0.0696767 406636 -0.226082 0.689512
0.006055 2063.86 0.0677881 406636 -0.223953 0.670567
0.002515 2040.05 0.100576 406637 -0.0900162 0.682568
0.003505 2259.97 0.0710404 406636 -0.128739 0.615443
0.003145 2205.61 0.08036 406637 -0.115007 0.630963
0.006065 2061.61 0.0678922 406636 -0.224072 0.671279
0.003515 2261.14 0.070806 406636 -0.129137 0.615115
0.003155 2207.47 0.0800785 406637 -0.115422 0.630423
0.002525 2043.22 0.100219 406637 -0.090391 0.681507
0.006075 2059.39 0.067995 406636 -0.224186 0.671984
0.003165 2209.31 0.0797983 406637 -0.115837 0.62989
0.002535 2046.37 0.0998624 406637 -0.0907665 0.680455
0.003175 2211.13 0.0795194 406637 -0.116251 0.629362
0.002545 2049.5 0.099507 406637 -0.0911435 0.679411
0.003185 2212.93 0.0792418 406637 -0.116664 0.628841
0.002555 2052.62 0.0991528 406637 -0.0915228 0.678377
0.003195 2214.71 0.0789654 406637 -0.117077 0.628326
