0.007365 299.998 0.232918 101321 0.00200692 1.17192
0.007375 299.998 0.232918 101321 0.00198557 1.17192
0.007385 299.998 0.232918 101322 0.00196165 1.17192
0.007395 299.998 0.232918 101322 0.00193111 1.17192
0.007405 299.998 0.232918 101322 0.00188979 1.17192
0.007415 299.998 0.232918 101321 0.00183722 1.17192
0.007425 299.998 0.232918 101322 0.00178328 1.17192
0.007435 299.998 0.232918 101322 0.00172567 1.17192
0.007445 299.998 0.232918 101321 0.00165718 1.17192
0.007455 299.998 0.232918 101321 0.0015785 1.17192
0.007465 299.998 0.232918 101321 0.00149189 1.17192
0.007475 299.998 0.232918 101321 0.00139799 1.17192
0.007485 299.998 0.232918 101321 0.00129799 1.17192
0.007495 299.998 0.232918 101321 0.00119173 1.17192
0.007505 299.998 0.232918 101321 0.00109252 1.17192
0.007515 299.998 0.232918 101321 0.000982615 1.17192
0.007525 299.998 0.232918 101321 0.00090546 1.17192
0.007535 299.998 0.232918 101321 0.000838422 1.17192
0.007545 299.998 0.232918 101321 0.000778561 1.17192
0.007555 299.998 0.232918 101321 0.000722062 1.17192
0.007565 299.998 0.232918 101321 0.000670556 1.17192
0.007575 299.998 0.232918 101321 0.000619346 1.17192
0.007585 299.998 0.232918 101321 0.000569029 1.17192
0.007595 299.998 0.232918 101321 0.000519329 1.17192
0.007605 299.998 0.232918 101321 0.000469542 1.17192
0.007615 299.998 0.232918 101321 0.000401565 1.17192
0.007625 299.998 0.232918 101321 0.000339864 1.17192
0.007635 299.998 0.232918 101321 0.000280495 1.17192
0.007645 299.998 0.232918 101321 0.000223045 1.17192
0.007655 299.998 0.232918 101321 0.000153789 1.17192
0.007665 299.998 0.232918 101321 9.1254e-05 1.17192
0.007675 299.998 0.232918 101321 2.95379e-05 1.17192
0.007045 299.998 0.232917 101321 0.000174148 1.17192
0.006725 299.997 0.232917 101320 -0.00185495 1.17191
0.007055 299.998 0.232917 101321 0.000277639 1.17192
0.006405 299.999 0.232914 101319 -0.00245126 1.17189
0.007065 299.998 0.232917 101321 0.000389725 1.17192
0.006735 299.997 0.232917 101320 -0.00181831 1.17191
0.006085 300.019 0.232899 101319 -0.00297438 1.17177
0.007075 299.998 0.232917 101321 0.000485914 1.17192
0.006745 299.997 0.232917 101320 -0.00178003 1.17191
0.006415 299.999 0.232915 101319 -0.00245899 1.17189
0.006095 300.017 0.2329 101319 -0.00298397 1.17178
0.007085 299.998 0.232917 101321 0.000583011 1.17192
0.006755 299.997 0.232917 101320 -0.00173823 1.17191
0.006425 299.999 0.232915 101319 -0.00247291 1.17189
0.006105 300.016 0.232901 101319 -0.00294516 1.17179
0.007095 299.998 0.232917 101321 0.00067687 1.17192
0.006765 299.997 0.232917 101320 -0.00169498 1.17191
0.006435 299.999 0.232915 101319 -0.00249039 1.17189
0.006115 300.015 0.232902 101319 -0.00291922 1.17179
0.007105 299.998 0.232917 101321 0.000779127 1.17192
0.006775 299.997 0.232917 101320 -0.00164845 1.17191
0.006445 299.998 0.232915 101319 -0.00250585 1.17189
0.006125 300.013 0.232902 101319 -0.00291814 1.1718
0.007115 299.998 0.232917 101321 0.000868975 1.17192
0.006785 299.997 0.232917 101320 -0.00160171 1.17191
0.006455 299.998 0.232915 101319 -0.00251398 1.17189
0.006135 300.012 0.232903 101319 -0.00290864 1.17181
0.007125 299.998 0.232917 101321 0.000956889 1.17192
0.006795 299.997 0.232917 101320 -0.00154077 1.17191
0.006465 299.998 0.232915 101320 -0.00251167 1.17189
0.006145 300.011 0.232904 101319 -0.00286491 1.17181
0.007135 299.998 0.232917 101321 0.00104436 1.17192
0.006805 299.997 0.232917 101320 -0.00149158 1.17191
0.006475 299.998 0.232916 101320 -0.00250401 1.1719
0.006155 300.01 0.232905 101319 -0.0028017 1.17182
0.007145 299.998 0.232917 101321 0.00113471 1.17192
0.006815 299.997 0.232917 101320 -0.00144389 1.17191
0.006485 299.998 0.232916 101320 -0.00248757 1.1719
0.006165 300.009 0.232905 101319 -0.00276154 1.17182
0.007155 299.998 0.232917 101321 0.00122184 1.17192
0.006825 299.997 0.232917 101320 -0.00139058 1.17191
0.006495 299.998 0.232916 101320 -0.00247205 1.1719
0.006175 300.008 0.232906 101319 -0.00277474 1.17183
0.007165 299.998 0.232917 101321 0.00129945 1.17192
0.006835 299.998 0.232917 101320 -0.00133207 1.17191
0.006505 299.998 0.232916 101320 -0.00245549 1.1719
0.006185 300.007 0.232907 101319 -0.00283359 1.17183
0.007175 299.998 0.232917 101321 0.00137304 1.17192
0.006515 299.998 0.232916 101320 -0.00243735 1.1719
0.006845 299.998 0.232917 101320 -0.00127605 1.17191
0.006195 300.007 0.232907 101319 -0.00290161 1.17184
0.007185 299.998 0.232917 101321 0.00144449 1.17192
0.006525 299.998 0.232916 101320 -0.00241519 1.1719
0.006855 299.998 0.232917 101320 -0.00123326 1.17191
0.006205 300.006 0.232908 101319 -0.00294027 1.17184
0.007195 299.998 0.232917 101321 0.00151182 1.17192
0.006535 299.998 0.232916 101320 -0.00238703 1.1719
0.006865 299.998 0.232917 101320 -0.00120148 1.17191
0.006215 300.005 0.232908 101319 -0.00293438 1.17184
0.007205 299.998 0.232917 101321 0.00159006 1.17192
0.006545 299.998 0.232916 101320 -0.00235245 1.1719
0.006875 299.998 0.232917 101321 -0.00116602 1.17191
0.006225 300.005 0.232909 101319 -0.00289447 1.17185
0.006555 299.998 0.232916 101320 -0.00231277 1.1719
0.007215 299.998 0.232917 101321 0.0016518 1.17192
0.006885 299.998 0.232917 101321 -0.00113301 1.17192
0.006235 300.004 0.232909 101319 -0.00284128 1.17185
0.006565 299.998 0.232916 101320 -0.0022708 1.1719
0.007225 299.998 0.232917 101321 0.00170399 1.17192
0.006895 299.998 0.232917 101321 -0.00108767 1.17192
0.006245 300.004 0.23291 101319 -0.00278844 1.17185
0.006575 299.998 0.232916 101320 -0.00222936 1.1719
0.007235 299.998 0.232917 101321 0.0017512 1.17192
0.006905 299.998 0.232917 101321 -0.00105095 1.17192
0.006255 300.003 0.23291 101319 -0.00273686 1.17186
0.006585 299.998 0.232916 101320 -0.00219524 1.1719
0.007245 299.998 0.232917 101321 0.00179489 1.17192
0.006915 299.998 0.232917 101321 -0.00101232 1.17192
0.006265 300.003 0.232911 101319 -0.00268129 1.17186
0.006595 299.998 0.232917 101320 -0.00217213 1.1719
0.007255 299.998 0.232918 101321 0.00183716 1.17192
0.006925 299.998 0.232917 101321 -0.000962174 1.17192
0.006275 300.002 0.232911 101319 -0.00262326 1.17186
0.006605 299.998 0.232917 101320 -0.00215622 1.1719
0.007265 299.998 0.232918 101321 0.00187309 1.17192
0.006935 299.998 0.232917 101321 -0.000901618 1.17192
0.006285 300.002 0.232911 101319 -0.00256843 1.17187
0.006615 299.998 0.232917 101320 -0.00214578 1.17191
0.007275 299.998 0.232918 101321 0.00190904 1.17192
0.006945 299.998 0.232917 101321 -0.00083035 1.17192
0.006295 300.001 0.232912 101319 -0.00252348 1.17187
0.006625 299.997 0.232917 101320 -0.00213738 1.17191
0.007285 299.998 0.232918 101321 0.00194336 1.17192
0.006955 299.998 0.232917 101321 -0.000748257 1.17192
0.006305 300.001 0.232912 101319 -0.00248925 1.17187
0.006635 299.997 0.232917 101320 -0.0021277 1.17191
0.007295 299.998 0.232918 101321 0.00197737 1.17192
0.006965 299.998 0.232917 101321 -0.000653085 1.17192
0.006315 300.001 0.232912 101319 -0.00246163 1.17187
0.006645 299.997 0.232917 101320 -0.00211333 1.17191
0.007305 299.998 0.232918 101321 0.00200595 1.17192
0.006975 299.998 0.232917 101321 -0.000549977 1.17192
0.006325 300.001 0.232913 101319 -0.00243748 1.17187
0.006655 299.997 0.232917 101320 -0.00209314 1.17191
0.007315 299.998 0.232918 101321 0.00203168 1.17192
0.006985 299.998 0.232917 101321 -0.000443085 1.17192
0.006335 300 0.232913 101319 -0.00241864 1.17188
0.006665 299.997 0.232917 101320 -0.00206304 1.17191
0.007325 299.998 0.232918 101321 0.00203948 1.17192
0.006995 299.998 0.232917 101321 -0.00033818 1.17192
0.006345 300 0.232913 101319 -0.00240983 1.17188
0.006675 299.997 0.232917 101320 -0.00201978 1.17191
0.007335 299.998 0.232918 101321 0.0020374 1.17192
0.007005 299.998 0.232917 101321 -0.000221611 1.17192
0.006355 300 0.232913 101319 -0.00241315 1.17188
0.007345 299.998 0.232918 101321 0.00203199 1.17192
0.007015 299.998 0.232917 101321 -0.000126321 1.17192
0.006365 300 0.232914 101319 -0.00242453 1.17188
0.007355 299.998 0.232918 101321 0.00202353 1.17192
0.007025 299.998 0.232917 101321 -3.03033e-05 1.17192
0.006375 299.999 0.232914 101319 -0.00243717 1.17188
0.006685 299.997 0.232917 101320 -0.00198509 1.17191
0.007035 299.998 0.232917 101321 6.94506e-05 1.17192
0.006385 299.999 0.232914 101319 -0.0024443 1.17188
0.006695 299.997 0.232917 101320 -0.00195358 1.17191
0.006395 299.999 0.232914 101319 -0.00244795 1.17189
0.006705 299.997 0.232917 101320 -0.00191243 1.17191
0.006715 299.997 0.232917 101320 -0.0018866 1.17191
0.005765 300.155 0.232817 101319 -0.0030736 1.17112
0.000965 2178.16 0.00110272 101323 -0.28646 0.15806
0.000645 2193.03 0.000758577 101323 -0.285679 0.157002
0.000325 2201.59 0.000625822 101323 -0.283985 0.156401
0.000975 2177.69 0.00111232 101323 -0.286125 0.158093
5e-06 2207.44 0.000519228 101318 -0.282756 0.155982
0.000655 2192.58 0.000770032 101323 -0.28544 0.157034
0.000985 2177.22 0.00112184 101323 -0.28586 0.158127
0.000335 2201.38 0.000628745 101323 -0.284081 0.156415
0.005445 300.884 0.232454 101318 -0.00149855 1.16789
0.000665 2192.13 0.00078147 101323 -0.285363 0.157066
1.5e-05 2207.38 0.000521677 101323 -0.282795 0.155994
0.000345 2201.17 0.000631639 101323 -0.284149 0.15643
0.000995 2176.75 0.00113128 101323 -0.286019 0.15816
0.000675 2191.67 0.000792891 101323 -0.285595 0.157099
2.5e-05 2207.22 0.000525433 101323 -0.282834 0.156005
0.001285 2158.13 0.00175466 101324 -0.287319 0.159507
0.005455 300.841 0.232475 101318 -0.00153093 1.16808
0.000355 2200.95 0.000634503 101323 -0.284145 0.156445
0.001005 2176.28 0.00114064 101324 -0.286442 0.158194
0.000685 2191.21 0.000804294 101323 -0.285884 0.157131
3.5e-05 2207.05 0.000529164 101323 -0.282878 0.156017
0.001605 2132.7 0.00274704 101323 -0.283261 0.161382
0.005465 300.8 0.232495 101318 -0.0015572 1.16826
0.000365 2200.74 0.000637339 101323 -0.284109 0.156461
0.001015 2175.81 0.00114992 101324 -0.286591 0.158228
0.001295 2157.31 0.00178854 101324 -0.287652 0.159566
0.000695 2190.76 0.000815676 101323 -0.285935 0.157163
4.5e-05 2206.89 0.000532868 101323 -0.282974 0.156028
0.005475 300.76 0.232514 101318 -0.00157795 1.16843
0.000375 2200.52 0.000640144 101323 -0.28413 0.156476
0.001025 2175.34 0.00115912 101323 -0.286222 0.158261
0.001925 2090.29 0.00512495 101324 -0.284772 0.164623
0.001305 2156.49 0.00182226 101324 -0.28782 0.159626
0.000705 2190.3 0.000827033 101323 -0.285792 0.157196
5.5e-05 2206.72 0.000536546 101323 -0.283091 0.15604
0.005485 300.722 0.232532 101318 -0.00160356 1.1686
0.000385 2200.3 0.000642918 101323 -0.284237 0.156491
0.001035 2174.87 0.00116824 101323 -0.285755 0.158294
0.005125 304.338 0.231053 101320 -0.0053179 1.15359
0.001615 2131.94 0.00277466 101323 -0.283028 0.161438
0.000715 2189.84 0.000838363 101323 -0.285679 0.157229
0.001315 2155.68 0.00185583 101324 -0.287648 0.159686
6.5e-05 2206.55 0.000540198 101323 -0.283137 0.156052
0.005495 300.685 0.232549 101318 -0.00164695 1.16876
0.001935 2088.73 0.00521782 101324 -0.283974 0.164745
0.000395 2200.08 0.00064566 101323 -0.284349 0.156507
0.001045 2174.4 0.00117728 101323 -0.285742 0.158328
0.001625 2131.18 0.00280208 101324 -0.284392 0.161496
0.005135 304.146 0.231128 101320 -0.00517376 1.15437
0.001325 2154.86 0.00188923 101324 -0.287343 0.159746
0.000725 2189.37 0.000849659 101323 -0.285784 0.157261
7.5e-05 2206.38 0.000543825 101323 -0.283102 0.156064
0.005505 300.649 0.232566 101318 -0.0017045 1.16891
0.000405 2199.86 0.000648369 101323 -0.284363 0.156522
0.001945 2087.18 0.00531005 101324 -0.282668 0.164866
0.001055 2173.94 0.00118626 101323 -0.286336 0.158362
0.005145 303.96 0.231201 101320 -0.00502266 1.15512
0.001335 2154.05 0.00192247 101324 -0.287203 0.159805
0.001635 2130.42 0.0028293 101324 -0.285665 0.161553
0.000735 2188.91 0.000860918 101323 -0.286022 0.157294
0.005515 300.615 0.232582 101318 -0.00177504 1.16906
8.5e-05 2206.21 0.000547425 101323 -0.283074 0.156076
0.000415 2199.64 0.000651042 101323 -0.284283 0.156538
0.001065 2173.47 0.00119516 101324 -0.286805 0.158396
0.001955 2085.64 0.00540164 101324 -0.282182 0.164987
0.005155 303.78 0.231271 101320 -0.00485906 1.15585
0.001345 2153.23 0.00195554 101324 -0.287315 0.159865
0.001645 2129.66 0.00285632 101324 -0.28491 0.161609
0.000745 2188.45 0.000872135 101323 -0.286153 0.157327
0.005525 300.581 0.232597 101318 -0.00174639 1.16921
9.5e-05 2206.04 0.000550999 101323 -0.283129 0.156088
0.000425 2199.42 0.000653678 101323 -0.284236 0.156553
0.001075 2173 0.00120399 101324 -0.286474 0.158429
0.005165 303.606 0.231339 101319 -0.00467919 1.15656
0.001965 2084.1 0.00549256 101324 -0.282851 0.165107
0.001355 2152.42 0.00198844 101324 -0.287508 0.159924
0.005535 300.549 0.232612 101318 -0.00221728 1.16934
0.001655 2128.91 0.00288314 101323 -0.282833 0.161664
0.000755 2187.98 0.000883305 101323 -0.286077 0.15736
0.000105 2205.86 0.000554547 101323 -0.28323 0.156101
0.000435 2199.19 0.000656274 101323 -0.284326 0.156569
0.001085 2172.53 0.00121276 101323 -0.285721 0.158462
0.005175 303.437 0.231403 101319 -0.00448294 1.15725
0.001975 2082.58 0.0055828 101324 -0.283602 0.165228
0.005545 300.522 0.232626 101320 7.88379e-05 1.16948
0.001365 2151.61 0.00202117 101324 -0.287549 0.159984
0.001665 2128.16 0.00290977 101323 -0.282016 0.16172
0.000765 2187.52 0.000894426 101323 -0.28594 0.157393
0.000115 2205.68 0.000558069 101323 -0.283287 0.156113
0.000445 2198.97 0.000658828 101323 -0.284492 0.156585
0.005185 303.274 0.231466 101319 -0.00427389 1.15792
0.001095 2172.06 0.00122146 101323 -0.285504 0.158496
0.001985 2081.06 0.00567236 101324 -0.283223 0.165347
0.005555 300.496 0.23264 101317 7.92206e-05 1.16956
0.001375 2150.8 0.00205372 101324 -0.287365 0.160043
0.001675 2127.41 0.0029362 101324 -0.283449 0.161777
0.000775 2187.05 0.000905493 101323 -0.285947 0.157426
0.000125 2205.51 0.000561565 101323 -0.283291 0.156126
0.005195 303.116 0.231526 101319 -0.00405859 1.15856
0.000455 2198.74 0.000661336 101323 -0.284553 0.156601
0.001105 2171.59 0.00123011 101323 -0.286127 0.15853
0.005565 300.471 0.232652 101318 -0.0022226 1.16969
0.001995 2079.54 0.00576122 101324 -0.281863 0.165466
0.001385 2150 0.00208608 101324 -0.287101 0.160103
0.001685 2126.66 0.00296243 101324 -0.285296 0.161834
0.000785 2186.59 0.000916502 101323 -0.286123 0.157459
0.000135 2205.33 0.000565035 101323 -0.283276 0.156138
0.005205 302.964 0.231584 101319 -0.00384512 1.15919
0.000465 2198.51 0.000663796 101323 -0.284443 0.156617
0.005575 300.447 0.232665 101318 -0.00180469 1.1698
0.001115 2171.12 0.00123869 101324 -0.286855 0.158564
0.002005 2078.04 0.00584937 101324 -0.280933 0.165585
0.002245 2044.35 0.00773961 101325 -0.282477 0.168289
0.001395 2149.19 0.00211827 101324 -0.286992 0.160162
0.001695 2125.91 0.00298848 101324 -0.285992 0.16189
0.000795 2186.12 0.000927452 101323 -0.286291 0.157492
0.005215 302.815 0.231639 101319 -0.00364148 1.15979
0.000145 2205.14 0.000568478 101323 -0.283296 0.156151
0.005585 300.424 0.232676 101318 -0.00198155 1.1699
0.000475 2198.28 0.000666205 101323 -0.284308 0.156633
0.001125 2170.65 0.00124723 101324 -0.2871 0.158598
0.002015 2076.54 0.0059368 101324 -0.281403 0.165703
0.001405 2148.39 0.00215026 101324 -0.287174 0.160221
0.001705 2125.17 0.00301436 101324 -0.285921 0.161945
0.005225 302.672 0.231692 101319 -0.0034514 1.16038
0.002255 2043.04 0.00780966 101324 -0.282242 0.168394
0.000805 2185.65 0.000938339 101323 -0.286281 0.157526
0.005595 300.402 0.232688 101318 -0.00202012 1.17
0.000155 2204.96 0.000571894 101323 -0.283361 0.156164
0.000485 2198.06 0.000668561 101323 -0.284329 0.156649
0.001135 2170.18 0.00125572 101324 -0.287052 0.158631
0.002025 2075.05 0.0060235 101324 -0.282513 0.165821
0.001415 2147.59 0.00218207 101324 -0.287555 0.16028
0.001715 2124.02 0.0030661 101304 -0.285755 0.162001
0.005235 302.55 0.231744 101319 -0.00327202 1.16089
0.002265 2040.71 0.00794544 101272 -0.281637 0.1685
0.005605 300.381 0.232698 101318 -0.0019968 1.17009
0.000815 2185.19 0.000949161 101323 -0.286133 0.157559
0.000165 2204.77 0.000575284 101323 -0.283429 0.156177
0.000495 2197.83 0.000670861 101323 -0.284554 0.156665
0.001145 2169.55 0.00127358 101316 -0.287026 0.158665
0.001725 2122.74 0.00314474 101324 -0.285453 0.162128
0.002275 2037.87 0.0081635 101324 -0.280874 0.168819
0.002035 2073.57 0.00610946 101324 -0.282572 0.165939
0.001425 2146.79 0.00221367 101324 -0.287934 0.160339
0.005245 302.433 0.231793 101319 -0.00310714 1.16137
0.005615 300.36 0.232709 101318 -0.00196155 1.17019
0.001155 2168.88 0.00130019 101324 -0.287016 0.158725
0.001735 2121.06 0.00324902 101324 -0.285134 0.162256
0.002285 2034.02 0.00844682 101325 -0.280405 0.169139
0.000175 2204.59 0.000578647 101323 -0.283465 0.15619
0.000825 2184.72 0.000959917 101323 -0.286051 0.157592
0.000505 2197.6 0.000673106 101323 -0.284722 0.156681
0.002045 2072.09 0.00619466 101324 -0.281062 0.166056
0.001165 2168.04 0.00133609 101324 -0.286995 0.158786
0.001745 2119.39 0.00335275 101324 -0.285715 0.162383
0.002295 2030.17 0.00872877 101325 -0.282357 0.169458
0.005255 302.32 0.23184 101319 -0.00294863 1.16184
0.005625 300.34 0.232718 101318 -0.00200851 1.17027
0.001435 2145.99 0.00224508 101324 -0.28827 0.160398
0.001175 2167.21 0.00137183 101324 -0.287227 0.158846
0.000185 2204.4 0.000581984 101323 -0.283473 0.156204
0.001755 2117.72 0.00345594 101324 -0.287595 0.162509
0.002305 2026.35 0.00900936 101323 -0.287227 0.169774
0.000835 2184.25 0.000970604 101323 -0.28616 0.157625
0.000515 2197.36 0.000675293 101323 -0.284613 0.156697
0.002055 2070.63 0.00627911 101323 -0.279477 0.166171
0.001185 2166.38 0.00140741 101324 -0.287886 0.158906
0.005265 302.211 0.231886 101319 -0.00278977 1.1623
0.001765 2116.06 0.00355859 101323 -0.288984 0.162635
0.002315 2022.53 0.00928862 101322 -0.290156 0.17009
0.005635 300.321 0.232728 101318 -0.00215443 1.17036
0.001445 2145.19 0.00227629 101324 -0.288844 0.160457
0.000195 2204.21 0.000585293 101323 -0.283483 0.156217
0.001195 2165.55 0.00144283 101323 -0.288427 0.158966
0.001775 2114.4 0.0036607 101323 -0.28791 0.162762
0.000845 2183.78 0.000981222 101323 -0.286352 0.157659
0.002325 2018.73 0.00956653 101323 -0.286629 0.170411
0.004805 318.475 0.226423 101320 -0.009915 1.10006
0.000525 2197.13 0.000677426 101323 -0.284374 0.156713
0.002065 2069.17 0.00636278 101323 -0.279614 0.166287
0.005275 302.105 0.23193 101319 -0.00264887 1.16274
0.001205 2164.72 0.00147809 101323 -0.288183 0.159026
0.001785 2112.75 0.00376226 101324 -0.285521 0.162889
0.005645 300.303 0.232737 101318 -0.00231187 1.17044
0.002335 2014.95 0.0098431 101325 -0.280729 0.170733
0.001455 2144.4 0.0023073 101324 -0.290007 0.160516
0.000205 2204.02 0.000588576 101323 -0.283519 0.156231
0.004815 317.735 0.226656 101320 -0.00972658 1.10272
0.000855 2183.31 0.000991768 101323 -0.286412 0.157692
0.001795 2111.11 0.00386327 101324 -0.284676 0.163015
0.001215 2163.89 0.00151319 101324 -0.28745 0.159087
0.002345 2011.18 0.0101183 101325 -0.279803 0.171051
0.000535 2196.9 0.000679506 101323 -0.284322 0.156729
0.004825 317.016 0.226882 101320 -0.00954478 1.10532
0.005655 300.287 0.232745 101318 -0.00237493 1.17051
0.005285 302.003 0.231972 101319 -0.00244961 1.16316
0.002075 2067.72 0.00644568 101324 -0.281194 0.166403
0.002355 2007.42 0.0103923 101324 -0.283725 0.171368
0.001225 2163.07 0.00154814 101324 -0.287119 0.159147
0.001805 2109.47 0.00396374 101324 -0.286056 0.16314
0.004835 316.316 0.227101 101320 -0.00936829 1.10786
0.001465 2143.6 0.0023381 101324 -0.291716 0.160575
0.000215 2203.82 0.000591831 101323 -0.28358 0.156244
0.000865 2182.85 0.00100224 101323 -0.286268 0.157725
0.000545 2196.67 0.000681537 101323 -0.284555 0.156746
0.001235 2162.24 0.00158294 101324 -0.287525 0.159207
0.005665 300.272 0.232753 101318 -0.00231847 1.17058
0.002365 2003.68 0.0106648 101323 -0.286142 0.171686
0.001815 2107.84 0.00406365 101323 -0.287436 0.163264
0.004845 315.636 0.227313 101320 -0.00919705 1.11034
0.005295 301.904 0.232012 101319 -0.00287513 1.16357
0.002085 2066.28 0.00652781 101324 -0.28195 0.166519
0.001245 2161.42 0.00161759 101323 -0.288045 0.159267
0.001475 2142.81 0.00236869 101325 -0.293375 0.160634
0.002375 1999.95 0.0109361 101323 -0.283822 0.172006
0.001825 2106.21 0.00416301 101323 -0.286946 0.163389
0.004855 314.974 0.227518 101320 -0.00903181 1.11277
0.000225 2203.63 0.000595059 101323 -0.28364 0.156258
0.000875 2182.38 0.00101264 101323 -0.286098 0.157759
0.000555 2196.43 0.000683524 101323 -0.284828 0.156763
0.005675 300.258 0.232761 101318 -0.00226417 1.17065
0.001255 2160.59 0.00165208 101323 -0.288033 0.159327
0.002385 1996.24 0.011206 101324 -0.279712 0.172326
0.001835 2104.59 0.0042618 101324 -0.285234 0.163515
0.004865 314.331 0.227716 101320 -0.00887321 1.11514
0.005305 301.809 0.232051 101318 -0.000993263 1.16396
0.002095 2064.85 0.00660915 101324 -0.280411 0.166633
0.001265 2159.77 0.00168643 101324 -0.287616 0.159387
0.001485 2142.03 0.00239907 101325 -0.294293 0.160692
0.002395 1992.54 0.0114746 101324 -0.278377 0.172645
0.000235 2203.43 0.00059826 101323 -0.283679 0.156272
0.000885 2181.91 0.00102296 101323 -0.286121 0.157792
0.001845 2102.98 0.00436004 101324 -0.284098 0.163639
0.004875 313.705 0.227908 101320 -0.00872152 1.11745
0.005685 300.244 0.232769 101318 -0.00233046 1.17071
0.000565 2196.2 0.000685474 101323 -0.284949 0.156779
0.001275 2158.95 0.00172062 101324 -0.287253 0.159447
0.002405 1988.85 0.0117417 101324 -0.280651 0.172963
0.005315 301.716 0.232088 101319 -0.0026124 1.16436
0.001855 2101.37 0.00445771 101324 -0.284599 0.163763
0.004885 313.096 0.228093 101320 -0.00857708 1.11972
0.002105 2063.43 0.00668971 101323 -0.278001 0.166745
0.001495 2141.24 0.00242925 101325 -0.29432 0.16075
0.002415 1985.18 0.0120076 101323 -0.282664 0.173281
0.002565 1932.07 0.0158127 101324 -0.274557 0.17803
0.002425 1981.52 0.012272 101324 -0.281309 0.1736
0.002435 1977.88 0.012535 101324 -0.278054 0.173919
0.002575 1928.68 0.016053 101324 -0.274276 0.178343
0.002445 1974.25 0.0127965 101324 -0.276569 0.174238
0.002585 1925.3 0.0162915 101324 -0.270927 0.178653
0.004485 366.391 0.213912 101322 -0.0207925 0.952538
0.002455 1970.64 0.0130566 101324 -0.277975 0.174555
0.002595 1921.95 0.0165283 101323 -0.268138 0.178963
0.003205 1503.21 0.0496705 101326 -0.227965 0.22889
0.002465 1967.05 0.0133152 101324 -0.279662 0.174873
0.002605 1918.62 0.0167631 101323 -0.269231 0.179274
0.002885 1781.08 0.0272351 101322 -0.280918 0.193107
0.002475 1963.47 0.0135722 101324 -0.278811 0.17519
0.002615 1915.31 0.0169962 101324 -0.272385 0.179585
0.004165 488.194 0.188297 101324 -0.0451539 0.711297
0.004495 364.079 0.214482 101322 -0.020256 0.958723
0.002485 1959.91 0.0138278 101324 -0.275998 0.175508
0.002625 1912.02 0.0172274 101325 -0.272499 0.179894
0.003215 1495.38 0.0503049 101322 -0.212031 0.230084
0.003525 1085.19 0.0975403 101324 -0.168861 0.317466
0.002495 1956.37 0.0140817 101324 -0.274314 0.175825
0.002635 1908.75 0.0174567 101324 -0.26807 0.180199
0.004505 361.813 0.215038 101322 -0.0197224 0.964866
0.003225 1487.61 0.0509354 101321 -0.207223 0.23129
0.002895 1771.83 0.0279875 101322 -0.281364 0.194115
0.003845 717.579 0.148388 101340 -0.0978256 0.48169
0.002505 1952.84 0.014334 101324 -0.27531 0.176141
0.002645 1905.5 0.0176843 101323 -0.264019 0.180504
0.003535 1071.22 0.0992102 101325 -0.165755 0.321627
0.004515 359.591 0.215581 101322 -0.0191954 0.970966
0.005775 300.146 0.232822 101319 -0.00193842 1.17117
0.003235 1479.9 0.0515622 101325 -0.21902 0.232508
0.002905 1762.6 0.0287386 101324 -0.274047 0.195137
0.004175 482.619 0.189319 101324 -0.0440121 0.71963
0.000245 2203.23 0.000601434 101323 -0.283695 0.156286
0.002515 1949.33 0.0145847 101324 -0.276999 0.176457
0.002655 1902.28 0.0179099 101323 -0.265675 0.180811
0.000895 2181.44 0.00103321 101323 -0.286329 0.157826
0.003545 1057.28 0.100877 101325 -0.163178 0.325892
0.004525 357.412 0.216111 101322 -0.0186778 0.977023
0.003245 1472.27 0.0521854 101328 -0.22953 0.233726
0.001865 2099.77 0.0045548 101323 -0.285726 0.163887
0.002915 1753.38 0.0294875 101326 -0.268546 0.196166
0.005785 300.135 0.232827 101317 -0.00198886 1.17119
0.004185 477.101 0.190328 101324 -0.0429005 0.72807
0.002525 1945.84 0.0148337 101324 -0.276436 0.176773
0.000255 2203.03 0.000604579 101323 -0.283709 0.1563
0.002665 1899.07 0.0181337 101325 -0.270802 0.181118
0.003855 708.953 0.149835 101323 -0.094289 0.487535
0.000905 2180.97 0.00104338 101323 -0.286477 0.157859
0.003555 1043.36 0.10254 101325 -0.160636 0.330262
0.004535 355.275 0.216628 101321 -0.0181727 0.983034
0.003255 1464.7 0.0528052 101327 -0.230262 0.234939
0.002925 1744.19 0.0302338 101325 -0.270087 0.197198
0.005795 300.13 0.232831 101319 -0.00280136 1.17124
0.001875 2098.17 0.00465132 101323 -0.285821 0.16401
0.004195 471.671 0.191323 101329 -0.0417622 0.736614
0.002535 1942.37 0.0150811 101324 -0.273593 0.177088
0.000265 2202.83 0.000607698 101323 -0.283748 0.156314
0.002675 1895.89 0.0183556 101325 -0.271396 0.181423
0.003865 700.508 0.15127 101324 -0.0905031 0.49348
0.000915 2180.5 0.00105347 101323 -0.286366 0.157893
0.003565 1029.47 0.104199 101324 -0.157586 0.334744
0.004545 353.181 0.217133 101321 -0.0176807 0.989
0.003265 1455.55 0.0536149 101209 -0.226358 0.236152
0.005805 300.123 0.232836 101319 -0.0019511 1.17127
0.002935 1735.02 0.0309772 101323 -0.273392 0.198237
0.000575 2195.96 0.000687398 101323 -0.284982 0.156796
0.001885 2096.58 0.00474725 101324 -0.284633 0.164134
0.004205 466.945 0.192303 101324 -0.0407934 0.744146
0.002545 1938.92 0.0153267 101324 -0.271526 0.177402
0.000275 2202.63 0.000610788 101323 -0.283817 0.156328
0.002685 1892.73 0.0185755 101323 -0.2649 0.181722
0.003875 692.123 0.152692 101324 -0.0873374 0.499527
0.004895 312.503 0.228273 101320 -0.00844053 1.12193
0.000925 2180.03 0.00106348 101323 -0.286106 0.157926
0.003575 1015.6 0.105855 101324 -0.154529 0.33934
0.004555 351.127 0.217626 101321 -0.0172051 0.994919
0.005815 300.116 0.23284 101319 -0.00306247 1.1713
0.003275 1442.49 0.0551411 101328 -0.221759 0.23857
0.005695 300.231 0.232776 101318 -0.00248994 1.17077
0.002945 1725.89 0.0317176 101323 -0.271675 0.199287
0.004215 462.308 0.193269 101323 -0.0397955 0.751731
0.002555 1935.48 0.0155706 101324 -0.272427 0.177716
0.001895 2095 0.00484258 101324 -0.283448 0.164257
0.000285 2202.43 0.000613851 101323 -0.283887 0.156342
0.005325 301.627 0.232124 101319 -0.00188602 1.16473
0.002695 1889.6 0.0187932 101322 -0.258497 0.18202
0.003885 683.797 0.154102 101324 -0.0848858 0.505679
0.002115 2062.01 0.00676949 101323 -0.277591 0.166858
0.003895 675.531 0.155499 101324 -0.0829712 0.511937
0.001505 2140.45 0.0024592 101325 -0.293918 0.160808
0.000935 2179.56 0.00107341 101323 -0.28601 0.157959
0.003905 667.325 0.156884 101324 -0.0813642 0.518303
0.005825 300.109 0.232844 101318 -0.00368707 1.17133
0.001515 2139.67 0.00248895 101325 -0.293487 0.160866
0.000295 2202.22 0.000616886 101323 -0.283923 0.156357
0.000945 2179.1 0.00108326 101323 -0.286216 0.157993
0.003915 659.181 0.158256 101324 -0.0798295 0.52478
0.005835 300.102 0.232847 101318 -0.00359446 1.17136
0.002125 2060.61 0.00684849 101324 -0.279781 0.166972
0.001525 2138.89 0.00251848 101325 -0.292754 0.160925
0.003585 1001.76 0.107506 101325 -0.151934 0.344055
0.000305 2202.01 0.000619893 101323 -0.283922 0.156371
0.000955 2178.63 0.00109303 101323 -0.286484 0.158026
0.005845 300.096 0.232851 101319 -0.00323071 1.17139
0.004565 349.114 0.218106 101321 -0.0167531 1.00079
0.003925 651.096 0.159615 101324 -0.0782324 0.53137
0.002135 2059.21 0.00692671 101325 -0.281592 0.167086
0.001535 2138.11 0.00254779 101325 -0.29112 0.160982
0.005855 300.09 0.232854 101319 -0.00312313 1.17142
0.000315 2201.8 0.000622872 101323 -0.283927 0.156386
0.003595 987.947 0.109154 101325 -0.149397 0.348894
0.004905 311.928 0.228446 101320 -0.00831082 1.12408
0.003285 1427.81 0.0568587 101328 -0.221916 0.241029
0.003605 974.467 0.110798 101355 -0.14649 0.353855
0.002955 1716.8 0.0324549 101324 -0.266347 0.200346
0.004915 311.435 0.228614 101320 -0.00818264 1.12594
0.004225 457.732 0.19422 101323 -0.0388338 0.75937
0.003295 1413.18 0.0585736 101325 -0.232523 0.243524
0.003615 962.885 0.112461 101324 -0.144099 0.358032
0.005705 300.218 0.232783 101319 -0.00261039 1.17083
0.004925 310.958 0.228776 101320 -0.0080606 1.12775
0.002965 1707.73 0.0331891 101325 -0.263227 0.201412
0.001905 2093.42 0.00493732 101324 -0.283448 0.164379
0.003625 951.655 0.114118 101324 -0.141698 0.362288
0.003305 1398.59 0.0602861 101322 -0.24291 0.246063
0.004235 453.216 0.195157 101323 -0.0378878 0.767061
0.004935 310.495 0.228932 101320 -0.00794107 1.12951
0.005715 300.206 0.232789 101319 -0.00265232 1.17088
0.002975 1698.7 0.0339201 101324 -0.263711 0.202482
0.000585 2195.63 0.000692686 101319 -0.285011 0.156812
0.003635 940.479 0.115768 101324 -0.139556 0.366625
0.001915 2091.85 0.00503144 101324 -0.28434 0.164501
0.003315 1384.05 0.0619963 101323 -0.234751 0.24866
0.005725 300.195 0.232795 101319 -0.00271286 1.17094
0.004945 310.046 0.229083 101320 -0.00782378 1.13122
0.004245 448.759 0.196078 101323 -0.0369667 0.774804
0.002985 1689.7 0.0346478 101323 -0.264045 0.20356
0.002705 1886.5 0.0190082 101323 -0.260401 0.18232
0.005335 301.551 0.232158 101319 -0.00182146 1.16505
0.002995 1680.74 0.0353721 101323 -0.261685 0.204647
0.004575 347.146 0.218575 101323 -0.0163221 1.00661
0.002715 1883.44 0.0192198 101326 -0.268239 0.182621
0.003935 643.073 0.160962 101324 -0.0765845 0.538077
0.005345 301.478 0.232191 101319 -0.00172642 1.16536
0.003005 1671.82 0.0360929 101324 -0.258433 0.205743
0.002145 2057.82 0.00700417 101324 -0.280084 0.167197
0.004585 345.444 0.219031 101321 -0.0159209 1.01169
0.002725 1880.43 0.019427 101327 -0.26881 0.182915
0.005355 301.408 0.232222 101319 -0.0016614 1.16566
0.005865 300.085 0.232857 101319 -0.00336425 1.17145
0.003015 1662.93 0.0368103 101325 -0.256663 0.206844
0.003945 635.11 0.162296 101324 -0.0749423 0.544902
0.004595 343.787 0.219476 101321 -0.0155453 1.0167
0.001545 2137.33 0.0025769 101324 -0.28863 0.161039
0.002155 2056.44 0.00708087 101323 -0.276571 0.167306
0.002735 1877.49 0.0196281 101324 -0.256678 0.183195
0.005365 301.341 0.232253 101319 -0.00159977 1.16594
0.005875 300.08 0.23286 101319 -0.00355666 1.17147
0.003025 1654.09 0.037524 101324 -0.255787 0.207951
0.003955 627.206 0.163617 101324 -0.073327 0.551848
0.004605 342.166 0.219909 101321 -0.0151899 1.02165
0.003645 929.357 0.11741 101324 -0.13725 0.371046
0.002165 2055.06 0.00715683 101323 -0.275061 0.167416
0.001555 2136.55 0.00260578 101324 -0.286317 0.161096
0.002745 1874.64 0.0198215 101321 -0.246043 0.183468
0.005375 301.276 0.232282 101319 -0.00154199 1.16622
0.005885 300.075 0.232863 101319 -0.00335807 1.17149
0.003035 1645.28 0.0382341 101323 -0.254211 0.209064
0.003965 619.362 0.164926 101324 -0.0717332 0.558919
0.004615 340.582 0.22033 101321 -0.0148494 1.02653
0.000595 2195.27 0.000700931 101323 -0.285021 0.156844
0.002175 2053.7 0.00723206 101324 -0.277843 0.167528
0.002755 1871.91 0.0200054 101323 -0.249397 0.18374
0.001565 2135.78 0.00263446 101324 -0.285304 0.161153
0.003655 918.288 0.119044 101324 -0.134646 0.375553
0.005895 300.071 0.232866 101319 -0.00294964 1.17152
0.005385 301.213 0.23231 101319 -0.0014911 1.16649
0.003045 1636.52 0.0389403 101324 -0.252256 0.210186
0.003975 611.575 0.166221 101324 -0.0701683 0.566118
0.004625 339.034 0.220741 101321 -0.0145204 1.03134
0.000605 2194.83 0.000712527 101323 -0.285029 0.156875
0.002765 1869.29 0.0201789 101327 -0.258998 0.184003
0.002185 2052.34 0.00730656 101325 -0.281523 0.16764
0.005905 300.067 0.232869 101319 -0.0028073 1.17154
0.001575 2135 0.00266292 101324 -0.28549 0.161211
0.003665 907.272 0.120669 101324 -0.132161 0.380149
0.005395 301.152 0.232336 101319 -0.00145256 1.16675
0.003055 1627.8 0.0396427 101325 -0.250899 0.211316
0.003985 603.846 0.167504 101324 -0.0686476 0.57345
0.004635 337.52 0.22114 101321 -0.0141999 1.0361
0.000615 2194.38 0.000724083 101323 -0.285158 0.156907
0.002775 1866.79 0.0203418 101327 -0.263216 0.184251
0.002195 2050.99 0.00738037 101325 -0.280468 0.167749
0.005915 300.063 0.232871 101319 -0.0031111 1.17156
0.001585 2134.24 0.00269117 101324 -0.285546 0.161269
0.005405 301.093 0.232362 101319 -0.00143096 1.167
0.003675 896.309 0.122287 101324 -0.129907 0.384835
0.003065 1619.13 0.0403411 101325 -0.249333 0.212451
0.003995 596.173 0.168774 101324 -0.0671466 0.580917
0.004645 336.04 0.221528 101321 -0.0138849 1.04078
0.000625 2193.93 0.000735606 101323 -0.285467 0.156938
0.002785 1864.39 0.0204957 101326 -0.262086 0.184485
0.005925 300.059 0.232873 101319 -0.00355608 1.17157
0.002205 2049.65 0.0074535 101323 -0.275148 0.167855
0.005415 301.036 0.232386 101319 -0.00142759 1.16724
0.001595 2133.47 0.00271921 101324 -0.284555 0.161325
0.003685 885.399 0.123895 101324 -0.127605 0.389615
0.003075 1610.5 0.0410354 101324 -0.246469 0.213589
0.004005 588.556 0.170032 101324 -0.0656345 0.588524
0.005935 300.055 0.232876 101319 -0.00370792 1.17159
0.004655 334.593 0.221906 101321 -0.013573 1.04541
0.000635 2193.48 0.000747102 101323 -0.285728 0.15697
0.002795 1859.86 0.0207925 101203 -0.260169 0.184715
0.005425 300.982 0.23241 101318 -0.00144048 1.16747
0.002215 2048.31 0.00752596 101322 -0.272419 0.167961
0.003695 874.542 0.125495 101324 -0.125219 0.394492
0.003085 1601.92 0.0417256 101323 -0.243758 0.214735
0.004015 580.993 0.171277 101324 -0.0641505 0.596275
0.003325 1369.54 0.0637045 101327 -0.21774 0.251312
0.005735 300.183 0.232801 101319 -0.00284047 1.17099
0.004025 573.485 0.172509 101324 -0.0627036 0.604174
0.004955 309.61 0.229229 101320 -0.00770847 1.13289
0.003335 1355.06 0.0654107 101326 -0.215775 0.254004
0.004255 444.361 0.196986 101323 -0.03608 0.782599
0.005745 300.173 0.232807 101319 -0.00300337 1.17104
0.004035 566.09 0.173727 101334 -0.0611716 0.612219
0.005945 300.051 0.232878 101319 -0.0033816 1.17161
0.003345 1340.62 0.0671153 101323 -0.22349 0.256742
0.004965 309.187 0.22937 101320 -0.00759487 1.13452
0.005755 300.163 0.232812 101319 -0.00302105 1.17108
0.004045 559.686 0.174933 101324 -0.0599647 0.61926
0.004265 440.021 0.197878 101323 -0.0352224 0.790446
0.005955 300.048 0.23288 101319 -0.00287769 1.17163
0.004665 333.178 0.222273 101321 -0.0132649 1.04997
0.002805 1853.32 0.0213547 101325 -0.258924 0.185587
0.005965 300.045 0.232882 101319 -0.0028077 1.17164
0.005435 300.929 0.232433 101319 -0.00146695 1.1677
0.004675 331.794 0.22263 101321 -0.0129657 1.05448
0.005975 300.042 0.232884 101319 -0.00338976 1.17166
0.002225 2046.98 0.00759779 101323 -0.275709 0.168072
0.003705 863.736 0.127087 101324 -0.122891 0.399468
0.003095 1593.39 0.0424116 101324 -0.243292 0.215889
0.002235 2045.66 0.007669 101325 -0.280526 0.168182
0.003355 1326.21 0.0688183 101323 -0.221478 0.25954
0.003715 852.981 0.128669 101324 -0.120613 0.404546
0.004975 308.777 0.229506 101320 -0.0074824 1.1361
0.004055 553.399 0.176125 101324 -0.0586516 0.626392
0.003725 842.276 0.130243 101324 -0.118313 0.409731
0.004275 435.738 0.198756 101323 -0.0343853 0.798344
0.004985 308.378 0.229637 101320 -0.00736938 1.13764
0.002815 1844.56 0.0220677 101326 -0.259711 0.186471
0.004065 547.173 0.177302 101324 -0.0573808 0.633619
0.003735 831.622 0.131807 101324 -0.116004 0.415025
0.005985 300.039 0.232885 101319 -0.00345477 1.17167
0.004995 307.99 0.229764 101320 -0.00725132 1.13914
0.004285 431.512 0.19962 101323 -0.0335662 0.806292
0.004685 330.445 0.222977 101322 -0.0126756 1.05891
0.004075 541.007 0.178465 101324 -0.0561007 0.64094
0.003745 821.016 0.133363 101324 -0.113711 0.420433
0.002825 1835.74 0.0227854 101325 -0.266744 0.187365
0.005995 300.03 0.232887 101316 -0.00291852 1.17168
0.005005 307.614 0.229886 101320 -0.00714807 1.1406
0.004295 427.341 0.20047 101323 -0.0327799 0.814292
0.003105 1584.91 0.0430933 101325 -0.243483 0.217049
0.004695 329.289 0.223314 101321 -0.0123991 1.06274
0.004085 534.902 0.179614 101324 -0.0548193 0.648358
0.003755 810.457 0.134909 101324 -0.111404 0.425958
0.006005 300.03 0.232889 101319 -0.00286081 1.17171
0.002835 1826.83 0.0235105 101321 -0.279293 0.188271
0.005015 307.249 0.230004 101320 -0.00698488 1.14203
0.004305 423.226 0.201305 101323 -0.031944 0.822341
0.003115 1576.48 0.0437707 101324 -0.240509 0.218212
0.004705 328.166 0.223641 101321 -0.0121363 1.06649
0.004095 528.857 0.180748 101324 -0.0535579 0.655873
0.006015 300.029 0.23289 101319 -0.00301415 1.17172
0.003765 799.946 0.136445 101324 -0.109091 0.431604
0.002845 1817.82 0.0242438 101320 -0.284901 0.189201
0.005025 306.937 0.230118 101320 -0.00744958 1.14325
0.004315 419.166 0.202126 101323 -0.0317499 0.830439
0.003125 1568.11 0.0444437 101323 -0.235071 0.219378
0.004715 327.071 0.223959 101320 -0.0119046 1.07018
0.004105 522.871 0.181869 101324 -0.0523108 0.663486
0.006025 300.028 0.232892 101319 -0.00289673 1.17172
0.002855 1808.72 0.0249848 101323 -0.276438 0.190158
0.003775 789.481 0.137972 101324 -0.106958 0.437376
0.005035 306.636 0.230228 101321 -0.00553569 1.14445
0.004325 415.16 0.202933 101322 -0.0291289 0.838575
0.003135 1559.79 0.0451124 101323 -0.233016 0.220551
0.004725 326.004 0.224267 101320 -0.0116273 1.0738
0.006035 300.027 0.232893 101319 -0.00263463 1.17173
0.004115 516.944 0.182975 101324 -0.0510754 0.671199
0.005045 306.344 0.230334 101320 -0.00718275 1.14559
0.002865 1799.55 0.0257318 101326 -0.267794 0.191133
0.003785 779.06 0.13949 101324 -0.105349 0.443278
0.004335 411.224 0.203725 101327 -0.0301347 0.846779
0.003145 1551.53 0.0457766 101325 -0.235921 0.221733
0.004735 324.963 0.224567 101320 -0.0119838 1.07735
0.006045 300.026 0.232894 101319 -0.00256436 1.17174
0.004125 511.077 0.184067 101324 -0.049856 0.679013
0.005055 306.061 0.230436 101320 -0.00640195 1.14671
0.004345 407.788 0.204503 101323 -0.0288366 0.854016
0.003795 768.683 0.140998 101324 -0.104489 0.449314
0.006055 300.024 0.232895 101319 -0.00258927 1.17175
0.002875 1790.33 0.0264826 101325 -0.272079 0.192115
0.004745 323.948 0.224857 101319 -0.0100198 1.08083
0.003155 1543.32 0.0464364 101325 -0.23647 0.222917
0.004135 505.269 0.185146 101324 -0.0486529 0.686929
0.005065 305.787 0.230534 101320 -0.0062794 1.1478
0.004355 404.423 0.205267 101323 -0.0281611 0.86126
0.006065 300.022 0.232897 101319 -0.00270643 1.17176
0.003805 758.35 0.142496 101323 -0.104194 0.45549
0.003365 1311.84 0.0705198 101325 -0.211301 0.2624
0.003165 1535.18 0.0470917 101324 -0.229303 0.2241
0.005075 305.522 0.230629 101320 -0.00609469 1.14885
0.003375 1297.49 0.07222 101326 -0.206209 0.265314
0.004145 499.519 0.18621 101324 -0.0474725 0.694947
0.003175 1527.09 0.0477428 101322 -0.221219 0.225287
0.004755 322.958 0.225139 101320 -0.0115538 1.08427
0.005085 305.264 0.23072 101320 -0.00593033 1.14988
0.003385 1283.17 0.0739189 101324 -0.208057 0.268282
0.006075 300.02 0.232898 101319 -0.00286874 1.17176
0.004155 493.828 0.18726 101324 -0.0463117 0.703069
0.003185 1519.07 0.0483895 101323 -0.223399 0.226484
0.004365 401.111 0.206016 101323 -0.0274759 0.868508
0.003815 748.06 0.143984 101323 -0.103947 0.46181
0.005095 305.015 0.230808 101320 -0.00576732 1.15087
0.004375 397.852 0.206751 101323 -0.0268374 0.875758
0.004765 321.992 0.225412 101320 -0.0107238 1.08762
0.003825 737.813 0.145462 101323 -0.103142 0.468281
0.003395 1268.88 0.0756165 101324 -0.207829 0.271314
0.005105 304.772 0.230893 101320 -0.00561213 1.15184
0.004385 394.646 0.207472 101323 -0.0262272 0.883011
0.003195 1511.11 0.0490321 101326 -0.23181 0.22769
0.004775 321.051 0.225677 101320 -0.0105444 1.09092
0.003835 727.611 0.14693 101323 -0.101208 0.474907
0.005115 304.538 0.230974 101320 -0.00546277 1.15278
0.004395 391.491 0.208178 101323 -0.0256445 0.890265
0.003405 1254.61 0.0773129 101324 -0.202082 0.274414
0.004785 320.132 0.225933 101320 -0.010316 1.09416
0.004405 388.386 0.20887 101322 -0.0250855 0.897519
0.003415 1240.36 0.079008 101325 -0.196827 0.27758
0.004795 319.239 0.226182 101321 -0.0101133 1.09733
0.004415 385.332 0.209548 101322 -0.024543 0.904771
0.003425 1226.14 0.0807019 101326 -0.196868 0.280815
0.004425 382.327 0.210213 101322 -0.0240051 0.912021
0.003435 1211.95 0.0823943 101324 -0.194751 0.284114
0.004435 379.37 0.210863 101322 -0.0234674 0.919268
0.003445 1197.77 0.0840853 101324 -0.191288 0.287491
0.004445 376.462 0.2115 101322 -0.0229325 0.92651
0.003455 1183.62 0.0857746 101325 -0.187273 0.290945
0.004455 373.611 0.212124 101325 -0.0223871 0.933743
0.003465 1169.49 0.0874621 101325 -0.185071 0.294476
0.004465 371.151 0.212734 101322 -0.02186 0.940046
0.003475 1155.38 0.0891478 101324 -0.183335 0.298087
0.004475 368.748 0.21333 101322 -0.0213266 0.946312
0.003485 1141.3 0.0908313 101324 -0.180311 0.301783
0.003495 1127.24 0.0925125 101325 -0.176833 0.305567
0.003505 1113.2 0.0941912 101325 -0.174185 0.309439
0.003515 1099.18 0.0958672 101324 -0.171827 0.313404
