1
1
6
0
(4 0
((0) (15) (0))
((16) (31) (0))
((32) (47) (0))
((48) (63) (0))
)
4
FabOnDisk: Cell_D_00000 0
FabOnDisk: Cell_D_00001 0
FabOnDisk: Cell_D_00002 0
FabOnDisk: Cell_D_00003 0

4,6
1.0000000000000000e+00,0.0000000000000000e+00,0.0000000000000000e+00,-4.7195276905381339e+04,2.3291751145757966e-01,7.6708248854242034e-01,
1.0000000000000000e+00,0.0000000000000000e+00,0.0000000000000000e+00,-4.7195276905381339e+04,2.3291751145757966e-01,7.6708248854242034e-01,
1.2500000000000000e-01,0.0000000000000000e+00,0.0000000000000000e+00,-1.2265654838589768e+04,2.9114688932197458e-02,9.5885311067802542e-02,
1.2500000000000000e-01,0.0000000000000000e+00,0.0000000000000000e+00,-1.2265654838589768e+04,2.9114688932197458e-02,9.5885311067802542e-02,

4,6
1.0000000000000000e+00,0.0000000000000000e+00,0.0000000000000000e+00,-4.7195276905381339e+04,2.3291751145757966e-01,7.6708248854242034e-01,
1.0000000000000000e+00,0.0000000000000000e+00,0.0000000000000000e+00,-4.7195276905381339e+04,2.3291751145757966e-01,7.6708248854242034e-01,
1.2500000000000000e-01,0.0000000000000000e+00,0.0000000000000000e+00,-1.2265654838589768e+04,2.9114688932197458e-02,9.5885311067802542e-02,
1.2500000000000000e-01,0.0000000000000000e+00,0.0000000000000000e+00,-1.2265654838589768e+04,2.9114688932197458e-02,9.5885311067802542e-02,

