0.004485 2103.38 0.0870024 359800 -0.191422 0.585891
0.004495 2102.43 0.0869638 359800 -0.191762 0.586144
0.004505 2101.47 0.0869263 359800 -0.192101 0.586399
0.004515 2100.5 0.0868898 359800 -0.192439 0.586656
0.004525 2099.53 0.0868542 359800 -0.192777 0.586916
0.004535 2098.55 0.0868196 359800 -0.193114 0.587178
0.004545 2097.56 0.0867861 359800 -0.19345 0.587443
0.004555 2096.56 0.0867534 359800 -0.193785 0.58771
0.004565 2095.56 0.0867218 359800 -0.19412 0.587979
0.004575 2094.55 0.086691 359800 -0.194454 0.58825
0.004585 2093.53 0.0866613 359800 -0.194787 0.588523
0.004595 2092.51 0.0866324 359800 -0.195121 0.588799
0.004605 2091.48 0.0866045 359800 -0.195454 0.589077
0.004615 2090.44 0.0865774 359800 -0.195786 0.589357
0.004625 2089.39 0.0865513 359800 -0.196119 0.589639
0.004635 2088.34 0.0865261 359800 -0.196452 0.589924
0.004645 2087.28 0.0865017 359800 -0.196784 0.590211
0.004655 2086.21 0.0864782 359800 -0.197116 0.5905
0.004665 2085.14 0.0864555 359800 -0.197448 0.590791
0.004675 2084.06 0.0864337 359800 -0.197779 0.591084
0.004685 2082.97 0.0864128 359800 -0.198109 0.59138
0.004695 2081.88 0.0863926 359800 -0.198439 0.591677
0.004705 2080.78 0.0863733 359800 -0.198766 0.591977
0.004715 2079.67 0.0863548 359801 -0.199104 0.592279
0.004725 2078.6 0.086337 359800 -0.199421 0.592572
0.004735 2077.52 0.08632 359800 -0.199747 0.592867
0.004745 2076.43 0.0863038 359800 -0.200074 0.593164
0.004755 2075.34 0.0862883 359800 -0.2004 0.593463
0.004765 2074.24 0.0862735 359800 -0.200724 0.593764
0.004775 2073.14 0.0862595 359800 -0.201047 0.594067
0.004785 2072.03 0.0862461 359800 -0.201368 0.594372
0.004795 2070.91 0.0862334 359800 -0.201687 0.594678
0.005125 2032.12 0.0860576 359800 -0.211413 0.60555
5e-06 1053.39 0.192428 359800 -0.0676649 1.17002
0.005135 2030.92 0.0860542 359801 -0.211691 0.605892
0.004805 2069.79 0.0862214 359800 -0.202004 0.594987
1.5e-05 1053.45 0.192424 359800 -0.067667 1.16995
0.005145 2029.82 0.0860505 359801 -0.211953 0.606204
0.001925 1677.36 0.140077 359800 -0.0909939 0.735563
0.003205 2093.13 0.102143 359800 -0.140663 0.589805
0.005155 2028.73 0.0860464 359801 -0.212224 0.606515
2.5e-05 1053.56 0.192414 359800 -0.0676728 1.16983
0.001935 1681.67 0.139709 359800 -0.0912718 0.733687
0.002885 2024.31 0.109554 359800 -0.126093 0.609893
0.005165 2027.64 0.086042 359801 -0.212495 0.606827
3.5e-05 1053.73 0.1924 359800 -0.0676818 1.16964
0.003215 2094.79 0.101936 359800 -0.141129 0.589333
0.001945 1685.97 0.139343 359800 -0.0915514 0.731824
0.004815 2068.66 0.08621 359800 -0.20232 0.595297
0.005175 2026.54 0.0860371 359801 -0.212764 0.607139
4.5e-05 1053.95 0.192382 359800 -0.0676939 1.16939
0.001955 1690.26 0.138977 359800 -0.0918326 0.729974
0.003225 2096.44 0.10173 359800 -0.1416 0.588868
0.000325 1080.68 0.190182 359800 -0.0687379 1.14046
0.005185 2025.45 0.0860318 359801 -0.213033 0.607451
0.001965 1694.54 0.138611 359800 -0.0921155 0.728138
5.5e-05 1054.23 0.192359 359800 -0.067709 1.16908
0.003235 2097.95 0.101526 359800 -0.142042 0.588439
0.002895 2026.92 0.109299 359800 -0.126564 0.609109
0.002245 1810.02 0.128724 359800 -0.100701 0.681875
0.004825 2067.53 0.0861993 359800 -0.202634 0.595609
0.005195 2024.36 0.0860259 359801 -0.213299 0.607762
6.5e-05 1054.57 0.192331 359800 -0.0677269 1.16871
0.001975 1698.81 0.138247 359800 -0.0924001 0.726315
0.003245 2099.45 0.101324 359800 -0.14249 0.588018
0.005445 1998.31 0.0855485 359801 -0.21923 0.615277
0.005205 2023.27 0.0860195 359801 -0.213564 0.608074
7.5e-05 1054.95 0.1923 359800 -0.0677474 1.16828
0.001985 1703.07 0.137883 359800 -0.0926863 0.724505
0.000335 1082.31 0.190047 359800 -0.068789 1.13874
0.002905 2029.5 0.109046 359800 -0.127036 0.608336
0.003255 2100.92 0.101123 359800 -0.142935 0.587603
0.004835 2066.4 0.0861891 359800 -0.202946 0.595923
8.5e-05 1055.39 0.192263 359800 -0.0677704 1.16779
0.005215 2022.18 0.0860124 359801 -0.213828 0.608385
0.001995 1707.33 0.13752 359800 -0.0929741 0.722708
0.002255 1813.96 0.128385 359800 -0.101032 0.6804
0.003265 2102.37 0.100923 359800 -0.143375 0.587195
9.5e-05 1055.88 0.192223 359800 -0.0677957 1.16725
0.005225 2021.09 0.0860046 359801 -0.214089 0.608697
0.002005 1711.57 0.137158 359800 -0.0932636 0.720924
0.003275 2103.79 0.100725 359800 -0.143811 0.586793
0.000345 1083.99 0.189908 359800 -0.0688422 1.13698
0.005455 1997.36 0.0855093 359801 -0.21943 0.615554
0.002915 2032.04 0.108795 359800 -0.12751 0.607573
0.005235 2020.01 0.0859962 359801 -0.214348 0.609007
0.000105 1056.43 0.192178 359800 -0.0678231 1.16665
0.004845 2065.26 0.0861796 359800 -0.203258 0.596238
0.002015 1715.8 0.136796 359800 -0.0935547 0.719153
0.003285 2105.2 0.100529 359800 -0.144243 0.586398
0.002265 1817.88 0.128047 359800 -0.101364 0.678936
0.003525 2129.39 0.0962539 359800 -0.154689 0.579628
0.005245 2018.93 0.0859869 359801 -0.214606 0.609318
0.000115 1057.02 0.192129 359800 -0.0678526 1.16599
0.000965 1262.7 0.175079 359800 -0.0725993 0.976198
0.000355 1085.72 0.189766 359800 -0.0688976 1.13517
0.002025 1720.03 0.136435 359800 -0.0938475 0.717395
0.003295 2106.59 0.100334 359800 -0.144671 0.586008
0.002925 2034.56 0.108544 359800 -0.127984 0.60682
0.005255 2017.85 0.0859768 359801 -0.214861 0.609628
0.000125 1057.67 0.192076 359800 -0.0678839 1.16528
0.004855 2064.11 0.0861706 359800 -0.203567 0.596554
0.005465 1996.42 0.085468 359801 -0.219627 0.615828
0.002275 1821.8 0.12771 359800 -0.101698 0.677484
0.002035 1724.24 0.136075 359800 -0.0941418 0.71565
0.003845 2138.66 0.0918427 359800 -0.16785 0.576888
0.003305 2107.96 0.10014 359800 -0.145099 0.585624
0.003535 2130.01 0.096094 359800 -0.155113 0.579451
0.005265 2016.77 0.0859658 359801 -0.215114 0.609937
0.000135 1058.36 0.192019 359800 -0.0679169 1.16452
0.000365 1087.48 0.189621 359800 -0.0689549 1.13333
0.000975 1266.55 0.174758 359800 -0.072706 0.973241
0.002045 1728.44 0.135716 359800 -0.0944378 0.713917
0.003315 2109.3 0.099948 359800 -0.14553 0.585246
0.003855 2138.62 0.0917277 359800 -0.168245 0.576891
0.002935 2037.06 0.108296 359800 -0.128461 0.606078
0.004865 2062.97 0.0861622 359800 -0.203876 0.596873
0.005275 2015.7 0.0859539 359801 -0.215364 0.610245
0.000145 1059.11 0.191958 359800 -0.0679515 1.1637
0.005475 1995.49 0.0854246 359801 -0.219819 0.616099
0.002285 1825.69 0.127374 359800 -0.102034 0.676044
0.002055 1732.63 0.135358 359800 -0.0947355 0.712197
0.003325 2110.63 0.0997575 359800 -0.145969 0.584874
0.003865 2138.56 0.091614 359800 -0.168638 0.576898
0.003545 2130.63 0.0959355 359800 -0.155537 0.579279
0.000375 1089.29 0.189471 359800 -0.0690131 1.13144
0.005285 2014.63 0.085941 359801 -0.215613 0.610553
0.000155 1059.9 0.191892 359800 -0.0679876 1.16282
0.000985 1270.41 0.174435 359800 -0.0728142 0.970285
0.002065 1736.81 0.135 359800 -0.0950347 0.71049
0.002945 2039.52 0.108048 359800 -0.128945 0.605346
0.003335 2111.8 0.0995683 359800 -0.146382 0.584548
0.003875 2138.49 0.0915016 359800 -0.16903 0.576908
0.004875 2061.81 0.0861543 359800 -0.204184 0.597192
0.005295 2013.56 0.085927 359801 -0.215858 0.61086
0.005485 1994.57 0.0853789 359801 -0.220006 0.616366
0.002295 1829.58 0.127039 359800 -0.102373 0.674615
0.000165 1060.75 0.191823 359800 -0.068025 1.1619
0.002075 1740.98 0.134643 359800 -0.0953356 0.708796
0.003345 2112.94 0.0993807 359800 -0.146808 0.584227
0.003555 2131.22 0.0957786 359800 -0.155959 0.579111
0.003885 2138.41 0.0913906 359800 -0.16942 0.576922
0.000385 1091.15 0.189318 359800 -0.0690705 1.12952
0.005305 2012.5 0.0859119 359801 -0.216102 0.611165
0.000995 1274.3 0.17411 359800 -0.072924 0.96733
0.002955 2041.94 0.107803 359800 -0.129409 0.604629
0.000175 1061.64 0.191749 359800 -0.0680637 1.16092
0.002085 1745.14 0.134288 359800 -0.0956382 0.707114
0.003355 2114.07 0.0991945 359800 -0.14724 0.583912
0.004885 2060.66 0.086147 359800 -0.20449 0.597513
0.003895 2138.31 0.0912809 359800 -0.16981 0.57694
0.005495 1993.66 0.0853311 359801 -0.220189 0.61663
0.002305 1833.44 0.126706 359800 -0.102713 0.673198
0.005315 2011.45 0.0858956 359801 -0.216342 0.61147
0.000185 1062.58 0.191672 359800 -0.0681036 1.15989
0.003565 2131.79 0.095623 359800 -0.156379 0.578949
0.002095 1749.29 0.133933 359800 -0.0959423 0.705445
0.003365 2115.17 0.0990098 359800 -0.147675 0.583602
0.000395 1093.05 0.189162 359800 -0.0691244 1.12756
0.003905 2138.19 0.0911725 359800 -0.1702 0.576962
0.001005 1278.21 0.173784 359800 -0.0730355 0.964378
0.002965 2044.33 0.107558 359800 -0.129881 0.603922
0.005325 2010.4 0.085878 359801 -0.216581 0.611773
0.000195 1063.57 0.191591 359800 -0.0681445 1.15881
0.004895 2059.5 0.0861401 359800 -0.204795 0.597836
0.002105 1753.43 0.133579 359800 -0.0962482 0.703788
0.005505 1992.77 0.085281 359801 -0.220367 0.61689
0.002315 1837.29 0.126373 359800 -0.103055 0.671793
0.003375 2116.26 0.0988265 359800 -0.148113 0.583299
0.003915 2138.07 0.0910654 359800 -0.170589 0.576988
0.003575 2132.35 0.0954689 359800 -0.156798 0.578792
0.006085 1994.26 0.0825799 359801 -0.233771 0.615937
0.005335 2009.35 0.0858592 359801 -0.216817 0.612075
0.000205 1064.61 0.191505 359800 -0.0681865 1.15769
0.000405 1094.99 0.189002 359800 -0.069171 1.12556
0.002115 1757.55 0.133226 359800 -0.0965556 0.702144
0.001015 1282.14 0.173455 359800 -0.0731487 0.961429
0.002975 2046.69 0.107316 359800 -0.130352 0.603225
0.003385 2117.32 0.0986448 359800 -0.148555 0.583001
0.003925 2137.92 0.0909597 359800 -0.170978 0.577017
0.004905 2058.33 0.0861337 359800 -0.205099 0.59816
0.005515 1991.9 0.0852286 359801 -0.220533 0.617147
0.002325 1841.13 0.126042 359800 -0.1034 0.670398
0.005345 2008.31 0.085839 359801 -0.21705 0.612376
0.000215 1065.69 0.191416 359800 -0.0682293 1.15651
0.003585 2132.89 0.0953162 359800 -0.157216 0.578639
0.002125 1761.66 0.132873 359800 -0.0968647 0.700512
0.003395 2118.37 0.0984645 359800 -0.148998 0.582709
0.003935 2137.77 0.0908553 359800 -0.171367 0.57705
0.006095 1994.59 0.0827117 359801 -0.234335 0.615823
0.000415 1096.97 0.188838 359800 -0.0692059 1.12353
0.005355 2007.28 0.0858174 359801 -0.217281 0.612675
0.001025 1286.09 0.173125 359800 -0.0732636 0.958482
0.000225 1066.82 0.191323 359800 -0.068273 1.15528
0.002985 2049.02 0.107074 359800 -0.130822 0.602537
0.002135 1765.76 0.132522 359800 -0.0971755 0.698892
0.003405 2119.39 0.0982856 359800 -0.149442 0.582424
0.003945 2137.6 0.0907522 359800 -0.171758 0.577087
0.004915 2057.17 0.0861277 359800 -0.205402 0.598485
0.005525 1991.04 0.085174 359801 -0.220719 0.617398
0.002335 1844.95 0.125712 359800 -0.103747 0.669016
0.005365 2006.25 0.0857943 359801 -0.217509 0.612972
0.003595 2133.41 0.0951649 359800 -0.157632 0.578491
0.000235 1068 0.191226 359800 -0.0683174 1.15401
0.006105 1994.89 0.0828557 359801 -0.234881 0.615719
0.007365 429.478 0.227783 359801 0.00489591 2.89796
0.002145 1769.85 0.132172 359800 -0.0974878 0.697284
0.003955 2137.41 0.0906505 359800 -0.172158 0.577128
0.003415 2120.39 0.0981083 359800 -0.149887 0.582144
0.000425 1099 0.188671 359800 -0.0692237 1.12146
0.001035 1290.06 0.172794 359800 -0.0733802 0.95554
0.005375 2005.23 0.0857696 359801 -0.217734 0.613267
0.002995 2051.33 0.106834 359800 -0.131291 0.601859
0.000245 1069.23 0.191125 359800 -0.0683624 1.15268
0.004925 2056 0.0861222 359800 -0.205704 0.598811
0.005535 1990.46 0.0851169 359801 -0.220902 0.617562
0.002345 1848.75 0.125383 359800 -0.104097 0.667645
0.002155 1773.93 0.131822 359800 -0.0978018 0.695689
0.003965 2137.1 0.09055 359800 -0.17253 0.577204
0.003605 2133.92 0.0950151 359800 -0.158047 0.578348
0.003425 2121.37 0.0979324 359800 -0.150331 0.58187
0.006115 1995.15 0.0830118 359801 -0.235403 0.615624
0.005385 2004.22 0.0857434 359801 -0.217957 0.613561
0.000255 1070.5 0.19102 359800 -0.0684079 1.15131
0.007375 427.675 0.228057 359801 0.00488288 2.9105
0.000435 1101.06 0.1885 359800 -0.0692192 1.11935
0.001045 1294.05 0.17246 359800 -0.0734986 0.952601
0.002165 1777.99 0.131474 359800 -0.0981174 0.694106
0.003005 2053.61 0.106596 359800 -0.131759 0.601191
0.003975 2136.77 0.0904508 359800 -0.172911 0.577283
0.003435 2122.33 0.0977579 359800 -0.150775 0.581603
0.005395 2003.21 0.0857154 359801 -0.218177 0.613853
0.004935 2054.82 0.086117 359800 -0.206004 0.599139
0.005545 1989.89 0.0850574 359801 -0.221086 0.617723
0.002355 1852.54 0.125055 359800 -0.104448 0.666285
0.000265 1071.82 0.190912 359800 -0.0684538 1.1499
0.003615 2134.41 0.0948667 359800 -0.158462 0.57821
0.006125 1995.38 0.0831799 359801 -0.235904 0.615539
0.002175 1782.04 0.131127 359800 -0.0984347 0.692535
0.003985 2136.43 0.0903529 359800 -0.173294 0.577365
0.003445 2123.27 0.097585 359800 -0.151218 0.581341
0.007385 425.964 0.228317 359801 0.00484961 2.92251
0.005405 2002.21 0.0856857 359801 -0.218394 0.614142
0.000445 1103.17 0.188326 359800 -0.069187 1.11721
0.001055 1298.06 0.172125 359800 -0.0736187 0.949666
0.003015 2055.86 0.106359 359800 -0.132225 0.600531
0.000275 1073.18 0.190799 359800 -0.0684999 1.14844
0.006725 1170.46 0.132533 359808 -0.119944 1.04895
0.006405 1692.98 0.0905156 359802 -0.229306 0.724561
0.004945 2053.65 0.0861123 359800 -0.206303 0.599468
0.005555 1989.34 0.0849956 359801 -0.221266 0.61788
0.002185 1786.08 0.13078 359800 -0.0987535 0.690977
0.003995 2136.08 0.0902563 359800 -0.173677 0.577451
0.002365 1856.31 0.124729 359800 -0.104803 0.664936
0.003455 2124.18 0.0974135 359800 -0.151661 0.581085
0.007045 574.857 0.207453 359803 -0.00530527 2.15306
0.005415 2001.22 0.0856543 359801 -0.218608 0.61443
0.003625 2134.88 0.0947197 359800 -0.158876 0.578076
0.006135 1995.58 0.0833599 359801 -0.236392 0.615461
0.000285 1074.59 0.190683 359800 -0.0685463 1.14693
0.007395 424.336 0.228563 359801 0.00477386 2.93402
0.000455 1105.33 0.188148 359800 -0.0691232 1.11503
0.001065 1302.08 0.171788 359800 -0.0737405 0.946736
0.006415 1678.34 0.090716 359802 -0.226839 0.730847
0.003025 2058.08 0.106124 359800 -0.132688 0.599881
0.002195 1790.1 0.130435 359800 -0.099074 0.68943
0.004005 2135.71 0.0901609 359800 -0.17406 0.577541
0.003465 2125.08 0.0972435 359800 -0.152106 0.580835
0.006735 1139.39 0.13634 359809 -0.112771 1.07774
0.005425 2000.24 0.085621 359801 -0.218819 0.614715
0.004955 2052.47 0.0861079 359800 -0.206601 0.599799
0.007055 566.758 0.208555 359802 -0.00439936 2.18433
0.005565 1988.8 0.0849313 359801 -0.22144 0.618032
0.002375 1860.07 0.124403 359800 -0.105159 0.663599
0.003635 2135.33 0.0945742 359800 -0.15929 0.577946
0.006145 1995.75 0.0835515 359801 -0.236886 0.61539
0.000295 1076.04 0.190563 359800 -0.068593 1.14538
0.007405 422.959 0.228795 359801 0.00464355 2.94386
0.000465 1107.52 0.187967 359800 -0.0690252 1.11282
0.001075 1306.13 0.17145 359800 -0.0738641 0.943811
0.003035 2060.28 0.10589 359800 -0.133148 0.599239
0.006425 1664.03 0.0908955 359802 -0.22422 0.737094
0.002205 1794.11 0.130091 359800 -0.0993961 0.687895
0.004015 2135.33 0.0900669 359800 -0.174442 0.577635
0.003475 2125.95 0.097075 359800 -0.152557 0.580591
0.006745 1109.13 0.140052 359809 -0.105929 1.10734
0.005435 1999.27 0.0855857 359801 -0.219026 0.614997
0.004965 2051.28 0.0861038 359800 -0.206898 0.60013
0.007065 558.919 0.209616 359802 -0.00356641 2.21546
0.005575 1988.27 0.0848647 359801 -0.221607 0.618181
0.003645 2135.77 0.0944301 359800 -0.159704 0.577821
0.002385 1863.81 0.124079 359800 -0.105518 0.662273
0.006155 1995.89 0.0837544 359801 -0.237415 0.615328
0.000305 1077.54 0.19044 359800 -0.0686403 1.14378
0.007415 421.638 0.229015 359801 0.00449996 2.95337
0.000475 1109.75 0.187783 359800 -0.0688926 1.11058
0.002565 1927.96 0.118459 359800 -0.112355 0.64031
0.001605 1536.27 0.152068 359800 -0.083004 0.802828
0.002575 1931.34 0.118159 359800 -0.112757 0.639194
0.000485 1112.03 0.187595 359800 -0.0687277 1.10831
0.005765 1982.03 0.0832284 359801 -0.224088 0.619913
0.002585 1934.69 0.117861 359800 -0.11316 0.63809
0.000495 1114.35 0.187403 359800 -0.0685357 1.10601
0.001615 1540.73 0.151689 359800 -0.0832248 0.80051
0.002595 1938.02 0.117563 359800 -0.113567 0.636996
0.005775 1981.93 0.0831328 359801 -0.224209 0.61994
0.000505 1116.7 0.187208 359799 -0.0683247 1.10367
0.001625 1545.2 0.151311 359800 -0.0834479 0.798205
0.002605 1941.33 0.117268 359800 -0.113976 0.635913
0.005785 1981.84 0.0830378 359801 -0.224332 0.61996
0.004165 2128.07 0.0888068 359800 -0.180086 0.579453
0.001635 1549.66 0.150933 359800 -0.0836731 0.795915
0.000515 1119.1 0.18701 359799 -0.068105 1.10131
0.002615 1944.62 0.116973 359800 -0.114388 0.634841
0.005795 1981.78 0.0829439 359801 -0.224457 0.619973
0.001645 1554.12 0.150554 359800 -0.0839004 0.793639
0.004175 2127.5 0.0887326 359800 -0.180456 0.5796
0.000525 1121.54 0.186809 359799 -0.0678891 1.09892
0.002625 1947.88 0.11668 359800 -0.114803 0.633781
0.005805 1981.74 0.0828515 359801 -0.224585 0.61998
0.001655 1558.58 0.150176 359800 -0.0841299 0.791377
0.000645 1153.76 0.184141 359799 -0.0686086 1.06825
0.000535 1124.01 0.186604 359799 -0.06769 1.0965
0.004185 2126.9 0.0886597 359800 -0.180826 0.57975
0.002635 1951.12 0.116388 359800 -0.11522 0.632731
0.005815 1981.72 0.0827612 359801 -0.224717 0.619981
0.001665 1563.04 0.149798 359800 -0.0843614 0.789129
0.000545 1126.53 0.186396 359799 -0.0675207 1.09405
0.000655 1156.68 0.183899 359799 -0.0688974 1.06555
0.001285 1394.52 0.164033 359800 -0.0768823 0.884135
0.002645 1954.34 0.116098 359800 -0.115641 0.631692
0.005825 1981.72 0.082673 359801 -0.224851 0.619975
0.004195 2126.3 0.0885879 359800 -0.181194 0.579904
0.001675 1567.5 0.14942 359800 -0.0845949 0.786895
0.000555 1129.08 0.186185 359798 -0.0673933 1.09158
0.000665 1159.64 0.183654 359799 -0.0691791 1.06283
0.002655 1957.53 0.115809 359800 -0.116065 0.630664
0.005835 1981.74 0.082587 359801 -0.224988 0.619964
0.001295 1398.87 0.163668 359800 -0.0770467 0.881399
0.001685 1571.95 0.149043 359800 -0.0848304 0.784675
0.004205 2125.69 0.0885173 359800 -0.181562 0.58006
0.000565 1131.67 0.18597 359798 -0.0673171 1.08908
0.000675 1162.63 0.183406 359799 -0.0694455 1.0601
0.002665 1960.7 0.115521 359800 -0.116491 0.629647
0.005845 1981.78 0.0825038 359801 -0.22513 0.619946
0.001305 1403.22 0.163301 359800 -0.0772129 0.878675
0.001695 1576.4 0.148665 359800 -0.0850678 0.782469
0.004215 2125.07 0.0884479 359800 -0.181929 0.58022
0.000575 1134.3 0.185753 359798 -0.0672988 1.08655
0.002675 1963.84 0.115235 359800 -0.116919 0.628642
0.005855 1981.84 0.082424 359801 -0.225277 0.619922
0.000685 1165.66 0.183155 359800 -0.0696905 1.05735
0.001315 1407.58 0.162935 359800 -0.0773809 0.875962
0.001705 1580.85 0.148288 359800 -0.085307 0.780277
0.000585 1136.97 0.185532 359798 -0.0673413 1.084
0.004225 2124.43 0.0883797 359800 -0.182296 0.580382
0.002685 1966.97 0.11495 359800 -0.11735 0.627647
0.005865 1981.92 0.082348 359801 -0.225429 0.619893
0.000695 1168.72 0.182901 359800 -0.0699102 1.05458
0.000595 1139.68 0.185308 359798 -0.0674439 1.08143
0.001715 1585.29 0.14791 359800 -0.085548 0.778099
0.004235 2123.79 0.0883127 359800 -0.182661 0.580548
0.001325 1411.94 0.162567 359800 -0.0775508 0.87326
0.002695 1970.06 0.114667 359800 -0.117782 0.626663
0.005875 1982.02 0.0822763 359801 -0.225588 0.619858
0.000705 1171.82 0.182644 359800 -0.0701032 1.0518
0.001725 1589.73 0.147533 359800 -0.0857907 0.775935
0.000605 1142.42 0.185081 359798 -0.067602 1.07884
0.001085 1310.19 0.17111 359800 -0.0739894 0.940892
0.004245 2123.13 0.0882469 359800 -0.183025 0.580716
0.002705 1973.13 0.114385 359800 -0.118214 0.62569
0.005885 1982.15 0.0822096 359802 -0.22578 0.619819
0.001335 1416.32 0.162199 359800 -0.0777224 0.870571
0.000715 1174.94 0.182384 359800 -0.0702701 1.049
0.001735 1594.16 0.147157 359800 -0.0860351 0.773785
0.000615 1145.2 0.18485 359799 -0.0678081 1.07622
0.004255 2122.46 0.0881822 359800 -0.183389 0.580888
0.001095 1314.27 0.170768 359800 -0.0741166 0.937978
0.003045 2062.46 0.105658 359800 -0.133604 0.598606
0.002715 1976.18 0.114105 359800 -0.118646 0.624727
0.005895 1982.81 0.082148 359801 -0.225991 0.619605
0.000725 1178.1 0.182122 359800 -0.0704128 1.04619
0.001345 1420.7 0.161829 359800 -0.0778959 0.867893
0.001745 1598.59 0.14678 359800 -0.0862811 0.771649
0.000625 1148.02 0.184617 359799 -0.0680523 1.07358
0.004265 2121.79 0.0881186 359800 -0.183751 0.581062
0.001105 1318.36 0.170425 359800 -0.0742455 0.935071
0.003055 2064.61 0.105427 359800 -0.134054 0.597982
0.002725 1979.2 0.113825 359800 -0.119077 0.623776
0.005905 1983.49 0.082092 359801 -0.226233 0.619389
0.000735 1181.3 0.181857 359800 -0.0705345 1.04337
0.001355 1425.09 0.161459 359800 -0.0780711 0.865227
0.001755 1603.02 0.146404 359800 -0.0865288 0.769527
0.000635 1150.87 0.184381 359799 -0.0683231 1.07092
0.004275 2121.1 0.0880562 359800 -0.184112 0.581239
0.001115 1322.48 0.170081 359800 -0.0743761 0.93217
0.003065 2066.73 0.105197 359800 -0.134498 0.597365
0.002735 1982.2 0.113548 359800 -0.119506 0.622834
0.000745 1184.52 0.181589 359800 -0.0706392 1.04053
0.006435 1650.08 0.0910518 359802 -0.221451 0.743286
0.000755 1187.78 0.181319 359800 -0.0707308 1.03768
0.002215 1798.11 0.129747 359800 -0.0997198 0.686373
0.006445 1636.54 0.091183 359802 -0.218531 0.749402
0.000765 1191.07 0.181045 359800 -0.0708132 1.03482
0.004025 2134.93 0.0899741 359800 -0.174825 0.577732
0.003485 2126.68 0.0969078 359800 -0.152978 0.580388
0.006455 1623.43 0.0912869 359802 -0.215458 0.755421
0.000775 1194.38 0.18077 359800 -0.0708898 1.03195
0.002225 1802.09 0.129405 359800 -0.100045 0.684862
0.004035 2134.53 0.0898826 359800 -0.175206 0.577833
0.000785 1197.73 0.180491 359800 -0.0709637 1.02907
0.006465 1610.77 0.0913613 359802 -0.212231 0.761321
0.003495 2127.38 0.0967422 359800 -0.153407 0.58019
0.002235 1806.06 0.129064 359800 -0.100372 0.683363
0.004045 2134.11 0.0897924 359800 -0.175587 0.577937
0.006755 1079.67 0.14367 359809 -0.0993883 1.13778
0.004975 2050.1 0.0861 359800 -0.207193 0.600463
0.005585 1987.77 0.0847957 359801 -0.221769 0.618324
0.007075 551.329 0.210638 359802 -0.00279161 2.24646
0.006765 1050.99 0.147192 359809 -0.0931371 1.16907
0.003655 2136.19 0.0942874 359800 -0.160119 0.577701
0.007085 543.975 0.211622 359802 -0.00207376 2.27732
0.004985 2048.91 0.0860964 359800 -0.207487 0.600796
0.002395 1867.53 0.123756 359800 -0.105879 0.660959
0.005595 1987.27 0.0847243 359801 -0.221926 0.618463
0.007095 536.847 0.21257 359802 -0.00140726 2.30805
0.006775 1023.06 0.150618 359809 -0.0871589 1.20124
0.006165 1995.99 0.083968 359801 -0.238018 0.615277
0.007105 529.934 0.213484 359802 -0.000770865 2.33865
0.004995 2047.72 0.0860932 359800 -0.20778 0.601131
0.003665 2136.59 0.0941461 359800 -0.160539 0.577585
0.007115 523.229 0.214364 359803 -0.000111677 2.36912
0.000315 1079.09 0.190313 359800 -0.0686885 1.14215
0.005605 1986.8 0.0846506 359801 -0.222077 0.618597
0.006785 995.869 0.153949 359809 -0.0814066 1.23432
0.007425 420.369 0.229222 359801 0.00435713 2.96256
0.005915 1984.17 0.0820423 359801 -0.226486 0.619172
0.001365 1429.49 0.161089 359800 -0.0782482 0.862574
0.005925 1984.86 0.0819994 359801 -0.226749 0.618954
0.006795 969.397 0.157183 359809 -0.0759019 1.26832
0.001375 1433.9 0.160718 359800 -0.078427 0.859933
0.005935 1985.55 0.0819636 359801 -0.227025 0.618736
0.007435 419.15 0.229417 359801 0.00422245 2.97143
0.001765 1607.44 0.146029 359800 -0.0867781 0.767419
0.005945 1986.24 0.0819355 359801 -0.227317 0.618517
0.001385 1438.31 0.160346 359800 -0.0786075 0.857305
0.004285 2120.4 0.087995 359800 -0.184472 0.58142
0.001395 1442.72 0.159974 359800 -0.0787899 0.854689
0.005955 1986.93 0.0819156 359801 -0.227626 0.618299
0.006805 943.628 0.160319 359809 -0.0706561 1.30327
0.007445 417.984 0.229601 359801 0.00409432 2.97997
0.001125 1326.6 0.169735 359800 -0.0745086 0.929276
0.001405 1447.15 0.159601 359800 -0.0789739 0.852086
0.005965 1987.62 0.0819043 359801 -0.227954 0.618082
0.001775 1611.86 0.145653 359800 -0.0870289 0.765325
0.003075 2068.84 0.10497 359800 -0.134936 0.596757
0.005975 1988.29 0.0819021 359801 -0.228304 0.617867
0.001415 1451.57 0.159227 359800 -0.0791597 0.849496
0.006815 918.548 0.163356 359809 -0.0656184 1.33918
0.002745 1985.17 0.113271 359800 -0.119932 0.621903
0.007455 416.867 0.229774 359801 0.00396837 2.98819
0.004295 2119.69 0.0879349 359800 -0.184831 0.581603
0.005985 1988.96 0.0819094 359801 -0.228677 0.617656
0.001425 1456.01 0.158853 359800 -0.0793472 0.846918
0.001135 1330.75 0.169387 359800 -0.0746429 0.926389
0.001785 1616.27 0.145278 359800 -0.0872815 0.763245
0.003085 2070.92 0.104743 359800 -0.135368 0.596155
0.006825 894.142 0.166292 359809 -0.06053 1.37609
0.007465 415.96 0.229936 359801 0.00383461 2.99494
0.002755 1988.12 0.112996 359800 -0.120357 0.620982
0.004305 2118.97 0.087876 359800 -0.185189 0.581788
0.005995 1989.61 0.0819265 359801 -0.229077 0.617448
0.001435 1460.44 0.158479 359800 -0.0795363 0.844354
0.001145 1334.91 0.169039 359800 -0.074779 0.923509
0.001795 1620.68 0.144904 359800 -0.0875356 0.761179
0.003095 2072.98 0.104518 359800 -0.135796 0.595561
0.006835 870.43 0.169126 359812 -0.0550984 1.41396
0.007475 415.099 0.230088 359801 0.00370127 3.00136
0.002765 1991.05 0.112723 359800 -0.120781 0.62007
0.004315 2118.25 0.0878182 359800 -0.185556 0.581977
0.006005 1990.25 0.081954 359801 -0.229504 0.617246
0.001445 1464.88 0.158104 359800 -0.0797271 0.841803
0.001155 1339.08 0.168689 359800 -0.074917 0.920638
0.001805 1625.08 0.144529 359800 -0.0877915 0.759126
0.003105 2075.02 0.104295 359800 -0.136226 0.594974
0.006845 850.077 0.171857 359807 -0.0518149 1.44818
0.007485 414.281 0.230231 359801 0.00356113 3.00749
0.004325 2117.44 0.0877615 359800 -0.185896 0.582187
0.002775 1993.95 0.112451 359800 -0.121217 0.619169
0.006015 1990.86 0.0819921 359801 -0.229959 0.61705
0.001455 1469.33 0.157729 359800 -0.0799195 0.839265
0.001165 1343.27 0.168337 359800 -0.0750568 0.917774
0.001815 1629.47 0.144155 359800 -0.088049 0.757087
0.003115 2077.03 0.104073 359800 -0.136663 0.594395
0.006855 830.431 0.174481 359807 -0.0477473 1.48285
0.007495 413.505 0.230364 359801 0.00341445 3.01333
0.004335 2116.63 0.0877059 359800 -0.186244 0.582399
0.002785 1996.86 0.11218 359800 -0.121643 0.618267
0.006025 1991.45 0.0820412 359801 -0.230443 0.616861
0.001465 1473.78 0.157353 359800 -0.0801135 0.83674
0.001175 1347.47 0.167985 359800 -0.0751985 0.914919
0.001825 1633.86 0.143782 359800 -0.0883081 0.755063
0.003125 2078.91 0.103852 359800 -0.137078 0.593856
0.006865 811.465 0.176997 359807 -0.043887 1.51793
0.004345 2115.81 0.0876514 359800 -0.186593 0.582614
0.007505 412.769 0.230488 359801 0.00326257 3.01889
0.002795 1999.71 0.111911 359800 -0.122059 0.617388
0.006035 1992.01 0.0821015 359801 -0.230954 0.61668
0.001475 1478.23 0.156977 359800 -0.080309 0.834229
0.001185 1351.69 0.167631 359800 -0.075342 0.912072
0.001835 1638.24 0.143409 359800 -0.088569 0.753051
0.003135 2080.77 0.103634 359800 -0.137505 0.593325
0.006875 793.163 0.179408 359806 -0.0402098 1.55339
0.004355 2114.98 0.0875981 359800 -0.186942 0.582832
0.007515 412.069 0.230603 359801 0.00310458 3.02419
0.002805 2002.54 0.111643 359800 -0.122484 0.616519
0.006045 1992.54 0.0821734 359801 -0.231489 0.61651
0.001485 1482.68 0.156601 359800 -0.0805061 0.831731
0.001195 1355.92 0.167276 359800 -0.0754875 0.909234
0.001845 1642.62 0.143037 359800 -0.0888316 0.751054
0.003145 2082.6 0.103416 359800 -0.13794 0.5928
0.006885 775.505 0.181715 359806 -0.0367316 1.58922
0.004365 2114.14 0.0875458 359800 -0.18729 0.583052
0.007525 411.541 0.23071 359801 0.00294036 3.02823
0.002815 2005.34 0.111377 359800 -0.122914 0.615658
0.006055 1993.03 0.0822571 359801 -0.232046 0.616349
0.001205 1360.16 0.16692 359800 -0.0756349 0.906406
0.001495 1487.14 0.156224 359800 -0.0807048 0.829247
0.001855 1646.99 0.142665 359800 -0.0890959 0.74907
0.003155 2084.42 0.1032 359800 -0.138381 0.592282
0.006895 758.469 0.183921 359806 -0.0334601 1.62538
0.004375 2113.29 0.0874947 359800 -0.187638 0.583274
0.002825 2008.11 0.111112 359800 -0.12335 0.614808
0.007535 411.048 0.230809 359801 0.00277738 3.03201
0.001215 1364.42 0.166563 359800 -0.0757841 0.903587
0.006065 1993.48 0.0823526 359801 -0.232617 0.6162
0.001505 1491.6 0.155847 359800 -0.080905 0.826777
0.001865 1651.35 0.142293 359800 -0.089362 0.7471
0.003165 2086.21 0.102986 359800 -0.138829 0.591772
0.006905 742.028 0.186029 359806 -0.0303219 1.66187
0.004385 2112.43 0.0874446 359800 -0.187985 0.5835
0.002835 2010.87 0.110849 359800 -0.123802 0.613967
0.007545 410.59 0.2309 359801 0.00261173 3.03554
0.001225 1368.69 0.166204 359800 -0.0759353 0.900777
0.006075 1993.89 0.0824602 359801 -0.233195 0.616063
0.001875 1655.7 0.141922 359800 -0.0896297 0.745143
0.003175 2087.97 0.102773 359800 -0.139283 0.591269
0.001515 1496.06 0.15547 359800 -0.0811068 0.82432
0.006915 726.156 0.188043 359805 -0.0276527 1.69867
0.004395 2111.56 0.0873956 359800 -0.188332 0.583727
0.000795 1201.11 0.180211 359800 -0.071037 1.02618
0.004405 2110.69 0.0873477 359800 -0.188678 0.583958
0.006475 1598.62 0.0914043 359802 -0.208844 0.767078
0.004055 2133.67 0.0897034 359800 -0.175967 0.578045
0.004415 2109.8 0.0873009 359800 -0.189023 0.584191
0.000805 1204.52 0.179927 359800 -0.0711114 1.02328
0.006485 1586.99 0.0914136 359802 -0.205366 0.772667
0.004425 2108.91 0.0872551 359800 -0.189368 0.584426
0.004065 2133.22 0.0896157 359800 -0.176346 0.578156
0.000815 1207.95 0.179641 359800 -0.0711879 1.02037
0.006495 1575.93 0.0913874 359802 -0.200905 0.778063
0.003505 2128.07 0.096578 359800 -0.153835 0.579998
0.004435 2108.01 0.0872104 359800 -0.189712 0.584664
0.004075 2132.76 0.0895292 359800 -0.176723 0.578271
0.000825 1211.42 0.179353 359800 -0.0712671 1.01746
0.006505 1565.31 0.0913521 359771 -0.210679 0.783246
0.003515 2128.74 0.0964152 359800 -0.154263 0.57981
0.002405 1871.23 0.123435 359800 -0.106243 0.659655
0.004445 2107.1 0.0871667 359800 -0.190056 0.584905
0.007125 517.388 0.215211 359802 0.000307283 2.39634
0.004455 2106.18 0.0871241 359800 -0.190398 0.585147
0.006175 1996.05 0.0841907 359800 -0.238747 0.61524
0.007135 511.75 0.216027 359802 0.00080049 2.42323
0.004465 2105.26 0.0870825 359800 -0.19074 0.585393
0.006185 1996.03 0.0844233 359800 -0.239631 0.615224
0.004475 2104.32 0.0870419 359800 -0.191082 0.585641
0.007145 506.308 0.216812 359802 0.00125608 2.44976
0.006195 1995.92 0.0846659 359800 -0.240723 0.615236
0.005005 2046.53 0.0860901 359800 -0.208071 0.601467
0.003675 2136.97 0.0940063 359800 -0.160965 0.577474
0.005615 1986.35 0.0845747 359801 -0.222223 0.618726
0.005015 2045.33 0.0860872 359800 -0.20836 0.601803
0.007555 410.167 0.230983 359801 0.00244402 3.0388
0.003685 2137.2 0.0938679 359800 -0.161361 0.577406
0.005025 2044.13 0.0860844 359800 -0.208647 0.602141
0.005625 1985.91 0.0844964 359801 -0.222365 0.618848
0.007565 409.776 0.231059 359801 0.00227228 3.04182
0.003695 2137.41 0.0937308 359800 -0.161769 0.577341
0.001525 1500.53 0.155092 359800 -0.0813103 0.821876
0.005035 2042.94 0.0860818 359800 -0.208933 0.602479
0.005635 1985.49 0.084416 359801 -0.222502 0.618966
0.007575 409.417 0.231128 359801 0.00209623 3.0446
0.003705 2137.61 0.0935952 359800 -0.162178 0.577281
0.005045 2041.74 0.0860792 359800 -0.209217 0.602818
0.001535 1504.99 0.154715 359800 -0.0815154 0.819447
0.005645 1985.09 0.0843335 359801 -0.222636 0.619077
0.003715 2137.79 0.0934609 359800 -0.162588 0.577225
0.007585 409.086 0.23119 359801 0.00190831 3.04716
0.002845 2013.61 0.110587 359800 -0.124244 0.613132
0.005055 2040.54 0.0860767 359800 -0.2095 0.603158
0.001545 1509.46 0.154337 359800 -0.0817223 0.817031
0.005655 1984.72 0.084249 359801 -0.222766 0.619182
0.003725 2137.95 0.093328 359800 -0.162998 0.577174
0.007595 408.892 0.231246 359801 0.00171203 3.0487
0.002855 2016.33 0.110327 359800 -0.124699 0.612306
0.005065 2039.33 0.0860743 359800 -0.20978 0.603499
0.001555 1513.93 0.153959 359800 -0.081931 0.814629
0.005665 1984.36 0.0841626 359801 -0.222893 0.619282
0.003735 2138.1 0.0931966 359800 -0.163408 0.577127
0.007605 408.722 0.231295 359801 0.00151427 3.05005
0.005075 2038.13 0.0860718 359800 -0.210058 0.60384
0.002865 2019.02 0.110068 359800 -0.12516 0.611491
0.001235 1372.97 0.165845 359800 -0.0760884 0.897978
0.001565 1518.4 0.153581 359800 -0.0821416 0.812241
0.003745 2138.23 0.0930665 359800 -0.163818 0.577084
0.005675 1984.03 0.0840744 359801 -0.223017 0.619374
0.007615 408.572 0.231337 359801 0.00131184 3.05123
0.005085 2036.93 0.0860692 359800 -0.210334 0.604181
0.002875 2021.68 0.10981 359800 -0.125625 0.610687
0.001575 1522.86 0.153203 359800 -0.0823541 0.809867
0.001245 1377.26 0.165484 359800 -0.0762434 0.895188
0.003755 2138.34 0.0929378 359800 -0.164227 0.577045
0.001885 1660.05 0.141552 359800 -0.0898991 0.7432
0.003185 2089.71 0.102561 359800 -0.139741 0.590773
0.003765 2138.44 0.0928105 359800 -0.164636 0.577011
0.006925 710.823 0.189967 359805 -0.0247806 1.73581
0.001895 1664.39 0.141182 359800 -0.0901703 0.741271
0.003775 2138.52 0.0926846 359800 -0.165043 0.576982
0.003195 2091.43 0.102351 359800 -0.140201 0.590285
0.001905 1668.72 0.140813 359800 -0.0904431 0.739354
0.006935 696 0.191804 359805 -0.0222737 1.77328
0.003785 2138.59 0.09256 359800 -0.165449 0.576956
0.004085 2132.29 0.089444 359800 -0.1771 0.578389
0.000835 1214.91 0.179062 359800 -0.0713491 1.01453
0.006515 1542.13 0.0936681 359804 -0.218486 0.795066
0.004095 2131.81 0.0893601 359800 -0.177476 0.578511
0.000845 1218.43 0.178769 359800 -0.0714341 1.01161
0.004105 2131.31 0.0892773 359800 -0.177851 0.578635
0.006525 1519.56 0.0959298 359803 -0.211484 0.806856
0.002415 1874.92 0.123114 359800 -0.106609 0.658363
0.000855 1221.98 0.178474 359800 -0.0715216 1.00867
0.004115 2130.8 0.0891959 359800 -0.178225 0.578764
0.007155 501.053 0.217567 359802 0.00168752 2.47593
0.006535 1497.77 0.0981134 359803 -0.20562 0.818585
0.002425 1878.59 0.122795 359800 -0.106977 0.657082
0.000865 1225.56 0.178176 359800 -0.0716115 1.00573
0.004125 2130.28 0.0891156 359800 -0.178599 0.578895
0.006545 1476.77 0.100216 359803 -0.199722 0.830222
0.007165 495.981 0.218293 359801 0.00201755 2.50173
0.006205 1995.68 0.0849174 359800 -0.242072 0.615287
0.004135 2129.74 0.0890366 359800 -0.178971 0.57903
0.000875 1229.16 0.177876 359800 -0.0717035 1.00279
0.002435 1882.24 0.122477 359800 -0.107347 0.655812
0.006555 1456.58 0.102234 359803 -0.193864 0.841731
0.007175 491.084 0.21899 359802 0.0025826 2.52715
0.006215 1995.02 0.0851754 359755 -0.243228 0.615387
0.004145 2129.2 0.0889588 359800 -0.179344 0.579167
0.000885 1232.79 0.177574 359800 -0.0717973 0.999845
0.002445 1885.87 0.12216 359800 -0.10772 0.654553
0.006565 1437.23 0.104166 359803 -0.188038 0.853077
0.007185 486.358 0.21966 359801 0.00272673 2.55217
0.004155 2128.64 0.0888822 359800 -0.179715 0.579308
0.006225 1979.63 0.0854433 359801 -0.243693 0.620224
0.000895 1236.44 0.177269 359800 -0.0718927 0.996895
0.006575 1418.73 0.106007 359803 -0.182243 0.864222
0.007625 408.443 0.231373 359801 0.00110891 3.05225
0.006585 1401.09 0.107757 359803 -0.17648 0.875126
0.005095 2035.73 0.0860665 359800 -0.210608 0.604523
0.005685 1983.72 0.0839845 359801 -0.223139 0.619461
0.006595 1384.35 0.109412 359803 -0.170749 0.885746
0.007635 408.336 0.231403 359801 0.000906532 3.05311
0.001585 1527.33 0.152824 359800 -0.0825686 0.807507
0.005105 2034.52 0.0860638 359800 -0.210879 0.604865
0.006605 1368.51 0.110971 359803 -0.165053 0.896041
0.005695 1983.43 0.0838932 359801 -0.223259 0.619541
0.007645 408.249 0.231427 359801 0.000705086 3.0538
0.001595 1531.8 0.152446 359800 -0.0827852 0.80516
0.005115 2033.32 0.0860608 359800 -0.211148 0.605207
0.006615 1353.59 0.112431 359803 -0.159397 0.905966
0.005705 1983.16 0.0838005 359801 -0.223378 0.619614
0.007655 408.184 0.231445 359801 0.000504427 3.05431
0.001255 1381.56 0.165123 359800 -0.0764003 0.892409
0.007665 408.141 0.231457 359801 0.000307143 3.05466
0.001915 1673.05 0.140445 359800 -0.0907177 0.737452
0.001265 1385.87 0.16476 359800 -0.0765591 0.88964
0.007675 408.119 0.231462 359801 0.000100584 3.05483
0.006945 681.665 0.193559 359807 -0.019626 1.81108
0.001275 1390.19 0.164397 359800 -0.0767197 0.886882
0.003795 2138.64 0.0924369 359800 -0.165853 0.576934
0.002455 1889.48 0.121844 359800 -0.108094 0.653306
0.007195 481.797 0.220302 359801 0.00310854 2.5768
0.003805 2138.67 0.0923152 359800 -0.166256 0.576917
0.002465 1893.08 0.12153 359800 -0.108471 0.652069
0.006235 1963.92 0.0857192 359801 -0.24373 0.625158
0.007205 477.394 0.220919 359801 0.00339238 2.60103
0.003815 2138.69 0.0921951 359800 -0.166657 0.576904
0.002475 1896.66 0.121217 359800 -0.10885 0.650844
0.006245 1948.13 0.0860021 359801 -0.243926 0.630199
0.000905 1240.12 0.176963 359800 -0.0719896 0.993942
0.007215 473.143 0.22151 359801 0.00365546 2.62485
0.003825 2138.7 0.0920766 359800 -0.167056 0.576895
0.002485 1900.21 0.120906 359800 -0.109231 0.649629
0.006255 1932.23 0.0862912 359801 -0.244175 0.635353
0.006625 1339.61 0.113792 359803 -0.153787 0.915479
0.000915 1243.83 0.176654 359800 -0.0720878 0.990987
0.007225 469.04 0.222077 359801 0.00389079 2.64827
0.003835 2138.68 0.091959 359800 -0.167455 0.57689
0.006265 1916.23 0.0865855 359801 -0.244423 0.640626
0.002495 1903.75 0.120595 359800 -0.109614 0.648426
0.000925 1247.55 0.176343 359800 -0.0721874 0.988031
0.006635 1326.58 0.115052 359803 -0.148229 0.924538
0.007235 465.078 0.22262 359801 0.0040999 2.67127
0.006275 1900.13 0.0868841 359801 -0.244608 0.646023
0.005715 1982.91 0.0837067 359801 -0.223496 0.619681
0.002505 1907.27 0.120286 359800 -0.109999 0.647234
0.000935 1251.31 0.17603 359800 -0.0722882 0.985073
0.006645 1314.52 0.116212 359803 -0.142732 0.933101
0.007245 461.25 0.223139 359801 0.00428683 2.69388
0.006285 1883.94 0.0871857 359801 -0.244675 0.651543
0.005725 1982.69 0.083612 359801 -0.223614 0.619741
0.002515 1910.77 0.119978 359800 -0.110386 0.646052
0.006955 669.155 0.195237 359804 -0.0179998 1.84544
0.000945 1255.08 0.175715 359800 -0.0723905 0.982115
0.007255 457.552 0.223635 359802 0.00446676 2.71609
0.006655 1303.42 0.117272 359803 -0.137303 0.94113
0.006295 1867.67 0.0874893 359801 -0.244573 0.657184
0.005735 1982.49 0.0835165 359801 -0.223731 0.619794
0.002525 1914.25 0.119672 359800 -0.110775 0.644882
0.006965 657.098 0.196838 359804 -0.0160842 1.87981
0.000955 1258.88 0.175398 359800 -0.0724942 0.979156
0.007265 454.358 0.22411 359801 0.00456505 2.7356
0.006665 1293.29 0.118233 359802 -0.131944 0.948589
0.006305 1851.36 0.0877933 359801 -0.244265 0.662939
0.005745 1982.32 0.0834206 359801 -0.223849 0.61984
0.002535 1917.71 0.119367 359800 -0.111167 0.643723
0.006975 645.464 0.19837 359804 -0.0143242 1.91421
0.006315 1835.03 0.0880965 359801 -0.243727 0.668803
0.007275 451.288 0.224563 359801 0.00467195 2.75463
0.005755 1982.16 0.0833245 359801 -0.223968 0.61988
0.002545 1921.15 0.119063 359800 -0.111561 0.642574
0.006675 1284.14 0.119097 359802 -0.126775 0.955445
0.006325 1818.72 0.0883974 359801 -0.242952 0.674765
0.006985 634.229 0.199835 359804 -0.0126939 1.94863
0.002555 1924.56 0.11876 359800 -0.111957 0.641437
0.006335 1802.46 0.0886944 359802 -0.241941 0.680814
0.006995 623.369 0.201238 359803 -0.0111917 1.98309
0.007285 448.336 0.224995 359801 0.00475527 2.77318
0.006685 1275.97 0.119866 359803 -0.120632 0.961672
0.007005 612.859 0.202584 359803 -0.00980789 2.0176
0.006345 1786.29 0.0889857 359802 -0.240703 0.686939
0.007295 445.496 0.225407 359801 0.00481862 2.79126
0.006695 1268.54 0.120565 359744 -0.130465 0.967252
0.007015 602.68 0.203875 359803 -0.00853252 2.05219
0.006355 1770.24 0.0892698 359802 -0.239254 0.693127
0.007305 442.764 0.225799 359801 0.00486376 2.80888
0.006705 1235.13 0.124635 359809 -0.137011 0.99373
0.007025 592.809 0.205115 359803 -0.00731732 2.08687
0.006365 1754.35 0.0895448 359802 -0.237608 0.699366
0.007315 440.134 0.226173 359801 0.00489532 2.82604
0.006715 1202.37 0.128631 359808 -0.127311 1.02095
0.007035 583.232 0.206307 359804 -0.00606445 2.12165
0.006375 1738.65 0.0898088 359802 -0.23578 0.705643
0.007325 437.602 0.226529 359802 0.00492257 2.84278
0.006385 1723.17 0.0900599 359802 -0.233782 0.711944
0.007335 435.435 0.226867 359801 0.00491315 2.85729
0.006395 1707.94 0.0902962 359802 -0.231622 0.718255
0.007345 433.359 0.227189 359801 0.00491173 2.87133
0.007355 431.374 0.227494 359801 0.00490454 2.88489
