0.004805 2080.05 0.0823986 402795 -0.112101 0.661609
0.004815 2079.89 0.0822757 402795 -0.112325 0.661641
0.004825 2079.74 0.0821523 402795 -0.112547 0.66167
0.004835 2079.6 0.0820284 402795 -0.112767 0.661698
0.004845 2079.45 0.0819039 402795 -0.112986 0.661724
0.004855 2079.32 0.0817789 402795 -0.113204 0.661749
0.004865 2079.19 0.0816534 402795 -0.113425 0.661771
0.004875 2079.07 0.0815274 402795 -0.11365 0.661792
0.004885 2078.95 0.081401 402795 -0.11388 0.661811
0.004895 2078.84 0.0812741 402795 -0.114118 0.661828
0.004905 2078.74 0.0811468 402795 -0.114362 0.661843
0.004915 2078.65 0.0810191 402795 -0.114609 0.661856
0.004925 2078.56 0.0808909 402795 -0.114855 0.661866
0.004935 2078.48 0.0807624 402795 -0.115095 0.661874
0.004945 2078.41 0.0806335 402795 -0.115328 0.66188
0.004955 2078.34 0.0805044 402795 -0.115551 0.661884
0.004965 2078.29 0.0803749 402795 -0.115765 0.661885
0.004975 2078.24 0.0802451 402795 -0.115971 0.661884
0.004985 2078.2 0.0801151 402795 -0.116172 0.661879
0.002885 2059.13 0.108482 402795 -0.0495563 0.67108
0.004995 2078.17 0.0799848 402795 -0.11637 0.661873
0.002895 2060.93 0.108263 402795 -0.0499535 0.67049
0.005005 2078.16 0.0798549 402796 -0.11657 0.661863
0.002905 2062.71 0.108045 402795 -0.0503394 0.669908
0.005015 2078.62 0.0797242 402795 -0.116792 0.661696
0.002915 2064.47 0.107829 402795 -0.0507173 0.669333
0.005025 2079.1 0.0795933 402795 -0.117015 0.661528
0.002245 1890.25 0.125072 402795 -0.0278819 0.730961
0.005035 2079.59 0.0794624 402795 -0.117238 0.661358
0.004485 2091.44 0.0860347 402795 -0.104214 0.658653
0.002925 2066.22 0.107614 402795 -0.0510917 0.668764
0.002255 1893.56 0.124776 402795 -0.0282084 0.729689
0.004495 2090.91 0.085929 402795 -0.104484 0.658799
0.005045 2080.08 0.0793314 402795 -0.117461 0.661187
0.004505 2090.38 0.0858228 402795 -0.104752 0.658946
0.004515 2089.84 0.0857163 402795 -0.10502 0.659094
0.002935 2067.94 0.107399 402795 -0.0514605 0.668203
0.002265 1896.85 0.124481 402795 -0.0285356 0.728427
0.004525 2089.31 0.0856093 402795 -0.105286 0.659242
0.005055 2080.57 0.0792003 402795 -0.117683 0.661014
0.004535 2088.77 0.0855018 402795 -0.105552 0.65939
0.004545 2088.23 0.0853939 402795 -0.105816 0.659539
0.004555 2087.7 0.0852855 402795 -0.106079 0.659689
0.002275 1900.13 0.124187 402795 -0.0288634 0.727175
0.004565 2087.16 0.0851766 402795 -0.10634 0.659838
0.005065 2081.08 0.0790693 402795 -0.117904 0.660839
0.004575 2086.62 0.0850673 402795 -0.1066 0.659988
0.002945 2069.54 0.107187 402795 -0.0518371 0.667684
0.004585 2086.08 0.0849574 402795 -0.106857 0.660137
0.004595 2085.54 0.084847 402795 -0.107111 0.660287
0.002285 1903.39 0.123894 402795 -0.0291918 0.725934
0.005075 2081.58 0.0789383 402795 -0.118125 0.660663
0.004605 2085 0.084736 402795 -0.107362 0.660436
0.004615 2084.47 0.0846246 402795 -0.107611 0.660585
0.004625 2083.93 0.0845125 402795 -0.10785 0.660734
0.002955 2071.12 0.106975 402795 -0.0522107 0.667171
0.004635 2083.41 0.0844001 402796 -0.108091 0.660882
0.002295 1906.64 0.123602 402795 -0.0295208 0.724702
0.005085 2082.1 0.0788073 402795 -0.118345 0.660485
0.004645 2083.18 0.084287 402795 -0.10835 0.660931
0.004655 2082.96 0.0841733 402795 -0.1086 0.660981
0.004665 2082.74 0.084059 402795 -0.108847 0.66103
0.002965 2072.68 0.106765 402795 -0.052585 0.666666
0.002305 1909.87 0.123311 402795 -0.0298504 0.723481
0.004675 2082.53 0.0839442 402795 -0.109091 0.661078
0.005095 2082.62 0.0786765 402795 -0.118564 0.660305
0.004685 2082.31 0.0838288 402795 -0.109333 0.661126
0.004695 2082.1 0.0837128 402795 -0.109572 0.661173
0.002975 2074.22 0.106556 402795 -0.05296 0.666166
0.004705 2081.89 0.0835962 402795 -0.109809 0.661219
0.002315 1913.08 0.123021 402795 -0.0301806 0.722269
0.005105 2083.15 0.0785457 402795 -0.118783 0.660124
0.004715 2081.69 0.0834791 402795 -0.110044 0.661264
0.004725 2081.49 0.0833613 402795 -0.110277 0.661308
0.002985 2075.75 0.106348 402795 -0.0533356 0.665673
0.004735 2081.29 0.083243 402795 -0.110508 0.66135
0.002565 1988.08 0.116155 402795 -0.0384569 0.695089
0.002325 1916.28 0.122733 402795 -0.0305112 0.721067
0.004745 2081.1 0.0831241 402795 -0.110738 0.661391
0.005115 2083.68 0.0784152 402795 -0.119001 0.65994
0.002575 1990.71 0.115896 402795 -0.0387937 0.694171
0.001605 1651.33 0.145821 402795 -0.00919704 0.836159
0.004755 2080.91 0.0830046 402795 -0.110967 0.661431
0.002995 2077.25 0.106141 402795 -0.0537114 0.665186
0.002585 1993.33 0.115638 402795 -0.0391285 0.69326
0.002335 1919.47 0.122445 402795 -0.0308423 0.719875
0.002595 1995.84 0.115382 402795 -0.0394718 0.692389
0.003005 2078.74 0.105936 402795 -0.0540875 0.664706
0.005125 2084.22 0.0782848 402795 -0.119219 0.659755
0.002605 1998.33 0.115126 402795 -0.0398125 0.691525
0.002345 1922.63 0.122159 402795 -0.0311738 0.718693
0.003015 2080.21 0.105732 402795 -0.0544645 0.664232
0.002615 2000.81 0.114872 402795 -0.0401543 0.690668
0.002355 1925.79 0.121873 402795 -0.0315056 0.71752
0.005135 2084.76 0.0781547 402795 -0.119436 0.659569
0.003025 2081.66 0.105529 402795 -0.0548364 0.663764
0.002625 2003.28 0.114619 402795 -0.0404982 0.689818
0.002365 1928.92 0.121589 402795 -0.0318377 0.716356
0.005145 2085.31 0.0780249 402795 -0.119653 0.65938
0.003035 2082.97 0.105328 402795 -0.0552151 0.663343
0.002635 2005.73 0.114368 402795 -0.0408443 0.688976
0.004765 2080.73 0.0828846 402795 -0.111196 0.66147
0.002375 1932.05 0.121306 402795 -0.03217 0.715202
0.005155 2085.87 0.0778953 402795 -0.11987 0.65919
0.003045 2084.26 0.105127 402795 -0.055589 0.662928
0.002645 2008.16 0.114117 402795 -0.0411928 0.688141
0.004775 2080.55 0.0827639 402795 -0.111423 0.661507
0.002385 1935.15 0.121025 402795 -0.0325024 0.714058
0.005165 2086.43 0.0777662 402795 -0.120087 0.658998
0.003055 2085.53 0.104928 402795 -0.0559621 0.662519
0.002655 2010.58 0.113868 402795 -0.0415437 0.687314
0.004785 2080.38 0.0826427 402795 -0.11165 0.661543
0.005175 2087 0.0776374 402795 -0.120304 0.658805
0.002395 1938.24 0.120744 402795 -0.0328347 0.712922
0.003065 2086.79 0.10473 402795 -0.0563351 0.662116
0.002665 2012.98 0.11362 402795 -0.0418972 0.686494
0.004165 2107.95 0.0893058 402795 -0.094786 0.654138
0.004795 2080.21 0.0825209 402795 -0.111876 0.661577
0.005185 2087.58 0.077509 402795 -0.120521 0.65861
0.002405 1941.32 0.120464 402795 -0.0331668 0.711796
0.003075 2088.02 0.104534 402795 -0.0567078 0.661719
0.002675 2015.37 0.113373 402795 -0.0422531 0.685681
0.005195 2088.16 0.0773811 402795 -0.120738 0.658413
0.004175 2107.42 0.0892039 402795 -0.0950975 0.654282
0.002415 1944.38 0.120186 402795 -0.0334985 0.710679
0.003085 2089.24 0.104338 402795 -0.0570799 0.661327
0.002685 2017.74 0.113128 402795 -0.042607 0.684876
0.001615 1655.37 0.145478 402795 -0.00944278 0.834129
0.002695 2019.99 0.112884 402795 -0.0429693 0.684111
0.001925 1776.75 0.135071 402795 -0.0178167 0.777435
0.001625 1659.41 0.145136 402795 -0.00969011 0.832111
0.002705 2022.23 0.112641 402795 -0.0433284 0.683354
0.003525 2120.18 0.0969061 402795 -0.073112 0.651327
0.001935 1780.5 0.134745 402795 -0.0181097 0.775804
0.001635 1663.44 0.144794 402795 -0.00993905 0.830106
0.002715 2024.45 0.112399 402795 -0.0436875 0.682604
0.003535 2120.45 0.0967621 402795 -0.0734693 0.651232
0.001945 1784.25 0.134419 402795 -0.0184039 0.774185
0.001645 1667.46 0.144452 402795 -0.0101896 0.828113
0.002725 2026.66 0.112159 402795 -0.0440464 0.68186
0.003545 2120.71 0.0966192 402795 -0.0738264 0.651142
0.001955 1787.98 0.134095 402795 -0.0186994 0.772578
0.001655 1671.48 0.14411 402795 -0.0104417 0.826133
0.002735 2028.84 0.11192 402795 -0.0444039 0.681125
0.003845 2120.1 0.0927587 402795 -0.0843695 0.650933
0.003555 2120.95 0.0964772 402795 -0.0741835 0.651056
0.001965 1791.69 0.133771 402795 -0.0189962 0.770983
0.001665 1675.49 0.143769 402795 -0.0106954 0.824166
0.005445 2108.83 0.0744435 402795 -0.126743 0.651636
0.002745 2031.01 0.111682 402795 -0.044758 0.680396
0.003565 2121.18 0.0963362 402795 -0.0745408 0.650975
0.003855 2119.88 0.0926425 402795 -0.0847091 0.650988
0.001975 1795.4 0.133448 402795 -0.0192944 0.7694
0.001675 1679.49 0.143428 402795 -0.0109506 0.822212
0.005455 2109.94 0.0743402 402795 -0.127037 0.651279
0.000965 1394.11 0.167279 402795 0.00283461 0.989604
0.002755 2033.16 0.111445 402795 -0.0451065 0.679674
0.003575 2121.39 0.0961963 402795 -0.0748937 0.650897
0.003865 2119.64 0.092527 402795 -0.0850477 0.651046
0.001985 1799.09 0.133126 402795 -0.0195938 0.767829
0.001685 1683.49 0.143088 402795 -0.0112074 0.82027
0.005465 2111.05 0.0742381 402795 -0.127334 0.650924
0.002765 2035.3 0.111209 402795 -0.0454474 0.67896
0.000975 1397.88 0.166969 402795 0.00270216 0.986947
0.003585 2121.52 0.0960574 402795 -0.0752549 0.650845
0.003875 2119.38 0.0924121 402795 -0.0853853 0.651108
0.001995 1802.77 0.132805 402795 -0.0198944 0.76627
0.001695 1687.48 0.142747 402795 -0.0114658 0.818341
0.005475 2112.15 0.0741373 402795 -0.127634 0.650571
0.002775 2037.42 0.110975 402795 -0.0457787 0.678253
0.000985 1401.67 0.166657 402795 0.00257281 0.984294
0.003595 2121.64 0.0959194 402795 -0.0756117 0.650798
0.003885 2119.12 0.092298 402795 -0.0857214 0.651173
0.002005 1806.44 0.132485 402795 -0.0201959 0.764722
0.003205 2101.96 0.102088 402795 -0.0613362 0.657253
0.001705 1691.46 0.142408 402795 -0.0117257 0.816425
0.005485 2113.25 0.0740378 402795 -0.127938 0.65022
0.002785 2039.52 0.110742 402795 -0.0460992 0.677552
0.000995 1405.47 0.166344 402795 0.00244245 0.981643
0.003605 2121.74 0.0957823 402795 -0.0759687 0.650754
0.003895 2118.85 0.0921844 402795 -0.0860517 0.651241
0.002015 1810.09 0.132165 402795 -0.0204979 0.763186
0.003215 2102.85 0.101908 402795 -0.0617113 0.65697
0.001715 1695.44 0.142068 402795 -0.0119872 0.814521
0.005495 2114.33 0.0739396 402795 -0.128246 0.649871
0.002795 2041.61 0.110511 402795 -0.0464082 0.676857
0.003615 2121.83 0.0956463 402795 -0.076326 0.650715
0.003905 2118.58 0.0920715 402795 -0.0863919 0.65131
0.001005 1409.28 0.16603 402795 0.00230839 0.978997
0.002025 1813.73 0.131847 402795 -0.0208009 0.761661
0.003225 2103.72 0.10173 402795 -0.0620849 0.656692
0.001725 1699.4 0.14173 402795 -0.0122501 0.81263
0.002805 2043.68 0.11028 402795 -0.0467062 0.676168
0.005505 2115.41 0.0738427 402795 -0.128557 0.649525
0.003625 2121.91 0.0955112 402795 -0.0766835 0.65068
0.003915 2118.29 0.0919592 402795 -0.0867268 0.651381
0.001015 1413.11 0.165714 402795 0.00216984 0.976355
0.002035 1817.36 0.131529 402795 -0.0211072 0.760149
0.001735 1703.36 0.141391 402795 -0.0125146 0.810752
0.003235 2104.57 0.101553 402795 -0.0624582 0.65642
0.002815 2045.75 0.110051 402795 -0.0469976 0.675484
0.005515 2116.49 0.0737472 402795 -0.128871 0.649182
0.003635 2121.97 0.095377 402795 -0.0770409 0.650649
0.003925 2118 0.0918475 402795 -0.0870604 0.651456
0.002045 1820.97 0.131212 402795 -0.0214205 0.758647
0.001025 1416.96 0.165397 402795 0.00202741 0.973718
0.001745 1707.31 0.141053 402795 -0.0127806 0.808886
0.003245 2105.4 0.101377 402795 -0.0628314 0.656153
0.002825 2047.81 0.109823 402795 -0.0472934 0.674803
0.005525 2117.55 0.0736529 402795 -0.129189 0.648842
0.003645 2122.01 0.0952438 402795 -0.0773979 0.650623
0.003935 2117.69 0.0917363 402795 -0.0873933 0.651534
0.002055 1824.57 0.130896 402795 -0.0217446 0.757158
0.001035 1420.82 0.165079 402795 0.00188226 0.971085
0.001755 1711.25 0.140716 402795 -0.0130481 0.807033
0.003255 2106.22 0.101202 402795 -0.0632045 0.655891
0.002835 2049.86 0.109597 402794 -0.0476037 0.674126
0.005535 2118.6 0.07356 402795 -0.129511 0.648505
0.003655 2122.05 0.0951115 402795 -0.0777542 0.6506
0.003945 2117.37 0.0916258 402795 -0.0877254 0.651615
0.002065 1828.16 0.130581 402795 -0.022081 0.755679
0.001285 1520.59 0.156806 402795 -0.00241304 0.907661
0.001045 1424.69 0.164759 402795 0.00173536 0.968458
0.001765 1715.19 0.140379 402795 -0.0133171 0.805192
0.002845 2051.74 0.109371 402795 -0.047953 0.673505
0.003265 2107.02 0.101028 402795 -0.0635777 0.655635
0.003665 2122.06 0.0949803 402795 -0.0781104 0.650582
0.005545 2119.65 0.0734684 402795 -0.129836 0.64817
0.003955 2117.04 0.0915158 402795 -0.0880567 0.6517
0.002075 1831.73 0.130266 402795 -0.0224264 0.754212
0.001055 1428.57 0.164438 402795 0.00158716 0.965836
0.001295 1524.67 0.156466 402795 -0.00259448 0.905245
0.001775 1719.11 0.140043 402795 -0.0135875 0.803364
0.002855 2053.61 0.109147 402795 -0.0483319 0.67289
0.003275 2107.8 0.100855 402795 -0.0639508 0.655383
0.003675 2122.07 0.0948501 402795 -0.0784656 0.650569
0.003965 2116.71 0.0914063 402795 -0.0883871 0.651787
0.005555 2120.68 0.073378 402795 -0.130164 0.647839
0.002085 1835.29 0.129953 402795 -0.0227731 0.752757
0.001065 1432.47 0.164117 402795 0.00143764 0.96322
0.001785 1723.02 0.139707 402795 -0.0138594 0.801549
0.001305 1528.76 0.156125 402795 -0.00277463 0.902839
0.003285 2108.57 0.100684 402795 -0.0643239 0.655137
0.002865 2055.47 0.108924 402795 -0.0487354 0.67228
0.003685 2122.06 0.0947206 402795 -0.0788204 0.650559
0.003975 2116.36 0.0912974 402795 -0.0887167 0.651878
0.005565 2121.71 0.0732889 402795 -0.130496 0.647512
0.002095 1838.83 0.129641 402795 -0.023112 0.751312
0.001075 1436.38 0.163794 402795 0.00128654 0.96061
0.001795 1726.93 0.139372 402795 -0.0141328 0.799746
0.003295 2109.32 0.100513 402795 -0.0646969 0.654897
0.005765 2138.92 0.0717236 402795 -0.137916 0.641956
0.001315 1532.84 0.155785 402795 -0.00295404 0.900445
0.002875 2057.31 0.108703 402795 -0.0491481 0.671676
0.003695 2122.03 0.0945919 402795 -0.079173 0.650553
0.003985 2116 0.091189 402795 -0.0890454 0.651972
0.005575 2122.72 0.0732011 402795 -0.130832 0.647188
0.002105 1842.36 0.129329 402795 -0.0234372 0.749879
5e-06 1178.77 0.18485 402795 0.00823295 1.16962
0.002115 1845.88 0.129019 402795 -0.0237485 0.748457
0.006085 2131.32 0.0688538 402795 -0.150274 0.643517
1.5e-05 1178.83 0.184845 402795 0.0082335 1.16956
0.002125 1849.38 0.128709 402795 -0.0240514 0.747047
0.000325 1207.61 0.182512 402795 0.00798857 1.1418
0.006095 2129.66 0.0687169 402795 -0.150466 0.643994
0.002135 1852.87 0.128401 402795 -0.0243535 0.745647
2.5e-05 1178.94 0.184836 402795 0.00823438 1.16945
0.000645 1284.62 0.176248 402795 0.00638574 1.07359
0.000335 1209.36 0.18237 402795 0.0079628 1.14015
0.006105 2128.01 0.068575 402795 -0.150636 0.64447
0.002145 1856.34 0.128093 402795 -0.0246605 0.744258
3.5e-05 1179.11 0.184822 402795 0.00823539 1.16929
0.006405 2118.25 0.0608784 402795 -0.142031 0.646857
0.000345 1211.16 0.182224 402795 0.00793558 1.13846
0.006115 2126.37 0.0684279 402795 -0.150785 0.644942
0.000655 1287.64 0.176002 402795 0.00630844 1.07108
0.002155 1859.8 0.127786 402795 -0.0249742 0.74288
4.5e-05 1179.33 0.184804 402795 0.00823644 1.16907
0.000355 1213 0.182074 402795 0.00790688 1.13673
0.006415 2120.02 0.0604714 402795 -0.141257 0.646308
0.006125 2124.75 0.0682754 402795 -0.150912 0.645409
0.002165 1863.24 0.127481 402795 -0.0252934 0.741513
5.5e-05 1179.61 0.184782 402795 0.00823744 1.16879
0.000665 1290.68 0.175754 402795 0.00622945 1.06856
0.000365 1214.89 0.181921 402795 0.0078767 1.13497
0.006135 2123.15 0.0681171 402795 -0.151018 0.645872
0.006425 2121.94 0.0600532 402795 -0.140469 0.645714
0.002175 1866.67 0.127176 402795 -0.0256154 0.740157
6.5e-05 1179.95 0.184755 402795 0.0082383 1.16846
0.000675 1293.76 0.175502 402795 0.00614875 1.06603
0.000375 1216.83 0.181763 402795 0.00784502 1.13317
0.006145 2121.57 0.067953 402795 -0.151102 0.646329
0.002185 1870.09 0.126872 402795 -0.0259382 0.738811
0.006435 2124.01 0.0596241 402795 -0.139672 0.645076
7.5e-05 1180.34 0.184723 402795 0.00823892 1.16807
0.000685 1296.87 0.175249 402795 0.00606634 1.06349
0.000385 1218.81 0.181603 402795 0.00781182 1.13133
0.007365 527.831 0.215026 402796 -0.0096521 2.62727
0.006155 2120.02 0.0677828 402795 -0.151166 0.646778
0.002195 1873.48 0.12657 402795 -0.0262608 0.737476
8.5e-05 1180.79 0.184687 402795 0.00823923 1.16763
0.006445 2126.24 0.0591842 402795 -0.138869 0.644393
0.000695 1300.01 0.174993 402795 0.00598222 1.06093
0.000395 1220.84 0.181438 402795 0.00777708 1.12946
0.006165 2118.5 0.0676063 402795 -0.151208 0.64722
0.007375 520.323 0.216038 402796 -0.00866754 2.66589
0.002205 1876.87 0.126268 402795 -0.0265836 0.736152
0.006455 2128.62 0.0587337 402795 -0.138067 0.643666
9.5e-05 1181.29 0.184646 402795 0.00823913 1.16714
0.000405 1222.91 0.18127 402795 0.00774081 1.12755
0.000705 1303.17 0.174734 402795 0.00589639 1.05836
0.006175 2117.01 0.0674231 402795 -0.151227 0.647653
0.007385 513.167 0.216996 402796 -0.00775427 2.70377
0.002215 1880.24 0.125968 402795 -0.0269069 0.734839
0.006465 2131.15 0.0582731 402795 -0.137269 0.642895
0.000105 1181.85 0.184601 402795 0.00823856 1.16659
0.000715 1306.37 0.174473 402795 0.00580883 1.05579
0.000415 1225.03 0.181098 402795 0.00770298 1.12561
0.006185 2115.55 0.0672332 402795 -0.151223 0.648075
0.007395 506.347 0.2179 402796 -0.00689415 2.74088
0.002225 1883.59 0.125668 402795 -0.027231 0.733536
0.006475 2133.84 0.0578026 402795 -0.13648 0.64208
0.000115 1182.46 0.184551 402795 0.00823743 1.16599
0.000425 1227.19 0.180922 402795 0.00766358 1.12364
0.000725 1309.59 0.17421 402795 0.00571955 1.0532
0.006195 2114.14 0.0670363 402795 -0.151191 0.648486
0.007405 499.848 0.218752 402797 -0.00604325 2.7772
0.002235 1886.93 0.12537 402795 -0.027556 0.732243
0.000125 1183.13 0.184497 402795 0.00823568 1.16533
0.006725 1967.47 0.0697358 402795 -0.129626 0.696554
0.006485 2136.68 0.0573228 402795 -0.135705 0.641224
0.007045 1065.68 0.151989 402802 -0.0799126 1.29003
0.005205 2088.75 0.0772538 402795 -0.120956 0.658215
0.002425 1947.42 0.119909 402795 -0.0338296 0.70957
0.007055 1039.44 0.154701 402802 -0.0769815 1.32286
0.006495 2139.66 0.0568342 402795 -0.134948 0.640327
0.002435 1950.45 0.119633 402795 -0.0341601 0.708471
0.007065 1013.46 0.157383 402802 -0.0740218 1.35705
0.006505 2142.79 0.0563373 402795 -0.134212 0.63939
0.005215 2089.34 0.0771269 402795 -0.121175 0.658015
0.002445 1953.47 0.119358 402795 -0.0344898 0.70738
0.007075 987.743 0.160035 402803 -0.0707186 1.39268
0.006515 2146.06 0.0558327 402795 -0.133501 0.638414
0.004185 2106.89 0.0891022 402795 -0.0954136 0.654429
0.005225 2089.94 0.0770007 402795 -0.121395 0.657813
0.002455 1956.47 0.119085 402795 -0.0348186 0.706297
0.007085 962.356 0.162653 402807 -0.0668789 1.42975
0.006525 2149.46 0.0553212 402795 -0.132835 0.637402
0.003095 2090.45 0.104144 402795 -0.0574499 0.660941
0.005235 2090.54 0.076875 402795 -0.121616 0.65761
0.002465 1959.46 0.118812 402795 -0.0351466 0.705223
0.007095 940.475 0.165237 402801 -0.0651618 1.46332
0.006535 2152.99 0.0548035 402795 -0.131756 0.636356
0.003105 2091.63 0.103951 402795 -0.0578133 0.660561
0.005245 2091.15 0.0767501 402795 -0.121839 0.657406
0.002475 1962.43 0.118541 402795 -0.0354739 0.704157
0.007105 918.98 0.16778 402801 -0.0624234 1.4979
0.006545 2156.37 0.0543017 402747 -0.142994 0.635286
0.004195 2106.34 0.0890006 402795 -0.095738 0.654579
0.003115 2092.8 0.103759 402795 -0.0581604 0.660186
0.005255 2091.76 0.0766258 402795 -0.122065 0.657201
0.002485 1965.39 0.118271 402795 -0.0358009 0.703099
0.007115 897.867 0.17028 402801 -0.0597233 1.53349
0.006555 2144.31 0.055266 402796 -0.1537 0.638933
0.004205 2105.79 0.0888991 402795 -0.0960726 0.654731
0.003125 2093.96 0.103569 402795 -0.0584787 0.659815
0.005265 2092.38 0.0765022 402795 -0.122298 0.656994
0.001085 1440.3 0.16347 402795 0.0011336 0.958007
0.002495 1968.33 0.118002 402795 -0.0361279 0.70205
0.007125 877.144 0.172735 402801 -0.0570336 1.57011
0.006565 2132.2 0.0562332 402795 -0.151502 0.64256
0.004215 2105.23 0.0887977 402795 -0.0964159 0.654885
0.003135 2095.12 0.10338 402795 -0.0587677 0.659446
0.005275 2093 0.0763795 402795 -0.122541 0.656786
0.002505 1971.26 0.117735 402795 -0.0364555 0.701008
0.007135 856.823 0.175143 402801 -0.054371 1.60776
0.004225 2104.67 0.0886965 402795 -0.0967626 0.655042
0.006575 2120.32 0.0571842 402795 -0.149883 0.646161
0.003145 2096.26 0.103191 402795 -0.0590497 0.659078
0.005285 2093.62 0.0762575 402795 -0.122801 0.656579
0.002515 1974.18 0.117468 402795 -0.0367846 0.699974
0.007145 836.911 0.177504 402801 -0.0517387 1.64644
0.004235 2104.09 0.0885953 402795 -0.0971045 0.655202
0.006585 2108.67 0.0581193 402795 -0.148279 0.649736
0.003155 2097.26 0.103005 402795 -0.0593814 0.658759
0.001095 1444.24 0.163144 402795 0.00097857 0.95541
0.001805 1730.82 0.139037 402795 -0.0144077 0.797956
0.005295 2094.23 0.0761364 402795 -0.123083 0.656372
0.002525 1977.08 0.117203 402795 -0.0371158 0.698948
0.007155 817.416 0.179815 402801 -0.0491407 1.68615
0.004245 2103.51 0.0884941 402795 -0.0974316 0.655364
0.006595 2097.23 0.0590389 402795 -0.14671 0.653282
0.003165 2098.24 0.102819 402795 -0.0597629 0.658444
0.001105 1448.18 0.162818 402795 0.000821282 0.952821
0.005305 2094.85 0.0760161 402795 -0.123385 0.656167
0.002535 1979.97 0.116939 402795 -0.0374462 0.697931
0.007165 798.347 0.182075 402801 -0.046581 1.7269
0.004255 2102.92 0.088393 402795 -0.097741 0.655528
0.006605 2086.02 0.0599433 402795 -0.145176 0.656801
0.003175 2099.21 0.102634 402795 -0.0601684 0.658137
0.001115 1452.13 0.162491 402795 0.000661545 0.950238
0.005315 2095.45 0.0758968 402795 -0.123698 0.655964
0.001815 1734.71 0.138703 402795 -0.014684 0.796178
0.002545 1982.76 0.116677 402795 -0.0377818 0.696949
0.007175 779.709 0.184283 402801 -0.0440624 1.76866
0.004265 2102.46 0.0882919 402795 -0.0980504 0.65565
0.003305 2110.05 0.100344 402795 -0.06507 0.654661
0.006615 2075.02 0.0608328 402795 -0.143678 0.660289
0.003185 2100.14 0.102451 402795 -0.0605691 0.657836
0.001125 1456.1 0.162163 402795 0.00049914 0.947663
0.005325 2096.05 0.0757784 402795 -0.123997 0.655764
0.001825 1738.58 0.138369 402795 -0.0149618 0.794412
0.002555 1985.43 0.116415 402795 -0.0381213 0.696015
0.007185 761.51 0.186436 402801 -0.0415943 1.81144
0.004275 2102 0.0881908 402795 -0.0983437 0.655773
0.006625 2064.23 0.0617078 402795 -0.142214 0.663748
0.003195 2101.06 0.102269 402795 -0.0609571 0.657542
0.001135 1460.07 0.161834 402795 0.000333824 0.945096
0.005335 2096.65 0.0756612 402796 -0.12426 0.655566
0.001835 1742.45 0.138037 402795 -0.015241 0.792659
0.007195 743.755 0.188535 402801 -0.0391056 1.85522
0.005775 2139.58 0.071652 402795 -0.138322 0.641739
0.007205 726.446 0.190577 402800 -0.0369418 1.89997
0.007215 709.589 0.192563 402801 -0.0344364 1.94568
0.007225 693.182 0.194489 402801 -0.0322632 1.99232
0.005785 2140.22 0.0715806 402795 -0.138731 0.641528
0.007235 677.228 0.196357 402801 -0.0300854 2.03987
0.001325 1536.93 0.155443 402795 -0.0031334 0.898062
0.005795 2140.83 0.0715091 402795 -0.139142 0.641323
0.007245 661.724 0.198165 402800 -0.0279794 2.08829
0.005805 2141.43 0.0714376 402795 -0.139555 0.641125
0.007255 646.669 0.199912 402800 -0.025832 2.13756
0.005815 2142 0.0713658 402795 -0.13997 0.640934
0.007265 632.069 0.201598 402801 -0.0234707 2.1876
0.001335 1541.02 0.155102 402795 -0.00331345 0.89569
0.003995 2115.63 0.0910811 402795 -0.0893731 0.652069
0.005825 2142.54 0.0712937 402795 -0.140386 0.64075
0.003705 2121.99 0.094464 402795 -0.079525 0.650552
0.007275 619.379 0.203222 402799 -0.0221793 2.23309
0.001345 1545.11 0.154759 402795 -0.00349497 0.893329
0.005835 2143.06 0.0712212 402795 -0.140804 0.640572
0.007285 607.154 0.204782 402799 -0.0204474 2.27874
0.003715 2121.94 0.094337 402795 -0.0798763 0.650554
0.001355 1549.21 0.154417 402795 -0.00367867 0.890979
0.005845 2143.56 0.0711481 402795 -0.141224 0.640402
0.007295 595.382 0.206279 402798 -0.0188096 2.3245
0.004005 2115.25 0.0909736 402795 -0.0896999 0.652168
0.003725 2121.88 0.0942108 402795 -0.0802268 0.65056
0.001365 1553.31 0.154074 402795 -0.00386518 0.888641
0.005855 2144.04 0.0710743 402795 -0.141645 0.640238
0.005585 2123.72 0.0731145 402795 -0.131171 0.646867
0.007305 584.053 0.207712 402798 -0.0172438 2.37029
0.004015 2114.86 0.0908666 402795 -0.0900258 0.652271
0.003735 2121.8 0.0940855 402795 -0.0805764 0.650571
0.001375 1557.4 0.153731 402795 -0.00405498 0.886315
0.005865 2144.49 0.0709998 402795 -0.142069 0.640081
0.004025 2114.46 0.0907601 402795 -0.0903506 0.652377
0.007315 573.158 0.209083 402798 -0.0157593 2.41607
0.003745 2121.71 0.0939609 402795 -0.0809253 0.650585
0.001385 1561.5 0.153388 402795 -0.00424843 0.884
0.005875 2144.92 0.0709243 402795 -0.142494 0.639932
0.004035 2114.06 0.090654 402795 -0.0906744 0.652485
0.007325 562.683 0.210392 402798 -0.0143057 2.46177
0.003755 2121.61 0.0938372 402795 -0.0812733 0.650603
0.001395 1565.6 0.153045 402795 -0.00444572 0.881697
0.005885 2145.32 0.0708478 402795 -0.142922 0.63979
0.005595 2124.71 0.0730291 402795 -0.131514 0.646551
0.000435 1229.39 0.180744 402795 0.00762262 1.12164
0.004045 2113.64 0.0905483 402795 -0.0909971 0.652596
0.007335 552.623 0.21164 402798 -0.0127966 2.50731
0.003765 2121.49 0.0937143 402795 -0.0816206 0.650625
0.001405 1569.7 0.152701 402795 -0.00464688 0.879406
0.005895 2145.7 0.07077 402795 -0.143353 0.639655
0.005605 2125.68 0.0729449 402795 -0.13186 0.646238
0.004055 2113.21 0.090443 402795 -0.0913188 0.652711
0.007345 543.965 0.212828 402797 -0.0118389 2.54794
0.003775 2121.36 0.0935922 402795 -0.0819671 0.65065
0.001415 1573.8 0.152357 402795 -0.00485185 0.877127
0.005905 2146.05 0.070691 402795 -0.143787 0.639527
0.005615 2126.65 0.0728619 402795 -0.13221 0.64593
0.004065 2112.78 0.0903381 402795 -0.0916394 0.652827
0.007355 535.707 0.213956 402797 -0.010705 2.58794
0.003785 2121.22 0.0934709 402795 -0.0823128 0.65068
0.001425 1577.9 0.152013 402795 -0.00506043 0.87486
0.005915 2146.37 0.0706104 402795 -0.144225 0.639407
0.005625 2127.6 0.0727799 402795 -0.132565 0.645626
0.000445 1231.63 0.180561 402795 0.00758007 1.1196
0.006205 2112.76 0.066832 402795 -0.151129 0.648885
0.000735 1312.84 0.173944 402795 0.00562855 1.0506
0.000745 1316.12 0.173676 402795 0.00553581 1.04799
0.006215 2111.44 0.0666203 402795 -0.151033 0.649269
0.000755 1319.42 0.173406 402795 0.00544134 1.04538
0.000135 1183.85 0.184438 402795 0.00823323 1.16462
0.000765 1322.75 0.173134 402795 0.00534513 1.04276
0.006225 2110.17 0.0664009 402795 -0.150898 0.649638
0.007415 494.298 0.219555 402796 -0.00551193 2.80904
0.000775 1326.11 0.172859 402795 0.00524718 1.04013
0.006235 2108.97 0.0661734 402795 -0.150701 0.649988
0.000785 1329.49 0.172583 402795 0.00514747 1.0375
0.006245 2107.85 0.0659387 402798 -0.150487 0.650317
0.000145 1184.63 0.184375 402795 0.00823003 1.16386
0.000795 1332.89 0.172304 402795 0.00504598 1.03486
0.006255 2107.7 0.0656951 402795 -0.150284 0.650337
0.007425 489.044 0.220309 402795 -0.00467373 2.83986
0.000155 1185.46 0.184308 402795 0.00822601 1.16305
0.006735 1958.82 0.0704747 402795 -0.128604 0.699654
0.000805 1336.32 0.172023 402795 0.0049427 1.03221
0.006265 2107.64 0.0654438 402795 -0.150018 0.650335
0.004285 2101.54 0.0880897 402795 -0.0986308 0.655899
0.007435 484.071 0.221016 402796 -0.00428125 2.86967
0.000165 1186.35 0.184236 402795 0.00822112 1.16218
0.006635 2053.66 0.0625687 402795 -0.140785 0.667175
0.000815 1339.78 0.17174 402795 0.00483763 1.02956
0.006275 2107.66 0.0651833 402795 -0.149699 0.650308
0.003315 2110.77 0.100176 402795 -0.0654431 0.654431
0.007445 479.365 0.221679 402795 -0.00366524 2.89845
0.004295 2101.07 0.0879886 402795 -0.098916 0.656026
0.000175 1187.29 0.18416 402795 0.00821529 1.16127
0.001145 1464.06 0.161504 402795 0.000165369 0.942537
0.006645 2043.29 0.0634158 402795 -0.139391 0.670571
0.000825 1343.25 0.171455 402795 0.00473091 1.02691
0.006285 2107.78 0.0649132 402795 -0.149327 0.650254
0.006745 1950.33 0.0712037 402795 -0.127674 0.702723
0.005345 2097.71 0.0755448 402795 -0.124492 0.655221
0.007455 474.91 0.222299 402795 -0.00315423 2.92623
0.004305 2100.59 0.0878873 402795 -0.0992012 0.656155
0.003325 2111.47 0.10001 402795 -0.0658164 0.654205
0.000185 1188.28 0.184079 402795 0.00820849 1.1603
0.001845 1746.3 0.137704 402795 -0.0155216 0.790919
0.006655 2033.13 0.0642493 402795 -0.138032 0.673935
0.000835 1346.75 0.171169 402795 0.00462276 1.02425
0.001155 1468.05 0.161173 402795 -6.40094e-06 0.939986
0.006295 2107.99 0.0646336 402795 -0.148908 0.650171
0.004075 2112.33 0.0902335 402795 -0.0919589 0.652947
0.007465 470.693 0.222879 402796 -0.00265988 2.95302
0.004315 2100.11 0.0877861 402795 -0.0994864 0.656285
0.003335 2112.15 0.0998439 402795 -0.0661841 0.653985
0.006755 1942 0.0719234 402796 -0.126063 0.705762
0.005355 2098.78 0.0754295 402795 -0.124676 0.654873
0.000195 1189.33 0.183995 402795 0.00820066 1.15928
0.006665 2023.17 0.0650697 402795 -0.13671 0.677266
0.000845 1350.28 0.17088 402795 0.00451335 1.02159
0.001165 1472.05 0.160842 402795 -0.000181565 0.937444
0.006305 2108.3 0.0643444 402795 -0.148445 0.650056
0.001855 1750.15 0.137373 402795 -0.0158036 0.78919
0.007475 467.165 0.22342 402795 -0.00230247 2.97586
0.004325 2099.62 0.0876847 402795 -0.0997712 0.656416
0.004085 2111.88 0.0901293 402795 -0.0922772 0.653069
0.003345 2112.71 0.0996794 402795 -0.0665587 0.653803
0.006765 1933.48 0.0726576 402727 -0.139831 0.708781
0.005365 2099.87 0.0753153 402795 -0.124832 0.654522
0.000205 1190.42 0.183906 402795 0.00819176 1.15821
0.006675 2013.41 0.0658773 402795 -0.135425 0.680564
0.000855 1353.82 0.170589 402795 0.00440251 1.01893
0.001175 1476.06 0.160509 402795 -0.000360077 0.93491
0.006315 2108.72 0.0640453 402795 -0.147942 0.649908
0.001865 1753.98 0.137042 402795 -0.0160871 0.787474
0.007485 463.853 0.223923 402795 -0.0019603 2.99763
0.004335 2099.14 0.0875832 402795 -0.100055 0.656548
0.004095 2111.41 0.0900254 402795 -0.0925944 0.653194
0.003355 2113.26 0.099516 402795 -0.066928 0.653625
0.005375 2100.97 0.0752021 402795 -0.124991 0.654166
0.006775 1901.07 0.0755035 402798 -0.152229 0.721016
0.000215 1191.58 0.183812 402795 0.00818174 1.1571
0.006685 2003.85 0.0666724 402795 -0.134179 0.683828
0.000865 1357.39 0.170297 402795 0.00428929 1.01626
0.001185 1480.08 0.160176 402795 -0.000541744 0.932385
0.006325 2109.26 0.0637362 402795 -0.147403 0.649725
0.001875 1757.81 0.136711 402795 -0.016372 0.78577
0.004345 2098.65 0.0874815 402795 -0.100338 0.656682
0.007495 460.744 0.22439 402795 -0.00167625 3.01835
0.004105 2110.94 0.0899218 402795 -0.0929106 0.653321
0.003365 2113.79 0.0993537 402795 -0.0672964 0.653452
0.005385 2102.08 0.0750902 402795 -0.125174 0.653806
0.006785 1868.36 0.0783669 402797 -0.14846 0.733673
0.006695 1994.48 0.0674553 402795 -0.132974 0.687059
0.000225 1192.78 0.183715 402795 0.00817057 1.15594
0.000875 1360.97 0.170003 402795 0.0041717 1.01359
0.006335 2109.92 0.0634168 402795 -0.14683 0.649507
0.001195 1484.1 0.159842 402795 -0.000726217 0.929869
0.001885 1761.62 0.136382 402795 -0.0166582 0.784079
0.004355 2098.15 0.0873798 402795 -0.100621 0.656816
0.004115 2110.46 0.0898185 402795 -0.0932258 0.653451
0.007505 457.827 0.224824 402795 -0.00143822 3.03806
0.003375 2114.31 0.0991926 402795 -0.0676644 0.653283
0.005395 2103.2 0.0749793 402795 -0.125388 0.653444
0.006705 1985.3 0.0682266 402795 -0.131812 0.690257
0.006795 1835.67 0.081225 402797 -0.145731 0.746772
0.000235 1194.04 0.183613 402795 0.00815821 1.15472
0.000885 1364.58 0.169707 402795 0.00404694 1.01093
0.001205 1488.13 0.159507 402795 -0.000913001 0.927362
0.006345 2110.7 0.0630869 402795 -0.146226 0.64925
0.001895 1765.42 0.136053 402795 -0.0169458 0.7824
0.004365 2097.65 0.0872778 402795 -0.100903 0.656952
0.004125 2109.98 0.0897155 402795 -0.0935401 0.653584
0.007515 455.09 0.225225 402795 -0.00122998 3.05677
0.003385 2114.81 0.0990325 402795 -0.0680318 0.65312
0.005405 2104.33 0.0748697 402795 -0.12563 0.653081
0.006715 1976.29 0.0689866 402795 -0.130695 0.693422
0.006805 1803.01 0.0840784 402797 -0.14301 0.76034
0.000245 1195.34 0.183507 402795 0.00814462 1.15347
0.000895 1368.2 0.169409 402795 0.00391221 1.00826
0.001215 1492.17 0.159171 402795 -0.00110148 0.924864
0.001905 1769.21 0.135725 402795 -0.0172348 0.780733
0.006355 2111.61 0.0627463 402795 -0.145592 0.648954
0.004375 2097.15 0.0871757 402795 -0.101184 0.657088
0.004135 2109.48 0.0896127 402795 -0.0938533 0.653719
0.003795 2121.06 0.0933504 402795 -0.0826577 0.650713
0.001435 1582 0.151669 402795 -0.00527237 0.872605
0.004145 2108.98 0.0895102 402795 -0.0941653 0.653856
0.005925 2146.67 0.0705282 402795 -0.144667 0.639295
0.003805 2120.89 0.0932306 402795 -0.0830018 0.65075
0.005635 2128.53 0.0726991 402795 -0.132923 0.645326
0.004155 2108.47 0.0894079 402795 -0.094476 0.653996
0.001445 1586.1 0.151325 402795 -0.0054874 0.870362
0.000455 1233.92 0.180376 402795 0.00753592 1.11753
0.003815 2120.71 0.0931115 402795 -0.0833451 0.65079
0.003395 2115.29 0.0988736 402795 -0.0683988 0.652962
0.001225 1496.21 0.158835 402795 -0.00129095 0.922377
0.003825 2120.52 0.0929932 402795 -0.0836875 0.650834
0.007525 452.525 0.225595 402795 -0.00103274 3.07452
0.003405 2115.76 0.0987158 402795 -0.0687653 0.652808
0.005415 2105.46 0.0747613 402795 -0.125893 0.652718
0.003835 2120.32 0.0928756 402795 -0.0840289 0.650882
0.001235 1500.26 0.158499 402795 -0.00148069 0.919899
0.003415 2116.21 0.0985591 402795 -0.0691313 0.652659
0.007535 450.465 0.225935 402795 -0.000882112 3.08897
0.005425 2106.59 0.0746541 402795 -0.126169 0.652356
0.006815 1770.36 0.0869278 402798 -0.140343 0.774406
0.000905 1371.85 0.169109 402795 0.00376604 1.00559
0.005435 2107.71 0.0745482 402795 -0.126453 0.651995
0.000255 1196.7 0.183397 402795 0.00812978 1.15216
0.006825 1737.71 0.0897736 402798 -0.137723 0.789004
0.006365 2112.66 0.0623949 402795 -0.144929 0.648619
0.001915 1772.98 0.135397 402795 -0.0175251 0.779078
0.006835 1705.06 0.0926164 402798 -0.135144 0.804166
0.004385 2096.64 0.0870733 402795 -0.101465 0.657226
0.006375 2113.84 0.0620325 402795 -0.14424 0.648242
0.005935 2146.94 0.0704443 402795 -0.145113 0.639191
0.001455 1590.2 0.150981 402795 -0.00570521 0.868131
0.006385 2115.17 0.061659 402795 -0.143526 0.647824
0.005645 2129.45 0.0726193 402795 -0.133285 0.645031
0.005945 2147.19 0.0703584 402795 -0.145564 0.639096
0.000465 1236.25 0.180186 402795 0.00749019 1.11544
0.001465 1594.29 0.150636 402795 -0.00592552 0.865912
0.006395 2116.64 0.0612743 402795 -0.142789 0.647362
0.001245 1504.32 0.158161 402795 -0.00166999 0.917431
0.005955 2147.4 0.0702704 402795 -0.146019 0.639008
0.003425 2116.65 0.0984034 402795 -0.0694968 0.652515
0.007545 448.56 0.226247 402795 -0.000728217 3.10246
0.005965 2147.59 0.0701802 402795 -0.146479 0.638929
0.000915 1375.52 0.168808 402795 0.00360945 1.00292
0.003435 2117.07 0.0982489 402795 -0.0698618 0.652376
0.000265 1198.11 0.183282 402795 0.00811366 1.15081
0.007555 446.801 0.226532 402795 -0.000591709 3.11501
0.005975 2147.74 0.0700876 402795 -0.146946 0.638859
0.003445 2117.47 0.0980955 402795 -0.0702261 0.652241
0.000925 1379.2 0.168506 402795 0.00344633 1.00026
0.006845 1672.39 0.0954565 402798 -0.132598 0.819933
0.000275 1199.57 0.183164 402795 0.00809622 1.14942
0.007565 445.183 0.22679 402795 -0.000474251 3.12665
0.005985 2147.84 0.0699927 402789 -0.147379 0.638798
0.004395 2096.14 0.0869708 402795 -0.101745 0.657365
0.003455 2117.86 0.0979431 402795 -0.0705898 0.652111
0.000935 1382.9 0.168201 402795 0.00328251 0.99759
0.005655 2130.35 0.0725405 402795 -0.133646 0.644741
0.000285 1201.08 0.183042 402795 0.00807745 1.14798
0.007575 443.697 0.227024 402795 -0.000375347 3.13741
0.005995 2146.25 0.0698947 402795 -0.147761 0.639256
0.006855 1639.7 0.0982941 402798 -0.130077 0.836343
0.003465 2118.24 0.0977918 402795 -0.0709528 0.651985
0.000945 1386.62 0.167896 402795 0.00312388 0.994926
0.004405 2095.62 0.086868 402795 -0.102023 0.657505
0.005665 2131.22 0.0724627 402795 -0.134021 0.644461
0.000295 1202.64 0.182915 402795 0.00805732 1.14649
0.007585 442.338 0.227233 402795 -0.000290775 3.14731
0.006005 2144.62 0.0697936 402795 -0.148095 0.639718
0.006865 1606.97 0.10113 402798 -0.127571 0.853441
0.001475 1598.39 0.150292 402795 -0.00614809 0.863706
0.000955 1390.36 0.167588 402795 0.00297437 0.992264
0.003475 2118.6 0.0976415 402795 -0.0713149 0.651865
0.004415 2095.11 0.0867649 402795 -0.102301 0.657645
0.005675 2132.08 0.0723857 402795 -0.134395 0.644185
0.007595 441.375 0.227419 402795 -0.000231973 3.15441
0.000475 1238.61 0.179994 402795 0.00744284 1.11331
0.001255 1508.38 0.157823 402795 -0.00185824 0.914973
0.007605 440.529 0.227583 402795 -0.000178625 3.16067
0.006015 2142.98 0.0696893 402795 -0.148419 0.640184
0.000485 1241.02 0.179798 402795 0.00739388 1.11116
0.001265 1512.45 0.157485 402795 -0.00204497 0.912525
0.007615 439.798 0.227724 402795 -0.000135138 3.16611
0.000305 1204.25 0.182785 402795 0.00803581 1.14497
0.006025 2141.33 0.0695816 402795 -0.148731 0.640654
0.000495 1243.47 0.179599 402795 0.00734331 1.10898
0.006875 1574.22 0.103963 402799 -0.125069 0.871274
0.007625 439.177 0.227845 402795 -0.000100089 3.17074
0.001275 1516.52 0.157146 402795 -0.00222993 0.910088
0.001485 1602.48 0.149948 402795 -0.00637268 0.861512
0.006035 2139.66 0.0694704 402795 -0.149029 0.641128
0.000315 1205.9 0.18265 402795 0.0080129 1.1434
0.003485 2118.94 0.0974924 402795 -0.0716761 0.651748
0.004425 2094.59 0.0866615 402795 -0.102578 0.657787
0.005685 2132.91 0.0723096 402795 -0.134773 0.643915
0.003495 2119.27 0.0973442 402795 -0.0720364 0.651636
0.000505 1245.96 0.179397 402795 0.0072911 1.10677
0.004435 2094.07 0.0865579 402795 -0.102853 0.65793
0.007635 438.664 0.227944 402795 -7.22464e-05 3.17458
0.003505 2119.59 0.0971972 402795 -0.0723957 0.651529
0.005695 2133.73 0.0722343 402795 -0.135154 0.64365
0.000515 1248.49 0.179191 402795 0.00723725 1.10454
0.004445 2093.55 0.086454 402795 -0.103127 0.658073
0.007645 438.257 0.228023 402795 -5.02675e-05 3.17763
0.003515 2119.89 0.0970511 402795 -0.0727543 0.651426
0.005705 2134.53 0.0721597 402795 -0.135538 0.64339
0.006885 1541.42 0.106794 402799 -0.122561 0.889892
0.004455 2093.03 0.0863497 402795 -0.103401 0.658217
0.006045 2138 0.0693554 402795 -0.149313 0.641603
0.001495 1606.57 0.149603 402795 -0.00659914 0.85933
0.004465 2092.5 0.0862451 402795 -0.103673 0.658361
0.006055 2136.33 0.0692365 402795 -0.149581 0.642081
0.001505 1610.66 0.149259 402795 -0.00682733 0.857161
0.000525 1251.05 0.178983 402795 0.00718176 1.10229
0.004475 2091.97 0.0861401 402795 -0.103944 0.658507
0.007655 437.953 0.228082 402795 -3.2821e-05 3.17991
0.006065 2134.65 0.0691133 402795 -0.149831 0.642559
0.001515 1614.74 0.148914 402795 -0.00705718 0.855004
0.000535 1253.65 0.178771 402795 0.00712462 1.10001
0.005715 2135.31 0.0720858 402795 -0.135926 0.643137
0.006895 1508.57 0.109622 402799 -0.120035 0.90935
0.007665 437.751 0.228121 402795 -1.87536e-05 3.18143
0.006075 2132.98 0.0689859 402795 -0.150062 0.643038
0.005725 2136.08 0.0720125 402795 -0.136318 0.642888
0.006905 1475.69 0.112447 402799 -0.117479 0.929706
0.007675 437.65 0.228141 402795 -6.05578e-06 3.18219
0.001525 1618.82 0.14857 402795 -0.00728863 0.85286
0.000545 1256.29 0.178556 402795 0.00706582 1.0977
0.005735 2136.82 0.0719397 402795 -0.136713 0.642646
0.006915 1442.76 0.115269 402800 -0.114881 0.951022
0.001535 1622.9 0.148226 402795 -0.00752165 0.850728
0.000555 1258.97 0.178338 402795 0.00700535 1.09538
0.005745 2137.54 0.0718673 402795 -0.137111 0.64241
0.006925 1409.8 0.118086 402800 -0.112227 0.973365
0.001545 1626.98 0.147882 402795 -0.00775624 0.848609
0.000565 1261.68 0.178117 402795 0.00694322 1.09303
0.005755 2138.24 0.0717953 402795 -0.137512 0.64218
0.006935 1376.8 0.120898 402800 -0.109516 0.996806
0.001555 1631.05 0.147538 402795 -0.0079924 0.846502
0.000575 1264.43 0.177894 402795 0.00687942 1.09067
0.006945 1343.79 0.123704 402801 -0.106363 1.02142
0.001565 1635.11 0.147194 402795 -0.00823014 0.844409
0.000585 1267.21 0.177667 402795 0.00681395 1.08828
0.006955 1310.84 0.126502 402811 -0.10326 1.04725
0.001575 1639.17 0.146851 402795 -0.00846946 0.842327
0.000595 1270.03 0.177437 402795 0.00674679 1.08587
0.006965 1282.95 0.129414 402800 -0.102077 1.07014
0.001585 1643.23 0.146507 402795 -0.00871038 0.840259
0.000605 1272.88 0.177205 402795 0.00667796 1.08345
0.006975 1255.21 0.13231 402800 -0.099426 1.09394
0.001595 1647.28 0.146164 402795 -0.00895291 0.838203
0.000615 1275.77 0.17697 402795 0.00660744 1.08101
0.006985 1227.61 0.135187 402800 -0.0967778 1.1187
0.000625 1278.69 0.176732 402795 0.00653523 1.07855
0.006995 1200.16 0.138044 402800 -0.0940711 1.14446
0.000635 1281.64 0.176491 402795 0.00646133 1.07608
0.007005 1172.88 0.14088 402801 -0.0913187 1.17128
0.007015 1145.77 0.143694 402801 -0.0885225 1.19919
0.007025 1118.86 0.146484 402801 -0.0856864 1.22826
0.007035 1092.15 0.14925 402802 -0.0828148 1.25852
