5e-06 1274.95 0.179075 435844 0.0159284 1.16959
1.5e-05 1275 0.179072 435844 0.0159296 1.16955
2.5e-05 1275.09 0.179064 435844 0.0159314 1.16946
3.5e-05 1275.23 0.179053 435844 0.0159335 1.16934
4.5e-05 1275.41 0.179038 435844 0.0159358 1.16917
5.5e-05 1275.64 0.17902 435844 0.0159383 1.16896
6.5e-05 1275.92 0.178998 435844 0.0159409 1.16871
7.5e-05 1276.24 0.178972 435844 0.0159435 1.16842
8.5e-05 1276.61 0.178942 435844 0.0159461 1.16808
9.5e-05 1277.02 0.178909 435844 0.0159485 1.16771
0.000105 1277.48 0.178872 435844 0.0159508 1.16729
0.000115 1277.99 0.178831 435844 0.0159528 1.16683
0.000125 1278.54 0.178787 435844 0.0159546 1.16633
0.000135 1279.14 0.178739 435844 0.015956 1.16579
0.000145 1279.78 0.178687 435844 0.0159571 1.1652
0.000155 1280.47 0.178632 435844 0.0159577 1.16458
0.000165 1281.2 0.178573 435844 0.0159579 1.16392
0.000175 1281.98 0.17851 435844 0.0159576 1.16322
0.000185 1282.8 0.178444 435844 0.0159569 1.16247
0.000195 1283.67 0.178374 435844 0.0159555 1.16169
0.000205 1284.58 0.178301 435844 0.0159536 1.16087
0.000215 1285.54 0.178224 435844 0.0159512 1.16001
0.004805 2132.08 0.0785169 435843 -0.0776778 0.698032
0.004815 2132.49 0.0783807 435843 -0.0778814 0.697881
0.000225 1286.54 0.178143 435844 0.0159481 1.15911
0.004825 2132.9 0.0782447 435843 -0.0780848 0.69773
0.004835 2133.31 0.0781088 435843 -0.0782881 0.69758
0.004845 2133.72 0.0779731 435843 -0.0784914 0.697429
0.000235 1287.58 0.178059 435844 0.0159443 1.15818
0.004855 2134.13 0.0778376 435843 -0.0786946 0.697278
0.004865 2134.54 0.0777023 435843 -0.0788978 0.697128
0.004875 2134.95 0.0775672 435843 -0.079101 0.696977
0.000245 1288.67 0.177972 435844 0.01594 1.15721
0.004885 2135.36 0.0774323 435843 -0.0793042 0.696827
0.004895 2135.77 0.0772976 435843 -0.0795074 0.696676
0.004905 2136.18 0.0771632 435843 -0.0797107 0.696526
0.000255 1289.8 0.17788 435844 0.0159349 1.1562
0.004915 2136.6 0.077029 435843 -0.0799141 0.696375
0.004925 2137.01 0.076895 435843 -0.0801175 0.696225
0.004935 2137.42 0.0767614 435843 -0.080321 0.696074
0.000265 1290.98 0.177786 435844 0.0159291 1.15515
0.004945 2137.84 0.076628 435843 -0.0805247 0.695924
0.004955 2138.25 0.0764949 435843 -0.0807285 0.695774
0.004965 2138.67 0.0763621 435843 -0.0809324 0.695624
0.000275 1292.2 0.177688 435844 0.0159227 1.15407
0.005445 2167.88 0.0706446 435843 -0.0917858 0.685618
0.004975 2139.08 0.0762297 435843 -0.0811365 0.695473
0.004985 2139.5 0.0760975 435843 -0.0813408 0.695323
0.005455 2168.54 0.0705445 435843 -0.092041 0.685398
0.004995 2139.91 0.0759658 435843 -0.0815453 0.695173
0.000285 1293.46 0.177586 435844 0.0159154 1.15295
0.005465 2169.19 0.0704453 435843 -0.0922975 0.685181
0.005005 2140.33 0.0758344 435843 -0.08175 0.695024
0.005475 2169.83 0.070347 435843 -0.0925551 0.684966
0.005015 2140.74 0.0757033 435843 -0.0819549 0.694874
0.005485 2170.46 0.0702497 435843 -0.092814 0.684754
0.005025 2141.16 0.0755727 435843 -0.0821597 0.694724
0.000295 1294.76 0.177481 435844 0.0159075 1.15179
0.005495 2171.09 0.0701532 435843 -0.0930741 0.684545
0.005035 2141.58 0.0754426 435844 -0.0823647 0.694575
0.004485 2124.84 0.0829201 435843 -0.0711633 0.700995
0.005505 2171.7 0.0700576 435843 -0.0933355 0.684339
0.005125 2147.39 0.0742918 435843 -0.0843091 0.692568
0.005045 2142.23 0.0753128 435843 -0.0825806 0.694349
0.000305 1296.11 0.177373 435844 0.0158988 1.1506
0.005515 2172.31 0.0699629 435843 -0.0935981 0.684135
0.005055 2142.88 0.0751834 435843 -0.0827958 0.694123
0.005525 2172.9 0.0698691 435843 -0.093862 0.683935
0.004495 2124.99 0.0827817 435843 -0.0713684 0.700926
0.005065 2143.53 0.0750545 435843 -0.083011 0.693899
0.005535 2173.49 0.0697761 435843 -0.0941272 0.683737
0.005135 2148.02 0.0741665 435843 -0.084527 0.692349
0.000315 1297.5 0.177261 435844 0.0158893 1.14938
0.005075 2144.18 0.0749261 435843 -0.0832265 0.693675
0.005545 2174.07 0.069684 435843 -0.0943937 0.683543
0.004165 2123.27 0.087388 435843 -0.0642657 0.702133
0.000325 1298.92 0.177146 435844 0.0158789 1.14812
0.005085 2144.82 0.0747982 435843 -0.0834423 0.693452
0.004505 2125.14 0.0826434 435843 -0.0715738 0.700857
0.005555 2174.64 0.0695927 435843 -0.0946615 0.683351
0.004175 2123.28 0.0872464 435843 -0.0644906 0.702109
0.005145 2148.66 0.0740419 435843 -0.0847454 0.692131
0.000335 1300.39 0.177027 435844 0.0158678 1.14683
0.005095 2145.47 0.0746708 435843 -0.0836584 0.69323
0.005565 2175.2 0.0695022 435843 -0.0949306 0.683163
0.004185 2123.29 0.0871051 435843 -0.0647148 0.702086
0.000345 1301.91 0.176905 435844 0.0158559 1.14551
0.005105 2146.11 0.0745439 435843 -0.0838749 0.693009
0.005575 2175.74 0.0694126 435843 -0.0952009 0.682978
0.004195 2123.3 0.0869639 435843 -0.0649385 0.702064
0.004515 2125.29 0.0825051 435843 -0.0717794 0.700788
0.000355 1303.46 0.17678 435844 0.0158431 1.14415
0.005115 2146.75 0.0744176 435843 -0.0840918 0.692788
0.005585 2176.28 0.0693237 435843 -0.0954726 0.682796
0.005155 2149.29 0.0739179 435843 -0.0849644 0.691914
0.004205 2123.31 0.0868229 435843 -0.0651616 0.702043
0.000365 1305.05 0.176652 435844 0.0158294 1.14276
0.005595 2176.81 0.0692356 435843 -0.0957456 0.682617
0.004215 2123.31 0.0866823 435843 -0.0653851 0.702023
0.004525 2125.44 0.0823668 435843 -0.0719849 0.700718
0.004535 2125.6 0.0822286 435843 -0.0721901 0.700649
0.004545 2125.75 0.0820904 435843 -0.0723948 0.70058
0.004555 2125.9 0.0819523 435843 -0.072599 0.700511
0.004565 2126.05 0.0818142 435843 -0.0728031 0.700443
0.004575 2126.2 0.0816762 435843 -0.0730074 0.700374
0.004585 2126.36 0.0815381 435843 -0.0732124 0.700304
0.004595 2126.51 0.0814002 435843 -0.0734182 0.700235
0.004225 2123.31 0.0865419 435843 -0.0656074 0.702003
0.000375 1306.69 0.17652 435844 0.0158148 1.14134
0.004605 2126.66 0.0812622 435843 -0.0736247 0.700166
0.004615 2126.82 0.0811243 435843 -0.0738311 0.700097
0.004235 2123.31 0.0864014 435843 -0.0658298 0.701985
0.004625 2126.97 0.0809865 435843 -0.0740366 0.700027
0.004635 2127.13 0.0808487 435843 -0.0742407 0.699958
0.004645 2127.28 0.0807109 435843 -0.0744431 0.699888
0.004245 2123.3 0.086261 435843 -0.0660514 0.701967
0.004655 2127.44 0.0805732 435843 -0.074644 0.699818
0.004665 2127.6 0.0804355 435843 -0.0748438 0.699748
0.004675 2127.76 0.0802979 435843 -0.075043 0.699677
0.004255 2123.29 0.0861207 435843 -0.0662736 0.70195
0.000385 1308.36 0.176385 435844 0.0157994 1.13989
0.004685 2127.92 0.0801604 435843 -0.0752417 0.699607
0.005605 2177.33 0.0691482 435843 -0.0960199 0.682442
0.004695 2128.08 0.0800229 435843 -0.07544 0.699536
0.005165 2149.92 0.0737944 435843 -0.085184 0.691698
0.004265 2123.28 0.0859805 435843 -0.066496 0.701935
0.004705 2128.24 0.0798855 435843 -0.0756374 0.699464
0.000395 1310.07 0.176247 435844 0.015783 1.13841
0.005175 2150.55 0.0736717 435843 -0.0854044 0.691483
0.004715 2128.41 0.0797484 435844 -0.0758346 0.699393
0.005185 2151.18 0.0735495 435843 -0.0856254 0.691268
0.004725 2128.81 0.0796111 435843 -0.0760416 0.699241
0.004275 2123.27 0.0858404 435843 -0.0667187 0.70192
0.005195 2151.8 0.073428 435843 -0.0858473 0.691055
0.004735 2129.22 0.0794739 435843 -0.0762471 0.699089
0.000405 1311.82 0.176106 435844 0.0157657 1.1369
0.005205 2152.42 0.0733072 435843 -0.0860699 0.690843
0.004745 2129.63 0.0793369 435843 -0.0764522 0.698938
0.005215 2153.04 0.0731871 435843 -0.0862934 0.690632
0.004755 2130.04 0.0791999 435843 -0.0766571 0.698787
0.004285 2123.25 0.0857005 435843 -0.0669416 0.701905
0.005225 2153.65 0.0730677 435843 -0.0865177 0.690421
0.004765 2130.44 0.0790631 435843 -0.0768617 0.698636
0.000415 1313.61 0.175961 435844 0.0157475 1.13535
0.005615 2177.83 0.0690616 435843 -0.0962955 0.682271
0.005235 2154.27 0.072949 435843 -0.086743 0.690213
0.001605 1693.08 0.144575 435844 0.00361076 0.882276
0.004775 2130.85 0.0789263 435843 -0.0770661 0.698485
0.004295 2123.24 0.0855607 435843 -0.0671646 0.701892
0.005245 2154.87 0.0728311 435843 -0.0869692 0.690005
0.000425 1315.44 0.175813 435844 0.0157283 1.13378
0.005625 2178.32 0.0689757 435843 -0.0965721 0.682102
0.004785 2131.26 0.0787897 435843 -0.0772702 0.698334
0.005255 2155.48 0.0727139 435843 -0.0871963 0.689798
0.004795 2131.67 0.0786533 435843 -0.0774741 0.698183
0.005265 2156.08 0.0725975 435843 -0.0874244 0.689593
0.004305 2123.21 0.0854209 435843 -0.0673875 0.70188
0.000435 1317.31 0.175663 435844 0.0157081 1.13219
0.005635 2178.81 0.0688905 435843 -0.0968468 0.681938
0.005275 2156.68 0.0724818 435843 -0.0876536 0.689389
0.005285 2157.28 0.0723669 435843 -0.0878837 0.689187
0.004315 2123.19 0.0852813 435843 -0.0676099 0.701868
0.005295 2157.87 0.0722529 435843 -0.088115 0.688986
0.000445 1319.22 0.175509 435844 0.0156869 1.13056
0.005645 2179.27 0.0688059 435843 -0.097129 0.681779
0.001615 1696.75 0.144262 435844 0.00341762 0.880376
0.005305 2158.45 0.0721396 435843 -0.0883472 0.688786
0.002885 2059.78 0.109451 435843 -0.0297436 0.72557
0.004325 2123.16 0.0851418 435843 -0.0678311 0.701858
0.005315 2159.03 0.0720272 435843 -0.0885806 0.688588
0.005655 2179.72 0.0687219 435843 -0.0974089 0.681624
0.000455 1321.16 0.175352 435844 0.0156646 1.12891
0.001625 1700.43 0.143949 435844 0.00322307 0.878486
0.005325 2159.61 0.0719156 435843 -0.0888146 0.688391
0.005335 2160.19 0.0718048 435844 -0.0890489 0.688196
0.004335 2123.13 0.0850024 435843 -0.0680507 0.701848
0.005345 2160.92 0.0716949 435843 -0.089294 0.687951
0.005665 2180.16 0.0686385 435843 -0.0976893 0.681472
0.000465 1323.14 0.175192 435844 0.0156414 1.12723
0.001635 1704.09 0.143636 435844 0.00302711 0.876607
0.005355 2161.64 0.0715859 435843 -0.0895387 0.687707
0.005365 2162.37 0.0714777 435843 -0.0897841 0.687466
0.004345 2123.1 0.084863 435843 -0.0682681 0.701839
0.005375 2163.08 0.0713704 435843 -0.0900306 0.687227
0.005675 2180.59 0.0685557 435843 -0.0979705 0.681324
0.000475 1325.16 0.175029 435844 0.0156171 1.12552
0.001645 1707.76 0.143323 435844 0.00282975 0.874738
0.005385 2163.79 0.071264 435843 -0.090278 0.68699
0.002895 2061.24 0.109233 435843 -0.0300459 0.725051
0.004355 2123.07 0.0847238 435843 -0.0684815 0.70183
0.006085 2183.8 0.0650563 435843 -0.109286 0.679685
0.005395 2164.49 0.0711585 435843 -0.0905266 0.686755
0.005685 2181.01 0.0684734 435843 -0.0982526 0.68118
0.000485 1327.21 0.174863 435844 0.0155917 1.12379
0.001655 1711.41 0.14301 435844 0.002631 0.87288
0.002905 2062.68 0.109015 435843 -0.0303455 0.724538
0.004365 2123.04 0.0845849 435844 -0.0686931 0.701822
0.005405 2165.18 0.0710539 435843 -0.0907762 0.686523
0.000645 1364.75 0.171822 435844 0.0150267 1.09305
0.005415 2165.87 0.0709502 435843 -0.0910269 0.686293
0.006405 2168.95 0.0619746 435843 -0.114558 0.684086
0.005695 2181.41 0.0683916 435843 -0.0985354 0.68104
0.000495 1329.3 0.174694 435844 0.0155652 1.12203
0.001665 1715.07 0.142697 435844 0.00243086 0.871033
0.005425 2166.55 0.0708474 435843 -0.0912787 0.686065
0.000655 1367.37 0.171609 435844 0.0149807 1.09097
0.002915 2064.1 0.108798 435843 -0.0306447 0.724032
0.004375 2123.19 0.0844458 435843 -0.0689096 0.701753
0.006415 2169.41 0.0619307 435843 -0.114688 0.683941
0.005435 2167.22 0.0707455 435843 -0.0915317 0.68584
0.005765 2183.9 0.067829 435843 -0.100534 0.680163
0.000665 1370.02 0.171394 435844 0.0149333 1.08888
0.005705 2181.81 0.0683102 435843 -0.0988189 0.680903
0.006425 2169.88 0.061894 435843 -0.114822 0.683792
0.000505 1331.43 0.174522 435844 0.0155377 1.12025
0.001285 1574.57 0.154563 435844 0.00901763 0.948243
0.001295 1578.25 0.154256 435844 0.00887218 0.946044
0.000515 1333.59 0.174347 435844 0.015509 1.11844
0.001305 1581.94 0.153948 435844 0.00872516 0.943854
0.000525 1335.79 0.174169 435844 0.0154791 1.11661
0.001315 1585.63 0.15364 435844 0.00857659 0.941671
0.000535 1338.02 0.173988 435844 0.0154481 1.11476
0.001325 1589.32 0.153331 435844 0.00842647 0.939496
0.000545 1340.29 0.173805 435844 0.015416 1.11289
0.001335 1593.02 0.153021 435844 0.00827479 0.93733
0.000555 1342.59 0.173619 435844 0.0153826 1.11099
0.001345 1596.72 0.152711 435844 0.00812157 0.935171
0.003525 2115.33 0.097148 435843 -0.0482842 0.705865
0.000565 1344.92 0.17343 435844 0.0153481 1.10907
0.001355 1600.42 0.152401 435844 0.00796681 0.933021
0.000575 1347.29 0.173238 435844 0.0153123 1.10714
0.001365 1604.13 0.152091 435844 0.00781051 0.930879
0.000585 1349.69 0.173044 435844 0.0152754 1.10518
0.001375 1607.84 0.15178 435844 0.00765268 0.928746
0.000595 1352.12 0.172847 435844 0.0152371 1.1032
0.003535 2115.69 0.0969801 435843 -0.0485578 0.705731
0.001385 1611.55 0.151468 435844 0.00749332 0.926621
0.000605 1354.58 0.172647 435844 0.0151976 1.10121
0.003545 2116.03 0.0968128 435843 -0.0488307 0.705602
0.001395 1615.26 0.151157 435844 0.00733244 0.924505
0.000615 1357.08 0.172444 435844 0.0151568 1.0992
0.003555 2116.37 0.0966462 435843 -0.0491029 0.705476
0.001405 1618.97 0.150845 435844 0.00717004 0.922399
0.000625 1359.61 0.172239 435844 0.0151148 1.09716
0.003565 2116.69 0.0964801 435843 -0.0493744 0.705353
0.001415 1622.69 0.150532 435844 0.00700613 0.920301
0.000635 1362.16 0.172032 435844 0.0150714 1.09512
0.000965 1461.12 0.163954 435844 0.012817 1.02138
0.003575 2117.01 0.0963147 435843 -0.0496453 0.705234
0.003845 2122.13 0.0920544 435843 -0.0566503 0.703096
0.003585 2117.31 0.0961499 435843 -0.0499154 0.705118
0.002245 1910.88 0.125394 435843 -0.0113899 0.782187
0.003855 2122.21 0.0919033 435843 -0.056901 0.703052
0.003595 2117.6 0.0959856 435843 -0.0501849 0.705006
0.003205 2096.69 0.102889 435843 -0.0392174 0.712538
0.003865 2122.29 0.0917526 435843 -0.0571509 0.70301
0.002565 1997.62 0.116945 435843 -0.020467 0.748262
0.003605 2117.88 0.095822 435843 -0.0504538 0.704897
0.003875 2122.35 0.0916024 435843 -0.0574001 0.702971
0.001925 1807.43 0.134695 435843 -0.0032459 0.826767
0.003215 2097.49 0.102698 435843 -0.0395072 0.712255
0.007045 1483.46 0.113655 435847 -0.104315 1.00064
0.003885 2122.41 0.0914525 435843 -0.0576485 0.702934
0.003615 2118.16 0.0956589 435843 -0.0507219 0.704791
0.002575 1999.96 0.116696 435843 -0.020755 0.747385
0.002255 1913.89 0.125116 435843 -0.0116621 0.780965
0.003225 2098.28 0.102508 435843 -0.0397966 0.711977
0.006725 2110.16 0.0655615 435843 -0.12361 0.703106
0.001935 1810.86 0.134393 435843 -0.00348185 0.82521
0.003895 2122.46 0.091303 435843 -0.0578961 0.7029
0.007055 1455.36 0.116207 435847 -0.10206 1.02003
0.003625 2118.42 0.0954964 435843 -0.0509894 0.704688
0.002585 2002.21 0.116448 435843 -0.0210469 0.746546
0.003235 2099.06 0.102318 435843 -0.0400856 0.711703
0.002265 1916.87 0.124839 435843 -0.0119352 0.779752
0.003905 2122.51 0.091154 435843 -0.058143 0.702867
0.001945 1814.27 0.134093 435843 -0.00371907 0.823664
0.007065 1427.35 0.118758 435847 -0.0997825 1.04013
0.002595 2004.43 0.116201 435843 -0.0213355 0.745715
0.003635 2118.67 0.0953345 435843 -0.0512564 0.704589
0.007365 737.236 0.188213 435849 -0.0331605 2.02359
0.003245 2099.82 0.102129 435843 -0.0403742 0.711434
0.003915 2122.54 0.0910052 435843 -0.058389 0.702837
0.001955 1817.68 0.133792 435843 -0.00395754 0.822128
0.002275 1919.84 0.124563 435843 -0.012209 0.778549
0.007075 1399.44 0.121309 435847 -0.0974813 1.06096
0.002605 2006.65 0.115956 435843 -0.0216229 0.744891
0.003645 2118.91 0.0951732 435843 -0.0515232 0.704493
0.006735 2100.41 0.0658572 435843 -0.123412 0.706364
0.003255 2100.57 0.101941 435843 -0.0406625 0.711169
0.003925 2122.58 0.0908569 435843 -0.0586341 0.702808
0.001965 1821.07 0.133493 435843 -0.00419727 0.820604
0.002285 1922.79 0.124287 435843 -0.0124837 0.777356
0.007085 1371.62 0.123857 435847 -0.0951567 1.08257
0.002615 2008.84 0.115711 435843 -0.0219092 0.744075
0.003265 2101.3 0.101754 435843 -0.0409505 0.710909
0.003935 2122.6 0.0907089 435843 -0.0588784 0.702782
0.001975 1824.45 0.133194 435843 -0.00443824 0.81909
0.003655 2119.15 0.0950124 435843 -0.0517899 0.7044
0.006745 2090.71 0.0661631 435843 -0.123164 0.70964
0.002295 1925.73 0.124013 435843 -0.0127591 0.776173
0.007095 1343.91 0.126401 435848 -0.0928096 1.105
0.002625 2011.02 0.115466 435843 -0.0221946 0.743266
0.007375 721.633 0.190005 435849 -0.0315077 2.06782
0.003945 2122.62 0.0905613 435843 -0.0591217 0.702757
0.003275 2102.02 0.101568 435843 -0.0412382 0.710654
0.001985 1827.83 0.132896 435843 -0.00468046 0.817586
0.003665 2119.37 0.0948522 435843 -0.0520553 0.70431
0.007105 1316.31 0.12894 435848 -0.0904412 1.12827
0.006755 2081.04 0.0664789 435843 -0.122869 0.712934
0.002305 1928.66 0.123739 435843 -0.0130353 0.774999
0.002635 2013.19 0.115223 435843 -0.0224791 0.742464
0.003955 2122.63 0.0904141 435843 -0.059364 0.702735
0.003285 2102.73 0.101382 435843 -0.0415255 0.710403
0.001995 1831.19 0.132598 435843 -0.00492391 0.816094
0.007385 706.398 0.191747 435850 -0.0292079 2.1129
0.007115 1288.84 0.131472 435848 -0.0880532 1.15244
0.003675 2119.58 0.0946925 435843 -0.0523136 0.704224
0.006765 2071.42 0.0668045 435843 -0.122528 0.716241
0.002315 1931.56 0.123467 435843 -0.0133122 0.773836
0.002645 2015.34 0.114981 435843 -0.0227628 0.741669
0.003965 2122.64 0.0902673 435843 -0.0596057 0.702714
0.003295 2103.43 0.101198 435843 -0.0418126 0.710157
0.002005 1834.53 0.132301 435843 -0.00516859 0.814612
0.007125 1261.49 0.133997 435848 -0.0856475 1.17755
0.007395 693.016 0.193437 435847 -0.0281949 2.15418
0.003685 2119.8 0.0945333 435843 -0.0525701 0.704137
0.006775 2061.86 0.0671396 435843 -0.122144 0.719559
0.002325 1934.45 0.123195 435843 -0.0135898 0.772682
0.002655 2017.48 0.11474 435843 -0.0230458 0.740881
0.003975 2122.64 0.090121 435843 -0.0598464 0.702695
0.003305 2104.11 0.101014 435843 -0.0420993 0.709915
0.002015 1837.87 0.132005 435843 -0.0054145 0.81314
0.007135 1234.28 0.136512 435849 -0.0832261 1.20365
0.007405 680.019 0.195072 435847 -0.0266464 2.19586
0.003695 2120 0.0943747 435843 -0.0528193 0.704052
0.006785 2052.37 0.0674839 435843 -0.121719 0.722885
0.002665 2019.6 0.1145 435843 -0.0233283 0.7401
0.002335 1937.33 0.122924 435843 -0.0138682 0.771537
0.003315 2104.78 0.10083 435843 -0.0423858 0.709678
0.002025 1841.19 0.131709 435843 -0.00566164 0.811679
0.003985 2122.64 0.0899748 435843 -0.060086 0.702678
0.007145 1207.22 0.139016 435849 -0.0807912 1.23078
0.001675 1718.71 0.142385 435844 0.00222933 0.869196
0.003705 2120.2 0.0942166 435843 -0.0530705 0.70397
0.007415 667.403 0.196652 435847 -0.025158 2.23787
0.006795 2042.95 0.0678373 435843 -0.121254 0.726217
0.002675 2021.71 0.11426 435843 -0.0236106 0.739326
0.003325 2105.43 0.100648 435843 -0.0426719 0.709446
0.002035 1844.5 0.131414 435843 -0.00590999 0.810229
0.003995 2122.63 0.0898288 435843 -0.0603239 0.702662
0.002345 1940.19 0.122654 435843 -0.0141473 0.770403
0.007155 1180.31 0.141508 435849 -0.0783448 1.259
0.003715 2120.39 0.094059 435843 -0.0533262 0.70389
0.007425 655.169 0.198175 435847 -0.0237031 2.28018
0.006805 2033.6 0.0681995 435843 -0.120752 0.729552
0.002685 2023.8 0.114022 435843 -0.0238931 0.738559
0.003335 2106.08 0.100466 435843 -0.0429578 0.709217
0.002045 1847.8 0.13112 435843 -0.00615955 0.80879
0.004005 2122.62 0.0896831 435843 -0.0605598 0.702649
0.007165 1153.55 0.143986 435849 -0.0758863 1.28838
0.002355 1943.03 0.122385 435843 -0.0144272 0.769278
0.006095 2183.58 0.064954 435843 -0.109519 0.67974
0.003725 2120.58 0.0939019 435843 -0.0535847 0.703813
0.007435 643.313 0.199643 435847 -0.0222911 2.32272
0.006815 2024.35 0.0685703 435843 -0.120215 0.732887
0.002695 2025.88 0.113784 435843 -0.024176 0.737798
0.003345 2106.71 0.100285 435843 -0.0432433 0.708993
0.001685 1722.35 0.142073 435844 0.00202641 0.867369
0.002055 1851.08 0.130827 435843 -0.00641031 0.807361
0.004015 2122.6 0.089538 435844 -0.060795 0.702636
0.007175 1126.96 0.146449 435850 -0.0734179 1.31896
0.002365 1945.86 0.122117 435843 -0.0147078 0.768162
0.003735 2120.75 0.0937454 435843 -0.0538438 0.703739
0.007445 631.836 0.201053 435847 -0.0208531 2.36544
0.006825 2015.18 0.0689495 435843 -0.119645 0.736219
0.002705 2027.94 0.113548 435843 -0.0244598 0.737044
0.003355 2107.32 0.100105 435843 -0.0435285 0.708774
0.002065 1854.36 0.130534 435843 -0.00666228 0.805942
0.004025 2122.68 0.0893929 435843 -0.0610357 0.702593
0.001695 1725.99 0.141761 435843 0.00182213 0.865554
0.007185 1100.55 0.148896 435850 -0.0707082 1.35082
0.002375 1948.67 0.121849 435843 -0.0149893 0.767056
0.003745 2120.92 0.0935893 435843 -0.0541027 0.703667
0.007455 620.743 0.202405 435848 -0.0192873 2.40825
0.002715 2029.99 0.113312 435843 -0.0247417 0.736297
0.003365 2107.92 0.0999253 435843 -0.0438134 0.708559
0.006835 2006.12 0.0693369 435843 -0.119044 0.739546
0.002075 1857.62 0.130242 435843 -0.00691543 0.804534
0.004035 2122.75 0.089248 435843 -0.0612716 0.702551
0.006105 2183.35 0.0648506 435843 -0.10975 0.679796
0.007195 1074.35 0.151323 435855 -0.0676401 1.38398
0.001705 1729.62 0.14145 435843 0.00161646 0.863749
0.000675 1372.69 0.171177 435844 0.0148846 1.08676
0.002385 1951.46 0.121583 435843 -0.0152715 0.765959
0.002725 2031.9 0.113078 435843 -0.0250284 0.7356
0.003755 2121.08 0.0934337 435843 -0.0543608 0.703598
0.007465 611.207 0.203699 435846 -0.0183723 2.44633
0.003375 2108.52 0.0997465 435843 -0.044098 0.708348
0.005775 2184.2 0.0677496 435843 -0.100822 0.680054
0.006845 1997.16 0.0697324 435843 -0.118412 0.742864
0.004045 2122.81 0.0891035 435843 -0.0615074 0.702511
0.002085 1860.86 0.12995 435843 -0.00716977 0.803137
0.007205 1051.34 0.153756 435849 -0.0661992 1.41448
0.006115 2183.12 0.0647462 435843 -0.109979 0.679854
0.001715 1733.24 0.141138 435843 0.00140944 0.861955
0.000685 1375.4 0.170957 435844 0.0148345 1.08464
0.002395 1954.24 0.121317 435843 -0.0155546 0.764872
0.002735 2033.8 0.112844 435843 -0.025313 0.73491
0.003765 2121.23 0.0932786 435843 -0.0546183 0.703532
0.007475 602.061 0.204933 435845 -0.0171806 2.48402
0.003385 2109.09 0.0995684 435843 -0.0443821 0.708141
0.005785 2184.49 0.0676703 435843 -0.101111 0.679948
0.004055 2122.87 0.0889592 435843 -0.0617422 0.702472
0.006855 1988.31 0.0701357 435843 -0.117787 0.746171
0.002095 1864.09 0.12966 435843 -0.00742529 0.80175
0.007215 1028.59 0.156164 435849 -0.0639165 1.44599
0.000695 1378.13 0.170735 435844 0.014783 1.0825
0.006125 2182.89 0.0646408 435843 -0.110206 0.679913
0.001725 1736.85 0.140827 435843 0.00120104 0.860171
0.002745 2035.69 0.112611 435843 -0.0255983 0.734226
0.003395 2109.66 0.099391 435843 -0.0446628 0.707939
0.002405 1957 0.121053 435843 -0.0158386 0.763794
0.007485 593.297 0.206108 435845 -0.0160391 2.52123
0.003775 2121.37 0.093124 435843 -0.0548749 0.703469
0.005795 2184.77 0.0675909 435843 -0.1014 0.679846
0.004065 2122.93 0.0888151 435843 -0.061976 0.702435
0.002105 1867.31 0.12937 435843 -0.00768197 0.800374
0.006865 1979.57 0.0705466 435844 -0.116478 0.749465
0.007225 1006.1 0.158545 435849 -0.061665 1.47856
0.000705 1380.9 0.17051 435844 0.0147301 1.08035
0.006135 2182.65 0.0645345 435843 -0.110433 0.679974
0.002755 2037.56 0.11238 435843 -0.0258856 0.733548
0.001735 1740.46 0.140517 435843 0.000991295 0.858399
0.003405 2110.17 0.0992144 435843 -0.0449481 0.707756
0.002415 1959.74 0.120789 435843 -0.0161235 0.762725
0.005805 2185.03 0.0675116 435843 -0.10169 0.679749
0.007495 584.911 0.207222 435845 -0.0149331 2.55789
0.003785 2121.5 0.0929699 435843 -0.0551308 0.703408
0.004075 2122.98 0.0886714 435843 -0.0622088 0.702399
0.002115 1870.52 0.129081 435843 -0.00793981 0.799008
0.007235 983.875 0.160898 435850 -0.0594027 1.51223
0.000715 1383.68 0.170283 435844 0.0146758 1.07818
0.006875 1970.69 0.0709867 435787 -0.128932 0.752748
0.006145 2182.41 0.0644274 435843 -0.11066 0.680036
0.002765 2039.41 0.112149 435843 -0.0261757 0.732877
0.003415 2110.66 0.0990384 435843 -0.0452301 0.707576
0.001745 1744.06 0.140206 435843 0.000780192 0.856637
0.005815 2185.28 0.0674322 435843 -0.10198 0.679655
0.002425 1962.47 0.120526 435843 -0.0164094 0.761666
0.007505 576.901 0.208276 435845 -0.0138669 2.5939
0.004085 2123.03 0.0885279 435843 -0.0624407 0.702365
0.002125 1873.71 0.128792 435843 -0.0081988 0.797652
0.003795 2121.62 0.0928162 435843 -0.0553859 0.70335
0.007245 961.909 0.16322 435850 -0.0571871 1.54705
0.000725 1386.5 0.170054 435844 0.0146199 1.07601
0.006885 1941.79 0.0734306 435846 -0.14024 0.764055
0.002775 2041.25 0.111919 435843 -0.0264688 0.732213
0.003425 2111.15 0.0988632 435843 -0.0455111 0.707401
0.006155 2182.17 0.0643195 435843 -0.110887 0.680099
0.001755 1747.66 0.139896 435843 0.00056774 0.854885
0.005825 2185.52 0.0673526 435843 -0.102271 0.679566
0.004095 2123.07 0.0883846 435843 -0.0626716 0.702332
0.002435 1965.18 0.120264 435843 -0.0166961 0.760616
0.007515 569.261 0.209271 435845 -0.0128067 2.6292
0.002135 1876.89 0.128505 435843 -0.00845892 0.796307
0.007255 940.211 0.165512 435850 -0.0549959 1.58305
0.003805 2121.74 0.0926629 435843 -0.0556403 0.703294
0.000735 1389.34 0.169822 435844 0.0145625 1.07382
0.002785 2043.07 0.11169 435843 -0.0267646 0.731554
0.003435 2111.62 0.0986886 435843 -0.0457915 0.70723
0.006895 1912.68 0.0759003 435845 -0.137154 0.775685
0.005835 2185.74 0.0672729 435843 -0.102562 0.67948
0.006165 2181.92 0.064211 435843 -0.111114 0.680164
0.001765 1751.24 0.139587 435843 0.000353944 0.853145
0.004105 2123.11 0.0882416 435843 -0.0629017 0.7023
0.002145 1880.05 0.128218 435843 -0.00872016 0.794972
0.002445 1967.88 0.120003 435843 -0.0169817 0.759575
0.007525 561.993 0.210205 435846 -0.0117038 2.66369
0.007265 918.785 0.167772 435850 -0.052821 1.62027
0.000745 1392.21 0.169589 435844 0.0145034 1.07162
0.002795 2044.88 0.111462 435843 -0.0270622 0.730903
0.003815 2121.85 0.0925101 435843 -0.0558939 0.703241
0.003445 2112.08 0.0985148 435843 -0.0460711 0.707063
0.006905 1883.64 0.0783756 435845 -0.134934 0.78765
0.005845 2185.95 0.0671929 435843 -0.102854 0.679399
0.006175 2181.66 0.0641021 435842 -0.111335 0.68023
0.004115 2123.14 0.0880988 435843 -0.063131 0.702269
0.002155 1883.2 0.127932 435843 -0.0089825 0.793647
0.001775 1754.82 0.139278 435843 0.000138809 0.851415
0.007275 897.635 0.169998 435850 -0.0506601 1.65877
0.000755 1395.11 0.169353 435844 0.0144426 1.06941
0.002455 1970.54 0.119743 435843 -0.0172706 0.75855
0.002805 2046.67 0.111235 435843 -0.0273577 0.730258
0.007535 555.987 0.211079 435844 -0.0109286 2.69291
0.003455 2112.52 0.0983416 435843 -0.0463502 0.7069
0.003825 2121.95 0.0923578 435843 -0.0561468 0.70319
0.006915 1854.67 0.0808567 435845 -0.132696 0.799964
0.005855 2186.15 0.0671126 435843 -0.103145 0.679322
0.004125 2123.17 0.0879562 435843 -0.0633594 0.70224
0.006185 2180.99 0.0639928 435843 -0.111549 0.680429
0.002165 1886.34 0.127647 435843 -0.00924593 0.792333
0.007285 876.767 0.172188 435850 -0.0483244 1.6986
0.000765 1398.03 0.169115 435844 0.01438 1.06719
0.001785 1758.39 0.138969 435843 -7.76606e-05 0.849697
0.002815 2048.37 0.111009 435843 -0.0276576 0.729649
0.003465 2112.96 0.0981691 435843 -0.0466285 0.706741
0.002465 1973.14 0.119484 435843 -0.0175626 0.75755
0.007545 550.349 0.211893 435844 -0.010029 2.72094
0.005865 2186.33 0.0670319 435843 -0.103438 0.679249
0.004135 2123.2 0.0878138 435843 -0.0635871 0.702212
0.006925 1825.76 0.0833439 435845 -0.130481 0.812643
0.003835 2122.05 0.0922059 435843 -0.0563989 0.703142
0.002175 1889.46 0.127362 435843 -0.00951043 0.791029
0.007295 856.21 0.174342 435853 -0.045574 1.73975
0.006195 2180.32 0.0638832 435843 -0.11175 0.680629
0.000775 1400.97 0.168875 435844 0.0143155 1.06496
0.003475 2113.38 0.0979973 435843 -0.0469062 0.706585
0.002825 2050.05 0.110783 435843 -0.0279545 0.729047
0.001795 1761.95 0.138661 435843 -0.000295461 0.847989
0.002475 1975.73 0.119226 435843 -0.0178527 0.756559
0.005875 2186.5 0.0669508 435843 -0.103731 0.679181
0.002925 2065.51 0.108582 435843 -0.0309438 0.723532
0.005885 2186.65 0.0668695 435843 -0.104019 0.679116
0.004385 2123.34 0.0843068 435843 -0.0691202 0.701684
0.005895 2186.61 0.0667874 435843 -0.104306 0.679114
0.006435 2170.36 0.061865 435843 -0.114963 0.683639
0.005905 2186.55 0.0667047 435843 -0.104587 0.679115
0.005715 2182.19 0.0682292 435843 -0.0991031 0.68077
0.006445 2170.86 0.0618442 435843 -0.115111 0.683483
0.005915 2186.49 0.0666214 435843 -0.104867 0.67912
0.002935 2066.9 0.108366 435843 -0.0312428 0.723037
0.001425 1626.4 0.15022 435844 0.0068407 0.918212
0.006455 2171.36 0.0618318 435843 -0.115268 0.683325
0.004395 2123.49 0.0841678 435843 -0.0693287 0.701615
0.005925 2186.4 0.0665373 435843 -0.105146 0.679129
0.002945 2068.28 0.108152 435843 -0.0315417 0.722549
0.001435 1630.12 0.149907 435844 0.00667378 0.916133
0.006465 2171.87 0.0618284 435843 -0.115437 0.683164
0.000975 1464.47 0.163678 435844 0.0127258 1.01906
0.005935 2186.31 0.0664524 435843 -0.105423 0.679141
0.001445 1633.83 0.149594 435844 0.00650535 0.914063
0.006475 2172.39 0.0618341 435843 -0.11562 0.683002
0.002955 2069.64 0.107939 435843 -0.0318405 0.722067
0.004405 2123.63 0.084029 435843 -0.0695349 0.701547
0.005725 2182.55 0.0681486 435843 -0.099388 0.680641
0.005945 2186.21 0.0663666 435843 -0.105699 0.679156
0.000985 1467.84 0.163401 435844 0.0126327 1.01673
0.001455 1637.55 0.149281 435844 0.00633543 0.912002
0.006485 2172.91 0.0618495 435843 -0.115818 0.682838
0.002965 2070.99 0.107726 435843 -0.0321393 0.721591
0.004415 2123.78 0.0838902 435843 -0.0697394 0.701478
0.005955 2186.1 0.06628 435843 -0.105973 0.679175
0.005735 2182.91 0.0680684 435843 -0.0996736 0.680516
0.001465 1641.26 0.148968 435844 0.00616402 0.909951
0.000995 1471.23 0.163122 435844 0.0125375 1.01441
0.006495 2173.44 0.0618748 435843 -0.116034 0.682674
0.002975 2072.32 0.107515 435843 -0.0324381 0.721121
0.004425 2123.93 0.0837514 435843 -0.0699427 0.701409
0.005965 2185.97 0.0661925 435843 -0.106244 0.679198
0.005745 2183.25 0.0679884 435843 -0.0999599 0.680394
0.001475 1644.98 0.148654 435844 0.00599112 0.90791
0.001005 1474.63 0.162842 435844 0.0124403 1.01208
0.006505 2173.96 0.0619103 435843 -0.11627 0.682511
0.002985 2073.63 0.107304 435843 -0.0327368 0.720657
0.005975 2185.84 0.066104 435843 -0.106514 0.679223
0.004435 2124.08 0.0836127 435843 -0.0701454 0.701341
0.005755 2183.58 0.0679086 435843 -0.100247 0.680277
0.001485 1648.69 0.148341 435844 0.00581675 0.905878
0.001015 1478.05 0.162561 435844 0.0123411 1.00975
0.006515 2174.47 0.0619564 435843 -0.116529 0.682349
0.005985 2185.69 0.0660144 435843 -0.106781 0.679252
0.002995 2074.93 0.107094 435843 -0.0330356 0.720199
0.001495 1652.4 0.148027 435844 0.0056409 0.903856
0.007555 545.075 0.212647 435844 -0.0091618 2.74768
0.001505 1656.11 0.147713 435844 0.00546358 0.901844
0.004145 2123.23 0.0876717 435843 -0.063814 0.702184
0.007565 540.16 0.213342 435844 -0.00831977 2.77308
0.001515 1659.82 0.1474 435844 0.0052848 0.899842
0.004155 2123.25 0.0875297 435843 -0.0640402 0.702158
0.007575 535.6 0.213977 435844 -0.00749125 2.79705
0.006935 1796.91 0.0858374 435845 -0.128284 0.825704
0.001525 1663.53 0.147086 435844 0.00510457 0.897849
0.002185 1892.56 0.127078 435843 -0.00977598 0.789736
0.007305 838.183 0.176457 435849 -0.0443577 1.77752
0.001535 1667.23 0.146772 435844 0.00492287 0.895867
0.000785 1403.94 0.168633 435844 0.0142492 1.06272
0.002195 1895.65 0.126796 435843 -0.0100426 0.788452
0.001805 1765.51 0.138353 435843 -0.000514588 0.846291
0.001545 1670.93 0.146458 435844 0.00473973 0.893895
0.007315 820.5 0.17853 435849 -0.0424134 1.81622
0.000795 1406.94 0.168388 435844 0.0141809 1.06047
0.006205 2179.65 0.0637735 435843 -0.111946 0.680828
0.002205 1898.73 0.126514 435843 -0.0103101 0.787179
0.001555 1674.63 0.146144 435844 0.00455515 0.891933
0.007325 803.157 0.180559 435849 -0.0405178 1.85584
0.001815 1769.05 0.138045 435843 -0.000735036 0.844605
0.000805 1409.96 0.168142 435844 0.0141107 1.05821
0.002215 1901.79 0.126232 435843 -0.0105787 0.785916
0.003485 2113.8 0.0978261 435843 -0.0471831 0.706434
0.006215 2178.98 0.063664 435843 -0.112137 0.681028
0.001565 1678.33 0.14583 435844 0.00436913 0.889981
0.007335 786.156 0.182543 435849 -0.0386448 1.89639
0.001825 1772.59 0.137738 435843 -0.0009568 0.842929
0.000815 1413 0.167894 435844 0.0140387 1.05595
0.002225 1904.84 0.125952 435843 -0.0108482 0.784663
0.006225 2178.31 0.0635549 435843 -0.112322 0.681227
0.003495 2114.2 0.0976556 435843 -0.0474594 0.706286
0.001575 1682.02 0.145516 435844 0.00418168 0.888039
0.007345 769.5 0.18448 435849 -0.036805 1.93787
0.002835 2051.71 0.110559 435843 -0.0282512 0.728451
0.001835 1776.11 0.137431 435843 -0.00117988 0.841264
0.002235 1907.87 0.125672 435843 -0.0111186 0.78342
0.000825 1416.06 0.167644 435844 0.013965 1.05368
0.006235 2177.65 0.0634463 435843 -0.112501 0.681426
0.003505 2114.59 0.0974858 435843 -0.047735 0.706142
0.002485 1978.29 0.118969 435843 -0.0181408 0.755577
0.001585 1685.71 0.145203 435844 0.00399279 0.886108
0.004445 2124.23 0.0834741 435843 -0.0703481 0.701272
0.001595 1689.39 0.144889 435844 0.00380248 0.884187
0.006525 2174.98 0.0620133 435843 -0.116811 0.682191
0.001025 1481.48 0.162279 435844 0.0122399 1.00743
0.006535 2175.47 0.0620812 435843 -0.117121 0.682036
0.001035 1484.93 0.161995 435844 0.0121367 1.00511
0.006545 2175.95 0.0621603 435843 -0.117459 0.681886
0.001045 1488.39 0.16171 435844 0.0120316 1.00278
0.005995 2185.54 0.0659238 435843 -0.107046 0.679284
0.006555 2176.4 0.0622508 435843 -0.117827 0.681743
0.001055 1491.86 0.161423 435844 0.0119247 1.00046
0.003005 2076.21 0.106886 435843 -0.0333314 0.719747
0.006005 2185.37 0.0658321 435843 -0.107307 0.679318
0.006565 2176.83 0.0623529 435843 -0.118228 0.681609
0.001065 1495.35 0.161136 435844 0.0118161 0.998147
0.007585 531.396 0.214552 435845 -0.00665486 2.81953
0.006575 2177.23 0.0624667 435843 -0.118662 0.681484
0.006015 2185.2 0.0657392 435843 -0.107566 0.679356
0.003015 2077.39 0.106678 435843 -0.0336315 0.71933
0.001075 1498.85 0.160847 435844 0.0117058 0.995831
0.007595 528.308 0.215069 435844 -0.00596259 2.83632
0.006585 2177.59 0.0625922 435843 -0.119132 0.68137
0.006025 2185.02 0.0656452 435843 -0.107822 0.679396
0.003025 2078.56 0.10647 435843 -0.0339286 0.718918
0.001085 1502.36 0.160557 435844 0.0115938 0.993519
0.006945 1768.13 0.0883373 435846 -0.126103 0.839167
0.006595 2177.9 0.0627295 435843 -0.119639 0.68127
0.007605 525.57 0.215528 435844 -0.00522305 2.85138
0.006035 2184.83 0.06555 435843 -0.108075 0.679439
0.003035 2079.71 0.106264 435843 -0.034225 0.718511
0.001095 1505.88 0.160266 435844 0.0114801 0.991209
0.006955 1739.4 0.0908438 435846 -0.123934 0.853051
0.006605 2178.17 0.0628786 435843 -0.120183 0.681185
0.007615 523.181 0.215927 435844 -0.00449761 2.86465
0.006045 2184.64 0.0654537 435843 -0.108324 0.679484
0.003045 2080.85 0.106059 435843 -0.0345211 0.71811
0.001105 1509.42 0.159974 435844 0.0113649 0.988903
0.006615 2178.38 0.0630394 435843 -0.120766 0.681116
0.006965 1710.72 0.0933569 435846 -0.121773 0.867375
0.007625 521.137 0.216269 435843 -0.00378418 2.8761
0.006055 2184.44 0.0653561 435843 -0.108569 0.679531
0.007355 753.193 0.186371 435849 -0.0350026 1.98027
0.003055 2081.97 0.105854 435843 -0.0348168 0.717715
0.001115 1512.96 0.159681 435844 0.011248 0.9866
0.006625 2178.54 0.0632118 435843 -0.121387 0.681067
0.007635 519.436 0.216554 435843 -0.00308205 2.8857
0.006975 1682.1 0.0958763 435846 -0.119617 0.882162
0.006065 2184.23 0.0652573 435843 -0.108812 0.67958
0.003065 2083.08 0.105651 435843 -0.0351122 0.717325
0.001125 1516.52 0.159386 435844 0.0111296 0.984302
0.001845 1779.63 0.137125 435843 -0.00140426 0.83961
0.006245 2176.99 0.0633385 435843 -0.112674 0.681624
0.002845 2053.36 0.110336 435843 -0.0285484 0.727862
0.001855 1783.14 0.13682 435843 -0.00162995 0.837967
0.000835 1419.15 0.167392 435844 0.0138897 1.0514
0.006255 2176.34 0.0632318 435843 -0.11284 0.681821
0.003515 2114.97 0.0973166 435843 -0.04801 0.706001
0.001865 1786.64 0.136514 435843 -0.00185694 0.836335
0.002855 2054.99 0.110113 435843 -0.0288466 0.727279
0.002495 1980.77 0.118713 435843 -0.0184337 0.754633
0.006265 2175.69 0.0631264 435843 -0.112999 0.682016
0.000845 1422.26 0.167138 435844 0.013813 1.04912
0.001875 1790.13 0.13621 435843 -0.00208522 0.834713
0.002865 2056.6 0.109892 435843 -0.0291457 0.726703
0.004455 2124.38 0.0833355 435843 -0.0705511 0.701203
0.006635 2178.62 0.0633954 435843 -0.122049 0.681038
0.007645 518.078 0.216781 435843 -0.00238961 2.89341
0.004465 2124.53 0.083197 435843 -0.0707546 0.701133
0.006645 2178.63 0.0635902 435843 -0.122749 0.681031
0.006075 2184.02 0.0651574 435843 -0.10905 0.679632
0.004475 2124.69 0.0830585 435843 -0.0709587 0.701064
0.007655 517.06 0.216951 435843 -0.00170526 2.89922
0.006655 2178.42 0.0637962 435813 -0.123351 0.68105
0.003075 2084.17 0.105448 435843 -0.0354073 0.716941
0.006985 1653.54 0.0984018 435846 -0.117461 0.897434
0.001135 1520.09 0.159091 435844 0.0110096 0.982007
0.003085 2085.25 0.105246 435843 -0.035702 0.716562
0.006275 2175.05 0.0630225 435843 -0.11315 0.682209
0.006995 1625.04 0.100933 435846 -0.115301 0.913214
0.002505 1983.23 0.118457 435843 -0.0187242 0.753698
0.003095 2086.31 0.105045 435843 -0.0359965 0.716188
0.001145 1523.66 0.158795 435844 0.0108879 0.979717
0.000855 1425.39 0.166882 435844 0.0137351 1.04683
0.006285 2174.43 0.0629206 435843 -0.113294 0.682399
0.007005 1596.59 0.10347 435846 -0.113133 0.929528
0.002515 1985.67 0.118203 435843 -0.0190146 0.752771
0.003105 2087.36 0.104845 435843 -0.0362908 0.71582
0.001155 1527.25 0.158498 435844 0.0107647 0.977431
0.000865 1428.54 0.166624 435844 0.0136562 1.04453
0.001885 1793.61 0.135906 435843 -0.0023148 0.833102
0.006295 2173.81 0.062821 435843 -0.11343 0.682587
0.007015 1568.21 0.106011 435846 -0.110954 0.9464
0.002525 1988.09 0.11795 435843 -0.0193049 0.751853
0.002875 2058.2 0.109671 435843 -0.0294458 0.726133
0.003115 2088.39 0.104645 435843 -0.0365849 0.715457
0.001165 1530.84 0.1582 435844 0.0106399 0.975151
0.000875 1431.71 0.166365 435844 0.0135763 1.04223
0.006305 2173.21 0.0627238 435843 -0.113558 0.682772
0.001895 1797.08 0.135602 435843 -0.00254566 0.831502
0.007025 1539.89 0.108556 435846 -0.108759 0.963858
0.006665 2168.83 0.0640144 435843 -0.123697 0.684104
0.007665 516.382 0.217064 435843 -0.00103542 2.9031
0.007035 1511.64 0.111105 435847 -0.106547 0.98193
0.002535 1990.5 0.117697 435843 -0.0195954 0.750943
0.006675 2159.07 0.0642443 435843 -0.123809 0.687194
0.003125 2089.41 0.104447 435843 -0.0368788 0.715099
0.001175 1534.45 0.157901 435844 0.0105134 0.972875
0.006685 2149.29 0.0644856 435843 -0.12388 0.690318
0.000885 1434.9 0.166103 435844 0.0134957 1.03993
0.003135 2090.41 0.104249 435843 -0.0371726 0.714747
0.006315 2172.62 0.0626296 435843 -0.113678 0.682953
0.001185 1538.06 0.157602 435844 0.0103854 0.970605
0.006695 2139.5 0.0647381 435843 -0.123894 0.693474
0.001905 1800.54 0.135299 435843 -0.0027778 0.829913
0.000895 1438.11 0.16584 435844 0.0134143 1.03762
0.003145 2091.4 0.104052 435843 -0.0374663 0.714399
0.007675 516.043 0.217121 435844 -0.000340753 2.90504
0.001195 1541.68 0.157301 435844 0.0102558 0.96834
0.006705 2129.71 0.0650018 435843 -0.123853 0.696659
0.006325 2172.04 0.0625386 435843 -0.113791 0.68313
0.000905 1441.34 0.165576 435844 0.0133322 1.03531
0.001915 1803.99 0.134997 435843 -0.00301121 0.828335
0.002545 1992.89 0.117445 435843 -0.0198859 0.750041
0.003155 2092.38 0.103856 435843 -0.03776 0.714057
0.001205 1545.31 0.157 435844 0.0101246 0.966082
0.006715 2119.92 0.0652763 435843 -0.123758 0.69987
0.003165 2093.33 0.103661 435843 -0.0380504 0.71372
0.001215 1548.94 0.156697 435844 0.00999174 0.963829
0.006335 2171.48 0.0624513 435843 -0.113898 0.683303
0.000915 1444.59 0.165309 435844 0.0132493 1.03299
0.001225 1552.58 0.156395 435844 0.00985733 0.961582
0.002555 1995.26 0.117195 435843 -0.0201765 0.749147
0.006345 2170.94 0.0623679 435843 -0.113998 0.683471
0.003175 2094.19 0.103467 435843 -0.0383451 0.713417
0.000925 1447.86 0.165041 435844 0.0131654 1.03068
0.001235 1556.23 0.156091 435844 0.00972133 0.959342
0.006355 2170.41 0.062289 435843 -0.114093 0.683633
0.000935 1451.15 0.164772 435844 0.0130805 1.02836
0.003185 2095.04 0.103273 435843 -0.0386365 0.71312
0.001245 1559.89 0.155787 435844 0.00958375 0.957108
0.006365 2169.9 0.0622148 435843 -0.114182 0.683791
0.000945 1454.45 0.164501 435844 0.0129942 1.02603
0.003195 2095.87 0.103081 435843 -0.0389272 0.712827
0.001255 1563.55 0.155482 435844 0.00944458 0.954881
0.006375 2169.41 0.0621458 435843 -0.114268 0.683942
0.000955 1457.78 0.164228 435844 0.0129064 1.02371
0.001265 1567.22 0.155176 435844 0.00930384 0.952661
0.006385 2168.95 0.0620825 435843 -0.114343 0.684088
0.006395 2168.52 0.0620254 435846 -0.114433 0.684227
0.001275 1570.89 0.15487 435844 0.00916152 0.950448
