5e-06 1276.97 0.178954 436533 0.0223473 1.16958
1.5e-05 1277.02 0.17895 436533 0.0223486 1.16954
2.5e-05 1277.11 0.178943 436533 0.0223507 1.16946
3.5e-05 1277.24 0.178932 436533 0.0223533 1.16933
4.5e-05 1277.42 0.178918 436533 0.0223564 1.16917
5.5e-05 1277.65 0.178899 436533 0.0223598 1.16896
6.5e-05 1277.92 0.178878 436533 0.0223634 1.16871
7.5e-05 1278.24 0.178852 436533 0.0223672 1.16843
8.5e-05 1278.6 0.178823 436533 0.0223711 1.1681
9.5e-05 1279.01 0.17879 436533 0.0223751 1.16772
0.000105 1279.47 0.178753 436533 0.022379 1.16731
0.000115 1279.96 0.178713 436533 0.0223829 1.16686
0.000125 1280.51 0.178669 436533 0.0223865 1.16636
0.000135 1281.1 0.178622 436533 0.02239 1.16583
0.000145 1281.74 0.178571 436533 0.0223933 1.16525
0.000155 1282.42 0.178516 436533 0.0223962 1.16464
0.000165 1283.14 0.178458 436533 0.0223988 1.16398
0.000175 1283.91 0.178396 436533 0.022401 1.16329
0.000185 1284.73 0.17833 436533 0.0224027 1.16255
0.000195 1285.59 0.178261 436533 0.022404 1.16178
0.000205 1286.5 0.178188 436533 0.0224048 1.16097
0.000215 1287.44 0.178112 436533 0.0224051 1.16012
0.000225 1288.44 0.178032 436533 0.0224048 1.15923
0.000235 1289.47 0.177948 436533 0.0224039 1.1583
0.000245 1290.55 0.177861 436533 0.0224024 1.15734
0.000255 1291.68 0.177771 436533 0.0224002 1.15634
0.000265 1292.84 0.177677 436533 0.0223974 1.1553
0.000275 1294.05 0.17758 436533 0.0223938 1.15422
0.000285 1295.31 0.177479 436533 0.0223896 1.15311
0.000295 1296.6 0.177374 436533 0.0223846 1.15197
0.000305 1297.94 0.177267 436533 0.0223789 1.15079
0.000315 1299.32 0.177156 436533 0.0223724 1.14957
0.002885 2059.59 0.109477 436532 -0.0209252 0.726773
0.001925 1807.74 0.134706 436532 0.00498823 0.827925
0.005125 2148.37 0.0742762 436532 -0.0744321 0.693349
0.001935 1811.16 0.134406 436532 0.00475325 0.82637
0.005135 2148.99 0.0741523 436532 -0.0746362 0.693135
0.001945 1814.57 0.134105 436532 0.00451703 0.824825
0.005145 2149.61 0.074029 436532 -0.0748402 0.692922
0.001955 1817.96 0.133806 436532 0.00427955 0.823292
0.005155 2150.23 0.0739063 436532 -0.0750443 0.692709
0.001965 1821.35 0.133506 436532 0.00404081 0.821769
0.005165 2150.85 0.0737842 436532 -0.075249 0.692497
0.001975 1824.72 0.133208 436532 0.00380082 0.820257
0.005175 2151.46 0.0736627 436532 -0.0754547 0.692286
0.001985 1828.09 0.13291 436532 0.00355959 0.818755
0.005185 2152.07 0.0735419 436532 -0.0756619 0.692076
0.001995 1831.44 0.132613 436532 0.00331712 0.817264
0.005195 2152.68 0.0734218 436532 -0.0758711 0.691867
0.002005 1834.78 0.132316 436532 0.00307344 0.815784
0.002895 2061.06 0.109258 436532 -0.021217 0.726251
0.006725 2107.27 0.0663204 436532 -0.114388 0.705232
0.005205 2153.29 0.0733023 436532 -0.0760827 0.691659
0.002015 1838.1 0.13202 436532 0.00282854 0.814314
0.005215 2153.89 0.0731835 436532 -0.076297 0.691452
0.002025 1841.42 0.131725 436532 0.00258246 0.812855
0.005225 2154.49 0.0730653 436532 -0.0765142 0.691246
0.002035 1844.72 0.131431 436532 0.00233518 0.811407
0.004805 2133.12 0.0784691 436532 -0.0679656 0.698794
0.002905 2062.5 0.10904 436532 -0.0215054 0.725735
0.005235 2155.09 0.0729479 436532 -0.0767345 0.691041
0.002045 1848.01 0.131137 436532 0.00208674 0.809969
0.006735 2098.69 0.0665739 436532 -0.11419 0.708111
0.005245 2155.69 0.0728312 436532 -0.0769577 0.690838
0.002055 1851.29 0.130844 436532 0.00183713 0.808542
0.007365 742.416 0.18757 436537 -0.0335964 2.01242
0.005255 2156.28 0.0727152 436532 -0.0771838 0.690635
0.002065 1854.55 0.130551 436532 0.00158637 0.807125
0.002915 2063.94 0.108823 436532 -0.0217935 0.725225
0.005265 2156.87 0.0726 436532 -0.0774123 0.690434
0.002075 1857.8 0.130259 436532 0.00133448 0.805718
0.006745 2090.16 0.0668331 436532 -0.113943 0.710999
0.005275 2157.45 0.0724855 436532 -0.0776429 0.690234
0.002085 1861.04 0.129968 436532 0.00108146 0.804323
0.005285 2158.03 0.0723718 436532 -0.0778753 0.690036
0.002095 1864.26 0.129678 436532 0.000827344 0.802937
0.007375 726.298 0.189366 436539 -0.0319678 2.05755
0.005295 2158.61 0.0722588 436532 -0.0781091 0.689839
0.002105 1867.47 0.129389 436532 0.000572145 0.801562
0.002925 2065.35 0.108607 436532 -0.0220814 0.724721
0.006755 2081.68 0.0670977 436532 -0.11365 0.713894
0.005305 2159.18 0.0721466 436532 -0.0783438 0.689643
0.002115 1870.67 0.1291 436532 0.000315886 0.800198
0.004815 2133.53 0.0783334 436532 -0.068163 0.698645
0.007385 712.208 0.191114 436536 -0.0308904 2.09872
0.006085 2184.07 0.0649358 436532 -0.0987104 0.680687
0.005315 2159.75 0.0720352 436532 -0.0785785 0.689449
0.002125 1873.86 0.128812 436532 5.85934e-05 0.798843
0.002935 2066.76 0.108391 436532 -0.022369 0.724222
0.007045 1488.23 0.113903 436535 -0.100499 0.999094
0.006765 2073.25 0.0673675 436532 -0.113315 0.716795
0.007395 698.493 0.192808 436536 -0.0292083 2.14041
0.004825 2133.93 0.078198 436532 -0.0683606 0.698496
0.005325 2160.31 0.0719246 436532 -0.0788113 0.689256
0.002135 1877.03 0.128524 436532 -0.000199702 0.797499
0.007055 1460.37 0.116394 436535 -0.0984008 1.01821
0.005335 2161.02 0.0718148 436532 -0.0790559 0.689017
0.002145 1880.18 0.128238 436532 -0.000458967 0.796166
0.007065 1432.58 0.118886 436535 -0.0962656 1.03804
0.002945 2068.15 0.108177 436532 -0.0226564 0.723729
0.005345 2161.72 0.0717058 436532 -0.0792975 0.688781
0.002155 1883.32 0.127952 436532 -0.000719162 0.794842
0.007075 1404.86 0.121379 436536 -0.0941002 1.0586
0.006775 2064.88 0.0676424 436532 -0.112942 0.719696
0.007405 685.226 0.194449 436536 -0.0274252 2.18234
0.005355 2162.42 0.0715975 436532 -0.0795388 0.688546
0.002165 1886.45 0.127667 436532 -0.000980245 0.793529
0.007085 1377.22 0.123871 436536 -0.0919131 1.07993
0.004835 2134.34 0.0780628 436532 -0.0685584 0.698346
0.005365 2163.11 0.0714902 436532 -0.0797801 0.688313
0.002175 1889.57 0.127383 436532 -0.00124217 0.792226
0.007095 1349.66 0.126361 436536 -0.0897146 1.10208
0.002955 2069.52 0.107963 436532 -0.0229436 0.723242
0.005375 2163.8 0.0713836 436532 -0.0800216 0.688083
0.002185 1892.67 0.1271 436532 -0.00150488 0.790933
0.006785 2056.59 0.0679221 436532 -0.112535 0.722598
0.007105 1322.19 0.128848 436536 -0.0875159 1.12508
0.007415 672.41 0.196036 436536 -0.0257488 2.22443
0.005385 2164.48 0.0712779 436532 -0.0802634 0.687854
0.002195 1895.75 0.126817 436532 -0.00176833 0.78965
0.006095 2183.88 0.0648381 436532 -0.0989372 0.680735
0.007115 1294.8 0.131329 436536 -0.0853288 1.14899
0.004845 2134.74 0.0779278 436532 -0.0687564 0.698197
0.002965 2070.88 0.107751 436532 -0.0232306 0.722759
0.001605 1693.65 0.14457 436532 0.0110263 0.883363
0.006795 2048.37 0.0682067 436532 -0.1121 0.725496
0.005395 2165.15 0.0711729 436532 -0.0805058 0.687628
0.002205 1898.82 0.126535 436532 -0.00203245 0.788377
0.007125 1267.49 0.133805 436537 -0.0831632 1.17387
0.000645 1366.26 0.171742 436533 0.0218077 1.09356
0.005405 2165.82 0.0710688 436532 -0.0807488 0.687403
0.002215 1901.88 0.126254 436532 -0.00229718 0.787115
0.007135 1240.27 0.136273 436537 -0.0810248 1.19976
0.007425 660.017 0.197568 436535 -0.0242033 2.26671
0.004855 2135.15 0.077793 436532 -0.0689548 0.698048
0.002975 2072.23 0.107539 436532 -0.0235178 0.722283
0.006105 2183.69 0.0647402 436532 -0.0991568 0.680784
0.005415 2166.48 0.0709656 436532 -0.0809926 0.687181
0.000655 1368.87 0.17153 436533 0.0218494 1.09149
0.002225 1904.92 0.125974 436532 -0.00256246 0.785862
0.007145 1213.12 0.138732 436537 -0.0789125 1.22676
0.006805 2040.24 0.0684963 436532 -0.11164 0.72839
0.005425 2167.13 0.0708631 436532 -0.0812374 0.686962
0.000665 1371.51 0.171316 436532 0.0219019 1.0894
0.002235 1907.95 0.125695 436532 -0.00282824 0.784619
0.007155 1186.03 0.141181 436538 -0.0768126 1.25492
0.005435 2167.78 0.0707615 436532 -0.0814833 0.686744
0.000325 1300.74 0.177041 436533 0.0223651 1.14833
0.002245 1910.96 0.125416 436532 -0.00309444 0.783385
0.000335 1302.2 0.176923 436533 0.022357 1.14704
0.000345 1303.7 0.176802 436533 0.0223481 1.14573
0.000355 1305.24 0.176678 436533 0.0223383 1.14438
0.000965 1462.29 0.163901 436532 0.0201304 1.02217
0.002255 1913.96 0.125139 436532 -0.00336101 0.782162
0.000365 1306.83 0.17655 436533 0.0223277 1.143
0.002565 1997.57 0.116973 436532 -0.0118764 0.749455
0.002575 1999.91 0.116724 436532 -0.0121584 0.748579
0.000375 1308.45 0.176419 436533 0.0223161 1.14159
0.002265 1916.94 0.124862 436532 -0.0036279 0.780947
0.002585 2002.15 0.116476 436532 -0.0124475 0.747738
0.002595 2004.38 0.116229 436532 -0.0127338 0.746904
0.002605 2006.6 0.115983 436532 -0.01302 0.746078
0.000385 1310.12 0.176285 436533 0.0223037 1.14015
0.002615 2008.8 0.115738 436532 -0.0133066 0.74526
0.002275 1919.91 0.124586 436532 -0.00389507 0.779743
0.002625 2010.98 0.115494 436532 -0.0135934 0.744449
0.000975 1465.64 0.163626 436532 0.02004 1.01985
0.002635 2013.15 0.115251 436532 -0.0138804 0.743646
0.002645 2015.3 0.115009 436532 -0.0141675 0.742849
0.000395 1311.82 0.176147 436533 0.0222904 1.13868
0.001285 1575.43 0.154536 436532 0.0164278 0.949215
0.002285 1922.87 0.124311 436532 -0.00416248 0.778548
0.002655 2017.43 0.114768 436532 -0.0144546 0.742061
0.000985 1469 0.16335 436532 0.019948 1.01753
0.002665 2019.55 0.114527 436532 -0.0147415 0.741279
0.000405 1313.56 0.176007 436533 0.0222761 1.13718
0.002675 2021.66 0.114288 436532 -0.015028 0.740505
0.001295 1579.1 0.15423 436532 0.0162856 0.947021
0.002685 2023.75 0.11405 436532 -0.015314 0.739737
0.002295 1925.81 0.124037 436532 -0.00443011 0.777362
0.001305 1582.78 0.153922 436532 0.0161418 0.944835
0.002695 2025.82 0.113812 436532 -0.0155992 0.738977
0.000995 1472.38 0.163072 436532 0.0198543 1.01521
0.001315 1586.46 0.153615 436532 0.0159965 0.942657
0.002705 2027.88 0.113576 436532 -0.0158834 0.738223
0.000415 1315.35 0.175863 436533 0.0222609 1.13564
0.001325 1590.15 0.153307 436532 0.0158497 0.940486
0.002715 2029.92 0.11334 436531 -0.0161631 0.737477
0.002305 1928.73 0.123763 436532 -0.00469795 0.776186
0.001335 1593.83 0.152998 436532 0.0157014 0.938324
0.002725 2031.84 0.113105 436532 -0.016448 0.736776
0.001005 1475.77 0.162793 436532 0.0197589 1.01289
0.002735 2033.75 0.112872 436532 -0.0167276 0.736081
0.001345 1597.53 0.152689 436532 0.0155515 0.93617
0.000425 1317.17 0.175716 436533 0.0222447 1.13408
0.002745 2035.64 0.112639 436532 -0.0170053 0.735393
0.001355 1601.22 0.152379 436532 0.0154001 0.934023
0.004485 2125.67 0.0828687 436532 -0.0615986 0.701824
0.002755 2037.53 0.112407 436532 -0.0172818 0.73471
0.002315 1931.64 0.123491 436532 -0.00496601 0.775019
0.001365 1604.92 0.15207 436532 0.0152468 0.931886
0.001015 1479.18 0.162512 436532 0.0196619 1.01057
0.002765 2039.39 0.112176 436532 -0.0175577 0.734033
0.000435 1319.02 0.175566 436533 0.0222275 1.13249
0.001375 1608.62 0.151759 436532 0.0150915 0.929757
0.002775 2041.25 0.111946 436532 -0.0178334 0.733363
0.004495 2125.82 0.0827301 436532 -0.0618026 0.701754
0.001385 1612.32 0.151449 436532 0.0149336 0.927636
0.002785 2043.09 0.111717 436532 -0.0181094 0.732698
0.001395 1616.02 0.151138 436532 0.0147725 0.925524
0.004505 2125.98 0.0825915 436532 -0.0620061 0.701684
0.002325 1934.54 0.123219 436532 -0.00523432 0.773861
0.002795 2044.91 0.111489 436531 -0.0183829 0.732038
0.001025 1482.6 0.162231 436532 0.0195632 1.00825
0.001405 1619.72 0.150826 436532 0.0146075 0.923421
0.000445 1320.92 0.175413 436533 0.0222093 1.13088
0.004515 2126.13 0.082453 436532 -0.0622092 0.701613
0.002805 2046.6 0.111262 436532 -0.0186639 0.731431
0.001415 1623.43 0.150515 436532 0.0144382 0.921327
0.004525 2126.29 0.0823145 436532 -0.0624119 0.701543
0.002815 2048.27 0.111035 436532 -0.0189421 0.730829
0.001425 1627.14 0.150203 436532 0.0142645 0.919242
0.002335 1937.42 0.122949 436532 -0.00550293 0.772713
0.004535 2126.44 0.0821761 436532 -0.0626143 0.701473
0.002825 2049.93 0.11081 436532 -0.0192213 0.730232
0.001435 1630.84 0.149891 436532 0.0140872 0.917167
0.001035 1486.04 0.161948 436532 0.0194629 1.00594
0.004545 2126.6 0.0820378 436532 -0.0628162 0.701404
0.002835 2051.58 0.110586 436532 -0.0195019 0.729641
0.000455 1322.86 0.175257 436533 0.0221901 1.12923
0.001445 1634.55 0.149579 436532 0.0139074 0.9151
0.004555 2126.75 0.0818995 436532 -0.0630178 0.701334
0.002345 1940.29 0.122679 436532 -0.00577188 0.771573
0.002845 2053.21 0.110362 436532 -0.0197842 0.729056
0.001455 1638.25 0.149266 436532 0.0137273 0.913043
0.004565 2126.91 0.0817613 436532 -0.063219 0.701264
0.001045 1489.49 0.161663 436532 0.019361 1.00362
0.001465 1641.96 0.148954 436532 0.0135488 0.910995
0.002855 2054.83 0.110139 436532 -0.0200682 0.728476
0.004575 2127.06 0.0816231 436532 -0.0634198 0.701195
0.000465 1324.83 0.175097 436533 0.0221698 1.12756
0.002865 2056.43 0.109918 436532 -0.0203538 0.727903
0.001475 1645.67 0.148641 436532 0.013374 0.908957
0.004585 2127.22 0.081485 436532 -0.0636201 0.701125
0.002355 1943.14 0.12241 436532 -0.00604127 0.770442
0.002875 2058.02 0.109697 436532 -0.0206407 0.727335
0.001485 1649.37 0.148328 436532 0.0132039 0.906929
0.004595 2127.37 0.081347 436532 -0.06382 0.701055
0.003525 2115.31 0.0971514 436532 -0.0390455 0.706977
0.003535 2115.67 0.096983 436532 -0.0393149 0.706841
0.004165 2123.77 0.0873521 436532 -0.0548224 0.703067
0.003545 2116.03 0.0968152 436532 -0.0395837 0.706709
0.003555 2116.37 0.096648 436532 -0.0398519 0.70658
0.003565 2116.7 0.0964814 436532 -0.0401195 0.706455
0.005445 2168.41 0.0706607 436532 -0.0817303 0.686529
0.004175 2123.79 0.08721 436532 -0.0550447 0.70304
0.003575 2117.02 0.0963154 436532 -0.0403863 0.706334
0.003205 2096.52 0.102906 436532 -0.0301599 0.713711
0.006405 2171.17 0.0625113 436532 -0.104877 0.684533
0.003845 2122.34 0.0920392 436532 -0.0473169 0.704127
0.003585 2117.33 0.0961501 436532 -0.0406525 0.706215
0.004185 2123.81 0.087068 436532 -0.055266 0.703015
0.005765 2183.79 0.0677879 436532 -0.0902091 0.681252
0.003215 2097.33 0.102715 436532 -0.0304474 0.713425
0.006415 2171.53 0.0624996 436532 -0.105057 0.684418
0.007165 1159.02 0.143619 436538 -0.0747052 1.28433
0.003225 2098.13 0.102524 436532 -0.0307342 0.713145
0.003595 2117.63 0.0959853 436532 -0.040918 0.7061
0.006425 2171.9 0.0624949 436532 -0.105242 0.684301
0.003855 2122.43 0.0918875 436532 -0.0475629 0.70408
0.003235 2098.91 0.102334 436532 -0.0310204 0.712869
0.004195 2123.83 0.0869262 436532 -0.0554866 0.702991
0.005455 2169.05 0.0705608 436532 -0.0819785 0.686316
0.005775 2184.08 0.0677045 436532 -0.0904855 0.681145
0.006435 2172.27 0.0624975 436532 -0.105433 0.684184
0.003865 2122.51 0.0917362 436532 -0.0478081 0.704036
0.003245 2099.67 0.102145 436532 -0.0313058 0.712597
0.007175 1132.08 0.146043 436538 -0.072307 1.31507
0.006445 2172.64 0.0625076 436532 -0.105633 0.684066
0.005785 2184.37 0.0676211 436532 -0.0907622 0.681042
0.003605 2117.92 0.0958211 436532 -0.0411828 0.705988
0.003875 2122.59 0.0915853 436532 -0.0480525 0.703994
0.003255 2100.43 0.101957 436532 -0.0315905 0.712331
0.007185 1105.27 0.148453 436544 -0.0694908 1.34718
0.006455 2173.02 0.0625255 436532 -0.105842 0.683947
0.004205 2123.84 0.0867846 436532 -0.0557063 0.702967
0.005795 2184.64 0.0675376 436532 -0.0910393 0.680943
0.003885 2122.65 0.0914348 436532 -0.048296 0.703955
0.005465 2169.67 0.0704616 436532 -0.082228 0.686106
0.003265 2101.17 0.10177 436532 -0.0318745 0.712069
0.007195 1081.93 0.150877 436537 -0.0683167 1.37642
0.006465 2173.39 0.0625514 436532 -0.106063 0.683829
0.005805 2184.89 0.067454 436532 -0.0913168 0.680847
0.003895 2122.71 0.0912847 436532 -0.0485388 0.703917
0.003615 2118.2 0.0956575 436532 -0.0414469 0.70588
0.003275 2101.9 0.101583 436532 -0.0321576 0.711811
0.007205 1058.8 0.15328 436537 -0.0661451 1.4067
0.006475 2173.76 0.0625856 436532 -0.106297 0.683712
0.005815 2185.14 0.0673703 436532 -0.0915947 0.680755
0.003905 2122.77 0.091135 436532 -0.0487807 0.703882
0.007435 648.019 0.199044 436535 -0.0227508 2.30919
0.000675 1374.17 0.171099 436532 0.021959 1.0873
0.004215 2123.85 0.0866431 436532 -0.0559252 0.702945
0.003285 2102.61 0.101397 436532 -0.03244 0.711558
0.007215 1035.9 0.15566 436538 -0.0639225 1.43803
0.006485 2174.13 0.0626281 436532 -0.106548 0.683597
0.005825 2185.38 0.0672863 436532 -0.0918732 0.680666
0.005475 2170.29 0.0703632 436532 -0.0824786 0.685898
0.003915 2122.81 0.0909856 436532 -0.0490218 0.703848
0.003625 2118.47 0.0954944 436532 -0.0417103 0.705774
0.003295 2103.31 0.101212 436532 -0.0327216 0.711309
0.007225 1013.24 0.158016 436538 -0.0616357 1.47042
0.006495 2174.49 0.0626793 436532 -0.106816 0.683484
0.005835 2185.6 0.0672022 436532 -0.0921521 0.680581
0.003925 2122.85 0.0908366 436532 -0.0492621 0.703816
0.003305 2104 0.101027 436532 -0.0330025 0.711065
0.004225 2123.86 0.0865019 436532 -0.0561433 0.702923
0.007235 990.856 0.160346 436538 -0.0593 1.50389
0.000685 1376.87 0.17088 436532 0.0220127 1.08519
0.006505 2174.83 0.0627393 436532 -0.107104 0.683374
0.005485 2170.89 0.0702657 436532 -0.0827305 0.685693
0.005845 2185.81 0.0671177 436532 -0.0924317 0.6805
0.003935 2122.89 0.090688 436532 -0.0495016 0.703787
0.003315 2104.68 0.100844 436532 -0.0332826 0.710825
0.003635 2118.73 0.095332 436532 -0.0419729 0.705672
0.007245 968.752 0.16265 436538 -0.0569837 1.53847
0.000695 1379.59 0.170659 436532 0.0220545 1.08306
0.006515 2175.17 0.0628083 436532 -0.107413 0.683269
0.005855 2186 0.067033 436532 -0.0927118 0.680423
0.003945 2122.92 0.0905397 436532 -0.0497402 0.703759
0.003325 2105.34 0.100661 436532 -0.0335621 0.710589
0.004235 2123.86 0.0863608 436532 -0.0563606 0.702903
0.004865 2135.56 0.0776584 436532 -0.0691535 0.697899
0.007255 946.937 0.164925 436538 -0.0547063 1.5742
0.000705 1382.34 0.170435 436532 0.0220766 1.08091
0.007445 636.404 0.200464 436535 -0.0212901 2.35185
0.005865 2186.19 0.0669479 436532 -0.0929934 0.68035
0.006525 2175.48 0.0628863 436532 -0.107747 0.683169
0.003955 2122.94 0.0903918 436532 -0.049978 0.703733
0.005495 2171.49 0.0701689 436532 -0.0829837 0.685491
0.003335 2105.99 0.100478 436532 -0.0338409 0.710357
0.003645 2118.98 0.0951701 436532 -0.0422348 0.705573
0.004245 2123.86 0.0862201 436532 -0.0565777 0.702883
0.007265 925.412 0.16717 436538 -0.0524624 1.61112
0.005875 2186.36 0.0668627 436531 -0.0932702 0.680281
0.000715 1385.12 0.170209 436532 0.0220734 1.07876
0.003965 2122.96 0.0902442 436532 -0.0502149 0.703709
0.006535 2175.78 0.0629735 436532 -0.108106 0.683076
0.003345 2106.63 0.100297 436532 -0.0341192 0.71013
0.007275 904.177 0.169384 436538 -0.0502531 1.64927
0.005885 2186.35 0.0667769 436532 -0.0935487 0.680268
0.000725 1387.93 0.16998 436532 0.022043 1.07659
0.003975 2122.97 0.090097 436532 -0.050451 0.703687
0.005505 2172.09 0.0700729 436532 -0.083238 0.685291
0.006545 2176.04 0.06307 436532 -0.108492 0.682991
0.003355 2107.25 0.100116 436532 -0.034397 0.709907
0.007455 625.175 0.201826 436536 -0.0197027 2.39461
0.007285 883.233 0.171565 436539 -0.0478923 1.68871
0.005895 2186.33 0.0666905 436532 -0.0938216 0.680259
0.003655 2119.22 0.0950087 436532 -0.042496 0.705477
0.000735 1390.76 0.16975 436532 0.0219866 1.07441
0.004255 2123.86 0.0860794 436532 -0.0567933 0.702863
0.003985 2122.98 0.0899502 436532 -0.0506866 0.703666
0.006555 2176.28 0.0631758 436531 -0.108907 0.682915
0.003365 2107.87 0.0999363 436532 -0.0346743 0.709688
0.007295 862.604 0.17371 436541 -0.0451401 1.72945
0.005905 2186.3 0.0666037 436532 -0.0940937 0.680254
0.005515 2172.67 0.0699777 436532 -0.0834936 0.685094
0.000745 1393.62 0.169517 436532 0.0219088 1.07222
0.002985 2073.56 0.107328 436532 -0.023805 0.721812
0.003995 2122.98 0.0898038 436532 -0.0509215 0.703648
0.006565 2176.49 0.063291 436531 -0.109351 0.682849
0.003375 2108.47 0.0997571 436532 -0.0349512 0.709473
0.007305 844.47 0.175819 436537 -0.0438948 1.76693
0.007465 615.515 0.20313 436534 -0.0187776 2.4327
0.005915 2186.25 0.0665162 436532 -0.094365 0.680252
0.004875 2135.96 0.077524 436532 -0.0693525 0.69775
0.003665 2119.46 0.0948479 436532 -0.0427561 0.705384
0.000755 1396.51 0.169282 436532 0.0218166 1.07002
0.004265 2123.86 0.0859387 436532 -0.0570081 0.702845
0.005525 2173.25 0.0698832 436532 -0.0837504 0.684899
0.004005 2122.98 0.0896576 436532 -0.0511549 0.70363
0.003385 2109.06 0.0995786 436532 -0.0352239 0.709261
0.006575 2176.65 0.0634155 436531 -0.109826 0.682796
0.007315 826.68 0.177887 436537 -0.0419508 1.80533
0.005925 2186.2 0.0664283 436532 -0.0946352 0.680253
0.000765 1399.42 0.169045 436532 0.0217173 1.0678
0.004015 2122.97 0.0895118 436532 -0.0513848 0.703615
0.003395 2109.58 0.0994008 436532 -0.0355033 0.709074
0.007475 606.244 0.204374 436534 -0.0175687 2.47042
0.006585 2176.77 0.0635492 436531 -0.110332 0.682756
0.007325 809.223 0.179913 436537 -0.0400765 1.84467
0.005935 2186.13 0.0663397 436532 -0.0949042 0.680258
0.000775 1402.35 0.168806 436532 0.0216178 1.06558
0.004885 2136.37 0.0773899 436532 -0.0695519 0.697601
0.003675 2119.68 0.0946876 436532 -0.0430118 0.705294
0.004025 2123.05 0.089366 436532 -0.0516232 0.703568
0.004275 2123.86 0.0857981 436532 -0.0572217 0.702827
0.003405 2110.09 0.0992237 436532 -0.0357785 0.70889
0.005535 2173.81 0.0697895 436532 -0.0840084 0.684708
0.006595 2176.84 0.063692 436531 -0.110869 0.682732
0.007335 792.095 0.181895 436537 -0.0382755 1.88496
0.005945 2186.06 0.0662505 436532 -0.0951718 0.680266
0.000785 1405.31 0.168564 436532 0.0215231 1.06335
0.007485 597.358 0.205559 436534 -0.0164091 2.50768
0.004035 2123.13 0.0892205 436532 -0.0518563 0.703523
0.003415 2110.59 0.0990473 436532 -0.0360529 0.708709
0.006605 2176.86 0.0638437 436531 -0.111438 0.682724
0.004895 2136.78 0.0772561 436532 -0.0697517 0.697452
0.002995 2074.88 0.107118 436531 -0.0240888 0.721346
0.006115 2183.49 0.0646421 436532 -0.0993692 0.680834
0.007345 775.279 0.183833 436537 -0.0366075 1.92627
0.005955 2185.97 0.0661607 436532 -0.095438 0.680278
0.003685 2119.9 0.0945279 436532 -0.0432752 0.705204
0.000795 1408.29 0.168321 436532 0.0214361 1.06111
0.004285 2123.85 0.0856576 436532 -0.0574348 0.70281
0.004045 2123.21 0.0890753 436532 -0.0520893 0.703479
0.003425 2111.07 0.0988715 436532 -0.0363268 0.708533
0.006615 2176.82 0.0640046 436531 -0.112038 0.682734
0.005545 2174.37 0.0696965 436532 -0.0842676 0.684519
0.007495 588.853 0.206684 436534 -0.0152839 2.5444
0.004905 2137.19 0.0771225 436532 -0.0699517 0.697303
0.007355 758.738 0.185725 436537 -0.0351293 1.96869
0.005965 2185.88 0.0660702 436532 -0.0957026 0.680292
0.000805 1411.3 0.168076 436532 0.0213571 1.05887
0.004055 2123.28 0.0889303 436532 -0.0523216 0.703437
0.003005 2076.07 0.106909 436532 -0.0243793 0.720925
0.003435 2111.55 0.0986965 436532 -0.0366004 0.708361
0.006815 2032.18 0.0687908 436532 -0.111161 0.731276
0.003445 2112.01 0.0985222 436532 -0.0368736 0.708192
0.003455 2112.46 0.0983485 436532 -0.0371464 0.708027
0.003465 2112.9 0.0981755 436532 -0.0374189 0.707866
0.003475 2113.33 0.0980032 436532 -0.0376911 0.707709
0.003485 2113.75 0.0978316 436532 -0.0379628 0.707555
0.003495 2114.16 0.0976606 436532 -0.0382342 0.707405
0.003505 2114.55 0.0974902 436532 -0.0385051 0.707259
0.003515 2114.94 0.0973205 436532 -0.0387756 0.707116
0.001615 1697.32 0.144258 436532 0.0108341 0.881465
0.001495 1653.07 0.148015 436532 0.0130385 0.90491
0.001505 1656.78 0.147702 436532 0.0128763 0.902901
0.001625 1700.99 0.143945 436532 0.0106503 0.879578
0.001515 1660.48 0.147389 436532 0.0127147 0.900902
0.001635 1704.65 0.143632 436532 0.0104761 0.877702
0.001525 1664.17 0.147076 436532 0.0125508 0.898913
0.001645 1708.3 0.14332 436532 0.0103122 0.875835
0.001655 1711.95 0.143008 436532 0.0101582 0.87398
0.001535 1667.87 0.146762 436532 0.0123816 0.896933
0.001665 1715.59 0.142696 436532 0.0100128 0.872135
0.001545 1671.56 0.146449 436532 0.0122048 0.894964
0.001675 1719.23 0.142384 436532 0.00987428 0.8703
0.001555 1675.25 0.146136 436532 0.0120197 0.893005
0.001685 1722.86 0.142073 436532 0.00974014 0.868476
0.001695 1726.49 0.141761 436532 0.00960762 0.866663
0.001565 1678.94 0.145823 436532 0.0118269 0.891056
0.001705 1730.11 0.14145 436532 0.00947381 0.864861
0.001575 1682.62 0.145509 436532 0.0116282 0.889117
0.001715 1733.72 0.14114 436532 0.00933595 0.863069
0.001055 1492.95 0.161378 436532 0.0192574 1.00131
0.001585 1686.3 0.145196 436532 0.0114263 0.887189
0.001725 1737.33 0.140829 436532 0.00919167 0.861287
0.001735 1740.93 0.140519 436532 0.00903911 0.859517
0.001595 1689.98 0.144883 436532 0.0112246 0.885271
0.001745 1744.52 0.140209 436532 0.00887707 0.857757
0.000475 1326.83 0.174935 436533 0.0221485 1.12587
0.001755 1748.11 0.1399 436532 0.00870503 0.856008
0.004605 2127.53 0.0812091 436532 -0.0640195 0.700986
0.004615 2127.68 0.0810712 436532 -0.0642184 0.700916
0.004625 2127.84 0.0809333 436532 -0.0644168 0.700846
0.001765 1751.68 0.139591 436532 0.00852309 0.85427
0.004635 2128 0.0807956 436532 -0.0646147 0.700776
0.004645 2128.15 0.0806579 436532 -0.0648119 0.700706
0.004655 2128.31 0.0805203 436532 -0.0650086 0.700636
0.001775 1755.25 0.139282 436532 0.00833186 0.852543
0.004665 2128.47 0.0803828 436532 -0.0652046 0.700566
0.000485 1328.88 0.17477 436533 0.0221262 1.12414
0.002365 1945.98 0.122142 436532 -0.00631117 0.769321
0.004675 2128.63 0.0802453 436532 -0.0654 0.700495
0.001785 1758.82 0.138974 436532 0.00813233 0.850826
0.006625 2176.72 0.0641745 436531 -0.112668 0.682765
0.004685 2128.79 0.080108 436532 -0.0655947 0.700424
0.000495 1330.96 0.174601 436533 0.0221027 1.12239
0.004695 2128.95 0.0799707 436532 -0.0657881 0.700353
0.006635 2176.54 0.0643531 436531 -0.113329 0.682816
0.004705 2129.12 0.0798337 436532 -0.0659799 0.700282
0.006645 2176.17 0.0645395 436505 -0.113906 0.682891
0.001795 1762.37 0.138666 436532 0.00792572 0.84912
0.004715 2129.51 0.0796966 436532 -0.0661825 0.700133
0.006655 2167.71 0.064735 436532 -0.114273 0.685593
0.000505 1333.08 0.17443 436533 0.0220781 1.12062
0.004725 2129.91 0.0795597 436532 -0.0663822 0.699984
0.006665 2159.09 0.0649389 436532 -0.114446 0.688326
0.004735 2130.31 0.0794229 436532 -0.0665812 0.699836
0.006675 2150.45 0.0651508 436532 -0.114575 0.691087
0.001805 1765.92 0.138359 436532 0.00771332 0.847425
0.004745 2130.71 0.0792862 436532 -0.0667798 0.699687
0.006685 2141.8 0.0653705 436532 -0.114648 0.693875
0.000515 1335.23 0.174256 436533 0.0220524 1.11883
0.002375 1948.8 0.121875 436532 -0.00658169 0.768208
0.004755 2131.11 0.0791496 436532 -0.066978 0.699538
0.006695 2133.15 0.0655977 436532 -0.114666 0.696685
0.001815 1769.45 0.138052 436532 0.00749636 0.845741
0.004765 2131.51 0.0790132 436532 -0.0671759 0.699389
0.006705 2124.51 0.065832 436532 -0.114627 0.699517
0.000525 1337.42 0.174079 436533 0.0220254 1.11701
0.003695 2120.12 0.0943687 436532 -0.043534 0.705116
0.006715 2115.88 0.066073 436532 -0.114534 0.702367
0.004775 2131.92 0.0788769 436532 -0.0673735 0.69924
0.002385 1951.61 0.121608 436532 -0.00685295 0.767104
0.001825 1772.98 0.137745 436532 0.00727594 0.844067
0.000535 1339.64 0.173899 436533 0.0219971 1.11517
0.004785 2132.32 0.0787408 436532 -0.067571 0.699092
0.004795 2132.72 0.0786048 436532 -0.0677683 0.698943
0.004295 2123.84 0.0855173 436532 -0.0576471 0.702794
0.005555 2174.92 0.0696043 436532 -0.084528 0.684333
0.004305 2123.83 0.085377 436532 -0.0578585 0.702778
0.005975 2185.77 0.0659791 436532 -0.0959655 0.68031
0.000815 1414.33 0.167828 436532 0.0212849 1.05661
0.004065 2123.35 0.0887857 436532 -0.0525532 0.703397
0.005985 2185.66 0.0658873 436532 -0.0962266 0.680331
0.004315 2123.82 0.0852369 436532 -0.0580692 0.702762
0.000825 1417.39 0.167579 436532 0.0212171 1.05435
0.005995 2185.54 0.0657948 436532 -0.0964858 0.680354
0.004075 2123.41 0.0886412 436532 -0.0527839 0.703358
0.000835 1420.46 0.167328 436532 0.0211513 1.05208
0.006005 2185.4 0.0657017 436532 -0.096743 0.680381
0.004085 2123.46 0.0884971 436532 -0.0530138 0.70332
0.000845 1423.56 0.167074 436532 0.0210851 1.0498
0.004325 2123.8 0.0850968 436532 -0.0582789 0.702747
0.006015 2185.26 0.0656079 436532 -0.0969982 0.680411
0.004095 2123.52 0.0883532 436532 -0.0532429 0.703284
0.000855 1426.68 0.166819 436532 0.0210171 1.04752
0.005565 2175.46 0.0695127 436532 -0.0847896 0.68415
0.006025 2185.11 0.0655135 436532 -0.0972512 0.680443
0.004105 2123.56 0.0882095 436532 -0.0534711 0.703249
0.000865 1429.82 0.166563 436532 0.0209466 1.04524
0.004335 2123.79 0.0849569 436532 -0.0584879 0.702733
0.006035 2184.96 0.0654185 436532 -0.0975021 0.680478
0.004115 2123.61 0.0880661 436532 -0.0536985 0.703216
0.000875 1432.98 0.166304 436532 0.0208733 1.04295
0.007505 580.726 0.207749 436533 -0.0141977 2.5805
0.005575 2175.98 0.0694218 436532 -0.0850524 0.683971
0.006045 2184.79 0.0653229 436532 -0.0977506 0.680515
0.004125 2123.65 0.0879228 436532 -0.053925 0.703184
0.000885 1436.16 0.166044 436532 0.0207975 1.04065
0.004345 2123.77 0.0848171 436532 -0.058696 0.702719
0.000895 1439.36 0.165781 436532 0.0207196 1.03835
0.006055 2184.62 0.0652268 436532 -0.0979964 0.680555
0.004135 2123.68 0.0877799 436532 -0.0541506 0.703153
0.000905 1442.58 0.165518 436532 0.0206399 1.03604
0.005585 2176.5 0.0693315 436532 -0.0853165 0.683794
0.004355 2123.76 0.0846774 436532 -0.0589021 0.702705
0.006065 2184.45 0.0651302 436532 -0.0982389 0.680597
0.004145 2123.72 0.0876371 436532 -0.0543754 0.703123
0.000915 1445.82 0.165252 436532 0.0205587 1.03374
0.006075 2184.26 0.0650332 436532 -0.0984772 0.680641
0.004155 2123.75 0.0874945 436532 -0.0545993 0.703094
0.000925 1449.08 0.164985 436532 0.020476 1.03143
0.005595 2177.01 0.0692419 436532 -0.0855817 0.68362
0.004365 2123.74 0.084538 436532 -0.0591075 0.702691
0.004915 2137.59 0.0769892 436532 -0.0701521 0.697154
0.004375 2123.91 0.0843985 436532 -0.0593213 0.702617
0.004385 2124.07 0.084259 436532 -0.0595308 0.702543
0.004395 2124.24 0.0841196 436532 -0.0597403 0.70247
0.004925 2138 0.0768562 436532 -0.0703527 0.697005
0.004405 2124.4 0.0839803 436532 -0.0599491 0.702396
0.004415 2124.56 0.0838411 436532 -0.0601573 0.702324
0.004935 2138.41 0.0767235 436532 -0.0705535 0.696856
0.004425 2124.72 0.083702 436532 -0.0603649 0.702252
0.004945 2138.82 0.076591 436532 -0.0707544 0.696708
0.004435 2124.88 0.0835629 436532 -0.0605718 0.70218
0.004955 2139.23 0.076459 436532 -0.0709554 0.696559
0.004445 2125.04 0.083424 436532 -0.0607782 0.702108
0.003015 2077.24 0.106701 436532 -0.0246661 0.72051
0.004965 2139.64 0.0763272 436532 -0.0711564 0.696411
0.004455 2125.2 0.0832851 436532 -0.0609841 0.702037
0.004465 2125.35 0.0831462 436532 -0.0611894 0.701966
0.004975 2140.05 0.0761958 436532 -0.0713575 0.696263
0.004475 2125.51 0.0830074 436532 -0.0613943 0.701895
0.004985 2140.45 0.0760648 436532 -0.0715585 0.696114
0.004995 2140.86 0.0759341 436532 -0.0717596 0.695966
0.006125 2183.29 0.0645441 436532 -0.0995759 0.680884
0.005005 2141.27 0.0758038 436532 -0.0719607 0.695819
0.005015 2141.68 0.075674 436532 -0.0721612 0.695671
0.005025 2142.1 0.0755446 436532 -0.0723603 0.695523
0.006825 2024.22 0.0690906 436532 -0.110668 0.734154
0.006135 2183.09 0.0644461 436532 -0.0997802 0.680935
0.005035 2142.73 0.0754155 436532 -0.0725714 0.695303
0.005045 2143.36 0.075287 436532 -0.0727801 0.695084
0.006145 2182.9 0.0643483 436532 -0.0999871 0.680987
0.005055 2143.99 0.0751589 436532 -0.0729882 0.694865
0.006155 2182.7 0.0642508 436532 -0.100202 0.681039
0.001065 1496.43 0.161091 436532 0.0191522 0.998998
0.006835 2016.35 0.0693958 436532 -0.110163 0.737021
0.005065 2144.62 0.0750312 436532 -0.073196 0.694647
0.006165 2182.49 0.064154 436531 -0.100422 0.681092
0.005075 2145.25 0.0749041 436532 -0.0734034 0.694429
0.006175 2181.95 0.0640577 436532 -0.100656 0.681253
0.006845 2008.58 0.0697067 436532 -0.109684 0.739876
0.005085 2145.87 0.0747774 436532 -0.0736103 0.694212
0.006185 2181.4 0.0639622 436532 -0.100892 0.681416
0.006855 2000.9 0.0700238 436532 -0.108547 0.74272
0.001835 1776.5 0.137439 436532 0.00705295 0.842404
0.001075 1499.92 0.160803 436532 0.0190453 0.996689
0.005095 2146.5 0.0746513 436532 -0.0738167 0.693995
0.006195 2180.84 0.0638676 436532 -0.101134 0.681582
0.006865 1993.04 0.0703692 436475 -0.121254 0.745555
0.005105 2147.13 0.0745257 436532 -0.0740224 0.693779
0.006205 2180.28 0.0637741 436532 -0.101378 0.681749
0.006875 1965.12 0.0726973 436534 -0.132961 0.756251
0.001085 1503.42 0.160514 436532 0.0189368 0.994382
0.005115 2147.75 0.0744007 436532 -0.0742275 0.693564
0.006215 2179.71 0.063682 436532 -0.101617 0.681919
0.006885 1936.95 0.0750519 436533 -0.130235 0.76725
0.001095 1506.93 0.160224 436532 0.0188267 0.992079
0.002395 1954.4 0.121343 436532 -0.00712505 0.766009
0.000545 1341.9 0.173717 436533 0.0219674 1.1133
0.003705 2120.33 0.09421 436532 -0.0437916 0.705032
0.000935 1452.36 0.164716 436532 0.0203919 1.02912
0.002405 1957.18 0.121079 436532 -0.00739814 0.764922
0.007515 572.972 0.208754 436533 -0.013116 2.6159
0.000945 1455.65 0.164446 436532 0.0203063 1.0268
0.000555 1344.19 0.173531 436533 0.0219363 1.11142
0.002415 1959.95 0.120815 436532 -0.00767234 0.763844
0.005605 2177.51 0.0691529 436532 -0.0858483 0.68345
0.003715 2120.52 0.0940518 436532 -0.0440485 0.70495
0.000955 1458.97 0.164174 436532 0.0202192 1.02448
0.000565 1346.51 0.173343 436533 0.021904 1.10951
0.002425 1962.7 0.120552 436532 -0.00794739 0.762776
0.003025 2078.4 0.106493 436532 -0.0249527 0.7201
0.007525 565.594 0.209699 436534 -0.0119888 2.6505
0.000575 1348.87 0.173152 436533 0.0218713 1.10758
0.003725 2120.71 0.0938942 436532 -0.0443045 0.704871
0.002435 1965.43 0.120291 436532 -0.00822082 0.761715
0.006895 1908.82 0.0774131 436533 -0.128373 0.778563
0.001845 1780.01 0.137133 436532 0.00682806 0.840752
0.006225 2179.14 0.0635914 436532 -0.101847 0.682091
0.001105 1510.45 0.159933 436532 0.018715 0.989779
0.006905 1880.72 0.0797818 436533 -0.12651 0.790207
0.000585 1351.26 0.172959 436533 0.0218393 1.10563
0.001855 1783.51 0.136828 436532 0.00660175 0.839111
0.005615 2178 0.0690645 436532 -0.0861158 0.683282
0.006915 1852.63 0.0821587 436534 -0.124683 0.802199
0.003735 2120.89 0.093737 436532 -0.0445598 0.704795
0.000595 1353.68 0.172762 436533 0.0218102 1.10367
0.001865 1787 0.136523 436532 0.0063743 0.837481
0.006235 2178.57 0.0635026 436532 -0.102066 0.682265
0.002445 1968.06 0.12003 436532 -0.00850128 0.760697
0.006925 1824.56 0.0845445 436534 -0.122884 0.814557
0.005625 2178.48 0.0689766 436532 -0.08638 0.683118
0.007535 559.497 0.210584 436533 -0.0111985 2.67983
0.001115 1513.99 0.15964 436532 0.0186016 0.987483
0.000605 1356.13 0.172563 436533 0.0217866 1.10168
0.001875 1790.48 0.136219 436532 0.00614585 0.835861
0.003745 2121.06 0.0935803 436532 -0.0448143 0.704721
0.006245 2177.99 0.0634158 436532 -0.102274 0.682439
0.006935 1796.49 0.0869399 436534 -0.121103 0.8273
0.002455 1970.68 0.11977 436532 -0.00877661 0.759687
0.005635 2178.93 0.0688893 436532 -0.086654 0.682963
0.003035 2079.55 0.106287 436532 -0.0252395 0.719694
0.000615 1358.62 0.172362 436533 0.0217718 1.09968
0.001885 1793.95 0.135916 436532 0.00591643 0.834252
0.007545 553.773 0.211407 436533 -0.010279 2.70797
0.001125 1517.54 0.159347 436532 0.0184866 0.98519
0.003755 2121.23 0.0934241 436532 -0.045068 0.70465
0.006945 1768.42 0.0893451 436534 -0.119334 0.840448
0.006255 2177.41 0.0633312 436532 -0.10247 0.682614
0.002465 1973.25 0.119511 436532 -0.00905842 0.758698
0.005645 2179.37 0.0688025 436532 -0.0869243 0.682811
0.000625 1361.14 0.172158 436533 0.0217689 1.09766
0.003045 2080.68 0.106081 436532 -0.0255266 0.719295
0.001895 1797.42 0.135613 436532 0.00568602 0.832654
0.007555 548.416 0.212171 436533 -0.00939209 2.73483
0.003765 2121.38 0.0932684 436532 -0.0453209 0.704582
0.001135 1521.09 0.159052 436532 0.01837 0.982901
0.006955 1740.36 0.0917605 436534 -0.117567 0.854021
0.006265 2176.84 0.063249 436532 -0.102658 0.682789
0.002475 1975.8 0.119253 436532 -0.00933778 0.757717
0.005655 2179.8 0.0687161 436532 -0.087195 0.682662
0.000635 1363.68 0.171951 436533 0.0217805 1.09562
0.001905 1800.87 0.13531 436532 0.00545456 0.831067
0.003055 2081.8 0.105877 436532 -0.0258142 0.7189
0.003775 2121.53 0.0931132 436532 -0.0455731 0.704516
0.007565 543.424 0.212874 436532 -0.00853044 2.76035
0.001145 1524.66 0.158757 436532 0.0182518 0.980617
0.006965 1712.3 0.0941862 436534 -0.115793 0.868043
0.007575 538.791 0.213517 436532 -0.00768196 2.78444
0.006275 2176.27 0.0631696 436532 -0.102839 0.682963
0.001155 1528.23 0.158461 436532 0.018132 0.978337
0.002485 1978.34 0.118996 436532 -0.00961462 0.756745
0.006975 1684.24 0.0966218 436534 -0.114003 0.882533
0.007585 534.52 0.214101 436533 -0.00682473 2.80704
0.006285 2175.7 0.0630932 436532 -0.103013 0.683136
0.001165 1531.82 0.158164 436532 0.0180106 0.976062
0.002495 1980.8 0.11874 436532 -0.00989833 0.755806
0.006985 1656.18 0.0990672 436534 -0.112189 0.897516
0.007595 531.383 0.214625 436532 -0.00611644 2.82392
0.005665 2180.22 0.0686302 436532 -0.0874664 0.682516
0.001175 1535.41 0.157866 436532 0.0178875 0.973792
0.006295 2175.14 0.06302 436532 -0.103183 0.683308
0.002505 1983.24 0.118485 436532 -0.0101794 0.754875
0.001915 1804.31 0.135008 436532 0.00522198 0.829491
0.006995 1628.13 0.101522 436534 -0.110344 0.913013
0.007605 528.603 0.21509 436532 -0.00535864 2.83905
0.001185 1539.02 0.157567 436532 0.0177628 0.971527
0.006305 2174.59 0.0629503 436532 -0.103348 0.683478
0.003065 2082.9 0.105673 436532 -0.0261022 0.71851
0.003785 2121.67 0.0929585 436532 -0.0458245 0.704453
0.006315 2174.04 0.0628844 436532 -0.103509 0.683647
0.005675 2180.63 0.0685448 436532 -0.0877384 0.682374
0.003075 2083.99 0.10547 436532 -0.0263908 0.718126
0.002515 1985.67 0.11823 436532 -0.0104607 0.753952
0.006325 2173.5 0.0628227 436532 -0.103666 0.683814
0.003795 2121.8 0.0928041 436532 -0.0460751 0.704393
0.007615 526.176 0.215495 436532 -0.00461508 2.85239
0.003085 2085.07 0.105267 436532 -0.0266799 0.717747
0.005685 2181.03 0.0684596 436532 -0.088011 0.682235
0.007005 1600.09 0.103985 436534 -0.108462 0.92905
0.006335 2172.97 0.0627653 436532 -0.103819 0.683978
0.002525 1988.08 0.117977 436532 -0.0107425 0.753036
0.003805 2121.92 0.0926503 436532 -0.046325 0.704335
0.001195 1542.63 0.157267 436532 0.0176365 0.969268
0.003095 2086.13 0.105066 436532 -0.0269694 0.717373
0.005695 2181.41 0.0683749 436532 -0.0882842 0.6821
0.007625 524.1 0.215842 436532 -0.00388358 2.8639
0.006345 2172.44 0.0627126 436532 -0.103968 0.68414
0.002535 1990.48 0.117724 436532 -0.011025 0.752129
0.003815 2122.04 0.0924969 436532 -0.0465741 0.704279
0.007015 1572.07 0.106456 436535 -0.106538 0.945651
0.001205 1546.24 0.156966 436532 0.0175086 0.967014
0.003105 2087.18 0.104866 436532 -0.0272594 0.717004
0.005705 2181.79 0.0682904 436532 -0.0885579 0.681968
0.007635 522.372 0.21613 436532 -0.00316343 2.87356
0.006355 2171.93 0.0626648 436532 -0.104113 0.6843
0.003825 2122.15 0.0923439 436532 -0.0468225 0.704226
0.002545 1992.86 0.117473 436532 -0.0113081 0.75123
0.007025 1544.09 0.108933 436535 -0.10457 0.96284
0.001215 1549.87 0.156665 436532 0.0173791 0.964767
0.003115 2088.21 0.104666 436532 -0.0275497 0.716641
0.005715 2182.15 0.0682062 436532 -0.0888321 0.68184
0.007645 520.992 0.216361 436532 -0.00245297 2.88131
0.006365 2171.43 0.0626224 436532 -0.104254 0.684457
0.003835 2122.25 0.0921914 436532 -0.0470701 0.704175
0.002555 1995.22 0.117222 436532 -0.011592 0.750338
0.007035 1516.13 0.111416 436535 -0.102557 0.980646
0.001225 1553.5 0.156363 436532 0.017248 0.962525
0.003125 2089.23 0.104467 436532 -0.0278403 0.716283
0.007655 519.958 0.216534 436532 -0.00175061 2.88715
0.005725 2182.5 0.0681223 436532 -0.0891068 0.681715
0.006375 2170.94 0.0625855 436532 -0.104384 0.68461
0.007665 519.27 0.216649 436532 -0.00106296 2.89105
0.001235 1557.14 0.15606 436532 0.0171152 0.96029
0.005735 2182.84 0.0680385 436532 -0.0893818 0.681594
0.003135 2090.23 0.104269 436532 -0.0281311 0.715929
0.006385 2170.47 0.0625545 436534 -0.104526 0.68476
0.007675 518.926 0.216706 436532 -0.000349829 2.89301
0.001245 1560.79 0.155757 436532 0.0169809 0.958061
0.005745 2183.17 0.0679549 436532 -0.0896572 0.681477
0.003145 2091.22 0.104072 436532 -0.0284221 0.715582
0.006395 2170.81 0.0625297 436532 -0.1047 0.684647
0.001255 1564.44 0.155452 436532 0.016845 0.955839
0.005755 2183.49 0.0678714 436532 -0.089933 0.681363
0.003155 2092.19 0.103876 436532 -0.028713 0.715239
0.001265 1568.1 0.155148 436532 0.0167075 0.953624
0.003165 2093.15 0.10368 436532 -0.029 0.714901
0.001275 1571.76 0.154842 436532 0.0165684 0.951416
0.003175 2094.02 0.103485 436532 -0.0292936 0.714596
0.003185 2094.87 0.103292 436532 -0.0295831 0.714296
0.003195 2095.7 0.103099 436532 -0.0298718 0.714001
