0.004805 2498.77 0.00863264 596389 0.00786125 0.803002
0.004815 2498.68 0.00860925 596391 0.00646725 0.803024
0.004825 2498.6 0.00858653 596393 0.00477542 0.803045
0.004835 2498.52 0.00856451 596394 0.00287558 0.803065
0.004845 2498.45 0.00854318 596395 0.000851449 0.803083
0.004855 2498.37 0.00852255 596395 -0.00120783 0.8031
0.004865 2498.3 0.00850263 596394 -0.00320676 0.803115
0.004875 2498.23 0.00848343 596392 -0.00507005 0.803129
0.004885 2498.16 0.00846495 596390 -0.00676145 0.803142
0.004895 2498.1 0.00844719 596387 -0.00822251 0.803154
0.004905 2498.03 0.00843017 596384 -0.00922717 0.803164
0.004915 2497.97 0.00841389 596381 -0.00932642 0.803173
0.004925 2497.91 0.00839836 596376 -0.0080482 0.80318
0.004935 2497.86 0.00838357 596370 -0.00528482 0.803185
0.004945 2497.81 0.00836954 596365 -0.00156083 0.80319
0.004955 2497.76 0.00835626 596361 0.00199187 0.803196
0.004965 2497.71 0.00834374 596359 0.00392349 0.803205
0.004975 2497.67 0.00833199 596358 0.00311365 0.803214
0.004985 2497.62 0.00832101 596356 -0.000247 0.803222
0.004995 2497.58 0.0083108 596355 -0.00416688 0.803229
0.005005 2497.55 0.00830136 596355 -0.00577596 0.803237
0.005015 2497.52 0.0082927 596359 -0.00340546 0.803251
0.005025 2497.49 0.00828482 596366 0.00177377 0.803267
0.005035 2497.46 0.00827772 596374 0.00685251 0.803284
0.005045 2497.43 0.0082714 596379 0.00959864 0.803296
0.005055 2497.41 0.00826588 596382 0.00996117 0.803306
0.005065 2497.4 0.00826113 596385 0.00914025 0.803314
0.005075 2497.38 0.00825718 596388 0.00801213 0.803321
0.005085 2497.37 0.00825401 596391 0.00669409 0.803328
0.005095 2497.36 0.00825164 596393 0.00508313 0.803333
0.005105 2497.35 0.00825006 596394 0.00318659 0.803336
0.005115 2497.35 0.00824927 596395 0.00108155 0.803337
0.004165 2359.32 0.0240718 596358 0.00451436 0.851416
0.003525 2227.45 0.0411995 596396 -0.00131689 0.903686
0.004485 2442.28 0.015233 596368 0.0129033 0.821931
5e-06 2491.31 0.0399571 596357 0.00143161 0.815057
0.004175 2361.92 0.0237886 596356 0.00801917 0.850455
0.004495 2444.81 0.0149672 596375 0.0103289 0.821074
1.5e-05 2491.3 0.039958 596358 0.00415434 0.815061
0.003535 2228.85 0.0409694 596395 -0.00343313 0.903082
0.000325 2477.19 0.0404516 596371 0.00837769 0.819644
0.004505 2447.25 0.0147022 596357 0.0091613 0.820218
2.5e-05 2491.28 0.0399599 596360 0.00653403 0.81507
0.003205 2201.73 0.0474945 596380 0.00656179 0.915355
0.004515 2449.65 0.0144379 596383 0.00904954 0.819434
3.5e-05 2491.22 0.0399627 596355 0.00827693 0.815082
0.004185 2364.52 0.0235056 596355 0.0116523 0.849497
0.003545 2230.27 0.0407375 596394 -0.00553711 0.902472
0.004525 2451.96 0.0141744 596386 0.00893699 0.818652
0.003215 2202.25 0.0473314 596385 0.0052657 0.915109
4.5e-05 2491.14 0.0399665 596367 0.00946947 0.815124
0.003845 2282.96 0.0330733 596381 -0.00853511 0.880718
0.004535 2454.26 0.0139116 596389 0.0082125 0.817874
0.003225 2202.78 0.0471661 596390 0.00402257 0.914858
5.5e-05 2490.99 0.0399712 596362 0.00988056 0.815169
0.000335 2476.43 0.0404822 596376 0.00813337 0.819897
0.004545 2456.55 0.0136496 596391 0.00685115 0.8171
0.003235 2203.33 0.0469985 596392 0.0028065 0.914599
0.004195 2367.12 0.0232228 596356 0.0143537 0.848543
0.003855 2285.02 0.0327994 596376 -0.00760839 0.87989
6.5e-05 2490.78 0.0399769 596367 0.00971648 0.815243
0.003555 2231.71 0.0405038 596392 -0.00742805 0.901856
0.004555 2458.84 0.0133883 596393 0.00509397 0.816328
0.003245 2203.89 0.0468286 596394 0.00149273 0.914334
0.003865 2287.09 0.0325246 596371 -0.00596519 0.879059
7.5e-05 2490.51 0.0399835 596380 0.00895436 0.815346
0.000645 2447.83 0.0418536 596392 0.00136426 0.829279
0.004565 2461.12 0.0131278 596394 0.00313501 0.815558
0.000345 2475.67 0.0405137 596380 0.00736708 0.820153
0.003255 2204.46 0.0466565 596396 -4.52592e-05 0.914063
0.003875 2289.17 0.0322491 596366 -0.00382303 0.878227
8.5e-05 2490.21 0.039991 596384 0.007762 0.81545
0.004205 2369.72 0.0229404 596359 0.0152139 0.847595
0.004575 2463.4 0.012868 596395 0.00107991 0.814791
0.000655 2446.76 0.0419106 596394 -0.000444909 0.829634
0.003265 2205.04 0.0464822 596396 -0.00185736 0.913785
0.003565 2233.15 0.0402683 596389 -0.00889573 0.901235
0.003885 2291.26 0.0319728 596363 -0.00132988 0.877393
9.5e-05 2489.89 0.0399995 596388 0.00628946 0.815557
0.004585 2465.67 0.0126091 596394 -0.00099824 0.814026
0.000355 2474.89 0.0405462 596385 0.00617828 0.820411
0.000665 2445.69 0.0419683 596395 -0.00231778 0.829991
0.003275 2205.64 0.0463057 596396 -0.00388868 0.913501
0.004215 2372.33 0.0226582 596365 0.0142165 0.846653
0.003895 2293.45 0.0316958 596382 0.0015255 0.876559
0.000105 2489.53 0.040009 596382 0.00458449 0.815666
0.004595 2467.94 0.0123508 596393 -0.00303309 0.813263
0.003285 2206.25 0.0461269 596395 -0.00599611 0.91321
0.000675 2444.59 0.0420267 596391 -0.00422503 0.83035
0.003575 2234.61 0.0400311 596385 -0.00974278 0.900608
0.000115 2489.16 0.0400193 596393 0.00275406 0.815801
0.003905 2295.69 0.0314181 596357 0.00476425 0.875641
0.004605 2470.21 0.0120934 596392 -0.00496231 0.812502
0.003295 2206.87 0.0459459 596393 -0.00798329 0.912913
0.000685 2443.48 0.0420859 596394 -0.00613791 0.830722
0.000365 2474.1 0.0405794 596388 0.00468356 0.820671
0.000125 2488.74 0.0400306 596394 0.0008445 0.815938
0.003915 2298.02 0.0311397 596356 0.0081907 0.874724
0.004225 2374.93 0.0223764 596372 0.0122674 0.845714
0.004615 2472.47 0.0118367 596389 -0.00669761 0.811744
0.003305 2207.51 0.0457627 596390 -0.00963541 0.91261
0.000695 2442.34 0.0421457 596393 -0.00801307 0.831095
0.000135 2488.31 0.0400429 596395 -0.00108083 0.816077
0.003925 2300.36 0.0308608 596356 0.0112613 0.873807
0.003585 2236.08 0.0397922 596381 -0.00982812 0.899975
0.002885 2196.15 0.0515149 596356 0.000355364 0.918811
0.004625 2474.72 0.0115808 596387 -0.0080626 0.810987
0.000145 2487.85 0.0400561 596387 -0.00299999 0.816217
0.003315 2208.16 0.0455774 596387 -0.010752 0.9123
0.000705 2441.2 0.0422063 596390 -0.00978409 0.83147
0.003935 2302.72 0.0305812 596358 0.0132951 0.872891
0.000375 2473.31 0.0406136 596391 0.0029876 0.820933
0.004235 2377.54 0.022095 596378 0.0104869 0.844776
0.004635 2476.98 0.0113256 596383 -0.00876138 0.810232
0.000155 2487.36 0.0400702 596393 -0.00488058 0.816382
0.003325 2208.82 0.0453898 596382 -0.0111806 0.911984
0.003595 2237.57 0.0395515 596376 -0.00911217 0.899338
0.000715 2440.05 0.0422676 596387 -0.011358 0.831847
0.003945 2305.08 0.0303011 596362 0.0138552 0.871978
0.004645 2479.23 0.0110712 596379 -0.00845961 0.809479
0.000165 2486.84 0.0400852 596391 -0.00666703 0.816549
0.000965 2409.21 0.0440021 596392 -0.00961479 0.842201
0.003335 2209.5 0.0452001 596378 -0.0108437 0.911662
0.000725 2438.9 0.0423295 596384 -0.0126202 0.832225
0.003955 2307.44 0.0300206 596368 0.0130632 0.871066
0.000385 2472.51 0.0406487 596393 0.00117119 0.821197
0.004655 2481.47 0.0108175 596374 -0.0069835 0.808727
0.000175 2486.31 0.0401012 596388 -0.00829247 0.816717
0.002895 2195.95 0.0514241 596357 0.00313415 0.918859
0.004245 2380.14 0.0218139 596383 0.00943821 0.843839
0.003605 2239.07 0.0393093 596371 -0.00766381 0.898696
0.003345 2210.19 0.0450082 596373 -0.00974621 0.911334
0.000735 2437.74 0.0423921 596380 -0.013448 0.832606
0.003965 2309.82 0.0297395 596374 0.0115375 0.870154
0.004665 2483.72 0.0105646 596369 -0.00451423 0.807977
0.000185 2485.77 0.0401181 596385 -0.00965917 0.816888
0.003355 2210.89 0.0448141 596368 -0.00795547 0.911001
0.000745 2436.57 0.0424554 596375 -0.0137288 0.832989
0.000975 2407.88 0.0440786 596390 -0.0113368 0.842651
0.000395 2471.7 0.0406846 596394 -0.000711033 0.821462
0.004675 2485.96 0.0103124 596364 -0.00160781 0.80723
0.000195 2485.22 0.040136 596381 -0.0106536 0.81706
0.003975 2312.2 0.029458 596380 0.0100026 0.86924
0.003365 2211.61 0.0446179 596364 -0.00556897 0.910664
0.000755 2435.39 0.0425194 596371 -0.0133806 0.833374
0.002905 2195.76 0.0513312 596359 0.00533317 0.918906
0.004255 2382.74 0.0215332 596386 0.00893025 0.842902
0.003615 2240.58 0.0390654 596367 -0.00560998 0.89805
0.004685 2488.21 0.010061 596360 0.00102251 0.806487
0.000205 2484.66 0.0401547 596376 -0.0111625 0.817235
0.000765 2434.21 0.042584 596366 -0.0123707 0.833762
0.003375 2212.34 0.0444196 596360 -0.00270189 0.910323
0.003985 2314.59 0.0291762 596385 0.00887131 0.868325
0.000985 2406.53 0.0441556 596386 -0.0128144 0.843103
0.000405 2470.88 0.0407214 596395 -0.0026235 0.821728
0.004695 2490.45 0.00981026 596359 0.00284392 0.805748
0.000215 2484.09 0.0401744 596372 -0.0110923 0.817412
0.000775 2433.02 0.0426493 596363 -0.0107284 0.834153
0.003385 2213.08 0.0442192 596358 0.000484778 0.909978
0.003995 2316.99 0.0288939 596388 0.0080965 0.867406
0.002915 2195.58 0.0512361 596362 0.00674359 0.918949
0.004265 2385.35 0.021253 596389 0.00840334 0.841967
0.003625 2242.11 0.0388199 596363 -0.00306404 0.897401
0.004705 2492.68 0.00956028 596358 0.0037516 0.805013
0.000225 2483.52 0.0401951 596367 -0.0103875 0.817593
0.000785 2431.82 0.0427153 596360 -0.00854943 0.834548
0.001285 2364.53 0.0466257 596372 -0.0147141 0.85758
0.003395 2213.84 0.0440166 596356 0.00373472 0.909629
0.004005 2319.4 0.0286113 596391 0.00734043 0.866486
0.000995 2405.19 0.044233 596383 -0.0139209 0.843556
0.004715 2494.92 0.00931104 596360 0.004069 0.804281
0.000415 2470.06 0.040759 596394 -0.00453692 0.821996
0.000235 2482.93 0.0402166 596363 -0.00904629 0.817776
0.000795 2430.62 0.0427818 596357 -0.00599081 0.834946
0.002925 2195.42 0.0511387 596366 0.00729834 0.918991
0.003405 2214.61 0.043812 596356 0.00668257 0.909277
0.001295 2363.08 0.0467115 596367 -0.0136186 0.858082
0.004015 2321.81 0.0283284 596393 0.00627062 0.865565
0.004275 2387.95 0.0209732 596391 0.00742734 0.841033
0.004725 2497.16 0.00906251 596361 0.00451453 0.803553
0.003635 2243.65 0.0385728 596360 -0.000104946 0.896749
0.000245 2482.34 0.0402391 596360 -0.00712998 0.817964
0.000805 2429.41 0.042849 596356 -0.00325645 0.835349
0.003415 2215.4 0.0436053 596358 0.00892406 0.908922
0.001305 2361.63 0.0467974 596363 -0.0118746 0.858585
0.004025 2324.23 0.0280453 596394 0.00475407 0.864643
0.001005 2403.83 0.0443108 596378 -0.0145309 0.84401
0.000425 2469.22 0.0407976 596393 -0.00641464 0.822266
0.004735 2498.33 0.0088915 596102 0.00514026 0.802827
0.000255 2481.74 0.0402625 596358 -0.00476336 0.818155
0.000815 2428.2 0.0429168 596357 -0.000573928 0.835756
0.002935 2195.26 0.0510391 596372 0.00708557 0.919029
0.003425 2216.19 0.0433965 596361 0.0101571 0.908565
0.001315 2360.17 0.0468834 596360 -0.00958946 0.859091
0.004035 2326.65 0.0277619 596395 0.00286347 0.863719
0.004285 2390.55 0.0206939 596393 0.00591238 0.840102
0.004745 2499.3 0.00878682 596367 0.00626224 0.802853
0.000265 2481.13 0.0402868 596356 -0.00212466 0.818351
0.003645 2245.2 0.0383241 596357 0.00315315 0.896093
0.000825 2426.97 0.0429852 596358 0.00183413 0.836167
0.003435 2217.01 0.0431857 596366 0.0103158 0.908205
0.004045 2329.08 0.0274784 596395 0.000767251 0.862795
0.001325 2358.72 0.0469695 596358 -0.00693398 0.859599
0.001015 2402.48 0.0443891 596374 -0.0145405 0.844465
0.004755 2499.21 0.00875953 596371 0.00739437 0.802879
0.000435 2468.38 0.040837 596391 -0.00820104 0.822537
0.000275 2480.51 0.040312 596356 0.000574043 0.818551
0.002945 2195.11 0.0509373 596377 0.00630852 0.919062
0.000835 2425.75 0.0430542 596361 0.00377886 0.836582
0.003445 2217.83 0.0429728 596372 0.00960675 0.90784
0.004055 2331.52 0.0271946 596395 -0.00137512 0.861869
0.001335 2357.26 0.0470556 596356 -0.00412653 0.86011
0.004295 2393.14 0.0204151 596394 0.00401093 0.839173
0.004765 2499.12 0.00873286 596376 0.00852839 0.802905
0.003655 2246.77 0.0380739 596356 0.00645089 0.895436
0.000285 2479.88 0.0403381 596357 0.00311231 0.818756
0.000845 2424.51 0.0431238 596364 0.00512876 0.837001
0.003455 2218.67 0.042758 596378 0.00843516 0.907471
0.004065 2333.96 0.0269108 596394 -0.00344386 0.860943
0.001025 2401.12 0.0444678 596369 -0.0138871 0.844923
0.001345 2355.81 0.0471417 596357 -0.00140779 0.860624
0.000445 2467.53 0.0408772 596388 -0.00982156 0.82281
0.004775 2499.03 0.00870683 596379 0.00922652 0.80293
0.002955 2194.98 0.0508333 596383 0.00521057 0.919091
0.002565 2208.28 0.0533079 596379 -0.0140865 0.91491
0.000295 2479.24 0.0403651 596360 0.00528819 0.818965
0.000855 2423.27 0.043194 596369 0.00582302 0.837423
0.003465 2219.61 0.0425411 596406 0.00714915 0.907096
0.004075 2336.4 0.0266268 596392 -0.00532328 0.860015
0.004305 2395.74 0.0201368 596395 0.00192564 0.838246
0.001355 2354.35 0.0472279 596358 0.000990361 0.861141
0.003665 2248.35 0.0378223 596356 0.0093493 0.894776
0.004785 2498.94 0.00868144 596383 0.00933648 0.802955
0.001035 2399.76 0.0445469 596365 -0.0125655 0.845382
0.000305 2478.6 0.040393 596363 0.00695611 0.819178
0.000865 2422.03 0.0432648 596373 0.00587222 0.837848
0.002575 2207.64 0.0532826 596375 -0.0136972 0.915134
0.003475 2220.71 0.0423223 596411 0.00593232 0.906621
0.000455 2466.65 0.0409183 596378 -0.0111593 0.823085
0.004085 2338.85 0.0263427 596389 -0.00684816 0.859087
0.001365 2352.89 0.0473141 596361 0.00287661 0.861661
0.002965 2194.85 0.050727 596387 0.00408336 0.919113
0.004795 2498.85 0.00865671 596386 0.00885405 0.802979
0.002245 2235.43 0.053215 596396 -0.00533987 0.904821
0.000315 2477.9 0.0404219 596357 0.00799081 0.819394
0.000875 2420.78 0.0433361 596378 0.00534661 0.838275
0.003485 2221.96 0.0421015 596391 0.00479921 0.906046
0.002585 2207.01 0.0532555 596370 -0.0125662 0.915356
0.004315 2398.34 0.019859 596398 -0.000200565 0.837321
0.001925 2273.57 0.0517191 596379 0.00379291 0.890489
0.004325 2400.95 0.0195818 596394 -0.00228878 0.836387
0.001605 2317.92 0.0493508 596357 -0.00193589 0.874167
0.004335 2403.57 0.0193051 596392 -0.004273 0.835456
0.003675 2249.94 0.0375691 596358 0.0113691 0.894115
0.004345 2406.18 0.0190291 596390 -0.00604121 0.834527
0.001615 2316.47 0.0494328 596358 0.00054156 0.874693
0.002975 2194.8 0.0506184 596408 0.00279653 0.91913
0.003685 2251.64 0.0373146 596388 0.0121669 0.893452
0.004355 2408.79 0.0187536 596387 -0.00739599 0.833601
0.001625 2315.02 0.0495145 596360 0.00251405 0.875221
0.003695 2253.42 0.0370586 596368 0.0117764 0.892687
0.004095 2341.31 0.0260587 596385 -0.00778924 0.858159
0.002985 2194.81 0.0505076 596394 0.00130322 0.91907
0.004365 2411.4 0.0184787 596383 -0.00807144 0.832677
0.001935 2272.26 0.0517818 596384 0.00273087 0.890987
0.001635 2313.58 0.0495957 596364 0.00384382 0.875751
0.003705 2255.3 0.0368012 596374 0.0105909 0.891919
0.002995 2194.88 0.0503946 596395 -0.000348591 0.919003
0.004375 2414 0.0182045 596379 -0.00780727 0.831756
0.001375 2351.43 0.0474003 596365 0.00412602 0.862183
0.003715 2257.2 0.0365426 596380 0.0091729 0.891147
0.004385 2416.6 0.0179309 596374 -0.00646633 0.830838
0.003005 2194.97 0.0502792 596396 -0.00204761 0.918931
0.001645 2312.14 0.0496766 596368 0.00447803 0.876282
0.002595 2206.39 0.0532266 596365 -0.0107487 0.915574
0.004105 2343.82 0.0257746 596394 -0.00788951 0.85723
0.001945 2270.94 0.0518437 596388 0.00140273 0.891483
0.003725 2259.11 0.0362826 596385 0.00791224 0.89037
0.004395 2419.19 0.017658 596369 -0.00422186 0.829923
0.001655 2310.69 0.049757 596373 0.00444863 0.876814
0.003015 2195.07 0.0501616 596396 -0.00396515 0.918852
0.001045 2398.39 0.0446264 596361 -0.0106368 0.845844
0.003735 2261.04 0.0360213 596389 0.00690628 0.889589
0.001665 2309.25 0.0498371 596378 0.00385427 0.877347
0.004405 2421.78 0.0173857 596364 -0.00168335 0.829012
0.003025 2195.18 0.0500417 596395 -0.0060226 0.918768
0.001385 2349.96 0.0474865 596369 0.00469385 0.862708
0.003745 2262.97 0.0357589 596392 0.00598643 0.888802
0.001055 2397.02 0.0447063 596359 -0.00822901 0.84631
0.001675 2307.81 0.0499167 596383 0.00282903 0.877879
0.004415 2424.36 0.0171141 596361 0.000461253 0.828108
0.004115 2346.35 0.0254905 596376 -0.00702364 0.856257
0.002605 2205.82 0.0531957 596376 -0.00832002 0.915789
0.003035 2195.31 0.0499196 596394 -0.00807113 0.918677
0.001955 2269.63 0.0519047 596391 -9.1644e-05 0.891976
0.003755 2264.92 0.0354952 596394 0.00489324 0.888011
0.001065 2395.64 0.0447866 596357 -0.00552758 0.846778
0.001685 2306.37 0.0499958 596387 0.00150729 0.87841
0.004425 2426.94 0.0168433 596359 0.00228391 0.82721
0.001395 2348.5 0.0475726 596374 0.00461363 0.863233
0.003045 2195.44 0.0497952 596391 -0.00991265 0.91858
0.003765 2266.88 0.0352303 596395 0.00345277 0.887217
0.001695 2304.94 0.0500745 596391 -4.81539e-06 0.87894
0.001075 2394.26 0.0448673 596356 -0.00275594 0.84725
0.004435 2429.51 0.0165731 596358 0.00484349 0.826316
0.004125 2348.94 0.0252065 596371 -0.00531723 0.855284
0.003055 2195.59 0.0496685 596388 -0.0114049 0.918477
0.003775 2268.85 0.0349643 596396 0.00165034 0.886418
0.002615 2205.31 0.0531629 596359 -0.00545423 0.915945
0.001705 2303.5 0.0501527 596393 -0.00164278 0.879469
0.001965 2268.33 0.0519647 596394 -0.00170159 0.892467
0.001085 2392.88 0.0449483 596357 -0.000148665 0.847725
0.004445 2432.08 0.0163036 596356 0.0089159 0.825425
0.001405 2347.03 0.0476587 596379 0.0039797 0.86376
0.003065 2195.81 0.0495395 596402 -0.012276 0.918368
0.003785 2270.83 0.0346972 596396 -0.000403889 0.885615
0.001715 2302.07 0.0502304 596395 -0.00337934 0.879996
0.001095 2391.5 0.0450296 596359 0.00207903 0.848204
0.004135 2351.53 0.0249227 596367 -0.00314106 0.854313
0.004455 2434.64 0.0160349 596354 0.013471 0.824538
0.003075 2196.09 0.0494083 596380 -0.0123623 0.918179
0.003795 2272.83 0.0344291 596395 -0.00255021 0.884808
0.002625 2204.85 0.0531282 596357 -0.00241049 0.916098
0.001725 2300.64 0.0503076 596396 -0.00520555 0.880521
0.001105 2390.11 0.0451113 596362 0.00375981 0.848686
0.001975 2267.03 0.0520239 596395 -0.00341537 0.892956
0.004465 2437.19 0.0157668 596354 0.0161492 0.823659
0.003085 2196.46 0.0492747 596375 -0.0116459 0.917984
0.003805 2274.83 0.0341598 596394 -0.00462597 0.883998
0.001415 2345.57 0.0477448 596383 0.00291892 0.864287
0.001735 2299.21 0.0503842 596395 -0.00710871 0.881046
0.001115 2388.72 0.0451933 596366 0.00479486 0.84917
0.004145 2354.12 0.0246389 596363 -0.000827099 0.853345
0.004475 2439.74 0.0154995 596360 0.0156038 0.822791
0.003095 2196.83 0.0491389 596370 -0.0102431 0.917784
0.003815 2276.85 0.0338896 596392 -0.00646237 0.883183
0.001745 2297.8 0.0504604 596401 -0.00904447 0.881568
0.001125 2387.32 0.0452756 596371 0.00516198 0.849658
0.002635 2204.4 0.0530916 596356 0.000497016 0.916251
0.000465 2465.75 0.0409602 596380 -0.0121029 0.82338
0.000475 2464.82 0.041003 596376 -0.0125306 0.823678
0.000885 2419.52 0.043408 596383 0.00435494 0.838704
0.000485 2463.88 0.0410466 596371 -0.0123641 0.823978
0.002645 2203.96 0.053053 596357 0.00300058 0.916401
0.000495 2462.94 0.041091 596367 -0.0115507 0.824281
0.000505 2461.99 0.0411363 596363 -0.0100997 0.824587
0.003495 2223.31 0.0418788 596393 0.00364898 0.905465
0.000895 2418.26 0.0434805 596387 0.00301897 0.839134
0.000515 2461.03 0.0411824 596360 -0.00808515 0.824897
0.002655 2203.53 0.0530125 596360 0.00485974 0.916551
0.002255 2234.38 0.0532418 596406 -0.007285 0.905231
0.000525 2460.06 0.0412293 596358 -0.00564393 0.825211
0.003105 2197.21 0.0490008 596366 -0.00816564 0.91758
0.000535 2459.08 0.041277 596356 -0.0029641 0.82553
0.002265 2233.37 0.0532673 596394 -0.00925964 0.905597
0.003115 2197.61 0.0488604 596362 -0.0055232 0.917372
0.000905 2416.99 0.0435535 596390 0.00144996 0.839566
0.000545 2458.1 0.0413255 596356 -0.000264606 0.825852
0.003505 2224.68 0.0416543 596395 0.00229906 0.904878
0.002275 2232.39 0.0532914 596392 -0.0111391 0.905959
0.002665 2203.1 0.05297 596364 0.0059381 0.916699
0.003125 2198.02 0.0487178 596359 -0.00247894 0.91716
0.000555 2457.1 0.0413748 596358 0.00223144 0.826179
0.001425 2344.1 0.0478308 596388 0.00155943 0.864815
0.002285 2231.42 0.053314 596389 -0.0127709 0.906317
0.003135 2198.44 0.0485728 596357 0.000729505 0.916945
0.000565 2456.1 0.0414249 596360 0.00432539 0.826511
0.000915 2415.72 0.043627 596393 -0.000266781 0.839999
0.001985 2265.73 0.0520821 596396 -0.00523457 0.893442
0.002295 2230.46 0.0533352 596385 -0.0139891 0.906672
0.003145 2198.87 0.0484256 596356 0.0037846 0.916726
0.000575 2455.1 0.0414758 596363 0.00586809 0.826846
0.003515 2226.06 0.0414278 596396 0.000634868 0.904285
0.002675 2202.69 0.0529255 596369 0.00622933 0.916845
0.002305 2229.51 0.0533549 596381 -0.0146447 0.907024
0.003155 2199.32 0.0482761 596357 0.00632918 0.916506
0.000585 2454.08 0.0415275 596367 0.00677583 0.827185
0.001435 2342.63 0.0479167 596391 5.42121e-06 0.865342
0.000925 2414.44 0.043701 596394 -0.00207577 0.840432
0.002315 2228.56 0.0533732 596376 -0.0146267 0.907373
0.003165 2199.77 0.0481243 596360 0.00805515 0.916282
0.000595 2453.06 0.0415799 596372 0.00703416 0.827528
0.001995 2264.43 0.0521394 596396 -0.0071486 0.893926
0.002685 2202.28 0.0528791 596374 0.00584638 0.916988
0.002325 2227.62 0.05339 596372 -0.0138771 0.907719
0.001445 2341.17 0.0480025 596393 -0.00167523 0.865868
0.003175 2200.24 0.0479703 596364 0.00880531 0.916056
0.000605 2452.03 0.0416331 596377 0.00669027 0.827874
0.000935 2413.16 0.0437755 596395 -0.00394527 0.840867
0.002335 2226.68 0.0534053 596367 -0.0124015 0.908064
0.003185 2200.73 0.047814 596369 0.00863259 0.915827
0.000615 2450.99 0.0416871 596381 0.00583672 0.828222
0.003825 2278.88 0.0336184 596389 -0.00786217 0.882365
0.002005 2263.17 0.0521957 596402 -0.00910315 0.894408
0.002345 2225.75 0.0534191 596363 -0.0102758 0.908406
0.003195 2201.22 0.0476554 596375 0.0077766 0.915593
0.002695 2201.88 0.0528306 596380 0.00497577 0.917127
0.000625 2449.94 0.0417419 596385 0.00458971 0.828572
0.003835 2280.92 0.0333463 596385 -0.00860924 0.881543
0.001455 2339.7 0.0480882 596395 -0.00344794 0.866394
0.002355 2224.82 0.0534313 596360 -0.00764722 0.908748
0.001755 2296.41 0.0505359 596393 -0.0109318 0.882067
0.001135 2385.92 0.0453583 596376 0.00490934 0.850147
0.001765 2295.05 0.0506109 596390 -0.0126518 0.882564
0.004155 2356.72 0.0243553 596360 0.00162059 0.852379
0.001145 2384.52 0.0454412 596380 0.00413639 0.850638
0.001775 2293.69 0.0506853 596386 -0.0140643 0.883059
0.000945 2411.86 0.0438506 596391 -0.00585031 0.841302
0.001785 2292.33 0.0507591 596382 -0.0150203 0.883553
0.001155 2383.11 0.0455244 596385 0.00296703 0.851129
0.000635 2448.89 0.0417974 596389 0.00306605 0.828925
0.001795 2290.97 0.0508322 596378 -0.0153895 0.884046
0.002015 2261.94 0.0522511 596392 -0.0110007 0.894856
0.001805 2289.61 0.0509047 596373 -0.0150804 0.884538
0.002025 2260.73 0.0523054 596390 -0.0127054 0.895302
0.001815 2288.26 0.0509766 596369 -0.0140574 0.88503
0.002035 2259.53 0.0523587 596386 -0.0140663 0.895745
0.001825 2286.91 0.0510478 596364 -0.0123521 0.885522
0.002045 2258.34 0.052411 596382 -0.0149298 0.896186
0.001835 2285.56 0.0511183 596361 -0.0100676 0.886014
0.002055 2257.14 0.0524622 596378 -0.0151693 0.896625
0.001845 2284.22 0.0511881 596358 -0.00737491 0.886507
0.002065 2255.96 0.0525124 596373 -0.0147041 0.897063
0.001855 2282.88 0.0512571 596357 -0.00449976 0.887002
0.002075 2254.77 0.0525615 596368 -0.0135133 0.897499
0.001865 2281.54 0.0513255 596357 -0.00169751 0.887497
0.002085 2253.6 0.0526095 596364 -0.0116452 0.897934
0.001875 2280.2 0.0513931 596358 0.0007804 0.887994
0.002095 2252.42 0.0526564 596360 -0.00921965 0.898369
0.001885 2278.87 0.0514599 596360 0.00272404 0.888492
0.002105 2251.26 0.0527021 596358 -0.00642455 0.898803
0.001895 2277.54 0.0515259 596364 0.00399747 0.888991
0.002705 2201.5 0.0527801 596385 0.00381437 0.917262
0.002115 2250.09 0.0527468 596357 -0.00350076 0.899238
0.001905 2276.21 0.0515911 596369 0.00455725 0.889491
0.001465 2338.23 0.0481738 596395 -0.00529663 0.866919
0.002125 2248.93 0.0527902 596357 -0.00071543 0.899674
0.001915 2274.89 0.0516555 596374 0.0044506 0.88999
0.002365 2223.91 0.053442 596357 -0.00472851 0.909089
0.001475 2336.77 0.0482592 596397 -0.00720144 0.867444
0.002135 2247.78 0.0528325 596358 0.00167534 0.90011
0.002715 2201.12 0.0527276 596389 0.00251005 0.917391
0.002375 2223 0.0534512 596356 -0.00178094 0.909429
0.001165 2381.71 0.0456078 596389 0.00152204 0.851622
0.002145 2246.63 0.0528735 596361 0.00346797 0.900546
0.001485 2335.31 0.0483445 596394 -0.00912074 0.867961
0.002725 2200.75 0.0526731 596392 0.00112693 0.917515
0.002385 2222.09 0.0534587 596357 0.00091622 0.909768
0.000955 2410.55 0.0439261 596394 -0.00775847 0.841751
0.002395 2221.19 0.0534647 596359 0.00310907 0.910108
0.001175 2380.3 0.0456915 596392 -0.000101742 0.852115
0.002155 2245.49 0.0529134 596365 0.00454587 0.900983
0.001495 2333.86 0.0484297 596392 -0.0109794 0.868477
0.001185 2378.88 0.0457755 596394 -0.00184032 0.852608
0.002735 2200.39 0.0526165 596394 -0.000350408 0.917634
0.002165 2244.35 0.052952 596370 0.00489544 0.901418
0.001505 2332.41 0.0485146 596389 -0.0126688 0.868993
0.001195 2377.47 0.0458597 596395 -0.00365848 0.853101
0.002405 2220.3 0.053469 596362 0.00461575 0.910447
0.002175 2243.22 0.0529894 596375 0.00459723 0.901853
0.002745 2200.04 0.0525578 596396 -0.00197585 0.917748
0.001515 2330.96 0.0485993 596386 -0.0140553 0.869508
0.001205 2376.04 0.0459441 596394 -0.0055351 0.853594
0.002185 2242.09 0.0530256 596380 0.0037942 0.902286
0.002415 2219.42 0.0534718 596367 0.0053608 0.910785
0.002755 2199.7 0.0524971 596396 -0.00378587 0.917856
0.001525 2329.51 0.0486839 596382 -0.0149977 0.870023
0.001215 2374.61 0.0460287 596395 -0.0074448 0.854091
0.002195 2240.96 0.0530604 596385 0.00264677 0.902717
0.002765 2199.36 0.0524343 596396 -0.00575716 0.917958
0.001535 2328.06 0.0487682 596377 -0.0153693 0.870538
0.002425 2218.54 0.0534729 596372 0.00538335 0.911121
0.002205 2239.85 0.053094 596389 0.00128928 0.903144
0.002775 2199.04 0.0523694 596395 -0.00779352 0.918056
0.001225 2373.18 0.0461135 596393 -0.00934154 0.854588
0.001545 2326.61 0.0488523 596373 -0.0150789 0.871053
0.002435 2217.67 0.0534723 596377 0.00481405 0.911456
0.002215 2238.74 0.0531262 596392 -0.000197871 0.903568
0.002785 2198.73 0.0523024 596393 -0.00973981 0.918148
0.001555 2325.16 0.0489361 596368 -0.0140886 0.871568
0.001235 2371.74 0.0461985 596391 -0.0111491 0.855086
0.002225 2237.63 0.0531572 596394 -0.00179085 0.903989
0.002445 2216.81 0.0534701 596382 0.00382821 0.911787
0.002795 2198.43 0.0522333 596390 -0.0114114 0.918235
0.001565 2323.71 0.0490196 596364 -0.0124263 0.872085
0.002235 2236.53 0.0531867 596396 -0.00350013 0.904407
0.001245 2370.3 0.0462836 596388 -0.0127603 0.855584
0.002805 2198.13 0.0521621 596386 -0.0126271 0.918316
0.001575 2322.26 0.0491029 596361 -0.0101906 0.872602
0.002455 2215.95 0.0534662 596387 0.0025993 0.912114
0.001255 2368.86 0.046369 596385 -0.0140463 0.856082
0.002815 2197.85 0.0520887 596382 -0.0132366 0.918392
0.001585 2320.81 0.0491859 596358 -0.00754677 0.873122
0.002465 2215.15 0.0534605 596403 0.00121782 0.912438
0.002825 2197.58 0.0520133 596377 -0.0131391 0.918463
0.002475 2214.38 0.0534532 596393 -0.000276491 0.912704
0.001265 2367.42 0.0464544 596381 -0.0148733 0.85658
0.002835 2197.31 0.0519356 596372 -0.0122921 0.91853
0.001595 2319.36 0.0492685 596357 -0.00471303 0.873643
0.002485 2213.68 0.0534442 596395 -0.00188781 0.912967
0.001275 2365.98 0.04654 596376 -0.0151231 0.85708
0.002845 2197.06 0.0518558 596368 -0.0107141 0.918593
0.002495 2212.98 0.0534334 596396 -0.00362909 0.913225
0.002855 2196.82 0.0517738 596363 -0.00848463 0.918652
0.002505 2212.28 0.0534208 596396 -0.00551983 0.913479
0.002865 2196.59 0.0516897 596360 -0.00574618 0.918708
0.002515 2211.6 0.0534065 596395 -0.00751074 0.913728
0.002875 2196.36 0.0516034 596358 -0.00270844 0.918761
0.002525 2210.92 0.0533904 596393 -0.00949256 0.913973
0.002535 2210.25 0.0533725 596391 -0.0113094 0.914214
0.002545 2209.58 0.0533528 596388 -0.0127857 0.91445
0.002555 2208.93 0.0533312 596384 -0.0137554 0.914682
