0.004805 338.662 0.232918 171937 0.0138218 1.76165
0.004815 338.696 0.232918 171937 0.0133801 1.76147
0.004825 338.722 0.232918 171937 0.0129408 1.76133
0.004835 338.74 0.232918 171937 0.0125064 1.76124
0.004845 338.749 0.232918 171937 0.0120547 1.76119
0.004855 338.75 0.232918 171937 0.011609 1.76119
0.004865 338.742 0.232918 171937 0.0111543 1.76123
0.004875 338.726 0.232918 171937 0.0107209 1.76131
0.004885 338.701 0.232918 171937 0.0102809 1.76144
0.004895 338.668 0.232918 171937 0.00983947 1.76162
0.004905 338.625 0.232918 171937 0.00941993 1.76184
0.004915 338.576 0.232918 171938 0.00895835 1.7621
0.004925 338.627 0.232918 171937 0.00849728 1.76183
0.004935 338.673 0.232918 171937 0.00807973 1.76159
0.004945 338.71 0.232918 171937 0.00764164 1.7614
0.004955 338.739 0.232918 171937 0.00720574 1.76125
0.004965 338.76 0.232918 171937 0.00677163 1.76114
0.004975 338.772 0.232918 171937 0.00633648 1.76107
0.004985 338.776 0.232918 171937 0.00588928 1.76105
0.004995 338.772 0.232918 171937 0.00544132 1.76108
0.005005 338.759 0.232918 171937 0.00500751 1.76114
0.005015 338.738 0.232918 171937 0.00457365 1.76125
0.005025 338.708 0.232918 171937 0.00413822 1.76141
0.005035 338.67 0.232918 171937 0.00370179 1.76161
0.005045 338.623 0.232918 171937 0.00328719 1.76185
0.005055 338.571 0.232918 171938 0.00283022 1.76213
0.005065 338.618 0.232918 171937 0.00237332 1.76188
0.005075 338.66 0.232918 171937 0.00195937 1.76166
0.005085 338.693 0.232918 171937 0.00152494 1.76149
0.005095 338.718 0.232918 171937 0.0010922 1.76136
0.005105 338.735 0.232918 171937 0.000666793 1.76127
0.005115 338.743 0.232918 171937 0.000217857 1.76123
0.004485 338.695 0.232918 171937 0.0284109 1.76147
5e-06 2356.34 0.00146904 171943 -0.00263644 0.248706
0.004495 338.661 0.232918 171937 0.0279544 1.76166
0.004165 338.731 0.232917 171937 0.0425399 1.76129
1.5e-05 2356.33 0.00146898 171943 -0.00669117 0.248707
0.004505 338.616 0.232918 171937 0.0275197 1.76189
0.000325 2348.15 0.00257355 171942 -0.022571 0.249552
0.004515 338.565 0.232918 171938 0.0270346 1.76217
2.5e-05 2356.32 0.00146884 171943 -0.00783137 0.248708
0.003845 338.619 0.232916 171938 0.057147 1.76188
0.004525 338.613 0.232918 171937 0.0265582 1.7619
0.004175 338.744 0.232917 171937 0.0421219 1.76123
3.5e-05 2356.3 0.00146864 171943 -0.00570162 0.24871
0.000335 2347.61 0.0026421 171944 -0.025577 0.249611
0.004535 338.656 0.232918 171937 0.0261192 1.76168
0.003855 338.566 0.232916 171939 0.0566036 1.76216
0.004185 338.749 0.232917 171937 0.0416908 1.7612
4.5e-05 2356.28 0.00146838 171943 -0.00171821 0.248712
0.000345 2347.07 0.00271036 171945 -0.0275948 0.249669
0.000645 2318.52 0.00578798 171941 -0.0442718 0.252685
0.004545 338.692 0.232918 171937 0.0256585 1.76149
0.003865 338.613 0.232916 171938 0.0560948 1.76191
0.004195 338.747 0.232917 171937 0.041263 1.76121
5.5e-05 2356.25 0.00146804 171943 0.00151734 0.248714
0.000355 2346.52 0.00277829 171945 -0.0279274 0.249725
0.004555 338.72 0.232918 171937 0.0251993 1.76135
0.003875 338.656 0.232916 171938 0.0556181 1.76169
0.000655 2317.18 0.00592219 171943 -0.0484971 0.252831
0.004205 338.737 0.232917 171937 0.040839 1.76126
6.5e-05 2356.19 0.00147386 171941 0.00175929 0.248717
0.000365 2345.97 0.00284584 171944 -0.026822 0.249781
0.004565 338.741 0.232918 171937 0.0247392 1.76124
0.000665 2315.85 0.00605573 171945 -0.0512163 0.252977
0.003885 338.691 0.232917 171938 0.0551214 1.7615
0.004215 338.719 0.232917 171937 0.0404159 1.76136
7.5e-05 2356.12 0.00148491 171943 -0.00156134 0.248728
0.004575 338.753 0.232918 171937 0.0242802 1.76117
0.000375 2345.43 0.00291296 171943 -0.0249546 0.249837
0.000675 2314.52 0.00618858 171946 -0.0505216 0.253123
0.003895 338.718 0.232917 171938 0.0546292 1.76136
0.004225 338.692 0.232917 171937 0.0399855 1.7615
8.5e-05 2356.01 0.00150211 171944 -0.00673774 0.24874
0.004585 338.759 0.232918 171937 0.0238028 1.76114
0.000385 2344.88 0.00297957 171942 -0.0233297 0.249892
0.000685 2313.19 0.00632072 171945 -0.0472895 0.253265
0.003905 338.737 0.232917 171938 0.0541403 1.76127
0.004235 338.658 0.232917 171937 0.0395502 1.76168
0.004595 338.756 0.232918 171937 0.023329 1.76116
9.5e-05 2355.9 0.00151924 171944 -0.0111646 0.248752
0.003915 338.747 0.232917 171938 0.0536251 1.76121
0.000695 2311.86 0.00645213 171943 -0.0445981 0.253405
0.000395 2344.33 0.0030456 171941 -0.0232766 0.249948
0.004245 338.614 0.232918 171937 0.0391359 1.7619
0.004605 338.745 0.232918 171937 0.0228633 1.76121
0.000105 2355.78 0.00153629 171944 -0.0129477 0.248764
0.003925 338.748 0.232917 171938 0.0531248 1.76121
0.000705 2310.54 0.0065828 171942 -0.0439214 0.253547
0.000405 2343.78 0.00311097 171942 -0.0256741 0.250006
0.004255 338.563 0.232918 171938 0.0386694 1.76218
0.000115 2355.66 0.00155327 171944 -0.0118751 0.248776
0.004615 338.727 0.232918 171937 0.022403 1.76131
0.003935 338.74 0.232917 171938 0.0526342 1.76125
0.000715 2309.21 0.0067127 171941 -0.044531 0.253688
0.000415 2343.23 0.0031756 171944 -0.0296106 0.250066
0.004265 338.612 0.232918 171937 0.038216 1.76191
0.000125 2355.53 0.00157016 171943 -0.00899582 0.248789
0.003945 338.723 0.232917 171938 0.0521598 1.76134
0.004625 338.7 0.232918 171937 0.0219395 1.76145
0.000725 2307.89 0.00684183 171940 -0.0464459 0.25383
0.000425 2342.68 0.00323942 171945 -0.0325929 0.250125
0.004275 338.656 0.232918 171937 0.0377959 1.76169
0.003205 342.124 0.232288 171940 0.0878518 1.74285
0.000135 2355.39 0.00158698 171943 -0.00612921 0.248802
0.004635 338.665 0.232918 171937 0.0214761 1.76163
0.003955 338.696 0.232917 171938 0.0516779 1.76148
0.000735 2306.57 0.00697018 171942 -0.0506786 0.253975
0.000435 2342.14 0.00330241 171945 -0.0330028 0.250182
0.004285 338.692 0.232918 171937 0.037355 1.7615
0.000145 2355.21 0.00161137 171939 -0.00511723 0.248815
0.004645 338.621 0.232918 171937 0.0210376 1.76186
0.003215 341.905 0.232335 171940 0.0873821 1.74403
0.003965 338.661 0.232917 171938 0.0511971 1.76166
0.000745 2305.25 0.00709774 171945 -0.0556097 0.254123
0.000445 2341.6 0.00336454 171944 -0.0314324 0.250237
0.004295 338.719 0.232918 171937 0.0369155 1.76135
0.004655 338.57 0.232918 171938 0.020556 1.76214
0.000155 2355 0.00164225 171943 -0.00703195 0.248841
0.003975 338.615 0.232917 171938 0.050746 1.7619
0.003225 341.695 0.23238 171940 0.086889 1.74516
0.000755 2303.93 0.00722448 171947 -0.056901 0.254269
0.001285 2138.9 0.0218375 171946 -0.0876517 0.273753
0.000455 2341.05 0.00342586 171943 -0.0296306 0.250291
0.004305 338.738 0.232918 171937 0.0364772 1.76125
0.004665 338.619 0.232918 171937 0.0200778 1.76187
0.003985 338.562 0.232917 171939 0.0502428 1.76219
0.000165 2354.75 0.0016807 171943 -0.0111994 0.248869
0.003235 341.493 0.232421 171940 0.0863762 1.74624
0.000765 2302.62 0.00735041 171946 -0.05307 0.25441
0.000465 2340.52 0.00348645 171942 -0.0291207 0.250346
0.004315 338.749 0.232918 171937 0.0360174 1.7612
0.001295 2129.33 0.0226474 171950 -0.0933418 0.274987
0.004675 338.663 0.232918 171937 0.0196458 1.76164
0.003995 338.608 0.232917 171938 0.0497743 1.76194
0.000175 2354.49 0.00171905 171944 -0.0155487 0.248897
0.003245 341.297 0.232459 171940 0.085858 1.7473
0.000775 2301.31 0.00747551 171943 -0.0479513 0.254549
0.000475 2339.98 0.00354644 171942 -0.0304807 0.250402
0.004325 338.75 0.232918 171937 0.0355629 1.76119
0.004685 338.699 0.232918 171937 0.0191942 1.76146
0.001305 2119.77 0.0234553 171951 -0.0909416 0.276227
0.004005 338.649 0.232917 171938 0.049341 1.76172
0.000185 2354.23 0.0017573 171944 -0.0178886 0.248924
0.003255 341.106 0.232495 171940 0.085351 1.74832
0.000785 2300 0.00759977 171942 -0.0465134 0.254689
0.000485 2339.11 0.00363257 171918 -0.0334604 0.250459
0.004335 338.742 0.232918 171937 0.0351084 1.76124
0.004695 338.726 0.232918 171937 0.0187463 1.76131
0.004015 338.684 0.232917 171938 0.0488932 1.76154
0.001315 2110.23 0.0242613 171950 -0.0814458 0.277472
0.000195 2353.96 0.00179543 171944 -0.0175114 0.248951
0.003265 340.919 0.232528 171939 0.084865 1.74932
0.000795 2298.7 0.00772318 171941 -0.0505073 0.254831
0.000495 2338.17 0.00374213 171944 -0.036626 0.250595
0.004345 338.725 0.232918 171937 0.0346698 1.76132
0.004705 338.745 0.232918 171937 0.018304 1.76122
0.004025 338.711 0.232917 171937 0.0484535 1.7614
0.001325 2100.7 0.0250654 171946 -0.0727703 0.278724
0.000205 2353.69 0.00183346 171943 -0.015396 0.248979
0.003275 340.736 0.232559 171939 0.0844014 1.75031
0.000805 2297.39 0.00784574 171942 -0.0577733 0.254975
0.003525 338.97 0.232878 171939 0.0728937 1.75996
0.000505 2336.9 0.00387817 171945 -0.0385911 0.250731
0.004355 338.699 0.232918 171937 0.0342227 1.76146
0.004715 338.755 0.232918 171937 0.0178434 1.76117
0.004035 338.729 0.232917 171937 0.0480203 1.7613
0.001335 2091.17 0.0258674 171941 -0.0755588 0.279982
0.000215 2353.41 0.00187135 171943 -0.0133485 0.249006
0.003285 340.557 0.232587 171939 0.0839536 1.75127
0.000815 2295.14 0.00803536 171871 -0.0648503 0.25512
0.000515 2335.63 0.00401423 171945 -0.0384457 0.250867
0.004365 338.663 0.232918 171937 0.0337736 1.76165
0.003535 338.943 0.232882 171939 0.0724194 1.76011
0.004725 338.755 0.232918 171937 0.0173903 1.76116
0.004045 338.74 0.232917 171937 0.0475792 1.76125
0.001345 2081.66 0.0266674 171935 -0.0910047 0.281249
0.000965 2244.38 0.0126991 171940 -0.0666823 0.260949
0.000225 2353.12 0.00190913 171942 -0.0127323 0.249035
0.003295 340.381 0.232614 171939 0.0835131 1.75221
0.000825 2292.61 0.00829092 171947 -0.0678083 0.255509
0.004375 338.618 0.232918 171937 0.0333485 1.76188
0.000525 2334.35 0.00415042 171945 -0.0366308 0.251001
0.003545 338.908 0.232885 171939 0.071941 1.7603
0.004735 338.747 0.232918 171937 0.01693 1.7612
0.004055 338.742 0.232917 171937 0.04714 1.76124
0.001355 2072.17 0.0274652 171934 -0.105743 0.282535
0.000235 2352.74 0.00195825 171935 -0.0140525 0.249065
0.003305 340.209 0.232638 171939 0.0830753 1.75314
0.000975 2241 0.0130032 171943 -0.0788441 0.261344
0.000835 2289.13 0.00861355 171948 -0.0652881 0.255896
0.004385 338.565 0.232918 171938 0.0328711 1.76216
0.002885 372.017 0.227053 171941 0.0950803 1.59887
0.000535 2333.06 0.00428683 171943 -0.0346138 0.251136
0.004745 338.73 0.232918 171937 0.0164914 1.76129
0.004065 338.735 0.232917 171937 0.0466981 1.76127
0.003555 338.865 0.232888 171939 0.0714578 1.76053
0.001365 2062.69 0.0282609 171942 -0.107018 0.283845
0.000245 2352.33 0.00201713 171943 -0.0169481 0.249119
0.003315 340.038 0.232661 171939 0.0826546 1.75405
0.000985 2237.63 0.0133056 171946 -0.0839968 0.261739
0.000845 2285.65 0.00893517 171946 -0.0582684 0.25628
0.004395 338.613 0.232918 171937 0.0324153 1.76191
0.000545 2331.76 0.00442349 171942 -0.0344154 0.251272
0.002895 369.889 0.227398 171941 0.0950894 1.60827
0.004755 338.704 0.232918 171937 0.0160458 1.76143
0.004075 338.72 0.232917 171937 0.0462831 1.76135
0.003565 338.814 0.232891 171939 0.0709727 1.7608
0.001375 2053.22 0.0290543 171951 -0.0975085 0.285167
0.000255 2351.82 0.00208733 171944 -0.0203519 0.249173
0.003325 339.868 0.232682 171940 0.0821927 1.75497
0.000995 2234.28 0.0136062 171948 -0.0794392 0.262133
0.000855 2282.17 0.00925572 171943 -0.0508606 0.256663
0.004405 338.655 0.232918 171937 0.0319925 1.76169
0.000555 2330.46 0.00456038 171941 -0.0371479 0.251409
0.002905 367.831 0.227726 171941 0.0951002 1.61747
0.004765 338.668 0.232918 171937 0.015599 1.76162
0.004085 338.695 0.232917 171937 0.0458881 1.76148
0.003575 338.753 0.232893 171939 0.0705161 1.76112
0.001385 2043.77 0.0298454 171953 -0.0864785 0.286487
0.000265 2351.31 0.00215737 171945 -0.0227005 0.249227
0.003335 339.82 0.232701 171939 0.0817304 1.75524
0.001005 2230.93 0.0139049 171947 -0.068181 0.262521
0.000865 2278.7 0.00957518 171941 -0.048095 0.257048
0.004415 338.689 0.232918 171937 0.0315505 1.76151
0.000565 2329.15 0.00469744 171941 -0.0415552 0.251548
0.002915 365.845 0.228038 171945 0.0950976 1.62648
0.004775 338.623 0.232918 171937 0.0151751 1.76185
0.004095 338.665 0.232917 171937 0.0455014 1.76164
0.003585 338.685 0.232896 171940 0.0700012 1.76149
0.001395 2034.35 0.030634 171949 -0.0771635 0.287807
0.000275 2350.79 0.00222724 171944 -0.0229288 0.24928
0.003345 339.773 0.232718 171939 0.0812844 1.75551
0.001015 2227.6 0.0142017 171943 -0.056497 0.262905
0.000875 2275.24 0.00989349 171940 -0.0537793 0.257435
0.004425 338.716 0.232918 171937 0.0311108 1.76137
0.000575 2327.83 0.00483459 171943 -0.0449308 0.251691
0.002925 364.261 0.228333 171941 0.0950391 1.63371
0.004785 338.571 0.232918 171938 0.0147063 1.76213
0.004105 338.632 0.232917 171937 0.0450914 1.76181
0.003595 338.719 0.232898 171939 0.0695076 1.76131
0.001405 2024.94 0.03142 171944 -0.0719293 0.289133
0.000285 2350.27 0.00229692 171944 -0.021288 0.249333
0.003355 339.722 0.232735 171939 0.0808247 1.7558
0.001025 2224.29 0.0144964 171939 -0.050827 0.263288
0.000885 2271.78 0.0102106 171940 -0.0665485 0.257824
0.004435 338.734 0.232918 171937 0.030673 1.76128
0.000585 2326.51 0.00497172 171945 -0.0456918 0.251836
0.002935 362.757 0.228613 171941 0.0949598 1.64067
0.004795 338.62 0.232918 171937 0.0142436 1.76187
0.004115 338.6 0.232917 171937 0.0446928 1.76198
0.003605 338.75 0.232899 171939 0.0690497 1.76115
0.000295 2349.75 0.0023664 171943 -0.0193003 0.249386
0.001415 2015.56 0.0322032 171938 -0.0760876 0.290468
0.003365 339.667 0.23275 171939 0.0803653 1.75611
0.001035 2220.99 0.014789 171938 -0.0548314 0.263674
0.000895 2268.33 0.0105265 171942 -0.0784655 0.258216
0.004445 338.744 0.232918 171937 0.0302151 1.76122
0.002945 361.324 0.228879 171941 0.0948673 1.64736
0.000595 2325.18 0.00510871 171946 -0.0442958 0.251979
0.002565 517.582 0.203805 171943 0.0785719 1.14262
0.000605 2323.85 0.00524544 171945 -0.0420699 0.252119
0.001925 1440.05 0.0875767 171937 -0.0739648 0.406943
0.002575 509.849 0.204953 171943 0.0797621 1.16019
0.000615 2322.52 0.00538182 171943 -0.0401322 0.25226
0.001605 1845.63 0.0463125 171955 -0.090002 0.317265
0.002585 502.28 0.206072 171943 0.080923 1.17792
0.001935 1420.88 0.0897115 171943 -0.0568656 0.41247
0.000625 2321.19 0.00551775 171942 -0.0394228 0.2524
0.002595 494.888 0.207163 171943 0.0820004 1.19576
0.001945 1401.76 0.0918437 171951 -0.0336333 0.41814
0.001615 1837.35 0.0470002 171954 -0.0769014 0.318696
0.000635 2319.85 0.00565315 171941 -0.0407972 0.252542
0.002605 487.689 0.208225 171943 0.0830004 1.21367
0.002245 875.4 0.153371 171947 0.0272762 0.671551
0.002255 861.418 0.15528 171946 0.0281169 0.68255
0.004125 338.568 0.232917 171938 0.0442668 1.76215
0.004455 338.745 0.232918 171937 0.029761 1.76122
0.004135 338.631 0.232917 171937 0.043826 1.76182
0.002265 847.564 0.157171 171945 0.0274618 0.693806
0.003615 338.775 0.232901 171939 0.0685716 1.76103
0.004145 338.678 0.232917 171937 0.0434164 1.76157
0.004155 338.71 0.232917 171937 0.0429748 1.7614
0.004465 338.738 0.232918 171937 0.0293051 1.76126
0.002275 833.84 0.159045 171945 0.02882 0.705333
0.002285 820.246 0.160901 171945 0.0326851 0.717139
0.002295 806.783 0.162739 171946 0.0364534 0.729227
0.002305 793.452 0.164557 171946 0.0380927 0.741599
0.002315 780.255 0.166357 171945 0.0385058 0.754264
0.002325 767.192 0.168136 171945 0.0398934 0.767236
0.002335 754.265 0.169896 171945 0.0427883 0.780521
0.002345 741.474 0.171635 171946 0.0457072 0.794127
0.002355 728.821 0.173353 171946 0.0474215 0.808057
0.002365 716.306 0.17505 171945 0.048467 0.822321
0.002375 703.93 0.176725 171945 0.050075 0.836931
0.002385 691.691 0.178379 171945 0.0524156 0.851899
0.002395 679.59 0.18001 171945 0.0546074 0.867232
0.000305 2349.22 0.00243568 171942 -0.0186179 0.24944
0.002405 667.624 0.181618 171945 0.056119 0.882944
0.002415 655.788 0.183203 171945 0.0574023 0.899052
0.002425 644.078 0.184765 171945 0.0591424 0.915576
0.002435 632.578 0.186302 171969 0.0614279 0.932537
0.000315 2348.69 0.00250474 171941 -0.0198777 0.249495
0.002445 622.66 0.187814 171945 0.0627264 0.947445
0.002455 613.004 0.1893 171944 0.0640551 0.962561
0.001425 2006.2 0.0329836 171935 -0.0887876 0.291817
0.002465 603.518 0.190759 171944 0.0653547 0.977887
0.003375 339.607 0.232764 171939 0.0799021 1.75644
0.002475 594.202 0.19219 171944 0.066883 0.993422
0.002955 359.957 0.229131 171941 0.0947611 1.65379
0.002485 585.051 0.193593 171944 0.068474 1.00917
0.001045 2217.71 0.0150794 171940 -0.0667037 0.264064
0.001435 1996.87 0.0337608 171938 -0.100519 0.293185
0.002965 358.653 0.229368 171941 0.0946357 1.65997
0.002495 576.064 0.194968 171944 0.0698671 1.02512
0.001055 2214.45 0.0153676 171944 -0.0795345 0.264456
0.002975 357.406 0.229593 171941 0.0945061 1.66593
0.001445 1987.58 0.0345349 171946 -0.102845 0.29457
0.003385 339.544 0.232777 171939 0.079438 1.75679
0.000905 2264.88 0.0108411 171945 -0.0812391 0.258611
0.002505 567.238 0.196316 171944 0.0710937 1.04129
0.001065 2211.21 0.0156534 171947 -0.086008 0.264847
0.002985 356.215 0.229806 171941 0.0943935 1.67166
0.001455 1978.31 0.0353055 171952 -0.0951583 0.29596
0.001955 1382.7 0.0939732 171954 -0.0231253 0.423938
0.003395 339.477 0.232789 171939 0.0789769 1.75716
0.002515 558.572 0.197635 171944 0.0723697 1.05766
0.001075 2207.98 0.0159368 171949 -0.0830299 0.265234
0.002995 355.076 0.230007 171941 0.0943002 1.67717
0.001465 1969.08 0.0360725 171953 -0.0825576 0.297347
0.001625 1829.17 0.0476812 171946 -0.0588873 0.32011
0.003405 339.407 0.2328 171939 0.0785176 1.75754
0.002525 550.064 0.198926 171944 0.0737508 1.07424
0.001085 2204.78 0.0162177 171948 -0.07231 0.265615
0.003005 353.986 0.230196 171941 0.094207 1.68249
0.000915 2261.44 0.0111544 171948 -0.0740682 0.259006
0.001635 1821.09 0.0483552 171936 -0.0480323 0.321519
0.001475 1959.9 0.0368356 171947 -0.0714901 0.298732
0.003415 339.332 0.23281 171939 0.0780543 1.75794
0.002535 541.712 0.200188 171944 0.0750947 1.09103
0.001095 2201.6 0.016496 171943 -0.0590043 0.265989
0.003015 352.942 0.230375 171941 0.0940862 1.68761
0.001645 1813.1 0.0490221 171933 -0.0524144 0.322934
0.001965 1363.68 0.0960996 171950 -0.0307928 0.429865
0.000925 2258.01 0.0114663 171947 -0.0627979 0.259395
0.001485 1950.75 0.0375948 171940 -0.0676564 0.300119
0.003425 339.253 0.232819 171939 0.0775861 1.75837
0.002545 533.515 0.201422 171944 0.0762984 1.10803
0.001105 2198.44 0.0167716 171938 -0.0505683 0.266361
0.003025 351.942 0.230543 171941 0.0939202 1.69255
0.001655 1805.21 0.0496817 171938 -0.0671384 0.32436
0.000935 2254.59 0.0117768 171943 -0.0535206 0.25978
0.001975 1344.72 0.0982228 171943 -0.0461175 0.435936
0.001495 1941.66 0.0383496 171935 -0.0736313 0.301518
0.003435 339.169 0.232828 171939 0.0771162 1.75882
0.002555 525.472 0.202628 171944 0.0774218 1.12522
0.001115 2195.3 0.0170446 171937 -0.0532383 0.266737
0.003035 350.98 0.230701 171941 0.0937129 1.69732
0.001665 1797.43 0.0503339 171946 -0.0801142 0.325786
0.000945 2251.18 0.0120858 171940 -0.0501268 0.260167
0.001985 1325.82 0.100342 171939 -0.0535374 0.442171
0.001505 1932.61 0.0391 171936 -0.0859099 0.302931
0.003445 339.078 0.232835 171939 0.0766752 1.75931
0.002615 480.686 0.209259 171943 0.0839802 1.2316
0.003455 338.982 0.232843 171940 0.0761711 1.75983
0.003625 338.793 0.232903 171939 0.068098 1.76094
0.003465 338.994 0.232849 171939 0.0756968 1.75977
0.004475 338.721 0.232918 171937 0.028863 1.76134
0.003475 339.004 0.232855 171939 0.075258 1.75973
0.003635 338.804 0.232904 171939 0.0676173 1.76088
0.002625 473.888 0.210264 171954 0.0850323 1.24961
0.001125 2192.19 0.0173149 171940 -0.0663494 0.267118
0.002635 468.08 0.211238 171942 0.0857839 1.26529
0.001135 2189.1 0.0175823 171945 -0.0809052 0.267501
0.001995 1306.96 0.102458 171941 -0.0451882 0.448586
0.002645 462.444 0.212185 171942 0.0865676 1.28097
0.001145 2186.04 0.0178469 171948 -0.0875606 0.267879
0.003045 350.054 0.23085 171941 0.0934791 1.70193
0.002655 456.935 0.213102 171942 0.0872285 1.29667
0.001155 2183 0.0181086 171949 -0.0847871 0.268251
0.001515 1923.61 0.0398457 171942 -0.0962621 0.30436
0.003055 349.163 0.23099 171943 0.0932117 1.70642
0.002665 451.557 0.213991 171942 0.0878245 1.31238
0.001165 2179.98 0.0183674 171948 -0.0754745 0.268619
0.001675 1789.75 0.0509785 171954 -0.084846 0.327203
0.002005 1288.17 0.10457 171948 -0.0271498 0.455181
0.003065 348.509 0.231122 171941 0.0929151 1.70973
0.002675 446.318 0.21485 171942 0.0884219 1.32805
0.001175 2176.99 0.0186233 171944 -0.0616346 0.268978
0.001685 1782.19 0.0516154 171957 -0.0786422 0.328603
0.002015 1269.42 0.106678 171952 -0.0140098 0.461948
0.003075 347.892 0.231245 171940 0.0926091 1.71287
0.002685 441.225 0.215682 171942 0.0890343 1.34364
0.001525 1914.68 0.0405866 171950 -0.0975754 0.305796
0.001185 2174.03 0.0188762 171937 -0.0492719 0.269332
0.001695 1774.74 0.0522445 171950 -0.0586584 0.329975
0.002025 1250.74 0.108781 171951 -0.0150588 0.468882
0.003085 347.306 0.231361 171940 0.0923 1.71587
0.002695 436.277 0.216486 171942 0.0896365 1.35914
0.001195 2171.09 0.0191263 171934 -0.0497182 0.26969
0.001535 1905.8 0.0413223 171954 -0.0884785 0.307229
0.003095 346.748 0.23147 171940 0.0919835 1.71873
0.001705 1767.41 0.0528656 171936 -0.0354635 0.331325
0.002035 1232.11 0.110879 171945 -0.0256065 0.475995
0.002705 431.474 0.217262 171942 0.0901946 1.37453
0.001205 2168.18 0.0193735 171939 -0.0657756 0.270059
0.001545 1896.98 0.0420527 171951 -0.0738278 0.308652
0.003105 346.215 0.231572 171940 0.0916467 1.72148
0.000955 2247.78 0.0123932 171939 -0.0549399 0.260556
0.002045 1213.53 0.112972 171939 -0.0342486 0.483304
0.001715 1760.2 0.0534787 171930 -0.0317202 0.332678
0.002715 426.813 0.218011 171942 0.0907812 1.38981
0.001215 2165.29 0.0196178 171947 -0.0842439 0.270429
0.001555 1888.24 0.0427776 171943 -0.0621001 0.31007
0.003115 345.704 0.231667 171940 0.0912921 1.72412
0.002055 1195.01 0.115059 171942 -0.0280594 0.490844
0.001725 1753.11 0.0540836 171937 -0.0510696 0.334043
0.003485 339.01 0.232861 171939 0.0747702 1.75971
0.001735 1746.15 0.0546802 171947 -0.0708555 0.335403
0.003645 338.808 0.232905 171938 0.0671139 1.76086
0.001745 1739.32 0.0552684 171954 -0.0742361 0.336741
0.002725 422.289 0.218734 171942 0.0906612 1.40495
0.003495 339.009 0.232866 171939 0.0743038 1.75973
0.003125 345.214 0.231756 171940 0.0909322 1.72666
0.003655 338.804 0.232907 171938 0.0666172 1.76089
0.001755 1732.63 0.0558483 171955 -0.0674326 0.338054
0.001225 2162.43 0.0198593 171950 -0.0907117 0.270791
0.003505 339.003 0.23287 171939 0.0738285 1.75977
0.002735 417.898 0.21943 171944 0.093006 1.42
0.001565 1879.56 0.0434968 171936 -0.0604278 0.311491
0.001765 1726.07 0.0564196 171953 -0.063278 0.339343
0.003665 338.793 0.232908 171939 0.0661328 1.76095
0.003135 344.743 0.23184 171940 0.0905721 1.72911
0.001235 2159.59 0.020098 171949 -0.0843199 0.271144
0.003515 338.99 0.232874 171939 0.0733659 1.75984
0.002745 413.635 0.220101 171942 0.0914919 1.43487
0.001775 1719.65 0.0569824 171949 -0.0653521 0.340612
0.003675 338.773 0.232909 171939 0.0656524 1.76106
0.001575 1870.96 0.04421 171935 -0.0694589 0.312924
0.003145 344.288 0.231918 171940 0.0902074 1.73148
0.001245 2156.77 0.0203339 171947 -0.0740772 0.271493
0.001785 1709.75 0.0578643 171575 -0.0691817 0.341864
0.002065 1176.54 0.117141 171947 -0.0146634 0.498606
0.001795 1693.58 0.0596857 171948 -0.0696769 0.345871
0.002755 409.494 0.220746 171941 0.0925036 1.44964
0.003685 338.747 0.232909 171939 0.0651727 1.7612
0.002075 1158.13 0.119216 171950 -0.00376332 0.506589
0.001805 1673.81 0.0618359 171951 -0.0653071 0.349971
0.002765 405.466 0.221367 171941 0.0928315 1.46429
0.003695 338.714 0.23291 171939 0.0646891 1.76137
0.001815 1654.08 0.0639858 171954 -0.0568777 0.354163
0.002775 401.559 0.221963 171948 0.0932178 1.47885
0.002085 1139.77 0.121285 171949 -0.00351658 0.514795
0.001585 1862.43 0.0449172 171940 -0.0827898 0.314368
0.001825 1634.4 0.0661354 171956 -0.05155 0.358443
0.003705 338.678 0.232911 171938 0.0641977 1.76156
0.003155 343.849 0.231991 171940 0.0898369 1.73377
0.002785 398.31 0.222535 171941 0.0934678 1.49111
0.002095 1121.47 0.123348 171946 -0.0107764 0.523236
0.001835 1614.76 0.0682844 171951 -0.0616778 0.362804
0.001595 1853.99 0.0456181 171948 -0.0916864 0.315819
0.003715 338.638 0.232912 171938 0.0637288 1.76177
0.003165 343.422 0.232059 171940 0.0894668 1.736
0.002795 395.2 0.223083 171941 0.0937224 1.50309
0.001845 1595.16 0.0704327 171940 -0.086881 0.367249
0.003725 338.592 0.232912 171939 0.0632001 1.76202
0.002105 1103.22 0.125403 171943 -0.0152115 0.531937
0.001255 2153.98 0.0205673 171944 -0.0683418 0.271838
0.003175 343.005 0.232122 171940 0.0891043 1.73818
0.002115 1085.01 0.127451 171943 -0.0103534 0.540919
0.001265 2151.21 0.020798 171941 -0.0700988 0.272183
0.001855 1575.61 0.0725803 171932 -0.10208 0.371804
0.002125 1066.86 0.129491 171947 0.000200029 0.550192
0.003185 342.6 0.232181 171942 0.08871 1.74033
0.001275 2145.79 0.0212015 171724 -0.0780557 0.27253
0.001865 1556.1 0.0747269 171938 -0.0861237 0.376492
0.002135 1048.76 0.131522 171949 0.00742102 0.559759
0.003195 342.354 0.232236 171940 0.0882925 1.74162
0.001875 1536.64 0.0768724 171950 -0.0541382 0.381303
0.002805 392.21 0.223609 171941 0.0939796 1.51479
0.001885 1517.23 0.0790166 171956 -0.0355943 0.386212
0.003735 338.645 0.232913 171938 0.0626764 1.76173
0.002815 389.335 0.224112 171941 0.0942367 1.52622
0.001895 1497.86 0.0811593 171954 -0.0386072 0.391218
0.002825 386.569 0.224593 171941 0.094455 1.53738
0.003745 338.69 0.232913 171938 0.0621886 1.7615
0.001905 1478.54 0.0833004 171947 -0.0546513 0.396332
0.002145 1030.7 0.133545 171948 0.00665493 0.569627
0.002835 383.908 0.225052 171941 0.0946234 1.54827
0.003755 338.723 0.232914 171938 0.0616763 1.76133
0.001915 1459.27 0.0854396 171939 -0.0714064 0.401568
0.002155 1012.68 0.135559 171945 0.00201868 0.579818
0.002845 381.347 0.225492 171941 0.0947638 1.55889
0.003765 338.745 0.232914 171938 0.0611686 1.76122
0.002165 994.706 0.137564 171944 0.00136414 0.590361
0.002855 378.882 0.225911 171941 0.0948908 1.56926
0.002175 977.099 0.139561 172003 0.00764877 0.601278
0.002865 376.508 0.22631 171941 0.0949938 1.57937
0.003775 338.758 0.232914 171938 0.0606601 1.76115
0.002185 961.925 0.141577 171947 0.0146479 0.610643
0.002875 374.222 0.226691 171941 0.0950563 1.58924
0.003785 338.762 0.232915 171938 0.0601357 1.76113
0.002195 947.198 0.143581 171948 0.0180632 0.62022
0.002205 932.591 0.14557 171946 0.0166073 0.630011
0.003795 338.758 0.232915 171938 0.0596277 1.76115
0.002215 918.107 0.147544 171944 0.0148806 0.640031
0.003805 338.747 0.232915 171938 0.0591331 1.76121
0.002225 903.746 0.149502 171944 0.0172152 0.650292
0.003815 338.727 0.232915 171938 0.0586359 1.76131
0.002235 889.51 0.151445 171946 0.0228195 0.660799
0.003825 338.7 0.232916 171938 0.0581321 1.76146
0.003835 338.664 0.232916 171938 0.0576255 1.76164
