0.007365 300.056 0.232886 101324 0.00142325 1.17166
0.007375 300.054 0.232887 101324 0.00142877 1.17167
0.007385 300.052 0.232888 101324 0.00139907 1.17168
0.007395 300.05 0.232889 101324 0.00130626 1.17169
0.007405 300.048 0.23289 101324 0.00118364 1.1717
0.007415 300.046 0.232891 101324 0.00107502 1.17171
0.007425 300.044 0.232892 101324 0.00101951 1.17172
0.007435 300.043 0.232893 101324 0.000968844 1.17173
0.007445 300.041 0.232893 101324 0.000727195 1.17173
0.007455 300.04 0.232894 101325 0.000306569 1.17174
0.007465 300.039 0.232895 101325 3.81404e-05 1.17175
0.007475 300.039 0.232895 101325 4.59107e-05 1.17175
0.007485 300.039 0.232896 101325 0.00110568 1.17175
0.007495 300.039 0.232897 101326 0.000320023 1.17176
0.007505 300.03 0.232897 101323 -2.16715e-05 1.17177
0.007515 300.03 0.232898 101324 0.000724906 1.17178
0.007525 300.03 0.232898 101325 0.000150376 1.17179
0.007535 300.029 0.232899 101325 0.000146626 1.1718
0.007545 300.028 0.232899 101325 -5.92327e-05 1.1718
0.007555 300.027 0.232899 101325 -0.000126047 1.17181
0.007565 300.026 0.2329 101325 -0.000198512 1.17181
0.007575 300.025 0.2329 101325 -0.000237943 1.17182
0.007585 300.024 0.2329 101325 -0.000335728 1.17182
0.007595 300.024 0.232901 101325 -0.000408491 1.17182
0.007605 300.023 0.232901 101325 -0.000348435 1.17182
0.007615 300.023 0.232901 101325 -0.000206631 1.17183
0.007625 300.022 0.232901 101325 -5.38852e-05 1.17183
0.007635 300.022 0.232901 101325 5.56995e-05 1.17183
0.007645 300.022 0.232901 101325 0.000109782 1.17183
0.007655 300.022 0.232901 101325 0.000105849 1.17183
0.007665 300.022 0.232902 101325 5.55391e-05 1.17183
0.007675 300.022 0.232902 101325 7.89411e-06 1.17183
0.007045 300.228 0.232814 101325 0.00160964 1.17088
0.006725 300.875 0.232572 101325 0.00146679 1.16807
0.007055 300.219 0.232818 101325 0.0019161 1.17092
0.000965 2265.02 0.00127741 101323 -0.250033 0.15132
0.007065 300.21 0.232821 101325 0.00218972 1.17096
0.006735 300.841 0.232585 101325 0.00136458 1.16821
0.000645 2268.01 0.00108709 101323 -0.249122 0.151129
0.007075 300.201 0.232825 101324 0.00237917 1.171
0.006745 300.809 0.232597 101325 0.00120339 1.16835
0.000975 2264.93 0.00128253 101323 -0.250081 0.151326
0.001605 2251.91 0.00214043 101323 -0.250757 0.152177
0.007085 300.192 0.232828 101324 0.00248104 1.17104
0.006755 300.777 0.232609 101325 0.00100984 1.16849
0.000655 2267.92 0.00109371 101323 -0.249244 0.151135
0.000985 2264.84 0.0012876 101323 -0.250066 0.151332
0.007095 300.184 0.232832 101324 0.00256782 1.17107
0.001615 2251.58 0.00216341 101323 -0.25083 0.152199
0.006765 300.747 0.23262 101325 0.00082101 1.16862
0.000995 2264.74 0.00129262 101323 -0.250005 0.151337
0.007105 300.177 0.232835 101324 0.00277623 1.17111
0.001925 2242.02 0.00280124 101323 -0.249172 0.152836
0.000665 2267.83 0.00110029 101323 -0.249305 0.151141
0.006775 300.718 0.232631 101325 0.000674577 1.16875
0.001625 2251.25 0.00218626 101323 -0.25088 0.15222
0.007115 300.169 0.232838 101324 0.00321722 1.17114
0.001005 2264.65 0.00129757 101323 -0.249978 0.151343
0.000675 2267.74 0.00110683 101323 -0.249293 0.151147
0.001935 2241.73 0.00281908 101323 -0.249484 0.152855
0.006785 300.689 0.232641 101325 0.000594404 1.16887
0.001635 2250.92 0.00220898 101323 -0.250826 0.152242
0.007125 300.161 0.232841 101324 0.00357107 1.17117
0.001015 2264.56 0.00130247 101323 -0.25003 0.151349
0.000685 2267.65 0.00111333 101323 -0.249285 0.151153
0.006795 300.661 0.232651 101325 0.000580305 1.16899
0.001945 2241.45 0.00283674 101323 -0.249553 0.152874
0.001645 2250.6 0.00223157 101323 -0.250713 0.152264
0.007135 300.155 0.232844 101324 0.00318991 1.17121
0.001025 2264.46 0.0013073 101323 -0.250101 0.151355
0.000695 2267.55 0.00111979 101323 -0.249342 0.151159
0.006805 300.635 0.232661 101325 0.000611309 1.16911
0.001955 2241.17 0.00285421 101323 -0.249128 0.152892
0.001655 2250.27 0.00225403 101323 -0.250654 0.152285
0.007145 300.148 0.232847 101324 0.00174048 1.17124
0.001035 2264.37 0.00131208 101323 -0.250093 0.151361
0.000705 2267.46 0.00112621 101323 -0.249438 0.151164
0.006815 300.609 0.23267 101325 0.000665831 1.16922
0.001965 2240.89 0.0028715 101323 -0.248606 0.152911
0.001665 2249.95 0.00227634 101323 -0.250685 0.152307
0.007155 300.135 0.232849 101323 0.00424864 1.17128
0.001045 2264.28 0.00131681 101323 -0.249997 0.151367
0.000715 2267.37 0.00113259 101323 -0.249504 0.15117
0.006825 300.584 0.232679 101325 0.000709305 1.16932
0.001975 2240.61 0.00288861 101323 -0.248597 0.152929
0.001675 2249.63 0.00229852 101323 -0.250734 0.152328
0.007165 300.134 0.232852 101323 0.00534419 1.17128
0.001055 2264.18 0.00132147 101323 -0.249924 0.151373
0.000725 2267.28 0.00113893 101323 -0.249515 0.151176
0.006835 300.56 0.232688 101325 0.000821324 1.16943
0.001985 2240.34 0.00290555 101323 -0.249092 0.152948
0.001285 2262.08 0.00141347 101323 -0.250159 0.151505
0.001685 2249.31 0.00232055 101323 -0.250705 0.152349
0.007175 300.129 0.232854 101324 0.00322255 1.17132
0.001065 2264.09 0.00132607 101323 -0.249969 0.151379
0.000735 2267.18 0.00114523 101323 -0.249512 0.151182
0.006845 300.537 0.232696 101325 0.000301844 1.16953
0.001995 2240.06 0.0029223 101323 -0.249368 0.152967
0.007185 300.124 0.232857 101324 0.00319468 1.17135
0.001695 2248.99 0.00234245 101323 -0.250597 0.152371
0.001295 2261.99 0.00141692 101323 -0.250435 0.151511
0.001075 2264 0.00133062 101323 -0.250077 0.151384
0.000745 2267.09 0.00115149 101323 -0.249547 0.151188
0.006855 300.514 0.232704 101326 0.00214879 1.16964
0.007195 300.118 0.232859 101324 0.00284311 1.17137
0.002005 2239.79 0.00293889 101323 -0.248871 0.152985
0.004485 1120.83 0.106035 101323 -0.16382 0.30674
0.001705 2248.67 0.00236419 101323 -0.250502 0.152392
0.001305 2261.9 0.00142033 101323 -0.250427 0.151517
0.001085 2263.91 0.0013351 101323 -0.250093 0.15139
0.000755 2267 0.00115771 101323 -0.249619 0.151194
0.006865 300.491 0.232712 101325 0.00044773 1.16972
0.007205 300.113 0.232861 101324 0.00270793 1.17139
0.002015 2239.52 0.00295531 101323 -0.248027 0.153003
0.001715 2248.35 0.00238579 101323 -0.250496 0.152413
0.004495 1109.87 0.107545 101324 -0.157786 0.309797
0.001095 2263.81 0.00133953 101323 -0.249959 0.151396
0.001315 2261.69 0.00143169 101318 -0.250377 0.151522
0.000765 2266.9 0.00116389 101323 -0.249681 0.1512
0.006875 300.469 0.23272 101325 0.00113051 1.16982
0.007215 300.109 0.232863 101324 0.00259094 1.17142
0.002025 2239.25 0.00297155 101323 -0.247845 0.153021
0.001725 2248.03 0.00240723 101323 -0.250545 0.152434
0.004505 1098.95 0.109043 101325 -0.1544 0.312903
0.001105 2263.72 0.0013439 101323 -0.249816 0.151402
0.001325 2261.45 0.00144996 101323 -0.250341 0.151546
0.000775 2266.81 0.00117002 101323 -0.2497 0.151206
0.006885 300.45 0.232727 101325 0.00114679 1.1699
0.007225 300.104 0.232865 101324 0.00243283 1.17144
0.002035 2238.98 0.00298764 101323 -0.248586 0.153039
0.001735 2247.72 0.00242852 101323 -0.25054 0.152455
0.001115 2263.63 0.00134821 101323 -0.249841 0.151408
0.004515 1088.06 0.110532 101324 -0.154883 0.316056
0.001335 2261.1 0.00147612 101323 -0.250362 0.151569
0.000785 2266.71 0.00117611 101323 -0.249697 0.151212
0.006895 300.432 0.232734 101325 0.00122396 1.16998
0.007235 300.1 0.232867 101324 0.00230063 1.17146
0.002045 2238.72 0.00300356 101323 -0.249221 0.153057
0.001745 2247.41 0.00244966 101323 -0.250432 0.152476
0.001125 2263.54 0.00135246 101323 -0.250006 0.151414
0.004525 1077.22 0.112011 101324 -0.153371 0.319264
0.000795 2266.62 0.00118215 101323 -0.249715 0.151218
0.001345 2260.75 0.00150217 101323 -0.250676 0.151592
0.006905 300.415 0.232741 101325 0.00129764 1.17006
0.007245 300.095 0.232869 101324 0.00221409 1.17148
0.002055 2238.45 0.00301933 101323 -0.248697 0.153075
0.001755 2247.09 0.00247063 101323 -0.250295 0.152497
0.001135 2263.45 0.00135666 101323 -0.25008 0.151419
0.004535 1066.41 0.113481 101324 -0.149601 0.322528
0.000805 2266.53 0.00118815 101323 -0.249766 0.151224
0.001355 2260.4 0.00152811 101323 -0.251299 0.151615
0.007255 300.091 0.232871 101324 0.00213007 1.1715
0.006915 300.399 0.232747 101325 0.00137776 1.17013
0.002065 2238.19 0.00303494 101323 -0.247437 0.153092
0.001765 2246.78 0.00249145 101323 -0.250249 0.152517
0.001145 2263.36 0.0013608 101323 -0.249917 0.151425
0.000815 2266.43 0.0011941 101323 -0.24982 0.15123
0.004545 1055.64 0.114942 101324 -0.147224 0.325845
0.001365 2260.05 0.00155393 101323 -0.251675 0.151638
0.007265 300.087 0.232873 101324 0.00202821 1.17152
0.006925 300.382 0.232754 101325 0.00143159 1.1702
0.002075 2237.93 0.00305041 101322 -0.246836 0.153109
0.001775 2246.47 0.00251211 101323 -0.250302 0.152538
0.001155 2263.26 0.00136489 101323 -0.249672 0.151431
0.000825 2266.34 0.00120001 101323 -0.249843 0.151236
0.004555 1044.91 0.116395 101324 -0.14611 0.329219
0.007275 300.083 0.232874 101324 0.00194449 1.17153
0.001375 2259.7 0.00157964 101323 -0.251356 0.151661
0.006935 300.367 0.23276 101325 0.00143139 1.17027
0.002085 2237.67 0.00306574 101323 -0.247863 0.153127
0.001785 2246.16 0.0025326 101323 -0.250331 0.152559
0.001165 2263.17 0.00136892 101323 -0.24965 0.151436
0.000835 2266.25 0.00120586 101323 -0.249837 0.151242
0.007285 300.08 0.232876 101324 0.00192248 1.17155
0.004565 1034.22 0.11784 101324 -0.144137 0.332651
0.001385 2259.36 0.00160524 101323 -0.250756 0.151684
0.006945 300.352 0.232766 101325 0.00137076 1.17034
0.005125 545.424 0.185849 101324 -0.0547738 0.635323
0.001795 2245.86 0.00255293 101323 -0.250225 0.152579
0.002095 2237.41 0.00308093 101323 -0.249172 0.153146
0.001175 2263.08 0.0013729 101323 -0.249898 0.151442
0.007295 300.076 0.232877 101324 0.00194918 1.17157
0.000845 2266.15 0.00121167 101323 -0.249839 0.151248
0.004575 1023.57 0.119276 101324 -0.141482 0.336144
0.001395 2259.01 0.00163073 101323 -0.25062 0.151707
0.006955 300.337 0.232771 101325 0.00126938 1.1704
0.001805 2245.55 0.00257308 101323 -0.250036 0.152599
0.002105 2237.15 0.003096 101323 -0.248699 0.153163
0.005135 539.761 0.186801 101323 -0.0531078 0.642086
0.007305 300.073 0.232879 101324 0.00196077 1.17158
0.001185 2262.99 0.00137682 101323 -0.250085 0.151448
0.000855 2266.06 0.00121744 101323 -0.249873 0.151254
0.004585 1012.96 0.120704 101324 -0.139397 0.339697
0.001405 2258.66 0.0016561 101323 -0.251073 0.15173
0.006965 300.323 0.232777 101325 0.00116119 1.17046
0.001815 2245.25 0.00259307 101323 -0.249936 0.15262
0.002115 2236.89 0.00311093 101323 -0.246768 0.153179
0.005145 534.2 0.187741 101323 -0.0510747 0.648875
0.007315 300.069 0.23288 101324 0.00191099 1.1716
0.001195 2262.9 0.00138069 101323 -0.249915 0.151454
0.000865 2265.96 0.00122315 101323 -0.249923 0.15126
0.004595 1002.38 0.122125 101324 -0.137694 0.343312
5e-06 2268.28 0.00098563 101323 -0.246916 0.151119
0.006975 300.31 0.232782 101325 0.00107268 1.17052
0.001415 2258.32 0.00168137 101323 -0.251445 0.151752
0.001825 2244.95 0.00261289 101323 -0.249998 0.15264
0.002125 2236.64 0.00312575 101322 -0.245712 0.153196
0.005155 528.708 0.18867 101323 -0.0503749 0.65572
0.007325 300.067 0.232881 101324 0.00179333 1.17161
0.001205 2262.81 0.00138452 101323 -0.249547 0.151459
0.000875 2265.87 0.00122881 101323 -0.249949 0.151266
0.004605 991.842 0.123537 101324 -0.135641 0.346993
0.006985 300.296 0.232787 101325 0.00100936 1.17058
1.5e-05 2268.32 0.000985597 101323 -0.246921 0.151116
0.000325 2269.39 0.000968845 101323 -0.248041 0.151043
0.001425 2257.97 0.00170654 101323 -0.251279 0.151775
0.001835 2244.65 0.00263253 101323 -0.250084 0.15266
0.002135 2236.38 0.00314046 101323 -0.246817 0.153214
0.007335 300.064 0.232883 101324 0.00165862 1.17163
0.005165 523.281 0.189588 101322 -0.0499704 0.662627
0.001215 2262.72 0.00138829 101323 -0.249404 0.151465
0.000885 2265.77 0.00123442 101323 -0.249939 0.151272
0.004615 981.34 0.124942 101324 -0.133435 0.35074
0.006995 300.284 0.232792 101325 0.000965675 1.17064
2.5e-05 2268.36 0.000985531 101323 -0.246927 0.151113
0.000335 2269.42 0.000967838 101323 -0.248004 0.151041
0.002245 2227.51 0.00382364 101323 -0.248877 0.153822
0.001845 2244.35 0.00265199 101323 -0.249996 0.15268
0.001435 2257.63 0.00173159 101323 -0.250888 0.151798
0.002145 2236.13 0.00315507 101323 -0.248655 0.153232
0.007345 300.061 0.232884 101325 0.00153461 1.17164
0.005175 517.916 0.190493 101322 -0.0490851 0.669598
0.001225 2262.63 0.00139202 101323 -0.249756 0.151471
0.000895 2265.68 0.00123998 101323 -0.249925 0.151278
0.004625 970.874 0.126339 101324 -0.1315 0.354556
0.007005 300.271 0.232797 101325 0.00094853 1.17069
3.5e-05 2268.4 0.000985432 101323 -0.246939 0.151111
0.000345 2269.45 0.000966807 101323 -0.247903 0.151039
0.001855 2244.05 0.00267128 101323 -0.249741 0.1527
0.002255 2226.41 0.00391165 101323 -0.248357 0.153898
0.007355 300.059 0.232885 101324 0.00144942 1.17165
0.002155 2235.88 0.00316957 101323 -0.249476 0.153249
0.001445 2257.29 0.00175653 101323 -0.250729 0.151821
0.005185 512.615 0.191388 101322 -0.0481646 0.676633
0.001235 2262.54 0.0013957 101323 -0.250161 0.151477
0.000905 2265.59 0.00124549 101323 -0.249944 0.151284
0.004635 960.444 0.127727 101324 -0.1297 0.358441
0.007015 300.259 0.232801 101325 0.00098592 1.17075
4.5e-05 2268.44 0.0009853 101323 -0.246965 0.151108
0.002565 2193.93 0.00647654 101323 -0.243231 0.15617
0.006405 303.22 0.231826 101325 -8.49877e-05 1.15832
0.002575 2192.96 0.00655329 101323 -0.243221 0.15624
0.006415 303.089 0.231864 101325 -4.52198e-05 1.15885
0.002585 2191.99 0.00662961 101323 -0.243267 0.156309
0.002885 2165.94 0.00869011 101323 -0.237089 0.158196
0.006425 302.962 0.2319 101325 -3.95913e-06 1.15937
0.002595 2191.03 0.00670547 101323 -0.243064 0.156378
0.006085 311.135 0.229657 101324 -0.000380513 1.12732
0.006435 302.839 0.231936 101325 3.74989e-05 1.15987
0.002605 2190.07 0.00678088 101323 -0.242608 0.156446
0.003205 2091.71 0.0151195 101324 -0.241849 0.163833
0.002895 2165.18 0.00875117 101324 -0.239678 0.158254
0.006445 302.734 0.23197 101325 7.55341e-05 1.16031
0.002615 2189.12 0.00685582 101323 -0.242227 0.156514
0.006095 310.712 0.229764 101324 -0.000394885 1.12892
0.003215 2088.26 0.0154235 101323 -0.243247 0.164104
0.003525 1988.62 0.0243815 101323 -0.225572 0.172373
0.002905 2164.42 0.00881181 101324 -0.238986 0.158309
0.006455 302.632 0.232003 101325 0.00010519 1.16073
0.002625 2188.17 0.0069303 101323 -0.242183 0.156582
0.006105 310.3 0.229867 101325 -0.000405864 1.13048
0.003225 2084.82 0.0157267 101323 -0.243924 0.164375
0.002915 2163.67 0.00887206 101323 -0.235247 0.158363
0.006465 302.533 0.232035 101325 0.000124572 1.16113
0.003535 1985.7 0.024652 101323 -0.224282 0.172628
0.002635 2187.23 0.0070043 101323 -0.242315 0.156649
0.006115 309.899 0.229967 101325 -0.000404211 1.13201
0.003235 2081.39 0.0160291 101323 -0.242607 0.164647
0.002925 2162.93 0.00893192 101322 -0.232821 0.158417
0.006475 302.437 0.232065 101325 0.000135773 1.16153
0.003545 1982.8 0.0249211 101323 -0.224548 0.172883
0.002645 2186.3 0.00707781 101323 -0.242198 0.156716
0.006125 309.508 0.230064 101325 -0.000386394 1.1335
0.003245 2077.97 0.0163307 101324 -0.240758 0.16492
0.002935 2162.19 0.00899142 101323 -0.235536 0.158472
0.006485 302.344 0.232095 101325 0.000146197 1.16191
0.002655 2185.37 0.00715084 101323 -0.241687 0.156783
0.003555 1979.92 0.0251888 101324 -0.225202 0.173137
0.006135 309.128 0.230158 101325 -0.000351523 1.13496
0.005765 335.901 0.22387 101324 -0.00542054 1.04143
0.006495 302.254 0.232124 101325 0.000166005 1.16229
0.002945 2161.46 0.00905057 101325 -0.240283 0.158529
0.003255 2074.57 0.0166315 101324 -0.240247 0.165191
0.002665 2184.45 0.00722338 101323 -0.241161 0.156849
0.006145 308.804 0.230249 101325 -0.000309582 1.13621
0.003565 1977.07 0.0254549 101324 -0.224138 0.173389
0.006505 302.167 0.232152 101325 0.000206621 1.16265
0.005775 334.659 0.224141 101324 -0.00512678 1.04541
0.002955 2160.73 0.00910939 101325 -0.239932 0.158583
0.002675 2183.54 0.00729542 101323 -0.241081 0.156915
0.003265 2071.18 0.0169314 101323 -0.240897 0.165462
0.006155 308.489 0.230338 101325 -0.000259839 1.13743
0.003575 1974.25 0.0257195 101323 -0.221479 0.173638
0.006515 302.082 0.232178 101325 0.000245939 1.163
0.005785 333.445 0.224405 101324 -0.00485146 1.04932
0.002965 2160.01 0.00916791 101323 -0.234021 0.158633
0.002685 2182.63 0.00736696 101323 -0.241357 0.15698
0.003275 2067.81 0.0172306 101323 -0.241078 0.165733
0.006165 308.184 0.230423 101325 -0.000208226 1.13861
0.003585 1971.45 0.0259825 101323 -0.21992 0.173887
0.006525 302 0.232204 101325 0.000356302 1.16334
0.005795 332.259 0.224662 101324 -0.00459396 1.05318
0.002975 2159.3 0.00922614 101321 -0.230238 0.158684
0.002695 2181.73 0.00743799 101323 -0.241379 0.157045
0.003285 2064.44 0.0175288 101323 -0.240043 0.166004
0.006175 307.887 0.230506 101325 -0.000156804 1.13977
0.003595 1968.67 0.0262438 101323 -0.221013 0.174135
0.006535 301.92 0.232229 101325 -0.000192635 1.16367
0.002705 2180.84 0.0075085 101323 -0.240788 0.15711
0.005805 331.101 0.224912 101324 -0.00435287 1.05697
0.002985 2158.59 0.0092841 101323 -0.233689 0.15874
0.003295 2061.09 0.0178262 101324 -0.238734 0.166276
0.006545 301.842 0.232254 101326 0.00162428 1.16401
0.006185 307.599 0.230586 101325 -0.000102843 1.14089
0.003605 1965.92 0.0265033 101324 -0.222383 0.174382
0.002715 2179.95 0.00757851 101323 -0.240034 0.157174
0.005815 329.968 0.225155 101324 -0.00412667 1.06071
0.002995 2157.88 0.00934182 101325 -0.239996 0.158795
0.003305 2057.76 0.0181228 101324 -0.238267 0.166547
0.006555 301.767 0.232277 101325 -0.000182696 1.16431
0.006195 307.32 0.230664 101325 -6.8966e-05 1.14198
0.003615 1963.2 0.026761 101324 -0.220579 0.174626
0.002725 2179.07 0.00764799 101323 -0.239885 0.157237
0.005825 328.862 0.225392 101324 -0.00391392 1.06438
0.003005 2157.18 0.00939931 101325 -0.243214 0.158848
0.003315 2054.44 0.0184184 101323 -0.238446 0.166817
0.006565 301.693 0.2323 101325 0.000405304 1.16461
0.006205 307.048 0.230739 101325 2.4898e-05 1.14304
0.002735 2178.19 0.00771696 101323 -0.240384 0.157301
0.003625 1960.51 0.0270168 101323 -0.216381 0.174866
0.005835 327.783 0.225622 101325 -0.00370528 1.068
0.003015 2156.48 0.0094566 101324 -0.243281 0.158898
0.003325 2051.13 0.0187131 101323 -0.238251 0.167087
0.006575 301.622 0.232322 101325 0.000287715 1.16491
0.006215 306.784 0.230812 101325 -0.000532778 1.14408
0.002745 2177.33 0.0077854 101323 -0.240648 0.157364
0.003635 1957.85 0.0272705 101322 -0.214582 0.175106
0.005845 326.85 0.225846 101324 -0.0035296 1.07114
0.006585 301.553 0.232343 101325 0.000219985 1.1652
0.003335 2047.84 0.0190069 101323 -0.237335 0.167357
0.003025 2154.55 0.00959771 101264 -0.242616 0.158949
0.006225 306.527 0.230882 101326 0.00128798 1.14511
0.002755 2176.47 0.00785332 101323 -0.239962 0.157426
0.003645 1955.22 0.027522 101324 -0.217237 0.175346
0.006595 301.494 0.232363 101325 0.000135939 1.16545
0.005855 325.945 0.226064 101324 -0.00329851 1.07422
0.003345 2044.57 0.0192997 101323 -0.236374 0.167626
0.006235 306.277 0.230951 101325 -0.000472092 1.14607
0.003035 2152.14 0.00983198 101324 -0.241938 0.159221
0.002765 2175.62 0.00792072 101323 -0.238847 0.157488
0.006605 301.437 0.232383 101325 8.95494e-05 1.16569
0.003655 1952.62 0.0277713 101325 -0.219687 0.175583
0.003845 1890.54 0.0338397 101329 -0.221136 0.181415
0.005865 325.062 0.226276 101324 -0.00372176 1.07723
0.003355 2041.31 0.0195915 101323 -0.23598 0.167896
0.006245 306.034 0.231017 101325 0.000182434 1.14703
0.003045 2148.49 0.0101497 101325 -0.242011 0.159493
0.006615 301.382 0.232402 101325 9.5742e-05 1.16592
0.002775 2174.77 0.0079876 101323 -0.238549 0.157549
0.003665 1950.06 0.0280183 101324 -0.216403 0.175816
0.005875 324.202 0.226481 101323 -0.00174737 1.08017
0.003365 2038.06 0.0198823 101323 -0.235857 0.168164
0.006255 305.797 0.231081 101325 0.000153337 1.14797
0.003855 1878.92 0.0349405 101326 -0.2326 0.182537
0.006625 301.328 0.23242 101325 0.000166663 1.16615
0.002785 2173.93 0.00805396 101323 -0.239376 0.157611
0.003055 2144.86 0.0104665 101325 -0.245251 0.159763
0.003675 1947.53 0.0282628 101322 -0.209681 0.176043
0.005885 323.364 0.226681 101324 -0.00337705 1.08309
0.003375 2034.84 0.020172 101323 -0.235355 0.168432
0.006635 301.276 0.232438 101325 0.000299667 1.16637
0.006265 305.567 0.231143 101325 0.00016954 1.14888
0.003065 2141.23 0.0107824 101323 -0.251428 0.160031
0.002795 2173.1 0.0081198 101323 -0.240061 0.157672
0.003865 1867.29 0.0360422 101321 -0.250117 0.183668
0.005895 322.547 0.226875 101324 -0.00257819 1.08592
0.003685 1945.04 0.0285047 101322 -0.207988 0.176271
0.003385 2031.62 0.0204608 101323 -0.234456 0.1687
0.006645 301.226 0.232455 101325 0.000477184 1.16658
0.006275 305.343 0.231203 101325 0.000146934 1.14977
0.003075 2137.62 0.0110974 101321 -0.254412 0.160299
0.002805 2172.28 0.00818513 101323 -0.23929 0.157732
0.003875 1855.64 0.0371451 101319 -0.253037 0.184821
0.005905 321.751 0.227064 101324 -0.00245926 1.0887
0.003695 1942.58 0.028744 101324 -0.213723 0.1765
0.003395 2028.43 0.0207484 101323 -0.233743 0.168967
0.006655 301.177 0.232472 101325 0.000673956 1.16679
0.006285 305.125 0.231261 101325 0.000109459 1.15063
0.003085 2134.02 0.0114116 101323 -0.249971 0.160573
0.002815 2171.46 0.00824995 101323 -0.237608 0.15779
0.003885 1843.98 0.0382496 101324 -0.235794 0.186004
0.005915 320.975 0.227247 101324 -0.0022949 1.09143
0.003705 1940.16 0.0289806 101326 -0.217665 0.176726
0.003405 2025.25 0.021035 101323 -0.233461 0.169234
0.006665 301.13 0.232487 101325 0.000868149 1.16699
0.006295 304.938 0.231317 101325 5.44038e-05 1.15138
0.003095 2130.44 0.011725 101325 -0.243729 0.160847
0.002825 2170.65 0.00831427 101323 -0.237007 0.157849
0.003895 1832.29 0.0393559 101328 -0.223871 0.1872
0.005925 320.219 0.227425 101324 -0.0021673 1.0941
0.003715 1937.78 0.0292145 101324 -0.211492 0.176943
0.006675 301.084 0.232503 101325 0.00104823 1.16718
0.003415 2022.1 0.0213205 101323 -0.233135 0.1695
0.006305 304.758 0.231371 101325 -9.61033e-06 1.1521
0.003105 2126.86 0.0120375 101325 -0.243567 0.161118
0.002835 2169.85 0.0083781 101323 -0.238296 0.157909
0.003905 1820.59 0.0404644 101324 -0.232516 0.188402
0.005445 402.808 0.210512 101323 -0.020013 0.864733
0.005935 319.481 0.227598 101324 -0.00205295 1.09671
0.006685 301.04 0.232518 101325 0.00121019 1.16737
0.003425 2018.96 0.0216048 101323 -0.232328 0.169765
0.006315 304.583 0.231424 101325 -7.54939e-05 1.15281
0.003725 1935.44 0.0294457 101321 -0.200985 0.177155
0.003915 1808.85 0.041575 101321 -0.243706 0.189622
0.002845 2169.05 0.00844143 101324 -0.239694 0.157968
0.003115 2123.29 0.0123492 101323 -0.24832 0.161387
0.005945 318.762 0.227766 101324 -0.00195161 1.09928
0.006695 300.996 0.232532 101325 0.00134815 1.16755
0.005455 399.658 0.211088 101323 -0.0195312 0.871685
0.003435 2015.83 0.021888 101323 -0.231371 0.170029
0.006325 304.413 0.231475 101325 -0.000135069 1.15349
0.003735 1933.14 0.0296742 101321 -0.200266 0.177369
0.003925 1797.09 0.042688 101322 -0.240408 0.190869
0.002855 2168.27 0.00850429 101324 -0.238909 0.158026
0.003125 2119.74 0.0126601 101322 -0.250458 0.161657
0.006705 300.955 0.232546 101325 0.00144826 1.16773
0.005955 318.06 0.227929 101324 -0.0018566 1.10179
0.005465 396.556 0.211654 101323 -0.0191839 0.878636
0.003445 2012.73 0.02217 101323 -0.230886 0.170293
0.006335 304.248 0.231524 101325 -0.000181294 1.15416
0.003745 1930.87 0.0299002 101325 -0.211965 0.177587
0.003935 1785.3 0.0438035 101325 -0.229481 0.192139
0.002865 2167.48 0.00856668 101323 -0.236357 0.158082
0.003135 2116.19 0.0129702 101323 -0.247387 0.16193
0.006715 300.914 0.232559 101325 0.001492 1.1679
0.005965 317.375 0.228087 101324 -0.0017589 1.10425
0.003455 2009.65 0.0224508 101323 -0.230784 0.170557
0.005475 393.504 0.212208 101323 -0.0187986 0.885587
0.006345 304.088 0.231572 101325 -0.000209532 1.1548
0.003755 1928.63 0.0301237 101328 -0.218231 0.1778
0.003945 1773.48 0.0449213 101326 -0.226036 0.193425
0.004165 1508.13 0.0698052 101324 -0.204767 0.227596
0.003955 1761.63 0.0460416 101323 -0.232112 0.194727
0.004805 788.003 0.150173 101324 -0.0975775 0.437716
0.003965 1749.75 0.047164 101322 -0.236112 0.196051
0.007025 300.247 0.232805 101325 0.00110572 1.1708
0.003975 1737.84 0.0482886 101323 -0.231617 0.197401
0.004175 1495.93 0.0709338 101324 -0.203306 0.229461
0.000355 2269.47 0.000965753 101323 -0.247881 0.151037
0.004815 778.119 0.151427 101324 -0.095798 0.443332
0.007035 300.238 0.23281 101325 0.00132604 1.17084
0.003985 1725.9 0.0494152 101325 -0.225501 0.198774
0.004185 1483.71 0.0720609 101324 -0.20203 0.231358
0.004825 768.265 0.152674 101324 -0.0940708 0.449075
0.004835 758.577 0.153914 101341 -0.0921868 0.454946
0.004845 750.317 0.155146 101324 -0.0907968 0.459935
0.001865 2243.75 0.00269039 101323 -0.249559 0.152719
0.004855 742.234 0.15637 101324 -0.0892161 0.465005
0.004865 734.2 0.157584 101324 -0.0877075 0.470156
0.004875 726.215 0.15879 101324 -0.0861729 0.475389
0.001875 2243.46 0.00270932 101323 -0.249628 0.152739
0.002165 2235.62 0.00318399 101323 -0.249351 0.153265
0.004885 718.281 0.159986 101324 -0.0845979 0.480705
0.001885 2243.17 0.00272807 101323 -0.249805 0.152759
0.000915 2265.49 0.00125095 101323 -0.249994 0.15129
0.004895 710.398 0.161173 101324 -0.0830408 0.486106
0.001895 2242.88 0.00274664 101323 -0.249766 0.152778
0.001455 2256.95 0.00178137 101323 -0.250956 0.151843
0.004905 702.568 0.162351 101324 -0.0814973 0.491591
0.001905 2242.59 0.00276502 101323 -0.24943 0.152797
0.002175 2234.98 0.0032243 101305 -0.249052 0.153282
0.004915 694.791 0.163519 101324 -0.0799399 0.497163
0.001915 2242.3 0.00278323 101323 -0.249117 0.152816
0.002185 2234.24 0.0032886 101323 -0.248761 0.15336
0.000925 2265.4 0.00125635 101323 -0.250028 0.151296
0.004925 687.069 0.164679 101324 -0.0783806 0.502821
0.001465 2256.6 0.00180609 101323 -0.251232 0.151866
0.002265 2225.3 0.00399934 101323 -0.24964 0.153973
0.002275 2224.2 0.00408672 101322 -0.250527 0.154049
0.005195 507.376 0.19227 101322 -0.0472593 0.68373
0.002285 2223.1 0.00417377 101323 -0.249711 0.154125
0.002295 2222.01 0.00426052 101323 -0.248276 0.154201
0.002305 2220.92 0.00434695 101323 -0.247677 0.154277
0.005205 502.2 0.193141 101322 -0.0461442 0.690891
0.001245 2262.44 0.00139934 101323 -0.250015 0.151483
0.002315 2219.83 0.00443307 101323 -0.248265 0.154352
0.005215 497.086 0.194 101322 -0.0448837 0.698114
0.004645 950.05 0.129108 101324 -0.127796 0.3624
0.002325 2218.75 0.00451887 101323 -0.24888 0.154426
0.005225 492.033 0.194848 101322 -0.0435578 0.705398
5.5e-05 2268.48 0.000985136 101323 -0.247002 0.151105
0.002335 2217.67 0.00460437 101323 -0.248495 0.154502
0.005235 487.042 0.195684 101322 -0.0421602 0.712745
0.001255 2262.35 0.00140293 101323 -0.24946 0.151488
0.002345 2216.59 0.00468955 101323 -0.247472 0.154577
0.005245 482.112 0.196508 101322 -0.04073 0.720153
0.001265 2262.26 0.00140648 101323 -0.249189 0.151493
0.004655 939.69 0.130482 101324 -0.125839 0.366432
0.002355 2215.52 0.00477441 101323 -0.246881 0.154652
0.005255 477.242 0.197321 101323 -0.0393222 0.727622
0.001275 2262.17 0.00141 101323 -0.249568 0.151499
0.004665 929.364 0.131847 101324 -0.123862 0.370542
6.5e-05 2268.52 0.00098494 101323 -0.247034 0.151103
0.002875 2166.71 0.00862862 101322 -0.235149 0.158138
7.5e-05 2268.55 0.000984711 101323 -0.247054 0.1511
8.5e-05 2268.59 0.000984449 101323 -0.247071 0.151098
0.003465 2006.58 0.0227304 101323 -0.230288 0.170819
9.5e-05 2268.63 0.000984156 101323 -0.247103 0.151095
0.000105 2268.67 0.00098383 101323 -0.247155 0.151093
0.000115 2268.7 0.000983472 101323 -0.247204 0.15109
0.003475 2003.53 0.0230088 101323 -0.229107 0.17108
0.000125 2268.74 0.000983082 101323 -0.247234 0.151088
0.006355 303.932 0.231618 101325 -0.000218489 1.15543
0.003485 2000.51 0.0232859 101323 -0.228021 0.17134
0.000135 2268.78 0.00098266 101323 -0.247252 0.151085
0.003495 1997.5 0.0235618 101323 -0.227824 0.1716
0.000145 2268.81 0.000982207 101323 -0.247286 0.151083
0.003505 1994.52 0.0238363 101324 -0.228014 0.17186
0.000155 2268.85 0.000981721 101323 -0.247347 0.15108
0.006365 303.781 0.231662 101325 -0.000210049 1.15604
0.003515 1991.56 0.0241096 101323 -0.227313 0.172117
0.000165 2268.88 0.000981205 101323 -0.247413 0.151078
0.005975 316.708 0.228241 101324 -0.0016501 1.10666
0.006375 303.635 0.231705 101325 -0.000188273 1.15664
0.000175 2268.92 0.000980656 101323 -0.247451 0.151076
0.006385 303.492 0.231747 101325 -0.000157887 1.15721
0.003145 2112.66 0.0132796 101324 -0.243445 0.162203
0.006395 303.354 0.231787 101325 -0.00012275 1.15777
0.003155 2109.14 0.0135881 101324 -0.242998 0.162475
0.005485 390.499 0.212751 101323 -0.0182872 0.892536
0.003165 2105.63 0.0138959 101323 -0.245608 0.162745
0.003175 2102.13 0.014203 101323 -0.246963 0.163016
0.003185 2098.65 0.0145093 101323 -0.245059 0.163288
0.005495 387.541 0.213283 101323 -0.0176694 0.899484
0.003765 1926.43 0.030345 101324 -0.205304 0.178
0.003195 2095.17 0.0148148 101324 -0.242355 0.163561
0.005505 384.64 0.213804 101326 -0.0169976 0.906426
0.005515 382.146 0.214314 101323 -0.0163852 0.912453
0.000365 2269.5 0.000964678 101323 -0.248022 0.151035
0.005525 379.71 0.214813 101323 -0.0157952 0.918443
0.005535 377.32 0.215301 101323 -0.0152291 0.924393
0.005545 374.978 0.215779 101323 -0.0146716 0.930302
0.000375 2269.53 0.000963581 101323 -0.248171 0.151033
0.003995 1713.94 0.0505434 101324 -0.225285 0.200165
0.005555 372.682 0.216246 101323 -0.0141205 0.936168
0.000385 2269.55 0.000962464 101323 -0.248131 0.151031
0.005565 370.431 0.216702 101323 -0.0135785 0.941989
0.000395 2269.58 0.000961327 101323 -0.247957 0.151029
0.005575 368.226 0.217149 101323 -0.0130494 0.947763
0.000405 2269.6 0.000960173 101323 -0.247883 0.151028
0.004005 1701.96 0.0516733 101323 -0.22848 0.201577
0.005585 366.065 0.217585 101323 -0.0125362 0.953489
0.000415 2269.63 0.000959002 101323 -0.248027 0.151026
0.004195 1471.49 0.0731864 101324 -0.200474 0.233288
0.004015 1689.96 0.0528044 101323 -0.228324 0.203014
0.005595 363.948 0.218011 101323 -0.012041 0.959165
0.000425 2269.65 0.000957815 101323 -0.248238 0.151024
0.004025 1677.93 0.0539367 101324 -0.224223 0.204476
0.005605 361.875 0.218428 101323 -0.0115645 0.964792
0.000435 2269.68 0.000956614 101323 -0.24834 0.151022
0.004035 1665.89 0.0550699 101324 -0.221237 0.205961
0.005615 359.844 0.218834 101323 -0.0111069 0.970366
0.000445 2269.7 0.000955399 101323 -0.248341 0.151021
0.004205 1459.27 0.07431 101324 -0.198766 0.235252
0.004045 1653.83 0.0562038 101324 -0.221615 0.207467
0.005625 357.856 0.219231 101323 -0.0106676 0.975889
0.002195 2233.11 0.00337862 101323 -0.248652 0.153438
0.000455 2269.67 0.000957184 101321 -0.248335 0.151019
0.004215 1447.03 0.0754316 101324 -0.197228 0.23725
0.004055 1641.75 0.0573382 101323 -0.222221 0.208998
0.005635 355.908 0.219619 101323 -0.0102446 0.981359
0.000935 2265.3 0.00126169 101323 -0.250014 0.151302
0.000465 2269.63 0.000961522 101323 -0.248342 0.151025
0.004225 1434.79 0.0765509 101324 -0.195734 0.239284
0.004065 1629.66 0.058473 101324 -0.220281 0.210555
0.005645 353.999 0.219998 101323 -0.00983415 0.986776
0.000475 2269.55 0.000968838 101323 -0.248379 0.151031
0.004235 1422.54 0.0776677 101324 -0.19406 0.241353
0.004075 1617.55 0.0596079 101324 -0.217289 0.212138
0.005655 352.13 0.220367 101324 -0.00943316 0.992141
0.002205 2231.98 0.0034683 101323 -0.249484 0.153515
0.000485 2269.46 0.000976111 101323 -0.248519 0.151036
0.004245 1410.29 0.0787816 101324 -0.192408 0.24346
0.004085 1605.44 0.0607428 101324 -0.215848 0.213746
0.005665 350.299 0.220728 101324 -0.0090406 0.997453
0.002215 2230.86 0.00355763 101323 -0.251286 0.153591
0.000495 2269.37 0.000983342 101323 -0.248771 0.151042
0.004255 1398.03 0.0798925 101324 -0.190974 0.245606
0.004935 679.401 0.165829 101324 -0.0768344 0.508568
0.000945 2265.21 0.00126699 101323 -0.24998 0.151308
0.004095 1593.31 0.0618776 101324 -0.215642 0.215379
0.005675 348.511 0.22108 101325 -0.00864412 1.00271
0.002225 2229.74 0.00364663 101322 -0.252253 0.153667
0.000505 2269.28 0.000990531 101323 -0.248932 0.151047
0.004265 1385.77 0.0809999 101324 -0.189419 0.24779
0.001475 2256.26 0.00183071 101323 -0.251206 0.151888
0.000955 2265.12 0.00127223 101323 -0.249981 0.151314
0.004105 1581.17 0.063012 101324 -0.214609 0.217039
0.005685 346.969 0.221423 101324 -0.00826662 1.00728
0.002235 2228.63 0.0037353 101323 -0.250979 0.153744
0.002365 2214.45 0.00485896 101323 -0.2471 0.154726
0.000515 2269.19 0.00099768 101323 -0.248833 0.151053
0.005265 472.433 0.198121 101323 -0.0379611 0.735151
0.004675 919.071 0.133205 101324 -0.121723 0.374731
0.000525 2269.1 0.00100479 101323 -0.248627 0.151059
0.000185 2268.95 0.000980077 101323 -0.247463 0.151073
0.005275 467.683 0.19891 101323 -0.0366647 0.742739
0.005985 316.057 0.22839 101325 -0.00152102 1.10903
0.000535 2269.01 0.00101186 101323 -0.248596 0.151065
0.004685 908.81 0.134555 101324 -0.119365 0.379002
0.000195 2268.99 0.000979467 101323 -0.247486 0.151071
0.005285 462.993 0.199688 101323 -0.0354428 0.750387
0.000545 2268.92 0.00101889 101323 -0.248795 0.151071
0.005995 315.501 0.228535 101324 -0.00137228 1.11106
0.004695 898.581 0.135897 101324 -0.116915 0.383357
0.000205 2269.02 0.000978825 101323 -0.247548 0.151069
0.005295 458.362 0.200454 101323 -0.0342847 0.758093
0.003775 1924.26 0.0305642 101319 -0.189859 0.178195
0.000555 2268.83 0.00102588 101323 -0.24897 0.151076
0.006005 314.96 0.228676 101324 -0.00120321 1.11304
0.004275 1373.5 0.0821035 101324 -0.187481 0.250013
0.000215 2269.05 0.000978153 101323 -0.247629 0.151066
0.004705 888.384 0.137232 101324 -0.114547 0.3878
0.005305 453.79 0.201208 101323 -0.0331877 0.765858
0.004115 1569.02 0.0641461 101324 -0.212382 0.218727
0.000565 2268.74 0.00103283 101323 -0.248941 0.151082
0.006015 314.435 0.228812 101324 -0.00102225 1.11498
0.003785 1922.12 0.0307816 101321 -0.194367 0.178401
0.000225 2269.08 0.000977451 101323 -0.247676 0.151064
0.004285 1361.23 0.0832031 101324 -0.185679 0.252278
0.004715 878.217 0.138559 101324 -0.112382 0.392332
0.005315 449.275 0.20195 101323 -0.03215 0.77368
0.005695 345.468 0.221757 101324 -0.00788614 1.01178
0.000575 2268.65 0.00103974 101323 -0.248827 0.151088
0.004125 1556.86 0.0652796 101324 -0.21041 0.220443
0.006025 313.924 0.228944 101324 -0.000842451 1.11687
0.003795 1920 0.0309976 101326 -0.211823 0.178611
0.004295 1348.95 0.0842981 101324 -0.184458 0.254586
0.000235 2269.12 0.000976719 101323 -0.247673 0.151062
0.004725 868.08 0.139879 101324 -0.110493 0.396958
0.005325 444.84 0.20268 101327 -0.03112 0.781556
0.004945 671.789 0.16697 101324 -0.0752992 0.514403
0.000585 2268.56 0.00104662 101323 -0.2488 0.151094
0.004135 1544.69 0.0664124 101324 -0.209365 0.222186
0.005705 344.002 0.222083 101324 -0.00750711 1.01621
0.006035 313.427 0.229072 101324 -0.000678779 1.11872
0.000245 2269.15 0.000975956 101323 -0.24767 0.15106
0.003805 1917.9 0.0312125 101328 -0.222877 0.178813
0.004305 1336.68 0.0853882 101324 -0.183077 0.256936
0.004735 857.972 0.141191 101324 -0.108883 0.401681
0.005335 441.002 0.203399 101323 -0.0302244 0.788453
0.000595 2268.47 0.00105346 101323 -0.248924 0.1511
0.004145 1532.51 0.0675443 101324 -0.20835 0.223959
0.005715 342.571 0.222401 101324 -0.00713182 1.02057
0.006045 312.943 0.229196 101324 -0.000544863 1.12052
0.004955 664.234 0.168101 101324 -0.0737673 0.52033
0.000255 2269.18 0.000975165 101323 -0.247723 0.151058
0.003815 1915.82 0.0314266 101326 -0.224254 0.179007
0.004745 847.893 0.142496 101324 -0.107456 0.406503
0.004315 1324.4 0.086473 101324 -0.18075 0.25933
0.005345 437.243 0.204106 101323 -0.0293173 0.79536
0.000605 2268.38 0.00106026 101323 -0.249073 0.151106
0.004155 1520.33 0.0686753 101324 -0.206654 0.225762
0.005725 341.173 0.22271 101324 -0.00676389 1.02488
0.006055 312.473 0.229317 101324 -0.000449655 1.12228
0.000265 2269.21 0.000974345 101323 -0.247819 0.151055
0.004965 656.734 0.169223 101324 -0.0722401 0.526347
0.003825 1910.5 0.0318729 101150 -0.222257 0.179201
0.004755 837.843 0.143794 101324 -0.106047 0.411428
0.002375 2213.38 0.00494318 101323 -0.247487 0.1548
0.001485 2255.92 0.00185522 101323 -0.250945 0.151911
0.004765 827.819 0.145084 101324 -0.104526 0.416459
0.004325 1312.12 0.0875521 101324 -0.178466 0.26177
0.002385 2212.32 0.00502709 101323 -0.247298 0.154874
0.005355 433.545 0.2048 101323 -0.0284409 0.802274
0.004775 817.824 0.146367 101324 -0.102892 0.4216
0.001495 2255.58 0.00187962 101323 -0.250786 0.151933
0.000615 2268.29 0.00106703 101323 -0.249109 0.151111
0.002395 2211.26 0.00511066 101323 -0.246597 0.154948
0.004335 1299.83 0.0886248 101324 -0.177546 0.264257
0.006065 312.014 0.229434 101324 -0.000395148 1.124
0.004785 807.856 0.147643 101324 -0.101195 0.426854
0.005365 429.906 0.205482 101323 -0.0275995 0.809196
0.001505 2255.25 0.00190391 101323 -0.250888 0.151956
0.000275 2269.24 0.000973496 101323 -0.247879 0.151053
0.002405 2210.21 0.00519391 101323 -0.246057 0.155022
0.004345 1287.55 0.0896909 101324 -0.176772 0.266792
0.000625 2268.2 0.00107375 101323 -0.249055 0.151117
0.004795 797.915 0.148912 101324 -0.0994176 0.432224
0.005375 426.326 0.206152 101323 -0.0268291 0.816124
0.006075 311.569 0.229547 101324 -0.00037589 1.12568
0.001515 2254.91 0.00192808 101323 -0.251079 0.151978
0.002415 2209.16 0.00527682 101323 -0.246063 0.155096
0.004355 1275.27 0.0907498 101324 -0.173914 0.269374
0.005735 339.808 0.223012 101324 -0.00640626 1.02911
0.004975 649.292 0.170336 101324 -0.0707354 0.532458
0.004365 1262.99 0.0918011 101324 -0.170393 0.272006
0.003835 1902.16 0.0327394 101327 -0.219979 0.180301
0.005745 338.475 0.223305 101324 -0.00606162 1.03328
0.000285 2269.27 0.000972619 101323 -0.247857 0.151051
0.004985 641.906 0.171439 101324 -0.0692506 0.538664
0.004375 1250.72 0.0928442 101324 -0.169886 0.274691
0.005755 337.173 0.223591 101324 -0.00573246 1.03739
0.000635 2268.11 0.00108044 101323 -0.249038 0.151123
0.005385 422.803 0.206811 101323 -0.0260246 0.823056
0.001525 2254.57 0.00195215 101323 -0.251107 0.152
0.002425 2208.11 0.0053594 101323 -0.246288 0.155169
0.005395 419.336 0.207457 101323 -0.0258172 0.829993
0.000295 2269.3 0.000971715 101323 -0.24781 0.151049
0.001535 2254.23 0.0019761 101323 -0.250948 0.152022
0.004995 634.577 0.172532 101324 -0.0677538 0.544966
0.002435 2207.07 0.00544163 101323 -0.246196 0.155242
0.005405 415.924 0.208091 101324 -0.0229368 0.836947
0.004385 1238.45 0.0938786 101325 -0.170386 0.27743
0.000305 2269.33 0.000970784 101323 -0.247839 0.151047
0.001545 2253.9 0.00199993 101323 -0.250804 0.152045
0.002445 2206.03 0.0055235 101323 -0.245706 0.155315
0.005415 412.566 0.208714 101323 -0.0236703 0.843882
0.005005 627.305 0.173616 101324 -0.0662788 0.551365
0.004395 1226.19 0.094904 101323 -0.167776 0.280215
0.000315 2269.36 0.000969827 101323 -0.247954 0.151045
0.001555 2253.57 0.00202365 101323 -0.250828 0.152067
0.002455 2205 0.00560503 101323 -0.245228 0.155388
0.005425 409.262 0.209325 101323 -0.0218213 0.85083
0.005015 620.09 0.17469 101324 -0.0648792 0.557865
0.004405 1213.94 0.0959197 101323 -0.160697 0.283061
0.001565 2253.23 0.00204725 101323 -0.250953 0.152089
0.005025 612.932 0.175754 101324 -0.0634355 0.564465
0.002465 2203.97 0.00568619 101323 -0.245108 0.15546
0.004415 1201.7 0.0969254 101324 -0.160751 0.285962
0.005435 406.01 0.209924 101323 -0.020798 0.857781
0.001575 2252.9 0.00207073 101323 -0.251 0.152111
0.005035 605.83 0.176809 101324 -0.0619154 0.571169
0.002475 2202.94 0.00576699 101323 -0.245222 0.155532
0.004425 1189.48 0.0979204 101325 -0.164623 0.288923
0.001585 2252.57 0.00209408 101323 -0.250906 0.152133
0.005045 598.785 0.177853 101324 -0.0606257 0.577978
0.002485 2201.92 0.00584741 101323 -0.24518 0.155604
0.001595 2252.24 0.00211732 101323 -0.250781 0.152155
0.004435 1177.27 0.0989045 101326 -0.165579 0.291937
0.005055 591.796 0.178888 101324 -0.0594065 0.584894
0.002495 2200.9 0.00592745 101323 -0.244823 0.155676
0.004445 1165.25 0.0999458 101338 -0.162715 0.295007
0.005065 584.864 0.179913 101324 -0.0577023 0.591917
0.002505 2199.89 0.00600711 101323 -0.244386 0.155748
0.004455 1153.97 0.101436 101326 -0.159912 0.297873
0.005075 577.988 0.180928 101324 -0.0564196 0.599052
0.002515 2198.89 0.00608637 101323 -0.244181 0.155819
0.004465 1142.88 0.102982 101325 -0.160831 0.300783
0.005085 571.161 0.181933 101324 -0.0567294 0.606308
0.002525 2197.89 0.00616523 101323 -0.24422 0.15589
0.004475 1131.84 0.104514 101324 -0.164536 0.303736
0.005095 564.342 0.182927 101323 -0.0569076 0.613726
0.002535 2196.89 0.00624369 101323 -0.244216 0.15596
0.005105 557.456 0.183912 101330 -0.0555603 0.621452
0.002545 2195.9 0.00632173 101323 -0.243944 0.156031
0.005115 551.29 0.184886 101325 -0.054926 0.628469
0.002555 2194.91 0.00639935 101323 -0.243514 0.156101
