0.006405 348.407 0.232657 197200 0.0526468 1.96343
0.006415 348.38 0.232676 197200 0.052205 1.96361
0.006425 348.34 0.232693 197200 0.0517838 1.96386
0.006435 348.29 0.23271 197200 0.0513751 1.96417
0.006445 348.234 0.232725 197200 0.0509782 1.96452
0.006455 348.173 0.23274 197200 0.0505843 1.96489
0.006465 348.108 0.232753 197200 0.0501901 1.96528
0.006475 348.038 0.232766 197200 0.0497944 1.9657
0.006485 347.963 0.232777 197200 0.0493948 1.96614
0.006495 347.882 0.232788 197200 0.0490125 1.96662
0.006505 347.795 0.232798 197200 0.0485862 1.96714
0.006515 347.801 0.232807 197200 0.0481838 1.96712
0.006525 347.801 0.232815 197200 0.0477816 1.96714
0.006535 347.795 0.232823 197200 0.0473652 1.96719
0.006545 347.782 0.23283 197200 0.0469647 1.96728
0.006555 347.76 0.232837 197200 0.0465572 1.96742
0.006565 347.731 0.232843 197200 0.0461479 1.9676
0.006575 347.693 0.232849 197200 0.0457377 1.96782
0.006585 347.647 0.232855 197200 0.0453254 1.9681
0.006595 347.592 0.23286 197200 0.0449318 1.96842
0.006605 347.528 0.232864 197200 0.0444981 1.96879
0.006615 347.554 0.232869 197200 0.0440734 1.96865
0.006625 347.573 0.232873 197200 0.0436881 1.96855
0.006635 347.585 0.232876 197200 0.0432806 1.96849
0.006645 347.59 0.23288 197200 0.0428589 1.96848
0.006655 347.585 0.232883 197200 0.0424355 1.96851
0.006665 347.573 0.232885 197200 0.0420215 1.96859
0.006675 347.551 0.232888 197200 0.0416066 1.96872
0.006685 347.52 0.232891 197200 0.0411875 1.9689
0.006695 347.479 0.232893 197200 0.0407861 1.96914
0.006705 347.428 0.232895 197200 0.0403476 1.96943
0.006715 347.466 0.232897 197200 0.0399129 1.96923
0.007045 347.782 0.232917 197200 0.0262583 1.9675
0.007365 349.034 0.232917 197200 0.0130406 1.96045
0.007055 347.817 0.232917 197200 0.0258461 1.9673
0.000325 618.267 0.216353 197199 0.0529463 1.09931
0.000645 734.267 0.207131 197199 0.0592125 0.924703
0.007065 347.844 0.232917 197200 0.0254334 1.96715
0.006725 347.496 0.232898 197200 0.0395219 1.96906
0.007075 347.861 0.232917 197200 0.0250269 1.96705
0.000655 739.029 0.206742 197199 0.0594087 0.918712
0.001285 1119.4 0.173605 197200 0.0649643 0.605253
0.007375 349.1 0.232917 197200 0.0126298 1.96008
0.007085 347.87 0.232917 197200 0.024598 1.967
0.000665 743.85 0.206348 197199 0.0596032 0.912724
0.000335 620.715 0.216164 197199 0.0531149 1.09495
0.001295 1126.13 0.172982 197200 0.0649126 0.601618
0.007095 347.869 0.232917 197200 0.0241797 1.96701
0.000675 748.73 0.205949 197199 0.0597959 0.906743
0.001605 1335.84 0.15291 197200 0.0612017 0.506783
0.007105 347.86 0.232917 197200 0.0237668 1.96706
0.001305 1132.87 0.172357 197200 0.064858 0.598022
0.000685 753.666 0.205544 197199 0.0599866 0.900771
0.006735 347.517 0.2329 197200 0.0391099 1.96894
0.007385 349.158 0.232917 197200 0.0122185 1.95975
0.007115 347.841 0.232917 197200 0.0233478 1.96717
0.000345 623.243 0.215968 197199 0.0532869 1.09048
0.001315 1139.62 0.17173 197200 0.0648004 0.594466
0.000695 758.66 0.205133 197199 0.0601752 0.89481
0.003845 2425.74 0.0194732 197200 -0.0594517 0.278063
0.007125 347.911 0.232917 197200 0.0229144 1.96677
0.001325 1146.37 0.171101 197200 0.0647398 0.590949
0.000705 763.708 0.204718 197199 0.0603616 0.888862
0.004165 2346.58 0.0193944 197200 -0.0680089 0.287228
0.007135 347.974 0.232917 197200 0.0225268 1.96642
0.003855 2423.2 0.0194672 197200 -0.0594988 0.278347
0.001615 1342.57 0.152244 197200 0.0610118 0.504233
0.001335 1153.13 0.170471 197200 0.0646758 0.587471
0.000715 768.811 0.204297 197199 0.0605458 0.88293
0.006745 347.531 0.232902 197200 0.0387002 1.96887
0.007395 349.207 0.232917 197200 0.0118069 1.95948
0.000355 625.851 0.215766 197199 0.053462 1.0859
0.007145 348.03 0.232917 197200 0.0221159 1.9661
0.003865 2420.67 0.0194612 197200 -0.0598264 0.278631
0.001345 1159.89 0.169839 197200 0.0646077 0.584031
0.000725 773.968 0.203871 197199 0.0607277 0.877016
0.007155 348.078 0.232917 197200 0.0217072 1.96583
0.003525 2351.41 0.0344879 197200 -0.0269362 0.287033
0.001625 1349.29 0.151577 197200 0.0608135 0.501712
0.000735 779.177 0.203439 197199 0.060907 0.871121
0.001355 1166.65 0.169205 197200 0.0645351 0.580629
0.003875 2418.14 0.0194552 197200 -0.0601571 0.278916
0.007165 348.118 0.232917 197200 0.021299 1.9656
0.004175 2344.06 0.0194086 197185 -0.0771527 0.28751
0.007405 349.248 0.232917 197200 0.0113945 1.95925
0.006755 347.536 0.232903 197200 0.0382759 1.96884
0.000365 628.539 0.215557 197199 0.0536402 1.08123
0.000745 784.437 0.203003 197199 0.0610838 0.865247
0.001365 1173.42 0.168569 197200 0.0644572 0.577264
0.003885 2415.62 0.0194493 197200 -0.0604917 0.279201
0.007175 348.152 0.232917 197200 0.020892 1.96541
0.001635 1356 0.15091 197200 0.0606069 0.499218
0.003535 2354.71 0.033995 197200 -0.0275222 0.286625
0.000755 789.748 0.202562 197199 0.061258 0.859397
0.001375 1180.19 0.167932 197200 0.0643738 0.573937
0.003895 2413.09 0.0194435 197200 -0.0608298 0.279486
0.004185 2336.96 0.0198948 197200 -0.0861737 0.288397
0.007185 348.178 0.232917 197200 0.020486 1.96526
0.007415 349.281 0.232917 197200 0.0109911 1.95906
0.006765 347.533 0.232904 197200 0.0378549 1.96887
0.000375 631.307 0.215342 197199 0.0538213 1.07646
0.001385 1186.97 0.167293 197200 0.0642846 0.570646
0.000765 795.109 0.202115 197200 0.0614295 0.853572
0.003905 2410.57 0.0194379 197200 -0.0611708 0.279772
0.007195 348.198 0.232917 197200 0.0200815 1.96515
0.001645 1362.7 0.150242 197200 0.0603929 0.496751
0.003545 2358 0.0335031 197200 -0.0281053 0.28622
0.001395 1193.75 0.166653 197200 0.0641896 0.567392
0.000775 800.518 0.201664 197200 0.0615982 0.847774
0.003915 2408.06 0.0194326 197200 -0.0615137 0.280058
0.004195 2329.68 0.0203948 197200 -0.0858036 0.289289
0.007205 348.211 0.232917 197200 0.0196777 1.96508
0.007425 349.304 0.232917 197200 0.0105664 1.95893
0.006775 347.522 0.232905 197200 0.0374483 1.96893
0.001405 1200.52 0.166011 197200 0.0640892 0.564173
0.000785 805.974 0.201208 197200 0.061764 0.842004
0.000385 634.154 0.21512 197199 0.0540051 1.0716
0.003925 2405.54 0.0194275 197200 -0.0618577 0.280344
0.007215 348.216 0.232917 197200 0.0192551 1.96505
0.001655 1369.4 0.149573 197200 0.0601728 0.49431
0.003555 2361.27 0.0330122 197200 -0.0286854 0.285818
0.001415 1207.3 0.165368 197200 0.0639836 0.560991
0.000795 811.477 0.200747 197200 0.0619268 0.836264
0.004205 2322.42 0.0208944 197200 -0.0857243 0.290186
0.003935 2403.03 0.0194227 197200 -0.0622019 0.280631
0.007225 348.212 0.232917 197200 0.0188405 1.96507
0.007435 349.42 0.232917 197200 0.0101426 1.95828
0.006785 347.506 0.232906 197200 0.0370539 1.96903
0.001425 1214.09 0.164723 197200 0.0638733 0.557843
0.000805 817.025 0.200282 197200 0.0620866 0.830554
0.000395 637.08 0.214892 197199 0.0541914 1.06665
0.003945 2400.51 0.0194183 197200 -0.0625451 0.280918
0.007235 348.3 0.232917 197200 0.0184055 1.96458
0.001665 1376.09 0.148904 197200 0.0599482 0.491897
0.001435 1220.87 0.164077 197200 0.0637584 0.554731
0.000815 822.618 0.199811 197200 0.0622433 0.824878
0.003565 2364.52 0.0325223 197200 -0.029265 0.285418
0.004215 2315.17 0.0213934 197200 -0.0856293 0.291087
0.003955 2398 0.0194142 197200 -0.0628864 0.281205
0.007245 348.38 0.232917 197200 0.0180129 1.96413
0.007445 349.528 0.232917 197200 0.00974779 1.95768
0.001445 1227.65 0.163429 197200 0.0636392 0.551653
0.000825 828.255 0.199337 197200 0.0623968 0.819234
0.006795 347.485 0.232907 197200 0.0366621 1.96915
0.000405 640.085 0.214657 197199 0.0543801 1.06161
0.007255 348.451 0.232917 197200 0.0175943 1.96373
0.003965 2395.5 0.0194105 197200 -0.0632247 0.281493
0.001675 1382.77 0.148234 197200 0.0597205 0.489509
0.001455 1234.43 0.16278 197200 0.0635156 0.548609
0.000835 833.934 0.198857 197200 0.0625469 0.813626
0.003575 2367.73 0.0320332 197197 -0.0298386 0.285022
0.007265 348.513 0.232917 197200 0.017176 1.96338
0.004225 2307.94 0.0218917 197200 -0.0855238 0.291991
0.003975 2392.99 0.0194072 197200 -0.0635591 0.281781
0.007455 349.629 0.232918 197200 0.0093378 1.95711
0.001465 1241.21 0.16213 197200 0.0633876 0.545599
0.000845 839.655 0.198374 197200 0.0626937 0.808053
0.006805 347.46 0.232908 197200 0.0362823 1.96929
0.000415 643.167 0.214416 197199 0.0545711 1.05649
0.007275 348.565 0.232917 197200 0.0167573 1.96309
0.003985 2390.49 0.0194043 197200 -0.0638887 0.282069
0.001685 1389.45 0.147563 197200 0.0594907 0.487147
0.001475 1247.99 0.161479 197200 0.0632551 0.542622
0.000855 845.417 0.197885 197200 0.062837 0.802518
0.003585 2370.16 0.0315449 197200 -0.0303929 0.284728
0.004235 2300.73 0.0223893 197200 -0.085408 0.292899
0.007465 349.722 0.232918 197200 0.0089291 1.95659
0.007285 348.607 0.232917 197200 0.0163398 1.96285
0.003995 2387.99 0.0194017 197200 -0.0642124 0.282357
0.001485 1254.77 0.160826 197200 0.0631181 0.539678
0.006815 347.429 0.232909 197200 0.0358459 1.96947
0.000865 851.218 0.197393 197200 0.0629769 0.79702
0.000425 646.328 0.214168 197199 0.0547642 1.05129
0.007295 348.641 0.232917 197200 0.015924 1.96266
0.004005 2385.5 0.0193996 197200 -0.0645294 0.282646
0.001695 1396.12 0.146891 197200 0.0592593 0.484811
0.001495 1261.54 0.160172 197200 0.0629767 0.536766
0.003595 2372.55 0.0310573 197200 -0.0309345 0.284436
0.000875 857.058 0.196896 197200 0.0631131 0.79156
0.004245 2293.53 0.0228861 197200 -0.0852818 0.293811
0.007305 348.665 0.232917 197200 0.0155109 1.96252
0.004015 2383.01 0.0193978 197200 -0.0648389 0.282935
0.007475 349.808 0.232918 197200 0.00852043 1.95611
0.001505 1268.32 0.159517 197200 0.0628311 0.533887
0.006825 347.483 0.23291 197200 0.0354011 1.96917
0.004485 2128.11 0.0343886 197200 -0.0795839 0.316473
0.000885 862.936 0.196395 197200 0.0632459 0.786141
0.000435 649.566 0.213914 197199 0.0549592 1.04602
0.007315 348.68 0.232917 197200 0.0151011 1.96244
0.001705 1402.77 0.146219 197200 0.0590264 0.4825
0.004025 2380.52 0.0193963 197200 -0.0651402 0.283224
0.001515 1275.09 0.158861 197200 0.0626817 0.53104
0.003605 2374.93 0.0305704 197200 -0.0314637 0.284145
0.004255 2286.35 0.0233822 197200 -0.0851452 0.294726
0.000895 868.851 0.19589 197200 0.0633751 0.780761
0.004495 2121.59 0.0348418 197200 -0.0792859 0.317438
0.007325 348.687 0.232917 197200 0.0146776 1.9624
0.007485 349.887 0.232918 197200 0.00811203 1.95567
0.006835 347.525 0.23291 197200 0.0349901 1.96893
0.004035 2378.04 0.0193952 197200 -0.0654327 0.283513
0.001525 1281.85 0.158204 197200 0.062529 0.528224
0.000905 874.802 0.195381 197200 0.0635007 0.775423
0.000445 652.881 0.213653 197199 0.055156 1.04068
0.007335 348.785 0.232917 197200 0.0142493 1.96185
0.004505 2115.12 0.0352923 197200 -0.0789887 0.318403
0.001715 1409.42 0.145547 197200 0.0587917 0.480214
0.003615 2377.3 0.030084 197200 -0.03198 0.283857
0.004265 2279.19 0.0238773 197200 -0.0849981 0.295644
0.004045 2375.56 0.0193944 197200 -0.0657158 0.283801
0.000915 880.787 0.194868 197200 0.0636227 0.770126
0.001535 1288.62 0.157545 197200 0.0623735 0.525439
0.007345 348.876 0.232917 197200 0.0138604 1.96134
0.004515 2108.67 0.0357399 197200 -0.0786928 0.31937
0.007495 349.958 0.232918 197200 0.00770344 1.95527
0.006845 347.554 0.232911 197200 0.0345618 1.96877
0.000455 656.272 0.213386 197199 0.0553544 1.03527
0.000925 886.808 0.194351 197200 0.0637409 0.764871
0.004055 2373.1 0.0193938 197200 -0.065989 0.28409
0.007355 348.959 0.232917 197200 0.0134501 1.96087
0.001545 1295.38 0.156886 197200 0.0622157 0.522684
0.004525 2102.26 0.0361845 197200 -0.0783986 0.320337
0.001725 1416.06 0.144874 197200 0.0585547 0.477952
0.003625 2379.65 0.0295982 197200 -0.0324838 0.28357
0.006085 358.889 0.230499 197200 0.0633928 1.90361
0.001925 1546.67 0.131339 197200 0.05306 0.437428
0.003205 2233.32 0.0509556 197200 -0.00782388 0.302386
0.003635 2382.01 0.0291129 197200 -0.0329754 0.283284
0.001935 1553.08 0.13066 197200 0.052749 0.435616
0.005445 657.068 0.184226 197201 0.0342433 1.02968
0.003215 2237.43 0.0504178 197200 -0.00840924 0.301826
0.001945 1559.47 0.129982 197200 0.0524347 0.433823
0.006095 358.08 0.230647 197200 0.063169 1.90805
0.004805 1662.04 0.0715936 197200 -0.0812897 0.404912
0.003225 2241.51 0.0498815 197200 -0.00899586 0.301271
0.001955 1565.85 0.129303 197200 0.0521173 0.432048
0.003645 2384.35 0.0286281 197200 -0.0334552 0.283
0.003235 2245.58 0.0493469 197200 -0.00958378 0.30072
0.001965 1572.22 0.128624 197200 0.0517966 0.430291
0.006105 357.46 0.230787 197200 0.0628595 1.91149
0.003245 2249.63 0.0488138 197200 -0.010173 0.300173
0.005455 646.038 0.185667 197201 0.0355994 1.04743
0.001975 1578.57 0.127946 197200 0.0514728 0.428552
0.003655 2386.69 0.0281437 197200 -0.0339238 0.282717
0.005765 426.257 0.218613 197200 0.0622138 1.59642
0.004815 1644.19 0.0729105 197200 -0.0796017 0.409303
0.003255 2253.66 0.0482824 197200 -0.0107637 0.299631
0.001985 1584.91 0.127267 197200 0.0511458 0.42683
0.005125 1098.69 0.12818 197201 -0.0214571 0.613219
0.006115 356.852 0.23092 197200 0.0625529 1.91487
0.005775 422.412 0.219277 197200 0.0626099 1.61123
0.003265 2257.68 0.0477525 197200 -0.0113557 0.299094
0.001995 1591.24 0.126589 197200 0.0508158 0.425126
0.005465 635.13 0.187088 197203 0.0371554 1.06561
0.003665 2389.02 0.0276596 197200 -0.0343817 0.282435
0.005135 1082.04 0.130285 197201 -0.0190817 0.622714
0.005785 418.695 0.219918 197200 0.0629746 1.6258
0.004825 1626.36 0.0742058 197201 -0.0778327 0.413783
0.003275 2261.67 0.0472242 197200 -0.0119492 0.29856
0.002005 1597.55 0.125911 197200 0.0504827 0.42344
0.005145 1065.51 0.132356 197201 -0.0167775 0.632442
0.005795 415.102 0.220535 197200 0.0633125 1.64014
0.006125 356.261 0.231045 197200 0.0622652 1.91818
0.002245 1744.64 0.109723 197200 0.0416488 0.387598
0.003285 2265.65 0.0466975 197200 -0.0125441 0.298031
0.002015 1603.85 0.125233 197200 0.0501466 0.42177
0.005155 1049.08 0.134396 197201 -0.0145404 0.642411
0.005805 411.631 0.22113 197200 0.0636225 1.65424
0.002565 1926.54 0.0887553 197200 0.0277531 0.350854
0.005475 625.616 0.188487 197201 0.0380766 1.08199
0.003675 2391.35 0.0271759 197200 -0.0348297 0.282155
0.003295 2269.6 0.0461723 197200 -0.0131405 0.297506
0.002025 1610.13 0.124555 197200 0.0498075 0.420117
0.004835 1608.57 0.0754777 197201 -0.0759776 0.418355
0.005165 1032.76 0.136405 197201 -0.0123665 0.652634
0.005815 408.277 0.221702 197200 0.0639053 1.6681
0.006135 355.69 0.231162 197200 0.0619886 1.92138
0.002575 1931.95 0.0881175 197200 0.0272748 0.349868
0.003305 2273.54 0.0456487 197200 -0.0137384 0.296986
0.002035 1616.4 0.123877 197200 0.0494654 0.418481
0.002255 1750.58 0.109054 197200 0.0412491 0.386278
0.005825 405.036 0.222252 197200 0.0641609 1.68171
0.005175 1016.54 0.138386 197201 -0.0102525 0.663124
0.005485 616.26 0.189865 197201 0.0393296 1.0986
0.002585 1937.34 0.087481 197200 0.0267926 0.34889
0.003315 2277.46 0.0451266 197200 -0.0143378 0.296469
0.002045 1622.66 0.123199 197200 0.0491203 0.416861
0.003685 2393.67 0.0266925 197200 -0.0352686 0.281875
0.005835 401.905 0.22278 197200 0.0643885 1.69507
0.004845 1590.82 0.0767243 197201 -0.074031 0.423018
0.005185 1000.41 0.140341 197202 -0.00819076 0.673891
0.006145 355.141 0.231274 197200 0.0617107 1.92446
0.002595 1942.71 0.0868458 197200 0.0263066 0.347921
0.002055 1628.9 0.122522 197200 0.0487724 0.415257
0.003325 2281.36 0.044606 197200 -0.0149386 0.295957
0.005845 398.88 0.223288 197200 0.0645862 1.70818
0.002265 1756.5 0.108386 197200 0.0408471 0.384971
0.005195 984.365 0.14227 197202 -0.00617491 0.684951
0.005495 607.056 0.191221 197201 0.0405442 1.11545
0.002065 1635.13 0.121845 197200 0.0484216 0.413669
0.003335 2285.24 0.044087 197200 -0.0155416 0.295449
0.002605 1948.06 0.0862118 197200 0.0258167 0.346961
0.005855 395.956 0.223775 197200 0.0647519 1.72105
0.003695 2395.99 0.0262095 197200 -0.0356991 0.281597
0.005205 968.408 0.144175 197202 -0.00422067 0.696317
0.004855 1573.12 0.0779437 197201 -0.0719875 0.427774
0.002075 1641.34 0.121168 197200 0.0480679 0.412097
0.002615 1953.39 0.0855792 197200 0.0253226 0.346009
0.003345 2289.1 0.0435694 197199 -0.0161483 0.294945
0.005865 393.127 0.224242 197200 0.0648825 1.73369
0.006155 354.612 0.231378 197200 0.0614259 1.92744
0.005215 952.532 0.146058 197202 -0.00231532 0.708006
0.002275 1762.4 0.107719 197200 0.0404429 0.383675
0.002085 1647.54 0.120492 197200 0.0477114 0.41054
0.002625 1958.71 0.0849478 197200 0.0248244 0.345066
0.003355 2292.72 0.0430533 197200 -0.0167483 0.294475
0.005875 390.386 0.224689 197200 0.0649993 1.74611
0.003705 2398.31 0.0257266 197200 -0.0361223 0.281319
0.005225 936.732 0.14792 197202 -0.000454232 0.720033
0.005505 598.004 0.192553 197201 0.0417362 1.13254
0.002095 1653.72 0.119815 197200 0.047352 0.408999
0.004865 1555.48 0.0791339 197201 -0.0698414 0.432621
0.003365 2296.31 0.0425387 197200 -0.017351 0.294009
0.002635 1964 0.0843179 197200 0.024322 0.344131
0.005885 388.083 0.225117 197200 0.0650825 1.75672
0.006165 354.102 0.231477 197200 0.061132 1.93032
0.002285 1768.29 0.107053 197200 0.0400365 0.382392
0.005235 921.006 0.149762 197202 0.00136897 0.732416
0.002105 1659.89 0.119139 197200 0.04699 0.407472
0.003375 2299.88 0.0420255 197200 -0.0179543 0.293547
5e-06 580.873 0.219204 197199 0.0501427 1.17056
0.002645 1969.28 0.0836892 197200 0.0238154 0.343205
0.003715 2400.62 0.0252441 197200 -0.0365391 0.281043
0.005895 385.873 0.225527 197200 0.0651706 1.76702
0.005515 589.103 0.193863 197201 0.042899 1.14986
0.005245 905.347 0.151584 197202 0.00325237 0.745173
0.002115 1666.04 0.118464 197200 0.0466252 0.405961
0.003385 2303.44 0.0415137 197200 -0.0185576 0.293089
0.004875 1537.92 0.0802929 197201 -0.0675868 0.437561
0.002655 1974.54 0.0830619 197200 0.0233047 0.342286
1.5e-05 580.935 0.2192 197199 0.050136 1.17044
0.006175 353.61 0.23157 197200 0.060828 1.93312
0.002295 1774.17 0.106387 197200 0.0396279 0.381121
0.005905 383.75 0.225919 197200 0.0652312 1.77703
0.002125 1672.18 0.117789 197200 0.0462577 0.404465
0.005255 889.771 0.153389 197205 0.00544978 0.758325
0.003395 2306.98 0.0410034 197200 -0.0191609 0.292634
0.002665 1979.78 0.0824361 197200 0.0227898 0.341377
2.5e-05 581.059 0.21919 197199 0.0501386 1.17018
0.005915 381.71 0.226294 197200 0.0652689 1.78676
0.002135 1678.3 0.117114 197200 0.0458875 0.402983
0.003725 2402.93 0.0247618 197200 -0.0369505 0.280767
0.005525 580.352 0.19515 197201 0.0440341 1.1674
0.005265 876.434 0.155175 197201 0.00664182 0.769946
0.003405 2310.5 0.0404944 197200 -0.019764 0.292182
0.002675 1984.99 0.0818116 197200 0.0222709 0.340475
3.5e-05 581.248 0.219176 197199 0.0501471 1.1698
0.005925 379.75 0.226651 197200 0.065285 1.79621
0.002145 1684.41 0.116439 197200 0.0455147 0.401516
0.004885 1520.44 0.0814188 197201 -0.0652174 0.442591
0.006185 353.131 0.231657 197200 0.0605152 1.93583
0.002305 1780.02 0.105722 197200 0.0392171 0.379862
0.005275 863.231 0.156942 197201 0.00833645 0.781822
0.003415 2314 0.0399868 197200 -0.020367 0.291735
0.002685 1990.19 0.0811885 197200 0.021748 0.339581
0.005935 377.865 0.226992 197200 0.065281 1.80539
4.5e-05 581.502 0.219157 197199 0.050162 1.16929
0.002155 1690.5 0.115765 197200 0.0451393 0.400063
0.003735 2405.25 0.0242798 197200 -0.0373575 0.280492
0.005535 571.752 0.196414 197201 0.0451426 1.18518
0.002695 1995.37 0.0805668 197200 0.0212214 0.338695
0.003425 2317.49 0.0394806 197200 -0.0209696 0.29129
0.005285 850.144 0.158691 197201 0.0100019 0.793959
0.005945 376.052 0.227317 197200 0.0652577 1.81431
5.5e-05 581.822 0.219133 197199 0.0501831 1.16864
0.002165 1696.58 0.115092 197200 0.0447614 0.398624
0.004895 1503.05 0.0825095 197201 -0.0627268 0.447711
0.006195 352.665 0.23174 197200 0.0601912 1.93849
0.002705 2000.53 0.0799465 197200 0.0206913 0.337817
0.005295 837.174 0.16042 197201 0.011655 0.806365
0.003435 2320.95 0.0389756 197200 -0.0215717 0.29085
6.5e-05 582.209 0.219104 197199 0.0502106 1.16786
0.005955 374.308 0.227628 197200 0.0652143 1.82297
0.002175 1702.64 0.114419 197200 0.0443809 0.397199
0.002315 1785.86 0.105058 197200 0.0388042 0.378615
0.002715 2005.67 0.0793277 197200 0.0201578 0.336948
0.005305 824.32 0.162132 197201 0.013289 0.819047
0.003445 2324.41 0.0384721 197200 -0.0221731 0.290412
7.5e-05 582.664 0.21907 197199 0.0502444 1.16694
0.005965 372.629 0.227923 197200 0.0651493 1.83139
0.002185 1708.69 0.113746 197200 0.0439978 0.395787
0.005545 563.301 0.197653 197201 0.0462259 1.20317
0.003745 2407.55 0.023798 197200 -0.0377612 0.280217
0.002725 2010.79 0.0787104 197200 0.0196213 0.336086
0.003455 2327.84 0.0379698 197200 -0.0227737 0.289978
0.005315 811.585 0.163825 197201 0.0149051 0.832012
8.5e-05 583.187 0.219031 197199 0.0502846 1.16588
0.004905 1485.78 0.0835631 197201 -0.0601081 0.452919
0.005975 371.009 0.228204 197200 0.06506 1.83959
0.006205 352.348 0.231817 197200 0.0598671 1.94032
0.002195 1714.72 0.113074 197200 0.0436123 0.39439
0.002735 2015.89 0.0780945 197200 0.0190821 0.335231
0.003465 2331.26 0.0374687 197200 -0.0233732 0.289548
0.005325 798.968 0.165501 197201 0.0165039 0.845266
9.5e-05 583.781 0.218986 197199 0.050331 1.16469
0.002325 1791.69 0.104394 197200 0.0383892 0.377379
0.005555 555.002 0.198869 197201 0.0472845 1.22139
0.003755 2409.86 0.0233165 197200 -0.0381624 0.279943
0.005985 369.445 0.228471 197200 0.0649568 1.84758
0.002745 2020.96 0.0774802 197200 0.0185404 0.334385
0.002205 1720.74 0.112403 197200 0.0432244 0.393005
0.005335 786.47 0.167159 197201 0.0180863 0.858818
0.003475 2334.66 0.036969 197200 -0.0239715 0.289121
0.000105 584.445 0.218936 197199 0.0503838 1.16336
0.004915 1468.63 0.0845776 197201 -0.057354 0.458211
0.006215 352.045 0.231889 197200 0.0595467 1.94208
0.005995 368.176 0.228725 197200 0.0648414 1.85413
0.002755 2026.02 0.0768673 197200 0.0179967 0.333546
0.002215 1726.74 0.111732 197200 0.0428341 0.391634
0.005345 774.091 0.1688 197201 0.0196525 0.872674
0.000115 585.18 0.218881 197199 0.0504428 1.16188
0.003485 2338.04 0.0364704 197200 -0.0245683 0.288697
0.002335 1797.5 0.103732 197200 0.0379721 0.376154
0.005565 546.852 0.200061 197201 0.0483182 1.23982
0.003765 2412.17 0.0228353 197200 -0.0385622 0.27967
0.006005 366.963 0.228967 197200 0.0647234 1.86044
0.002765 2031.06 0.0762559 197200 0.0174513 0.332714
0.002225 1732.72 0.111062 197200 0.0424413 0.390276
0.005355 761.834 0.170423 197201 0.0212041 0.886842
0.000125 585.988 0.21882 197199 0.0505079 1.16027
0.003495 2341.41 0.0359731 197200 -0.0251634 0.288276
0.004925 1451.62 0.0855513 197201 -0.054458 0.463586
0.006015 365.802 0.229196 197200 0.064584 1.86653
0.006225 351.752 0.231957 197200 0.0592142 1.94378
0.002775 2036.07 0.075646 197200 0.0169043 0.33189
0.002235 1738.69 0.110392 197200 0.0420462 0.388931
0.003505 2344.76 0.0354769 197200 -0.0257566 0.287859
0.005365 749.698 0.172029 197201 0.022735 0.901328
0.000135 586.869 0.218754 197199 0.0505791 1.15852
0.006025 364.689 0.229413 197200 0.0644266 1.8724
0.002345 1803.29 0.10307 197200 0.0375528 0.374941
0.005575 538.853 0.201229 197201 0.0493249 1.25846
0.003775 2414.47 0.0223545 197200 -0.0389615 0.279398
0.000965 911.212 0.192245 197200 0.0641698 0.744283
0.002885 2090.03 0.0690402 197200 0.0107515 0.323275
0.003785 2416.78 0.021874 197200 -0.0393612 0.279126
0.000935 892.861 0.19383 197200 0.0638551 0.759659
0.004065 2370.63 0.0193934 197200 -0.066252 0.284378
0.000975 917.39 0.191709 197200 0.0642637 0.739245
0.000945 898.947 0.193305 197200 0.063965 0.75449
0.004075 2368.18 0.0193933 197200 -0.0665044 0.284666
0.003795 2419.08 0.0213939 197200 -0.039762 0.278856
0.002895 2094.85 0.0684493 197200 0.0101744 0.322526
0.000955 905.064 0.192777 197200 0.06407 0.749364
0.004085 2365.74 0.0193933 197200 -0.0667461 0.284954
0.004275 2272.05 0.0243714 197200 -0.0848406 0.296566
0.001555 1302.13 0.156226 197200 0.0620558 0.51996
0.004535 2095.89 0.0366262 197200 -0.0781064 0.321305
0.001565 1308.89 0.155564 197200 0.0618935 0.517266
0.006855 347.572 0.232912 197200 0.0341491 1.96867
0.004545 2089.55 0.0370647 197200 -0.0778157 0.322273
0.001575 1315.63 0.154902 197200 0.0617281 0.514602
0.004285 2264.93 0.0248645 197200 -0.0846727 0.297491
0.007505 350.021 0.232918 197200 0.00729438 1.95492
0.004555 2083.25 0.0375 197200 -0.0775581 0.323242
0.001585 1322.38 0.154239 197200 0.0615586 0.511967
0.000465 659.739 0.213113 197199 0.0555542 1.0298
0.001595 1329.11 0.153575 197200 0.0613836 0.509361
0.004565 2076.98 0.0379319 197200 -0.076579 0.324211
0.004295 2257.83 0.0253565 197200 -0.0844945 0.298418
0.006865 347.581 0.232912 197200 0.0337217 1.96862
0.001735 1422.7 0.1442 197200 0.0583146 0.475715
0.006235 351.468 0.232022 197200 0.0588744 1.94542
0.002785 2041.07 0.0750377 197199 0.0163539 0.331074
0.005375 737.685 0.173617 197201 0.0243243 0.916142
0.000145 587.823 0.218682 197199 0.0506564 1.15662
0.002795 2045.99 0.0744309 197200 0.0158069 0.330273
0.001745 1429.32 0.143526 197200 0.0580711 0.473502
0.005385 725.796 0.175187 197202 0.0256159 0.93129
0.006245 351.192 0.232082 197200 0.058528 1.94703
0.002805 2050.89 0.0738256 197200 0.0152532 0.32948
0.000155 588.853 0.218604 197199 0.0507395 1.15459
0.005395 714.031 0.17674 197201 0.0273039 0.946778
0.002815 2055.83 0.0732219 197200 0.014704 0.328683
0.000165 589.957 0.21852 197199 0.0508285 1.15241
0.005405 702.39 0.178274 197201 0.0286912 0.962617
0.003515 2348.09 0.0349818 197200 -0.0263476 0.287444
0.001755 1435.93 0.142852 197200 0.0578239 0.471312
0.002825 2060.75 0.0726197 197200 0.0141488 0.327894
0.000175 591.138 0.218431 197199 0.0509232 1.15009
0.005415 690.875 0.17979 197201 0.030128 0.978816
0.006255 350.921 0.232138 197200 0.0581756 1.94861
0.006035 363.62 0.22962 197200 0.0642527 1.87808
0.004935 1434.77 0.0864822 197201 -0.0514032 0.469039
0.006045 362.592 0.229815 197200 0.0640653 1.88357
0.002355 1809.07 0.102409 197200 0.0371315 0.373739
0.006265 350.655 0.232191 197200 0.0578179 1.95015
0.006055 361.602 0.23 197200 0.0638718 1.88888
0.005585 531.003 0.202372 197201 0.0503011 1.2773
0.006065 360.651 0.230176 197200 0.0636881 1.89402
0.004095 2363.3 0.0193934 197200 -0.0669768 0.285241
0.004945 1418.09 0.0873688 197201 -0.048319 0.474563
0.006075 359.744 0.230342 197200 0.0635345 1.89894
0.000985 923.596 0.191169 197200 0.0643513 0.734253
0.003805 2421.38 0.0209143 197200 -0.0401648 0.278585
0.002905 2099.65 0.06786 197200 0.00959511 0.321785
0.004575 2070.4 0.0383852 197169 -0.0923055 0.325184
0.000995 929.831 0.190626 197200 0.0644324 0.729305
0.007515 350.078 0.232918 197200 0.00688364 1.9546
0.003815 2423.68 0.0204352 197200 -0.0405713 0.278316
0.004585 2053.2 0.039851 197200 -0.107553 0.32795
0.002915 2104.43 0.0672724 197200 0.00901413 0.32105
0.004305 2250.75 0.0258473 197200 -0.084306 0.299349
0.004595 2035.63 0.0413409 197200 -0.105825 0.330771
0.001005 936.093 0.19008 197200 0.0645071 0.724402
0.006875 347.58 0.232913 197200 0.0333071 1.96863
0.003825 2425.98 0.0199567 197200 -0.0407182 0.278047
0.004605 2018.04 0.0428299 197200 -0.104895 0.333645
0.007525 350.126 0.232918 197200 0.00648011 1.95434
0.002925 2109.18 0.0666864 197200 0.00843185 0.320321
0.000475 663.28 0.212833 197199 0.0557554 1.02427
0.004615 2000.43 0.0443176 197200 -0.103931 0.336573
0.001015 942.381 0.18953 197200 0.0645755 0.719544
0.005425 679.483 0.181288 197201 0.0315315 0.995385
0.004315 2243.7 0.0263369 197200 -0.0841074 0.300283
0.004625 1982.79 0.0458038 197200 -0.102963 0.339557
0.003835 2428.08 0.0194934 197185 -0.0501112 0.277781
0.006885 347.572 0.232913 197200 0.0328851 1.96868
0.007535 350.166 0.232918 197200 0.00605503 1.95411
0.002835 2065.65 0.0720191 197200 0.0135897 0.327112
0.002935 2113.92 0.0661021 197200 0.00784863 0.319599
0.000185 592.395 0.218336 197199 0.0510236 1.14764
0.001765 1442.53 0.142177 197200 0.0575727 0.469145
0.000195 593.729 0.218234 197199 0.0511294 1.14504
0.006275 350.392 0.232241 197200 0.0574547 1.95168
0.002945 2118.63 0.0655194 197200 0.00726483 0.318883
0.000205 595.141 0.218127 197199 0.0512406 1.14231
0.004105 2360.88 0.0193936 197200 -0.0671966 0.285528
0.002365 1814.82 0.101749 197200 0.0367081 0.372548
0.000215 596.631 0.218014 197199 0.0513571 1.13943
0.001775 1449.13 0.141501 197200 0.0573177 0.467002
0.004115 2358.46 0.0193939 197200 -0.0674053 0.285813
0.005595 523.302 0.20349 197201 0.0512423 1.29634
0.002955 2123.33 0.0649384 197200 0.00668072 0.318174
0.006285 350.132 0.232287 197200 0.0570916 1.9532
0.000225 598.199 0.217894 197199 0.0514787 1.13643
0.004125 2356.06 0.0193942 197200 -0.0676031 0.286098
0.000235 599.847 0.217768 197199 0.0516053 1.13329
0.001785 1455.71 0.140826 197200 0.0570587 0.464882
0.002375 1820.57 0.101089 197200 0.0362827 0.371367
0.004135 2353.67 0.0193944 197200 -0.0677899 0.286382
0.002965 2128 0.064359 197200 0.00609659 0.317471
0.000245 601.573 0.217636 197199 0.0517368 1.13001
0.006295 349.872 0.232331 197200 0.0567163 1.95471
0.005605 515.746 0.204584 197201 0.0521445 1.31558
0.004145 2351.29 0.0193945 197200 -0.067966 0.286665
0.000255 603.38 0.217498 197199 0.051873 1.12661
0.002385 1826.3 0.100431 197200 0.0358551 0.370198
0.001795 1462.28 0.14015 197200 0.056796 0.462783
0.002975 2132.65 0.0637813 197200 0.00551265 0.316774
0.006305 349.733 0.232371 197200 0.0563448 1.95554
0.004155 2348.93 0.0193946 197200 -0.0681365 0.286947
0.000265 605.266 0.217354 197199 0.0520138 1.12307
0.004955 1401.61 0.0882096 197201 -0.0437881 0.480156
0.005615 508.331 0.205653 197201 0.0530179 1.33501
0.000275 607.232 0.217203 197199 0.052159 1.11941
0.005435 668.215 0.182767 197201 0.032904 1.01233
0.004635 1965.13 0.0472881 197200 -0.101988 0.342599
0.000285 609.278 0.217046 197199 0.0523085 1.11563
0.000485 666.897 0.212546 197199 0.0559576 1.01868
0.001025 948.695 0.188977 197200 0.0646384 0.714731
0.000295 611.405 0.216882 197199 0.0524621 1.11173
0.004325 2236.67 0.0268251 197200 -0.0838989 0.301219
0.000495 670.587 0.212254 197199 0.0561609 1.01304
0.002845 2070.53 0.0714201 197200 0.0130253 0.326337
0.000305 613.611 0.216713 197199 0.0526198 1.1077
0.001035 955.034 0.188421 197200 0.0646965 0.709964
0.000505 674.35 0.211955 197199 0.056365 1.00735
0.004335 2229.67 0.0273119 197200 -0.0836808 0.302158
0.002855 2075.44 0.0708227 197200 0.0124649 0.325561
0.000315 615.899 0.216536 197199 0.0527812 1.10356
0.001045 961.396 0.187861 197200 0.0647509 0.705242
0.006895 347.554 0.232913 197200 0.0324792 1.96878
0.000515 678.186 0.21165 197199 0.0565697 1.00162
0.004345 2222.69 0.0277972 197200 -0.0834533 0.303099
0.002865 2080.32 0.070227 197200 0.0118975 0.324792
0.007545 350.297 0.232918 197200 0.00562927 1.95338
0.002875 2085.19 0.0696328 197200 0.011326 0.32403
0.002395 1832.01 0.0997734 197200 0.0354255 0.369039
0.006315 349.597 0.232409 197200 0.0559858 1.95636
0.001805 1468.84 0.139473 197200 0.0565296 0.460707
0.002985 2137.28 0.0632053 197200 0.00492908 0.316084
0.006325 349.463 0.232445 197200 0.0556158 1.95716
0.005625 501.055 0.206697 197202 0.0539579 1.35466
0.001815 1475.39 0.138797 197200 0.0562596 0.458653
0.004965 1385.3 0.0890282 197195 -0.0572143 0.48581
0.006335 349.329 0.232478 197200 0.0552419 1.95796
0.002995 2141.89 0.062631 197200 0.00434603 0.315399
0.004645 1947.45 0.0487701 197200 -0.101004 0.345701
0.005635 494.722 0.207714 197200 0.0545597 1.37225
0.001825 1481.93 0.13812 197200 0.055986 0.456621
0.006345 349.195 0.232509 197200 0.0548638 1.95876
0.004975 1366.04 0.0917732 197202 -0.0698398 0.49269
0.001055 967.782 0.187298 197200 0.0648025 0.700565
0.003005 2146.47 0.0620583 197200 0.00376359 0.31472
0.000525 682.093 0.211338 197199 0.0567748 0.995853
0.004655 1929.74 0.0502493 197200 -0.100009 0.348864
0.005645 488.549 0.208707 197201 0.0555614 1.38985
0.001835 1488.46 0.137442 197200 0.0557089 0.45461
0.006355 349.06 0.232538 197200 0.0544826 1.95956
0.003015 2151.04 0.0614873 197200 0.00318185 0.314047
0.004985 1346.94 0.0945011 197201 -0.0645973 0.499692
0.001065 974.19 0.186733 197200 0.0648521 0.695934
0.004355 2215.74 0.0282809 197200 -0.0832168 0.304043
0.005655 482.532 0.209673 197200 0.0561149 1.40744
0.004665 1912.01 0.0517252 197200 -0.0989994 0.35209
0.001845 1494.97 0.136765 197200 0.0554283 0.45262
0.000535 686.071 0.211021 197199 0.0569803 0.990046
0.003025 2155.59 0.060918 197200 0.00260083 0.31338
0.006905 347.528 0.232914 197200 0.0320833 1.96893
0.006365 348.924 0.232565 197200 0.0541024 1.96037
0.004995 1328.05 0.0971869 197201 -0.0608815 0.506818
0.001075 980.62 0.186164 197200 0.0649003 0.691349
0.005665 476.669 0.210613 197200 0.0569079 1.42502
0.004365 2208.81 0.0287629 197200 -0.0829718 0.304989
0.004675 1894.25 0.0531972 197200 -0.0979718 0.355381
0.001855 1501.48 0.136087 197200 0.0551442 0.450651
0.000545 690.119 0.210697 197199 0.0571859 0.984205
0.003035 2160.12 0.0603503 197200 0.00202055 0.312718
0.006375 348.787 0.232591 197200 0.0537324 1.96118
0.006915 347.493 0.232914 197200 0.0316509 1.96913
0.005005 1309.38 0.0998298 197201 -0.0571626 0.514071
0.005675 470.955 0.211527 197200 0.0575896 1.44258
0.001085 987.071 0.185592 197200 0.0649474 0.686808
0.004375 2201.92 0.0292432 197200 -0.0827187 0.305937
0.004685 1876.48 0.0546648 197200 -0.0969233 0.358739
0.001865 1507.97 0.135409 197200 0.0548567 0.448702
0.000555 694.236 0.210367 197199 0.0573916 0.978334
0.003045 2164.62 0.0597844 197200 0.00144099 0.312062
0.006385 348.653 0.232614 197200 0.0533806 1.96197
0.006925 347.546 0.232914 197200 0.0312185 1.96883
0.005015 1290.9 0.102429 197201 -0.0535811 0.521456
0.005685 465.387 0.212415 197200 0.0582423 1.46011
0.001095 993.542 0.185017 197200 0.0649931 0.682313
0.004385 2195.05 0.0297217 197200 -0.082458 0.306887
0.004695 1858.67 0.0561272 197200 -0.0958503 0.362165
0.001875 1514.45 0.134731 197200 0.0545657 0.446774
0.000565 698.422 0.210031 197199 0.0575957 0.972437
0.003055 2169.11 0.0592201 197200 0.000862102 0.311412
0.006395 348.528 0.232636 197200 0.0530499 1.96271
0.006935 347.591 0.232915 197200 0.030829 1.96857
0.005025 1272.61 0.104984 197201 -0.0501228 0.528979
0.005695 459.963 0.213278 197200 0.0588592 1.4776
0.004395 2188.21 0.0301983 197200 -0.0821903 0.307839
0.001105 1000.03 0.184439 197200 0.065038 0.677863
0.004705 1840.85 0.0575836 197200 -0.0947491 0.365662
0.001885 1520.92 0.134053 197200 0.0542712 0.444866
0.000575 702.675 0.209689 197199 0.057804 0.966517
0.006945 347.628 0.232915 197200 0.0304153 1.96837
0.003065 2173.58 0.0586575 197200 0.000283838 0.310767
0.007555 350.42 0.232918 197200 0.00522403 1.95269
0.002405 1837.7 0.0991169 197200 0.0349938 0.367891
0.003075 2178.03 0.0580966 197200 -0.000293885 0.310128
0.005035 1254.51 0.107495 197201 -0.0467852 0.536646
0.007565 350.534 0.232918 197200 0.00480505 1.95206
0.005705 454.68 0.214115 197200 0.0594426 1.49504
0.002415 1843.38 0.0984614 197200 0.0345599 0.366753
0.004405 2181.41 0.0306729 197200 -0.0819163 0.308793
0.003085 2182.46 0.0575373 197200 -0.000871135 0.309494
0.005045 1236.58 0.109962 197201 -0.0435641 0.544462
0.007575 350.638 0.232918 197200 0.0043858 1.95148
0.005715 449.533 0.214926 197200 0.0599913 1.51243
0.002425 1849.04 0.0978068 197200 0.0341239 0.365625
0.001115 1006.54 0.183858 197200 0.0650797 0.673458
0.003095 2186.87 0.0569798 197200 -0.00144844 0.308865
0.004415 2174.63 0.0311454 197200 -0.0816367 0.309748
0.005055 1218.82 0.112385 197201 -0.0404554 0.552434
0.007585 350.732 0.232918 197200 0.003966 1.95096
0.005725 444.52 0.215713 197200 0.0605037 1.52976
0.002435 1854.69 0.0971532 197200 0.0336857 0.364507
0.003105 2191.25 0.0564239 197199 -0.00202848 0.308241
0.001125 1013.07 0.183275 197200 0.0651178 0.669098
0.004425 2167.89 0.0316157 197200 -0.0813522 0.310705
0.005065 1201.23 0.114764 197201 -0.0374547 0.560568
0.007595 350.815 0.232918 197200 0.00354646 1.95049
0.005735 439.636 0.216475 197200 0.0609778 1.54703
0.003115 2195.55 0.0558696 197200 -0.00260192 0.307634
0.002445 1860.31 0.0965006 197200 0.0332452 0.3634
0.001135 1019.61 0.182689 197200 0.0651518 0.664783
0.004435 2161.17 0.0320839 197200 -0.0810634 0.311663
0.005075 1183.79 0.117101 197201 -0.0345574 0.568872
0.004715 1823.01 0.0590332 197200 -0.093616 0.369231
0.005745 434.876 0.217212 197200 0.0614153 1.56424
0.007605 350.89 0.232918 197200 0.00312748 1.95008
0.003125 2199.82 0.0553171 197200 -0.0031786 0.307032
0.002455 1865.93 0.0958491 197200 0.0328024 0.362302
0.001145 1026.17 0.1821 197200 0.0651807 0.660512
0.004445 2154.49 0.0325497 197200 -0.0807713 0.312623
0.005085 1166.5 0.119395 197201 -0.0317588 0.577354
0.005755 430.234 0.217925 197201 0.0618611 1.58139
0.004725 1805.16 0.0604751 197200 -0.092447 0.372875
0.007615 350.954 0.232918 197200 0.00270923 1.94972
0.003135 2204.07 0.0547661 197200 -0.00375634 0.306434
0.002465 1871.52 0.0951986 197200 0.0323572 0.361214
0.004455 2147.85 0.0330132 197200 -0.0804765 0.313584
0.001155 1032.75 0.181509 197200 0.0652041 0.656285
0.005095 1149.35 0.121649 197201 -0.0290542 0.586021
0.004735 1787.28 0.0619083 197200 -0.0912379 0.376594
0.001895 1527.38 0.133375 197200 0.0539734 0.442977
0.006955 347.656 0.232915 197200 0.0300021 1.96821
0.004745 1769.4 0.0633316 197200 -0.0899846 0.380392
0.000585 706.996 0.209341 197199 0.0579374 0.960578
0.001905 1533.82 0.132696 197200 0.0536723 0.441108
0.006965 347.675 0.232915 197200 0.0295951 1.9681
0.004755 1751.51 0.0647439 197200 -0.0886829 0.384269
0.007625 351.009 0.232918 197200 0.00229172 1.94942
0.006975 347.684 0.232916 197200 0.0291649 1.96805
0.001915 1540.25 0.132018 197200 0.0533678 0.439258
0.000595 711.381 0.208987 197199 0.0583485 0.95462
0.002475 1877.1 0.0945491 197200 0.0319096 0.360136
0.004765 1733.61 0.066144 197200 -0.0873282 0.388228
0.003145 2208.31 0.0542169 197200 -0.00433473 0.305842
0.004465 2141.23 0.0334742 197200 -0.0801799 0.314546
0.001165 1039.34 0.180915 197200 0.0652214 0.652103
0.003155 2212.52 0.0536692 197200 -0.00491387 0.305254
0.005105 1132.33 0.123864 197201 -0.0264389 0.594881
0.004475 2134.65 0.0339327 197200 -0.0798821 0.315509
0.000605 715.832 0.208628 197199 0.0583437 0.948653
0.001175 1045.95 0.180318 197200 0.0652323 0.647964
0.006985 347.684 0.232916 197200 0.0287475 1.96805
0.007635 351.054 0.232918 197200 0.00187493 1.94917
0.001185 1052.57 0.179719 197200 0.0652368 0.643869
0.002485 1882.66 0.0939008 197200 0.0314595 0.359068
0.006995 347.674 0.232916 197200 0.0283178 1.96811
0.004775 1715.71 0.0675305 197200 -0.0859161 0.392271
0.007645 351.091 0.232918 197200 0.00145906 1.94896
0.001195 1059.2 0.179118 197200 0.0652348 0.639817
0.002495 1888.21 0.0932535 197200 0.0310067 0.358009
0.003165 2216.72 0.0531232 197200 -0.00549385 0.304671
0.007005 347.655 0.232916 197200 0.0279251 1.96822
0.005115 1115.45 0.12604 197201 -0.023908 0.603944
0.001205 1065.85 0.178514 197200 0.0652265 0.635809
0.007655 351.118 0.232918 197200 0.00104418 1.94881
0.002505 1893.74 0.0926074 197200 0.0305511 0.356959
0.004785 1697.81 0.0689019 197200 -0.084442 0.396398
0.007015 347.626 0.232916 197200 0.0274944 1.96838
0.003175 2220.9 0.0525789 197200 -0.00607477 0.304093
0.001215 1072.51 0.177908 197200 0.065212 0.631843
0.000615 720.347 0.208262 197199 0.0586168 0.942673
0.002515 1899.25 0.0919625 197200 0.0300927 0.355919
0.007665 351.136 0.232918 197200 0.000637107 1.94871
0.007025 347.686 0.232916 197200 0.0270606 1.96804
0.000625 724.925 0.207891 197199 0.0588141 0.936686
0.002525 1904.74 0.0913186 197200 0.0296313 0.354888
0.003185 2225.06 0.0520362 197200 -0.0066567 0.303519
0.007675 351.145 0.232918 197200 0.0002081 1.94866
0.001225 1079.18 0.1773 197200 0.0651917 0.62792
0.007035 347.738 0.232916 197200 0.0266715 1.96775
0.004795 1679.92 0.0702568 197200 -0.0829015 0.400611
0.000635 729.566 0.207513 197199 0.0590147 0.930696
0.002535 1910.22 0.090676 197200 0.0291667 0.353866
0.003195 2229.2 0.0514951 197200 -0.00723972 0.30295
0.001235 1085.86 0.176689 197200 0.0651657 0.624038
0.002545 1915.68 0.0900345 197200 0.0286989 0.352853
0.001245 1092.55 0.176077 197200 0.0651345 0.620199
0.002555 1921.12 0.0893943 197200 0.0282278 0.351849
0.001255 1099.25 0.175462 197200 0.0650983 0.616401
0.001265 1105.96 0.174845 197200 0.0650575 0.612644
0.001275 1112.68 0.174226 197200 0.0650127 0.608928
