0.005765 2242.79 0.0640244 344704 -0.104854 0.524134
0.005775 2236.95 0.0642786 344722 -0.105965 0.525523
0.005785 2230.88 0.0645415 344722 -0.107003 0.526945
0.005795 2224.71 0.0648129 344722 -0.108065 0.528401
0.005805 2218.41 0.0650927 344722 -0.109136 0.529892
0.005815 2212.01 0.065381 344722 -0.110214 0.531419
0.005825 2205.48 0.0656775 344722 -0.111292 0.532982
0.005835 2198.84 0.0659821 344722 -0.112367 0.534583
0.005845 2192.08 0.0662948 344722 -0.113434 0.536222
0.005855 2185.21 0.0666153 344722 -0.114487 0.5379
0.005865 2178.21 0.0669436 344722 -0.115522 0.539616
0.005875 2171.11 0.0672794 344722 -0.116535 0.541372
0.005885 2163.89 0.0676227 344722 -0.117521 0.543168
0.005895 2156.56 0.0679731 344722 -0.118477 0.545003
0.005905 2149.13 0.0683304 344722 -0.119401 0.546877
0.005915 2141.59 0.0686946 344722 -0.12029 0.54879
0.005925 2133.95 0.0690652 344722 -0.121144 0.550743
0.005935 2126.22 0.0694421 344722 -0.12196 0.552734
0.005945 2118.39 0.0698249 344722 -0.12274 0.554764
0.005955 2110.48 0.0702135 344722 -0.123482 0.556832
0.005965 2102.48 0.0706074 344722 -0.124187 0.558938
0.005975 2094.4 0.0710065 344722 -0.124855 0.561081
0.005985 2086.24 0.0714103 344722 -0.125486 0.563262
0.005995 2078.01 0.0718186 344722 -0.126081 0.565479
0.006005 2069.71 0.0722309 344722 -0.12664 0.567733
0.006015 2061.35 0.0726469 344722 -0.127163 0.570023
0.006025 2052.93 0.0730662 344722 -0.12765 0.572349
0.006035 2044.45 0.0734885 344722 -0.1281 0.574709
0.006045 2035.91 0.0739133 344722 -0.128515 0.577105
0.005445 2206.81 0.0603584 344722 -0.0796075 0.532788
0.006055 2027.33 0.0743401 344722 -0.128891 0.579534
0.005455 2208.73 0.0603501 344722 -0.0800582 0.532323
0.005465 2210.63 0.0603486 344722 -0.0805295 0.531866
0.005475 2212.5 0.0603541 344722 -0.081022 0.531416
0.006065 2018.71 0.0747687 344722 -0.12923 0.581997
0.005485 2214.34 0.0603668 344722 -0.0815359 0.530975
0.005495 2216.14 0.0603867 344722 -0.0820715 0.530543
0.005505 2217.91 0.0604141 344722 -0.0826288 0.53012
0.005515 2219.63 0.060449 344722 -0.0832076 0.529707
0.006075 2010.04 0.0751984 344722 -0.12953 0.584493
0.005525 2221.32 0.0604917 344722 -0.0838079 0.529304
0.005535 2222.96 0.0605421 344722 -0.0844292 0.528913
0.005125 2163.37 0.0631852 344722 -0.0721871 0.543596
0.000645 1117.63 0.184557 344722 0.039633 1.05714
5e-06 1009.61 0.193971 344722 0.0382396 1.17037
0.005135 2164.27 0.0630511 344722 -0.0723187 0.543363
0.000655 1120.89 0.184271 344722 0.0396386 1.05406
0.000965 1239.43 0.173835 344722 0.0389727 0.95325
0.005545 2224.55 0.0606005 344722 -0.085071 0.528533
0.005145 2165.18 0.0629183 344722 -0.072454 0.543127
1.5e-05 1009.66 0.193967 344722 0.03824 1.17032
0.000665 1124.2 0.183981 344722 0.0396428 1.05096
0.004165 2182.66 0.0744257 344722 -0.0518296 0.54052
0.005155 2166.1 0.062787 344722 -0.0725929 0.542888
2.5e-05 1009.76 0.193958 344722 0.038243 1.1702
0.000675 1127.55 0.183688 344722 0.0396455 1.04784
0.005555 2226.1 0.0606669 344722 -0.0857328 0.528166
0.005165 2167.03 0.0626573 344722 -0.0727356 0.542646
3.5e-05 1009.91 0.193945 344722 0.0382477 1.17003
0.000685 1130.93 0.183391 344722 0.0396466 1.0447
0.000975 1243.71 0.173456 344722 0.0389209 0.949967
0.004805 2152.04 0.0675549 344722 -0.0680586 0.546915
0.005175 2167.98 0.0625293 344722 -0.0728821 0.542402
0.000695 1134.36 0.18309 344722 0.0396462 1.04154
4.5e-05 1010.11 0.193928 344722 0.0382541 1.1698
0.004175 2182.23 0.0743198 344722 -0.0521583 0.540609
0.000325 1037.16 0.19158 344722 0.0389139 1.13924
0.005565 2227.59 0.0607415 344722 -0.086414 0.527811
0.000705 1137.82 0.182787 344722 0.0396442 1.03837
5.5e-05 1010.36 0.193906 344722 0.0382622 1.1695
0.005185 2168.95 0.0624032 344722 -0.0730325 0.542155
0.000985 1248.02 0.173075 344722 0.0388671 0.94669
0.000715 1141.32 0.18248 344722 0.0396406 1.03519
6.5e-05 1010.66 0.19388 344722 0.038272 1.16915
0.005195 2169.92 0.0622792 344722 -0.0731869 0.541905
0.004485 2165.01 0.0711726 344722 -0.0613276 0.544293
0.004185 2181.78 0.0742145 344722 -0.0524855 0.540702
0.004815 2151.78 0.0674273 344722 -0.0682266 0.546962
0.000725 1144.86 0.182169 344722 0.0396354 1.03199
7.5e-05 1011.02 0.193849 344722 0.0382833 1.16874
0.005205 2170.91 0.0621574 344722 -0.0733454 0.541654
0.005575 2229.03 0.0608243 344722 -0.0871138 0.527469
0.004495 2164.38 0.0710701 344722 -0.0615885 0.544431
0.000995 1252.35 0.172691 344722 0.0388112 0.943419
0.000335 1038.9 0.191429 344722 0.0389461 1.13732
0.000735 1148.43 0.181855 344722 0.0396286 1.02878
8.5e-05 1011.42 0.193814 344722 0.0382962 1.16827
0.005215 2171.9 0.0620379 344722 -0.073508 0.5414
0.004195 2181.33 0.0741097 344722 -0.0528111 0.540796
0.004505 2163.75 0.0709671 344722 -0.0618459 0.544569
0.004825 2151.53 0.0672988 344722 -0.068393 0.547007
0.000745 1152.04 0.181538 344722 0.0396201 1.02555
9.5e-05 1011.88 0.193775 344722 0.0383106 1.16774
0.005225 2172.91 0.061921 344722 -0.0736749 0.541144
0.005585 2230.41 0.0609154 344722 -0.0878318 0.52714
0.004515 2163.12 0.0708637 344722 -0.0620996 0.544707
0.001005 1256.7 0.172306 344722 0.0387533 0.940153
0.000755 1155.69 0.181218 344722 0.0396099 1.02232
0.000105 1012.39 0.19373 344722 0.0383264 1.16715
0.005235 2173.93 0.0618069 344722 -0.0738461 0.540886
0.000345 1040.69 0.191273 344722 0.0389782 1.13536
0.004205 2180.86 0.0740055 344722 -0.0531349 0.540893
0.004525 2162.48 0.0707598 344722 -0.0623471 0.544846
0.000765 1159.36 0.180895 344722 0.039598 1.01907
0.000115 1012.95 0.193682 344722 0.0383436 1.1665
0.005245 2174.96 0.0616956 344722 -0.0740216 0.540626
0.004835 2151.29 0.0671693 344722 -0.0685577 0.54705
0.004535 2161.85 0.0706554 344723 -0.0625912 0.544984
0.000775 1163.08 0.180568 344722 0.0395843 1.01582
0.000125 1013.57 0.193628 344722 0.0383621 1.16579
0.005255 2175.99 0.0615874 344722 -0.0742017 0.540364
0.005595 2231.74 0.0610149 344722 -0.0885674 0.526825
0.001015 1261.08 0.171918 344722 0.0386933 0.936895
0.004545 2161.43 0.0705505 344722 -0.0628426 0.545068
0.000785 1166.83 0.180239 344722 0.039569 1.01255
0.000135 1014.24 0.19357 344722 0.0383819 1.16502
0.005265 2177.04 0.0614824 344722 -0.0743864 0.540101
0.004215 2180.39 0.0739017 344722 -0.0534567 0.540992
0.000355 1042.54 0.191112 344722 0.0390096 1.13334
0.000795 1170.61 0.179906 344722 0.0395518 1.00928
0.004555 2161.02 0.070445 344722 -0.0630863 0.545152
0.000145 1014.96 0.193508 344722 0.0384028 1.16419
0.004845 2151.06 0.0670389 344722 -0.0687203 0.547089
0.005275 2178.09 0.0613808 344722 -0.0745758 0.539837
0.000805 1174.42 0.179571 344722 0.0395328 1.006
0.004565 2160.6 0.0703389 344722 -0.0633258 0.545235
0.000155 1015.74 0.19344 344722 0.0384249 1.1633
0.001605 1540.23 0.146911 344722 0.0313834 0.767314
0.001025 1265.47 0.171529 344722 0.0386312 0.933644
0.005605 2233 0.0611229 344722 -0.0893205 0.526525
0.005285 2179.15 0.0612829 344722 -0.0747703 0.539571
0.000815 1178.27 0.179232 344722 0.0395121 1.00272
0.004575 2160.19 0.0702322 344722 -0.0635611 0.545319
0.000165 1016.57 0.193368 344722 0.0384481 1.16235
0.000365 1044.44 0.190947 344722 0.0390396 1.13128
0.004225 2179.91 0.0737983 344722 -0.0537764 0.541093
0.004855 2150.84 0.0669076 344722 -0.0688803 0.547127
0.005295 2180.22 0.0611887 344722 -0.0749699 0.539304
0.000825 1182.14 0.178891 344722 0.0394895 0.999433
0.004585 2159.78 0.0701249 344722 -0.0637923 0.545401
0.000175 1017.45 0.193292 344722 0.0384723 1.16134
0.001035 1269.88 0.171138 344722 0.038567 0.9304
0.005615 2234.21 0.0612395 344722 -0.090091 0.52624
0.000185 1018.39 0.193211 344722 0.0384975 1.16027
0.004595 2159.37 0.0700169 344722 -0.0640193 0.545484
0.000835 1186.05 0.178547 344722 0.039465 0.99614
0.005305 2181.29 0.0610985 344722 -0.075175 0.539037
0.001615 1545.07 0.146473 344722 0.0311968 0.764913
0.000375 1046.4 0.190777 344722 0.0390673 1.12917
0.004235 2179.41 0.0736954 344722 -0.0540938 0.541197
0.000195 1019.38 0.193125 344722 0.0385235 1.15914
0.004605 2158.96 0.0699081 344722 -0.0642424 0.545566
0.005315 2182.37 0.0610125 344722 -0.0753859 0.538768
0.000845 1189.99 0.1782 344722 0.0394387 0.992843
0.004865 2150.64 0.0667754 344722 -0.0690374 0.547162
0.001045 1274.32 0.170744 344722 0.0385008 0.927165
0.003525 2177.27 0.083308 344722 -0.0288334 0.542726
0.000205 1020.42 0.193034 344722 0.0385504 1.15795
0.005325 2183.45 0.0609308 344722 -0.0756022 0.538499
0.004615 2158.55 0.0697987 344722 -0.0644616 0.545647
0.000855 1193.96 0.17785 344722 0.0394106 0.989543
0.005625 2235.35 0.0613646 344722 -0.0908792 0.525969
0.001625 1549.91 0.146034 344722 0.0310083 0.762528
0.000385 1048.4 0.190602 344722 0.039092 1.127
0.004245 2178.91 0.0735929 344722 -0.0544088 0.541302
0.004875 2150.44 0.0666424 344722 -0.0691909 0.547194
0.001055 1278.77 0.170349 344722 0.0384324 0.923938
0.000215 1021.52 0.192939 344722 0.038578 1.1567
0.005335 2184.55 0.0608537 344725 -0.075833 0.538229
0.004625 2158.15 0.0696885 344722 -0.0646771 0.545727
0.000865 1197.96 0.177498 344722 0.0393805 0.986241
0.003535 2178.07 0.0831271 344722 -0.0292137 0.542517
0.005635 2236.42 0.0614983 344722 -0.091686 0.525714
0.000225 1022.67 0.192839 344722 0.0386063 1.1554
0.005345 2186.61 0.0607814 344722 -0.0760949 0.537718
0.001635 1554.75 0.145596 344722 0.0308178 0.760159
0.000875 1201.98 0.177143 344722 0.0393485 0.982938
0.004635 2157.76 0.0695775 344722 -0.064889 0.545806
0.000395 1050.46 0.190423 344722 0.0391134 1.12479
0.004255 2178.4 0.0734907 344722 -0.0547215 0.54141
0.004885 2150.26 0.0665084 344722 -0.06934 0.547223
0.000235 1023.88 0.192734 344722 0.0386353 1.15404
0.001065 1283.24 0.169952 344722 0.0383619 0.920721
0.005355 2188.68 0.0607139 344722 -0.0763759 0.537208
0.000885 1206.04 0.176785 344722 0.0393146 0.979634
0.004645 2157.37 0.0694658 344722 -0.0650974 0.545884
0.003545 2178.86 0.0829478 344722 -0.0295942 0.542312
0.005645 2237.42 0.0616407 344722 -0.0925126 0.525476
0.000245 1025.14 0.192625 344722 0.0386648 1.15261
0.001645 1559.59 0.145158 344722 0.0306254 0.757808
0.005365 2190.74 0.0606515 344722 -0.0766705 0.536701
0.000895 1210.12 0.176425 344722 0.0392788 0.976329
0.004655 2156.98 0.0693532 344722 -0.0653025 0.545961
0.000405 1052.57 0.190239 344722 0.0391322 1.12254
0.004265 2177.89 0.0733889 344722 -0.0550317 0.541519
0.000255 1026.45 0.192511 344722 0.0386948 1.15114
0.004895 2150.09 0.0663737 344722 -0.0694843 0.547249
0.000905 1214.23 0.176062 344722 0.039241 0.973026
0.005375 2192.79 0.0605945 344722 -0.0769796 0.536197
0.004665 2156.6 0.0692398 344722 -0.0655045 0.546037
0.001075 1287.73 0.169554 344722 0.0382893 0.917513
0.003555 2179.63 0.08277 344722 -0.029975 0.542111
0.005655 2238.35 0.0617919 344722 -0.0933608 0.525254
0.000265 1027.82 0.192392 344722 0.0387253 1.1496
0.000915 1218.37 0.175697 344722 0.0392013 0.969723
0.005385 2194.84 0.0605429 344722 -0.0773037 0.535697
0.001655 1564.42 0.14472 344722 0.0304311 0.755472
0.001285 1385.41 0.160846 344722 0.03627 0.852891
0.004675 2156.22 0.0691255 344722 -0.0657033 0.546111
0.000415 1054.72 0.190051 344722 0.0391499 1.12024
0.004275 2177.36 0.0732874 344722 -0.0553395 0.541631
0.004905 2149.94 0.0662382 344722 -0.069623 0.547272
0.000275 1029.24 0.192268 344722 0.0387561 1.14801
0.000925 1222.53 0.175329 344722 0.0391596 0.966422
0.005395 2196.87 0.060497 344722 -0.0776436 0.5352
0.001085 1292.24 0.169153 344722 0.0382146 0.914314
0.004685 2155.86 0.0690103 344722 -0.0658992 0.546184
0.001295 1390.19 0.160418 344722 0.0361502 0.849967
0.003565 2180.38 0.0825938 344722 -0.0303531 0.541914
0.005665 2239.21 0.0619517 344722 -0.0942327 0.525049
0.000285 1030.72 0.19214 344722 0.0387872 1.14636
0.000935 1226.72 0.174959 344722 0.0391158 0.963124
0.005405 2198.89 0.0604569 344722 -0.0780002 0.534707
0.001665 1569.25 0.144282 344722 0.0302349 0.753153
0.004695 2155.49 0.0688942 344722 -0.0660922 0.546255
0.000425 1056.93 0.189859 344722 0.0391686 1.11789
0.001305 1394.97 0.15999 344722 0.0360282 0.847057
0.004285 2176.83 0.0731861 344722 -0.0556449 0.541744
0.000295 1032.25 0.192007 344722 0.0388185 1.14466
0.000945 1230.93 0.174587 344722 0.0390701 0.959829
0.004915 2149.79 0.066102 344722 -0.0697556 0.547292
0.005415 2200.9 0.0604228 344722 -0.0783741 0.534219
0.001095 1296.77 0.168751 344722 0.0381377 0.911126
0.004705 2155.14 0.0687773 344722 -0.0662824 0.546325
0.001315 1399.76 0.159561 344722 0.0359041 0.844163
0.003575 2180.93 0.0824192 344722 -0.0307334 0.541768
0.005675 2240 0.0621203 344722 -0.0951311 0.524862
0.000305 1033.83 0.19187 344722 0.0388501 1.14291
0.000955 1235.17 0.174212 344722 0.0390224 0.956537
0.001675 1574.08 0.143845 344722 0.0300367 0.75085
0.005425 2202.89 0.060395 344722 -0.0787661 0.533736
0.000435 1059.2 0.189662 344722 0.0391905 1.11551
0.004715 2154.79 0.0686593 344722 -0.0664699 0.546393
0.001325 1404.55 0.159131 344722 0.0357778 0.841285
0.004295 2176.29 0.0730852 344722 -0.055948 0.541859
0.004925 2149.67 0.0659651 344722 -0.0698803 0.547308
0.001105 1301.31 0.168347 344722 0.0380588 0.907948
0.003845 2189.69 0.0782493 344722 -0.0406464 0.539287
0.001925 1692.63 0.133066 344722 0.0245024 0.698385
0.003205 2139.58 0.0899471 344722 -0.0166596 0.55252
0.003855 2189.68 0.0781138 344722 -0.0410209 0.539276
0.001935 1697.27 0.132644 344722 0.02426 0.696482
0.001115 1305.87 0.167942 344722 0.0379776 0.904782
0.003865 2189.66 0.0779794 344722 -0.0413974 0.539269
0.003215 2141.14 0.089714 344722 -0.0170411 0.552113
0.001945 1701.9 0.132222 344722 0.0240163 0.694593
0.002885 2069.17 0.0982991 344722 -0.00472832 0.571446
0.003225 2142.68 0.0894826 344722 -0.0174205 0.551712
0.003875 2189.62 0.0778462 344722 -0.0417745 0.539265
0.001955 1706.51 0.131801 344722 0.0237713 0.692719
0.002565 1964.96 0.108369 344722 0.00638004 0.601776
0.003235 2144.2 0.0892529 344722 -0.0177999 0.551315
0.003885 2189.56 0.0777141 344722 -0.0421497 0.539265
0.001125 1310.44 0.167535 344722 0.0378944 0.901626
0.001965 1711.12 0.131382 344722 0.023525 0.690858
0.003245 2145.7 0.0890248 344722 -0.0181793 0.550923
0.007045 493.071 0.216411 344723 0.000416549 2.40913
0.002575 1968.76 0.108029 344722 0.00605465 0.600616
0.003895 2189.48 0.0775833 344722 -0.0425214 0.539269
0.001975 1715.72 0.130963 344722 0.0232774 0.689012
0.006405 1669.53 0.0884331 344725 -0.128186 0.703631
0.003255 2147.19 0.0887985 344722 -0.0185588 0.550536
0.003905 2189.4 0.0774536 344722 -0.0428889 0.539277
0.002585 1972.53 0.10769 344722 0.00572758 0.599466
0.001985 1720.3 0.130545 344722 0.0230286 0.68718
0.002895 2071.86 0.0980118 344722 -0.00509093 0.570703
0.007055 486.984 0.217282 344723 0.00125279 2.43982
0.003265 2148.65 0.0885737 344722 -0.0189385 0.550154
0.003915 2189.29 0.077325 344722 -0.0432524 0.539287
0.001135 1315.03 0.167127 344722 0.037809 0.898482
0.006415 1642.12 0.0910031 344725 -0.123729 0.7154
0.002595 1976.3 0.107353 344722 0.00539879 0.598325
0.001995 1724.88 0.130128 344722 0.0227784 0.685361
0.003275 2150.11 0.0883507 344722 -0.0193184 0.549776
0.003925 2189.18 0.0771975 344722 -0.0436123 0.539302
0.007065 481.115 0.218116 344723 0.00165421 2.47016
0.002245 1835.54 0.120053 344722 0.0160886 0.644141
0.003285 2151.54 0.0881293 344722 -0.0196986 0.549404
0.002005 1729.45 0.129712 344722 0.0225271 0.683556
0.006425 1614.85 0.0935652 344725 -0.120725 0.727506
0.002605 1980.04 0.107018 344722 0.00506824 0.597194
0.003935 2189.05 0.0770712 344722 -0.0439694 0.539319
0.007075 475.456 0.218913 344723 0.00229253 2.50013
0.002905 2074.52 0.0977262 344722 -0.0054544 0.569967
0.001145 1319.64 0.166717 344722 0.0377214 0.89535
0.007365 403.522 0.230497 344722 0.00623494 2.95892
0.003295 2152.96 0.0879096 344722 -0.020079 0.549036
0.002615 1983.77 0.106684 344722 0.00473588 0.596071
0.002015 1734 0.129297 344722 0.0222745 0.681765
0.006435 1587.72 0.0961209 344725 -0.117761 0.739968
0.007085 470.001 0.219674 344724 0.00286415 2.52972
0.003945 2188.9 0.0769459 344722 -0.0443243 0.53934
0.006085 2001.34 0.0756288 344722 -0.129793 0.587021
0.003305 2154.35 0.0876916 344722 -0.0204597 0.548673
0.002625 1987.49 0.106352 344722 0.00440168 0.594958
0.002025 1738.55 0.128882 344722 0.0220206 0.679988
0.007095 465.312 0.220401 344723 0.00327539 2.55577
0.002915 2077.18 0.0974423 344722 -0.00581881 0.569237
0.003955 2188.75 0.0768218 344722 -0.0446774 0.539363
0.006445 1560.7 0.0986716 344725 -0.114913 0.752809
0.001155 1324.26 0.166305 344722 0.0376318 0.89223
0.002255 1839.8 0.119666 344722 0.0158034 0.642651
0.003315 2155.74 0.0874752 344722 -0.0208408 0.548315
0.002635 1991.18 0.106022 344722 0.00406559 0.593854
0.002035 1743.08 0.128469 344722 0.0217654 0.678224
0.007105 460.819 0.221093 344723 0.00372221 2.58124
0.007375 402.794 0.230644 344722 0.00610638 2.96451
0.003965 2188.58 0.0766986 344722 -0.045029 0.53939
0.006455 1533.8 0.101218 344725 -0.112159 0.766052
0.003325 2157.1 0.0872605 344722 -0.0212223 0.547961
0.002645 1994.86 0.105693 344722 0.00372758 0.592759
0.002045 1747.6 0.128057 344722 0.021509 0.676473
0.006095 1992.58 0.0760593 344716 -0.130008 0.58958
0.007115 456.515 0.221752 344723 0.00413192 2.60612
0.002925 2079.81 0.0971602 344722 -0.00618418 0.568514
0.001165 1328.89 0.165893 344722 0.0375399 0.889122
0.002265 1844.05 0.11928 344722 0.015517 0.641173
0.003335 2158.45 0.0870474 344722 -0.0216042 0.547612
0.003975 2188.4 0.0765765 344722 -0.0453793 0.53942
0.006465 1506.99 0.103762 344725 -0.109479 0.779722
0.002655 1998.52 0.105366 344722 0.0033876 0.591673
0.002055 1752.11 0.127646 344722 0.0212512 0.674736
0.007125 452.391 0.222379 344723 0.0045069 2.63042
0.007385 402.099 0.230782 344722 0.00596916 2.96987
0.006725 890.175 0.166844 344727 -0.0445935 1.32417
0.006105 1981.58 0.0764899 344723 -0.130041 0.59285
0.003345 2159.78 0.086836 344722 -0.0219868 0.547268
0.003985 2188.2 0.0764554 344722 -0.0457284 0.539452
0.006475 1480.27 0.106304 344725 -0.106856 0.793842
0.002665 2002.16 0.105041 344722 0.00304602 0.590596
0.007135 448.439 0.222975 344723 0.00484565 2.65414
0.002065 1756.61 0.127236 344722 0.0209921 0.673012
0.001175 1333.54 0.165479 344722 0.0374459 0.886028
0.002935 2082.42 0.0968797 344722 -0.00655057 0.567798
0.002275 1848.29 0.118895 344722 0.0152295 0.639706
0.007395 401.434 0.230912 344722 0.00582477 2.975
0.003355 2161.09 0.0866263 344722 -0.0223672 0.546928
0.003995 2187.99 0.0763354 344722 -0.0460763 0.539488
0.006485 1453.62 0.108843 344725 -0.104268 0.80844
0.002675 2005.79 0.104717 344722 0.00270431 0.589529
0.007145 444.65 0.223542 344723 0.00515327 2.67727
0.002075 1761.1 0.126827 344722 0.0207316 0.671301
0.006115 1970.53 0.0769201 344723 -0.129999 0.596162
0.003365 2162.18 0.0864181 344722 -0.0227503 0.546647
0.006735 870.551 0.168997 344727 -0.0422833 1.35429
0.006495 1427.06 0.11138 344725 -0.101698 0.82354
0.004005 2187.77 0.0762162 344722 -0.0464231 0.539526
0.002685 2009.23 0.104395 344722 0.0023579 0.588517
0.007155 441.017 0.224079 344723 0.0054484 2.69984
0.002085 1765.58 0.126419 344722 0.0204698 0.669603
0.001185 1338.2 0.165063 344722 0.0373498 0.882946
0.003375 2163.25 0.0862117 344722 -0.023131 0.546369
0.002285 1852.51 0.118512 344722 0.0149408 0.638251
0.002945 2085.02 0.0966009 344722 -0.00691803 0.567088
0.007405 400.798 0.231033 344723 0.00567212 2.97993
0.004015 2187.54 0.0760981 344722 -0.0467688 0.539568
0.006505 1400.58 0.113914 344725 -0.0991296 0.839169
0.002695 2012.55 0.104074 344722 0.00200902 0.587547
0.002095 1770.04 0.126013 344722 0.0202065 0.667918
0.007165 437.916 0.224589 344723 0.00566774 2.71946
0.006125 1959.48 0.0773492 344723 -0.129909 0.599514
0.003385 2164.3 0.0860068 344722 -0.0235115 0.546096
0.006745 851.146 0.171119 344730 -0.0395792 1.38546
0.004025 2187.3 0.0759809 344722 -0.0471133 0.539612
0.001195 1342.87 0.164647 344722 0.0372515 0.879877
0.006515 1374.18 0.116445 344726 -0.0965493 0.855355
0.002705 2015.85 0.103756 344722 0.00166271 0.586585
0.002105 1774.49 0.125607 344722 0.0199419 0.666246
0.007175 434.964 0.225072 344723 0.00590032 2.73841
0.002295 1856.72 0.11813 344722 0.0146509 0.636807
0.002955 2087.6 0.0963238 344722 -0.0072864 0.566384
0.003395 2165.33 0.0858036 344722 -0.0238918 0.545828
0.007415 400.312 0.231147 344722 0.00551109 2.98375
0.004035 2187.04 0.0758645 344722 -0.0474568 0.539659
0.006525 1347.86 0.11897 344726 -0.0939479 0.872123
0.002715 2018.99 0.103438 344722 0.00131159 0.585672
0.006135 1948.42 0.0777769 344723 -0.129759 0.602906
0.002115 1778.94 0.125203 344722 0.0196758 0.664587
0.007185 432.156 0.225529 344723 0.0061183 2.75668
0.006755 834.15 0.173208 344727 -0.0383374 1.41396
0.003405 2166.35 0.085602 344722 -0.0242721 0.545563
0.001205 1347.55 0.164229 344722 0.0371511 0.876822
0.004045 2186.78 0.0757491 344722 -0.0477991 0.539709
0.006535 1321.64 0.121489 344726 -0.0913201 0.889501
0.002725 2022.12 0.103123 344722 0.000962026 0.584767
0.002305 1860.91 0.11775 344722 0.0143599 0.635374
0.002125 1783.36 0.124799 344722 0.0194083 0.662941
0.007195 429.488 0.225962 344723 0.00632203 2.77427
0.002965 2090.16 0.0960484 344722 -0.00765394 0.565687
0.000315 1035.47 0.191727 344722 0.0388819 1.1411
0.003415 2167.35 0.085402 344722 -0.0246522 0.545303
0.007425 399.849 0.231253 344722 0.0053473 2.98739
0.006145 1937.36 0.0782024 344723 -0.129546 0.606334
0.004055 2186.5 0.0756346 344722 -0.0481404 0.539761
0.005435 2204.86 0.0603734 344722 -0.0791771 0.533259
0.004065 2186.21 0.0755209 344722 -0.0484807 0.539816
0.003585 2181.47 0.082246 344722 -0.0311109 0.541625
0.000445 1061.51 0.189461 344722 0.0392169 1.11308
0.005685 2240.7 0.0622975 344722 -0.096059 0.524693
0.004725 2154.45 0.0685405 344722 -0.0666548 0.546459
0.003595 2181.98 0.0820743 344722 -0.0314881 0.541487
0.001335 1409.36 0.158701 344722 0.0356493 0.838422
0.004735 2154.12 0.0684207 344722 -0.0668373 0.546523
0.000455 1063.87 0.189255 344722 0.0392482 1.1106
0.001685 1578.9 0.143408 344722 0.0298367 0.748564
0.005695 2241.32 0.0624835 344722 -0.0970196 0.524544
0.004745 2153.79 0.0682999 344722 -0.0670174 0.546585
0.001345 1414.17 0.158269 344722 0.0355188 0.835575
0.003605 2182.49 0.0819042 344722 -0.0318649 0.541352
0.004305 2175.74 0.0729844 344722 -0.0562488 0.541975
0.001355 1418.98 0.157837 344722 0.035386 0.832745
0.004755 2153.48 0.0681782 344722 -0.0671954 0.546646
0.000465 1066.28 0.189045 344722 0.0392832 1.10809
0.004935 2149.57 0.0658277 344724 -0.070003 0.547321
0.004765 2153.17 0.0680555 344722 -0.0673715 0.546704
0.001365 1423.8 0.157405 344722 0.0352511 0.82993
0.005705 2241.85 0.0626782 344722 -0.0980165 0.524416
0.006765 817.407 0.17526 344727 -0.0364116 1.44323
0.003615 2182.97 0.0817355 344722 -0.0322414 0.541221
0.001695 1583.71 0.142971 344722 0.0296348 0.746293
0.004775 2152.87 0.0679318 344722 -0.0675457 0.54676
0.001375 1428.63 0.156972 344722 0.0351141 0.827131
0.000475 1068.73 0.18883 344722 0.0393199 1.10554
0.004315 2175.19 0.0728838 344722 -0.0565474 0.542093
0.006545 1295.51 0.124001 344726 -0.0886643 0.907519
0.004785 2152.58 0.0678072 344722 -0.0677182 0.546814
0.001385 1433.46 0.156538 344722 0.0349749 0.824348
0.004945 2150.13 0.0656895 344722 -0.0701366 0.547159
0.005715 2242.29 0.0628815 344722 -0.0990529 0.524308
0.003625 2183.44 0.0815684 344722 -0.0326174 0.541094
0.004795 2152.31 0.0676815 344722 -0.0678891 0.546866
0.001395 1438.29 0.156103 344722 0.0348336 0.821582
0.006555 1269.49 0.126503 344726 -0.0859825 0.926206
0.006775 800.908 0.177277 344727 -0.034538 1.47328
0.001705 1588.52 0.142535 344722 0.0294311 0.744039
0.000485 1071.24 0.188612 344722 0.0393559 1.10295
0.001405 1443.13 0.155669 344722 0.0346902 0.818832
0.002735 2025.22 0.102809 344722 0.000612095 0.583869
0.002135 1787.78 0.124397 344722 0.0191393 0.661307
0.001415 1447.98 0.155233 344722 0.0345446 0.816098
0.007205 426.953 0.226371 344723 0.00650494 2.7912
0.002745 2028.31 0.102497 344722 0.00026159 0.582979
0.001425 1452.82 0.154797 344722 0.0343969 0.813381
0.002315 1865.1 0.117371 344722 0.0140678 0.633952
0.002145 1792.19 0.123996 344722 0.0188689 0.659685
0.007215 424.545 0.226758 344723 0.00665937 2.80747
0.002755 2031.38 0.102186 344722 -8.95311e-05 0.582097
0.001435 1457.67 0.154361 344722 0.0342471 0.81068
0.001215 1352.25 0.16381 344722 0.0370485 0.873781
0.007225 422.253 0.227124 344723 0.00678368 2.82314
0.002155 1796.58 0.123596 344722 0.018597 0.658076
0.002325 1869.27 0.116993 344722 0.0137745 0.632541
0.001445 1462.52 0.153925 344722 0.0340952 0.807996
0.002765 2034.44 0.101877 344722 -0.000441317 0.581221
0.003425 2168.34 0.0852036 344722 -0.0250323 0.545048
0.001225 1356.96 0.163389 344722 0.0369437 0.870753
0.007235 420.31 0.227469 344723 0.00685141 2.83661
0.002165 1800.96 0.123198 344722 0.0183238 0.65648
0.002335 1873.42 0.116617 344722 0.0134802 0.631141
0.001455 1467.37 0.153488 344722 0.0339412 0.805328
0.002775 2037.48 0.10157 344722 -0.000793817 0.580354
0.001235 1361.67 0.162968 344722 0.0368368 0.86774
0.003435 2169.31 0.0850069 344722 -0.0254123 0.544797
0.007245 418.463 0.227794 344722 0.00689842 2.84953
0.002175 1805.32 0.1228 344722 0.0180491 0.654895
0.002345 1877.56 0.116242 344722 0.0131847 0.629751
0.001465 1472.23 0.15305 344722 0.033785 0.802677
0.002785 2040.5 0.101264 344722 -0.00114708 0.579494
0.001245 1366.4 0.162545 344722 0.0367278 0.864741
0.003445 2170.26 0.0848118 344722 -0.0257923 0.54455
0.007255 416.703 0.228101 344722 0.00691941 2.86195
0.002185 1809.68 0.122404 344722 0.017773 0.653323
0.002355 1881.69 0.115868 344722 0.0128881 0.628373
0.001475 1477.09 0.152613 344722 0.0336268 0.800043
0.002795 2043.5 0.10096 344722 -0.00150116 0.578641
0.001255 1371.14 0.162122 344722 0.0366166 0.861756
0.003455 2171.19 0.0846182 344722 -0.0261723 0.544307
0.007265 415.023 0.228391 344722 0.00692168 2.87392
0.002195 1814.02 0.122009 344722 0.0174955 0.651763
0.002365 1885.8 0.115496 344722 0.0125904 0.627005
0.001485 1481.95 0.152175 344722 0.0334665 0.797425
0.002805 2046.49 0.100658 344722 -0.00185612 0.577795
0.001265 1375.89 0.161697 344722 0.0365032 0.858786
0.003465 2172.11 0.0844263 344722 -0.0265524 0.544068
0.007275 413.417 0.228663 344722 0.00690971 2.88544
0.002205 1818.35 0.121615 344722 0.0172167 0.650215
0.002375 1889.9 0.115125 344722 0.0122916 0.625647
0.001495 1486.8 0.151737 344722 0.0333041 0.794824
0.002815 2049.45 0.100357 344722 -0.00221199 0.576957
0.001275 1380.65 0.161272 344722 0.0363877 0.855831
0.003475 2173.01 0.0842359 344722 -0.0269324 0.543834
0.007285 411.881 0.22892 344723 0.00688745 2.89655
0.002215 1822.67 0.121223 344722 0.0169366 0.648679
0.002385 1893.98 0.114756 344722 0.0119917 0.624301
0.001505 1491.66 0.151299 344722 0.0331397 0.79224
0.002825 2052.4 0.100058 344722 -0.00256883 0.576126
0.007295 410.606 0.229162 344722 0.00684338 2.90588
0.002975 2092.51 0.0957747 344722 -0.00802602 0.565048
0.007305 409.394 0.22939 344722 0.00679333 2.91481
0.007435 399.408 0.231353 344722 0.0051769 2.99086
0.007315 408.241 0.229604 344722 0.00672975 2.92335
0.006155 1926.32 0.0786251 344723 -0.129269 0.609798
0.007325 407.143 0.229805 344722 0.00665344 2.93154
0.004075 2185.9 0.075408 344722 -0.0488199 0.539874
0.002985 2094.85 0.0955027 344722 -0.00839631 0.564415
0.007335 406.095 0.229995 344722 0.00656548 2.93939
0.004325 2174.63 0.0727834 344722 -0.0568439 0.542213
0.004085 2185.59 0.075296 344722 -0.0491582 0.539935
0.007345 405.093 0.230173 344723 0.00646681 2.94694
0.007445 398.988 0.231446 344722 0.00500135 2.99419
0.006165 1915.31 0.0790444 344723 -0.128923 0.613294
0.004095 2185.27 0.0751847 344722 -0.0494956 0.539998
0.007355 404.287 0.23034 344722 0.00635363 2.95307
0.002995 2097.16 0.0952323 344722 -0.00876691 0.563789
0.004105 2184.93 0.0750742 344722 -0.0498321 0.540064
0.006565 1243.59 0.128994 344726 -0.0832791 0.945595
0.004115 2184.58 0.0749644 344722 -0.0501677 0.540133
0.003635 2183.9 0.0814027 344722 -0.0329931 0.540971
0.006575 1217.8 0.131474 344727 -0.080558 0.96572
0.004125 2184.23 0.0748553 344722 -0.0505024 0.540204
0.004955 2150.72 0.0655508 344722 -0.0702649 0.546994
0.004135 2183.86 0.074747 344722 -0.0508361 0.540277
0.006585 1192.14 0.133939 344727 -0.0778298 0.986619
0.005725 2242.63 0.0630934 344722 -0.100132 0.524223
0.004145 2183.48 0.0746393 344722 -0.0511684 0.540354
0.006595 1166.6 0.13639 344727 -0.0748704 1.00833
0.003645 2184.34 0.0812385 344722 -0.0333684 0.540852
0.006785 784.653 0.179256 344727 -0.0326917 1.50414
0.006605 1141.24 0.138824 344733 -0.0717902 1.03088
0.004155 2183.09 0.0745322 344722 -0.0514969 0.540432
0.004965 2151.33 0.0654117 344722 -0.0703874 0.546825
0.001715 1593.33 0.142099 344722 0.0292254 0.7418
0.000495 1073.8 0.188389 344722 0.039389 1.10032
0.003485 2173.9 0.0840472 344722 -0.0273125 0.543604
0.002225 1826.97 0.120832 344722 0.0166552 0.647154
0.001515 1496.52 0.15086 344722 0.0329732 0.789672
0.003495 2174.77 0.08386 344722 -0.0276926 0.543378
0.001725 1598.12 0.141663 344722 0.029018 0.739578
0.002235 1831.26 0.120442 344722 0.0163725 0.645642
0.001525 1501.38 0.150422 344722 0.0328046 0.787121
0.003505 2175.62 0.0836745 344722 -0.0280728 0.543157
0.000505 1076.4 0.188161 344722 0.0394184 1.09766
0.002395 1898.05 0.114388 344722 0.0116906 0.622964
0.001535 1506.24 0.149983 344722 0.032634 0.784587
0.003515 2176.45 0.0834904 344722 -0.028453 0.542939
0.002835 2055.34 0.0997605 344722 -0.00292643 0.575302
0.004335 2174.07 0.0726831 344722 -0.0571384 0.542334
0.002845 2058.25 0.0994649 344722 -0.00328342 0.574485
0.007455 398.585 0.231533 344722 0.00482274 2.99738
0.004345 2173.5 0.0725829 344722 -0.0574309 0.542456
0.006175 1904.33 0.0794596 344723 -0.128505 0.616821
0.002855 2061.01 0.0991709 344722 -0.00364515 0.573715
0.003005 2099.46 0.0949637 344722 -0.009138 0.563168
0.004355 2172.92 0.0724828 344722 -0.0577214 0.54258
0.007465 398.199 0.231614 344722 0.00463769 3.00044
0.002865 2063.75 0.0988786 344722 -0.00400555 0.572952
0.006185 1893.39 0.0798699 344723 -0.128012 0.620374
0.004365 2172.34 0.0723827 344722 -0.0580101 0.542705
0.003015 2101.75 0.0946968 344722 -0.0095096 0.562553
0.007475 397.933 0.231689 344722 0.00444865 3.00258
0.002875 2066.47 0.098588 344722 -0.00436655 0.572196
0.006195 1882.51 0.0802745 344723 -0.127439 0.623951
0.004375 2171.75 0.0722826 344722 -0.058297 0.542832
0.007485 397.682 0.231759 344722 0.00426019 3.00461
0.003025 2104.01 0.0944315 344722 -0.00988175 0.561945
0.006205 1871.7 0.0806725 344723 -0.126783 0.627548
0.006615 1119.19 0.141297 344726 -0.0701661 1.05131
0.004385 2171.16 0.0721825 344722 -0.0585821 0.54296
0.007495 397.444 0.231825 344722 0.00406703 3.00654
0.003035 2106.26 0.094168 344722 -0.0102545 0.561342
0.006215 1860.96 0.0810631 344723 -0.12604 0.63116
0.006625 1097.37 0.143748 344726 -0.067657 1.07237
0.004395 2170.56 0.0720823 344722 -0.0588655 0.543089
0.003655 2184.76 0.0810758 344722 -0.0337433 0.540736
0.005735 2242.87 0.0633138 344722 -0.101255 0.524162
0.004405 2169.96 0.071982 344722 -0.0591471 0.543219
0.004975 2151.95 0.0652721 344722 -0.0705047 0.546653
0.003665 2185.17 0.0809145 344722 -0.0341178 0.540625
0.006795 768.64 0.181197 344727 -0.0308822 1.53582
0.004415 2169.35 0.0718816 344722 -0.059427 0.54335
0.005745 2243 0.0635424 344722 -0.102429 0.524126
0.001545 1511.1 0.149544 344722 0.0324614 0.78207
0.003675 2185.56 0.0807547 344722 -0.0344918 0.540517
0.004985 2152.59 0.0651322 344722 -0.0706175 0.546477
0.004425 2168.74 0.0717811 344722 -0.059705 0.543482
0.006805 752.87 0.183101 344727 -0.0291149 1.56835
0.005755 2243.01 0.0637792 344722 -0.10365 0.524116
0.001555 1515.96 0.149105 344722 0.0322867 0.779569
0.003685 2185.93 0.0805963 344722 -0.0348654 0.540413
0.004995 2153.24 0.064992 344722 -0.0707267 0.546297
0.004435 2168.13 0.0716803 344722 -0.0599812 0.543615
0.006815 737.341 0.184965 344727 -0.0273126 1.60175
0.001735 1602.92 0.141228 344722 0.0288087 0.737372
0.000515 1079.05 0.18793 344722 0.0394438 1.09496
0.006825 722.052 0.186791 344727 -0.0258186 1.63606
0.002405 1902.11 0.114022 344722 0.0113884 0.621638
0.001745 1607.71 0.140793 344722 0.0285975 0.735181
0.007505 397.218 0.231885 344722 0.00387054 3.00836
0.006835 707.002 0.188578 344727 -0.0239522 1.67129
0.000525 1081.75 0.187694 344722 0.0394659 1.09222
0.001755 1612.49 0.140359 344722 0.0283846 0.733007
0.002415 1906.15 0.113657 344722 0.011085 0.620322
0.003045 2108.48 0.0939061 344722 -0.0106279 0.560745
0.006845 692.192 0.190325 344727 -0.0222802 1.70746
0.000535 1084.5 0.187455 344722 0.0394858 1.08946
0.007515 397.004 0.231941 344722 0.00366996 3.0101
0.002425 1910.17 0.113294 344722 0.0107805 0.619017
0.001765 1617.26 0.139925 344722 0.0281698 0.730848
0.006225 1850.32 0.0814453 344723 -0.125206 0.634782
0.006855 677.631 0.192032 344728 -0.0202614 1.74459
0.000545 1087.29 0.187211 344722 0.0395043 1.08666
0.007525 396.799 0.231992 344722 0.00346829 3.01176
0.003055 2110.69 0.093646 344722 -0.0110019 0.560154
0.001775 1622.03 0.139491 344722 0.0279533 0.728705
0.002435 1914.19 0.112932 344722 0.0104748 0.617721
0.006635 1075.74 0.146175 344726 -0.065208 1.09408
0.006865 664.81 0.193698 344726 -0.0192574 1.77867
0.000555 1090.12 0.186963 344722 0.0395219 1.08383
0.006235 1839.79 0.0818181 344723 -0.12428 0.63841
0.007535 396.601 0.23204 344722 0.00325601 3.01336
0.001785 1626.79 0.139059 344722 0.027735 0.726577
0.003065 2112.89 0.0933875 344722 -0.0113766 0.559568
0.002445 1918.18 0.112572 344722 0.0101678 0.616436
0.006645 1054.32 0.148578 344727 -0.0627838 1.11647
0.006875 652.27 0.195321 344726 -0.0177645 1.81332
0.000565 1093 0.186711 344722 0.0395388 1.08097
0.006245 1829.38 0.0821805 344723 -0.123258 0.642038
0.007545 396.499 0.232083 344722 0.00303938 3.01422
0.001795 1631.55 0.138626 344722 0.0275149 0.724465
0.003075 2115.06 0.0931308 344722 -0.011752 0.558989
0.002455 1922.16 0.112213 344722 0.00985964 0.615161
0.006655 1033.1 0.150956 344727 -0.0603946 1.13958
0.000575 1095.93 0.186455 344722 0.0395549 1.07808
0.006885 640.008 0.196901 344725 -0.016306 1.84853
0.006255 1819.1 0.0825313 344723 -0.122141 0.64566
0.007555 396.402 0.232123 344722 0.00282535 3.01504
0.001805 1636.29 0.138195 344722 0.0272931 0.722368
0.002465 1926.13 0.111856 344722 0.00955021 0.613895
0.003085 2117.22 0.0928757 344722 -0.0121261 0.558415
0.006665 1012.08 0.153308 344727 -0.0580395 1.16343
0.000585 1098.9 0.186196 344722 0.03957 1.07517
0.006895 628.03 0.198439 344725 -0.0148589 1.88426
0.007565 396.309 0.232159 344722 0.00260538 3.01582
0.001815 1641.03 0.137763 344722 0.0270695 0.720287
0.006265 1808.98 0.0828697 344723 -0.120928 0.64927
0.002475 1930.08 0.1115 344722 0.0092395 0.61264
0.003095 2119.18 0.0926224 344722 -0.012504 0.557895
0.006675 991.266 0.155634 344727 -0.0556995 1.18805
0.000595 1101.92 0.185932 344722 0.0395839 1.07222
0.007575 396.218 0.232192 344722 0.00238278 3.01658
0.006905 616.341 0.199933 344725 -0.0134354 1.92049
0.001825 1645.77 0.137333 344722 0.0268442 0.718221
0.006275 1799.02 0.0831944 344723 -0.119623 0.652861
0.002485 1934.02 0.111146 344722 0.00892747 0.611394
0.001565 1520.82 0.148666 344722 0.03211 0.777084
0.003105 2121.12 0.0923707 344722 -0.0128801 0.557379
0.006685 970.65 0.157933 344727 -0.0534061 1.21349
0.007585 396.129 0.232221 344722 0.00216971 3.01732
0.006915 604.942 0.201385 344725 -0.0120427 1.95718
0.000605 1104.97 0.185665 344722 0.0395965 1.06925
0.001835 1650.49 0.136903 344722 0.0266172 0.71617
0.006285 1789.25 0.0835047 344723 -0.118229 0.656426
0.002495 1937.94 0.110793 344722 0.0086141 0.610158
0.003115 2123.05 0.0921207 344722 -0.0132564 0.556869
0.001575 1525.67 0.148228 344722 0.0319314 0.774617
0.006695 950.233 0.160204 344727 -0.051158 1.23979
0.007595 396.041 0.232247 344722 0.00193413 3.01805
0.006925 593.836 0.202794 344725 -0.0106927 1.9943
0.000615 1108.07 0.185393 344722 0.0396077 1.06626
0.001845 1655.21 0.136474 344722 0.0263885 0.714135
0.006295 1779.68 0.0837996 344723 -0.116752 0.659958
0.002505 1941.85 0.110442 344722 0.00829936 0.608932
0.003125 2124.96 0.0918724 344722 -0.013633 0.556365
0.001585 1530.53 0.147789 344722 0.0317507 0.772166
0.006705 930.016 0.162447 344727 -0.0489418 1.26697
0.007605 396.039 0.23227 344722 0.00170358 3.01811
0.006935 583.017 0.20416 344725 -0.00935378 2.03183
0.000625 1111.22 0.185118 344722 0.0396176 1.06324
0.001855 1659.92 0.136045 344722 0.0261582 0.712114
0.006305 1770.31 0.0840784 344723 -0.1152 0.663452
0.002515 1945.74 0.110093 344722 0.00798321 0.607715
0.003135 2126.85 0.0916259 344722 -0.01401 0.555865
0.001595 1535.38 0.14735 344722 0.0315681 0.769732
0.006715 909.996 0.16466 344727 -0.0467546 1.29508
0.007615 396.037 0.23229 344722 0.00148586 3.01817
0.006945 572.482 0.205484 344726 -0.00793316 2.06977
0.001865 1664.62 0.135617 344722 0.0259263 0.710109
0.006315 1761.17 0.0843406 344723 -0.113584 0.666899
0.000635 1114.4 0.184839 344722 0.039626 1.0602
0.002525 1949.62 0.109745 344722 0.00766562 0.606508
0.003695 2186.29 0.0804393 344722 -0.0352384 0.540312
0.005005 2153.92 0.0648516 344722 -0.0708333 0.546113
0.002535 1953.48 0.109398 344722 0.00734654 0.605311
0.004445 2167.51 0.0715794 344722 -0.0602553 0.543749
0.003705 2186.64 0.0802838 344722 -0.0356106 0.540215
0.002545 1957.32 0.109053 344722 0.00702595 0.604123
0.005015 2154.61 0.0647112 344722 -0.0709383 0.545925
0.003145 2128.72 0.091381 344722 -0.0143873 0.555372
0.004455 2166.89 0.0714781 344722 -0.0605272 0.543884
0.002555 1961.15 0.10871 344722 0.00670379 0.602945
0.003715 2186.97 0.0801296 344722 -0.035982 0.540122
0.005025 2155.32 0.0645706 344722 -0.0710426 0.545732
0.007625 396.037 0.232307 344722 0.00125792 3.01821
0.004465 2166.27 0.0713766 344722 -0.0607967 0.544019
0.003155 2130.58 0.0911378 344722 -0.0147651 0.554883
0.006955 563.178 0.206766 344724 -0.00707787 2.10449
0.001875 1669.31 0.13519 344722 0.0256927 0.708118
0.003165 2132.41 0.0908962 344722 -0.0151434 0.5544
0.006325 1752.27 0.0845857 344723 -0.111914 0.670294
0.006965 554.149 0.208004 344724 -0.0060372 2.13933
0.003725 2187.28 0.0799769 344722 -0.0363521 0.540033
0.003175 2134.23 0.0906564 344722 -0.0155222 0.553922
0.001885 1673.99 0.134764 344722 0.0254576 0.706142
0.005035 2156.05 0.0644302 344722 -0.0711471 0.545536
0.006975 545.379 0.209199 344724 -0.00507074 2.17429
0.006335 1743.61 0.0848138 344723 -0.110203 0.673631
0.007635 396.036 0.232321 344722 0.0010284 3.01824
0.003735 2187.58 0.0798256 344722 -0.0367203 0.539947
0.003185 2136.04 0.0904183 344722 -0.0159015 0.553449
0.001895 1678.66 0.134338 344722 0.025221 0.704181
0.004475 2165.64 0.0712748 344722 -0.0610636 0.544156
0.005045 2156.79 0.0642899 344722 -0.0712525 0.545336
0.006985 536.856 0.210352 344724 -0.00415488 2.20937
0.006345 1735.2 0.085025 344723 -0.108464 0.676904
0.003745 2187.87 0.0796756 344722 -0.037086 0.539865
0.007645 396.037 0.232332 344722 0.000792004 3.01826
0.003195 2137.82 0.0901818 344722 -0.0162814 0.552982
0.003755 2188.14 0.079527 344722 -0.0374483 0.539786
0.001905 1683.33 0.133913 344722 0.0249829 0.702235
0.007655 396.037 0.23234 344722 0.000572595 3.01828
0.005055 2157.55 0.0641498 344722 -0.0713596 0.545131
0.006995 528.574 0.211463 344724 -0.00328328 2.24456
0.007665 396.037 0.232346 344722 0.000351841 3.01829
0.006355 1727.06 0.0852197 344723 -0.10671 0.680109
0.005065 2158.34 0.0640101 344722 -0.0714689 0.544923
0.003765 2188.4 0.0793798 344722 -0.0378067 0.53971
0.007675 396.038 0.232348 344722 0.000114534 3.01829
0.007005 520.527 0.212533 344724 -0.00242431 2.27983
0.001915 1687.99 0.133489 344722 0.0247434 0.700303
0.005075 2159.13 0.0638708 344722 -0.0715807 0.544711
0.006365 1719.17 0.0853987 344723 -0.104949 0.683242
0.003775 2188.64 0.0792339 344722 -0.0381608 0.539638
0.005085 2159.95 0.0637321 344722 -0.0716955 0.544495
0.007015 512.711 0.213563 344725 -0.0015067 2.31516
0.006375 1711.55 0.0855629 344723 -0.103269 0.686298
0.005095 2160.78 0.0635941 344722 -0.0718133 0.544275
0.003785 2188.87 0.0790893 344722 -0.0385111 0.539568
0.007025 505.928 0.214552 344724 -0.000911152 2.34677
0.006385 1704.2 0.0857135 344723 -0.100578 0.689277
0.005105 2161.63 0.0634568 344722 -0.0719345 0.544052
0.003795 2189.09 0.078946 344722 -0.0388593 0.539502
0.007035 499.384 0.215501 344723 -0.000190497 2.37811
0.006395 1696.84 0.0858778 344672 -0.115041 0.692181
0.005115 2162.49 0.0633205 344722 -0.0720591 0.543826
0.003805 2189.29 0.0788041 344722 -0.0392076 0.539438
0.003815 2189.49 0.0786634 344722 -0.0395582 0.539377
0.003825 2189.66 0.0785241 344722 -0.0399139 0.53932
0.003835 2189.69 0.0783861 344722 -0.0402777 0.539302
