0.003525 2217.44 0.0761729 364661 -0.0454059 0.563255
0.003535 2218.53 0.0759596 364661 -0.045759 0.56297
0.003545 2219.61 0.0757479 364661 -0.0461135 0.56269
0.003555 2220.67 0.0755377 364661 -0.0464688 0.562414
0.003565 2221.72 0.075329 364661 -0.0468248 0.562143
0.003575 2222.74 0.0751219 364661 -0.0471813 0.561875
0.003585 2223.76 0.0749164 364661 -0.047538 0.561612
0.003595 2224.75 0.0747124 364661 -0.0478949 0.561353
0.003605 2225.73 0.07451 364661 -0.0482517 0.561098
0.003615 2226.7 0.0743091 364661 -0.0486094 0.560847
0.003625 2227.64 0.0741098 364661 -0.0489664 0.560601
0.003635 2228.41 0.073912 364661 -0.0493172 0.560402
0.003645 2229.15 0.0737157 364661 -0.0496678 0.560207
0.003655 2229.88 0.0735209 364661 -0.0500174 0.560016
0.003665 2230.59 0.0733277 364661 -0.0503659 0.559828
0.003675 2231.29 0.073136 364661 -0.050713 0.559645
0.003685 2231.98 0.0729459 364661 -0.0510589 0.559465
0.003695 2232.65 0.0727572 364661 -0.0514034 0.559289
0.003705 2233.3 0.0725701 364661 -0.0517467 0.559117
0.003715 2233.94 0.0723845 364661 -0.0520889 0.558948
0.003725 2234.57 0.0722004 364661 -0.0524298 0.558783
0.003735 2235.18 0.0720179 364661 -0.0527697 0.558622
0.003745 2235.77 0.0718368 364661 -0.0531086 0.558464
0.003755 2236.35 0.0716572 364661 -0.0534467 0.55831
0.003765 2236.92 0.0714792 364661 -0.053784 0.55816
0.003775 2237.47 0.0713027 364661 -0.0541206 0.558013
0.003785 2238.01 0.0711276 364661 -0.0544567 0.55787
0.003795 2238.53 0.0709541 364661 -0.0547924 0.55773
0.003805 2239.04 0.0707821 364661 -0.0551278 0.557594
0.003815 2239.54 0.0706115 364661 -0.055463 0.557461
0.003825 2240.02 0.0704425 364661 -0.0557981 0.557332
0.003835 2240.49 0.0702749 364661 -0.0561332 0.557206
0.005445 2159.11 0.057516 364661 -0.102284 0.575998
0.004805 2209.28 0.06005 364661 -0.0860737 0.563785
0.002885 2087.82 0.0930852 364661 -0.0242751 0.598491
0.005455 2158.46 0.0575058 364661 -0.102544 0.576161
0.005125 2183.31 0.0584322 364661 -0.0944112 0.570006
0.004815 2208.47 0.0599912 364661 -0.0863448 0.563976
0.004165 2243.87 0.0655492 364661 -0.0669994 0.556006
0.005465 2157.8 0.0574971 364661 -0.102805 0.576325
0.002895 2090.8 0.0927717 364661 -0.0245911 0.597638
0.002245 1846.35 0.116172 364661 -0.00585619 0.676646
0.004825 2207.66 0.0599329 364661 -0.0866159 0.564169
0.005135 2182.49 0.0583906 364661 -0.0946533 0.570207
0.003205 2168.59 0.0838246 364661 -0.0347269 0.57612
0.005475 2157.14 0.0574899 364661 -0.103067 0.576491
0.002905 2093.77 0.0924597 364661 -0.0249071 0.596791
0.004175 2243.73 0.0654292 364661 -0.0673206 0.556027
0.004835 2206.84 0.0598752 364661 -0.0868874 0.564363
0.005145 2181.67 0.0583496 364661 -0.0948953 0.570409
0.002255 1850.6 0.11577 364661 -0.00610866 0.675097
0.005485 2156.48 0.0574842 364661 -0.10333 0.576658
0.003845 2240.94 0.0701088 364661 -0.0564683 0.557084
0.002915 2096.71 0.0921492 364661 -0.0252236 0.59595
0.003215 2170.57 0.0835612 364661 -0.0350662 0.575592
0.004845 2206.01 0.0598181 364661 -0.0871597 0.564559
0.004185 2243.58 0.0653106 364661 -0.0676412 0.556052
0.005155 2180.84 0.0583092 364661 -0.0951372 0.570611
0.002265 1854.83 0.115369 364661 -0.00636252 0.673561
0.005495 2155.81 0.0574801 364661 -0.103594 0.576827
0.002565 1975.71 0.103917 364661 -0.0144781 0.632441
0.002925 2099.65 0.0918403 364661 -0.0255406 0.595117
0.003225 2172.53 0.0832992 364661 -0.035406 0.575069
0.004855 2205.17 0.0597615 364661 -0.0874332 0.564758
0.004195 2243.42 0.0651932 364661 -0.0679621 0.55608
0.003855 2241.38 0.0699442 364661 -0.0568036 0.556966
0.005165 2180.01 0.0582696 364661 -0.0953791 0.570815
0.005505 2155.13 0.0574775 364661 -0.10386 0.576998
0.002275 1859.05 0.11497 364661 -0.00661774 0.672035
0.004485 2231.42 0.062305 364661 -0.0769419 0.558676
0.002935 2102.56 0.0915329 364661 -0.0258586 0.59429
0.003235 2174.47 0.0830389 364661 -0.0357463 0.574551
0.002575 1979.52 0.103556 364661 -0.0147644 0.631225
0.004865 2204.33 0.0597055 364661 -0.0877079 0.564958
0.004205 2243.16 0.0650771 364661 -0.0682787 0.556131
0.003865 2241.8 0.0697811 364661 -0.0571401 0.55685
0.005175 2179.18 0.0582306 364661 -0.0956211 0.57102
0.005515 2154.45 0.0574765 364661 -0.104128 0.57717
0.002285 1863.26 0.114571 364661 -0.00687423 0.670521
0.002945 2105.46 0.0912271 364661 -0.0261783 0.59347
0.003245 2176.39 0.0827801 364661 -0.036087 0.574039
0.004495 2230.85 0.0622216 364661 -0.077241 0.558805
0.004215 2242.89 0.0649622 364661 -0.0685949 0.556185
0.004875 2203.48 0.05965 364661 -0.0879839 0.565159
0.002585 1983.32 0.103196 364661 -0.0150519 0.630017
0.003875 2242.21 0.0696195 364661 -0.0574767 0.556739
0.005185 2178.34 0.0581922 364661 -0.0958631 0.571226
0.005525 2153.77 0.0574772 364661 -0.104397 0.577343
0.002295 1867.46 0.114174 364661 -0.00713196 0.669019
0.002955 2108.34 0.0909229 364660 -0.0264996 0.592656
0.003255 2178.3 0.082523 364661 -0.0364281 0.573531
0.004225 2242.61 0.0648486 364661 -0.0689112 0.556242
0.004505 2230.27 0.0621391 364661 -0.0775392 0.558936
0.004885 2202.63 0.059595 364661 -0.088261 0.565363
0.002595 1987.1 0.102837 364661 -0.0153404 0.62882
0.003885 2242.46 0.0694593 364661 -0.0578078 0.556668
0.005195 2177.5 0.0581546 364661 -0.0961052 0.571433
0.005535 2153.08 0.0574795 364661 -0.104667 0.577519
0.002305 1871.64 0.113778 364661 -0.00739087 0.667527
0.002965 2111.04 0.0906202 364661 -0.0268177 0.591899
0.003265 2180.19 0.0822673 364661 -0.0367695 0.573029
0.004235 2242.32 0.0647363 364661 -0.069227 0.556301
0.004515 2229.68 0.0620576 364661 -0.0778363 0.55907
0.004895 2201.77 0.0595406 364661 -0.0885386 0.565569
0.002605 1990.87 0.10248 364661 -0.0156302 0.627631
0.003895 2242.69 0.0693005 364661 -0.0581393 0.5566
0.005205 2176.65 0.0581178 364661 -0.0963474 0.571641
0.005545 2152.38 0.0574834 364661 -0.104939 0.577696
0.002315 1875.81 0.113383 364661 -0.0076509 0.666047
0.002975 2113.71 0.090319 364661 -0.0271363 0.591148
0.003275 2182.07 0.0820133 364661 -0.0371121 0.572532
0.004245 2242.02 0.0646252 364661 -0.0695424 0.556364
0.004525 2229.08 0.0619771 364661 -0.0781323 0.559205
0.004905 2200.9 0.0594867 364661 -0.0888159 0.565777
0.002615 1994.62 0.102125 364661 -0.0159212 0.626451
0.003905 2242.91 0.0691432 364661 -0.0584713 0.556536
0.005215 2175.81 0.0580816 364661 -0.0965896 0.57185
0.005555 2151.67 0.0574891 364661 -0.105212 0.577875
0.002325 1879.97 0.112989 364661 -0.00791202 0.664578
0.002985 2116.37 0.0900194 364661 -0.0274553 0.590403
0.003285 2183.92 0.0817609 364660 -0.0374544 0.57204
0.004255 2241.7 0.0645153 364661 -0.0698573 0.556429
0.004535 2228.47 0.0618975 364661 -0.0784272 0.559343
0.004915 2200.02 0.0594333 364661 -0.0890919 0.565987
0.002625 1998.36 0.101771 364661 -0.0162134 0.625281
0.003915 2243.11 0.0689874 364661 -0.0588031 0.556475
0.005225 2174.96 0.0580463 364661 -0.0968318 0.57206
0.005565 2150.96 0.0574965 364661 -0.105486 0.578056
0.002335 1884.11 0.112597 364661 -0.00817418 0.663119
0.002995 2119.02 0.0897214 364661 -0.0277746 0.589664
0.003295 2185.57 0.08151 364661 -0.0377907 0.571604
0.004265 2241.38 0.0644066 364661 -0.0701718 0.556497
0.004545 2227.85 0.0618187 364661 -0.0787209 0.559484
0.004925 2199.14 0.0593805 364661 -0.0893638 0.566198
0.002635 2002.08 0.101418 364661 -0.0165068 0.62412
0.003925 2243.3 0.068833 364661 -0.0591349 0.556418
0.005235 2174.11 0.0580117 364661 -0.0970738 0.572271
0.005575 2150.25 0.0575056 364661 -0.105762 0.578239
0.002345 1888.25 0.112205 364661 -0.00843736 0.661672
0.003005 2121.65 0.0894249 364661 -0.0280944 0.588932
0.004275 2241.04 0.0642992 364661 -0.0704858 0.556568
0.003305 2187.21 0.0812607 364661 -0.0381261 0.571173
0.004555 2227.22 0.0617409 364661 -0.0790146 0.559627
0.004935 2198.26 0.0593281 364662 -0.0896361 0.566412
0.002645 2005.79 0.101067 364661 -0.0168016 0.622967
0.003935 2243.48 0.0686801 364661 -0.0594666 0.556363
0.005245 2173.25 0.0579779 364661 -0.0973156 0.572483
0.002355 1892.37 0.111815 364661 -0.00870154 0.660235
0.005585 2149.52 0.0575165 364661 -0.10604 0.578424
0.003015 2124.26 0.08913 364661 -0.0284151 0.588205
0.004285 2240.69 0.0641929 364661 -0.0707993 0.556641
0.003315 2188.82 0.081013 364661 -0.0384596 0.570746
0.004565 2226.6 0.061664 364661 -0.0793055 0.559768
0.004945 2197.51 0.0592763 364661 -0.0899075 0.566589
0.002655 2009.48 0.100717 364661 -0.0170977 0.621824
0.003945 2243.64 0.0685286 364661 -0.0597981 0.556312
0.005255 2172.4 0.057945 364661 -0.097557 0.572696
0.003025 2126.86 0.0888366 364661 -0.0287369 0.587484
0.002365 1896.47 0.111426 364661 -0.00896671 0.65881
0.005595 2148.79 0.0575292 364661 -0.106318 0.57861
0.004295 2240.33 0.0640879 364661 -0.0711122 0.556718
0.003325 2190.42 0.0807668 364661 -0.0387908 0.570324
0.004575 2225.97 0.0615879 364661 -0.079597 0.559911
0.004955 2196.75 0.0592249 364661 -0.0901759 0.566768
0.002665 2013.16 0.100369 364661 -0.0173952 0.620689
0.003955 2243.79 0.0683785 364661 -0.0601296 0.556265
0.005265 2171.54 0.057913 364661 -0.0977979 0.57291
0.003035 2129.44 0.0885448 364661 -0.0290599 0.586769
0.005605 2148.05 0.0575436 364661 -0.106599 0.578799
0.002375 1900.56 0.111039 364661 -0.00923285 0.657394
0.004305 2239.96 0.063984 364661 -0.0714247 0.556797
0.003335 2192.01 0.0805222 364661 -0.0391196 0.569906
0.004585 2225.33 0.0615127 364661 -0.0798881 0.560057
0.004965 2195.99 0.0591741 364661 -0.0904408 0.566949
0.002675 2016.82 0.100022 364661 -0.017694 0.619563
0.003965 2243.93 0.0682299 364661 -0.0604608 0.55622
0.005275 2170.68 0.0578818 364661 -0.0980383 0.573125
0.003045 2132.01 0.0882546 364661 -0.0293843 0.58606
0.005615 2147.31 0.0575599 364661 -0.10688 0.578991
0.002385 1904.64 0.110652 364661 -0.00949996 0.65599
0.004315 2239.58 0.0638813 364661 -0.0717366 0.556879
0.003345 2193.58 0.0802792 364661 -0.0394458 0.569492
0.004595 2224.68 0.0614383 364661 -0.0801786 0.560205
0.004975 2195.23 0.0591238 364661 -0.0907019 0.567131
0.002685 2020.47 0.0996764 364661 -0.0179943 0.618446
0.003975 2244.05 0.0680826 364661 -0.0607918 0.556179
0.005285 2169.81 0.0578516 364661 -0.0982778 0.573341
0.003055 2134.56 0.0879659 364661 -0.0297104 0.585356
0.005625 2146.56 0.057578 364661 -0.107163 0.579184
0.004325 2239.18 0.0637798 364661 -0.072048 0.556963
0.002395 1908.71 0.110267 364661 -0.00976806 0.654596
0.003355 2195.14 0.0800377 364661 -0.0397696 0.569083
0.004605 2224.03 0.0613648 364661 -0.0804684 0.560355
0.004985 2194.46 0.059074 364661 -0.0909595 0.567315
0.002695 2024.1 0.0993325 364661 -0.018296 0.617338
0.003985 2244.16 0.0679368 364661 -0.0611226 0.556141
0.005295 2168.95 0.0578223 364661 -0.0985167 0.573557
0.003065 2137.1 0.0876788 364661 -0.0300388 0.584659
0.005635 2145.8 0.0575978 364661 -0.107447 0.57938
0.004335 2238.78 0.0636794 364661 -0.0723588 0.557051
0.002405 1912.76 0.109883 364661 -0.0100371 0.653212
0.003365 2196.68 0.0797978 364661 -0.0400913 0.568677
0.004615 2223.36 0.0612921 364661 -0.0807576 0.560507
0.004995 2193.69 0.0590247 364661 -0.0912141 0.5675
0.002705 2027.71 0.0989901 364661 -0.0185992 0.616239
0.003995 2244.25 0.0677925 364661 -0.0614531 0.556107
0.003075 2139.61 0.0873933 364661 -0.0303695 0.583968
0.005645 2145.03 0.0576195 364661 -0.107732 0.579578
0.005305 2168.08 0.057794 364661 -0.098751 0.573774
0.004345 2238.36 0.0635802 364661 -0.0726691 0.557141
0.003375 2198.22 0.0795595 364661 -0.0404115 0.568275
0.002415 1916.8 0.1095 364661 -0.0103072 0.651839
0.004625 2222.69 0.0612202 364661 -0.0810459 0.560661
0.005005 2192.91 0.0589759 364661 -0.0914661 0.567686
0.002715 2031.31 0.0986491 364661 -0.0189039 0.615148
0.004005 2244.34 0.0676495 364661 -0.0617832 0.556076
0.003085 2141.98 0.0871093 364661 -0.0306975 0.583319
0.005655 2144.25 0.0576431 364661 -0.108019 0.579778
0.005315 2167.22 0.0577666 364662 -0.0989917 0.573992
0.004355 2237.93 0.0634821 364661 -0.0729787 0.557233
0.002425 1920.83 0.109119 364661 -0.0105783 0.650477
0.003385 2199.73 0.0793228 364661 -0.0407307 0.567878
0.004635 2222.01 0.0611491 364661 -0.0813335 0.560818
0.005015 2192.13 0.0589277 364661 -0.0917162 0.567873
0.002725 2034.89 0.0983097 364661 -0.0192102 0.614066
0.004015 2244.41 0.0675079 364661 -0.062113 0.556047
0.003095 2144.34 0.0868269 364661 -0.0310274 0.582676
0.005665 2143.47 0.0576684 364661 -0.108304 0.57998
0.004365 2237.5 0.0633851 364661 -0.0732877 0.557329
0.002435 1924.84 0.108738 364661 -0.0108503 0.649124
0.005325 2166.61 0.0577403 364661 -0.0992402 0.57414
0.003395 2201.24 0.0790876 364661 -0.04105 0.567484
0.005025 2191.34 0.0588799 364661 -0.0919649 0.568062
0.004645 2221.32 0.0610788 364661 -0.0816203 0.560977
0.002735 2038.45 0.0979718 364661 -0.0195181 0.612992
0.003105 2146.67 0.0865461 364661 -0.0313585 0.582039
0.004025 2244.46 0.0673678 364661 -0.0624423 0.556023
0.005675 2142.68 0.0576956 364662 -0.108597 0.580185
0.004375 2237.05 0.0632892 364661 -0.0735961 0.557427
0.002445 1928.83 0.108359 364661 -0.0111234 0.647782
0.005335 2166 0.0577151 364661 -0.0994894 0.574289
0.003405 2202.73 0.078854 364661 -0.0413703 0.567093
0.005035 2190.56 0.0588327 364661 -0.0922124 0.568251
0.004655 2220.62 0.0610092 364661 -0.0819062 0.561137
0.003115 2148.99 0.0862669 364661 -0.0316907 0.581407
0.002745 2042 0.0976353 364661 -0.0198276 0.611928
0.004035 2244.5 0.067229 364661 -0.0627712 0.556001
0.004385 2236.59 0.0631945 364661 -0.0739039 0.557528
0.005685 2142.07 0.0577246 364661 -0.108899 0.580339
0.002455 1932.82 0.107982 364661 -0.0113974 0.646449
0.005345 2165.4 0.0576909 364661 -0.0997397 0.574438
0.003415 2204.21 0.078622 364661 -0.0416938 0.566707
0.005045 2189.77 0.058786 364661 -0.0924591 0.568442
0.003125 2151.3 0.0859892 364661 -0.0320239 0.580781
0.004665 2219.92 0.0609404 364661 -0.0821911 0.5613
0.002755 2045.53 0.0973004 364661 -0.0201388 0.610872
0.004395 2236.12 0.0631008 364661 -0.074211 0.557631
0.004045 2244.53 0.0670916 364661 -0.0630994 0.555983
0.005695 2141.46 0.0577554 364661 -0.109205 0.580495
0.002465 1936.79 0.107606 364661 -0.0116725 0.645127
0.005055 2188.97 0.0587398 364661 -0.0927051 0.568633
0.003425 2205.67 0.0783916 364660 -0.0420199 0.566325
0.005355 2164.78 0.0576679 364661 -0.0999907 0.574589
0.003135 2153.59 0.0857131 364661 -0.0323585 0.580161
0.004675 2219.21 0.0608724 364661 -0.0824751 0.561465
0.004405 2235.64 0.0630082 364661 -0.0745175 0.557737
0.002765 2049.05 0.096967 364661 -0.0204517 0.609824
0.005705 2140.84 0.057788 364661 -0.109517 0.580654
0.004055 2244.55 0.0669558 364661 -0.0634278 0.555967
0.002475 1940.74 0.107231 364661 -0.0119485 0.643815
0.005065 2188.17 0.0586942 364661 -0.0929505 0.568826
0.003435 2206.91 0.0781627 364661 -0.0423432 0.566
0.003145 2155.86 0.0854386 364661 -0.0326943 0.579546
0.004415 2235.14 0.0629167 364661 -0.0748232 0.557845
0.005365 2164.17 0.057646 364661 -0.100242 0.574741
0.004685 2218.49 0.0608051 364661 -0.0827581 0.561632
0.005715 2140.2 0.0578223 364661 -0.109833 0.580816
0.002775 2052.54 0.0966351 364661 -0.0207665 0.608785
0.004065 2244.55 0.0668214 364661 -0.0637553 0.555955
0.002485 1944.69 0.106857 364661 -0.0122255 0.642512
0.005075 2187.37 0.0586491 364661 -0.0931952 0.56902
0.003155 2158.11 0.0851657 364661 -0.0330316 0.578937
0.003445 2208.14 0.0779354 364661 -0.0426702 0.565679
0.004425 2234.64 0.0628262 364661 -0.0751282 0.557957
0.005375 2163.55 0.0576253 364661 -0.100495 0.574894
0.005725 2139.56 0.0578585 364661 -0.110153 0.580982
0.004695 2217.76 0.0607385 364661 -0.0830401 0.561801
0.002785 2056.02 0.0963048 364661 -0.0210831 0.607755
0.004075 2244.54 0.0666882 364661 -0.0640829 0.555947
0.002495 1948.61 0.106485 364661 -0.0125035 0.64122
0.005085 2186.57 0.0586045 364661 -0.0934394 0.569215
0.003165 2160.35 0.0848943 364661 -0.0333711 0.578333
0.004435 2234.13 0.0627368 364661 -0.0754325 0.55807
0.003455 2209.36 0.0777096 364661 -0.0430006 0.565362
0.005735 2138.9 0.0578963 364661 -0.110478 0.581151
0.005385 2162.93 0.0576058 364661 -0.100748 0.575048
0.004705 2217.02 0.0606726 364661 -0.0833211 0.561972
0.002795 2059.48 0.0959759 364661 -0.0214017 0.606733
0.002505 1952.53 0.106114 364661 -0.0127826 0.639937
0.005095 2185.76 0.0585606 364661 -0.093683 0.569411
0.004085 2244.52 0.0665563 364661 -0.0644088 0.555941
0.003175 2162.57 0.0846245 364660 -0.0337122 0.577736
0.004445 2233.61 0.0626484 364661 -0.0757361 0.558186
0.005745 2138.23 0.0579359 364661 -0.110807 0.581325
0.003465 2210.56 0.0774854 364661 -0.0433346 0.565049
0.005395 2162.3 0.0575876 364661 -0.101002 0.575203
0.004715 2216.28 0.0606074 364661 -0.083601 0.562145
0.002515 1956.43 0.105744 364661 -0.0130626 0.638664
0.002805 2062.93 0.0956486 364661 -0.0217231 0.60572
0.005105 2184.95 0.0585172 364661 -0.0939261 0.569609
0.003185 2164.6 0.0843563 364661 -0.0340494 0.577192
0.004095 2244.48 0.0664257 364661 -0.0647345 0.555938
0.004455 2233.08 0.0625611 364661 -0.0760388 0.558305
0.005755 2137.54 0.0579771 364661 -0.11114 0.581502
0.003475 2211.74 0.0772628 364661 -0.0436722 0.56474
0.005405 2161.67 0.0575706 364661 -0.101256 0.57536
0.004725 2215.53 0.0605429 364661 -0.0838798 0.56232
0.002525 1960.31 0.105376 364661 -0.0133436 0.6374
0.002815 2066.35 0.0953229 364660 -0.0220478 0.604715
0.005115 2184.13 0.0584744 364661 -0.0941689 0.569807
0.003195 2166.6 0.0840897 364661 -0.0343879 0.576653
0.004465 2232.53 0.0624747 364661 -0.0763407 0.558426
0.001285 1408.38 0.157183 364661 0.0108379 0.886392
0.004475 2231.98 0.0623893 364661 -0.0766417 0.55855
0.001605 1556.07 0.143447 364661 0.00696996 0.802455
0.001925 1704.76 0.129523 364661 0.00187378 0.732665
0.007365 419.929 0.227271 364662 0.00376691 3.00292
0.000965 1272.72 0.169711 364661 0.0129137 0.980729
0.001935 1709.33 0.129093 364661 0.00167634 0.730714
0.000645 1162.46 0.179822 364661 0.0134941 1.07372
0.007375 418.426 0.22758 364661 0.00308815 3.01409
0.000975 1276.65 0.16935 364661 0.0128737 0.977714
0.001945 1713.88 0.128665 364661 0.00146865 0.728776
0.000325 1090.85 0.186348 364661 0.0132126 1.14425
0.007385 416.991 0.227873 364667 0.00500649 3.02488
0.000985 1280.6 0.168986 364661 0.0128323 0.974699
0.000655 1165.38 0.179554 364661 0.0135088 1.07102
0.001955 1718.44 0.128237 364661 0.00125115 0.726852
0.007395 415.62 0.22815 364662 0.00303424 3.03517
5e-06 1066.22 0.188583 364661 0.0129713 1.17072
0.000335 1092.4 0.186207 364661 0.0132267 1.14262
0.000995 1284.58 0.16862 364661 0.0127893 0.971685
0.000665 1168.34 0.179284 364661 0.0128718 1.06831
0.007405 414.31 0.228411 364661 0.00366018 3.04511
0.001965 1722.98 0.127809 364661 0.00102465 0.724941
0.005765 2136.84 0.05802 364661 -0.111478 0.581683
0.000345 1093.99 0.186062 364661 0.0132407 1.14096
0.001005 1288.58 0.168252 364661 0.0127448 0.968672
0.007415 413.057 0.228657 364662 0.00356417 3.05468
1.5e-05 1066.26 0.188579 364661 0.0129684 1.17067
0.000675 1171.34 0.17901 364656 0.0147541 1.06556
0.001975 1727.52 0.127383 364661 0.00079019 0.723043
0.007045 565.331 0.203704 364663 -0.00722862 2.21624
0.001015 1292.6 0.167881 364661 0.0126987 0.965661
0.000355 1095.63 0.185913 364661 0.0132547 1.13925
0.007425 411.858 0.228889 364662 0.0035201 3.0639
0.005775 2136.12 0.0580645 364661 -0.111821 0.581869
0.000685 1174.37 0.178732 364661 0.0128647 1.06282
0.001985 1732.04 0.126957 364661 0.000549037 0.721159
2.5e-05 1066.36 0.188571 364661 0.0129666 1.17057
0.001025 1296.64 0.167508 364661 0.0126511 0.962651
0.000365 1097.32 0.18576 364661 0.0132686 1.13749
0.006725 1040.98 0.14242 364667 -0.0574925 1.19506
0.007435 410.875 0.229107 364662 0.00344432 3.07153
0.007055 556.967 0.204966 364663 -0.00641966 2.25008
0.005785 2135.39 0.0581105 364661 -0.112167 0.582059
0.000695 1177.45 0.178451 364661 0.0134952 1.06005
0.001995 1736.56 0.126531 364661 0.000302565 0.719288
0.001035 1300.71 0.167134 364661 0.012602 0.959644
0.000375 1099.05 0.185602 364661 0.0132824 1.1357
3.5e-05 1066.49 0.188559 364661 0.0129655 1.17042
0.007445 409.941 0.229312 364662 0.003366 3.07882
0.006735 1018.19 0.145 364671 -0.0542915 1.22203
0.006085 2083.04 0.0597401 364661 -0.122171 0.59636
0.005795 2134.64 0.058158 364661 -0.112518 0.582253
0.007065 548.822 0.206188 364663 -0.00565311 2.28404
0.000705 1180.55 0.178167 364661 0.0134737 1.05726
0.001045 1304.8 0.166757 364661 0.0125513 0.95664
0.002005 1741.07 0.126107 364661 5.21837e-05 0.717431
0.007455 409.052 0.229505 364662 0.00327856 3.08579
0.000385 1100.83 0.18544 364661 0.013296 1.13386
4.5e-05 1066.68 0.188542 364661 0.0129652 1.17021
0.006745 998.429 0.147545 364666 -0.0526399 1.24642
0.005805 2133.87 0.058207 364661 -0.112872 0.582453
0.006095 2078.97 0.0597749 364662 -0.122331 0.597516
0.007075 540.893 0.207371 364663 -0.00491723 2.31809
0.001055 1308.91 0.166378 364661 0.0124989 0.953639
0.000715 1183.7 0.177879 364661 0.0134731 1.05445
0.007465 408.206 0.229686 364662 0.00318314 3.09246
0.002015 1745.58 0.125683 364661 -0.000200738 0.715586
0.000395 1102.66 0.185274 364661 0.0133095 1.13198
0.006755 978.956 0.150038 364666 -0.0502854 1.27145
5.5e-05 1066.9 0.188521 364661 0.0129655 1.16996
0.006105 2074.9 0.0598052 364662 -0.122429 0.598676
0.005815 2133.09 0.0582574 364661 -0.11323 0.582657
0.007085 533.173 0.208516 364663 -0.00421569 2.35223
0.001065 1313.04 0.165997 364661 0.0124451 0.950642
0.000725 1186.88 0.177588 364661 0.0134652 1.05162
0.007475 407.398 0.229855 364662 0.00308067 3.09884
0.002025 1750.07 0.12526 364661 -0.000454941 0.713755
0.000405 1104.53 0.185104 364661 0.0133227 1.13006
0.006765 959.748 0.152479 364666 -0.0480372 1.29714
0.006115 2070.84 0.0598307 364662 -0.122461 0.599835
6.5e-05 1067.18 0.188496 364661 0.0129667 1.16966
0.005825 2132.29 0.058309 364661 -0.113591 0.582866
0.001075 1317.19 0.165614 364661 0.0123896 0.94765
0.007095 525.658 0.209622 364663 -0.00352532 2.38645
0.000735 1190.09 0.177294 364661 0.0134564 1.04878
0.007485 406.628 0.230013 364662 0.00297071 3.10495
0.000415 1106.45 0.184929 364661 0.0133357 1.1281
0.002035 1754.55 0.124837 364661 -0.000709329 0.711936
0.006125 2066.81 0.0598508 364662 -0.122429 0.600992
0.006775 940.8 0.154871 364666 -0.0458511 1.32352
7.5e-05 1067.5 0.188467 364661 0.0129686 1.16931
0.001085 1321.37 0.165229 364661 0.0123325 0.944661
0.005835 2131.46 0.058362 364661 -0.113954 0.583081
0.007495 406.022 0.230161 364662 0.00285125 3.10981
0.000745 1193.34 0.176997 364661 0.0134464 1.04593
0.007105 518.342 0.21069 364664 -0.00278771 2.42072
0.000425 1108.41 0.184751 364661 0.0133484 1.1261
0.006135 2062.81 0.0598649 364662 -0.122335 0.602145
0.002045 1759.03 0.124416 364661 -0.000963006 0.710131
0.006785 922.103 0.157213 364666 -0.0437329 1.35062
8.5e-05 1067.87 0.188434 364661 0.0129712 1.1689
0.001095 1325.56 0.164842 364661 0.0122737 0.941678
0.007505 405.448 0.230298 364662 0.00272874 3.11443
0.005845 2130.63 0.0584161 364661 -0.114318 0.583301
0.000755 1196.62 0.176696 364661 0.0134353 1.04306
0.006145 2058.85 0.0598725 364662 -0.122181 0.60329
0.000435 1110.42 0.184568 364661 0.0133608 1.12406
0.007115 511.97 0.211721 364663 -0.0023337 2.45143
0.006795 903.651 0.159509 364666 -0.0416793 1.37847
0.002055 1763.5 0.123995 364661 -0.0012153 0.708338
0.001105 1329.77 0.164454 364661 0.0122134 0.9387
9.5e-05 1068.28 0.188396 364661 0.0129746 1.16845
0.007515 404.904 0.230426 364662 0.00259973 3.11881
0.005855 2129.77 0.0584713 364661 -0.114681 0.583526
0.006155 2054.94 0.0598731 364662 -0.121972 0.604424
0.000445 1112.47 0.184381 364661 0.0133728 1.12199
0.000765 1199.94 0.176392 364661 0.013423 1.04018
0.007125 505.798 0.212714 364662 -0.00177557 2.48193
0.006805 885.437 0.161759 364666 -0.0396873 1.40711
0.001115 1334 0.164063 364661 0.0121514 0.935728
0.002065 1767.95 0.123575 364661 -0.00146576 0.706558
0.007525 404.388 0.230544 364662 0.00246644 3.12298
0.000105 1068.75 0.188354 364661 0.0129788 1.16794
0.006165 2051.08 0.0598661 364662 -0.121714 0.605547
0.000455 1114.56 0.184191 364661 0.0133845 1.11988
0.005865 2128.89 0.0585275 364661 -0.115041 0.583756
0.000775 1203.29 0.176086 364661 0.0134096 1.03728
0.006815 867.456 0.163964 364666 -0.037754 1.43658
0.006405 1794.18 0.0731541 364663 -0.128448 0.691925
0.001125 1338.25 0.163671 364661 0.0120878 0.932762
0.007135 499.821 0.21367 364662 -0.00125256 2.5122
0.007535 403.899 0.230653 364662 0.00232663 3.12694
0.006175 2047.29 0.0598509 364662 -0.12141 0.606656
0.000465 1116.7 0.183996 364661 0.0133958 1.11773
0.000115 1069.25 0.188308 364661 0.0129838 1.16739
0.002075 1772.4 0.123156 364661 -0.00171416 0.704791
0.005875 2128 0.0585846 364661 -0.115396 0.583991
0.004105 2244.43 0.0662965 364661 -0.0650598 0.555939
0.000785 1206.67 0.175776 364661 0.013395 1.03437
0.006825 849.7 0.166125 364666 -0.0358744 1.46691
0.001135 1342.51 0.163277 364661 0.0120225 0.929802
0.007545 403.552 0.230754 364662 0.00218107 3.1298
0.006185 2043.57 0.059827 364662 -0.121067 0.607748
0.007145 494.032 0.21459 364662 -0.000757894 2.54223
0.006415 1771.25 0.0746846 364663 -0.126729 0.700879
0.000475 1118.89 0.183797 364661 0.0134066 1.11555
0.000125 1069.81 0.188258 364661 0.0129894 1.16678
0.002085 1776.83 0.122738 364661 -0.00196046 0.703037
0.005885 2127.08 0.0586425 364661 -0.115744 0.584232
0.000795 1210.09 0.175463 364661 0.0133792 1.03146
0.001145 1346.8 0.162881 364661 0.0119555 0.92685
0.006835 832.165 0.168245 364666 -0.0340433 1.49814
0.007555 403.228 0.230846 364662 0.00203452 3.13246
0.004115 2244.37 0.0661687 364661 -0.0653845 0.555942
0.006195 2039.92 0.0597939 364662 -0.120689 0.608822
0.007155 488.426 0.215474 364662 -0.000293442 2.572
0.000485 1121.12 0.183594 364661 0.0134171 1.11333
0.006425 1748.37 0.0761938 364663 -0.124962 0.710046
0.000135 1070.41 0.188203 364661 0.0129958 1.16612
0.005895 2126.16 0.0587011 364661 -0.116082 0.584476
0.002095 1781.26 0.12232 364661 -0.0022048 0.701296
0.000805 1213.54 0.175147 364661 0.0133622 1.02853
0.001155 1351.1 0.162484 364661 0.0118869 0.923904
0.007565 402.926 0.23093 364662 0.00188343 3.13495
0.006845 814.846 0.170324 364666 -0.032118 1.53031
0.004125 2244.29 0.0660421 364661 -0.0657086 0.555949
0.006205 2036.34 0.0597512 364662 -0.120284 0.609877
0.007165 482.995 0.216324 364662 0.000151095 2.6015
0.000495 1123.39 0.183387 364661 0.013427 1.11108
0.006435 1725.55 0.0776802 364663 -0.123137 0.71943
0.000145 1071.06 0.188145 364661 0.0130029 1.16542
0.005905 2125.21 0.0587603 364661 -0.116408 0.584725
0.001165 1355.41 0.162085 364661 0.0118166 0.920966
0.000815 1217.02 0.174827 364661 0.013344 1.02559
0.002105 1785.68 0.121904 364661 -0.00244741 0.699567
0.007575 402.644 0.231006 364662 0.00172907 3.13727
0.006855 797.753 0.172362 364669 -0.0298757 1.56345
0.006215 2032.85 0.0596985 364662 -0.119857 0.610911
0.004135 2244.21 0.0659169 364661 -0.0660322 0.555959
0.000505 1125.7 0.183176 364661 0.0134364 1.10879
0.007175 477.734 0.21714 364663 0.000607458 2.63074
0.006445 1702.82 0.0791423 364663 -0.121241 0.729034
0.000155 1071.76 0.188081 364661 0.0130106 1.16466
0.001175 1359.75 0.161685 364661 0.0117446 0.918035
0.005915 2124.26 0.0588199 364661 -0.116722 0.584978
0.000825 1220.53 0.174506 364661 0.0133246 1.02264
0.007585 402.382 0.231074 364662 0.00157417 3.13943
0.006865 782.771 0.174361 364665 -0.0288768 1.59372
0.006225 2029.45 0.0596353 364662 -0.119415 0.611923
0.002115 1790.08 0.121488 364661 -0.00268867 0.69785
0.000515 1128.06 0.182961 364661 0.0134453 1.10647
0.004145 2244.11 0.065793 364661 -0.0663551 0.555971
0.007185 473.181 0.217923 364662 0.000914316 2.65662
0.006455 1680.18 0.0805784 364663 -0.119264 0.738861
0.001185 1364.1 0.161282 364661 0.0116708 0.915113
0.000165 1072.5 0.188014 364661 0.0130189 1.16385
0.005925 2123.29 0.0588799 364661 -0.117024 0.585234
0.007595 402.137 0.231135 364662 0.00141244 3.14144
0.006235 2026.13 0.0595615 364662 -0.118964 0.612912
0.006875 768.037 0.176319 364665 -0.0273115 1.62465
0.000835 1224.07 0.174181 364661 0.0133039 1.01968
0.002125 1794.48 0.121073 364661 -0.00292895 0.696146
0.000525 1130.46 0.182742 364661 0.0134536 1.10412
0.004155 2243.99 0.0656705 364661 -0.0666776 0.555987
0.007195 468.795 0.218673 364662 0.00126173 2.68205
0.001195 1368.46 0.160879 364661 0.0115954 0.912199
0.006465 1657.64 0.0819867 364663 -0.117196 0.748909
0.000175 1073.29 0.187942 364661 0.0130279 1.16299
0.007605 402.015 0.231189 364662 0.00124839 3.14249
0.006245 2022.9 0.0594769 364662 -0.118511 0.613877
0.006885 753.541 0.178237 364665 -0.0258041 1.65628
0.005935 2122.31 0.0589401 364661 -0.117317 0.585493
0.000845 1227.64 0.173853 364661 0.0132819 1.01671
0.002135 1798.86 0.120659 364661 -0.00316869 0.694455
0.000535 1132.9 0.18252 364661 0.0134613 1.10174
0.001205 1372.84 0.160474 364661 0.0115182 0.909293
0.007205 464.567 0.219391 364662 0.00158131 2.70703
0.006475 1635.23 0.0833653 364663 -0.115028 0.759179
0.007615 401.909 0.231235 364662 0.0010871 3.1434
0.000185 1074.13 0.187866 364661 0.0130374 1.16208
0.006255 2019.76 0.0593814 364662 -0.118063 0.614819
0.006895 739.281 0.180116 364665 -0.0243306 1.68861
0.000855 1231.24 0.173522 364661 0.0132587 1.01374
0.005945 2121.33 0.0590003 364661 -0.117606 0.585755
0.000545 1135.38 0.182293 364661 0.0134684 1.09933
0.002145 1803.24 0.120246 364661 -0.00340829 0.692775
0.001215 1377.24 0.160067 364661 0.0114393 0.906397
0.007215 460.492 0.220079 364662 0.00187645 2.73154
0.007625 401.82 0.231275 364662 0.000922339 3.14417
0.006485 1612.96 0.0847123 364663 -0.112755 0.769668
0.006265 2016.71 0.0592749 364662 -0.117626 0.615738
0.000195 1075.01 0.187786 364661 0.0130475 1.16112
0.006905 725.252 0.181956 364665 -0.022899 1.72167
0.000865 1234.87 0.173189 364661 0.0132341 1.01076
0.000555 1137.91 0.182063 364661 0.0134748 1.09689
0.005955 2120.33 0.0590605 364661 -0.117898 0.586019
0.001225 1381.65 0.159659 364661 0.0113586 0.903509
0.007225 456.564 0.220736 364662 0.0021463 2.7556
0.007635 401.746 0.231308 364662 0.000756506 3.1448
0.006275 2013.74 0.0591575 364662 -0.117206 0.616633
0.006495 1590.86 0.0860257 364663 -0.110369 0.780372
0.002155 1807.6 0.119834 364661 -0.00364815 0.691108
0.000205 1075.95 0.187701 364661 0.013058 1.16011
0.006915 711.453 0.183757 364665 -0.0215081 1.75548
0.000565 1140.48 0.181829 364661 0.0134806 1.09442
0.000875 1238.54 0.172853 364661 0.0132083 1.00778
0.005965 2119.33 0.0591203 364661 -0.118202 0.586287
0.001235 1386.07 0.15925 364661 0.0112762 0.900632
0.007645 401.688 0.231334 364662 0.000589817 3.1453
0.007235 452.776 0.221364 364662 0.00239527 2.7792
0.006285 2010.85 0.0590294 364662 -0.116805 0.617505
0.006505 1568.95 0.0873038 364663 -0.107866 0.791285
0.002165 1811.95 0.119423 364661 -0.00388859 0.689453
0.000575 1143.08 0.181591 364661 0.0134857 1.09192
0.006925 697.879 0.185521 364665 -0.0201558 1.79004
0.000215 1076.93 0.187612 364661 0.0130691 1.15906
0.000885 1242.22 0.172514 364661 0.0131811 1.00479
0.007655 401.644 0.231353 364662 0.000422636 3.14568
0.001245 1390.5 0.158839 364661 0.0111921 0.897763
0.005975 2118.31 0.0591798 364661 -0.118527 0.586558
0.006295 2008.05 0.0588907 364662 -0.116467 0.618355
0.000585 1145.73 0.181349 364661 0.01349 1.08939
0.002175 1816.29 0.119013 364661 -0.0041299 0.687811
0.007245 449.121 0.221964 364662 0.00263795 2.80236
0.006515 1547.26 0.0885446 364664 -0.10524 0.802399
0.006935 684.528 0.187247 364665 -0.0188392 1.82539
0.007665 401.615 0.231366 364662 0.000257693 3.14593
0.000225 1077.96 0.187519 364661 0.0130806 1.15795
0.000895 1245.94 0.172173 364661 0.0131526 1.00179
0.001255 1394.95 0.158427 364661 0.0111062 0.894905
0.006305 2005.32 0.0587417 364662 -0.115418 0.619185
0.000595 1148.42 0.181103 364661 0.0134937 1.08684
0.005985 2117.27 0.0592385 364661 -0.118884 0.586833
0.002185 1820.62 0.118604 364661 -0.00437231 0.68618
0.007255 445.955 0.222537 364662 0.00280585 2.82277
0.006945 671.396 0.188936 364665 -0.0174754 1.86154
0.007675 401.601 0.231373 364661 8.43729e-05 3.14605
0.006525 1525.81 0.0897463 364664 -0.102489 0.813703
0.001265 1399.42 0.158014 364661 0.0110185 0.892057
0.000905 1249.69 0.171829 364661 0.0131227 0.998789
0.000235 1079.03 0.187421 364661 0.0130925 1.15679
0.003485 2212.91 0.0770417 364661 -0.0440132 0.564434
0.005415 2161.04 0.0575549 364661 -0.101512 0.575518
0.000245 1080.16 0.187319 364661 0.0131048 1.15559
0.004735 2214.77 0.060479 364661 -0.0841575 0.562496
0.003495 2214.07 0.0768221 364661 -0.0443575 0.564133
0.002535 1964.18 0.105009 364661 -0.0136257 0.636146
0.005425 2160.4 0.0575405 364661 -0.101768 0.575676
0.000255 1081.33 0.187213 364661 0.0131175 1.15433
0.002825 2069.53 0.0949986 364661 -0.0223674 0.603786
0.003505 2215.21 0.0766042 364661 -0.0447047 0.563836
0.004745 2214.01 0.0604158 364661 -0.0844342 0.562675
0.001295 1412.87 0.156766 364661 0.010745 0.883576
0.002545 1968.04 0.104644 364661 -0.0139088 0.634902
0.005435 2159.76 0.0575276 364661 -0.102026 0.575837
0.000265 1082.55 0.187102 364661 0.0131304 1.15303
0.001615 1560.75 0.14301 364661 0.00681913 0.800055
0.003515 2216.33 0.0763878 364661 -0.0450543 0.563543
0.004755 2213.24 0.0603533 364661 -0.0847098 0.562856
0.002835 2072.69 0.0946759 364661 -0.022689 0.602865
0.002555 1971.88 0.10428 364661 -0.0141929 0.633666
0.001305 1417.38 0.156348 364661 0.0106503 0.880771
0.000275 1083.81 0.186987 364661 0.0131437 1.15168
0.001625 1565.43 0.142573 364661 0.00666627 0.797669
0.001635 1570.11 0.142136 364661 0.00651127 0.795297
0.006315 2002.34 0.0586067 364604 -0.129467 0.619999
0.001645 1574.79 0.141699 364661 0.00635405 0.79294
0.001655 1579.47 0.141261 364661 0.00619454 0.790597
0.001665 1584.15 0.140824 364661 0.00603273 0.788267
0.006325 1979.31 0.0602659 364663 -0.142765 0.627295
0.001675 1588.83 0.140387 364661 0.00586864 0.785953
0.006955 658.489 0.190588 364666 -0.0159069 1.89849
0.006335 1956.01 0.0619331 364663 -0.140159 0.634753
0.001685 1593.51 0.139949 364661 0.00570242 0.783652
0.000605 1151.15 0.180854 364661 0.0134966 1.08427
0.006345 1932.76 0.0635852 364663 -0.138474 0.642376
0.001695 1598.19 0.139512 364661 0.00553429 0.781365
0.000615 1153.92 0.180602 364661 0.0134987 1.08166
0.006355 1909.55 0.0652219 364663 -0.136778 0.650168
0.001705 1602.86 0.139075 364661 0.0053646 0.779093
0.000625 1156.73 0.180345 364661 0.0135 1.07904
0.006965 647.108 0.192201 364664 -0.0151492 1.93234
0.006365 1886.4 0.0668427 364663 -0.135108 0.658138
0.001715 1607.54 0.138638 364661 0.00519385 0.776835
0.000635 1159.57 0.180085 364661 0.0135006 1.07639
0.005995 2116.22 0.0592965 364661 -0.11928 0.587115
0.006375 1863.28 0.068447 364663 -0.13345 0.666293
0.002195 1824.94 0.118196 364661 -0.00461599 0.684561
0.006385 1840.2 0.0700343 364663 -0.131796 0.674638
0.006395 1817.17 0.0716036 364663 -0.130133 0.68318
0.002205 1829.24 0.117789 364661 -0.00486107 0.682955
0.007265 442.916 0.223083 364662 0.00298247 2.84266
0.002215 1833.54 0.117383 364661 -0.0051076 0.68136
0.006535 1504.62 0.0909073 364664 -0.0996014 0.825184
0.001275 1403.89 0.157599 364661 0.0109291 0.889219
0.002225 1837.82 0.116978 364661 -0.00535564 0.679777
0.002235 1842.09 0.116574 364661 -0.00560517 0.678205
0.000915 1253.46 0.171482 364661 0.0130915 0.995785
0.004765 2212.46 0.0602914 364661 -0.0849843 0.563038
0.004775 2211.67 0.0602302 364661 -0.0852578 0.563222
0.002845 2075.75 0.0943547 364661 -0.023007 0.601976
0.004785 2210.88 0.0601695 364661 -0.0855305 0.563408
0.004795 2210.09 0.0601095 364661 -0.0858024 0.563595
0.002855 2078.79 0.0940351 364661 -0.023325 0.601094
0.001315 1421.9 0.155929 364661 0.0105538 0.877977
0.002865 2081.82 0.0937169 364661 -0.0236423 0.60022
0.000285 1085.12 0.186868 364661 0.0131572 1.15029
0.002875 2084.83 0.0934003 364661 -0.0239589 0.599352
0.006975 635.968 0.193776 364664 -0.0140222 1.96667
0.001725 1612.21 0.138201 364661 0.00502263 0.774591
0.006005 2115.09 0.0593533 364653 -0.119685 0.587404
0.007275 439.996 0.223603 364662 0.00313771 2.86203
0.001735 1616.88 0.137764 364661 0.00485164 0.772361
0.006545 1483.74 0.0920258 364664 -0.0966615 0.836827
0.006015 2111.2 0.0594089 364661 -0.120035 0.588489
0.000925 1257.26 0.171133 364661 0.0130588 0.992778
0.001745 1621.54 0.137327 364661 0.00468165 0.770146
0.007285 437.19 0.224098 364662 0.00327348 2.8809
0.001325 1426.43 0.155509 364661 0.0104555 0.875194
0.006025 2107.24 0.0594631 364661 -0.120362 0.589583
0.006555 1463.2 0.0931006 364664 -0.0927429 0.848614
0.006985 625.061 0.195311 364664 -0.0129433 2.00147
0.001755 1626.2 0.136891 364661 0.00451346 0.767945
0.007295 434.493 0.22457 364662 0.00339162 2.89927
0.000935 1261.09 0.170781 364661 0.0130247 0.989768
0.000295 1086.48 0.186744 364661 0.0131708 1.14885
0.006035 2103.26 0.0595156 364661 -0.120705 0.590688
0.001335 1430.97 0.155088 364661 0.0103554 0.872423
0.006565 1442.95 0.0941522 364648 -0.101623 0.860526
0.001765 1630.86 0.136455 364661 0.00434783 0.765758
0.006995 614.386 0.196807 364664 -0.0118949 2.03675
0.007305 431.897 0.225019 364662 0.00350023 2.91717
0.000945 1264.94 0.170427 364661 0.0129891 0.986756
0.006045 2099.25 0.0595659 364661 -0.121048 0.591803
0.001345 1435.52 0.154666 364661 0.0102536 0.869664
0.006575 1415.53 0.0975333 364666 -0.10882 0.877284
0.000305 1087.89 0.186617 364661 0.0131847 1.14736
0.001775 1635.52 0.136019 364661 0.00418542 0.763585
0.007005 603.938 0.198264 364664 -0.0108837 2.0725
0.007315 429.683 0.225445 364662 0.00356462 2.93266
0.000955 1268.82 0.17007 364661 0.0129522 0.983743
0.006055 2095.23 0.0596139 364661 -0.12138 0.592929
0.001355 1440.08 0.154242 364661 0.0101499 0.866917
0.006585 1388.39 0.100884 364665 -0.103751 0.894486
0.000315 1089.35 0.186484 364661 0.0131986 1.14583
0.001785 1640.17 0.135583 364661 0.00402676 0.761426
0.007325 427.563 0.22585 364662 0.00362877 2.94765
0.007015 593.714 0.199683 364664 -0.00990785 2.10872
0.006065 2091.18 0.0596592 364661 -0.121686 0.594064
0.001365 1444.65 0.153818 364661 0.0100444 0.864181
0.007025 583.708 0.201062 364664 -0.00892242 2.1454
0.006595 1361.6 0.104185 364665 -0.0998661 0.912153
0.006075 2087.12 0.0597014 364661 -0.121953 0.595208
0.001795 1644.82 0.135147 364661 0.00387211 0.759281
0.001375 1449.23 0.153393 364661 0.00993716 0.861458
0.007335 425.532 0.226234 364662 0.00367639 2.96216
0.007035 573.921 0.202403 364665 -0.00782867 2.18253
0.001385 1453.81 0.152968 364661 0.00982808 0.858748
0.006605 1335.15 0.107437 364665 -0.096015 0.9303
0.007345 423.586 0.226598 364662 0.00371047 2.97619
0.001805 1649.46 0.134712 364661 0.0037215 0.75715
0.001395 1458.4 0.152541 364661 0.00971718 0.85605
0.007355 421.72 0.226944 364662 0.00371544 2.98977
0.001815 1654.1 0.134278 364661 0.00357463 0.755033
0.006615 1309.02 0.110638 364665 -0.092285 0.948951
0.001405 1463.01 0.152114 364661 0.00960446 0.853364
0.001825 1658.73 0.133843 364661 0.00343088 0.75293
0.006625 1283.22 0.113788 364666 -0.0886585 0.968127
0.001415 1467.61 0.151685 364661 0.00948993 0.850691
0.001835 1663.36 0.133409 364661 0.00328932 0.750842
0.006635 1257.72 0.116886 364666 -0.0851572 0.987854
0.001425 1472.23 0.151256 364661 0.00937359 0.848031
0.001845 1667.98 0.132975 364661 0.00314874 0.748767
0.001435 1476.85 0.150827 364661 0.00925543 0.845384
0.006645 1232.53 0.119932 364666 -0.0811146 1.00816
0.001855 1672.6 0.132542 364661 0.00300766 0.746706
0.001445 1481.47 0.150397 364661 0.00913545 0.84275
0.006655 1207.64 0.122926 364661 -0.079672 1.02905
0.001865 1677.22 0.132109 364661 0.00286448 0.744659
0.001455 1486.11 0.149966 364661 0.00901365 0.84013
0.006665 1183.03 0.125867 364666 -0.0745794 1.0506
0.001875 1681.82 0.131677 364661 0.00271751 0.742625
0.001465 1490.74 0.149534 364661 0.00889004 0.837522
0.006675 1158.7 0.128755 364666 -0.0720795 1.07281
0.001885 1686.42 0.131245 364661 0.00256508 0.740606
0.001475 1495.39 0.149102 364661 0.00876461 0.834928
0.006685 1134.65 0.131591 364666 -0.069024 1.09571
0.001895 1691.02 0.130814 364661 0.00240567 0.7386
0.001485 1500.04 0.14867 364661 0.00863735 0.832348
0.006695 1110.85 0.134375 364666 -0.0660758 1.11934
0.001905 1695.6 0.130383 364661 0.00223795 0.736608
0.001495 1504.69 0.148236 364661 0.00850828 0.829781
0.006705 1087.32 0.137108 364666 -0.0632032 1.14375
0.001915 1700.18 0.129952 364661 0.00206088 0.73463
0.001505 1509.34 0.147803 364661 0.00837739 0.827227
0.006715 1064.03 0.139789 364667 -0.0604105 1.16897
0.001515 1514 0.147369 364661 0.0082447 0.824688
0.001525 1518.67 0.146934 364661 0.0081102 0.822162
0.001535 1523.33 0.146499 364661 0.00797391 0.81965
0.001545 1528 0.146064 364661 0.00783584 0.817151
0.001555 1532.68 0.145629 364661 0.007696 0.814667
0.001565 1537.35 0.145193 364661 0.00755439 0.812197
0.001575 1542.03 0.144757 364661 0.00741101 0.80974
0.001585 1546.71 0.14432 364661 0.00726584 0.807298
0.001595 1551.39 0.143884 364661 0.00711884 0.804869
