0.007045 300.352 0.232918 101760 0.00774573 1.17561
0.007055 300.352 0.232918 101760 0.00760143 1.17561
0.007065 300.352 0.232918 101760 0.00745515 1.17561
0.007075 300.351 0.232918 101760 0.00730538 1.17561
0.007085 300.349 0.232918 101760 0.00715356 1.17562
0.007095 300.348 0.232918 101760 0.00700072 1.17563
0.007105 300.345 0.232918 101760 0.00684661 1.17563
0.007115 300.343 0.232918 101760 0.00669827 1.17564
0.007125 300.34 0.232918 101760 0.00651991 1.17566
0.007135 300.343 0.232918 101760 0.00637732 1.17564
0.007145 300.345 0.232918 101760 0.00622827 1.17563
0.007155 300.347 0.232918 101760 0.00607451 1.17563
0.007165 300.349 0.232918 101760 0.00592114 1.17562
0.007175 300.35 0.232918 101760 0.00576817 1.17561
0.007185 300.351 0.232918 101760 0.00561584 1.17561
0.007195 300.352 0.232918 101760 0.00546072 1.17561
0.007205 300.352 0.232918 101760 0.00529988 1.17561
0.007215 300.352 0.232918 101760 0.00515862 1.17561
0.007225 300.351 0.232918 101760 0.00501656 1.17561
0.007235 300.35 0.232918 101760 0.00487277 1.17561
0.007245 300.349 0.232918 101760 0.00472894 1.17562
0.007255 300.347 0.232918 101760 0.00458606 1.17562
0.007265 300.345 0.232918 101759 0.00444397 1.17563
0.007275 300.343 0.232918 101759 0.00430873 1.17564
0.007285 300.34 0.232918 101759 0.0041495 1.17565
0.007295 300.343 0.232918 101759 0.00402269 1.17564
0.007305 300.345 0.232918 101759 0.00389221 1.17563
0.007315 300.347 0.232918 101759 0.00375911 1.17562
0.007325 300.349 0.232918 101759 0.00362788 1.17561
0.007335 300.35 0.232918 101759 0.00349849 1.17561
0.007345 300.351 0.232918 101759 0.00337096 1.17561
0.007355 300.352 0.232918 101759 0.00324392 1.1756
0.000645 300.358 0.232918 101750 -1.04939 1.17547
0.007365 300.352 0.232918 101759 0.00311161 1.1756
0.000965 300.359 0.232918 101752 -1.05324 1.17549
0.000655 300.358 0.232918 101750 -1.04955 1.17548
0.004165 300.352 0.232918 101760 0.0290269 1.17561
0.007375 300.352 0.232918 101759 0.00299486 1.1756
5e-06 300.355 0.232918 101747 -1.04059 1.17544
0.000665 300.358 0.232918 101750 -1.04971 1.17548
0.000975 300.359 0.232918 101752 -1.05333 1.17549
0.007385 300.351 0.232918 101759 0.00287943 1.1756
0.000325 300.356 0.232918 101748 -1.04378 1.17546
0.004175 300.352 0.232918 101760 0.0288159 1.17561
0.006725 300.353 0.232918 101760 0.0115353 1.17561
0.000675 300.358 0.232918 101750 -1.04986 1.17548
0.000985 300.359 0.232918 101752 -1.05342 1.17549
0.007395 300.35 0.232918 101759 0.0027636 1.17561
1.5e-05 300.355 0.232918 101747 -1.04177 1.17545
0.004185 300.351 0.232918 101760 0.0286059 1.17561
0.000335 300.356 0.232918 101748 -1.04395 1.17546
0.006085 300.35 0.232918 101758 0.0103731 1.17559
0.000685 300.358 0.232918 101751 -1.05001 1.17548
0.000995 300.359 0.232918 101752 -1.05351 1.17549
0.006735 300.352 0.232918 101760 0.0114544 1.17561
0.007405 300.349 0.232918 101759 0.00264817 1.17561
2.5e-05 300.355 0.232918 101747 -1.04255 1.17545
0.004195 300.35 0.232918 101760 0.0283946 1.17561
0.000345 300.356 0.232918 101748 -1.04412 1.17546
0.000695 300.358 0.232918 101751 -1.05016 1.17548
0.006405 300.352 0.232918 101760 0.0123923 1.17561
0.001005 300.359 0.232918 101752 -1.0536 1.17549
0.006095 300.35 0.232918 101758 0.0104292 1.17559
0.007415 300.348 0.232918 101759 0.00253395 1.17562
0.006745 300.352 0.232918 101760 0.0113736 1.17561
3.5e-05 300.356 0.232918 101748 -1.04315 1.17545
0.004205 300.349 0.232918 101760 0.0281805 1.17562
0.000355 300.356 0.232918 101748 -1.04429 1.17546
0.000705 300.358 0.232918 101751 -1.0503 1.17548
0.001015 300.359 0.232918 101752 -1.05369 1.17549
0.006105 300.35 0.232918 101758 0.0104875 1.17559
0.007425 300.346 0.232918 101759 0.00242078 1.17563
0.006755 300.351 0.232918 101760 0.0112907 1.17562
0.006415 300.352 0.232918 101760 0.0124054 1.17561
4.5e-05 300.356 0.232918 101748 -1.04356 1.17545
0.004215 300.347 0.232918 101760 0.0279652 1.17562
0.000365 300.356 0.232918 101748 -1.04445 1.17546
0.000715 300.358 0.232918 101751 -1.05044 1.17548
0.001025 300.359 0.232918 101752 -1.05378 1.17549
0.006115 300.349 0.232918 101758 0.0105568 1.1756
0.007435 300.343 0.232918 101759 0.00231323 1.17563
0.006765 300.35 0.232918 101760 0.0112048 1.17562
0.006425 300.351 0.232918 101760 0.0124191 1.17561
5.5e-05 300.356 0.232918 101748 -1.04381 1.17546
0.004225 300.345 0.232918 101760 0.0277489 1.17563
0.000375 300.356 0.232918 101748 -1.04462 1.17546
0.000725 300.358 0.232918 101751 -1.05057 1.17548
0.001035 300.359 0.232918 101752 -1.05387 1.17549
0.006125 300.348 0.232918 101758 0.0106297 1.1756
0.007445 300.341 0.232918 101759 0.00218999 1.17564
0.006775 300.348 0.232918 101760 0.0111158 1.17563
6.5e-05 300.356 0.232918 101748 -1.04393 1.17546
0.006435 300.35 0.232918 101760 0.0124363 1.17561
0.004235 300.343 0.232918 101760 0.0275405 1.17564
0.000385 300.356 0.232918 101748 -1.04478 1.17546
0.001045 300.359 0.232918 101752 -1.05396 1.17549
0.000735 300.358 0.232918 101751 -1.0507 1.17548
0.006135 300.346 0.232918 101758 0.0107043 1.17561
0.007455 300.344 0.232918 101759 0.00208669 1.17563
0.006785 300.346 0.232918 101760 0.0110235 1.17564
7.5e-05 300.356 0.232918 101748 -1.04397 1.17546
0.006445 300.349 0.232918 101760 0.0124517 1.17562
0.000395 300.356 0.232918 101748 -1.04494 1.17546
0.004245 300.34 0.232918 101760 0.0273114 1.17565
0.001055 300.359 0.232918 101752 -1.05405 1.17549
0.000745 300.358 0.232918 101751 -1.05083 1.17548
0.006145 300.344 0.232918 101758 0.0107808 1.17562
0.007465 300.347 0.232918 101759 0.0019838 1.17562
0.006795 300.343 0.232918 101760 0.0109323 1.17565
8.5e-05 300.356 0.232918 101748 -1.04397 1.17546
0.006455 300.348 0.232918 101760 0.0124643 1.17563
0.000405 300.356 0.232918 101749 -1.04511 1.17546
0.004255 300.343 0.232918 101760 0.0270945 1.17564
0.001065 300.359 0.232918 101752 -1.05415 1.17549
0.000755 300.358 0.232918 101751 -1.05096 1.17548
0.006155 300.341 0.232918 101758 0.0108537 1.17563
0.007475 300.349 0.232918 101759 0.00187877 1.17561
0.006805 300.34 0.232918 101760 0.0108269 1.17566
9.5e-05 300.356 0.232918 101748 -1.04391 1.17546
0.006465 300.345 0.232918 101760 0.0124739 1.17563
0.000415 300.356 0.232918 101749 -1.04527 1.17546
0.001075 300.359 0.232918 101752 -1.05424 1.17549
0.004265 300.345 0.232918 101760 0.0268898 1.17563
0.000765 300.358 0.232918 101751 -1.05108 1.17548
0.006165 300.338 0.232918 101758 0.0109743 1.17564
0.007485 300.352 0.232918 101759 0.00177542 1.1756
0.006815 300.343 0.232918 101760 0.0107245 1.17565
0.000105 300.356 0.232918 101748 -1.04377 1.17546
0.005765 300.349 0.232918 101757 0.00956407 1.17558
0.006475 300.343 0.232918 101760 0.0124796 1.17564
0.000425 300.356 0.232918 101749 -1.04544 1.17546
0.001085 300.359 0.232918 101752 -1.05434 1.17549
0.004275 300.347 0.232918 101760 0.0266793 1.17562
0.006175 300.341 0.232918 101758 0.0110128 1.17563
0.006825 300.346 0.232918 101760 0.0106243 1.17564
0.000775 300.358 0.232918 101751 -1.0512 1.17548
0.007495 300.354 0.232918 101759 0.00167365 1.17559
0.000115 300.356 0.232918 101748 -1.0435 1.17545
0.006485 300.34 0.232918 101760 0.0125036 1.17566
0.000435 300.356 0.232918 101749 -1.04562 1.17546
0.001095 300.359 0.232918 101752 -1.05443 1.17549
0.004285 300.349 0.232918 101760 0.0264711 1.17562
0.005775 300.349 0.232918 101757 0.00953702 1.17558
0.006185 300.344 0.232918 101758 0.0110881 1.17562
0.006835 300.348 0.232918 101760 0.0105181 1.17563
0.000785 300.358 0.232918 101751 -1.05132 1.17548
0.007505 300.355 0.232918 101759 0.00157348 1.17559
0.000125 300.356 0.232918 101748 -1.0431 1.17545
0.006495 300.343 0.232918 101760 0.0124792 1.17564
0.000445 300.357 0.232918 101749 -1.04579 1.17546
0.004295 300.35 0.232918 101760 0.0262647 1.17561
0.001105 300.36 0.232918 101752 -1.05451 1.17549
0.005785 300.349 0.232918 101757 0.00951342 1.17558
0.006195 300.346 0.232918 101758 0.0111648 1.17561
0.006845 300.35 0.232918 101760 0.0104094 1.17562
0.000795 300.358 0.232918 101751 -1.05144 1.17548
0.007515 300.357 0.232918 101759 0.00147483 1.17558
0.000135 300.355 0.232918 101748 -1.0427 1.17545
0.006505 300.345 0.232918 101760 0.0124751 1.17564
0.000455 300.357 0.232918 101749 -1.04598 1.17546
0.004305 300.351 0.232918 101760 0.0260607 1.17561
0.001115 300.36 0.232918 101752 -1.05459 1.17549
0.006205 300.348 0.232918 101758 0.0112421 1.17561
0.005795 300.348 0.232918 101757 0.00949456 1.17559
0.006855 300.351 0.232918 101760 0.0102981 1.17562
0.000805 300.359 0.232918 101751 -1.05155 1.17548
0.007525 300.358 0.232918 101759 0.00137764 1.17557
0.000145 300.355 0.232918 101747 -1.0424 1.17545
0.006515 300.348 0.232918 101760 0.012467 1.17563
0.000465 300.357 0.232918 101749 -1.04617 1.17546
0.004315 300.352 0.232918 101760 0.0258585 1.17561
0.001125 300.36 0.232918 101752 -1.05467 1.17549
0.006215 300.349 0.232918 101759 0.0113192 1.1756
0.006865 300.352 0.232918 101760 0.0101844 1.17561
0.005805 300.347 0.232918 101757 0.00947858 1.17559
0.000815 300.359 0.232918 101751 -1.05167 1.17548
0.007535 300.359 0.232918 101759 0.00128187 1.17557
0.000155 300.355 0.232918 101747 -1.04219 1.17545
0.006525 300.349 0.232918 101760 0.012456 1.17562
0.000475 300.357 0.232918 101749 -1.04637 1.17546
0.004325 300.352 0.232918 101760 0.0256508 1.17561
0.001135 300.36 0.232918 101752 -1.05474 1.17549
0.006225 300.35 0.232918 101759 0.0113966 1.1756
0.006875 300.352 0.232918 101760 0.0100669 1.17561
0.000825 300.359 0.232918 101751 -1.05179 1.17548
0.000165 300.355 0.232918 101747 -1.04207 1.17545
0.007545 300.36 0.232918 101759 0.00118743 1.17557
0.005815 300.345 0.232918 101757 0.00946538 1.1756
0.004335 300.352 0.232918 101760 0.0254479 1.17561
0.000485 300.357 0.232918 101749 -1.04656 1.17547
0.006535 300.351 0.232918 101760 0.0124419 1.17562
0.001145 300.36 0.232918 101752 -1.05482 1.17549
0.006235 300.351 0.232918 101759 0.0114769 1.1756
0.006885 300.353 0.232918 101760 0.00994141 1.17561
0.000835 300.359 0.232918 101751 -1.0519 1.17548
0.000175 300.355 0.232918 101747 -1.04199 1.17545
0.007555 300.361 0.232918 101759 0.00109426 1.17556
0.005825 300.343 0.232918 101757 0.00945532 1.17561
0.004345 300.351 0.232918 101760 0.0252483 1.17561
0.000495 300.357 0.232918 101749 -1.04676 1.17547
0.006545 300.352 0.232918 101760 0.012425 1.17561
0.001155 300.36 0.232918 101753 -1.05489 1.17549
0.006245 300.351 0.232918 101759 0.0115756 1.1756
0.006895 300.352 0.232918 101760 0.00982203 1.17561
0.000185 300.355 0.232918 101747 -1.04196 1.17545
0.000845 300.359 0.232918 101751 -1.05202 1.17548
0.007565 300.362 0.232918 101759 0.00100228 1.17556
0.004355 300.35 0.232918 101760 0.0250501 1.17561
0.005835 300.34 0.232918 101757 0.0094474 1.17562
0.000505 300.357 0.232918 101749 -1.04695 1.17547
0.006555 300.352 0.232918 101760 0.0124069 1.17561
0.001165 300.36 0.232918 101753 -1.05496 1.17549
0.006905 300.352 0.232918 101760 0.00970129 1.17561
0.006255 300.351 0.232918 101759 0.0116292 1.1756
0.000195 300.355 0.232918 101747 -1.04195 1.17545
0.000855 300.359 0.232918 101751 -1.05214 1.17548
0.004365 300.349 0.232918 101760 0.0248513 1.17562
0.007575 300.363 0.232918 101759 0.000911389 1.17556
0.000515 300.357 0.232918 101749 -1.04713 1.17547
0.005845 300.337 0.232918 101757 0.00946147 1.17563
0.006565 300.352 0.232918 101760 0.0123895 1.17561
0.001175 300.36 0.232918 101753 -1.05504 1.17549
0.006915 300.351 0.232918 101760 0.0095771 1.17562
0.006265 300.351 0.232918 101759 0.0116831 1.1756
0.000205 300.355 0.232918 101747 -1.04196 1.17545
0.000865 300.359 0.232918 101751 -1.05226 1.17548
0.004375 300.347 0.232918 101760 0.0246533 1.17562
0.000525 300.357 0.232918 101749 -1.04731 1.17547
0.007585 300.363 0.232918 101759 0.000821511 1.17556
0.006575 300.352 0.232918 101760 0.0123514 1.17561
0.005855 300.34 0.232918 101757 0.00944326 1.17562
0.001185 300.36 0.232918 101753 -1.05512 1.17549
0.006925 300.35 0.232918 101760 0.0094498 1.17562
0.006275 300.35 0.232918 101759 0.0117447 1.17561
0.000215 300.355 0.232918 101747 -1.04198 1.17545
0.000875 300.359 0.232918 101751 -1.05237 1.17548
0.004385 300.345 0.232918 101760 0.0244561 1.17563
0.000535 300.357 0.232918 101749 -1.04749 1.17547
0.007595 300.363 0.232918 101759 0.000732547 1.17555
0.006585 300.352 0.232918 101760 0.0123142 1.17561
0.005865 300.343 0.232918 101757 0.00944634 1.17561
0.001195 300.36 0.232918 101753 -1.05519 1.17549
0.006935 300.348 0.232918 101760 0.00932004 1.17563
0.006285 300.348 0.232918 101759 0.0118066 1.17561
0.000225 300.355 0.232918 101747 -1.04203 1.17545
0.000885 300.359 0.232918 101752 -1.05248 1.17549
0.004395 300.343 0.232918 101760 0.0242677 1.17564
0.007605 300.364 0.232918 101759 0.000644404 1.17555
0.006595 300.351 0.232918 101760 0.0122772 1.17562
0.000545 300.357 0.232918 101750 -1.04767 1.17547
0.005875 300.345 0.232918 101757 0.00945252 1.1756
0.001205 300.36 0.232918 101753 -1.05528 1.17549
0.006945 300.346 0.232918 101760 0.00918747 1.17564
0.006295 300.347 0.232918 101759 0.0118671 1.17562
0.000235 300.355 0.232918 101747 -1.04212 1.17545
0.000895 300.359 0.232918 101752 -1.05258 1.17549
0.004405 300.34 0.232918 101760 0.0240641 1.17565
0.007615 300.364 0.232918 101759 0.000556986 1.17555
0.006605 300.35 0.232918 101760 0.0122376 1.17562
0.000555 300.357 0.232918 101750 -1.04785 1.17547
0.005885 300.347 0.232918 101757 0.0094628 1.17559
0.006955 300.343 0.232918 101760 0.0090583 1.17565
0.001215 300.36 0.232918 101753 -1.05536 1.1755
0.006305 300.345 0.232918 101759 0.0119261 1.17563
0.004415 300.342 0.232918 101760 0.0238692 1.17564
0.007625 300.364 0.232918 101759 0.000470202 1.17555
0.000245 300.355 0.232918 101747 -1.04226 1.17545
0.000565 300.357 0.232918 101750 -1.04803 1.17547
0.000905 300.359 0.232918 101752 -1.05268 1.17549
0.006965 300.34 0.232918 101760 0.00890379 1.17566
0.001225 300.36 0.232918 101753 -1.05544 1.1755
0.006315 300.342 0.232918 101759 0.0119799 1.17564
0.004425 300.345 0.232918 101760 0.0236886 1.17563
0.007635 300.364 0.232918 101759 0.000383966 1.17555
0.006615 300.348 0.232918 101760 0.012195 1.17563
0.005895 300.348 0.232918 101757 0.00947708 1.17559
0.000575 300.357 0.232918 101750 -1.0482 1.17547
0.006975 300.343 0.232918 101760 0.00877174 1.17565
0.001235 300.36 0.232918 101753 -1.05552 1.1755
0.006325 300.339 0.232918 101759 0.0120699 1.17565
0.004435 300.347 0.232918 101760 0.0235039 1.17562
0.007645 300.365 0.232918 101759 0.00029823 1.17555
0.000255 300.355 0.232918 101747 -1.04243 1.17545
0.000915 300.359 0.232918 101752 -1.05278 1.17549
0.004485 300.352 0.232918 101760 0.0226249 1.17561
0.000585 300.357 0.232918 101750 -1.04837 1.17547
0.001245 300.36 0.232918 101753 -1.0556 1.1755
0.004445 300.349 0.232918 101760 0.0233226 1.17562
0.006335 300.342 0.232918 101759 0.0120871 1.17564
0.006985 300.346 0.232918 101760 0.00863601 1.17564
0.007655 300.365 0.232918 101759 0.000212973 1.17555
0.006625 300.346 0.232918 101760 0.0121493 1.17564
0.005905 300.349 0.232918 101757 0.00949593 1.17559
0.000595 300.357 0.232918 101750 -1.04855 1.17547
0.000265 300.355 0.232918 101747 -1.04264 1.17545
0.001255 300.36 0.232918 101753 -1.05568 1.1755
0.004455 300.35 0.232918 101760 0.0231443 1.17561
0.000925 300.359 0.232918 101752 -1.05287 1.17549
0.006995 300.348 0.232918 101760 0.00849395 1.17563
0.006345 300.345 0.232918 101759 0.0121344 1.17563
0.007665 300.365 0.232918 101759 0.000129073 1.17555
0.000605 300.358 0.232918 101750 -1.04872 1.17547
0.001265 300.36 0.232918 101753 -1.05576 1.1755
0.004465 300.351 0.232918 101760 0.0229696 1.17561
0.004495 300.352 0.232918 101760 0.022456 1.17561
0.006635 300.343 0.232918 101760 0.0121025 1.17565
0.007005 300.349 0.232918 101760 0.00835021 1.17562
0.006355 300.347 0.232918 101759 0.01218 1.17562
0.007675 300.365 0.232918 101759 4.22347e-05 1.17555
0.005915 300.349 0.232918 101757 0.00952157 1.17558
0.000615 300.358 0.232918 101750 -1.04889 1.17547
0.001275 300.36 0.232918 101753 -1.05584 1.1755
0.004475 300.352 0.232918 101760 0.0227982 1.17561
0.000275 300.355 0.232918 101748 -1.04286 1.17545
0.007015 300.351 0.232918 101760 0.00820471 1.17562
0.006365 300.349 0.232918 101759 0.0122236 1.17562
0.004805 300.352 0.232918 101759 0.0185887 1.1756
0.005445 300.349 0.232918 101757 0.0111142 1.17558
0.005125 300.351 0.232918 101759 0.0159045 1.1756
0.003845 300.352 0.232918 101760 0.0347751 1.17561
0.001285 300.36 0.232918 101753 -1.05592 1.1755
0.005135 300.351 0.232918 101759 0.0158016 1.1756
0.003855 300.352 0.232918 101760 0.0346313 1.17561
0.005455 300.349 0.232918 101757 0.0111029 1.17558
0.001605 300.36 0.232918 101753 -1.05575 1.1755
0.005145 300.35 0.232918 101758 0.0156778 1.1756
0.001295 300.36 0.232918 101753 -1.056 1.1755
0.003865 300.351 0.232918 101760 0.0344877 1.17561
0.001925 300.393 0.232917 101751 -1.05122 1.17535
0.005155 300.349 0.232918 101758 0.0155275 1.1756
0.001305 300.36 0.232918 101753 -1.05608 1.1755
0.003875 300.351 0.232918 101760 0.034344 1.17561
0.002565 1033.29 0.156946 101753 -0.655992 0.339206
0.005465 300.349 0.232918 101757 0.011077 1.17558
0.005165 300.348 0.232918 101758 0.0153482 1.17561
0.001315 300.36 0.232918 101753 -1.05616 1.1755
0.001935 300.408 0.232917 101751 -1.05119 1.17529
0.003885 300.349 0.232918 101760 0.034197 1.17562
0.002245 398.896 0.228264 101759 -0.951455 0.883719
0.002575 1054.97 0.153715 101753 -0.649009 0.332199
0.005175 300.346 0.232918 101758 0.0151356 1.17561
0.001325 300.36 0.232918 101753 -1.05624 1.1755
0.001945 300.429 0.232917 101751 -1.05115 1.17521
0.003895 300.348 0.232918 101760 0.0340473 1.17563
0.001615 300.36 0.232918 101753 -1.05557 1.1755
0.005475 300.348 0.232918 101757 0.011037 1.17559
0.002885 1104.45 0.144972 101754 -0.527617 0.316991
0.001335 300.36 0.232918 101753 -1.05632 1.1755
0.001955 300.458 0.232917 101751 -1.05109 1.17509
0.002585 1076.72 0.150437 101753 -0.642096 0.325455
0.003905 300.345 0.232918 101760 0.0338945 1.17563
0.005185 300.344 0.232918 101758 0.0148824 1.17562
0.001625 300.36 0.232918 101753 -1.05537 1.17549
0.003525 300.38 0.232917 101759 0.0379626 1.17549
0.001965 300.498 0.232916 101751 -1.05101 1.17493
0.005485 300.347 0.232918 101757 0.0109857 1.17559
0.002595 1098.53 0.147118 101753 -0.635503 0.318961
0.003915 300.343 0.232918 101760 0.033745 1.17564
0.003205 395.815 0.228038 101757 -0.0689769 0.890449
0.005195 300.341 0.232918 101758 0.0146059 1.17563
0.001345 300.36 0.232918 101753 -1.05639 1.1755
0.002255 412.018 0.227409 101760 -0.944115 0.855422
0.001975 300.553 0.232916 101751 -1.05086 1.17472
0.001635 300.36 0.232918 101753 -1.05517 1.17549
0.002605 1120.37 0.143763 101753 -0.629502 0.312712
0.003925 300.34 0.232918 101760 0.0335802 1.17566
0.002895 1093.95 0.14621 101754 -0.513898 0.320059
0.005205 300.338 0.232918 101758 0.0141442 1.17564
0.003215 383.726 0.228889 101757 -0.0573627 0.918705
0.001355 300.36 0.232918 101753 -1.05646 1.1755
0.005495 300.345 0.232918 101757 0.0109263 1.1756
0.001985 300.627 0.232915 101751 -1.05087 1.17442
0.003535 300.371 0.232917 101759 0.0379009 1.17552
0.002615 1142.21 0.140383 101753 -0.624302 0.306705
0.003935 300.343 0.232918 101760 0.0334125 1.17564
0.005215 300.341 0.232918 101758 0.0138477 1.17563
0.001365 300.36 0.232918 101753 -1.05652 1.1755
0.002265 426.045 0.226452 101760 -0.930417 0.827087
0.003225 372.628 0.229622 101758 -0.0462594 0.946264
0.001645 300.36 0.232918 101753 -1.05496 1.17549
0.001995 300.729 0.232914 101751 -1.05051 1.17403
0.003945 300.345 0.232918 101760 0.0332552 1.17563
0.002625 1163.98 0.13699 101752 -0.621116 0.300942
0.005225 300.343 0.232918 101758 0.0134372 1.17562
0.001375 300.36 0.232918 101753 -1.05659 1.1755
0.002905 1084.17 0.147315 101754 -0.500639 0.322974
0.005505 300.343 0.232918 101757 0.0108616 1.17561
0.003235 362.512 0.230246 101757 -0.0370775 0.972851
0.002005 300.864 0.232912 101751 -1.05029 1.1735
0.003545 300.364 0.232917 101759 0.0378346 1.17555
0.003955 300.347 0.232918 101760 0.0330898 1.17563
0.005235 300.345 0.232918 101757 0.0129824 1.17561
0.002635 1184.65 0.133731 101693 -0.663353 0.295498
0.001385 300.36 0.232918 101753 -1.05665 1.1755
0.002275 440.936 0.225389 101758 -0.911667 0.798973
0.001655 300.36 0.232918 101752 -1.05475 1.17549
0.002015 301.044 0.232909 101751 -1.04999 1.17279
0.003245 353.359 0.230772 101756 -0.0313931 0.998208
0.003965 300.349 0.232918 101760 0.0329228 1.17562
0.002645 1184.81 0.133976 101753 -0.695799 0.295601
0.005245 300.347 0.232918 101757 0.0125007 1.1756
0.001395 300.36 0.232918 101753 -1.05671 1.1755
0.005515 300.34 0.232918 101757 0.0107968 1.17562
0.002915 1075.1 0.14829 101754 -0.487806 0.325728
0.003555 300.359 0.232917 101759 0.0377654 1.17557
0.003975 300.35 0.232918 101760 0.0327541 1.17561
0.002025 301.281 0.232906 101751 -1.04959 1.17186
0.002655 1184.92 0.134187 101753 -0.684705 0.295548
0.003255 345.14 0.23121 101754 -0.0288714 1.02211
0.001405 300.36 0.232918 101753 -1.05676 1.1755
0.005255 300.348 0.232918 101757 0.012005 1.17559
0.002285 456.643 0.22422 101755 -0.892334 0.77131
0.001665 300.36 0.232918 101752 -1.05453 1.17549
0.005525 300.337 0.232918 101757 0.0107149 1.17563
0.003985 300.351 0.232918 101760 0.0325844 1.17561
0.002035 301.592 0.232901 101751 -1.04899 1.17065
0.002665 1185.64 0.134281 101752 -0.674207 0.295345
0.001415 300.36 0.232918 101753 -1.05681 1.1755
0.003565 300.355 0.232917 101759 0.0376942 1.17559
0.003265 337.814 0.231572 101752 -0.0265268 1.0444
0.005265 300.349 0.232918 101757 0.0115093 1.17559
0.002925 1066.72 0.149139 101754 -0.475452 0.328316
0.003995 300.352 0.232918 101760 0.0324138 1.17561
0.002045 301.996 0.232894 101751 -1.04806 1.16907
0.001425 300.36 0.232918 101753 -1.05685 1.1755
0.002675 1186.9 0.134268 101752 -0.664994 0.29501
0.002295 473.114 0.222942 101754 -0.875954 0.744287
0.001675 300.359 0.232918 101752 -1.05431 1.17549
0.003275 331.33 0.231867 101751 -0.0205923 1.06497
0.005275 300.349 0.232918 101757 0.0110105 1.17558
0.005535 300.34 0.232918 101757 0.0106559 1.17562
0.004005 300.352 0.232918 101760 0.0322346 1.17561
0.002055 302.518 0.232884 101751 -1.04712 1.16705
0.001435 300.36 0.232918 101753 -1.05688 1.1755
0.002685 1188.65 0.134158 101752 -0.656702 0.294558
0.003575 300.351 0.232917 101759 0.0376212 1.1756
0.003285 325.626 0.232105 101753 -0.01064 1.08376
0.005285 300.349 0.232918 101756 0.010586 1.17558
0.002935 1059.04 0.149867 101754 -0.461625 0.330733
0.004015 300.352 0.232918 101760 0.0320545 1.17561
0.001445 300.36 0.232918 101753 -1.0569 1.1755
0.002065 303.185 0.23287 101751 -1.04604 1.16446
0.002695 1190.82 0.133956 101752 -0.649055 0.294002
0.001685 300.359 0.232918 101752 -1.05409 1.17549
0.002305 490.294 0.221556 101754 -0.863177 0.71805
0.003295 321.154 0.232295 101755 0.000990444 1.09896
0.005545 300.342 0.232918 101757 0.0105907 1.17561
0.005295 300.349 0.232918 101756 0.0103061 1.17558
0.004025 300.351 0.232918 101760 0.0318732 1.17561
0.001455 300.36 0.232918 101753 -1.0569 1.1755
0.002075 304.032 0.232852 101751 -1.04457 1.1612
0.002705 1193.41 0.133667 101752 -0.641788 0.29335
0.003585 300.348 0.232918 101759 0.0375474 1.17562
0.002945 1051.25 0.150571 101683 -0.495202 0.332986
0.003305 317.342 0.232444 101757 0.0109286 1.11227
0.004035 300.351 0.232918 101760 0.0316882 1.17561
0.001465 300.36 0.232918 101753 -1.0569 1.1755
0.002085 305.098 0.232827 101751 -1.04276 1.15712
0.005305 300.348 0.232918 101756 0.0100625 1.17558
0.002715 1196.38 0.133293 101752 -0.634608 0.292606
0.001695 300.359 0.232918 101752 -1.05388 1.17549
0.005555 300.345 0.232918 101756 0.0105247 1.1756
0.002315 508.121 0.220063 101754 -0.851757 0.692708
0.003315 314.119 0.232561 101758 0.0176166 1.12377
0.004045 300.349 0.232918 101760 0.0314971 1.17562
0.001475 300.36 0.232918 101753 -1.0569 1.1755
0.002095 306.429 0.232794 101751 -1.04051 1.15207
0.005315 300.347 0.232918 101756 0.00989108 1.17558
0.002725 1199.75 0.132834 101752 -0.627039 0.291773
0.003595 300.344 0.232918 101759 0.0374767 1.17563
0.002955 1017.08 0.155445 101758 -0.519906 0.344458
0.004055 300.348 0.232918 101760 0.0313009 1.17562
0.001485 300.36 0.232918 101753 -1.05689 1.1755
0.003325 311.421 0.232652 101758 0.0216745 1.13357
0.002105 308.077 0.23275 101752 -1.03803 1.14587
0.001705 300.359 0.232918 101752 -1.05366 1.17549
0.005325 300.346 0.232918 101756 0.00980639 1.17559
0.002735 1203.54 0.132282 101752 -0.618028 0.29084
0.005565 300.346 0.232918 101756 0.0104599 1.17559
0.004065 300.345 0.232918 101760 0.0310998 1.17563
0.001495 300.36 0.232918 101753 -1.05687 1.1755
0.002325 526.538 0.218464 101754 -0.840729 0.668335
0.002115 310.097 0.232692 101752 -1.03475 1.13837
0.003335 309.183 0.232721 101758 0.0244452 1.14182
0.005335 300.344 0.232918 101756 0.00980636 1.17559
0.002745 1207.89 0.131623 101753 -0.605441 0.289782
0.003605 300.34 0.232918 101759 0.0374237 1.17565
0.004075 300.343 0.232918 101760 0.0309033 1.17564
0.002965 982.815 0.160264 101758 -0.490826 0.356508
0.001505 300.36 0.232918 101753 -1.05684 1.1755
0.001715 300.359 0.232918 101752 -1.05345 1.17549
0.002125 312.554 0.232617 101752 -1.03114 1.12937
0.005345 300.342 0.232918 101756 0.0098802 1.1756
0.002755 1213.06 0.130817 101754 -0.586273 0.288538
0.005575 300.348 0.232918 101756 0.0103966 1.17559
0.003345 307.343 0.232773 101758 0.0270209 1.1487
0.002335 545.484 0.216762 101755 -0.829521 0.644983
0.004085 300.34 0.232918 101760 0.0306825 1.17566
0.001515 300.36 0.232918 101753 -1.05679 1.1755
0.003615 300.343 0.232918 101759 0.0373181 1.17564
0.002135 315.514 0.23252 101752 -1.02688 1.11871
0.005355 300.34 0.232918 101756 0.0100015 1.17561
0.002765 1219.47 0.129801 101754 -0.559058 0.287014
0.002975 949.239 0.164935 101758 -0.466039 0.369169
0.003355 305.844 0.232812 101758 0.029112 1.15436
0.001725 300.359 0.232918 101752 -1.05324 1.17549
0.004095 300.343 0.232918 101760 0.030474 1.17564
0.001525 300.36 0.232918 101753 -1.05672 1.1755
0.005585 300.348 0.232918 101756 0.0103349 1.17558
0.002145 319.046 0.232397 101752 -1.02198 1.10626
0.000935 300.359 0.232918 101752 -1.05297 1.17549
0.005365 300.337 0.232918 101756 0.0102236 1.17563
0.002775 1227.5 0.128515 101754 -0.528067 0.285132
0.002345 564.903 0.214958 101755 -0.818452 0.622677
0.003365 304.634 0.232841 101758 0.0310995 1.15897
0.004105 300.345 0.232918 101760 0.0302742 1.17563
0.003625 300.345 0.232918 101759 0.0372438 1.17563
0.001535 300.36 0.232918 101753 -1.05665 1.1755
0.002155 323.22 0.232242 101752 -1.0164 1.09189
0.005375 300.34 0.232918 101756 0.0103615 1.17562
0.000945 300.359 0.232918 101752 -1.05306 1.17549
0.002785 1236.16 0.127079 101689 -0.551832 0.282961
0.001735 300.359 0.232918 101752 -1.05304 1.17549
0.002985 916.342 0.169455 101758 -0.441915 0.382481
0.005595 300.349 0.232918 101756 0.0102743 1.17558
0.004115 300.347 0.232918 101760 0.0300675 1.17563
0.003375 303.665 0.232863 101758 0.032694 1.16269
0.001545 300.36 0.232918 101753 -1.05656 1.1755
0.002165 328.107 0.232048 101752 -1.01004 1.07554
0.005385 300.342 0.232918 101756 0.0105366 1.17561
0.000955 300.359 0.232918 101752 -1.05315 1.17549
0.002795 1223.7 0.128892 101753 -0.587057 0.286024
0.002355 584.74 0.213056 101755 -0.807747 0.601426
0.003635 300.347 0.232918 101759 0.0371623 1.17562
0.004125 300.349 0.232918 101760 0.0298612 1.17562
0.003385 302.895 0.232879 101758 0.0339358 1.16567
0.001555 300.36 0.232918 101753 -1.05646 1.1755
0.002175 333.771 0.231809 101752 -1.00309 1.05719
0.007025 300.352 0.232918 101760 0.00805768 1.17561
0.002185 340.271 0.231518 101752 -0.995421 1.03687
0.000625 300.358 0.232918 101750 -1.04906 1.17547
0.002195 347.66 0.231167 101752 -0.986722 1.01471
0.007035 300.352 0.232918 101760 0.007906 1.17561
0.000635 300.358 0.232918 101750 -1.04922 1.17547
0.004505 300.351 0.232918 101760 0.0222921 1.17561
0.006645 300.34 0.232918 101760 0.0120572 1.17566
0.004515 300.35 0.232918 101760 0.0221317 1.17561
0.005925 300.35 0.232918 101757 0.00956362 1.17558
0.000285 300.356 0.232918 101748 -1.04306 1.17545
0.006655 300.343 0.232918 101760 0.0119906 1.17565
0.004525 300.349 0.232918 101760 0.021973 1.17562
0.005935 300.35 0.232918 101757 0.00958072 1.17558
0.006375 300.35 0.232918 101759 0.0122648 1.17561
0.006665 300.346 0.232918 101760 0.0119352 1.17564
0.000295 300.356 0.232918 101748 -1.04325 1.17545
0.004535 300.347 0.232918 101760 0.0218169 1.17562
0.005945 300.349 0.232918 101757 0.00960227 1.17559
0.004815 300.352 0.232918 101759 0.0185006 1.1756
0.000305 300.356 0.232918 101748 -1.04343 1.17545
0.006675 300.348 0.232918 101760 0.011875 1.17563
0.004545 300.345 0.232918 101760 0.021663 1.17563
0.006385 300.351 0.232918 101759 0.0123039 1.17561
0.005955 300.348 0.232918 101757 0.00963321 1.17559
0.000315 300.356 0.232918 101748 -1.04361 1.17546
0.004825 300.351 0.232918 101759 0.0184143 1.17561
0.006685 300.35 0.232918 101760 0.0118124 1.17562
0.004555 300.343 0.232918 101760 0.0215171 1.17564
0.001745 300.359 0.232918 101752 -1.05285 1.17549
0.004565 300.34 0.232918 101760 0.0213616 1.17565
0.002995 884.115 0.173821 101758 -0.41856 0.396491
0.004575 300.342 0.232918 101760 0.0212113 1.17564
0.001755 300.359 0.232918 101752 -1.05267 1.17549
0.003005 852.547 0.178033 101758 -0.395951 0.41125
0.004585 300.345 0.232918 101760 0.0210739 1.17563
0.001765 300.359 0.232918 101752 -1.05251 1.17549
0.004595 300.347 0.232918 101760 0.0209339 1.17562
0.001775 300.359 0.232918 101751 -1.05236 1.17548
0.003015 821.627 0.182087 101759 -0.37407 0.426813
0.005395 300.344 0.232918 101756 0.010704 1.1756
0.004605 300.349 0.232918 101760 0.0207967 1.17562
0.001785 300.359 0.232918 101751 -1.05223 1.17548
0.003025 791.345 0.185983 101759 -0.352891 0.443242
0.002805 1210.51 0.130769 101751 -0.58875 0.289143
0.004615 300.35 0.232918 101760 0.0206622 1.17561
0.005405 300.346 0.232918 101757 0.0108492 1.17559
0.001795 300.359 0.232918 101751 -1.05207 1.17548
0.005605 300.349 0.232918 101756 0.0102135 1.17558
0.003035 761.69 0.189719 101759 -0.332386 0.460604
0.004625 300.351 0.232918 101760 0.0205309 1.17561
0.002815 1196.7 0.132721 101752 -0.598066 0.292478
0.005415 300.348 0.232918 101757 0.010965 1.17559
0.004135 300.35 0.232918 101760 0.029655 1.17561
0.001805 300.359 0.232918 101751 -1.05193 1.17548
0.005615 300.349 0.232918 101756 0.0101593 1.17558
0.003045 732.654 0.193293 101759 -0.312475 0.478975
0.004635 300.352 0.232918 101760 0.0204024 1.17561
0.002825 1182.34 0.134733 101752 -0.601793 0.296031
0.004145 300.351 0.232918 101760 0.0294491 1.17561
0.005425 300.349 0.232918 101757 0.0110481 1.17558
0.001815 300.359 0.232918 101751 -1.05181 1.17548
0.005625 300.349 0.232918 101756 0.0101062 1.17558
0.004645 300.352 0.232918 101759 0.0202726 1.1756
0.003055 704.228 0.196705 101759 -0.293374 0.498435
0.002835 1167.9 0.13673 101753 -0.596686 0.299696
0.004155 300.352 0.232918 101760 0.0292425 1.17561
0.001825 300.359 0.232918 101751 -1.05171 1.17548
0.005435 300.349 0.232918 101757 0.0110987 1.17558
0.005635 300.348 0.232918 101756 0.010054 1.17559
0.004655 300.352 0.232918 101759 0.0201483 1.17561
0.001565 300.36 0.232918 101753 -1.05635 1.1755
0.003395 302.289 0.23289 101758 0.0351168 1.16802
0.001575 300.36 0.232918 101753 -1.05623 1.1755
0.002365 604.942 0.21106 101755 -0.797456 0.581221
0.003405 301.814 0.232898 101758 0.0357745 1.16987
0.001585 300.36 0.232918 101753 -1.05609 1.1755
0.003645 300.349 0.232918 101759 0.0370774 1.17562
0.002205 355.976 0.230749 101752 -0.977181 0.990872
0.002375 625.459 0.208972 101755 -0.787561 0.562041
0.003415 301.446 0.232904 101758 0.0364791 1.1713
0.001595 300.36 0.232918 101753 -1.05593 1.1755
0.003655 300.35 0.232918 101759 0.0369888 1.17561
0.002215 365.248 0.230256 101752 -0.967768 0.965574
0.005965 300.347 0.232918 101757 0.00966874 1.1756
0.002225 375.493 0.229682 101754 -0.960217 0.939087
0.005975 300.345 0.232918 101757 0.00970788 1.1756
0.006395 300.352 0.232918 101760 0.0123435 1.17561
0.002235 386.713 0.22902 101756 -0.955417 0.911704
0.005985 300.343 0.232918 101757 0.0097509 1.17561
0.006695 300.351 0.232918 101760 0.0117471 1.17562
0.005995 300.341 0.232918 101757 0.00979381 1.17562
0.004835 300.35 0.232918 101759 0.0183281 1.17561
0.002845 1153.83 0.138642 101753 -0.585373 0.303358
0.004845 300.349 0.232918 101759 0.0182424 1.17561
0.003065 676.406 0.199954 101759 -0.274578 0.519072
0.004855 300.347 0.232918 101759 0.0181578 1.17562
0.001835 300.36 0.232918 101751 -1.05162 1.17548
0.002855 1140.38 0.140432 101754 -0.57126 0.306947
0.003075 649.185 0.203039 101759 -0.256535 0.540983
0.004865 300.345 0.232918 101759 0.0180737 1.17563
0.001845 300.36 0.232918 101751 -1.05155 1.17548
0.002865 1127.66 0.142085 101754 -0.556449 0.310426
0.005645 300.346 0.232918 101756 0.010003 1.17559
0.004875 300.342 0.232918 101759 0.0179943 1.17564
0.003085 622.565 0.205958 101759 -0.238952 0.564271
0.001855 300.361 0.232918 101751 -1.05148 1.17547
0.004665 300.351 0.232918 101759 0.020029 1.17561
0.002875 1115.69 0.143598 101754 -0.541814 0.313778
0.004885 300.339 0.232918 101759 0.0178966 1.17565
0.005655 300.345 0.232918 101756 0.00995382 1.1756
0.003095 596.546 0.208713 101759 -0.221839 0.589049
0.001865 300.362 0.232917 101751 -1.05143 1.17547
0.004675 300.35 0.232918 101759 0.0199127 1.17561
0.004895 300.342 0.232918 101759 0.0178239 1.17564
0.005665 300.343 0.232918 101756 0.00990643 1.17561
0.003105 571.137 0.211301 101759 -0.204278 0.615432
0.001875 300.364 0.232917 101751 -1.05138 1.17546
0.004905 300.345 0.232918 101759 0.0177462 1.17563
0.004685 300.349 0.232918 101759 0.0197986 1.17562
0.005675 300.34 0.232918 101756 0.00986218 1.17562
0.001885 300.366 0.232917 101751 -1.05134 1.17545
0.003115 546.444 0.213721 101765 -0.186741 0.643468
0.004915 300.347 0.232918 101759 0.017666 1.17562
0.002385 646.245 0.206798 101755 -0.778062 0.543856
0.004695 300.347 0.232918 101759 0.0196872 1.17562
0.005685 300.337 0.232918 101756 0.00982075 1.17563
0.001895 300.37 0.232917 101751 -1.05131 1.17544
0.003125 526.281 0.215973 101758 -0.173902 0.668269
0.004925 300.348 0.232918 101759 0.0175858 1.17561
0.002395 667.256 0.20454 101755 -0.768966 0.526629
0.004705 300.345 0.232918 101759 0.019578 1.17563
0.005695 300.34 0.232918 101756 0.00977566 1.17562
0.001905 300.375 0.232917 101751 -1.05128 1.17542
0.004935 300.35 0.232918 101759 0.0175054 1.17561
0.003135 506.937 0.21805 101758 -0.159606 0.69397
0.003425 301.161 0.232908 101758 0.0369774 1.17242
0.002405 688.452 0.202204 101754 -0.760331 0.510318
0.005705 300.342 0.232918 101756 0.00973835 1.17561
0.004715 300.343 0.232918 101759 0.0194754 1.17564
0.001915 300.382 0.232917 101751 -1.05125 1.17539
0.004945 300.351 0.232918 101759 0.0174244 1.17561
0.003145 488.401 0.219955 101758 -0.14544 0.720514
0.002415 709.796 0.199792 101754 -0.751921 0.494882
0.005715 300.345 0.232918 101756 0.00970186 1.1756
0.003435 300.942 0.232911 101759 0.037353 1.17328
0.004955 300.351 0.232918 101759 0.0173407 1.1756
0.004725 300.34 0.232918 101759 0.0193627 1.17565
0.003155 470.703 0.221692 101758 -0.131886 0.747818
0.002425 731.256 0.19731 101754 -0.74421 0.480274
0.005725 300.346 0.232918 101756 0.00966785 1.17559
0.003445 300.773 0.232913 101759 0.0375822 1.17394
0.004965 300.351 0.232918 101759 0.017249 1.1756
0.004735 300.342 0.232918 101759 0.0192607 1.17564
0.003165 453.872 0.223265 101758 -0.118452 0.775763
0.002435 752.799 0.194761 101754 -0.736711 0.466449
0.005735 300.348 0.232918 101756 0.00963629 1.17559
0.003455 300.659 0.232915 101759 0.0379286 1.17439
0.003665 300.351 0.232918 101759 0.0368974 1.17561
0.003465 300.574 0.232916 101759 0.037894 1.17472
0.003675 300.352 0.232918 101759 0.0368054 1.17561
0.006705 300.352 0.232918 101760 0.0116795 1.17561
0.003475 300.512 0.232916 101759 0.0380291 1.17497
0.006005 300.338 0.232918 101757 0.00987831 1.17563
0.003685 300.352 0.232918 101760 0.0367137 1.1756
0.004975 300.351 0.232918 101759 0.0171757 1.1756
0.006715 300.352 0.232918 101760 0.0116097 1.17561
0.003485 300.466 0.232917 101759 0.0380692 1.17515
0.003695 300.352 0.232918 101760 0.0366017 1.17561
0.006015 300.341 0.232918 101757 0.00989842 1.17562
0.004745 300.345 0.232918 101759 0.0191647 1.17563
0.006025 300.343 0.232918 101757 0.00995195 1.17561
0.003175 437.941 0.224679 101758 -0.105437 0.804199
0.004755 300.347 0.232918 101759 0.0190667 1.17562
0.006035 300.345 0.232918 101757 0.0100094 1.17561
0.005745 300.349 0.232918 101756 0.00960751 1.17558
0.002445 774.4 0.192149 101754 -0.729648 0.453362
0.004765 300.349 0.232918 101759 0.0189703 1.17562
0.003185 422.939 0.225942 101757 -0.0928527 0.832942
0.006045 300.347 0.232918 101758 0.0100703 1.1756
0.005755 300.349 0.232918 101756 0.00958257 1.17558
0.004775 300.35 0.232918 101759 0.0188751 1.17561
0.002455 796.034 0.189478 101754 -0.722944 0.44097
0.003195 408.89 0.227058 101757 -0.0807422 0.861773
0.006055 300.348 0.232918 101758 0.0101344 1.1756
0.004785 300.351 0.232918 101759 0.0187811 1.17561
0.004985 300.351 0.232918 101759 0.0171007 1.1756
0.003495 300.433 0.232917 101759 0.0380767 1.17528
0.004995 300.35 0.232918 101759 0.0170228 1.17561
0.003705 300.351 0.232918 101760 0.0364906 1.17561
0.003505 300.409 0.232917 101759 0.0380562 1.17537
0.005005 300.349 0.232918 101759 0.0169438 1.17561
0.003715 300.35 0.232918 101760 0.0363817 1.17561
0.002465 817.68 0.186752 101754 -0.716563 0.429229
0.005015 300.347 0.232918 101759 0.0168645 1.17562
0.003515 300.392 0.232917 101759 0.038016 1.17544
0.003725 300.349 0.232918 101760 0.0362701 1.17562
0.002475 839.32 0.183975 101754 -0.710448 0.418099
0.005025 300.345 0.232918 101759 0.0167845 1.17563
0.003735 300.347 0.232918 101760 0.0361563 1.17562
0.006065 300.349 0.232918 101758 0.0102023 1.17559
0.004795 300.352 0.232918 101759 0.0186872 1.1756
0.003745 300.345 0.232918 101760 0.0360402 1.17563
0.002485 860.94 0.181148 101753 -0.704536 0.40754
0.006075 300.35 0.232918 101758 0.0102764 1.17559
0.003755 300.343 0.232918 101760 0.0359269 1.17564
0.005035 300.342 0.232918 101759 0.0167083 1.17564
0.003765 300.34 0.232918 101760 0.0358112 1.17565
0.002495 882.531 0.178276 101753 -0.698769 0.397513
0.005045 300.339 0.232918 101759 0.0166045 1.17565
0.003775 300.343 0.232918 101760 0.0356748 1.17564
0.002505 904.09 0.17536 101753 -0.693087 0.38798
0.005055 300.342 0.232918 101759 0.0165419 1.17564
0.003785 300.345 0.232918 101760 0.0355563 1.17563
0.002515 925.618 0.172401 101753 -0.687414 0.378905
0.005065 300.344 0.232918 101759 0.0164645 1.17563
0.003795 300.347 0.232918 101760 0.035431 1.17563
0.005075 300.346 0.232918 101759 0.0163841 1.17562
0.002525 947.124 0.169399 101753 -0.681652 0.370252
0.003805 300.349 0.232918 101760 0.0353039 1.17562
0.005085 300.348 0.232918 101759 0.0163023 1.17561
0.003815 300.35 0.232918 101760 0.0351747 1.17561
0.002535 968.624 0.166354 101753 -0.675692 0.361986
0.003825 300.351 0.232918 101760 0.0350437 1.17561
0.005095 300.349 0.232918 101759 0.0162178 1.17561
0.002545 990.138 0.163265 101753 -0.669434 0.354076
0.003835 300.352 0.232918 101760 0.0349119 1.17561
0.005105 300.35 0.232918 101759 0.0161293 1.1756
0.002555 1011.69 0.160129 101753 -0.662842 0.346492
0.005115 300.351 0.232918 101759 0.0160291 1.1756
