0.006085 321.725 0.232917 138275 0.091817 1.49134
0.006095 321.781 0.232917 138275 0.0912179 1.49108
0.006105 321.823 0.232917 138275 0.0905878 1.49089
0.006115 321.852 0.232917 138275 0.089977 1.49075
0.006125 321.871 0.232917 138275 0.0893875 1.49067
0.006135 321.88 0.232917 138275 0.0887755 1.49062
0.006145 321.879 0.232917 138275 0.0881808 1.49063
0.006155 321.87 0.232917 138275 0.0875768 1.49067
0.006165 321.852 0.232917 138275 0.0870068 1.49075
0.006175 321.826 0.232917 138275 0.0864352 1.49087
0.006185 321.794 0.232918 138275 0.0858706 1.49102
0.006195 321.755 0.232918 138275 0.0853055 1.4912
0.006205 321.71 0.232918 138275 0.0847599 1.49141
0.006215 321.655 0.232918 138276 0.0841402 1.49166
0.006225 321.72 0.232918 138275 0.083529 1.49137
0.006235 321.775 0.232918 138275 0.0829757 1.49111
0.006245 321.819 0.232918 138275 0.0823816 1.49091
0.006255 321.85 0.232918 138275 0.0817941 1.49076
0.006265 321.871 0.232918 138275 0.0812202 1.49067
0.006275 321.881 0.232918 138275 0.0806272 1.49062
0.006285 321.881 0.232918 138275 0.0800504 1.49062
0.006295 321.873 0.232918 138275 0.0794643 1.49065
0.006305 321.857 0.232918 138275 0.0789099 1.49073
0.006315 321.832 0.232918 138275 0.0783482 1.49084
0.006325 321.801 0.232918 138275 0.0777866 1.49099
0.006335 321.761 0.232918 138275 0.0772199 1.49117
0.006345 321.713 0.232918 138275 0.0766735 1.49139
0.006355 321.655 0.232918 138275 0.0760598 1.49166
0.006365 321.717 0.232918 138275 0.0754604 1.49138
0.006375 321.771 0.232918 138275 0.0749199 1.49113
0.006385 321.815 0.232918 138275 0.0743381 1.49092
0.006395 321.848 0.232918 138275 0.0737582 1.49077
0.006405 321.87 0.232918 138275 0.0731847 1.49067
0.006725 321.875 0.232918 138275 0.0548291 1.49064
0.006415 321.882 0.232918 138275 0.0726024 1.49061
0.005765 321.785 0.232915 138275 0.110975 1.49105
0.006425 321.884 0.232918 138275 0.0720214 1.4906
0.006435 321.877 0.232918 138275 0.0714381 1.49063
0.007365 322.579 0.232918 138275 0.018023 1.48739
0.005775 321.73 0.232916 138275 0.11039 1.49131
0.006445 321.862 0.232918 138275 0.0708813 1.49071
0.007045 321.807 0.232918 138275 0.0364555 1.49096
0.006735 321.853 0.232918 138275 0.054261 1.49075
0.006455 321.838 0.232918 138275 0.0703182 1.49081
0.005785 321.673 0.232916 138275 0.110114 1.49158
0.005445 322.186 0.232859 138275 0.129412 1.48908
0.007055 321.751 0.232918 138275 0.0358459 1.49122
0.006465 321.807 0.232918 138275 0.0697527 1.49096
0.005795 321.7 0.232916 138275 0.10955 1.49145
0.001925 1713.07 0.113096 138276 0.10914 0.277141
0.007375 322.66 0.232918 138275 0.017452 1.48702
0.006475 321.766 0.232918 138275 0.0691818 1.49115
0.007065 321.817 0.232918 138275 0.0352466 1.49091
0.006745 321.821 0.232918 138275 0.0536887 1.49089
0.005805 321.758 0.232916 138275 0.108635 1.49118
0.001935 1720.57 0.112347 138276 0.108503 0.275927
0.006485 321.716 0.232918 138275 0.0686331 1.49138
0.007075 321.876 0.232918 138275 0.0347092 1.49064
0.002245 1938.32 0.0894682 138276 0.0858988 0.244818
0.005455 322.149 0.232865 138275 0.128856 1.48926
0.005815 321.799 0.232916 138275 0.108077 1.49099
0.006495 321.656 0.232918 138275 0.0680211 1.49166
0.007085 321.927 0.232918 138275 0.0341371 1.4904
0.001945 1728.05 0.111599 138276 0.107859 0.274729
0.007385 322.733 0.232918 138275 0.0168799 1.48668
0.006755 321.779 0.232918 138275 0.0531125 1.49109
0.005825 321.832 0.232916 138275 0.107505 1.49084
0.006505 321.716 0.232918 138275 0.0674248 1.49138
0.007095 321.97 0.232918 138275 0.0335658 1.4902
0.001955 1735.5 0.110851 138276 0.107209 0.273546
0.005125 326.24 0.231995 138275 0.146639 1.46965
0.005835 321.857 0.232917 138275 0.106933 1.49072
0.006515 321.769 0.232918 138275 0.066889 1.49114
0.007105 322.004 0.232918 138275 0.0329932 1.49004
0.001965 1742.92 0.110105 138276 0.106553 0.272378
0.005465 322.104 0.23287 138275 0.128295 1.48948
0.005845 321.874 0.232917 138275 0.106366 1.49065
0.006525 321.812 0.232918 138275 0.0663137 1.49093
0.005135 325.958 0.232064 138275 0.146173 1.47098
0.002255 1944.86 0.0887397 138276 0.0850846 0.243992
0.007115 322.03 0.232918 138275 0.0324206 1.48992
0.001975 1750.31 0.109359 138276 0.10589 0.271224
0.006765 321.728 0.232918 138275 0.052562 1.49133
0.007395 322.799 0.232918 138275 0.0163077 1.48638
0.006535 321.846 0.232918 138275 0.0657389 1.49078
0.005855 321.882 0.232917 138275 0.105765 1.49061
0.005145 325.685 0.232128 138275 0.145695 1.47227
0.007125 322.048 0.232918 138275 0.0318569 1.48984
0.005475 322.049 0.232874 138275 0.127728 1.48974
0.001985 1757.67 0.108613 138276 0.105221 0.270085
0.002265 1951.37 0.0880118 138276 0.0842649 0.243175
0.006545 321.87 0.232918 138275 0.0651666 1.49067
0.005865 321.881 0.232917 138275 0.105176 1.49061
0.005155 325.42 0.232188 138275 0.145209 1.47352
0.007135 322.056 0.232918 138275 0.031261 1.4898
0.001995 1764.99 0.107869 138276 0.104546 0.268959
0.006775 321.666 0.232918 138275 0.0519519 1.49161
0.007405 322.857 0.232918 138275 0.0157353 1.48611
0.006555 321.883 0.232918 138275 0.0645918 1.49061
0.005875 321.87 0.232917 138275 0.104577 1.49066
0.007145 322.056 0.232918 138275 0.0306817 1.4898
0.005165 325.162 0.232243 138275 0.144695 1.47474
0.002005 1772.29 0.107125 138276 0.103865 0.267848
0.005485 321.985 0.232878 138275 0.127154 1.49005
0.002275 1957.84 0.0872843 138276 0.0834398 0.242367
0.005885 321.85 0.232917 138275 0.103991 1.49076
0.006565 321.887 0.232918 138275 0.0640058 1.49059
0.007155 322.046 0.232918 138275 0.0300912 1.48985
0.005175 324.908 0.232295 138275 0.144237 1.47594
0.002015 1779.56 0.106382 138276 0.103178 0.26675
0.006785 321.725 0.232918 138275 0.0513573 1.49134
0.005895 321.819 0.232917 138275 0.103398 1.4909
0.007415 322.907 0.232918 138275 0.0151629 1.48587
0.006575 321.882 0.232918 138275 0.0634224 1.49061
0.005185 324.658 0.232343 138275 0.14308 1.47713
0.002025 1786.8 0.105639 138276 0.102485 0.265666
0.007165 322.027 0.232918 138275 0.0295241 1.48994
0.005905 321.78 0.232917 138275 0.102822 1.49108
0.005495 321.91 0.232882 138275 0.1266 1.4904
0.002285 1964.28 0.0865573 138276 0.0826092 0.241568
0.006585 321.867 0.232918 138275 0.0628593 1.49068
0.002565 2132.16 0.0663437 138275 0.0579946 0.222449
0.005195 324.41 0.232388 138277 0.144355 1.47832
0.002035 1794 0.104898 138276 0.101787 0.264594
0.007175 322 0.232918 138275 0.0289463 1.49006
0.005915 321.737 0.232917 138275 0.102282 1.49128
0.006795 321.777 0.232918 138275 0.0508241 1.4911
0.006595 321.844 0.232918 138275 0.0622932 1.49079
0.007425 322.951 0.232918 138275 0.0145907 1.48568
0.005205 324.161 0.232429 138276 0.141999 1.47948
0.002045 1801.18 0.104156 138276 0.101082 0.263536
0.002575 2137.71 0.065625 138274 0.0571319 0.221866
0.007185 321.962 0.232918 138275 0.0283943 1.49024
0.005925 321.698 0.232917 138275 0.101799 1.49146
0.005505 321.823 0.232885 138275 0.125985 1.49081
0.002295 1970.69 0.0858307 138276 0.0817731 0.240778
0.006605 321.812 0.232918 138275 0.0617236 1.49093
0.005215 323.91 0.232468 138275 0.142104 1.48067
0.002055 1808.33 0.103416 138276 0.100373 0.262491
0.007195 321.916 0.232918 138275 0.0277871 1.49045
0.002585 2142.7 0.0649063 138274 0.0562824 0.221345
0.005935 321.663 0.232917 138275 0.101153 1.49162
0.006615 321.771 0.232918 138275 0.0611491 1.49112
0.007435 322.986 0.232918 138275 0.0140188 1.48551
0.005225 323.655 0.232504 138276 0.1415 1.48187
0.006805 321.82 0.232918 138275 0.0502545 1.4909
0.002065 1815.44 0.102676 138276 0.0996579 0.261458
0.007205 321.994 0.232918 138275 0.0271853 1.49009
0.005945 321.737 0.232917 138275 0.10044 1.49128
0.006625 321.72 0.232918 138275 0.0605987 1.49136
0.002595 2147.13 0.0641875 138275 0.0554455 0.220887
0.005515 321.86 0.232888 138275 0.125402 1.49064
0.002305 1977.08 0.0851046 138276 0.0809316 0.239998
0.005235 323.559 0.232536 138275 0.140969 1.48235
0.007215 322.066 0.232918 138275 0.0266471 1.48976
0.002075 1822.53 0.101937 138276 0.0989374 0.260438
0.005955 321.79 0.232917 138275 0.0997947 1.49104
0.006635 321.658 0.232918 138275 0.0599873 1.49165
0.002605 2151.52 0.0634684 138275 0.0545999 0.220432
0.007445 323.014 0.232918 138275 0.0134477 1.48538
0.002885 2256.52 0.0431447 138276 0.0349392 0.210068
0.006815 321.855 0.232918 138275 0.0496852 1.49073
0.005245 323.468 0.232567 138275 0.140463 1.4828
0.007225 322.13 0.232918 138275 0.0260744 1.48946
0.005965 321.827 0.232917 138275 0.0991446 1.49087
0.006645 321.717 0.232918 138275 0.0593914 1.49137
0.002085 1829.59 0.101199 138276 0.0982117 0.25943
0.002615 2155.89 0.0627492 138275 0.0537593 0.219982
0.005525 321.893 0.232891 138275 0.124885 1.49049
0.002315 1983.43 0.084379 138275 0.0800845 0.239226
0.007455 323.035 0.232918 138275 0.0128788 1.48529
0.007235 322.186 0.232918 138275 0.0255028 1.4892
0.005975 321.853 0.232917 138275 0.0985142 1.49074
0.005255 323.38 0.232596 138275 0.139934 1.48324
0.006655 321.769 0.232918 138275 0.058857 1.49113
0.002095 1836.61 0.100461 138276 0.0974807 0.258434
0.002625 2160.22 0.0620297 138274 0.0529125 0.219535
0.006825 321.881 0.232918 138275 0.0491148 1.49061
0.002895 2260.12 0.0424088 138276 0.0344109 0.209729
0.007245 322.234 0.232918 138275 0.0249296 1.48898
0.005985 321.871 0.232917 138275 0.0979003 1.49066
0.005265 323.293 0.232622 138275 0.139397 1.48366
0.006665 321.813 0.232918 138275 0.0582849 1.49093
0.002105 1843.61 0.0997242 138276 0.0967446 0.257449
0.005535 321.921 0.232893 138275 0.124324 1.49037
0.002635 2164.11 0.0613099 138276 0.0520959 0.219139
0.002325 1989.75 0.0836537 138275 0.079232 0.238462
0.007255 322.274 0.232918 138275 0.024356 1.4888
0.007465 323.047 0.232918 138275 0.0123129 1.48523
0.005995 321.879 0.232917 138275 0.0972709 1.49062
0.006675 321.847 0.232918 138275 0.0577132 1.49077
0.005275 323.207 0.232646 138275 0.138854 1.48409
0.002115 1850.57 0.0989878 138276 0.0960032 0.256477
0.006835 321.898 0.232918 138275 0.0485496 1.49054
0.002645 2167.96 0.0605898 138276 0.0512742 0.218746
0.007265 322.306 0.232918 138275 0.0237823 1.48865
0.002905 2263.72 0.041672 138276 0.0338941 0.209392
0.006005 321.878 0.232917 138275 0.0966569 1.49063
0.006685 321.872 0.232918 138275 0.0571421 1.49066
0.002125 1857.5 0.098252 138276 0.0952568 0.255515
0.005285 323.119 0.232669 138275 0.138303 1.48452
0.003205 2216.3 0.0324676 138276 -0.0171193 0.213713
0.005545 321.943 0.232896 138275 0.123758 1.49027
0.002655 2171.8 0.0598692 138276 0.0504597 0.218356
0.007275 322.329 0.232918 138275 0.0232094 1.48854
0.002335 1996.03 0.0829289 138275 0.078374 0.237707
0.007475 323.053 0.232918 138275 0.0117256 1.48521
0.006015 321.868 0.232917 138275 0.0960299 1.49067
0.006695 321.887 0.232918 138275 0.0565725 1.49059
0.002135 1864.41 0.0975168 138276 0.0945053 0.254566
0.005295 323.03 0.232689 138275 0.137748 1.48495
0.006845 321.905 0.232918 138275 0.0479561 1.4905
0.003215 2210.25 0.0325246 138276 -0.0171387 0.214292
0.002665 2175.61 0.0591483 138276 0.0496551 0.217969
0.007285 322.345 0.232918 138275 0.0226433 1.48847
0.002915 2267.31 0.0409342 138276 0.0333886 0.209056
0.006025 321.849 0.232917 138275 0.095436 1.49076
0.006705 321.892 0.232918 138275 0.0559826 1.49056
0.005555 321.958 0.232898 138275 0.123193 1.49021
0.002145 1871.28 0.0967823 138276 0.0937487 0.253627
0.005305 322.938 0.232709 138275 0.137188 1.4854
0.003225 2204.21 0.032579 138276 -0.0171344 0.214873
0.002675 2179.42 0.0584269 138276 0.0488608 0.217585
0.002345 2002.29 0.0822045 138275 0.0775107 0.236961
0.007295 322.351 0.232918 138275 0.0220489 1.48844
0.007485 323.192 0.232918 138275 0.0111306 1.48457
0.006035 321.821 0.232917 138275 0.0948418 1.49089
0.006715 321.888 0.232918 138275 0.0553993 1.49058
0.006855 321.903 0.232918 138275 0.0473736 1.49051
0.002155 1878.12 0.0960483 138276 0.092987 0.252699
0.005315 322.842 0.232726 138275 0.136625 1.48587
0.003235 2198.18 0.0326305 138276 -0.017106 0.215455
0.002685 2183.2 0.0577051 138276 0.0480771 0.217204
0.002925 2270.9 0.0401955 138276 0.0328943 0.208721
0.003525 1950.55 0.0402756 138276 -0.0388925 0.242608
0.002935 2274.5 0.0394557 138276 0.0324109 0.208388
0.001605 1457.84 0.137459 138276 0.125326 0.325825
0.002945 2278.09 0.038715 138276 0.0319382 0.208055
0.003535 1934.64 0.041183 138276 -0.0372381 0.244596
0.002955 2281.68 0.0379733 138276 0.0314761 0.207723
0.004805 358.207 0.225026 138276 0.156071 1.33497
0.001615 1466.23 0.136687 138276 0.124962 0.323955
0.003545 1918.74 0.0420861 138276 -0.0355165 0.246615
0.002965 2285.28 0.0372305 138276 0.0310243 0.207393
0.004165 832.758 0.147277 138277 0.0944601 0.568945
0.004815 356.317 0.225462 138276 0.156027 1.34222
0.001625 1474.59 0.135915 138276 0.124588 0.322113
0.003555 1902.87 0.0429845 138276 -0.0337287 0.248666
0.002975 2288.87 0.0364867 138276 0.0305826 0.207063
0.004485 498.185 0.198522 138276 0.143695 0.955202
0.004825 354.505 0.22588 138275 0.156001 1.34924
0.004175 817.543 0.149212 138277 0.0967138 0.579594
0.001635 1482.93 0.135144 138276 0.124204 0.320296
0.003565 1887.02 0.0438779 138276 -0.0318761 0.250748
0.002985 2292.47 0.0357418 138276 0.0301509 0.206734
0.003845 1413.01 0.0783805 138276 -0.000801984 0.334747
0.004835 352.762 0.22628 138275 0.155923 1.35608
0.004495 490.56 0.199744 138276 0.144393 0.970201
0.001645 1491.24 0.134373 138276 0.12381 0.318505
0.002995 2296.07 0.0349959 138276 0.0297288 0.206405
0.004185 802.385 0.15113 138281 0.0994133 0.590624
0.003575 1871.19 0.0447661 138276 -0.0299603 0.252862
0.004845 351.081 0.22666 138275 0.155811 1.36273
0.003855 1392.15 0.0806481 138276 0.00262186 0.339763
0.001655 1499.53 0.133603 138276 0.123406 0.31674
0.003005 2299.68 0.0342488 138276 0.0293164 0.206078
0.004505 483.001 0.200942 138278 0.145247 0.985555
0.004195 789.94 0.153027 138277 0.100873 0.599976
0.003585 1855.4 0.0456485 138276 -0.0279829 0.255008
0.004855 349.459 0.227023 138275 0.155671 1.36921
0.003865 1371.32 0.0829129 138276 0.00605677 0.344926
0.001665 1507.79 0.132834 138276 0.122992 0.314999
0.003015 2303.28 0.0335006 138276 0.0289113 0.205751
0.004515 476.897 0.202112 138276 0.145836 0.998317
0.003595 1839.64 0.0465251 138276 -0.0259455 0.257186
0.004205 777.637 0.154904 138277 0.103041 0.609536
0.004865 347.892 0.227368 138275 0.155513 1.37553
0.003025 2306.89 0.0327513 138276 0.0285328 0.205425
0.001675 1516.03 0.132066 138276 0.122568 0.313282
0.003875 1350.52 0.0851744 138277 0.00949495 0.350242
0.004525 470.926 0.203259 138276 0.146705 1.01114
0.003605 1823.92 0.0473953 138276 -0.0238502 0.259397
0.004215 765.448 0.156759 138277 0.105128 0.619314
0.004875 346.379 0.227697 138275 0.155339 1.38169
0.003035 2310.51 0.0320008 138276 0.0286298 0.2051
0.001685 1524.24 0.131298 138276 0.122135 0.311589
0.003885 1329.75 0.0874319 138277 0.0129287 0.355719
0.004535 465.081 0.20438 138276 0.147519 1.02401
5e-06 408.547 0.227347 138276 0.0711387 1.17055
0.003615 1808.24 0.0482589 138276 -0.0216989 0.26164
0.004885 344.917 0.228009 138275 0.15515 1.38769
0.004225 753.369 0.158593 138277 0.107158 0.629318
0.003045 2313.61 0.0312836 138246 0.0069572 0.204778
0.001695 1532.43 0.130531 138276 0.121692 0.30992
0.004545 459.359 0.205474 138276 0.148296 1.03693
0.003895 1308.99 0.0896852 138277 0.0163506 0.361365
0.003625 1792.61 0.0491156 138276 -0.019494 0.263916
0.004895 343.504 0.228306 138275 0.154944 1.39354
1.5e-05 408.627 0.227341 138276 0.0711453 1.17032
0.004235 741.395 0.160405 138277 0.109122 0.639559
0.003055 2308 0.0313392 138276 -0.0146874 0.205313
0.001705 1540.58 0.129765 138276 0.12124 0.308273
0.004555 453.756 0.206542 138276 0.149027 1.0499
0.003905 1288.26 0.0919337 138277 0.019758 0.367186
0.003635 1777.03 0.049965 138276 -0.0172378 0.266224
0.004905 342.138 0.228587 138275 0.154718 1.39925
0.004245 729.523 0.162196 138277 0.111026 0.650046
2.5e-05 408.788 0.227328 138276 0.0711703 1.16986
0.003065 2301.87 0.0314278 138276 -0.0145424 0.205853
0.001715 1548.72 0.128999 138276 0.120779 0.30665
0.003915 1267.55 0.0941771 138277 0.0231264 0.373193
0.004565 448.27 0.207584 138276 0.149712 1.06293
0.003645 1761.5 0.0508067 138276 -0.0149331 0.268566
0.004915 340.815 0.228854 138275 0.154467 1.40482
0.003075 2295.74 0.0315148 138276 -0.0148523 0.206397
0.004255 717.75 0.163965 138277 0.112879 0.660792
3.5e-05 409.033 0.227309 138276 0.0712091 1.16915
0.001725 1556.82 0.128234 138276 0.120308 0.305048
0.003925 1246.87 0.0964148 138277 0.0270852 0.379395
0.004575 442.897 0.2086 138276 0.150351 1.07599
0.003655 1746.03 0.0516406 138276 -0.0125828 0.27094
0.004925 339.532 0.229108 138275 0.154186 1.41026
0.003085 2289.61 0.0316001 138276 -0.0151577 0.206944
0.004265 706.073 0.165712 138277 0.114694 0.671805
0.001735 1564.9 0.12747 138276 0.119828 0.303468
4.5e-05 409.365 0.227283 138276 0.0712628 1.16819
0.003935 1226.19 0.0986464 138275 0.0285399 0.385798
0.004585 437.634 0.20959 138276 0.150945 1.08911
0.003665 1730.63 0.0524661 138276 -0.0101902 0.273348
0.004935 338.281 0.229347 138275 0.15387 1.4156
0.003095 2283.47 0.0316836 138276 -0.0154396 0.207493
0.004275 694.492 0.167438 138277 0.116485 0.683096
5.5e-05 409.785 0.227251 138276 0.0713316 1.16698
0.001745 1572.95 0.126707 138276 0.119339 0.30191
0.003945 1205.53 0.100872 138277 0.0336414 0.392427
0.003675 1715.28 0.0532831 138276 -0.00775894 0.275789
0.004595 432.475 0.210554 138276 0.151474 1.10228
0.004945 337.059 0.229574 138276 0.153546 1.42086
0.003105 2277.34 0.0317654 138276 -0.0157002 0.208046
0.004285 683.007 0.169142 138277 0.118265 0.694674
6.5e-05 410.296 0.227211 138276 0.0714162 1.16552
0.001755 1580.98 0.125944 138276 0.118842 0.300373
0.003955 1184.87 0.10309 138277 0.0362258 0.399283
0.003685 1700 0.0540911 138276 -0.00529302 0.278264
0.004605 427.418 0.211492 138276 0.152013 1.1155
0.004955 336.183 0.229788 138275 0.153259 1.42469
0.003115 2271.21 0.0318453 138276 -0.0159393 0.208601
7.5e-05 410.899 0.227163 138276 0.0715167 1.16379
0.004295 671.619 0.170825 138277 0.120043 0.706546
0.001765 1588.98 0.125182 138276 0.118335 0.298857
0.003965 1164.22 0.105301 138277 0.0393785 0.406382
0.003695 1684.8 0.0548897 138276 -0.00279688 0.280772
0.004965 335.349 0.22999 138275 0.152991 1.42835
0.004615 422.456 0.212405 138276 0.15178 1.12878
0.003125 2265.08 0.0319233 138276 -0.0161571 0.209159
8.5e-05 411.597 0.227109 138276 0.0716342 1.1618
0.004305 660.333 0.172486 138277 0.121821 0.71872
0.001775 1596.94 0.124421 138276 0.11782 0.297361
0.003975 1143.56 0.107505 138277 0.0424564 0.41374
0.004975 334.553 0.230181 138275 0.152695 1.43186
0.003705 1669.66 0.0556788 138276 -0.000275388 0.283313
0.004625 417.585 0.213292 138278 0.154094 1.14215
0.003135 2258.96 0.0319992 138276 -0.0163534 0.20972
9.5e-05 412.391 0.227046 138276 0.0717676 1.15954
0.004315 649.149 0.174126 138277 0.123584 0.731202
0.001785 1604.89 0.123661 138276 0.117297 0.295884
0.003985 1122.88 0.109701 138277 0.0456381 0.421376
0.004985 333.792 0.230362 138275 0.15238 1.43523
0.003715 1654.61 0.0564579 138276 0.0022661 0.285888
0.004635 412.795 0.214153 138276 0.152457 1.15557
0.003145 2252.84 0.032073 138276 -0.0165283 0.210284
0.000105 413.285 0.226976 138276 0.0719344 1.15701
0.004325 638.068 0.175744 138277 0.125304 0.744003
0.001795 1612.8 0.122901 138276 0.116765 0.294428
0.004995 333.063 0.230531 138275 0.152045 1.43848
0.003995 1102.26 0.111889 138285 0.049044 0.429306
0.003725 1639.63 0.0572266 138276 0.00482143 0.288497
0.004645 408.08 0.214989 138276 0.153386 1.1691
0.003155 2246.73 0.0321446 138276 -0.0166817 0.210849
0.000115 414.28 0.226898 138276 0.0720648 1.15421
0.001805 1620.69 0.122142 138276 0.116225 0.292991
0.004335 627.087 0.177342 138277 0.126942 0.757139
0.005005 332.361 0.230691 138275 0.151695 1.44162
0.003735 1624.73 0.0579847 138276 0.00738791 0.29114
0.004005 1085.64 0.114091 138277 0.0511427 0.435872
0.004655 403.432 0.2158 138277 0.153633 1.18277
0.003165 2240.62 0.032214 138276 -0.0168135 0.211418
0.000125 415.378 0.226811 138276 0.0729 1.15113
0.004345 616.193 0.178918 138277 0.128517 0.770633
0.005015 331.686 0.230842 138275 0.151332 1.44466
0.001815 1628.54 0.121384 138276 0.115676 0.291573
0.003745 1609.91 0.0587317 138276 0.00986452 0.293818
0.004015 1069.19 0.11628 138277 0.0541962 0.442603
0.004665 399.745 0.216583 138276 0.153927 1.19386
0.000645 635.378 0.208754 138276 0.103075 0.75029
0.000135 416.581 0.226716 138278 0.0711421 1.14779
0.004355 605.385 0.180473 138279 0.130312 0.784519
0.003175 2234.53 0.0322811 138276 -0.0169234 0.211988
0.005025 331.035 0.230984 138275 0.150955 1.44759
0.001825 1636.37 0.120627 138276 0.11512 0.290174
0.003755 1595.18 0.0594675 138276 0.0136179 0.296531
0.004025 1052.83 0.118456 138277 0.0571947 0.449507
0.004675 396.173 0.217342 138276 0.154316 1.20481
0.000145 417.888 0.226613 138276 0.0733014 1.14415
0.000655 642.494 0.20816 138276 0.103849 0.741931
0.003185 2228.44 0.0323458 138276 -0.0170112 0.212561
0.004365 596.506 0.182004 138276 0.131285 0.796297
0.005035 330.406 0.231117 138275 0.150566 1.45044
0.001835 1644.17 0.119871 138276 0.114556 0.288793
0.003765 1580.36 0.0602251 138262 -0.00616909 0.299282
0.004035 1036.56 0.120616 138277 0.0601683 0.456589
0.004685 392.709 0.218076 138276 0.154657 1.21562
0.000155 419.304 0.226501 138276 0.0728883 1.14026
0.000665 649.689 0.207558 138276 0.104618 0.733665
0.003195 2222.36 0.0324079 138276 -0.0170766 0.213136
0.004375 587.766 0.183512 138276 0.132659 0.808256
0.005045 329.796 0.231242 138275 0.150163 1.45321
0.001845 1651.94 0.119115 138276 0.113983 0.28743
0.003775 1559.55 0.0624654 138277 -0.0250791 0.303302
0.004045 1020.39 0.122762 138277 0.0631053 0.463857
0.004695 389.35 0.218784 138276 0.154959 1.2263
0.000165 420.831 0.226379 138276 0.0731873 1.13609
0.000675 656.963 0.20695 138276 0.105382 0.725494
0.004385 579.14 0.184996 138276 0.133891 0.820416
0.000325 461.493 0.223111 138276 0.0797557 1.03522
0.004395 570.618 0.186456 138276 0.13504 0.832792
0.001285 1179 0.162414 138277 0.132226 0.403165
0.004405 562.195 0.187892 138276 0.136131 0.845398
0.000335 465.097 0.222819 138276 0.0803252 1.02714
0.000965 893.259 0.187018 138276 0.123469 0.53272
0.004415 553.866 0.189304 138276 0.137192 0.858239
0.001295 1187.94 0.161631 138276 0.130369 0.400115
0.000345 468.829 0.222516 138276 0.0809122 1.0189
0.004425 545.633 0.190692 138276 0.138234 0.871322
0.000975 902.006 0.186274 138276 0.123913 0.52753
0.001305 1196.88 0.160849 138276 0.130996 0.397118
0.007305 322.35 0.232918 138275 0.0214654 1.48844
0.000355 472.687 0.222202 138276 0.081516 1.01052
0.004435 537.496 0.192057 138276 0.139257 0.884649
0.000985 910.777 0.185527 138276 0.124343 0.522427
0.001315 1205.8 0.160066 138276 0.130973 0.394169
0.004445 529.454 0.193397 138276 0.140252 0.898225
0.000365 476.673 0.221877 138276 0.0821362 1.00201
0.007315 322.34 0.232918 138275 0.0208816 1.48849
0.000995 919.571 0.184778 138276 0.124761 0.517409
0.001325 1214.72 0.159283 138276 0.130953 0.391267
0.006045 321.786 0.232917 138275 0.0942591 1.49106
0.004455 521.507 0.194714 138276 0.141206 0.912055
0.000375 480.784 0.221542 138276 0.082772 0.99338
0.007325 322.321 0.232918 138275 0.0203352 1.48858
0.001005 928.385 0.184027 138276 0.125165 0.512475
0.001335 1223.62 0.1585 138276 0.130914 0.38841
0.002695 2186.97 0.0569828 138276 0.0473044 0.216826
0.004465 513.65 0.196007 138276 0.142105 0.926151
0.006055 321.748 0.232917 138275 0.0936844 1.49124
0.000385 485.022 0.221196 138276 0.0834228 0.984638
0.007335 322.294 0.232918 138275 0.0197367 1.4887
0.001015 937.219 0.183273 138276 0.125555 0.507623
0.001345 1232.51 0.157717 138276 0.130863 0.385599
0.004475 505.878 0.197276 138276 0.142937 0.940527
0.002705 2190.72 0.0562601 138276 0.046543 0.21645
0.006065 321.706 0.232917 138275 0.0931293 1.49143
0.000395 489.385 0.220839 138276 0.0840876 0.975796
0.007345 322.396 0.232918 138275 0.0191336 1.48823
0.002165 1884.93 0.0953149 138276 0.0922202 0.251782
0.007355 322.491 0.232918 138275 0.0185956 1.48779
0.003245 2192.18 0.0326792 138276 -0.0170526 0.216039
0.002175 1891.71 0.0945821 138276 0.0914483 0.250876
0.005565 321.966 0.2329 138275 0.122592 1.49018
0.002185 1898.47 0.0938499 138276 0.0906713 0.24998
0.005325 322.741 0.232742 138275 0.136058 1.48635
0.005575 321.966 0.232902 138275 0.122004 1.49018
0.002195 1905.19 0.0931183 138276 0.0898891 0.249095
0.002355 2008.52 0.0814804 138275 0.0766421 0.236223
0.005335 322.635 0.232757 138275 0.135488 1.48686
0.005585 321.957 0.232903 138275 0.121405 1.49022
0.002205 1911.87 0.0923872 138276 0.0891016 0.24822
0.005345 322.522 0.232771 138275 0.134912 1.4874
0.002365 2014.71 0.0807568 138275 0.0757684 0.235493
0.002215 1918.53 0.0916567 138276 0.0883089 0.247355
0.005595 321.94 0.232904 138275 0.120837 1.49031
0.005355 322.4 0.232784 138275 0.134361 1.48798
0.002375 2020.87 0.0800335 138275 0.0748898 0.234771
0.002225 1925.16 0.0909267 138276 0.0875109 0.246499
0.005605 321.913 0.232906 138275 0.120265 1.49044
0.005365 322.269 0.232796 138276 0.133757 1.4886
0.002385 2027 0.0793106 138275 0.0740065 0.234057
0.007495 323.325 0.232918 138275 0.0105939 1.48395
0.005615 321.875 0.232907 138275 0.11969 1.49061
0.002235 1931.76 0.0901972 138276 0.0867075 0.245654
0.005375 322.272 0.232806 138275 0.133209 1.48861
0.002395 2033.1 0.078588 138275 0.0731188 0.233351
0.005625 321.827 0.232908 138275 0.119107 1.49084
0.007505 323.451 0.232918 138275 0.0100254 1.48338
0.005385 322.273 0.232816 138275 0.132673 1.48861
0.006865 321.891 0.232918 138275 0.0467934 1.49057
0.005055 329.204 0.231359 138275 0.149744 1.45591
0.006875 321.87 0.232918 138275 0.0462231 1.49066
0.001855 1659.69 0.11836 138276 0.113404 0.286084
0.005065 328.626 0.231469 138275 0.149307 1.45855
0.006885 321.84 0.232918 138275 0.0456466 1.49081
0.003785 1538.57 0.0647401 138276 -0.0205926 0.307433
0.001865 1667.4 0.117606 138276 0.112816 0.284757
0.006895 321.799 0.232918 138275 0.0450665 1.49099
0.005075 328.059 0.231572 138275 0.148852 1.46115
0.004055 1004.3 0.124893 138277 0.0660044 0.471317
0.001875 1675.08 0.116852 138276 0.112222 0.283446
0.003795 1517.6 0.0670152 138276 -0.0174875 0.311679
0.006905 321.748 0.232918 138275 0.0445128 1.49123
0.005085 327.5 0.231669 138276 0.148386 1.46372
0.001885 1682.74 0.116099 138276 0.111619 0.282152
0.004065 988.307 0.127009 138277 0.0688747 0.478979
0.003805 1496.65 0.0692903 138276 -0.0142303 0.316041
0.006915 321.688 0.232918 138275 0.0439011 1.49151
0.005095 327.161 0.231758 138275 0.147949 1.46531
0.001895 1690.37 0.115347 138276 0.11101 0.280875
0.003815 1475.71 0.0715648 138276 -0.0109289 0.320524
0.004075 972.4 0.129109 138277 0.0716933 0.48685
0.006925 321.748 0.232918 138275 0.0433012 1.49123
0.005105 326.839 0.231843 138275 0.147531 1.46682
0.004705 386.09 0.219467 138276 0.155221 1.23684
0.001905 1697.96 0.114596 138276 0.110394 0.279614
0.003825 1454.78 0.0738383 138276 -0.00758513 0.325133
0.006935 321.802 0.232918 138275 0.042764 1.49098
0.000175 422.471 0.226249 138276 0.0734458 1.13164
0.005115 326.533 0.231921 138275 0.147091 1.46826
0.004085 956.58 0.131193 138277 0.0744645 0.494939
0.003835 1433.88 0.0761104 138276 -0.00420692 0.329872
0.001915 1705.53 0.113846 138276 0.10977 0.27837
0.000685 664.313 0.206335 138276 0.106141 0.71742
0.001025 946.072 0.182518 138276 0.125932 0.502853
0.000695 671.738 0.205713 138276 0.106893 0.709445
0.006075 321.657 0.232917 138275 0.0924835 1.49166
0.001355 1241.39 0.156934 138276 0.130799 0.382832
0.001035 954.941 0.181761 138276 0.126296 0.498162
0.000705 679.235 0.205085 138276 0.107639 0.70157
0.002715 2194.46 0.0555368 138276 0.0457933 0.216078
0.000715 686.801 0.204451 138276 0.108377 0.693796
0.002725 2198.19 0.054813 138276 0.0450555 0.215707
0.000405 493.872 0.220472 138276 0.0847659 0.966866
0.000725 694.437 0.203811 138276 0.109107 0.686125
0.002735 2201.9 0.0540887 138276 0.0443297 0.21534
0.003255 2186.19 0.0327249 138276 -0.0169738 0.216625
0.000735 702.138 0.203164 138276 0.10983 0.678557
0.000415 498.483 0.220094 138276 0.0854567 0.957859
0.002745 2205.6 0.0533639 138276 0.0436163 0.214974
0.003265 2180.22 0.0327676 138276 -0.0168689 0.217212
0.000745 709.903 0.202512 138276 0.110543 0.671094
0.002405 2039.17 0.0778657 138275 0.0722273 0.232653
0.002755 2209.3 0.0526384 138276 0.0429152 0.214611
0.000425 503.217 0.219706 138276 0.0861593 0.948785
0.003275 2174.27 0.0328072 138276 -0.016737 0.2178
0.000755 717.731 0.201855 138276 0.111248 0.663734
0.002415 2045.21 0.0771438 138275 0.0713322 0.231963
0.002765 2212.97 0.0519124 138276 0.0422266 0.21425
0.000435 508.072 0.219308 138276 0.0868728 0.939655
0.000765 725.619 0.201192 138276 0.111944 0.65648
0.003285 2168.35 0.0328435 138276 -0.0165775 0.218389
0.002425 2051.22 0.0764222 138275 0.0704343 0.23128
0.005635 321.767 0.232909 138275 0.118543 1.49112
0.003295 2162.45 0.0328766 138276 -0.0163897 0.218978
0.002775 2216.64 0.0511857 138276 0.0415506 0.213892
0.000445 513.047 0.218899 138276 0.0875963 0.93048
0.000775 733.566 0.200523 138276 0.112629 0.64933
0.002435 2057.19 0.0757008 138275 0.069534 0.230605
0.003305 2156.57 0.0329062 138276 -0.0161726 0.219569
0.005645 321.694 0.23291 138275 0.117917 1.49146
0.002785 2220.3 0.0504584 138276 0.0408872 0.213535
0.000455 518.141 0.21848 138276 0.0883292 0.921268
0.000785 741.569 0.19985 138276 0.113305 0.642284
0.002445 2063.14 0.0749798 138275 0.0686322 0.229936
0.003315 2150.72 0.0329323 138276 -0.0159257 0.22016
0.005655 321.742 0.232911 138275 0.117316 1.49124
0.002795 2223.96 0.0497304 138276 0.0402364 0.213181
0.000465 523.353 0.218051 138276 0.0890706 0.91203
0.000795 749.626 0.199172 138276 0.11397 0.635344
0.003325 2144.9 0.0329547 138276 -0.0156481 0.220751
0.002455 2069.05 0.074259 138275 0.0677296 0.229276
0.005665 321.786 0.232911 138275 0.116788 1.49104
0.002805 2227.6 0.0490017 138276 0.0395983 0.212828
0.000475 528.682 0.217612 138276 0.0898197 0.902776
0.007515 323.571 0.232918 138275 0.00945805 1.48283
0.000805 757.736 0.198488 138276 0.114624 0.628508
0.003335 2139.11 0.0329735 138276 -0.0153391 0.221343
0.002465 2074.94 0.0735384 138275 0.0668269 0.228622
0.002815 2231.23 0.0482724 138276 0.0389727 0.212477
0.005675 321.823 0.232912 138275 0.116218 1.49087
0.000485 534.125 0.217163 138276 0.0905758 0.893514
0.000815 765.898 0.1978 138276 0.115267 0.621775
0.007525 323.683 0.232918 138275 0.00888925 1.48231
0.003345 2133.35 0.0329884 138276 -0.0149981 0.221934
0.002475 2080.79 0.0728181 138275 0.065925 0.227975
0.002825 2234.86 0.0475422 138276 0.0383597 0.212128
0.005685 321.853 0.232913 138275 0.115649 1.49073
0.000495 539.681 0.216705 138276 0.0913382 0.884253
0.000825 774.108 0.197108 138276 0.1159 0.615146
0.007535 323.789 0.232918 138275 0.00831981 1.48183
0.003355 2127.63 0.0329993 138276 -0.0146243 0.222525
0.002485 2086.61 0.072098 138275 0.0650248 0.227335
0.002835 2238.48 0.0468113 138276 0.0377591 0.211781
0.005695 321.876 0.232913 138275 0.115078 1.49062
0.000505 545.348 0.216237 138276 0.0921061 0.875002
0.000835 782.366 0.196411 138276 0.11652 0.60862
0.007545 323.888 0.232918 138275 0.00774961 1.48138
0.003365 2121.94 0.0330061 138276 -0.0142173 0.223115
0.002495 2092.4 0.0713781 138275 0.0641273 0.226702
0.002845 2242.1 0.0460797 138276 0.0371709 0.211435
0.005705 321.891 0.232914 138275 0.114509 1.49055
0.000515 551.126 0.215759 138276 0.092879 0.865768
0.007555 323.979 0.232918 138275 0.00717923 1.48096
0.000845 790.669 0.19571 138276 0.117129 0.602196
0.003375 2116.29 0.0330087 138276 -0.0137766 0.223705
0.002505 2098.17 0.0706585 138275 0.0632333 0.226076
0.002855 2245.71 0.0453472 138276 0.0365949 0.211091
0.005715 321.898 0.232914 138275 0.113912 1.49052
0.007565 324.064 0.232918 138275 0.00660686 1.48057
0.000525 557.011 0.215272 138276 0.093656 0.85656
0.003385 2110.68 0.033007 138276 -0.0133017 0.224294
0.000855 799.016 0.195005 138276 0.117726 0.595873
0.002515 2103.9 0.069939 138275 0.0623437 0.225456
0.002865 2249.32 0.0446139 138276 0.0360311 0.210749
0.007575 324.142 0.232918 138275 0.00605166 1.48021
0.005725 321.895 0.232914 138275 0.113322 1.49054
0.000535 563.003 0.214776 138276 0.0944366 0.847385
0.003395 2105.11 0.0330008 138276 -0.0127924 0.224881
0.000865 807.406 0.194296 138276 0.118311 0.589651
0.002525 2109.61 0.0692196 138275 0.0614596 0.224842
0.002875 2252.92 0.0438797 138276 0.0354792 0.210408
0.007585 324.214 0.232918 138275 0.005435 1.47989
0.005735 321.883 0.232915 138275 0.112736 1.49059
0.000545 569.1 0.21427 138276 0.0952201 0.838248
0.003405 2099.59 0.0329901 138276 -0.0122484 0.225467
0.000875 815.835 0.193583 138276 0.118884 0.583528
0.002535 2115.29 0.0685004 138275 0.0605818 0.224235
0.005395 322.271 0.232825 138275 0.132127 1.48864
0.004715 382.926 0.220127 138276 0.155444 1.24724
0.002545 2120.94 0.0677814 138275 0.0597113 0.223634
0.005405 322.265 0.232833 138275 0.131593 1.48868
0.006945 321.848 0.232918 138275 0.0421917 1.49077
0.004725 379.854 0.220761 138276 0.155633 1.25751
0.002555 2126.56 0.0670625 138275 0.058849 0.223039
0.005415 322.254 0.23284 138275 0.131055 1.48874
0.006955 321.885 0.232918 138275 0.0416205 1.4906
0.004735 376.87 0.221373 138276 0.155793 1.26765
0.000185 424.225 0.22611 138276 0.0737364 1.12692
0.004095 940.844 0.133261 138277 0.0771882 0.503258
0.004745 373.971 0.221961 138276 0.155926 1.27766
0.001365 1250.26 0.156152 138276 0.130722 0.380108
0.000195 426.095 0.225961 138276 0.0740435 1.12193
0.004755 371.156 0.222526 138276 0.156036 1.28753
0.001045 963.827 0.181001 138276 0.126646 0.49355
0.004105 925.19 0.135313 138277 0.0798604 0.511815
0.000205 428.082 0.225802 138276 0.0743694 1.11668
0.001375 1259.11 0.155369 138276 0.130633 0.377426
0.004765 368.421 0.223069 138276 0.156122 1.29727
0.001385 1267.95 0.154586 138276 0.130532 0.374787
0.004115 909.615 0.137349 138277 0.082476 0.520624
0.000215 430.188 0.225634 138276 0.0747142 1.11117
0.001055 972.727 0.18024 138276 0.126982 0.489015
0.004775 365.765 0.223589 138276 0.156176 1.30687
0.001395 1276.77 0.153804 138276 0.130418 0.372188
0.007595 324.28 0.232918 138275 0.00549671 1.47959
0.004125 894.115 0.139368 138277 0.0850289 0.529696
0.000225 432.413 0.225456 138276 0.0750779 1.10541
0.004785 363.182 0.224089 138276 0.156187 1.31634
0.001065 981.641 0.179477 138276 0.127305 0.484556
0.001405 1285.58 0.153022 138276 0.130292 0.36963
0.004135 878.685 0.141371 138277 0.0875115 0.539048
0.007605 324.34 0.232918 138277 0.0029687 1.47933
0.000235 434.76 0.225268 138276 0.0754607 1.09939
0.004795 360.666 0.224568 138276 0.156135 1.3257
0.001415 1294.37 0.15224 138276 0.130154 0.367111
0.001075 990.566 0.178713 138276 0.127614 0.480172
0.004145 863.32 0.143356 138277 0.0899152 0.548694
0.007615 324.388 0.232918 138275 0.00430095 1.47909
0.000245 437.23 0.22507 138276 0.0758625 1.09313
0.001425 1303.15 0.151458 138276 0.130004 0.36463
0.001085 999.504 0.177947 138276 0.127912 0.475861
0.005745 321.861 0.232915 138275 0.112155 1.4907
0.000555 575.298 0.213756 138276 0.0960058 0.829158
0.001095 1008.45 0.177179 138276 0.128195 0.471622
0.003415 2094.11 0.0329745 138276 -0.011671 0.226051
0.005755 321.829 0.232915 138275 0.111565 1.49085
0.001105 1017.41 0.17641 138276 0.128463 0.467453
0.000565 581.598 0.213233 138276 0.0967932 0.82012
0.000885 824.304 0.192867 138276 0.119445 0.577504
0.003425 2088.68 0.0329542 138276 -0.0110663 0.226633
0.001115 1026.37 0.17564 138276 0.128718 0.463354
0.000575 587.996 0.212702 138276 0.0975816 0.811139
0.005425 322.238 0.232847 138275 0.130511 1.48882
0.006965 321.913 0.232918 138275 0.0410483 1.49047
0.005435 322.216 0.232854 138275 0.129964 1.48894
0.004155 848.014 0.145325 138277 0.0922324 0.558652
0.006975 321.933 0.232918 138275 0.040483 1.49038
0.007625 324.43 0.232918 138275 0.00313207 1.4789
0.000255 439.823 0.224862 138276 0.0762833 1.08663
0.006985 321.943 0.232918 138275 0.0398963 1.49033
0.007635 324.466 0.232918 138275 0.00260274 1.47874
0.001435 1311.91 0.150677 138276 0.129841 0.362187
0.006995 321.944 0.232918 138275 0.0393154 1.49032
0.000265 442.54 0.224643 138276 0.0767231 1.07991
0.007645 324.494 0.232918 138275 0.00201477 1.47861
0.001445 1320.65 0.149896 138276 0.129667 0.359782
0.003435 2083.3 0.0329288 138276 -0.00976033 0.227213
0.007005 321.936 0.232918 138275 0.0387247 1.49036
0.000275 445.383 0.224414 138276 0.0771818 1.07296
0.007655 324.515 0.232918 138275 0.00144272 1.47851
0.001455 1329.38 0.149115 138276 0.129481 0.357413
0.000895 832.809 0.192147 138276 0.119993 0.571577
0.003445 2077.5 0.0329313 138246 -0.0296693 0.227793
0.007015 321.918 0.232918 138275 0.0381596 1.49044
0.000285 448.351 0.224175 138276 0.0776593 1.0658
0.007665 324.529 0.232918 138275 0.000880439 1.47845
0.001465 1338.09 0.148334 138276 0.129283 0.35508
0.000905 841.351 0.191423 138276 0.120528 0.565746
0.003455 2062.07 0.033829 138276 -0.0492297 0.22954
0.007025 321.891 0.232918 138275 0.0375853 1.49057
0.000295 451.446 0.223925 138276 0.0781556 1.05844
0.001475 1346.77 0.147554 138276 0.129073 0.352782
0.007675 324.536 0.232918 138275 0.00028759 1.47841
0.000915 849.926 0.190697 138276 0.121051 0.560011
0.007035 321.854 0.232918 138275 0.0370073 1.49074
0.003465 2046.15 0.0347579 138276 -0.0473406 0.231317
0.000305 454.668 0.223664 138276 0.0786706 1.05088
0.001485 1355.44 0.146775 138276 0.128852 0.350519
0.000925 858.534 0.189967 138276 0.12156 0.554369
0.001125 1035.34 0.174869 138276 0.12896 0.459324
0.000935 867.172 0.189234 138276 0.122057 0.548821
0.001135 1044.32 0.174096 138276 0.129187 0.45536
0.000945 875.84 0.188498 138276 0.122541 0.543364
0.001145 1053.3 0.173323 138276 0.129401 0.451462
0.000955 884.536 0.187759 138276 0.123011 0.537997
0.000585 594.491 0.212162 138276 0.0983703 0.802222
0.003475 2030.22 0.0356847 138276 -0.046119 0.233125
0.003485 2014.28 0.036609 138276 -0.0448162 0.234961
0.000595 601.081 0.211613 138276 0.0991588 0.793372
0.003495 1998.34 0.0375306 138276 -0.0434409 0.236828
0.003505 1982.41 0.0384491 138276 -0.0419947 0.238724
0.000605 607.763 0.211057 138276 0.0999463 0.784595
0.000315 458.017 0.223393 138276 0.079204 1.04314
0.003515 1966.47 0.0393642 138276 -0.0404783 0.240651
0.000615 614.536 0.210493 138276 0.100732 0.775894
0.000625 621.398 0.209921 138276 0.101516 0.767274
0.001495 1364.09 0.145996 138276 0.128619 0.348289
0.000635 628.346 0.209341 138276 0.102297 0.758738
0.001155 1062.28 0.172548 138276 0.129602 0.447629
0.001165 1071.27 0.171772 138276 0.129788 0.443859
0.001505 1372.72 0.145217 138276 0.128375 0.346092
0.001175 1080.26 0.170996 138276 0.129962 0.440152
0.001515 1381.33 0.144439 138276 0.12812 0.343929
0.001185 1089.25 0.170219 138276 0.130121 0.436505
0.001525 1389.92 0.143661 138276 0.127853 0.341797
0.001195 1098.24 0.16944 138276 0.130267 0.432919
0.001535 1398.49 0.142884 138276 0.127575 0.339696
0.001205 1107.23 0.168662 138276 0.1304 0.429391
0.001545 1407.04 0.142107 138276 0.127286 0.337627
0.001215 1116.22 0.167882 138276 0.130519 0.425921
0.001555 1415.56 0.141331 138276 0.126986 0.335587
0.001225 1125.2 0.167102 138276 0.130625 0.422508
0.001565 1424.06 0.140555 138276 0.126675 0.333577
0.001235 1134.18 0.166322 138276 0.130717 0.41915
0.001575 1432.54 0.13978 138276 0.126354 0.331597
0.001245 1143.16 0.165541 138276 0.130796 0.415847
0.001585 1441 0.139006 138276 0.126022 0.329645
0.001255 1152.13 0.16476 138276 0.130856 0.412598
0.001595 1449.43 0.138232 138276 0.125679 0.327721
0.001265 1161.09 0.163978 138276 0.130918 0.409401
0.001275 1170.05 0.163196 138276 0.130331 0.406255
