0.006405 329.094 0.232917 152570 0.0667234 1.60867
0.006415 329.068 0.232917 152570 0.0661937 1.6088
0.006425 329.031 0.232917 152570 0.0656599 1.60898
0.006435 328.984 0.232917 152570 0.0651489 1.6092
0.006445 328.927 0.232917 152570 0.0645862 1.60949
0.006455 328.977 0.232917 152570 0.0640388 1.60924
0.006465 329.021 0.232917 152570 0.0635494 1.60903
0.006475 329.057 0.232917 152570 0.0630265 1.60885
0.006485 329.085 0.232917 152570 0.062504 1.60871
0.006495 329.105 0.232917 152570 0.0619836 1.60861
0.006505 329.116 0.232917 152570 0.0614514 1.60856
0.006515 329.119 0.232917 152570 0.060913 1.60855
0.006525 329.112 0.232917 152570 0.0603703 1.60858
0.006535 329.096 0.232917 152570 0.0598478 1.60866
0.006545 329.07 0.232917 152570 0.0593201 1.60879
0.006555 329.034 0.232917 152570 0.0587895 1.60896
0.006565 328.987 0.232918 152570 0.0582829 1.60919
0.006575 328.93 0.232918 152570 0.0577245 1.60947
0.006585 328.981 0.232918 152570 0.057184 1.60922
0.006595 329.025 0.232918 152570 0.0566996 1.609
0.006605 329.062 0.232918 152570 0.056183 1.60883
0.006615 329.09 0.232918 152570 0.0556669 1.60869
0.006625 329.11 0.232918 152570 0.0551525 1.60859
0.006635 329.122 0.232918 152570 0.0546269 1.60853
0.006645 329.125 0.232918 152570 0.054093 1.60852
0.006655 329.118 0.232918 152570 0.0535561 1.60855
0.006665 329.102 0.232918 152570 0.0530362 1.60863
0.006675 329.076 0.232918 152570 0.05251 1.60875
0.006685 329.041 0.232918 152570 0.0519794 1.60893
0.006695 328.995 0.232918 152570 0.0514718 1.60915
0.006705 328.939 0.232918 152570 0.0509124 1.60943
0.006715 328.991 0.232918 152570 0.0503664 1.60917
0.006085 329.069 0.232914 152570 0.0849237 1.60877
0.007365 329.95 0.232918 152570 0.0164176 1.60449
0.006725 329.036 0.232918 152570 0.0498764 1.60895
0.006095 329.096 0.232915 152570 0.0843734 1.60864
0.005765 329.446 0.232844 152570 0.101747 1.60679
0.007375 330.067 0.232918 152570 0.0158661 1.60392
0.006105 329.114 0.232915 152570 0.0838235 1.60855
0.006735 329.073 0.232918 152570 0.0493548 1.60877
0.007045 329.269 0.232918 152570 0.0330485 1.60781
0.006115 329.125 0.232915 152570 0.0832534 1.6085
0.007385 330.175 0.232918 152570 0.0153642 1.6034
0.001605 1380.6 0.147654 152570 0.115129 0.379707
0.006745 329.103 0.232918 152570 0.048834 1.60862
0.005775 329.376 0.23285 152570 0.101226 1.60714
0.005445 333.916 0.231931 152570 0.117053 1.58423
0.006125 329.126 0.232915 152570 0.0826793 1.6085
0.007055 329.262 0.232918 152570 0.0325095 1.60784
0.007395 330.273 0.232918 152570 0.0148299 1.60292
0.006755 329.124 0.232918 152570 0.0483146 1.60852
0.003525 2233.87 0.0305516 152569 -0.0248454 0.233815
0.001615 1388.31 0.146929 152570 0.114828 0.377591
0.005785 329.298 0.232856 152570 0.100726 1.60753
0.006135 329.118 0.232916 152570 0.0820768 1.60854
0.005125 367.812 0.225203 152569 0.123901 1.43448
0.005455 333.607 0.232001 152570 0.116634 1.58577
0.007405 330.361 0.232918 152570 0.0142998 1.6025
0.007065 329.246 0.232918 152570 0.0319914 1.60792
0.001285 1127.58 0.17066 152571 0.11764 0.46528
0.006765 329.136 0.232918 152570 0.0477889 1.60846
0.001625 1396 0.146205 152570 0.114533 0.375503
0.003535 2227.99 0.0306362 152569 -0.0249298 0.234425
0.003845 1969.93 0.039847 152570 -0.0515801 0.264897
0.005795 329.21 0.232862 152570 0.100171 1.60797
0.006145 329.101 0.232916 152570 0.0814981 1.60862
0.005465 333.307 0.232066 152570 0.116207 1.58726
0.007415 330.439 0.232918 152570 0.0137734 1.60212
0.004805 515.732 0.199637 152570 0.107602 1.01785
0.005135 365.481 0.22562 152569 0.123969 1.44381
0.007075 329.222 0.232918 152570 0.0314661 1.60804
0.006775 329.14 0.232918 152570 0.0472506 1.60844
0.004485 868.753 0.147985 152571 0.0516249 0.601378
0.001295 1135.6 0.169953 152571 0.117635 0.461981
0.004165 1445.54 0.0800395 152570 -0.0291653 0.360815
0.003545 2222.12 0.0307189 152569 -0.024999 0.235037
0.001635 1403.68 0.145481 152570 0.11425 0.373442
0.005805 329.236 0.232866 152570 0.0996424 1.60785
0.000965 874.309 0.192286 152571 0.113114 0.600772
0.006155 329.074 0.232916 152570 0.0809071 1.60876
0.005475 333.015 0.232127 152570 0.115773 1.58871
5e-06 450.473 0.225531 152570 0.0785263 1.17047
0.003855 1955.18 0.040715 152570 -0.0511889 0.266888
0.007425 330.509 0.232918 152570 0.0132516 1.60178
0.000645 649.483 0.210398 152571 0.100385 0.809997
0.005145 363.225 0.226019 152570 0.124021 1.45296
0.007085 329.188 0.232918 152570 0.0309628 1.60821
0.004815 508.126 0.200837 152570 0.108618 1.03327
0.006785 329.134 0.232918 152570 0.0467112 1.60847
0.003205 2255.73 0.0421272 152569 0.0187495 0.231744
0.004495 853.444 0.149937 152571 0.053925 0.612232
0.001305 1143.61 0.169245 152571 0.117621 0.458729
0.003555 2216.26 0.0307995 152569 -0.0250525 0.235651
0.001925 1617.9 0.124671 152570 0.103139 0.323844
0.004175 1425.27 0.0822332 152570 -0.0264787 0.365948
0.000325 497.928 0.222026 152570 0.0852464 1.05819
0.001645 1411.34 0.144757 152570 0.113974 0.371408
0.002885 2157.15 0.0618609 152569 0.0393417 0.242517
0.005815 329.257 0.232871 152570 0.0991682 1.60776
0.006165 329.037 0.232916 152570 0.0803087 1.60894
0.002565 2018.22 0.0817232 152570 0.0625255 0.259374
0.000975 881.987 0.19165 152571 0.113391 0.595516
0.002245 1831.57 0.10258 152570 0.084802 0.285943
0.005485 332.731 0.232184 152570 0.115333 1.59012
0.003865 1940.41 0.0415831 152570 -0.0505275 0.268912
1.5e-05 450.545 0.225525 152570 0.0785333 1.17028
0.007435 330.571 0.232918 152570 0.0127329 1.60147
0.005155 361.424 0.226398 152570 0.124014 1.46038
0.007095 329.145 0.232918 152570 0.0304105 1.60842
0.000655 655.659 0.209913 152571 0.100869 0.802325
0.006795 329.119 0.232918 152570 0.0461884 1.60854
0.004825 500.641 0.202011 152570 0.109581 1.0489
0.004505 838.207 0.151873 152571 0.0561752 0.623431
0.003215 2258.17 0.0415004 152569 0.018255 0.231488
0.007105 329.212 0.232918 152570 0.0298638 1.60809
0.001315 1151.63 0.168536 152570 0.117599 0.455524
0.006805 329.095 0.232918 152570 0.0456622 1.60866
0.003565 2210.41 0.030878 152569 -0.0250895 0.236267
0.004185 1405.01 0.0844242 152570 -0.0238104 0.371229
0.001935 1624.97 0.123964 152570 0.10265 0.322432
0.001655 1418.98 0.144033 152570 0.113695 0.369401
0.001325 1159.64 0.167825 152570 0.117567 0.452364
0.000335 501.11 0.221788 152570 0.0856434 1.05143
0.005825 329.273 0.232875 152570 0.0986639 1.60769
0.002895 2160.83 0.0612477 152569 0.038622 0.242098
0.001665 1426.61 0.143309 152570 0.113407 0.36742
0.006175 328.989 0.232916 152570 0.0797322 1.60917
0.000985 889.69 0.191011 152571 0.11366 0.590335
0.002575 2023.61 0.0810906 152570 0.0618105 0.258678
0.005495 332.453 0.232237 152570 0.114885 1.59151
0.002255 1837.82 0.10191 152570 0.0841509 0.284966
0.003875 1925.61 0.04245 152570 -0.0496661 0.27097
0.007445 330.627 0.232918 152570 0.0122177 1.60121
2.5e-05 450.692 0.225515 152570 0.0785577 1.1699
0.005165 359.693 0.226761 152570 0.123896 1.46757
0.002585 2028.98 0.0804591 152570 0.0610972 0.257989
0.000665 661.906 0.209423 152571 0.10135 0.794712
0.004835 493.269 0.203158 152570 0.110413 1.06476
0.004515 823.037 0.153792 152571 0.058476 0.634995
0.007115 329.273 0.232918 152570 0.0293734 1.60779
0.003225 2260.61 0.0408727 152569 0.0177709 0.231232
0.005175 358.024 0.227108 152569 0.123541 1.47458
0.006815 329.06 0.232918 152570 0.0451319 1.60883
0.003575 2204.58 0.0309544 152569 -0.0251085 0.236885
0.004195 1384.75 0.0866127 152570 -0.0211587 0.376663
0.001945 1632 0.123258 152570 0.102156 0.321037
0.001335 1167.64 0.167114 152570 0.117527 0.449249
0.005835 329.283 0.232879 152570 0.0981535 1.60765
0.000345 504.399 0.221541 152570 0.0860506 1.04453
0.001675 1434.21 0.142586 152570 0.11311 0.365464
0.006185 328.93 0.232916 152570 0.0791174 1.60946
0.000995 897.417 0.190368 152571 0.113921 0.585227
0.002905 2164.5 0.0606345 152569 0.0379049 0.241683
0.005505 332.179 0.232287 152570 0.11443 1.59287
0.002265 1844.05 0.10124 152570 0.0834959 0.284001
0.007455 330.675 0.232918 152570 0.0116975 1.60097
0.003885 1910.82 0.0433148 152570 -0.0486609 0.273062
0.001005 905.166 0.189722 152571 0.114173 0.580192
3.5e-05 450.916 0.225499 152570 0.0785951 1.16931
0.002595 2034.33 0.0798286 152570 0.0603857 0.257306
0.000675 668.221 0.208926 152571 0.101827 0.78716
0.004845 486.006 0.204279 152570 0.111448 1.08086
0.004525 807.949 0.155693 152574 0.0611648 0.646945
0.007125 329.326 0.232918 152570 0.0288516 1.60753
0.003235 2263.05 0.040244 152569 0.0172968 0.230977
0.006825 329.016 0.232918 152570 0.0446251 1.60905
0.005185 356.413 0.227437 152569 0.122912 1.48141
0.003585 2198.76 0.0310286 152569 -0.0251064 0.237505
0.004205 1364.5 0.0887984 152570 -0.0185219 0.382259
0.001955 1639.02 0.122553 152570 0.101654 0.319658
0.001345 1175.65 0.166401 152570 0.117479 0.446179
0.005845 329.286 0.232882 152570 0.0976268 1.60764
0.001685 1441.8 0.141863 152570 0.112803 0.363534
0.006195 328.978 0.232917 152570 0.0784769 1.60923
0.000355 507.797 0.221286 152570 0.086466 1.0375
0.005515 331.908 0.232334 152570 0.113966 1.59422
0.002275 1850.24 0.100572 152570 0.0828371 0.283046
0.002915 2168.15 0.0600215 152569 0.0371908 0.241271
0.007465 330.716 0.232918 152570 0.0112407 1.60077
0.006205 329.021 0.232917 152570 0.077926 1.60902
0.001015 912.938 0.189074 152571 0.114416 0.575229
0.003895 1896.02 0.0441769 152570 -0.0475517 0.275185
0.000365 511.303 0.221023 152570 0.0868895 1.03034
4.5e-05 451.218 0.225477 152570 0.078646 1.16852
0.002605 2039.65 0.0791991 152570 0.0596762 0.25663
0.000685 674.604 0.208423 152571 0.1023 0.779672
0.004855 478.843 0.205374 152571 0.112188 1.09723
0.004535 795.221 0.157576 152571 0.0627419 0.657362
0.007135 329.371 0.232918 152570 0.0283299 1.60731
0.003245 2265.49 0.0396143 152569 0.0168324 0.230723
0.006835 328.961 0.232918 152570 0.0440673 1.60931
0.003595 2192.96 0.0311004 152569 -0.0250773 0.238127
0.005195 354.859 0.227751 152569 0.122067 1.48805
0.004865 472.848 0.20644 152570 0.112952 1.11132
0.004215 1344.25 0.0909813 152570 -0.0158982 0.388025
0.006845 329.016 0.232918 152570 0.0435211 1.60905
0.001965 1646.01 0.121849 152570 0.101147 0.318296
0.001355 1183.64 0.165688 152570 0.117421 0.443151
0.005855 329.282 0.232885 152570 0.0971011 1.60767
0.001695 1449.38 0.14114 152570 0.112486 0.361628
0.005525 331.638 0.232377 152570 0.1135 1.59556
0.002285 1856.41 0.0999047 152570 0.0821745 0.282101
0.007475 330.75 0.232918 152570 0.010533 1.60061
0.006215 329.057 0.232917 152570 0.0773373 1.60884
0.002925 2171.78 0.0594085 152569 0.0364796 0.240861
0.001025 920.73 0.188422 152571 0.11465 0.570338
0.001365 1191.64 0.164973 152570 0.117357 0.440167
0.001705 1456.93 0.140418 152570 0.112161 0.359747
0.003905 1881.23 0.0450357 152570 -0.0463629 0.277342
0.000375 514.916 0.220751 152570 0.0873206 1.02306
5.5e-05 451.601 0.225449 152570 0.0787103 1.16752
0.002615 2044.95 0.0785706 152570 0.058969 0.255961
0.000695 681.051 0.207914 152571 0.102769 0.77225
0.004545 782.646 0.159438 152571 0.0649234 0.668008
0.007145 329.409 0.232918 152570 0.0278057 1.60713
0.003255 2267.93 0.0389837 152569 0.0163775 0.230469
0.003605 2187.17 0.0311698 152569 -0.025011 0.23875
0.005205 353.361 0.22805 152568 0.121186 1.49451
0.004875 467.002 0.207481 152570 0.11383 1.12543
0.004225 1324 0.0931612 152570 -0.0132866 0.393968
0.004555 770.201 0.161278 152571 0.0670523 0.678888
0.006855 329.063 0.232918 152570 0.0430306 1.60882
0.001975 1652.98 0.121146 152570 0.100634 0.31695
0.005865 329.27 0.232888 152570 0.0965883 1.60773
0.005215 351.919 0.228334 152568 0.120528 1.50079
0.005535 331.368 0.232417 152570 0.113016 1.59691
0.002295 1862.55 0.0992389 152570 0.0815082 0.281167
0.007485 330.777 0.232918 152570 0.0102166 1.60048
0.006225 329.085 0.232917 152570 0.0767523 1.60871
0.001035 928.542 0.187767 152571 0.114876 0.565516
0.002935 2175.4 0.0587955 152569 0.0357716 0.240456
0.001375 1199.62 0.164258 152570 0.117287 0.437225
0.005875 329.25 0.232891 152570 0.0960708 1.60783
0.001715 1464.46 0.139696 152570 0.111828 0.35789
0.007495 330.797 0.232918 152570 0.00962584 1.60038
0.003915 1866.45 0.0458908 152570 -0.0451082 0.279531
0.000385 518.635 0.22047 152570 0.0877589 1.01568
6.5e-05 452.066 0.225416 152570 0.0787881 1.16631
0.002625 2050.23 0.0779431 152570 0.0582645 0.255298
0.000705 687.563 0.2074 152571 0.103234 0.764897
0.007505 330.936 0.232918 152570 0.00908962 1.59971
0.007155 329.438 0.232918 152570 0.0272802 1.60699
0.003265 2270.38 0.0383521 152569 0.0159318 0.230216
0.003615 2181.41 0.0312365 152569 -0.0248908 0.239374
0.004235 1303.74 0.0953379 152570 -0.0106858 0.400097
0.004885 461.297 0.208493 152570 0.114662 1.13955
0.006865 329.103 0.232918 152570 0.042509 1.60862
0.004565 757.885 0.163097 152571 0.0691415 0.69001
0.001985 1659.92 0.120444 152570 0.100115 0.31562
0.005545 331.244 0.232454 152570 0.112551 1.59755
0.002305 1868.67 0.0985743 152570 0.0808384 0.280243
0.005225 350.531 0.228605 152568 0.12031 1.50688
0.004895 455.732 0.209478 152570 0.115455 1.15366
0.006235 329.104 0.232917 152570 0.0761735 1.60861
0.001045 936.372 0.18711 152571 0.115093 0.560765
0.002945 2179 0.0581826 152569 0.0350668 0.240053
0.001385 1207.6 0.163541 152570 0.117211 0.434324
0.005885 329.221 0.232893 152570 0.0955486 1.60798
0.001725 1471.98 0.138975 152570 0.111488 0.356057
0.003925 1851.69 0.0467419 152570 -0.0437934 0.281753
0.000395 522.46 0.220181 152570 0.0882042 1.0082
7.5e-05 452.616 0.225376 152570 0.0788793 1.16488
0.002635 2055.47 0.0773166 152568 0.0575593 0.254641
0.007515 331.069 0.232918 152570 0.00859308 1.59907
0.000715 694.137 0.206879 152571 0.103693 0.757614
0.007165 329.459 0.232918 152570 0.0267556 1.60688
0.003275 2272.82 0.0377194 152569 0.0154951 0.229963
0.003625 2175.67 0.0313003 152569 -0.0246911 0.239998
0.004245 1283.48 0.0975114 152570 -0.00809531 0.406423
0.006875 329.134 0.232918 152570 0.0419881 1.60847
0.004575 745.698 0.164894 152571 0.0712569 0.701381
0.001995 1666.84 0.119743 152570 0.0995893 0.314306
0.005555 331.126 0.232489 152570 0.112105 1.59816
0.002315 1874.76 0.097911 152570 0.080165 0.279329
0.005235 349.195 0.228861 152568 0.120597 1.51279
0.006885 329.157 0.232918 152570 0.0414671 1.60836
0.006245 329.115 0.232917 152570 0.0755888 1.60856
0.004905 450.303 0.210437 152570 0.116207 1.16777
0.001055 944.22 0.18645 152571 0.115301 0.556081
0.002955 2182.59 0.0575696 152569 0.0343654 0.239653
0.001395 1215.57 0.162824 152570 0.117125 0.431464
0.005895 329.183 0.232895 152570 0.0950234 1.60817
0.001735 1479.47 0.138253 152570 0.111139 0.354247
0.003935 1836.94 0.0475884 152570 -0.0424201 0.284008
0.001405 1223.54 0.162106 152570 0.117013 0.428644
0.000405 526.391 0.219884 152570 0.0886559 1.00062
8.5e-05 453.252 0.22533 152570 0.0789839 1.16324
0.002645 2060.37 0.076691 152570 0.0568516 0.254032
0.007525 331.194 0.232918 152570 0.00807297 1.59846
0.000725 700.772 0.206353 152571 0.104151 0.750403
0.007175 329.472 0.232918 152570 0.0262292 1.60682
0.003945 1822.22 0.04843 152570 -0.0409877 0.286297
0.003635 2169.95 0.0313606 152569 -0.0243757 0.240623
0.003285 2275.27 0.0370858 152569 0.0150673 0.22971
0.004255 1263.21 0.0996811 152571 -0.00551479 0.412955
0.004585 733.636 0.166669 152571 0.0730556 0.71301
0.002005 1673.73 0.119043 152570 0.0990581 0.313007
0.005565 331.01 0.232522 152570 0.111648 1.59875
0.003645 2164.28 0.0314168 152570 -0.0238986 0.241247
0.002325 1880.82 0.0972489 152570 0.0794882 0.278425
0.006895 329.172 0.232918 152570 0.0409479 1.60829
0.006255 329.118 0.232917 152570 0.0750002 1.60855
0.005245 347.908 0.229104 152569 0.121259 1.51853
0.001065 952.085 0.185787 152571 0.115501 0.551466
0.005575 330.896 0.232552 152570 0.111117 1.59934
0.004915 445.008 0.211368 152570 0.116918 1.18187
0.002965 2186.16 0.0569566 152569 0.0336674 0.239256
0.005905 329.136 0.232897 152570 0.0944936 1.6084
0.001745 1486.95 0.137533 152570 0.110783 0.352461
0.001415 1231.5 0.161388 152570 0.116838 0.425863
9.5e-05 453.976 0.225277 152570 0.0791019 1.16137
0.000415 530.427 0.219579 152571 0.0891136 0.992965
0.002655 2065.22 0.0760662 152569 0.0561391 0.253429
0.007535 331.311 0.232918 152570 0.00755292 1.5979
0.000735 707.465 0.205821 152571 0.104531 0.743265
0.007185 329.476 0.232918 152570 0.0256869 1.6068
0.003955 1807.52 0.0492663 152570 -0.0394941 0.288618
0.004265 1242.94 0.101847 152571 -0.00294445 0.419704
0.003295 2277.71 0.0364512 152569 0.0146482 0.229458
0.004595 721.7 0.168421 152571 0.0752177 0.724903
0.002015 1680.6 0.118344 152570 0.0985214 0.311724
0.003655 2158.65 0.031468 152570 -0.0232076 0.241869
0.002335 1886.85 0.0965881 152570 0.0788079 0.277531
0.006905 329.177 0.232918 152570 0.0404064 1.60826
0.006265 329.111 0.232917 152570 0.0743929 1.60858
0.005255 346.665 0.229335 152569 0.122031 1.52412
0.001075 959.966 0.185122 152571 0.115691 0.546918
0.005585 330.783 0.23258 152570 0.110825 1.59992
0.004925 439.845 0.212273 152570 0.117594 1.19594
0.006275 329.094 0.232917 152570 0.073821 1.60866
0.002975 2189.71 0.0563434 152569 0.032973 0.238862
0.005915 329.078 0.232899 152570 0.0939856 1.60869
0.001755 1494.4 0.136813 152570 0.110419 0.350696
0.001425 1239.45 0.160669 152571 0.116548 0.423121
0.000105 454.789 0.225218 152570 0.0792331 1.15928
0.000425 534.566 0.219265 152571 0.0895771 0.98523
0.002665 2069.77 0.0754423 152569 0.0554225 0.252869
0.007545 331.421 0.232918 152570 0.0070315 1.59737
0.000745 714.216 0.205284 152571 0.105178 0.736201
0.007195 329.471 0.232918 152570 0.0251449 1.60682
0.003965 1792.86 0.0500967 152570 -0.0379369 0.290974
0.004275 1222.65 0.104009 152571 -0.000384845 0.426683
0.003305 2280.16 0.0358156 152569 0.0142379 0.229206
0.004605 709.888 0.170151 152571 0.0770734 0.737069
0.002025 1687.45 0.117646 152570 0.0979792 0.310455
0.000755 721.024 0.204742 152571 0.105415 0.729215
0.003665 2153.08 0.0315129 152570 -0.0222537 0.242488
0.002345 1892.86 0.0959286 152570 0.0781244 0.276646
0.006915 329.174 0.232918 152570 0.0398705 1.60827
0.001085 967.861 0.184454 152571 0.115873 0.542435
0.005265 345.462 0.229554 152570 0.122636 1.52957
0.005595 330.67 0.232606 152570 0.110165 1.6005
0.006285 329.068 0.232917 152570 0.0732482 1.60879
0.003675 2147.59 0.03155 152570 -0.0210048 0.243101
0.004935 434.811 0.213151 152570 0.118235 1.20999
0.002985 2193.25 0.0557302 152569 0.0322822 0.238471
0.005925 329.01 0.232901 152570 0.0934237 1.60903
0.001765 1501.84 0.136093 152570 0.110048 0.348954
0.001435 1247.39 0.159949 152571 0.116077 0.420417
0.000115 455.694 0.225152 152570 0.0793775 1.15696
0.000435 538.808 0.218943 152571 0.0900457 0.977427
0.002675 2074.29 0.0748191 152569 0.0547022 0.252313
0.007555 331.522 0.232918 152570 0.00650964 1.59688
0.007205 329.458 0.232918 152570 0.0246203 1.60688
0.003975 1778.22 0.0509208 152570 -0.0363137 0.293362
0.004285 1202.35 0.106166 152571 0.00216456 0.433903
0.003315 2282.62 0.0351789 152569 0.0138363 0.228954
0.004615 698.2 0.171858 152571 0.0789738 0.749517
0.002685 2078.78 0.0741967 152569 0.0539804 0.251763
0.002035 1694.27 0.116949 152570 0.0974319 0.309201
0.007215 329.437 0.232918 152570 0.0241207 1.60699
0.000765 727.885 0.204194 152571 0.105917 0.722304
0.002355 1898.84 0.0952702 152570 0.0774376 0.275771
0.006925 329.162 0.232918 152570 0.0393428 1.60833
0.001095 975.77 0.183783 152571 0.116046 0.538018
0.005275 344.294 0.229761 152570 0.122931 1.53489
0.005605 330.555 0.232631 152570 0.109748 1.60109
0.006295 329.031 0.232917 152570 0.0726765 1.60897
0.003685 2142.19 0.0315776 152570 -0.0194629 0.243707
0.004945 429.904 0.214003 152570 0.118843 1.22401
0.002995 2196.78 0.0551167 152569 0.031595 0.238083
0.005935 329.051 0.232903 152570 0.0928841 1.60883
0.001775 1509.25 0.135374 152570 0.109669 0.347234
0.001445 1255.32 0.159228 152571 0.115376 0.417751
0.000125 456.691 0.225079 152570 0.0795351 1.15441
0.000445 543.152 0.218612 152571 0.0905193 0.969563
0.007565 331.616 0.232918 152570 0.00598756 1.59643
0.004295 1182.03 0.108318 152571 0.00470307 0.441379
0.001785 1516.65 0.134656 152570 0.109283 0.345536
0.003985 1763.63 0.0517381 152570 -0.0346219 0.295784
0.003325 2285.08 0.0345412 152569 0.0134434 0.228702
0.004625 686.636 0.173542 152571 0.0808524 0.762251
0.002695 2083.26 0.0735751 152569 0.0532584 0.251217
0.002045 1701.06 0.116253 152570 0.0968796 0.307962
0.007225 329.407 0.232918 152570 0.0235772 1.60714
0.002365 1904.8 0.0946132 152570 0.0767477 0.274905
0.000775 734.799 0.203641 152571 0.106341 0.715472
0.006935 329.14 0.232918 152570 0.0388191 1.60844
0.001105 983.692 0.183111 152571 0.11621 0.533664
0.005285 343.419 0.229957 152570 0.122892 1.53893
0.005615 330.438 0.232653 152570 0.109258 1.60168
0.006305 328.984 0.232917 152570 0.0721331 1.6092
0.003695 2136.9 0.0315941 152570 -0.0176814 0.244303
0.004955 425.121 0.21483 152570 0.119418 1.23798
0.003005 2200.29 0.0545031 152569 0.0309116 0.237697
0.005945 329.088 0.232904 152570 0.0924034 1.60865
0.001455 1263.24 0.158507 152571 0.114436 0.415122
0.000135 457.783 0.225 152570 0.0797057 1.15164
0.007575 331.701 0.232918 152570 0.00546553 1.59602
0.000455 547.597 0.218274 152571 0.0909972 0.961646
0.004305 1161.69 0.110465 152571 0.00738276 0.449125
0.001795 1524.02 0.133938 152570 0.108889 0.343858
0.003995 1749.09 0.0525481 152570 -0.0328594 0.298238
0.003335 2287.54 0.0339025 152569 0.0130591 0.228451
0.004635 675.199 0.175203 152571 0.0827238 0.775279
0.002705 2087.7 0.0729541 152568 0.0525328 0.250676
0.004315 1141.39 0.112607 152578 0.0100557 0.457158
0.002055 1707.83 0.115558 152570 0.0963227 0.306737
0.007235 329.489 0.232918 152570 0.0230379 1.60673
0.002375 1910.72 0.0939573 152570 0.0760548 0.274048
0.006945 329.109 0.232918 152570 0.0382899 1.60859
0.000785 741.765 0.203083 152571 0.106763 0.708718
0.001115 991.627 0.182435 152571 0.116365 0.529374
0.005295 342.585 0.230142 152570 0.122642 1.54279
0.005625 330.318 0.232674 152570 0.10877 1.60229
0.006315 328.926 0.232917 152570 0.0715484 1.60949
0.003705 2131.73 0.0315982 152570 -0.0157734 0.244889
0.004965 420.461 0.21563 152569 0.119956 1.25191
0.005955 329.117 0.232905 152570 0.0918877 1.60851
0.003015 2203.79 0.0538893 152569 0.030232 0.237314
0.001465 1271.15 0.157786 152571 0.113322 0.412529
0.006325 328.975 0.232917 152570 0.070968 1.60925
0.007585 331.778 0.232918 152570 0.0049437 1.59565
0.000145 458.97 0.224913 152570 0.0798893 1.14864
0.001805 1531.38 0.133221 152570 0.108488 0.342202
0.000465 552.141 0.217928 152571 0.0914791 0.953684
0.003025 2207.27 0.0532752 152569 0.0295562 0.236934
0.004005 1734.59 0.0533501 152570 -0.0310243 0.300726
0.001475 1279.05 0.157064 152572 0.112176 0.409972
0.003345 2290.01 0.0332628 152569 0.0126836 0.228199
0.004645 663.891 0.17684 152571 0.0845931 0.788604
0.002715 2091.74 0.0723338 152569 0.0518013 0.25019
0.004325 1124.67 0.114787 152570 0.0116358 0.46395
0.002065 1714.58 0.114864 152570 0.095761 0.305527
0.007245 329.566 0.232918 152570 0.0225563 1.60636
0.004015 1720.15 0.0541437 152570 -0.0291153 0.303246
0.002385 1916.62 0.0933027 152570 0.075359 0.273201
0.006955 329.068 0.232918 152570 0.0377844 1.60879
0.001125 999.572 0.181758 152571 0.116513 0.525147
0.000795 748.781 0.20252 152571 0.107178 0.702043
0.005635 330.195 0.232693 152570 0.108276 1.60291
0.005305 341.789 0.230317 152570 0.122267 1.5465
0.003715 2126.68 0.0315893 152570 -0.0139094 0.245464
0.004975 415.919 0.216406 152569 0.120449 1.26579
0.005965 329.14 0.232906 152570 0.0913721 1.60841
0.006335 329.019 0.232917 152570 0.0704642 1.60903
0.007595 331.848 0.232918 152570 0.00442219 1.59531
0.001815 1538.71 0.132504 152570 0.10808 0.340566
0.000155 460.255 0.224819 152570 0.0800856 1.14541
0.003725 2121.76 0.031568 152570 -0.0123028 0.246028
0.000475 556.785 0.217573 152571 0.0919647 0.945684
0.003035 2210.74 0.0526608 152569 0.0288845 0.236557
0.006345 329.055 0.232917 152570 0.0699281 1.60886
0.001485 1286.94 0.156341 152572 0.111201 0.40745
0.003355 2292.48 0.032622 152569 0.0123169 0.227948
0.004655 652.717 0.178454 152571 0.0864602 0.802228
0.002725 2095.74 0.0717141 152569 0.0510669 0.249707
0.004335 1108.09 0.116956 152570 0.0142077 0.470918
0.002075 1721.3 0.114172 152570 0.0951947 0.30433
0.007255 329.634 0.232918 152570 0.0220436 1.60603
0.004025 1705.77 0.0549284 152570 -0.0271315 0.305798
0.002395 1922.49 0.0926493 152570 0.0746603 0.272362
0.006965 329.017 0.232918 152570 0.0372284 1.60904
0.001135 1007.53 0.181078 152571 0.11665 0.520981
0.000805 755.844 0.201953 152571 0.107586 0.695447
0.005645 330.067 0.232711 152570 0.107775 1.60356
0.005315 341.027 0.230483 152570 0.121875 1.55007
0.004985 411.49 0.217156 152569 0.120888 1.27962
0.005975 329.154 0.232907 152570 0.0908587 1.60834
0.007605 331.909 0.232918 152570 0.00390106 1.59502
0.001825 1546.02 0.131788 152570 0.107665 0.33895
0.000165 461.638 0.224718 152570 0.0802948 1.14196
0.003735 2116.93 0.0315359 152570 -0.0106005 0.246584
0.000485 561.525 0.217211 152571 0.0924534 0.937653
0.006355 329.083 0.232917 152570 0.0693963 1.60872
0.003045 2214.19 0.0520461 152569 0.0282168 0.236182
0.001495 1294.82 0.155618 152572 0.110596 0.404962
0.003365 2294.96 0.0319802 152569 0.0119593 0.227697
0.004665 641.679 0.180044 152571 0.0883146 0.816155
0.002735 2099.72 0.071095 152569 0.0503315 0.249229
0.004345 1091.58 0.119115 152570 0.0167463 0.478068
0.002085 1727.99 0.113481 152570 0.0946236 0.303147
0.007265 329.696 0.232918 152570 0.0215311 1.60573
0.004035 1691.46 0.0557035 152570 -0.0250692 0.308382
0.002405 1928.34 0.0919972 152570 0.0739589 0.271533
0.006975 329.076 0.232918 152570 0.0366817 1.60875
0.001145 1015.49 0.180397 152571 0.116779 0.516876
0.005655 329.934 0.232728 152570 0.107288 1.60423
0.000815 762.955 0.20138 152571 0.107987 0.688932
0.005325 340.295 0.230639 152570 0.12151 1.55352
0.004995 407.168 0.217882 152569 0.12126 1.29341
0.007615 331.963 0.232918 152570 0.00338035 1.59476
0.005665 329.793 0.232743 152570 0.106758 1.60494
0.005985 329.161 0.232908 152570 0.0903172 1.60831
0.001835 1553.31 0.131073 152570 0.107243 0.337355
0.000175 463.121 0.224609 152570 0.0805165 1.13827
0.003745 2111.8 0.0315229 152544 -0.0268778 0.247137
0.006365 329.103 0.232917 152570 0.0688696 1.60862
0.000495 566.362 0.21684 152571 0.0929449 0.929598
0.003055 2217.64 0.051431 152569 0.0275546 0.23581
0.001505 1302.69 0.154895 152572 0.110502 0.402507
0.003375 2297.44 0.0313374 152569 0.0116095 0.227445
0.004675 630.779 0.18161 152570 0.0901341 0.83039
0.002745 2103.68 0.0704764 152569 0.0495955 0.248754
0.004355 1075.14 0.121263 152571 0.0192942 0.485406
0.002095 1734.66 0.11279 152570 0.0940474 0.301978
0.007275 329.749 0.232918 152570 0.0210164 1.60547
0.002415 1934.15 0.0913463 152570 0.073255 0.270712
0.003385 2299.93 0.0306935 152569 0.0112762 0.227194
0.004045 1677.22 0.0564687 152570 -0.0230072 0.310996
0.006985 329.128 0.232918 152570 0.0361911 1.6085
0.001155 1023.47 0.179713 152571 0.116898 0.51283
0.000825 770.111 0.200803 152571 0.108382 0.682497
0.005335 339.591 0.230786 152570 0.121176 1.55684
0.005005 402.943 0.218583 152570 0.12163 1.30718
0.007625 332.009 0.232918 152570 0.00286009 1.59454
0.005675 329.777 0.232757 152570 0.106251 1.60504
0.005995 329.159 0.232909 152570 0.0897849 1.60832
0.001845 1560.58 0.130358 152570 0.106814 0.335779
0.003755 2098.43 0.0323 152570 -0.0436349 0.248746
0.000185 464.704 0.224492 152570 0.0807507 1.13437
0.006375 329.114 0.232917 152570 0.0683332 1.60857
0.000505 571.293 0.216462 152571 0.0934388 0.921527
0.003065 2221.03 0.0508155 152567 0.026896 0.23544
0.001855 1567.82 0.129645 152570 0.106378 0.334222
0.001515 1310.54 0.154172 152572 0.110939 0.400086
0.004685 620.015 0.183153 152570 0.0918891 0.844941
0.002755 2107.62 0.0698584 152569 0.048859 0.248284
0.004365 1058.78 0.123398 152571 0.0218407 0.492938
0.002105 1741.3 0.112101 152570 0.0934659 0.300822
0.007285 329.796 0.232918 152570 0.0205008 1.60524
0.002425 1939.95 0.0906965 152570 0.0725487 0.2699
0.003395 2302.43 0.0300485 152570 0.0113826 0.226942
0.006995 329.172 0.232918 152570 0.0356698 1.60828
0.004055 1663.07 0.0572234 152570 -0.0197338 0.313642
0.001165 1031.45 0.179027 152571 0.117009 0.508843
0.000835 777.312 0.200221 152571 0.10877 0.676142
0.005345 338.914 0.230925 152570 0.120854 1.56005
0.005015 399.453 0.219258 152569 0.121945 1.3188
0.007635 332.047 0.232918 152570 0.00234032 1.59436
0.005685 329.758 0.23277 152570 0.105786 1.60515
0.006005 329.148 0.23291 152570 0.0892523 1.60837
0.003765 2084.63 0.0331064 152569 -0.0436141 0.250385
0.006385 329.117 0.232917 152570 0.0677921 1.60856
0.000195 466.39 0.224369 152570 0.0809973 1.13024
0.000515 576.318 0.216076 152571 0.0939346 0.913445
0.001865 1575.04 0.128932 152570 0.105935 0.332685
0.003075 2223.59 0.0501996 152569 0.0262318 0.235167
0.001525 1318.38 0.153448 152571 0.111802 0.397697
0.004695 609.381 0.184671 152570 0.0935939 0.859825
0.002765 2111.55 0.0692408 152569 0.0481223 0.247818
0.004375 1042.5 0.125522 152571 0.024385 0.500671
0.002115 1747.92 0.111413 152570 0.0928789 0.299679
0.002435 1945.71 0.090048 152570 0.0718401 0.269096
0.007295 329.835 0.232918 152570 0.0199856 1.60505
0.003405 2304.52 0.0294303 152544 -0.00601106 0.226693
0.002775 2115.45 0.0686238 152569 0.0473854 0.247355
0.007005 329.208 0.232918 152570 0.0351495 1.60811
0.004065 1648.82 0.0579987 152555 -0.0379542 0.31632
0.001175 1039.44 0.178339 152571 0.11711 0.504915
0.000845 784.555 0.199635 152571 0.10915 0.669868
0.005355 338.262 0.231056 152570 0.120524 1.56316
0.007645 332.077 0.232918 152570 0.00182142 1.59421
0.005695 329.737 0.232782 152570 0.105293 1.60527
0.005025 396.083 0.219911 152569 0.122298 1.33023
0.003775 2070.73 0.0339184 152569 -0.0447434 0.252058
0.006015 329.128 0.232911 152570 0.0887247 1.60847
0.006395 329.11 0.232917 152570 0.0672473 1.60859
0.000205 468.178 0.224237 152570 0.0812561 1.12589
0.001875 1582.24 0.12822 152570 0.105485 0.331166
0.003785 2056.71 0.0347388 152569 -0.0462166 0.253768
0.000525 581.436 0.215683 152571 0.0944319 0.90536
0.003085 2226.11 0.0495831 152569 0.0255828 0.234896
0.001535 1326.21 0.152724 152571 0.112888 0.39534
0.004705 598.872 0.186164 152572 0.0954549 0.875068
0.004385 1026.29 0.127633 152571 0.0269261 0.508612
0.002125 1754.51 0.110727 152570 0.0922864 0.298549
0.002445 1951.45 0.0894007 152570 0.0711295 0.268301
0.007305 329.867 0.232918 152570 0.0194724 1.60489
0.003415 2298.99 0.0295066 152570 -0.0233885 0.227269
0.002785 2119.33 0.0680072 152569 0.0466487 0.246897
0.007015 329.236 0.232918 152570 0.0346283 1.60797
0.007025 329.256 0.232918 152570 0.034111 1.60788
0.007315 329.893 0.232918 152570 0.018963 1.60477
0.004075 1628.56 0.0601843 152570 -0.0553708 0.32028
0.007035 329.267 0.232918 152570 0.0335821 1.60782
0.004085 1608.15 0.0623995 152570 -0.0513149 0.32434
0.001185 1047.44 0.177649 152571 0.117203 0.501043
0.004095 1587.76 0.0646128 152570 -0.0485478 0.328501
0.004105 1567.4 0.0668239 152570 -0.0457158 0.332767
0.001195 1055.44 0.176958 152571 0.117286 0.497228
0.004115 1547.05 0.0690328 152570 -0.0429061 0.337141
0.001205 1063.44 0.176265 152571 0.117361 0.493468
0.004125 1526.72 0.0712392 152570 -0.0401158 0.341629
0.000855 791.839 0.199045 152571 0.109523 0.663674
0.001215 1071.45 0.175569 152571 0.117427 0.489762
0.004135 1506.4 0.0734431 152570 -0.0373463 0.346235
0.001225 1079.47 0.174873 152571 0.117484 0.48611
0.005365 337.631 0.231179 152570 0.120178 1.56617
0.004145 1486.1 0.0756445 152570 -0.0345982 0.350965
0.001235 1087.48 0.174174 152571 0.117532 0.482511
0.005375 337.022 0.231295 152570 0.119813 1.5691
0.000865 799.163 0.19845 152571 0.109889 0.657561
0.004155 1465.81 0.0778433 152570 -0.0318714 0.355823
0.001245 1095.5 0.173474 152571 0.117571 0.478964
0.005385 336.43 0.231404 152570 0.119432 1.57194
0.007655 332.1 0.232918 152570 0.00130359 1.5941
0.005395 335.853 0.231507 152570 0.119035 1.57473
0.005705 329.712 0.232793 152570 0.104797 1.60541
0.005405 335.289 0.231603 152570 0.118629 1.57746
0.005715 329.683 0.232804 152570 0.104297 1.60557
0.005415 334.921 0.231693 152570 0.118238 1.57927
0.005725 329.648 0.232813 152570 0.103793 1.60575
0.007665 332.115 0.232918 152570 0.000795399 1.59403
0.005425 334.571 0.231777 152570 0.117859 1.58099
0.005035 392.824 0.22054 152569 0.122593 1.34147
0.005735 329.607 0.232822 152570 0.103286 1.60596
0.007675 332.122 0.232918 152570 0.000259795 1.59399
0.005435 334.237 0.231857 152570 0.117461 1.58265
0.006025 329.099 0.232911 152570 0.0881883 1.60862
0.005745 329.56 0.23283 152570 0.102776 1.60621
0.005755 329.507 0.232837 152570 0.102263 1.60648
0.000215 470.07 0.224097 152570 0.081527 1.12133
0.000225 472.067 0.22395 152570 0.0818098 1.11655
0.001885 1589.42 0.127508 152570 0.105029 0.329666
0.000235 474.17 0.223794 152570 0.0821043 1.11157
0.000245 476.379 0.223631 152570 0.0824104 1.10638
0.000255 478.695 0.223459 152570 0.0827277 1.10099
0.001895 1596.58 0.126798 152570 0.104566 0.328184
0.003795 2042.55 0.0355692 152569 -0.0478062 0.25552
0.000265 481.118 0.22328 152570 0.0830576 1.09541
0.001905 1603.71 0.126088 152570 0.104097 0.326719
0.000275 483.648 0.223092 152570 0.0833929 1.08964
0.001915 1610.82 0.125379 152570 0.103621 0.325273
0.000285 486.287 0.222895 152570 0.0838106 1.08369
0.000535 586.644 0.215282 152571 0.0949305 0.897276
0.000295 489.035 0.222691 152570 0.0839726 1.07756
0.000305 491.891 0.222478 152570 0.0845409 1.07126
0.000315 494.855 0.222256 152570 0.0848531 1.06481
0.000545 591.941 0.214873 152571 0.0954298 0.889201
0.003095 2228.61 0.0489659 152569 0.0249464 0.234626
0.000555 597.325 0.214457 152571 0.0959295 0.881139
0.001545 1334.02 0.152 152571 0.113964 0.393015
0.000565 602.797 0.214034 152571 0.0964293 0.873096
0.001555 1341.82 0.151276 152570 0.114837 0.390722
0.000575 608.352 0.213604 152571 0.0969286 0.865077
0.003105 2231.11 0.048348 152569 0.0243225 0.234358
0.001565 1349.6 0.150551 152570 0.115397 0.388459
0.000585 613.991 0.213166 152571 0.0974273 0.857088
0.003115 2233.6 0.0477295 152569 0.0237111 0.234091
0.001575 1357.38 0.149827 152570 0.115633 0.386227
0.000595 619.712 0.212722 152571 0.0979249 0.849131
0.004715 589.934 0.187632 152570 0.0966175 0.88846
0.003125 2236.08 0.0471102 152569 0.023112 0.233826
0.001585 1365.13 0.149102 152570 0.115606 0.384024
0.000605 625.513 0.21227 152571 0.098421 0.841213
0.003135 2238.55 0.0464902 152569 0.0225252 0.233562
0.001595 1372.87 0.148378 152570 0.115409 0.381851
0.000615 631.391 0.211812 152571 0.0989154 0.833337
0.004395 1010.17 0.129732 152571 0.0294618 0.516768
0.000625 637.347 0.211347 152571 0.0994077 0.825506
0.000635 643.378 0.210876 152571 0.0998976 0.817725
0.004405 994.124 0.131817 152571 0.0320001 0.525149
0.002455 1957.16 0.0887546 152570 0.0704171 0.267514
0.004415 978.162 0.133889 152571 0.0345279 0.533761
0.004425 962.283 0.135947 152571 0.037037 0.542614
0.004435 946.488 0.137991 152571 0.0395318 0.551718
0.002465 1962.84 0.0881097 152570 0.069703 0.266736
0.004445 930.777 0.14002 152571 0.0420083 0.561081
0.002135 1761.08 0.110041 152570 0.0916885 0.297432
0.002475 1968.49 0.0874659 152570 0.0689874 0.265965
0.004455 915.148 0.142035 152571 0.0444618 0.570717
0.002485 1974.12 0.0868233 152570 0.0682706 0.265202
0.004465 899.603 0.144034 152571 0.0468868 0.580636
0.002495 1979.73 0.0861819 152570 0.0675529 0.264448
0.004475 884.139 0.146018 152571 0.0492768 0.590851
0.002145 1767.62 0.109357 152570 0.0910852 0.296328
0.002505 1985.3 0.0855416 152570 0.0668344 0.263701
0.003425 2293.05 0.0296093 152569 -0.0231926 0.22785
0.002515 1990.85 0.0849024 152570 0.0661156 0.262961
0.002795 2123.2 0.067391 152569 0.0459124 0.246443
0.002525 1996.38 0.0842644 152570 0.0653966 0.262229
0.002535 2001.87 0.0836274 152570 0.0646777 0.261505
0.003435 2287.11 0.0297106 152569 -0.0234185 0.228435
0.002545 2007.35 0.0829916 152570 0.0639594 0.260787
0.002805 2127.05 0.0667753 152569 0.0451766 0.245992
0.003445 2281.18 0.0298105 152569 -0.0236367 0.229022
0.002555 2012.79 0.0823569 152570 0.0632419 0.260077
0.003455 2275.24 0.0299089 152569 -0.0238389 0.229612
0.007325 329.914 0.232918 152570 0.0184585 1.60466
0.003465 2269.32 0.0300058 152569 -0.0240266 0.230205
0.003475 2263.39 0.030101 152569 -0.0241998 0.2308
0.003485 2257.47 0.0301947 152569 -0.0243583 0.231398
0.007335 329.931 0.232918 152570 0.0179578 1.60458
0.003495 2251.56 0.0302866 152569 -0.0245023 0.231999
0.001255 1103.52 0.172773 152571 0.117602 0.475468
0.007345 329.943 0.232918 152570 0.0174668 1.60453
0.000875 806.525 0.197851 152571 0.110247 0.651528
0.003505 2245.65 0.0303768 152569 -0.0246315 0.232602
0.007355 329.95 0.232918 152570 0.0169394 1.60449
0.003515 2239.76 0.0304651 152569 -0.0247459 0.233207
0.005045 389.671 0.221145 152569 0.122843 1.35252
0.006035 329.059 0.232912 152570 0.0876451 1.60882
0.005055 386.618 0.221727 152569 0.123051 1.3634
0.006045 329.009 0.232913 152570 0.0871214 1.60906
0.005065 383.661 0.222287 152569 0.123225 1.37411
0.006055 328.947 0.232913 152570 0.0865461 1.60936
0.005075 380.796 0.222825 152569 0.123371 1.38465
0.003805 2028.25 0.0364099 152569 -0.0492852 0.257313
0.006065 328.994 0.232913 152570 0.085977 1.60914
0.005085 378.021 0.223342 152569 0.123496 1.395
0.006075 329.035 0.232914 152570 0.0854703 1.60894
0.005095 375.334 0.223837 152569 0.123606 1.40518
0.005105 372.737 0.224312 152569 0.123708 1.41516
0.003145 2241.02 0.0458694 152569 0.0219506 0.233299
0.005115 370.229 0.224767 152569 0.123807 1.42493
0.003155 2243.48 0.0452478 152569 0.021388 0.233038
0.004725 581.158 0.189073 152570 0.0980782 0.902027
0.003165 2245.94 0.0446254 152569 0.0208373 0.232777
0.003175 2248.39 0.0440022 152569 0.0202983 0.232517
0.003185 2250.84 0.0433781 152569 0.0197709 0.232259
0.004735 572.525 0.190487 152570 0.0994238 0.915783
0.002155 1774.13 0.108674 152570 0.0904769 0.295236
0.003195 2253.28 0.0427531 152569 0.0192547 0.232001
0.004745 564.026 0.191875 152570 0.100699 0.92974
0.002815 2130.87 0.0661599 152569 0.0444418 0.245545
0.004755 555.657 0.193236 152570 0.101922 0.943904
0.002825 2134.68 0.0655449 152569 0.043708 0.245102
0.001265 1111.54 0.17207 152571 0.117623 0.472023
0.002835 2138.47 0.0649303 152569 0.0429756 0.244662
0.002845 2142.24 0.0643159 152569 0.0422448 0.244226
0.001275 1119.56 0.171366 152571 0.117636 0.468627
0.002855 2146 0.0637018 152569 0.0415158 0.243794
0.002865 2149.73 0.063088 152569 0.0407888 0.243365
0.000885 813.925 0.197248 152571 0.110597 0.645574
0.002875 2153.45 0.0624744 152569 0.0400641 0.242939
0.000895 821.361 0.196641 152571 0.11094 0.6397
0.003815 2013.82 0.0372598 152569 -0.0504745 0.259149
0.000905 828.831 0.19603 152571 0.111275 0.633906
0.000915 836.334 0.195415 152571 0.111602 0.62819
0.000925 843.87 0.194796 152571 0.111921 0.622552
0.003825 1999.27 0.0381174 152569 -0.0512663 0.261026
0.000935 851.436 0.194174 152571 0.112231 0.616992
0.004765 547.416 0.19457 152570 0.103114 0.958278
0.003835 1984.64 0.0389804 152570 -0.0516264 0.262943
0.000945 859.032 0.193548 152571 0.112534 0.611509
0.000955 866.657 0.192919 152571 0.112828 0.606102
0.002165 1780.62 0.107992 152570 0.0898638 0.294156
0.002175 1787.08 0.107311 152570 0.089246 0.293089
0.004775 539.302 0.195877 152570 0.104281 0.972861
0.002185 1793.52 0.106632 152570 0.0886238 0.292033
0.002195 1799.93 0.105953 152570 0.0879973 0.29099
0.002205 1806.31 0.105276 152570 0.0873665 0.289958
0.004785 531.318 0.197157 152570 0.105423 0.987652
0.002215 1812.67 0.1046 152570 0.0867315 0.288937
0.004795 523.461 0.19841 152570 0.106533 1.00265
0.002225 1818.99 0.103926 152570 0.0860924 0.287928
0.002235 1825.3 0.103253 152570 0.0854492 0.28693
