5e-06 2223.59 0.0002326 302730 -0.00509282 0.462652
1.5e-05 2223.59 0.0002326 302729 -0.0142868 0.462651
2.5e-05 2223.58 0.0002326 302726 -0.0210297 0.462649
3.5e-05 2223.62 0.0002326 302730 -0.0239059 0.462647
4.5e-05 2223.67 0.000232601 302719 -0.0228848 0.46262
5.5e-05 2223.82 0.000232601 302723 -0.0178126 0.462594
6.5e-05 2223.98 0.000232601 302713 -0.0101686 0.462544
7.5e-05 2224.26 0.000232601 302719 -0.00105721 0.462497
8.5e-05 2224.55 0.000232602 302711 0.00768815 0.462425
9.5e-05 2224.89 0.000232602 302713 0.0146759 0.462356
0.000105 2225.22 0.000232602 302717 0.0186481 0.462291
0.000115 2225.56 0.000232603 302721 0.0188287 0.462228
0.000125 2225.88 0.000232603 302725 0.0150759 0.462166
0.000135 2226.26 0.000232604 302735 0.00792889 0.462104
0.000145 2226.64 0.000232605 302730 -0.00132641 0.462016
0.000155 2227.07 0.000232605 302731 -0.0111383 0.461926
0.000165 2227.5 0.000232606 302730 -0.0197891 0.461836
0.000175 2227.93 0.000232607 302727 -0.0258871 0.461744
0.000185 2228.34 0.000232607 302724 -0.0284588 0.461651
0.000195 2228.75 0.000232608 302720 -0.0271426 0.461559
0.000205 2229.16 0.000232609 302716 -0.0222241 0.461469
0.000215 2229.56 0.00023261 302713 -0.0145921 0.46138
0.000225 2229.96 0.000232611 302711 -0.00560088 0.461295
0.000235 2230.35 0.000232612 302711 0.00315973 0.461214
0.000245 2230.73 0.000232613 302712 0.0101315 0.461136
0.000255 2231.11 0.000232614 302716 0.0140443 0.461061
0.000265 2231.49 0.000232615 302719 0.0141627 0.460989
0.000275 2231.91 0.000232616 302731 0.010299 0.460919
0.000285 2232.35 0.000232617 302727 0.00311312 0.460821
0.000295 2232.83 0.000232619 302730 -0.00621626 0.460724
0.000305 2233.32 0.00023262 302731 -0.0160276 0.460625
0.000315 2233.79 0.000232621 302730 -0.0247217 0.460525
0.000325 2234.26 0.000232623 302728 -0.0308579 0.460424
0.000645 2249.07 0.000232661 302722 -0.0431078 0.457337
0.000965 2263.45 0.000255495 302715 -0.043116 0.454347
0.000335 2234.73 0.000232624 302724 -0.0334463 0.460322
0.001285 2275.38 0.000347451 302709 -0.0368993 0.451856
0.000655 2249.48 0.000232682 302718 -0.0384175 0.457246
0.000345 2235.18 0.000232626 302720 -0.032114 0.46022
0.000975 2263.88 0.000257462 302711 -0.0340094 0.454251
0.001605 2283.02 0.000543277 302706 -0.0329119 0.450218
0.000665 2249.93 0.000232763 302721 -0.030828 0.457157
0.001295 2275.7 0.00035182 302707 -0.0283899 0.451785
0.001925 2284.31 0.00105402 302707 -0.0356322 0.449835
0.000355 2235.64 0.000232627 302716 -0.0271616 0.46012
0.000985 2264.31 0.000259423 302709 -0.0246968 0.454158
0.000675 2250.39 0.000233084 302711 -0.0217273 0.457045
0.001305 2276.02 0.000356162 302708 -0.0224673 0.451719
0.001615 2283.18 0.000553826 302707 -0.0290319 0.450185
0.002245 2275.74 0.00216218 302713 -0.0503828 0.451404
0.000365 2236.09 0.000232629 302713 -0.0194997 0.460021
0.000995 2264.74 0.000261376 302708 -0.0168107 0.45407
0.001935 2284.2 0.0010808 302712 -0.0387242 0.44986
0.000685 2250.9 0.000233464 302709 -0.0126912 0.456938
0.001315 2276.33 0.000360475 302710 -0.0201481 0.451657
0.001625 2283.34 0.000564327 302711 -0.0292973 0.450155
0.002565 2248.48 0.00475068 302727 -0.0776187 0.456761
0.000375 2236.53 0.000232631 302711 -0.0104879 0.459926
0.001005 2265.16 0.000263322 302710 -0.0117652 0.453985
0.002255 2275.02 0.00223738 302721 -0.0613159 0.451554
0.001325 2276.64 0.000364759 302714 -0.0218103 0.451599
0.001635 2283.48 0.000574777 302716 -0.0337555 0.450129
0.000695 2251.41 0.000233905 302710 -0.00540446 0.456834
0.001945 2284.08 0.00110745 302717 -0.0464735 0.449887
0.002885 2173.18 0.0113931 302742 -0.103353 0.472453
0.000385 2236.96 0.000232632 302710 -0.00171102 0.459835
0.001015 2265.57 0.000265261 302713 -0.0105091 0.453905
0.002575 2246.28 0.00495378 302734 -0.0898077 0.457214
0.001335 2276.94 0.00036901 302719 -0.0272237 0.451544
0.001645 2283.63 0.000585174 302721 -0.0416762 0.450105
0.002265 2274.3 0.00231215 302728 -0.0739828 0.451704
0.000705 2251.91 0.000234292 302712 -0.0011454 0.456734
0.001955 2283.96 0.00113399 302724 -0.0575346 0.449917
0.000395 2237.39 0.000232634 302712 0.00527354 0.459747
0.001025 2265.97 0.000267191 302717 -0.0133362 0.453827
0.002895 2167.42 0.0118911 302742 -0.106852 0.473702
0.002585 2244.1 0.00515562 302739 -0.100277 0.457663
0.001655 2283.77 0.000595514 302727 -0.051766 0.450082
0.001345 2277.23 0.000373229 302724 -0.0356397 0.45149
0.002275 2273.58 0.00238646 302734 -0.0858459 0.451852
0.001965 2283.83 0.00116039 302730 -0.0695922 0.449947
0.000715 2252.4 0.000234687 302716 -0.000712167 0.456638
0.000405 2237.82 0.000232636 302714 0.00919482 0.459663
0.001035 2266.37 0.000269114 302722 -0.0198158 0.453751
0.002905 2161.68 0.0123866 302740 -0.109925 0.474953
0.002595 2241.92 0.00535616 302741 -0.107136 0.458105
0.001665 2283.9 0.000605795 302731 -0.0624165 0.450058
0.001355 2277.52 0.000377412 302729 -0.045816 0.451436
0.002285 2272.86 0.00246032 302738 -0.0950427 0.451996
0.001975 2283.7 0.00118667 302734 -0.0803034 0.449975
0.000725 2252.89 0.000235083 302720 -0.0042372 0.456544
0.000415 2238.24 0.000232638 302718 0.00932345 0.459581
0.001045 2266.77 0.000271029 302727 -0.0288811 0.453676
0.002915 2155.95 0.0128794 302738 -0.110756 0.476205
0.002605 2239.75 0.00555535 302739 -0.109934 0.458542
0.001675 2284.03 0.000616012 302734 -0.0718839 0.450033
0.001365 2277.8 0.00038156 302732 -0.0560823 0.451381
0.004805 376.079 0.231449 302720 0.00749385 2.78959
0.002295 2272.14 0.00253372 302739 -0.10055 0.452137
0.001985 2283.56 0.00121281 302737 -0.0880813 0.450001
0.000735 2253.37 0.000235477 302724 -0.0111828 0.456451
0.001055 2267.15 0.000272935 302730 -0.0390382 0.453601
0.002925 2150.24 0.0133695 302732 -0.106051 0.477456
0.000425 2238.71 0.00023264 302730 0.00548031 0.459501
0.002615 2237.58 0.00575315 302735 -0.108648 0.458974
0.001685 2284.15 0.000626165 302734 -0.0785282 0.450006
0.001375 2278.07 0.00038567 302733 -0.064625 0.451325
0.002305 2271.42 0.00260663 302736 -0.102042 0.452273
0.001995 2283.42 0.00123881 302736 -0.0920044 0.450023
0.004815 375.925 0.231528 302720 0.00763201 2.79088
0.001065 2267.54 0.000274833 302732 -0.0486257 0.453524
0.000745 2253.84 0.00023587 302728 -0.0204351 0.456358
0.002935 2144.55 0.0138568 302723 -0.0941106 0.478703
0.000435 2239.19 0.000232642 302726 -0.00169078 0.459396
0.001695 2284.27 0.000636251 302732 -0.0811756 0.449975
0.002625 2235.43 0.00594949 302728 -0.102907 0.459401
0.001385 2278.34 0.00038974 302732 -0.0699362 0.451266
0.002315 2270.7 0.00267907 302731 -0.099589 0.452405
0.002005 2283.28 0.00126468 302732 -0.091397 0.450042
0.004825 375.77 0.231603 302721 0.0076432 2.79216
0.001075 2267.91 0.000276723 302732 -0.0560761 0.453446
0.000755 2254.31 0.000236261 302731 -0.0304751 0.456265
0.002945 2138.87 0.0143413 302711 -0.0778563 0.479949
0.000445 2239.72 0.000232644 302729 -0.0110368 0.45929
0.001705 2284.38 0.000646267 302728 -0.0794278 0.449943
0.002635 2233.29 0.00614432 302720 -0.0926386 0.459824
0.001395 2278.61 0.000393771 302729 -0.0711664 0.451205
0.002325 2269.97 0.00275101 302724 -0.0934994 0.452533
0.004835 375.613 0.231674 302721 0.00733042 2.79345
0.002015 2283.13 0.0012904 302727 -0.0861525 0.450058
0.001085 2268.28 0.000278603 302729 -0.0601699 0.453366
0.000765 2254.77 0.000236651 302731 -0.0396292 0.45617
0.002955 2133.22 0.0148228 302702 -0.0640821 0.481202
0.000455 2240.24 0.000232646 302731 -0.0209136 0.459184
0.001715 2284.48 0.000656213 302722 -0.0737334 0.44991
0.001405 2278.86 0.000397761 302724 -0.0682345 0.451144
0.002645 2231.17 0.00633756 302712 -0.0798169 0.460245
0.002335 2269.25 0.00282246 302716 -0.0844785 0.452661
0.004845 375.457 0.231741 302722 0.00675049 2.79475
0.002025 2282.98 0.00131597 302719 -0.0774233 0.450074
0.001095 2268.64 0.000280475 302726 -0.060258 0.453285
0.000775 2255.22 0.00023704 302730 -0.0463724 0.456074
0.002965 2127.58 0.015301 302699 -0.0593426 0.482467
0.000465 2240.76 0.000232648 302730 -0.0297114 0.459076
0.001725 2284.58 0.000666087 302716 -0.0652163 0.449877
0.001415 2279.11 0.000401711 302719 -0.0617576 0.451082
0.002655 2229.05 0.00652915 302706 -0.069042 0.460668
0.002345 2268.53 0.00289339 302710 -0.0736694 0.452792
0.004855 375.389 0.231804 302720 0.00625775 2.79536
0.002035 2282.82 0.0013414 302713 -0.0672829 0.450091
0.001105 2269 0.000282337 302721 -0.0563894 0.453203
0.000785 2255.67 0.000237427 302727 -0.0496105 0.455977
0.000475 2241.27 0.000232651 302728 -0.0359745 0.458967
0.002975 2121.97 0.0157758 302702 -0.066136 0.483743
0.001735 2284.68 0.000675888 302711 -0.0553725 0.449846
0.001425 2279.36 0.000405619 302713 -0.0529026 0.451022
0.002665 2226.95 0.00671898 302703 -0.0643993 0.461094
0.002355 2267.81 0.00296381 302707 -0.0624244 0.452926
0.004865 375.32 0.231863 302720 0.0059769 2.79598
0.002045 2282.66 0.00136667 302708 -0.0574739 0.450111
0.001115 2269.35 0.00028419 302716 -0.0492932 0.453123
0.000795 2256.12 0.000237812 302723 -0.048865 0.455879
0.001435 2279.6 0.000409486 302709 -0.0431966 0.450965
0.000485 2241.78 0.000232653 302725 -0.0386949 0.458857
0.002675 2224.86 0.00690698 302703 -0.0650202 0.461522
0.002985 2116.38 0.0162469 302707 -0.0813842 0.485022
0.001745 2284.77 0.000685617 302707 -0.0457832 0.449819
0.002055 2282.5 0.00139178 302706 -0.0489169 0.450135
0.000805 2256.55 0.000238195 302719 -0.0443385 0.455781
0.001445 2279.83 0.000413313 302707 -0.0342989 0.450911
0.002365 2267.1 0.00303371 302704 -0.0524229 0.453062
0.002685 2222.79 0.00709304 302705 -0.0661561 0.46195
0.004875 375.248 0.231919 302721 0.00589513 2.79662
0.002065 2282.33 0.00141673 302704 -0.0424852 0.450163
0.001125 2269.69 0.000286033 302712 -0.0402331 0.453044
0.000815 2256.99 0.000238577 302714 -0.036866 0.455685
0.001455 2280.06 0.000417102 302707 -0.0277436 0.450862
0.002695 2220.73 0.00727706 302708 -0.0660596 0.462378
0.000495 2242.28 0.000232655 302721 -0.0374778 0.458747
0.002995 2110.82 0.0167141 302712 -0.0974352 0.486303
0.002075 2282.16 0.00144152 302706 -0.0396032 0.450194
0.001755 2284.85 0.000695274 302706 -0.0379465 0.449796
0.000825 2257.41 0.000238956 302711 -0.0277704 0.455592
0.001465 2280.28 0.000420853 302709 -0.0246848 0.450817
0.002375 2266.38 0.00310307 302703 -0.0460429 0.453199
0.002705 2218.69 0.00745893 302716 -0.0688387 0.46281
0.004885 375.173 0.231971 302721 0.0058404 2.79728
0.002085 2281.98 0.00146614 302709 -0.041619 0.45023
0.001135 2270.03 0.000287867 302709 -0.030791 0.452969
0.000835 2257.83 0.000239334 302709 -0.0186462 0.455502
0.001475 2280.5 0.00042457 302712 -0.0256975 0.450776
0.000505 2242.77 0.000232658 302717 -0.0325984 0.458638
0.002715 2216.67 0.00763855 302726 -0.0781976 0.463243
0.003005 2105.29 0.0171771 302720 -0.106529 0.487589
0.002095 2281.81 0.00149059 302715 -0.0487163 0.45027
0.000845 2258.24 0.000239709 302709 -0.0111032 0.455416
0.001765 2284.93 0.000704859 302706 -0.0331848 0.449777
0.002385 2265.66 0.00317189 302705 -0.0457092 0.453342
0.001485 2280.71 0.000428253 302718 -0.0306856 0.450738
0.002725 2214.67 0.0078158 302736 -0.0913927 0.463671
0.004895 375.093 0.23202 302721 0.00563199 2.79797
0.002105 2281.62 0.00151487 302722 -0.0595533 0.450312
0.000855 2258.65 0.000240082 302711 -0.00649946 0.455334
0.001145 2270.36 0.00028969 302708 -0.0226142 0.452898
0.000515 2243.26 0.00023266 302713 -0.0249484 0.458531
0.001495 2280.92 0.000431907 302723 -0.0388991 0.450702
0.002735 2212.68 0.00799058 302741 -0.102383 0.464089
0.003015 2099.79 0.0176356 302731 -0.106859 0.488878
0.002115 2281.44 0.00153896 302729 -0.0718208 0.450355
0.000865 2259.05 0.000240453 302714 -0.00569998 0.455256
0.001775 2285.01 0.000714373 302709 -0.0324896 0.449763
0.002395 2264.95 0.00324016 302711 -0.0520994 0.45349
0.001505 2281.13 0.0004381 302729 -0.0490753 0.450666
0.002745 2210.72 0.00816281 302742 -0.108466 0.464497
0.004905 375.009 0.232066 302721 0.00524157 2.79869
0.002125 2281.25 0.00156288 302734 -0.0831456 0.450396
0.000875 2259.45 0.000240821 302719 -0.00891111 0.455181
0.001155 2270.69 0.000291504 302709 -0.0171123 0.452831
0.001515 2281.33 0.000446481 302732 -0.0595346 0.450625
0.002755 2208.78 0.00833241 302740 -0.110773 0.464898
0.000525 2243.74 0.000232663 302711 -0.015884 0.458427
0.003025 2094.32 0.0180894 302740 -0.103396 0.490164
0.002135 2281.06 0.00158661 302737 -0.0917211 0.450434
0.000885 2259.84 0.000241188 302723 -0.0156264 0.455106
0.001785 2285.07 0.000723818 302714 -0.0362511 0.449752
0.001525 2281.54 0.000457393 302734 -0.0685161 0.450583
0.002765 2206.87 0.00849933 302736 -0.110001 0.465291
0.002405 2264.23 0.00330788 302719 -0.0633055 0.453641
0.002145 2280.86 0.00161014 302737 -0.0964628 0.450468
0.004915 374.922 0.23211 302722 0.00479475 2.79944
0.001165 2271.05 0.000294286 302717 -0.0153271 0.452769
0.000895 2260.27 0.000242118 302734 -0.0248224 0.455033
0.000535 2244.22 0.000232665 302710 -0.00700651 0.458327
0.001535 2281.75 0.000468265 302733 -0.0744462 0.450538
0.003035 2088.9 0.0185382 302744 -0.101701 0.491439
0.002775 2204.97 0.00866351 302730 -0.104774 0.465677
0.002155 2280.66 0.00163349 302734 -0.0968964 0.450499
0.001795 2285.14 0.000733194 302720 -0.0439829 0.449745
0.000905 2260.7 0.00024356 302730 -0.0349385 0.454938
0.002415 2263.52 0.00337503 302728 -0.0761726 0.453792
0.001545 2281.94 0.000479098 302730 -0.0763517 0.450491
0.004925 374.911 0.23215 302721 0.00446095 2.79958
0.002785 2203.1 0.00882496 302722 -0.0942301 0.466055
0.001175 2271.41 0.000297921 302716 -0.017592 0.452692
0.002165 2280.46 0.00165664 302729 -0.0931335 0.450527
0.000915 2261.18 0.000245564 302732 -0.0443339 0.454842
0.000545 2244.69 0.000232668 302711 9.82271e-05 0.45823
0.001555 2282.14 0.000489893 302726 -0.0739971 0.450442
0.003045 2083.51 0.0189818 302742 -0.103312 0.492703
0.002795 2201.25 0.0089837 302712 -0.0806267 0.466427
0.001805 2285.2 0.0007425 302726 -0.0540592 0.449738
0.002175 2280.26 0.00167959 302722 -0.0861441 0.450554
0.000925 2261.64 0.000247562 302731 -0.0513934 0.454744
0.002425 2262.81 0.00344162 302734 -0.0881256 0.45394
0.001565 2282.33 0.000500649 302720 -0.0679083 0.450393
0.004935 374.897 0.232188 302721 0.00426788 2.79976
0.002805 2199.42 0.00913976 302705 -0.0688343 0.466798
0.001185 2271.8 0.00030252 302721 -0.0236281 0.452618
0.002185 2279.82 0.00172156 302685 -0.076457 0.450581
0.000935 2262.1 0.000249554 302728 -0.0550183 0.454645
0.000555 2245.15 0.00023267 302713 0.00413203 0.458138
0.001575 2282.51 0.000511367 302715 -0.0592173 0.450344
0.003055 2078.16 0.0194199 302740 -0.107068 0.493963
0.002815 2197.61 0.00929323 302701 -0.0632947 0.467172
0.001815 2285.2 0.00075835 302724 -0.0655319 0.449731
0.002195 2279.33 0.00177991 302710 -0.0658714 0.45071
0.002435 2262.1 0.00350762 302738 -0.0976698 0.454084
0.000945 2262.56 0.000251541 302724 -0.0546542 0.454545
0.001585 2282.68 0.000522045 302710 -0.0494231 0.450299
0.004945 374.877 0.232223 302721 0.00413362 2.79998
0.002825 2195.82 0.00944419 302702 -0.0651751 0.46755
0.001195 2272.19 0.000307101 302726 -0.0324475 0.452545
0.002205 2278.62 0.00185717 302706 -0.0553396 0.450841
0.000955 2263.01 0.000253521 302720 -0.0504279 0.454445
0.000565 2245.61 0.000232673 302717 0.00432603 0.458048
0.001595 2282.85 0.000532683 302707 -0.0401409 0.450257
0.002835 2194.05 0.00959276 302707 -0.0721201 0.467931
0.003065 2072.86 0.0198523 302739 -0.109613 0.495221
0.001825 2285.19 0.000779773 302735 -0.0757459 0.449745
0.002215 2277.9 0.00193403 302704 -0.0471139 0.450975
0.002445 2261.39 0.00357305 302739 -0.103945 0.454224
0.003205 2004 0.0252253 302739 -0.100828 0.512208
0.004485 397.816 0.224793 302721 0.0139363 2.62904
0.004495 396.347 0.225188 302724 0.0161098 2.6392
0.003215 1999.49 0.0255567 302737 -0.103457 0.513358
0.004505 394.925 0.225566 302724 0.0162251 2.6491
0.004165 518.756 0.199536 302730 0.0135224 2.00273
0.003225 1995.05 0.0258809 302733 -0.104576 0.514497
0.004515 393.547 0.225928 302722 0.0143124 2.65873
0.003525 1552.05 0.0590122 302717 -0.103345 0.661721
0.003235 1990.65 0.026198 302727 -0.101218 0.515622
0.004525 392.21 0.226274 302719 0.0119941 2.66814
0.003845 886.535 0.142196 302716 -0.0495196 1.16298
0.003535 1535.61 0.0603322 302286 -0.0910332 0.667914
0.003245 1982.01 0.026781 302052 -0.0914738 0.516734
0.004535 390.918 0.226604 302723 0.0111163 2.67735
0.002845 2192.29 0.0097391 302715 -0.0801707 0.468314
0.004175 511.727 0.200778 302720 0.00324258 2.03067
0.003545 1514.3 0.0628513 302736 -0.0784535 0.67833
0.003255 1970.05 0.0277993 302713 -0.0786354 0.520992
0.004955 374.851 0.232255 302721 0.0039677 2.80025
0.004545 389.862 0.22692 302720 0.0120494 2.68493
0.004185 504.86 0.201988 302734 -0.00304693 2.0589
0.003555 1490.84 0.0657041 302742 -0.0688571 0.689055
0.001205 2272.57 0.000311664 302729 -0.0426549 0.452472
0.003855 870.037 0.144501 302709 -0.0563787 1.18524
0.003265 1953.79 0.0290854 302708 -0.070321 0.52532
0.004555 388.85 0.227221 302722 0.0137896 2.69228
0.004965 374.817 0.232285 302721 0.00372212 2.80056
0.003565 1467.43 0.0685471 302746 -0.0618046 0.700101
0.004195 498.923 0.203166 302714 -0.00146867 2.08377
0.002855 2188.82 0.0100019 302480 -0.0878466 0.468695
0.001215 2272.94 0.00031621 302732 -0.0525685 0.452398
0.003275 1937.56 0.0303642 302710 -0.07209 0.529724
0.003865 853.7 0.146775 302713 -0.0497596 1.20819
0.004565 387.874 0.227509 302723 0.0147461 2.6994
0.004975 374.779 0.232313 302723 0.0034089 2.80092
0.003575 1444.07 0.0713797 302749 -0.0559612 0.711483
0.004205 493.16 0.20431 302721 0.00700948 2.10869
0.002865 2184.75 0.0103889 302734 -0.0941153 0.46995
0.001225 2273.31 0.000320737 302732 -0.060518 0.452323
0.003285 1921.38 0.0316352 302719 -0.0815277 0.534203
0.003875 837.521 0.149018 302725 -0.0316635 1.23183
0.004575 386.932 0.227783 302722 0.0141114 2.70629
0.004985 374.811 0.232339 302722 0.00309071 2.80072
0.003585 1420.75 0.0742016 302751 -0.0519417 0.723214
0.004215 487.532 0.205423 302730 0.0165867 2.13361
0.002875 2178.95 0.0108924 302739 -0.0994488 0.471202
0.001235 2273.67 0.000325243 302731 -0.0651681 0.452245
0.003295 1905.24 0.0328981 302730 -0.0914944 0.538752
0.000575 2246.07 0.000232676 302721 0.000584717 0.45796
0.003885 821.495 0.15123 302740 -0.0104949 1.25619
0.004585 386.023 0.228045 302721 0.0124292 2.71296
0.004995 374.838 0.232363 302722 0.00286417 2.80057
0.002225 2277.18 0.0020105 302704 -0.0427048 0.451113
0.005005 374.858 0.232384 302722 0.00268123 2.80047
0.005015 374.87 0.232403 302722 0.00251053 2.80042
0.005025 374.873 0.232421 302722 0.00229776 2.80043
0.002235 2276.46 0.00208655 302707 -0.0437019 0.451256
0.005035 374.871 0.232436 302724 0.00204669 2.8005
0.003075 2067.6 0.0202789 302734 -0.104327 0.496468
0.003085 2062.39 0.0206994 302721 -0.087272 0.497697
0.001835 2285.12 0.000807712 302736 -0.0835392 0.449755
0.003095 2057.23 0.0211136 302705 -0.0657363 0.498916
0.003105 2052.13 0.0215214 302697 -0.053856 0.500141
0.003115 2047.07 0.0219227 302699 -0.0581548 0.501377
0.001845 2285.05 0.000835537 302734 -0.0867437 0.449763
0.002455 2260.69 0.00363788 302738 -0.106392 0.454359
0.003125 2042.06 0.0223174 302705 -0.0725835 0.502615
0.003595 1397.49 0.0770122 302750 -0.0516349 0.735305
0.001855 2284.97 0.000863249 302730 -0.0853934 0.449767
0.004225 482.034 0.206503 302734 0.021069 2.1585
0.003135 2037.11 0.0227053 302712 -0.087406 0.503844
0.001245 2274.02 0.00032973 302727 -0.0657809 0.452166
0.001865 2284.89 0.000890847 302724 -0.0797846 0.449771
0.003605 1374.29 0.0798112 302745 -0.0557712 0.747771
0.003305 1889.14 0.0341528 302740 -0.0961009 0.543365
0.003145 2032.22 0.0230864 302718 -0.0974984 0.505068
0.004235 476.661 0.207552 302731 0.0180051 2.18332
0.003895 805.619 0.153411 302751 0.00459927 1.28127
0.001875 2284.81 0.000918331 302718 -0.0711072 0.449774
0.002465 2259.98 0.00370212 302733 -0.104665 0.454489
0.001255 2274.37 0.000334195 302722 -0.0623365 0.452086
0.003615 1351.14 0.082598 302739 -0.0639861 0.760628
0.004595 385.144 0.228294 302719 0.0110202 2.71944
0.003155 2027.37 0.0234606 302728 -0.102262 0.506288
0.003315 1873.09 0.0353987 302745 -0.0948522 0.548035
0.004245 471.411 0.20857 302722 0.0102352 2.2081
0.000585 2246.51 0.000232678 302725 -0.00650614 0.457874
0.001885 2284.72 0.000945701 302712 -0.0610276 0.449779
0.002475 2259.28 0.00376575 302726 -0.0986817 0.454616
0.001265 2274.71 0.000338637 302717 -0.0555023 0.452007
0.003905 790.063 0.15556 302816 0.00838364 1.30707
0.003625 1328.06 0.0853723 302729 -0.0773361 0.773892
0.003165 2022.59 0.0238277 302737 -0.102812 0.5075
0.003325 1857.08 0.0366357 302746 -0.0908867 0.552764
0.004605 384.296 0.228532 302722 0.0108952 2.72578
0.004255 466.277 0.209557 302715 0.00367217 2.23288
0.001895 2284.62 0.000972955 302708 -0.0511598 0.449787
0.001275 2275.05 0.000343057 302712 -0.0464983 0.45193
0.002485 2258.58 0.00382876 302718 -0.0890632 0.454741
0.000595 2246.96 0.000232681 302729 -0.0157909 0.457787
0.003635 1305.04 0.0881334 302716 -0.096173 0.78758
0.003175 2017.86 0.0241878 302742 -0.10109 0.508698
0.003915 776.383 0.157676 302744 0.000267698 1.33008
0.003335 1841.13 0.0378634 302745 -0.0871402 0.557557
0.004615 383.617 0.228758 302721 0.0117842 2.73087
0.004265 461.276 0.210514 302728 0.00324234 2.25771
0.001905 2284.52 0.00100009 302705 -0.0428433 0.449799
0.005045 374.936 0.23245 302722 0.00176122 2.80003
0.002495 2257.88 0.00389116 302711 -0.077667 0.454867
0.001915 2284.42 0.00102711 302705 -0.0372793 0.449815
0.000605 2247.39 0.000232683 302731 -0.0257372 0.457699
0.005055 374.994 0.232462 302722 0.00152148 2.79962
0.003645 1282.1 0.0908811 302704 -0.112304 0.801724
0.003185 2013.18 0.0245408 302743 -0.0993617 0.50988
0.005065 375.045 0.232472 302722 0.00128425 2.79926
0.003925 763.06 0.159757 302731 -0.0143067 1.35355
0.003655 1259.22 0.0936146 302704 -0.11047 0.816373
0.003345 1825.24 0.0390815 302743 -0.0866349 0.562416
0.003195 2008.56 0.0248866 302741 -0.0991614 0.511049
0.005075 375.087 0.232481 302722 0.0010629 2.79897
0.004625 382.963 0.228974 302722 0.012763 2.73582
0.003665 1236.42 0.0963336 302719 -0.0858416 0.831561
0.004275 456.944 0.21144 302719 0.00867841 2.27957
0.002505 2257.19 0.00395293 302706 -0.0672025 0.454996
0.003675 1213.69 0.0990375 302743 -0.0552077 0.847294
0.000615 2247.82 0.000232685 302731 -0.0346899 0.45761
0.004285 452.749 0.212336 302727 0.0161897 2.30127
0.003935 749.92 0.161804 302717 -0.0291099 1.37752
0.003685 1191.04 0.101726 302751 -0.0331837 0.863533
0.002515 2256.49 0.00401406 302705 -0.0598407 0.455128
0.000625 2248.24 0.000232689 302729 -0.0411637 0.45752
0.003355 1809.41 0.0402897 302739 -0.094454 0.567339
0.004295 448.665 0.213203 302731 0.0204135 2.32277
0.003945 736.961 0.163815 302710 -0.0367847 1.40203
0.005085 375.121 0.232487 302722 0.000844375 2.79873
0.003695 1168.47 0.104398 302754 -0.0268854 0.880329
0.002525 2255.8 0.00407455 302705 -0.0560376 0.455264
0.000635 2248.66 0.000232702 302726 -0.0441119 0.457428
0.004635 382.329 0.229179 302722 0.0128605 2.74064
0.004305 444.689 0.214041 302728 0.0187395 2.34404
0.003365 1793.63 0.0414876 302731 -0.111673 0.572322
0.003955 724.18 0.165792 302712 -0.0326567 1.42712
0.003705 1145.98 0.107053 302753 -0.0271896 0.897716
0.005095 375.146 0.232492 302722 0.000616491 2.79855
0.003965 711.573 0.167735 302723 -0.0179406 1.4528
0.002535 2254.43 0.00418487 302614 -0.0558074 0.455402
0.003715 1123.57 0.10969 302749 -0.0305522 0.915732
0.004645 381.71 0.229374 302721 0.0119214 2.74533
0.005105 375.163 0.232496 302722 0.000379579 2.79843
0.003975 699.135 0.169644 302737 0.00031811 1.47907
0.004315 440.816 0.21485 302722 0.0129823 2.3651
0.002545 2252.9 0.00434085 302712 -0.0591224 0.455853
0.003725 1101.24 0.11231 302743 -0.0391526 0.934405
0.003375 1777.92 0.042675 302717 -0.125392 0.577364
0.005115 375.172 0.232497 302722 0.00012404 2.79837
0.004655 381.106 0.22956 302720 0.0106365 2.74993
0.003985 686.862 0.171519 302747 0.0132218 1.50591
0.002555 2250.69 0.00454636 302719 -0.0666576 0.456306
0.004325 437.041 0.215631 302716 0.00778224 2.386
0.003735 1079.52 0.114914 302870 -0.0543076 0.953749
0.003385 1762.28 0.0438515 302703 -0.116526 0.582474
0.004665 380.517 0.229737 302722 0.00993931 2.75445
0.003745 1060.67 0.117528 302715 -0.0717929 0.970341
0.003995 674.747 0.17336 302747 0.0150453 1.53332
0.003395 1746.7 0.0450168 302697 -0.0854267 0.587667
0.004335 433.374 0.216385 302726 0.00719121 2.40677
0.004675 380.068 0.229905 302720 0.0101074 2.75792
0.003755 1042.5 0.120121 302707 -0.0812524 0.987381
0.004005 662.787 0.175169 302738 0.00602403 1.56132
0.003405 1731.21 0.0461707 302701 -0.0579324 0.59295
0.004345 430.237 0.217112 302719 0.0111367 2.42478
0.004685 379.634 0.230065 302721 0.0107393 2.76131
0.003765 1024.5 0.122687 302710 -0.0751145 1.0049
0.004015 651.057 0.176944 302762 -0.00824317 1.58997
0.003415 1715.78 0.0473127 302713 -0.0556116 0.598318
0.004355 427.208 0.217813 302725 0.016599 2.44251
0.004695 379.211 0.230216 302722 0.0110838 2.76462
0.003775 1006.66 0.125225 302723 -0.0545662 1.02292
0.004025 640.655 0.178685 302713 -0.0199013 1.61592
0.003425 1700.44 0.0484425 302728 -0.0712584 0.603763
0.004365 424.27 0.218487 302728 0.0194303 2.45995
0.004705 378.796 0.230361 302721 0.0107041 2.76786
0.003785 988.995 0.127737 302739 -0.0298725 1.04142
0.004035 630.504 0.180392 302710 -0.0220306 1.64232
0.003435 1685.18 0.04956 302740 -0.0833582 0.609272
0.004375 421.418 0.219136 302726 0.0178655 2.47707
0.004715 378.389 0.230497 302721 0.00979456 2.77103
0.003795 971.498 0.13022 302751 -0.0119911 1.0604
0.004045 620.519 0.182065 302717 -0.0133005 1.6692
0.003445 1670.01 0.0506647 302745 -0.0827764 0.614839
0.004385 418.649 0.219761 302721 0.0128502 2.4939
0.003805 954.171 0.132674 302754 -0.00524312 1.07986
0.004725 377.992 0.230627 302722 0.00897922 2.77416
0.004055 610.695 0.183703 302729 0.00177475 1.69655
0.003455 1654.92 0.0517564 302747 -0.0757277 0.620466
0.004395 415.957 0.220362 302713 0.011123 2.51045
0.003815 937.012 0.135099 302750 -0.00831097 1.09982
0.004735 377.712 0.23075 302720 0.00872847 2.77638
0.004065 601.028 0.185308 302740 0.0150278 1.72433
0.003465 1639.93 0.0528348 302746 -0.0706132 0.62616
0.004405 413.348 0.22094 302725 0.00934944 2.52686
0.003825 920.02 0.137495 302741 -0.0188917 1.12031
0.004745 377.441 0.230867 302720 0.00898027 2.77857
0.004075 591.511 0.186879 302743 0.0194484 1.75253
0.003475 1625.03 0.0538996 302744 -0.0714186 0.63192
0.004415 411.139 0.221494 302720 0.0130675 2.54087
0.003835 903.195 0.139861 302728 -0.034419 1.14135
0.004755 377.174 0.230978 302721 0.00929885 2.78072
0.004085 582.14 0.188418 302736 0.0133156 1.78114
0.003485 1610.23 0.0549506 302739 -0.0790806 0.637742
0.004425 409.013 0.222027 302724 0.016723 2.55457
0.004765 376.91 0.231082 302721 0.00923716 2.78284
0.004095 572.909 0.189923 302724 0.00110089 1.81023
0.004435 406.955 0.222538 302726 0.0180696 2.56794
0.004775 376.648 0.231182 302721 0.00870108 2.78493
0.004105 563.866 0.191397 302742 -0.00914078 1.83983
0.003495 1595.53 0.0559876 302730 -0.0918441 0.643626
0.004445 404.962 0.223028 302724 0.0162222 2.581
0.004785 376.391 0.231276 302722 0.00798792 2.787
0.004115 555.939 0.192837 302711 -0.0113232 1.86634
0.003505 1580.93 0.0570103 302720 -0.104137 0.649578
0.004455 403.031 0.223498 302720 0.0129048 2.59377
0.004795 376.233 0.231365 302720 0.0075563 2.7883
0.004125 548.216 0.194243 302717 -0.00379364 1.89314
0.003515 1566.44 0.0580184 302715 -0.108941 0.655607
0.004465 401.157 0.223948 302718 0.0108027 2.6063
0.004135 540.641 0.195616 302728 0.00873782 1.92022
0.004475 399.343 0.22438 302724 0.0114824 2.6186
0.004145 533.208 0.196955 302737 0.0187256 1.94752
0.004155 525.915 0.198262 302738 0.0204177 1.97503
