0.007365 351.916 0.232917 194560 0.0109593 1.91836
0.007375 351.931 0.232917 194560 0.010596 1.91828
0.007385 352.017 0.232917 194560 0.0102354 1.91781
0.007395 352.098 0.232917 194560 0.00989939 1.91737
0.007405 352.175 0.232917 194560 0.0095513 1.91695
0.007415 352.247 0.232917 194560 0.00920527 1.91656
0.007425 352.314 0.232917 194560 0.00886039 1.9162
0.007435 352.377 0.232917 194560 0.00851682 1.91586
0.007445 352.434 0.232917 194560 0.00817417 1.91554
0.007455 352.487 0.232917 194560 0.00783198 1.91526
0.007465 352.535 0.232917 194560 0.0074897 1.91499
0.007475 352.578 0.232917 194560 0.00714702 1.91476
0.007485 352.616 0.232917 194560 0.00680308 1.91455
0.007495 352.649 0.232918 194560 0.00646562 1.91438
0.007505 352.677 0.232918 194560 0.00611083 1.91423
0.007515 352.776 0.232918 194560 0.00575529 1.91369
0.007525 352.87 0.232918 194560 0.00541758 1.91318
0.007535 352.958 0.232918 194560 0.00506875 1.9127
0.007545 353.041 0.232918 194560 0.00471965 1.91225
0.007555 353.117 0.232918 194560 0.00436982 1.91184
0.007565 353.188 0.232918 194560 0.00401973 1.91146
0.007575 353.252 0.232918 194560 0.00366955 1.91111
0.007585 353.311 0.232918 194560 0.00331941 1.91079
0.007595 353.363 0.232918 194560 0.00296942 1.91051
0.007605 353.41 0.232918 194560 0.00261962 1.91026
0.007615 353.45 0.232918 194560 0.00227004 1.91004
0.007625 353.485 0.232918 194560 0.00192071 1.90985
0.007635 353.514 0.232918 194560 0.00157167 1.90969
0.007645 353.537 0.232918 194560 0.00122314 1.90957
0.007655 353.554 0.232918 194560 0.000875289 1.90948
0.007665 353.566 0.232918 194560 0.000533367 1.90941
0.003525 1943.81 0.107663 194560 0.0016316 0.34399
0.006725 350.718 0.232898 194560 0.0331355 1.92485
0.007675 353.571 0.232918 194560 0.000174502 1.90938
0.006735 350.687 0.232899 194560 0.0327882 1.92503
0.003535 1945.33 0.107406 194560 0.00113946 0.343714
0.006745 350.651 0.232901 194560 0.0324562 1.92523
0.003845 1983.63 0.0995729 194560 -0.011976 0.336838
0.003545 1946.83 0.10715 194560 0.000650359 0.343441
0.006755 350.609 0.232902 194560 0.0320934 1.92547
0.003205 1882.82 0.116251 194560 0.0185735 0.355371
0.003555 1948.32 0.106894 194560 0.000164321 0.34317
0.006765 350.637 0.232903 194560 0.0317342 1.92531
0.003855 1984.7 0.0993232 194560 -0.0123079 0.336649
0.003215 1885.15 0.115968 194560 0.0180255 0.354924
0.003565 1949.8 0.106639 194560 -0.000318607 0.342901
0.006775 350.661 0.232904 194560 0.0314087 1.92519
0.003865 1985.77 0.099074 194560 -0.0126346 0.336461
0.007045 350.915 0.232916 194560 0.02206 1.92383
0.003225 1887.47 0.115686 194560 0.017478 0.354482
0.003575 1951.27 0.106384 194560 -0.00079838 0.342635
0.006785 350.681 0.232905 194560 0.031066 1.92508
0.003875 1986.84 0.0988253 194560 -0.0129561 0.336273
0.003235 1889.77 0.115405 194560 0.0169309 0.354044
0.007055 350.943 0.232916 194560 0.0217135 1.92368
0.003585 1952.73 0.106129 194560 -0.00127496 0.342371
0.006795 350.696 0.232906 194560 0.0307243 1.925
0.003885 1987.92 0.0985773 194560 -0.0132728 0.336085
0.003245 1892.05 0.115125 194560 0.0163843 0.353611
0.007065 350.967 0.232917 194560 0.0213669 1.92355
0.003595 1954.18 0.105875 194560 -0.00174829 0.342109
0.006805 350.706 0.232907 194560 0.0303847 1.92494
0.003895 1988.99 0.0983299 194560 -0.0135848 0.335897
0.003255 1894.32 0.114847 194560 0.0158382 0.353181
0.002885 1794.03 0.125992 194560 0.0360256 0.373142
0.003605 1955.61 0.105621 194560 -0.00221835 0.34185
0.007075 350.984 0.232917 194560 0.0210205 1.92345
0.006815 350.712 0.232908 194560 0.0300407 1.92491
0.003905 1990.07 0.0980834 194560 -0.0138924 0.335709
0.003265 1896.56 0.114569 194560 0.0152928 0.352756
0.003615 1957.04 0.105367 194560 -0.00268507 0.341592
0.002245 1542.26 0.149704 194560 0.0664177 0.434314
0.002895 1797.21 0.125666 194560 0.0354889 0.372477
0.007085 350.997 0.232917 194560 0.0206775 1.92339
0.003915 1991.15 0.0978378 194560 -0.0141958 0.33552
0.006825 350.714 0.232909 194560 0.0296924 1.92491
0.003275 1898.79 0.114293 194560 0.0147481 0.352336
0.003625 1958.46 0.105114 194560 -0.00314843 0.341337
0.002255 1546.88 0.149295 194560 0.0659934 0.433014
0.002905 1800.36 0.125342 194560 0.034951 0.371819
0.007095 351.003 0.232917 194560 0.0203253 1.92335
0.003925 1992.24 0.0975932 194560 -0.0144952 0.335332
0.006835 350.711 0.23291 194560 0.0293408 1.92493
0.003635 1959.87 0.10486 194560 -0.00360837 0.341083
0.003285 1901 0.114017 194560 0.0142041 0.351919
0.002265 1551.48 0.148887 194560 0.065567 0.431726
0.002915 1803.5 0.125019 194560 0.0344122 0.371167
0.007105 351.004 0.232917 194560 0.019974 1.92334
0.003935 1993.33 0.0973498 194560 -0.0147909 0.335143
0.006845 350.703 0.23291 194560 0.0290013 1.92497
0.003645 1961.27 0.104607 194560 -0.00406489 0.340832
0.003295 1903.2 0.113743 194560 0.0136608 0.351506
0.007115 350.999 0.232917 194560 0.0196259 1.92337
0.002275 1556.06 0.14848 194560 0.0651387 0.43045
0.002925 1806.62 0.124697 194560 0.0338723 0.370522
0.003945 1994.42 0.0971077 194560 -0.0150832 0.334955
0.003655 1962.66 0.104354 194560 -0.00451647 0.340582
0.003305 1905.37 0.113469 194560 0.0131184 0.351097
0.006855 350.69 0.232911 194560 0.0286588 1.92505
0.007125 350.989 0.232917 194560 0.019278 1.92343
0.002565 1680.8 0.137173 194560 0.0521224 0.398413
0.002285 1560.63 0.148074 194560 0.0647083 0.429187
0.002935 1809.72 0.124377 194560 0.0333316 0.369883
0.003955 1995.52 0.0968671 194560 -0.0153723 0.334765
0.003665 1964.03 0.104102 194559 -0.00495445 0.340335
0.003315 1907.53 0.113197 194560 0.0125769 0.350693
0.006865 350.672 0.232911 194560 0.0283135 1.92515
0.007135 351.049 0.232917 194560 0.0189159 1.9231
0.002295 1565.18 0.147669 194560 0.0642759 0.427937
0.002945 1812.8 0.124059 194560 0.0327901 0.36925
0.003965 1996.62 0.0966281 194560 -0.0156584 0.334576
0.003325 1909.68 0.112925 194560 0.0120364 0.350292
0.003675 1965.17 0.103849 194560 -0.0054102 0.340131
0.006875 350.649 0.232912 194560 0.0279816 1.92527
0.007145 351.105 0.232917 194560 0.01859 1.92279
0.002305 1569.71 0.147266 194560 0.0638417 0.426699
0.002955 1815.86 0.123741 194560 0.0322479 0.368623
0.003975 1997.73 0.096391 194560 -0.0159421 0.334386
0.003335 1911.8 0.112655 194560 0.0114968 0.349895
0.003685 1966.29 0.103597 194560 -0.00584851 0.339929
0.006885 350.621 0.232912 194560 0.0276194 1.92543
0.007155 351.156 0.232917 194560 0.0182452 1.92251
0.002315 1574.22 0.146863 194560 0.0634057 0.425473
0.002575 1684.77 0.136802 194560 0.0516603 0.39747
0.003985 1998.84 0.0961558 194560 -0.0162236 0.334196
0.002965 1818.9 0.123426 194560 0.031705 0.368002
0.003345 1913.91 0.112385 194560 0.01096 0.349503
0.003695 1967.4 0.103344 194560 -0.00627923 0.339728
0.006895 350.662 0.232913 194560 0.0272575 1.92521
0.007165 351.203 0.232917 194560 0.0179013 1.92226
0.002325 1578.71 0.146461 194560 0.0629679 0.424258
0.003995 1999.96 0.0959229 194560 -0.0165036 0.334005
0.002975 1821.91 0.123111 194560 0.0311616 0.367387
0.003355 1916 0.112116 194559 0.0104323 0.349113
0.004165 2021.04 0.0925703 194560 -0.0214 0.330492
0.003705 1968.51 0.103092 194560 -0.00670347 0.339529
0.006905 350.698 0.232913 194560 0.0269294 1.92501
0.007175 351.245 0.232917 194560 0.0175568 1.92203
0.002335 1583.19 0.14606 194560 0.0625286 0.423056
0.004005 2001.08 0.0956924 194560 -0.0167824 0.333814
0.002985 1824.91 0.122798 194560 0.0306177 0.366777
0.002585 1688.73 0.136432 194560 0.0512021 0.396535
0.003365 1917.76 0.111848 194560 0.0098846 0.348787
0.004175 2022.36 0.0924285 194560 -0.0217156 0.330278
0.003715 1969.62 0.10284 194560 -0.0071212 0.339331
0.006915 350.729 0.232914 194560 0.026582 1.92484
0.007185 351.282 0.232917 194560 0.0172123 1.92183
0.002345 1587.64 0.145661 194560 0.0620877 0.421865
0.004015 2002.21 0.0954646 194560 -0.0170609 0.333623
0.002995 1827.89 0.122486 194560 0.0300734 0.366174
0.003375 1919.5 0.111582 194560 0.00934872 0.348464
0.004185 2023.68 0.0922953 194560 -0.0220383 0.330063
0.003725 1970.71 0.102588 194560 -0.00753243 0.339134
0.006925 350.755 0.232914 194560 0.0262348 1.9247
0.007195 351.314 0.232917 194560 0.0168675 1.92165
0.002355 1592.08 0.145262 194560 0.0616455 0.420686
0.004025 2003.34 0.0952397 194560 -0.0173397 0.333431
0.003005 1830.86 0.122176 194560 0.0295287 0.365577
0.003385 1921.22 0.111315 194560 0.00881616 0.348144
0.004195 2025 0.0921714 194560 -0.0223696 0.329848
0.003735 1971.8 0.102336 194560 -0.00793718 0.338939
0.002595 1692.6 0.136064 194560 0.0507283 0.395624
0.006935 350.775 0.232914 194560 0.0258871 1.92459
0.007205 351.341 0.232917 194560 0.0165225 1.9215
0.002365 1596.5 0.144865 194560 0.0612019 0.419518
0.004035 2004.48 0.095018 194560 -0.0176181 0.333239
0.003015 1833.8 0.121867 194560 0.0289839 0.364985
0.003395 1922.92 0.11105 194560 0.00828596 0.347828
0.004205 2026.32 0.0920571 194560 -0.0227113 0.329633
0.003745 1972.89 0.102084 194560 -0.00833548 0.338744
0.006945 350.789 0.232915 194560 0.0255413 1.92452
0.007215 351.363 0.232917 194560 0.0161775 1.92138
0.002375 1600.9 0.144469 194560 0.0607569 0.418361
0.004045 2005.63 0.0947998 194560 -0.0178866 0.333046
0.003025 1836.72 0.12156 194560 0.0284389 0.364399
0.003755 1973.97 0.101832 194560 -0.00872735 0.33855
0.004215 2027.65 0.0919529 194560 -0.0230653 0.329419
0.003405 1924.62 0.110785 194560 0.00775822 0.347515
0.006955 350.797 0.232915 194560 0.0251927 1.92447
0.002605 1696.45 0.135697 194560 0.0502568 0.394722
0.006405 352.402 0.232679 194560 0.0437824 1.91524
0.002385 1605.29 0.144074 194560 0.0603104 0.417216
0.007225 351.38 0.232917 194560 0.0158326 1.92129
0.004055 2006.88 0.0945853 194560 -0.0181838 0.332835
0.004225 2028.97 0.0918593 194560 -0.0234338 0.329205
0.003765 1975.05 0.101581 194560 -0.00911285 0.338357
0.003035 1839.62 0.121254 194560 0.0278938 0.363819
0.003415 1926.29 0.110522 194560 0.00723298 0.347205
0.006965 350.799 0.232915 194560 0.0248378 1.92446
0.002395 1609.65 0.14368 194560 0.0598622 0.416081
0.006415 352.292 0.232696 194560 0.0434733 1.91587
0.007235 351.392 0.232917 194560 0.0154905 1.92123
0.004065 2008.14 0.0943748 194560 -0.0184679 0.332624
0.004235 2030.3 0.0917767 194560 -0.0238191 0.328992
0.003775 1976.13 0.101329 194560 -0.00949203 0.338166
0.003045 1842.5 0.120949 194560 0.0273488 0.363244
0.003425 1927.95 0.110259 194560 0.00671027 0.346898
0.006975 350.795 0.232915 194560 0.0244811 1.92448
0.002405 1614 0.143287 194560 0.0594124 0.414958
0.002615 1700.29 0.135332 194560 0.0497835 0.393828
0.007245 351.398 0.232917 194560 0.0151411 1.92119
0.006425 352.185 0.232711 194560 0.0431621 1.91647
0.004075 2009.41 0.0941688 194560 -0.0187508 0.332413
0.004245 2031.62 0.0917058 194560 -0.0242238 0.328779
0.003785 1977.21 0.101077 194560 -0.00986494 0.337974
0.003055 1845.37 0.120646 194560 0.0268053 0.362675
0.003435 1929.6 0.109996 194560 0.00619014 0.346594
0.006985 350.786 0.232915 194560 0.0241359 1.92454
0.002415 1618.32 0.142895 194560 0.0589609 0.413845
0.007255 351.4 0.232917 194560 0.0147893 1.92118
0.004085 2010.68 0.0939674 194560 -0.0190346 0.332201
0.006435 352.08 0.232726 194560 0.0428486 1.91707
0.004255 2032.93 0.0916468 194560 -0.0246505 0.328568
0.003795 1978.28 0.100826 194560 -0.0102317 0.337784
0.003065 1848.21 0.120344 194560 0.0262681 0.362111
0.002425 1622.63 0.142505 194560 0.0585079 0.412742
0.003445 1931.23 0.109735 194560 0.00567262 0.346294
0.006995 350.77 0.232916 194560 0.0238024 1.92462
0.007265 351.473 0.232917 194560 0.0144277 1.92078
0.004095 2011.95 0.0937711 194560 -0.0193199 0.331989
0.006445 351.977 0.232739 194560 0.0425332 1.91765
0.004265 2034.24 0.0916004 194560 -0.0251018 0.328358
0.004485 2055.71 0.0946125 194560 -0.0466532 0.324928
0.003805 1979.35 0.100575 194560 -0.0105923 0.337594
0.002625 1704.11 0.134967 194560 0.0493078 0.392942
0.003075 1850.81 0.120043 194560 0.0257119 0.361598
0.002435 1626.92 0.142116 194560 0.0580536 0.41165
0.003455 1932.85 0.109474 194560 0.00515777 0.345996
0.007005 350.749 0.232916 194560 0.0234418 1.92474
0.007275 351.541 0.232917 194560 0.0140996 1.92041
0.004105 2013.24 0.0935802 194560 -0.0196072 0.331776
0.006455 351.875 0.232752 194560 0.042216 1.91823
0.004275 2035.54 0.091567 194560 -0.0255806 0.32815
0.003815 1980.42 0.100324 194560 -0.0109469 0.337404
0.004495 2055.98 0.0949631 194560 -0.0483924 0.324882
0.003085 1853.38 0.119744 194560 0.0251625 0.36109
0.002445 1631.2 0.141728 194560 0.0575985 0.410569
0.003465 1934.46 0.109213 194560 0.00464561 0.345701
0.007015 350.798 0.232916 194560 0.0230792 1.92447
0.007285 351.604 0.232917 194560 0.0137527 1.92007
0.004115 2014.52 0.0933951 194560 -0.0198971 0.331563
0.006465 351.774 0.232764 194560 0.041897 1.9188
0.004285 2036.83 0.091547 194560 -0.0260893 0.327943
0.003825 1981.49 0.100073 194560 -0.0112957 0.337215
0.003095 1855.93 0.119446 194560 0.0246138 0.360587
0.004505 2056.15 0.0953338 194560 -0.0502137 0.324852
0.002635 1707.91 0.134604 194560 0.0488298 0.392064
0.002455 1635.45 0.141342 194560 0.0571431 0.409497
0.003475 1936.05 0.108953 194560 0.00413619 0.345409
0.007025 350.842 0.232916 194560 0.0227519 1.92423
0.007295 351.662 0.232917 194560 0.0134059 1.91975
0.004125 2015.82 0.0932162 194560 -0.0201899 0.33135
0.006475 351.674 0.232775 194560 0.0415762 1.91937
0.004295 2038.11 0.091541 194560 -0.0266308 0.327739
0.003835 1982.56 0.099823 194560 -0.0116387 0.337026
0.003105 1858.47 0.119149 194560 0.0240647 0.360089
0.004515 2056.21 0.0957244 194560 -0.0521221 0.324838
0.002465 1639.69 0.140956 194560 0.0566878 0.408436
0.003485 1937.63 0.108694 194560 0.00362955 0.34512
0.007305 351.715 0.232917 194560 0.0130577 1.91946
0.007035 350.881 0.232916 194560 0.0224057 1.92402
0.004135 2017.12 0.0930438 194560 -0.0204861 0.331136
0.006485 351.574 0.232785 194560 0.0412534 1.91993
0.001925 1385.27 0.163223 194560 0.0786902 0.483658
0.006495 351.473 0.232795 194560 0.0409275 1.9205
0.006085 367.083 0.230929 194560 0.0513885 1.83674
0.006505 351.372 0.232804 194560 0.0406083 1.92107
0.001935 1390.43 0.162791 194560 0.0783498 0.48186
0.005765 445.056 0.221939 194560 0.0463166 1.51039
0.006515 351.269 0.232812 194560 0.0402678 1.92165
0.006095 366.079 0.231046 194560 0.0512599 1.84188
5e-06 574.184 0.221841 194561 0.0836883 1.17011
0.001945 1395.57 0.162359 194560 0.0780063 0.48008
0.006525 351.244 0.232819 194560 0.0399284 1.9218
0.006105 365.115 0.231157 194560 0.0511219 1.84684
0.006535 351.218 0.232827 194560 0.0396076 1.92196
1.5e-05 574.239 0.221838 194561 0.0837 1.17
0.005775 440.804 0.222432 194560 0.0468208 1.52515
0.001955 1400.7 0.161928 194560 0.0776598 0.478319
0.006115 364.188 0.231261 194560 0.0509842 1.85164
0.006545 351.189 0.232833 194560 0.0392735 1.92213
2.5e-05 574.35 0.221831 194561 0.0837204 1.16977
0.005785 436.68 0.222909 194560 0.0472945 1.53975
0.006125 363.303 0.231361 194560 0.0508814 1.85624
0.006555 351.158 0.23284 194560 0.0389378 1.92231
0.001965 1405.81 0.161497 194560 0.0773103 0.476576
3.5e-05 574.518 0.221821 194561 0.0837473 1.16942
0.001605 1213.39 0.177181 194561 0.0878352 0.552354
0.006135 362.473 0.231454 194560 0.0508622 1.86058
0.006565 351.123 0.232845 194560 0.0386004 1.92251
0.005795 432.68 0.223368 194560 0.0477435 1.55417
0.005445 682.044 0.196626 194561 0.0146065 0.981389
4.5e-05 574.745 0.221807 194561 0.0837804 1.16896
0.001975 1410.91 0.161067 194560 0.0769578 0.47485
0.006145 361.712 0.231543 194560 0.0507053 1.86459
0.006575 351.085 0.232851 194560 0.0382622 1.92273
0.001615 1218.93 0.176745 194561 0.0876044 0.549837
0.005805 428.804 0.223811 194560 0.0481533 1.56841
0.005455 671.789 0.197683 194561 0.015981 0.996489
0.004805 1627.36 0.116804 194560 -0.0726842 0.41015
0.006585 351.043 0.232856 194560 0.0379235 1.92297
5.5e-05 575.032 0.22179 194561 0.0838193 1.16838
0.006155 361.087 0.231627 194560 0.050399 1.8679
0.001625 1224.46 0.176308 194561 0.0873699 0.547347
0.005465 661.67 0.198725 194561 0.0173346 1.01185
0.001985 1415.99 0.160637 194560 0.0766024 0.473142
0.005815 425.047 0.224238 194560 0.0485941 1.58247
0.004815 1610.47 0.117847 194560 -0.0722596 0.41444
0.006595 350.997 0.23286 194560 0.0375841 1.92324
6.5e-05 575.379 0.221769 194561 0.0838638 1.16767
0.006165 360.473 0.231706 194560 0.0501607 1.87117
0.001635 1229.98 0.175872 194561 0.0871317 0.544884
0.005475 651.687 0.199752 194561 0.0186662 1.02748
0.001285 1033.6 0.190874 194561 0.0931244 0.648716
0.004825 1593.51 0.118906 194560 -0.0717633 0.418841
0.006605 350.947 0.232865 194560 0.0372444 1.92352
0.005825 421.408 0.224649 194560 0.048321 1.59632
7.5e-05 575.787 0.221745 194561 0.0839135 1.16684
0.001995 1421.05 0.160207 194560 0.0762441 0.471452
0.006175 359.881 0.231781 194560 0.0499518 1.87432
0.001645 1235.49 0.175435 194561 0.0868897 0.542446
0.005485 641.84 0.200763 194561 0.0199746 1.04337
0.006615 350.894 0.232869 194560 0.036903 1.92382
0.004835 1576.48 0.119982 194561 -0.0711962 0.423355
0.001295 1039.23 0.190458 194561 0.0930231 0.64519
8.5e-05 576.256 0.221717 194561 0.0839682 1.16588
0.005835 417.883 0.225045 194563 0.0505574 1.60999
0.006185 359.314 0.231851 194560 0.0497458 1.87735
0.001655 1241 0.174998 194561 0.0866441 0.540034
0.002005 1426.1 0.159779 194560 0.0758829 0.469779
0.005495 632.129 0.201758 194561 0.0212588 1.05954
0.006625 350.836 0.232873 194560 0.0365771 1.92415
0.004845 1559.39 0.121073 194561 -0.0705598 0.427985
0.001305 1044.87 0.190042 194561 0.0929176 0.641701
0.006195 358.773 0.231918 194560 0.049534 1.88026
0.001665 1246.49 0.174561 194561 0.0863947 0.537648
9.5e-05 576.789 0.221685 194561 0.0840277 1.1648
0.005845 414.469 0.225425 194560 0.0489792 1.62342
0.005505 622.554 0.202737 194561 0.0225171 1.07597
0.002015 1431.13 0.159351 194560 0.0755188 0.468123
0.006635 350.773 0.232876 194560 0.0362187 1.9245
0.004855 1542.24 0.122178 194561 -0.0698552 0.432734
0.001315 1050.51 0.189624 194561 0.0928079 0.638247
0.006205 358.254 0.23198 194560 0.0493149 1.88305
0.001675 1251.98 0.174123 194561 0.0861417 0.535287
0.000105 577.385 0.221649 194561 0.0840918 1.16359
0.005515 613.115 0.2037 194561 0.023748 1.09268
0.006645 350.784 0.232879 194560 0.0358699 1.92445
0.005855 411.162 0.22579 194560 0.0499276 1.63666
0.004865 1525.03 0.123296 194561 -0.0690838 0.437607
0.002025 1436.15 0.158923 194560 0.0751519 0.466484
0.001325 1056.15 0.189206 194561 0.0926939 0.634828
0.006215 357.757 0.232039 194560 0.0490883 1.88573
0.001685 1257.45 0.173686 194561 0.0858851 0.532951
0.000115 578.044 0.221609 194561 0.0841604 1.16226
0.005525 603.811 0.204647 194561 0.0249504 1.10966
0.006655 350.791 0.232882 194560 0.0355502 1.92442
0.005865 407.957 0.226142 194560 0.0501477 1.6497
0.004875 1507.78 0.124428 194561 -0.0682469 0.442607
0.001335 1061.79 0.188786 194561 0.0925757 0.631445
0.006225 357.281 0.232095 194560 0.0488543 1.88831
0.001695 1262.92 0.173249 194561 0.0856248 0.530639
0.002035 1441.15 0.158496 194560 0.0747822 0.464861
0.000125 578.768 0.221566 194561 0.0842333 1.1608
0.005535 594.641 0.205576 194561 0.0261244 1.12692
0.006665 350.794 0.232885 194560 0.0352008 1.9244
0.004885 1490.48 0.125571 194561 -0.0673458 0.447736
0.005875 404.85 0.226479 194561 0.0504148 1.66254
0.006235 356.822 0.232147 194560 0.0486127 1.8908
0.001345 1067.43 0.188365 194561 0.0924533 0.628097
0.001705 1268.37 0.172811 194561 0.0853609 0.528352
0.000135 579.557 0.221518 194561 0.0843104 1.15921
0.002045 1446.14 0.15807 194560 0.0744097 0.463255
0.005545 585.604 0.206489 194561 0.0272994 1.14446
0.006675 350.793 0.232887 194560 0.0348559 1.92442
0.004895 1473.13 0.126726 194561 -0.066382 0.453001
0.006245 356.381 0.232197 194560 0.0483634 1.8932
0.005885 402.17 0.226802 194560 0.0506257 1.67379
0.001355 1073.08 0.187944 194561 0.0923267 0.624784
0.001715 1273.81 0.172374 194561 0.0850935 0.526088
0.000145 580.411 0.221466 194561 0.0843916 1.1575
0.005555 576.702 0.207385 194562 0.0285807 1.16229
0.002055 1451.11 0.157644 194560 0.0740344 0.461665
0.006685 350.788 0.23289 194560 0.0345103 1.92445
0.004905 1455.75 0.127891 194561 -0.0653565 0.458403
0.006255 355.954 0.232243 194560 0.0481078 1.89553
0.001365 1078.73 0.187521 194561 0.0921959 0.621505
0.001725 1279.24 0.171936 194561 0.0848225 0.523849
0.005895 399.592 0.227111 194560 0.0508445 1.68476
0.000155 581.332 0.221411 194561 0.0844769 1.15566
0.005565 568.827 0.208263 194561 0.0294922 1.17854
0.006695 350.778 0.232892 194560 0.0341706 1.92451
0.004915 1438.33 0.129065 194561 -0.0642708 0.463948
0.002065 1456.06 0.157219 194560 0.0736564 0.460091
0.006265 355.541 0.232287 194560 0.0478444 1.89779
0.001375 1084.37 0.187098 194561 0.0920609 0.61826
0.001735 1284.67 0.171499 194561 0.084548 0.521633
0.000165 582.318 0.221351 194561 0.084566 1.15369
0.000325 607.337 0.219822 194561 0.0864394 1.10597
0.005575 561.112 0.209122 194561 0.0305879 1.1949
0.005905 397.112 0.227408 194560 0.0510394 1.69546
0.006705 350.763 0.232894 194560 0.0338267 1.9246
0.004925 1420.89 0.130247 194561 -0.0631257 0.46964
0.006275 355.247 0.232328 194560 0.04758 1.89941
0.002075 1460.99 0.156795 194560 0.0732757 0.458533
0.001385 1090.02 0.186674 194561 0.0919217 0.615049
0.001745 1290.08 0.171062 194561 0.0842699 0.51944
0.000175 583.371 0.221287 194561 0.0846589 1.1516
0.000335 609.483 0.21969 194561 0.0865786 1.10206
0.006715 350.743 0.232896 194560 0.0334815 1.92471
0.005585 553.554 0.209964 194561 0.0316542 1.21138
0.004935 1403.42 0.131437 194561 -0.0619224 0.475483
0.005915 394.726 0.227691 194560 0.051213 1.70587
0.006285 354.966 0.232366 194560 0.0473173 1.90096
0.001395 1095.66 0.186249 194561 0.0917783 0.611871
0.002085 1465.91 0.156371 194560 0.0728923 0.456991
0.001755 1295.47 0.170625 194561 0.0839884 0.51727
0.000185 584.492 0.22122 194561 0.0847556 1.14938
0.000645 707.663 0.213468 194561 0.0911734 0.94864
0.000195 585.679 0.221148 194561 0.0848559 1.14704
0.000965 858.347 0.203377 194561 0.0941112 0.781605
0.000655 711.745 0.213203 194561 0.091309 0.943181
0.000205 586.935 0.221071 194561 0.0849597 1.14458
0.005125 1098.7 0.156728 194561 -0.0357861 0.607576
0.000975 863.577 0.203015 194561 0.0941452 0.776856
0.000665 715.876 0.212935 194561 0.0914426 0.93772
0.000215 588.258 0.220991 194561 0.0850669 1.14199
0.005135 1083.91 0.158102 194561 -0.0341699 0.615899
0.004305 2039.37 0.0915494 194560 -0.0272077 0.327537
0.000985 868.83 0.202652 194561 0.0941753 0.772145
0.000225 589.65 0.220906 194561 0.0851774 1.13929
0.000675 720.054 0.212662 194561 0.0915741 0.932259
0.003115 1860.99 0.118854 194560 0.0235155 0.359596
0.005145 1069.17 0.15947 194561 -0.0325502 0.624417
0.004315 2040.62 0.0915726 194560 -0.0278226 0.327338
0.000995 874.105 0.202286 194561 0.0942013 0.767471
0.000235 591.109 0.220817 194561 0.0852912 1.13646
0.000685 724.28 0.212386 194561 0.0917033 0.926801
0.003125 1863.49 0.11856 194560 0.0229661 0.359108
0.005155 1054.51 0.160832 194561 -0.0309272 0.633135
0.004325 2041.84 0.0916112 194560 -0.0284781 0.327143
0.000695 728.553 0.212107 194561 0.0918303 0.921348
0.000245 592.638 0.220724 194561 0.085408 1.13352
0.001005 879.401 0.201918 194561 0.0942232 0.762834
0.004525 2055.71 0.0961352 194518 -0.0540132 0.324843
0.003135 1865.97 0.118267 194560 0.0224167 0.358624
0.005165 1039.91 0.162187 194561 -0.0293012 0.642059
0.004335 2043.04 0.0916654 194560 -0.0291769 0.326951
0.000705 732.87 0.211824 194561 0.0919549 0.915901
0.000255 594.235 0.220627 194561 0.0855278 1.13046
0.001015 884.717 0.201547 194561 0.094241 0.758236
0.003145 1868.43 0.117975 194560 0.0218672 0.358146
0.004535 2042.72 0.0965674 194560 -0.0557924 0.326975
0.005175 1025.38 0.163537 194561 -0.0276721 0.651195
0.004345 2044.22 0.0917359 194560 -0.0299217 0.326764
0.000715 737.233 0.211537 194561 0.0920769 0.910462
0.003155 1870.87 0.117685 194560 0.0213178 0.357672
0.001025 890.053 0.201175 194561 0.0942547 0.753676
0.000265 595.9 0.220525 194561 0.0856504 1.12729
0.004545 2029.13 0.0970218 194560 -0.057341 0.329161
0.005185 1010.92 0.16488 194561 -0.0260405 0.66055
0.004355 2045.37 0.0918229 194560 -0.0307151 0.326581
0.000725 741.64 0.211248 194561 0.0921965 0.905034
0.003165 1873.3 0.117396 194560 0.0207686 0.357202
0.002645 1711.69 0.134243 194560 0.0483495 0.391193
0.001035 895.408 0.200801 194561 0.0942643 0.749155
0.000275 597.635 0.220419 194561 0.0857758 1.124
0.004555 2015.37 0.0974986 194560 -0.0588483 0.331402
0.005195 996.528 0.166216 194561 -0.0244007 0.670129
0.000735 746.089 0.210954 194561 0.0923133 0.899619
0.004365 2046.48 0.0919268 194560 -0.0315597 0.326404
0.003175 1875.71 0.117108 194560 0.0202194 0.356738
0.001045 900.782 0.200424 194561 0.0942697 0.744672
0.000285 599.438 0.220308 194561 0.0859038 1.12061
0.004565 2001.45 0.0979981 194560 -0.0602857 0.3337
0.005205 982.214 0.167544 194561 -0.022759 0.679939
0.000745 750.58 0.210658 194561 0.0924274 0.894217
0.004375 2047.56 0.0920481 194560 -0.0324584 0.326233
0.003185 1878.1 0.116821 194560 0.0196705 0.356278
0.001055 906.173 0.200046 194561 0.0942709 0.740228
0.000295 601.31 0.220193 194561 0.0860343 1.1171
0.004575 1987.38 0.0985204 194560 -0.0616528 0.336057
0.005215 967.975 0.168866 194561 -0.0211213 0.689987
0.000755 755.113 0.210358 194561 0.0925388 0.888831
0.002655 1715.46 0.133883 194560 0.0478686 0.390331
0.004385 2048.6 0.092187 194560 -0.0334139 0.326068
0.003195 1880.47 0.116536 194560 0.0191219 0.355822
0.001065 911.581 0.199665 194561 0.094268 0.735823
0.000305 603.25 0.220074 194561 0.0861671 1.1135
0.004585 1973.16 0.0990657 194560 -0.0629491 0.338473
0.000765 759.687 0.210055 194561 0.0926472 0.883463
0.004145 2018.42 0.0928784 194560 -0.0207861 0.330922
0.002475 1643.91 0.140572 194560 0.0562327 0.407384
0.003495 1939.19 0.108436 194560 0.00312573 0.344834
0.002485 1648.11 0.140189 194560 0.0557779 0.406343
0.000775 764.299 0.209748 194561 0.0927526 0.878113
0.004155 2019.73 0.0927205 194560 -0.0210905 0.330707
0.002495 1652.29 0.139808 194560 0.0553235 0.405311
0.002505 1656.46 0.139427 194560 0.0548692 0.404288
0.000785 768.951 0.209439 194561 0.0928551 0.872783
0.007315 351.762 0.232917 194560 0.0127087 1.9192
0.000345 611.697 0.219553 194561 0.0867196 1.09806
0.005595 546.151 0.210786 194561 0.0326989 1.22797
0.004945 1385.92 0.132633 194561 -0.0606616 0.481482
0.000795 773.64 0.209126 194561 0.0929544 0.867475
0.000355 613.979 0.219412 194561 0.0868624 1.09396
0.005605 538.904 0.211591 194561 0.0337171 1.24466
0.005925 392.432 0.227963 194560 0.0513655 1.71601
0.004955 1368.41 0.133835 194561 -0.0593442 0.487642
0.007325 351.804 0.232917 194560 0.0123587 1.91897
0.005615 531.812 0.212376 194561 0.0347084 1.26143
0.000365 616.329 0.219267 194561 0.0870067 1.08977
0.004965 1350.89 0.135041 194561 -0.0579705 0.493967
0.000805 778.367 0.20881 194561 0.0930505 0.86219
0.005625 524.875 0.213143 194561 0.0356727 1.27828
0.000375 618.746 0.219117 194561 0.0871525 1.0855
0.004975 1333.35 0.13625 194561 -0.0565399 0.500463
0.006295 354.697 0.232403 194560 0.0470461 1.90245
0.005635 518.092 0.213891 194561 0.0366102 1.29519
0.007335 351.84 0.232917 194560 0.0120078 1.91878
0.004985 1315.82 0.137461 194561 -0.0550648 0.507136
0.000385 621.23 0.218963 194561 0.0872997 1.08114
0.005935 390.225 0.228222 194560 0.051498 1.72587
0.006305 354.44 0.232437 194560 0.0467693 1.90388
0.005645 511.463 0.214621 194561 0.0375219 1.31216
0.000815 783.129 0.208492 194561 0.0931435 0.85693
0.004995 1298.28 0.138673 194561 -0.0533463 0.51399
0.000395 623.78 0.218804 194561 0.087448 1.07671
0.006315 354.191 0.232468 194560 0.0464873 1.90526
0.005655 504.986 0.215332 194561 0.0384095 1.32918
0.001405 1101.31 0.185823 194561 0.0916309 0.608727
0.006325 353.951 0.232498 194560 0.0462004 1.90659
0.005665 498.661 0.216024 194561 0.0392747 1.34622
0.005005 1280.79 0.139888 194566 -0.053231 0.521029
0.000405 626.397 0.218641 194561 0.0875974 1.07219
0.007345 351.871 0.232917 194560 0.0116563 1.91861
0.005945 388.104 0.22847 194560 0.0516123 1.73546
0.006335 353.718 0.232527 194560 0.045909 1.90788
0.005675 492.49 0.216698 194561 0.0401188 1.36328
0.005015 1265.29 0.141308 194561 -0.0535127 0.527402
0.000415 629.08 0.218474 194561 0.0877478 1.0676
0.000825 787.927 0.20817 194561 0.0932331 0.851695
0.006345 353.492 0.232553 194560 0.0456134 1.90914
0.005685 486.471 0.217353 194561 0.0409418 1.38033
0.005025 1249.88 0.142728 194561 -0.0518167 0.533915
0.000425 631.828 0.218302 194561 0.0878989 1.06294
0.007355 351.897 0.232917 194560 0.0113039 1.91847
0.001415 1106.95 0.185396 194561 0.0914793 0.605616
0.006355 353.271 0.232578 194560 0.0453139 1.91038
0.005695 480.604 0.217989 194561 0.0417415 1.39737
0.005035 1234.52 0.144145 194561 -0.050235 0.54057
0.000435 634.641 0.218126 194561 0.0880507 1.05821
0.000835 792.759 0.207845 194561 0.0933193 0.846486
0.002095 1470.81 0.155949 194560 0.0725062 0.455465
0.000845 797.625 0.207518 194561 0.0934022 0.841305
0.002105 1475.7 0.155527 194560 0.0721175 0.453953
0.000855 802.524 0.207187 194561 0.0934815 0.836153
0.001765 1300.86 0.170187 194561 0.0837034 0.515123
0.002115 1480.56 0.155105 194560 0.0717263 0.452457
0.000865 807.455 0.206854 194561 0.0935573 0.83103
0.001075 917.006 0.199283 194561 0.0942608 0.731457
0.002125 1485.41 0.154685 194560 0.0713324 0.450976
0.001775 1306.23 0.16975 194561 0.083415 0.512998
0.000875 812.417 0.206518 194561 0.0936296 0.825938
0.001085 922.446 0.198898 194561 0.0942494 0.72713
0.002135 1490.25 0.154265 194560 0.0709361 0.44951
0.001785 1311.6 0.169314 194560 0.0831231 0.510896
0.000885 817.409 0.206179 194561 0.0936982 0.820877
0.001095 927.901 0.198512 194561 0.0942338 0.722843
0.002145 1495.06 0.153846 194560 0.0705372 0.448058
0.005225 953.814 0.17018 194561 -0.0194825 0.700281
0.001795 1316.94 0.168877 194560 0.0828278 0.508816
0.000895 822.431 0.205838 194561 0.0937632 0.815848
0.002155 1499.86 0.153428 194560 0.0701358 0.446621
0.001105 933.371 0.198124 194561 0.0942139 0.718594
0.005235 939.731 0.171487 194561 -0.0178431 0.710826
0.001805 1322.28 0.16844 194560 0.0825292 0.506757
0.004395 2049.59 0.092344 194560 -0.0344288 0.32591
0.002165 1504.64 0.153011 194560 0.069732 0.445199
0.000905 827.482 0.205494 194561 0.0938244 0.810853
0.001115 938.854 0.197735 194561 0.0941897 0.714384
0.005245 925.729 0.172785 194561 -0.0162041 0.721631
0.001815 1327.61 0.168004 194560 0.0822272 0.50472
0.004405 2050.53 0.0925194 194560 -0.0355059 0.32576
0.002175 1509.41 0.152594 194560 0.0693258 0.44379
0.000915 832.561 0.205147 194561 0.0938818 0.805891
0.001125 944.35 0.197343 194561 0.0941613 0.710214
0.005255 911.809 0.174075 194561 -0.0145666 0.732704
0.001825 1332.92 0.167568 194560 0.0819218 0.502704
0.004415 2051.42 0.0927133 194560 -0.0366478 0.325618
0.002185 1514.15 0.152179 194560 0.0689173 0.442396
0.000925 837.667 0.204798 194561 0.0939355 0.800963
0.001135 949.859 0.19695 194561 0.0941286 0.706083
0.005265 897.973 0.175357 194561 -0.0129319 0.744053
0.004425 2052.25 0.0929262 194560 -0.037857 0.325486
0.001835 1338.21 0.167132 194560 0.0816132 0.500709
0.002195 1518.88 0.151764 194560 0.0685063 0.441015
0.000935 842.799 0.204446 194561 0.0939853 0.79607
0.004595 1958.78 0.0996342 194560 -0.0641742 0.340951
0.001145 955.38 0.196555 194561 0.0940917 0.70199
0.004435 2053.02 0.0931582 194560 -0.0391361 0.325364
0.005275 884.221 0.17663 194561 -0.0113015 0.755686
0.001845 1343.5 0.166696 194560 0.0813012 0.498734
0.002205 1523.59 0.15135 194560 0.0680931 0.439648
0.000945 847.957 0.204092 194561 0.0940312 0.791212
0.001155 960.912 0.196159 194561 0.0940504 0.697937
0.004605 1944.26 0.100226 194560 -0.0653276 0.34349
0.004445 2053.71 0.0934096 194560 -0.0404873 0.325252
0.005285 870.556 0.177895 194562 -0.00967701 0.767613
0.001855 1348.77 0.166261 194560 0.080986 0.49678
0.002215 1528.28 0.150937 194560 0.0676775 0.438295
0.000955 853.14 0.203736 194561 0.0940732 0.78639
0.001165 966.455 0.195761 194561 0.0940049 0.693922
0.004615 1929.59 0.100841 194560 -0.0664089 0.346094
0.004455 2054.34 0.0936806 194560 -0.0419128 0.325151
0.005295 856.978 0.17915 194562 -0.00806025 0.779842
0.002225 1532.96 0.150525 194560 0.0672598 0.436955
0.000315 605.259 0.21995 194561 0.0863022 1.10978
0.002235 1537.62 0.150114 194560 0.0668398 0.435628
0.002665 1719.2 0.133524 194560 0.0473908 0.389476
0.002515 1660.6 0.139048 194560 0.0544162 0.403275
0.003505 1940.74 0.108177 194560 0.00262477 0.34455
0.002525 1664.73 0.138671 194560 0.0539678 0.402271
0.006365 353.054 0.232601 194560 0.0450104 1.91158
0.002535 1668.78 0.138294 194560 0.0535049 0.401293
0.003515 1942.28 0.10792 194560 0.00212671 0.344269
0.002675 1722.8 0.133167 194560 0.0468943 0.388659
0.006375 352.841 0.232622 194560 0.0447071 1.91277
0.005705 474.89 0.218608 194560 0.0425125 1.41438
0.006385 352.631 0.232643 194560 0.0443947 1.91394
0.005045 1219.2 0.14556 194561 -0.048648 0.547371
0.006395 352.514 0.232661 194560 0.0440842 1.9146
0.000445 637.519 0.217945 194561 0.0882031 1.05342
0.005715 469.324 0.219208 194560 0.0432477 1.43134
0.005955 386.065 0.228707 194560 0.0517097 1.74478
0.001425 1112.59 0.184969 194561 0.0913235 0.602537
0.001865 1354.03 0.165826 194560 0.0806676 0.494847
0.001435 1118.23 0.184541 194561 0.0911637 0.599491
0.005965 384.106 0.228933 194560 0.0517916 1.75383
0.001875 1359.27 0.165391 194560 0.0803459 0.492933
0.001445 1123.86 0.184112 194561 0.0909998 0.596476
0.005975 382.224 0.229148 194560 0.051858 1.76262
0.004625 1914.77 0.101479 194560 -0.0674174 0.348763
0.001885 1364.5 0.164957 194560 0.0800211 0.49104
0.001455 1129.49 0.183683 194561 0.0908318 0.593494
0.004465 2054.88 0.0939713 194560 -0.0434145 0.325063
0.005985 380.418 0.229354 194560 0.0519073 1.77113
0.001895 1369.72 0.164523 194560 0.0796931 0.489165
0.004635 1899.82 0.102141 194560 -0.0683528 0.3515
0.001175 972.008 0.195361 194561 0.093955 0.689946
0.001465 1135.12 0.183253 194561 0.0906598 0.590542
0.004475 2055.34 0.0942819 194560 -0.0449942 0.324988
0.001905 1374.92 0.164089 194560 0.0793619 0.487311
0.005995 378.682 0.229549 194560 0.0519367 1.77939
0.004645 1884.73 0.102826 194560 -0.0692144 0.354305
0.001185 977.57 0.19496 194561 0.0939009 0.686009
0.005305 843.488 0.180396 194562 -0.00645226 0.792385
0.001195 983.142 0.194558 194561 0.0938424 0.68211
0.002545 1672.8 0.137919 194560 0.053045 0.400324
0.005315 830.086 0.181633 194562 -0.0048525 0.805251
0.001205 988.722 0.194154 194561 0.0937797 0.678249
0.002685 1726.38 0.132811 194560 0.0464 0.387849
0.002555 1676.81 0.137546 194560 0.0525844 0.399364
0.005325 816.774 0.182859 194562 -0.00319953 0.818452
0.001215 994.309 0.193748 194561 0.0937127 0.674426
0.005055 1203.94 0.146971 194561 -0.0464654 0.554323
0.005725 463.904 0.21979 194560 0.0439446 1.44826
0.000455 640.46 0.217761 194561 0.0883559 1.04856
0.005065 1188.74 0.148378 194559 -0.0466008 0.561423
0.005735 458.625 0.220354 194561 0.044636 1.46513
0.001475 1140.75 0.182822 194561 0.0904836 0.587622
0.005075 1173.59 0.149781 194561 -0.0432518 0.568695
0.000465 643.465 0.217572 194561 0.088509 1.04364
0.001915 1380.1 0.163656 194560 0.0790276 0.485475
0.005745 453.961 0.2209 194560 0.0451954 1.48038
0.001485 1146.37 0.182391 194561 0.0903036 0.584733
0.005085 1158.49 0.15118 194561 -0.0422273 0.576124
0.000475 646.533 0.217379 194561 0.0886622 1.03867
0.005755 449.44 0.221428 194560 0.0457778 1.49546
0.006005 377.015 0.229736 194560 0.0519422 1.7874
0.004655 1869.5 0.103535 194560 -0.0700017 0.357181
0.001225 999.905 0.193341 194561 0.093642 0.670642
0.006015 375.41 0.229913 194560 0.0519297 1.79517
0.004665 1854.15 0.104267 194560 -0.0707142 0.36013
0.001235 1005.51 0.192933 194561 0.0935666 0.666894
0.004675 1838.67 0.105021 194560 -0.0713513 0.363153
0.006025 374.061 0.230081 194560 0.0518962 1.80178
0.001245 1011.11 0.192524 194561 0.0934867 0.663185
0.004685 1823.06 0.105799 194560 -0.0719127 0.366251
0.005335 803.561 0.184076 194564 -0.00133611 0.831999
0.006035 372.771 0.230242 194560 0.0518526 1.80814
0.001255 1016.73 0.192113 194561 0.0934025 0.659512
0.004695 1807.33 0.106599 194560 -0.0723979 0.369428
0.005345 791.864 0.185281 194561 -0.000122933 0.84436
0.002695 1729.95 0.132457 194560 0.0459036 0.387046
0.004705 1791.48 0.107422 194560 -0.0728065 0.372685
0.006045 371.536 0.230394 194560 0.051788 1.81427
0.001265 1022.35 0.191701 194561 0.0933141 0.655877
0.005355 780.302 0.186475 194561 0.00141818 0.856957
0.004715 1775.52 0.108267 194560 -0.0731384 0.376024
0.005095 1143.46 0.152574 194561 -0.040611 0.583722
0.005365 768.866 0.187656 194561 0.00294248 0.869793
0.001275 1027.97 0.191288 194561 0.0932213 0.652278
0.006055 370.352 0.230538 194560 0.0517071 1.82019
0.004725 1759.45 0.109134 194560 -0.0733934 0.379447
0.005105 1128.48 0.153964 194561 -0.0390083 0.591493
0.002705 1733.49 0.132103 194560 0.0454041 0.386251
0.005375 757.556 0.188824 194561 0.00445805 0.88287
0.001495 1151.99 0.181959 194561 0.0901146 0.581874
0.005385 746.375 0.18998 194561 0.00595898 0.896191
0.001505 1157.6 0.181527 194561 0.0899363 0.579046
0.000485 649.664 0.217181 194561 0.0888155 1.03365
0.005395 735.324 0.191122 194561 0.0074443 0.909759
0.001515 1163.21 0.181094 194561 0.089157 0.576247
0.005405 724.403 0.192251 194561 0.008913 0.923577
0.000495 652.855 0.21698 194561 0.0889687 1.02858
0.006065 369.217 0.230676 194560 0.0516125 1.8259
0.005415 713.613 0.193366 194561 0.0103643 0.937646
0.001525 1168.81 0.180661 194558 0.09071 0.573471
0.000505 656.108 0.216774 194561 0.0891217 1.02346
0.004735 1743.27 0.110022 194560 -0.0735714 0.382957
0.005425 702.956 0.194467 194561 0.0117974 0.95197
0.006075 368.128 0.230806 194560 0.051506 1.83141
0.001535 1174.41 0.180227 194561 0.0887613 0.570738
0.000515 659.421 0.216564 194561 0.0892743 1.0183
0.005435 692.433 0.195554 194561 0.0132117 0.96655
0.005115 1113.56 0.155348 194561 -0.0373988 0.599443
0.002715 1737.02 0.131752 194560 0.0449017 0.385463
0.004745 1726.99 0.110932 194560 -0.0736726 0.386556
0.001545 1180 0.179793 194561 0.0891442 0.568027
0.004755 1710.61 0.111862 194560 -0.073697 0.390246
0.001555 1185.58 0.179359 194561 0.088927 0.565345
0.000525 662.794 0.21635 194561 0.0894265 1.0131
0.004765 1694.14 0.112812 194560 -0.073645 0.394029
0.002725 1740.52 0.131401 194560 0.0443966 0.384682
0.001565 1191.16 0.178924 194561 0.0887201 0.562691
0.000535 666.226 0.216132 194561 0.0895781 1.00786
0.004775 1677.57 0.113782 194560 -0.0735171 0.397908
0.001575 1196.73 0.178489 194561 0.0885046 0.560066
0.000545 669.717 0.215909 194561 0.0897289 1.00259
0.004785 1660.92 0.114771 194560 -0.0733138 0.401887
0.001585 1202.29 0.178053 194561 0.0882853 0.557468
0.002735 1744.01 0.131053 194560 0.0438889 0.383909
0.004795 1644.18 0.115778 194560 -0.0730359 0.405966
0.000555 673.265 0.215683 194561 0.089879 0.997285
0.001595 1207.84 0.177617 194561 0.0880621 0.554897
0.000565 676.869 0.215452 194561 0.0900281 0.991955
0.002745 1747.48 0.130705 194560 0.0433787 0.383143
0.000575 680.53 0.215218 194561 0.0901761 0.9866
0.000585 684.247 0.21498 194561 0.090323 0.981222
0.000595 688.017 0.214737 194561 0.0904686 0.975825
0.002755 1750.93 0.130359 194560 0.042866 0.382383
0.000605 691.842 0.214491 194561 0.0906128 0.970411
0.000615 695.72 0.214241 194561 0.0907555 0.964983
0.000625 699.65 0.213987 194561 0.0908965 0.959544
0.002765 1754.37 0.130015 194560 0.0423511 0.381631
0.000635 703.631 0.21373 194561 0.0910359 0.954095
0.002775 1757.78 0.129672 194560 0.041834 0.380886
0.002785 1761.17 0.12933 194560 0.0413147 0.380148
0.002795 1764.54 0.12899 194560 0.0407934 0.379417
0.002805 1767.9 0.128651 194560 0.0402702 0.378693
0.002815 1771.23 0.128313 194560 0.0397452 0.377976
0.002825 1774.55 0.127977 194560 0.0392184 0.377265
0.002835 1777.85 0.127643 194560 0.03869 0.376561
0.002845 1781.12 0.12731 194560 0.03816 0.375864
0.002855 1784.38 0.126978 194560 0.0376284 0.375174
0.002865 1787.61 0.126648 194560 0.0370955 0.37449
0.002875 1790.83 0.126319 194560 0.0365612 0.373813
