0.002885 1649.73 0.149969 287952 -0.0792027 0.601214
0.002895 1651.95 0.149777 287952 -0.0795714 0.600407
0.002905 1654.14 0.149586 287952 -0.0799406 0.599609
0.002915 1656.32 0.149397 287952 -0.0803104 0.598821
0.002925 1658.47 0.149208 287952 -0.0806807 0.598041
0.002935 1660.61 0.14902 287952 -0.0810516 0.597272
0.002945 1662.72 0.148834 287952 -0.0814232 0.596511
0.002955 1664.82 0.148649 287952 -0.0817953 0.59576
0.002965 1666.89 0.148465 287952 -0.0821681 0.595017
0.002975 1668.94 0.148281 287952 -0.0825414 0.594284
0.002985 1670.98 0.148099 287952 -0.0829153 0.59356
0.002995 1672.99 0.147918 287952 -0.0832898 0.592845
0.003005 1674.98 0.147739 287952 -0.0836647 0.592138
0.003015 1676.95 0.14756 287952 -0.0840413 0.591441
0.003025 1678.9 0.147382 287952 -0.084421 0.590752
0.003035 1680.79 0.147206 287952 -0.0847902 0.590089
0.003045 1682.65 0.147031 287952 -0.0851628 0.589434
0.004485 1733.1 0.133881 287952 -0.135661 0.571645
0.003845 1759.16 0.136643 287952 -0.114151 0.563513
0.004495 1732.2 0.133882 287952 -0.135995 0.571935
0.003855 1759.32 0.136559 287952 -0.114499 0.563455
0.004505 1731.29 0.133884 287952 -0.136328 0.57223
0.003865 1759.47 0.136477 287951 -0.114849 0.563401
0.003055 1684.49 0.146856 287952 -0.0855356 0.588787
0.004515 1730.36 0.133888 287952 -0.136661 0.572529
0.003875 1759.5 0.136396 287952 -0.115184 0.563389
0.004525 1729.43 0.133893 287952 -0.136995 0.572834
0.003885 1759.51 0.136316 287952 -0.115524 0.563381
0.004535 1728.47 0.1339 287952 -0.137328 0.573143
0.003895 1759.5 0.136238 287952 -0.115864 0.563377
0.004545 1727.51 0.133908 287952 -0.137662 0.573456
0.003065 1686.32 0.146683 287952 -0.0859079 0.588149
0.003905 1759.49 0.13616 287952 -0.116205 0.563378
0.004555 1726.53 0.133917 287952 -0.137995 0.573775
0.003915 1759.46 0.136084 287952 -0.116546 0.563383
0.004565 1725.53 0.133927 287952 -0.138329 0.574098
0.003925 1759.41 0.136009 287952 -0.116887 0.563392
0.004575 1724.53 0.133939 287952 -0.138662 0.574426
0.003935 1759.35 0.135935 287952 -0.11723 0.563406
0.004585 1723.51 0.133952 287952 -0.138996 0.574759
0.003075 1688.12 0.146511 287952 -0.0862798 0.587519
0.003945 1759.28 0.135862 287952 -0.117573 0.563425
0.004595 1722.47 0.133966 287952 -0.139329 0.575097
0.003955 1759.19 0.13579 287952 -0.117916 0.563447
0.003085 1689.9 0.14634 287952 -0.0866514 0.586897
0.004605 1721.42 0.133981 287952 -0.139663 0.575439
0.003965 1759.09 0.13572 287952 -0.118259 0.563474
0.003095 1691.67 0.14617 287952 -0.0870226 0.586283
0.004615 1720.36 0.133998 287952 -0.139996 0.575787
0.003975 1758.98 0.135651 287952 -0.118597 0.563506
0.003105 1693.41 0.146002 287952 -0.0873935 0.585677
0.004625 1719.29 0.134015 287952 -0.140328 0.576139
0.003985 1758.85 0.135583 287952 -0.118924 0.563542
0.003115 1695.14 0.145834 287952 -0.0877642 0.585078
0.004635 1718.2 0.134034 287952 -0.140661 0.576496
0.003995 1758.71 0.135517 287952 -0.119231 0.563582
0.003125 1696.85 0.145668 287952 -0.0881348 0.584488
0.004645 1717.09 0.134054 287951 -0.140996 0.576858
0.004005 1758.56 0.135451 287952 -0.119509 0.563626
0.003135 1698.53 0.145502 287952 -0.0885054 0.583905
0.004655 1715.84 0.134075 287952 -0.141313 0.577271
0.004015 1758.39 0.135387 287952 -0.119755 0.563675
0.003145 1700.2 0.145338 287952 -0.088876 0.58333
0.004665 1714.58 0.134097 287952 -0.141634 0.577688
0.004025 1758.21 0.135325 287952 -0.11997 0.563728
0.003155 1701.85 0.145175 287952 -0.0892468 0.582763
0.004675 1713.3 0.134121 287952 -0.141955 0.578111
0.004035 1758.01 0.135263 287952 -0.120167 0.563786
0.003165 1703.48 0.145013 287952 -0.0896179 0.582203
0.004685 1712.01 0.134145 287952 -0.142277 0.578537
0.004045 1757.8 0.135203 287952 -0.120369 0.563847
0.003175 1705.09 0.144852 287952 -0.0899894 0.58165
0.004695 1710.71 0.13417 287952 -0.142599 0.578969
0.004055 1757.58 0.135144 287952 -0.120599 0.563913
0.003185 1706.68 0.144693 287952 -0.0903632 0.581105
0.004705 1709.39 0.134196 287952 -0.142921 0.579406
0.004065 1757.35 0.135086 287951 -0.120883 0.563983
0.003195 1708.25 0.144534 287952 -0.0907393 0.580568
0.004715 1708.06 0.134223 287952 -0.143242 0.579847
0.006725 549.723 0.215757 287953 5.1949e-05 1.80738
0.004075 1757.1 0.13503 287951 -0.121232 0.564058
0.004725 1706.72 0.134251 287952 -0.143563 0.580293
0.002565 1568.83 0.156664 287952 -0.0677785 0.632208
0.006735 543.233 0.216362 287953 0.000632569 1.82919
0.004085 1756.84 0.134975 287952 -0.121646 0.564137
0.004735 1705.37 0.134279 287952 -0.143883 0.580744
0.006745 537.379 0.216952 287953 0.0010451 1.84933
0.004095 1756.56 0.134921 287952 -0.12211 0.564219
0.002575 1571.63 0.15644 287952 -0.0681139 0.631083
0.004745 1704 0.134309 287952 -0.144202 0.5812
0.006755 531.656 0.217526 287953 0.00152016 1.86945
0.004105 1756.28 0.134868 287952 -0.122597 0.564307
0.002585 1574.41 0.156216 287952 -0.0684508 0.62997
0.004755 1702.63 0.134339 287952 -0.14452 0.58166
0.006765 526.06 0.218084 287953 0.00197516 1.88956
0.004115 1755.98 0.134817 287952 -0.12308 0.564398
0.002595 1577.17 0.155993 287952 -0.0687893 0.628868
0.004765 1701.24 0.13437 287952 -0.144836 0.582125
0.006775 520.589 0.218628 287953 0.00241345 1.90963
0.004125 1755.67 0.134767 287952 -0.123538 0.564494
0.002605 1579.91 0.155771 287952 -0.0691293 0.627777
0.004775 1699.83 0.134401 287952 -0.145151 0.582595
0.006785 515.241 0.219156 287952 0.00283387 1.92967
0.004135 1755.34 0.134718 287952 -0.123956 0.564594
0.002615 1582.64 0.15555 287952 -0.069471 0.626698
0.004785 1698.42 0.134433 287952 -0.145464 0.58307
0.006795 510.015 0.21967 287952 0.00323671 1.94966
0.004145 1755 0.134671 287952 -0.124336 0.564698
0.002625 1585.34 0.15533 287952 -0.0698141 0.625629
0.004795 1696.99 0.134466 287952 -0.145775 0.583549
0.006805 504.907 0.22017 287952 0.00362212 1.9696
0.004155 1754.65 0.134625 287952 -0.124685 0.564806
0.002635 1588.03 0.155111 287952 -0.0701589 0.624572
0.006815 499.917 0.220656 287952 0.00399034 1.98948
0.003205 1709.71 0.144377 287952 -0.0911028 0.580071
0.004805 1695.55 0.134499 287952 -0.146084 0.584033
0.004165 1754.28 0.134581 287952 -0.125015 0.564918
0.003525 1745.23 0.13993 287952 -0.102882 0.568156
0.004815 1694.1 0.134532 287952 -0.146391 0.584521
0.005125 1645.87 0.135304 287952 -0.153826 0.601176
0.003535 1746 0.139809 287952 -0.103237 0.567903
0.004825 1692.64 0.134566 287952 -0.146695 0.585014
0.004175 1753.9 0.134537 287952 -0.125337 0.565035
0.002245 1470.43 0.164332 287952 -0.0579591 0.674449
0.003545 1746.75 0.13969 287952 -0.103584 0.567655
0.004835 1691.17 0.1346 287952 -0.146997 0.585511
0.004185 1753.51 0.134495 287952 -0.125659 0.565156
0.003555 1747.48 0.139572 287952 -0.10392 0.567413
0.004845 1689.69 0.134634 287952 -0.147296 0.586013
0.004195 1753.11 0.134455 287952 -0.125987 0.565282
0.003215 1711.15 0.14422 287952 -0.0914702 0.57958
0.001925 1358.76 0.172734 287952 -0.0500607 0.729775
0.004855 1688.2 0.134668 287952 -0.147593 0.586518
0.003565 1748.2 0.139455 287952 -0.104244 0.567176
0.005135 1644.33 0.135301 287952 -0.153956 0.601719
0.004205 1752.69 0.134416 287952 -0.126319 0.565411
0.002255 1473.74 0.16408 287952 -0.0582369 0.672938
0.004865 1686.7 0.134702 287952 -0.147886 0.587028
0.003575 1748.9 0.139339 287952 -0.104558 0.566945
0.003225 1712.57 0.144065 287952 -0.0918382 0.579097
0.003585 1749.58 0.139224 287952 -0.104867 0.566719
0.004875 1685.19 0.134737 287952 -0.148177 0.587542
0.004215 1752.26 0.134378 287952 -0.126656 0.565545
0.002265 1477.03 0.163829 287952 -0.0585166 0.67144
0.005445 1610.68 0.132682 287952 -0.150906 0.613626
0.003595 1750.24 0.139111 287951 -0.105179 0.5665
0.004885 1683.67 0.134771 287952 -0.148464 0.588059
0.004225 1751.81 0.134341 287952 -0.126997 0.565684
0.002275 1480.31 0.163578 287952 -0.0587982 0.669954
0.007365 391.58 0.232085 287952 0.00600835 2.54979
0.001935 1362.39 0.172463 287952 -0.0502796 0.727835
0.005145 1642.8 0.135295 287952 -0.154076 0.602259
0.003605 1750.78 0.138998 287952 -0.105483 0.566321
0.004895 1682.14 0.134805 287952 -0.148748 0.588581
0.004235 1751.26 0.134306 287952 -0.127325 0.565858
0.002285 1483.58 0.163328 287952 -0.0590818 0.668481
0.003235 1713.97 0.143911 287952 -0.0922062 0.57862
0.005455 1610.43 0.132482 287952 -0.150507 0.613701
0.003615 1751.3 0.138887 287952 -0.105809 0.566148
0.004245 1750.69 0.134272 287952 -0.127655 0.566037
0.004905 1680.6 0.134839 287952 -0.149028 0.589106
0.002295 1486.83 0.163078 287952 -0.0593674 0.66702
0.007375 391.218 0.23213 287952 0.00584881 2.55222
0.005465 1610.26 0.132272 287952 -0.150086 0.613746
0.001945 1366.01 0.172193 287952 -0.0505002 0.725909
0.003625 1751.81 0.138777 287952 -0.106158 0.56598
0.004255 1750.11 0.13424 287952 -0.127987 0.56622
0.005155 1641.29 0.135285 287952 -0.154186 0.602796
0.004915 1679.06 0.134872 287952 -0.149305 0.589634
0.002305 1490.07 0.16283 287952 -0.0596549 0.665573
0.007385 390.869 0.232173 287952 0.00568594 2.55457
0.003245 1715.36 0.143758 287952 -0.0925745 0.57815
0.005475 1610.17 0.132054 287952 -0.149642 0.613759
0.003635 1752.3 0.138668 287952 -0.106532 0.565817
0.004265 1749.51 0.134209 287952 -0.128319 0.566407
0.004925 1677.5 0.134905 287952 -0.149578 0.590166
0.002315 1493.3 0.162582 287952 -0.0599443 0.664137
0.007395 390.601 0.232213 287952 0.00551788 2.55639
0.001955 1369.62 0.171924 287952 -0.0507226 0.723996
0.003645 1752.78 0.13856 287952 -0.106926 0.565659
0.005485 1610.17 0.131826 287952 -0.149174 0.613739
0.004275 1748.91 0.134179 287952 -0.128651 0.566598
0.004935 1675.94 0.134938 287952 -0.149847 0.590701
0.002325 1496.51 0.162335 287952 -0.0602357 0.662715
0.007405 390.345 0.232251 287952 0.00534298 2.55813
0.005165 1639.79 0.135272 287952 -0.154284 0.603328
0.003655 1753.24 0.138453 287952 -0.107335 0.565506
0.005495 1610.26 0.131586 287952 -0.14868 0.613686
0.003255 1716.72 0.143606 287952 -0.0929431 0.577687
0.004285 1748.29 0.134151 287952 -0.128984 0.566794
0.002335 1499.71 0.162089 287952 -0.060529 0.661304
0.004945 1674.38 0.134969 287952 -0.150111 0.591239
0.007415 390.101 0.232287 287952 0.00515362 2.55979
0.003665 1753.68 0.138347 287952 -0.107748 0.565358
0.005505 1610.44 0.131337 287952 -0.148165 0.613597
0.001965 1373.23 0.171655 287952 -0.0509467 0.722098
0.004295 1747.65 0.134124 287952 -0.129318 0.566994
0.002345 1502.89 0.161844 287952 -0.0608242 0.659906
0.003675 1754.11 0.138243 287952 -0.108157 0.565215
0.004955 1672.81 0.135001 287952 -0.150371 0.591781
0.007425 389.868 0.232321 287952 0.00494883 2.56137
0.005515 1610.71 0.131077 287952 -0.147626 0.613472
0.005175 1638.3 0.135255 287952 -0.154372 0.603855
0.004305 1747.01 0.134099 287952 -0.129651 0.567199
0.002355 1506.06 0.161599 287952 -0.0611214 0.658521
0.003265 1718.07 0.143455 287952 -0.093312 0.577231
0.007435 389.645 0.232353 287952 0.00473157 2.56289
0.004965 1671.23 0.135031 287952 -0.150626 0.592324
0.003685 1754.52 0.138139 287952 -0.108555 0.565077
0.005525 1611.09 0.130807 287953 -0.14707 0.61331
0.004315 1746.35 0.134075 287952 -0.129986 0.567408
0.002365 1509.21 0.161356 287952 -0.0614204 0.657148
0.001975 1376.83 0.171386 287952 -0.0511725 0.720214
0.001605 1240.18 0.181497 287952 -0.0439581 0.799433
0.007445 389.432 0.232382 287952 0.00451007 2.56435
0.004975 1669.65 0.13506 287952 -0.150876 0.592871
0.003695 1754.92 0.138037 287952 -0.108938 0.564944
0.005535 1611.8 0.130526 287952 -0.146486 0.613019
0.004325 1745.67 0.134052 287952 -0.13032 0.567621
0.002375 1512.34 0.161113 287952 -0.0617214 0.655787
0.005185 1636.83 0.135234 287952 -0.154447 0.604377
0.007455 389.227 0.23241 287952 0.00429533 2.56575
0.004985 1668.06 0.135088 287952 -0.151121 0.593419
0.003705 1755.31 0.137936 287952 -0.109307 0.564816
0.005545 1612.62 0.130233 287952 -0.145871 0.61269
0.003275 1719.4 0.143306 287952 -0.0936813 0.576782
0.004335 1744.99 0.134031 287952 -0.130654 0.567839
0.002385 1515.47 0.160871 287952 -0.0620242 0.654438
0.007045 423.577 0.228423 287952 0.00843271 2.35322
0.003715 1755.68 0.137836 287952 -0.109663 0.564692
0.004995 1666.47 0.135115 287952 -0.15136 0.59397
0.005555 1613.54 0.12993 287952 -0.145214 0.61232
0.001615 1243.92 0.181223 287952 -0.0441225 0.797032
0.001985 1380.42 0.171118 287952 -0.0514002 0.718343
0.007465 389.031 0.232437 287952 0.00409818 2.56709
0.004345 1744.29 0.134011 287952 -0.130989 0.568061
0.002395 1518.57 0.160629 287952 -0.0623289 0.653102
0.005195 1635.38 0.135209 287952 -0.15451 0.604893
0.003725 1756.03 0.137737 287952 -0.110012 0.564573
0.005565 1614.59 0.129616 287952 -0.144517 0.611907
0.005005 1664.87 0.135141 287952 -0.151594 0.594523
0.003285 1720.71 0.143157 287952 -0.0940511 0.57634
0.001625 1247.66 0.180948 287952 -0.0442885 0.794645
0.004355 1743.57 0.133993 287952 -0.131323 0.568287
0.007475 388.842 0.232461 287952 0.00392141 2.56838
0.002405 1521.66 0.160389 287952 -0.0626355 0.651778
0.001995 1384 0.17085 287952 -0.0516296 0.716487
0.003735 1756.37 0.13764 287952 -0.110357 0.56446
0.005575 1615.75 0.12929 287952 -0.14378 0.61145
0.005015 1663.28 0.135166 287952 -0.151821 0.595077
0.007055 421.674 0.228635 287952 0.00846352 2.36402
0.002415 1524.74 0.160149 287952 -0.0629439 0.650466
0.001635 1251.41 0.180673 287952 -0.0444563 0.792272
0.007485 388.717 0.232484 287952 0.00375966 2.56925
0.004365 1742.85 0.133976 287952 -0.131657 0.568518
0.005205 1633.95 0.135179 287952 -0.154561 0.605402
0.005025 1661.68 0.135188 287952 -0.152041 0.595633
0.005585 1617.03 0.128953 287952 -0.143003 0.610948
0.003745 1756.7 0.137543 287952 -0.1107 0.56435
0.002425 1527.79 0.159911 287952 -0.0632542 0.649165
0.001645 1255.15 0.180398 287952 -0.0446257 0.789914
0.007495 388.598 0.232506 287952 0.00361068 2.57008
0.003295 1722 0.14301 287952 -0.0944213 0.575904
0.004375 1742.11 0.13396 287952 -0.131992 0.568754
0.002005 1387.58 0.170582 287952 -0.0518607 0.714644
0.005035 1660.08 0.13521 287952 -0.152255 0.596189
0.002435 1530.84 0.159673 287952 -0.0635662 0.647878
0.005595 1618.44 0.128605 287952 -0.142187 0.610398
0.007065 419.839 0.228838 287952 0.00853222 2.37454
0.001655 1258.89 0.180123 287952 -0.0447969 0.787571
0.007505 388.485 0.232526 287952 0.00345843 2.57086
0.003755 1757.01 0.137448 287952 -0.111044 0.564246
0.004385 1741.36 0.133946 287952 -0.132326 0.568994
0.002445 1533.86 0.159436 287952 -0.0638801 0.646602
0.005045 1658.49 0.135229 287952 -0.152462 0.596746
0.005605 1619.99 0.128245 287952 -0.141332 0.609799
0.005215 1632.54 0.135145 287952 -0.154599 0.605904
0.003305 1723.28 0.142863 287952 -0.094792 0.575475
0.001665 1262.63 0.179848 287952 -0.0449698 0.785242
0.007515 388.378 0.232545 287952 0.00329562 2.57161
0.003765 1757.3 0.137354 287952 -0.111388 0.564146
0.005615 1621.68 0.127873 287952 -0.140437 0.609149
0.002015 1391.14 0.170316 287952 -0.0520937 0.712815
0.002455 1536.87 0.1592 287952 -0.0641957 0.645338
0.005055 1656.89 0.135247 287952 -0.152662 0.597304
0.004395 1740.59 0.133933 287952 -0.13266 0.569239
0.007525 388.276 0.232562 287952 0.00311843 2.57231
0.001675 1266.36 0.179573 287952 -0.0451444 0.782927
0.003775 1757.58 0.137261 287952 -0.111734 0.564051
0.005625 1623.5 0.127489 287952 -0.139503 0.608448
0.007075 418.069 0.229033 287952 0.0079401 2.38477
0.005225 1631.15 0.135107 287952 -0.154623 0.606398
0.002465 1539.86 0.158965 287952 -0.0645131 0.644085
0.005065 1655.29 0.135262 287952 -0.152853 0.597862
0.007535 388.179 0.232578 287952 0.00292817 2.57299
0.004405 1739.81 0.133922 287952 -0.132994 0.569488
0.005635 1625.48 0.127093 287952 -0.138529 0.607693
0.001685 1270.1 0.179298 287952 -0.0453207 0.780628
0.003785 1757.85 0.137169 287952 -0.112079 0.56396
0.003315 1724.53 0.142718 287952 -0.0951632 0.575053
0.002025 1394.7 0.170049 287952 -0.0523284 0.711
0.005075 1653.7 0.135275 287952 -0.153037 0.598419
0.004415 1739.02 0.133912 287952 -0.133327 0.569742
0.007545 388.087 0.232592 287952 0.00273374 2.57363
0.002475 1542.84 0.158731 287952 -0.0648321 0.642845
0.005645 1627.61 0.126685 287952 -0.137515 0.606884
0.001695 1273.84 0.179023 287952 -0.0454987 0.778342
0.003795 1758.1 0.137078 287952 -0.112425 0.563875
0.007085 416.361 0.229219 287948 0.00975084 2.39469
0.005085 1652.12 0.135286 287952 -0.153212 0.598976
0.005235 1629.79 0.135064 287952 -0.154633 0.606884
0.007555 387.999 0.232606 287952 0.00253019 2.57424
0.002485 1545.8 0.158498 287952 -0.0651529 0.641617
0.004425 1738.21 0.133903 287952 -0.133661 0.57
0.005655 1629.9 0.126265 287952 -0.136459 0.606018
0.001705 1277.57 0.178748 287952 -0.0456784 0.776072
0.003805 1758.34 0.136989 287952 -0.11277 0.563793
0.003325 1725.77 0.142574 287952 -0.0955348 0.574638
0.002035 1398.25 0.169783 287952 -0.0525649 0.709198
0.005095 1650.53 0.135295 287952 -0.153383 0.599532
0.007565 387.965 0.232618 287952 0.00232852 2.57448
0.002495 1548.74 0.158265 287952 -0.0654754 0.6404
0.004435 1737.4 0.133896 287952 -0.133994 0.570262
0.005665 1632.35 0.125833 287952 -0.135361 0.605096
0.001715 1281.3 0.178473 287952 -0.0458598 0.773815
0.003815 1758.57 0.136901 287952 -0.113115 0.563716
0.007095 414.714 0.229399 287952 0.00795058 2.40441
0.005245 1628.45 0.135015 287952 -0.154629 0.60736
0.005105 1648.97 0.135301 287952 -0.153537 0.600082
0.007575 387.936 0.232629 287952 0.00213459 2.5747
0.002505 1551.66 0.158034 287952 -0.0657996 0.639195
0.004445 1736.56 0.13389 287952 -0.134328 0.57053
0.005675 1634.96 0.125388 287952 -0.134219 0.604115
0.003825 1758.78 0.136813 287952 -0.11346 0.563644
0.001725 1285.03 0.178198 287952 -0.0460429 0.771574
0.003335 1726.99 0.142431 287952 -0.0959068 0.574229
0.002045 1401.79 0.169518 287952 -0.0528033 0.70741
0.005115 1647.41 0.135304 287952 -0.153686 0.60063
0.002515 1554.57 0.157803 287952 -0.0661254 0.638001
0.007585 387.909 0.232639 287952 0.00193411 2.5749
0.004455 1735.72 0.133886 287952 -0.134661 0.570802
0.005685 1637.75 0.12493 287952 -0.133032 0.603075
0.003835 1758.97 0.136728 287952 -0.113806 0.563577
0.001735 1288.75 0.177923 287952 -0.0462277 0.769347
0.005255 1627.15 0.134961 287952 -0.15461 0.607827
0.007105 413.124 0.22957 287952 0.00856258 2.41383
0.002525 1557.45 0.157574 287952 -0.0664528 0.63682
0.005695 1640.71 0.12446 287952 -0.131798 0.601973
0.001745 1292.48 0.177649 287952 -0.0464141 0.767134
0.004465 1734.86 0.133883 287952 -0.134995 0.571078
0.007595 387.886 0.232648 287952 0.00172428 2.57507
5e-06 847.352 0.209483 287952 -0.0342625 1.17007
0.007605 387.866 0.232656 287952 0.00149936 2.57522
0.002645 1590.69 0.154893 287952 -0.0705053 0.623525
0.007615 387.848 0.232663 287952 0.0012582 2.57535
0.000325 868.1 0.208054 287952 -0.0347668 1.14206
0.007625 387.834 0.232669 287952 0.00100655 2.57546
0.007635 387.822 0.232673 287952 0.000757225 2.57555
0.005765 1666.87 0.120792 287952 -0.121779 0.592458
1.5e-05 847.394 0.20948 287952 -0.034263 1.17002
0.007645 387.812 0.232677 287952 0.000526828 2.57562
0.002655 1593.34 0.154675 287952 -0.0708533 0.62249
0.000335 869.361 0.207967 287952 -0.0347892 1.1404
0.007655 387.805 0.23268 287951 0.000329822 2.57567
0.006405 855.763 0.186551 287954 -0.0322643 1.15663
0.007665 387.8 0.232682 287951 0.000173716 2.5757
0.000345 870.659 0.207878 287952 -0.0348117 1.1387
2.5e-05 847.478 0.209474 287952 -0.0342652 1.1699
0.005775 1671.44 0.120213 287952 -0.120162 0.59083
0.002665 1595.97 0.154459 287952 -0.071203 0.621465
0.007675 387.798 0.232683 287951 4.985e-05 2.57572
0.000355 871.991 0.207786 287952 -0.0348342 1.13696
0.001285 1121.98 0.1901 287952 -0.0395951 0.883561
0.000645 925.473 0.204069 287952 -0.0355379 1.07117
0.001295 1125.58 0.18984 287952 -0.0397061 0.880735
0.000965 1013.42 0.197873 287952 -0.0368986 0.978177
0.000655 927.801 0.203906 287952 -0.035567 1.06848
0.001305 1129.19 0.189579 287952 -0.0398188 0.877921
0.006085 1417.13 0.138001 287954 -0.100862 0.696949
0.000665 930.159 0.203742 287952 -0.0355968 1.06577
0.001315 1132.81 0.189318 287952 -0.0399332 0.875118
0.006825 495.042 0.221128 287952 0.00434183 2.0093
0.000675 932.547 0.203574 287952 -0.0356271 1.06304
0.001325 1136.44 0.189055 287952 -0.0400491 0.872327
0.002055 1405.33 0.169253 287952 -0.0530434 0.705635
0.000975 1016.56 0.19765 287952 -0.0369597 0.975156
0.000685 934.965 0.203405 287952 -0.0356581 1.06029
0.001335 1140.07 0.188792 287952 -0.0401666 0.869547
0.006095 1396.15 0.139707 287954 -0.0985987 0.707443
0.002065 1408.85 0.168988 287952 -0.0532854 0.703874
0.000985 1019.71 0.197426 287952 -0.037022 0.972135
0.001345 1143.72 0.188528 287952 -0.0402857 0.86678
0.000695 937.412 0.203234 287952 -0.0356898 1.05752
0.003345 1728.19 0.14229 287952 -0.0962792 0.573827
0.006835 490.279 0.221586 287952 0.00468276 2.02904
0.006105 1375.27 0.141405 287954 -0.0963041 0.718204
0.001355 1147.37 0.188264 287952 -0.0404064 0.864024
0.002075 1412.36 0.168725 287952 -0.0535291 0.702127
0.000995 1022.89 0.1972 287952 -0.0370858 0.969115
0.000705 939.888 0.20306 287952 -0.0357222 1.05473
0.003355 1729.37 0.142149 287952 -0.096652 0.573431
0.006845 485.627 0.222031 287953 0.00503255 2.0487
0.006115 1354.5 0.143096 287954 -0.093979 0.729238
0.001365 1151.03 0.187999 287952 -0.0405286 0.861281
0.002085 1415.86 0.168461 287952 -0.0537747 0.700393
0.001005 1026.09 0.196972 287952 -0.0371509 0.966095
0.000715 942.392 0.202885 287952 -0.0357554 1.05193
0.003365 1730.54 0.142009 287952 -0.0970271 0.573042
0.006125 1333.85 0.144778 287954 -0.0916261 0.740552
0.006855 481.447 0.222463 287952 0.00529632 2.0667
0.001375 1154.69 0.187733 287952 -0.040656 0.85855
0.002095 1419.36 0.168198 287952 -0.0540222 0.698673
0.001015 1029.31 0.196744 287952 -0.0372175 0.963076
0.000725 944.925 0.202707 287952 -0.0357893 1.0491
0.003375 1731.68 0.141871 287952 -0.097404 0.57266
0.006135 1313.33 0.146451 287954 -0.0892494 0.752152
0.006865 477.381 0.222881 287952 0.00558617 2.08452
0.001385 1158.36 0.187467 287952 -0.0407735 0.855832
0.002105 1422.84 0.167936 287952 -0.0542714 0.696966
0.000735 947.486 0.202527 287952 -0.0358239 1.04627
0.001025 1032.54 0.196513 287952 -0.0372854 0.960059
0.003385 1732.71 0.141734 287952 -0.0977671 0.572318
0.006145 1292.94 0.148114 287954 -0.086854 0.764044
0.002115 1426.31 0.167675 287952 -0.0545226 0.695272
0.001395 1162.04 0.1872 287952 -0.0414251 0.853126
0.006875 473.424 0.223287 287952 0.00586057 2.10216
0.000745 950.075 0.202346 287952 -0.0358595 1.04341
0.001035 1035.79 0.196282 287952 -0.0373548 0.957044
0.003395 1733.71 0.141598 287952 -0.0981341 0.571981
0.006155 1272.69 0.149767 287954 -0.0844454 0.776235
0.002125 1429.77 0.167414 287952 -0.0547756 0.693591
0.001405 1165.72 0.186932 287948 -0.0399932 0.850423
0.006885 469.574 0.223679 287952 0.00612111 2.11961
0.000755 952.691 0.202162 287952 -0.0358958 1.04055
0.001045 1039.07 0.196048 287952 -0.0374257 0.954032
0.003405 1734.7 0.141463 287952 -0.0985013 0.571651
0.006165 1252.58 0.151408 287954 -0.0820296 0.788732
0.002135 1433.22 0.167153 287952 -0.0550304 0.691924
0.001415 1169.41 0.186664 287952 -0.041683 0.847754
0.006895 465.83 0.22406 287952 0.006367 2.13687
0.000765 955.334 0.201976 287952 -0.035933 1.03767
0.001055 1042.35 0.195814 287952 -0.037498 0.951023
0.003415 1735.68 0.141329 287952 -0.0988682 0.571327
0.006175 1232.62 0.153038 287954 -0.0796091 0.801543
0.002145 1436.67 0.166894 287952 -0.0552872 0.69027
0.001425 1173.1 0.186396 287952 -0.0412911 0.845087
0.006905 462.189 0.224428 287952 0.00659822 2.15392
0.000775 958.004 0.201789 287952 -0.0359712 1.03477
0.001065 1045.66 0.195578 287952 -0.0375718 0.948018
0.003425 1736.63 0.141196 287952 -0.0992347 0.57101
0.006185 1212.81 0.154655 287954 -0.0772034 0.814675
0.002155 1440.09 0.166634 287952 -0.0555458 0.688629
0.001435 1176.8 0.186127 287952 -0.0414319 0.842433
0.006915 458.648 0.224784 287952 0.00681475 2.17076
0.000785 960.701 0.201599 287952 -0.0360102 1.03187
0.001075 1048.98 0.195341 287952 -0.037647 0.945017
0.003435 1737.57 0.141064 287952 -0.0996009 0.570698
0.002165 1443.51 0.166376 287952 -0.0558063 0.687002
0.006195 1193.16 0.156259 287954 -0.0742787 0.828138
0.001445 1180.51 0.185857 287952 -0.0415636 0.839793
0.000795 963.424 0.201407 287952 -0.0360502 1.02895
0.006925 455.205 0.225129 287952 0.0070167 2.18739
0.001085 1052.32 0.195103 287952 -0.0377238 0.94202
0.003445 1738.49 0.140934 287952 -0.0999668 0.570392
0.002175 1446.92 0.166118 287952 -0.0560687 0.685387
0.006205 1173.67 0.15785 287958 -0.0734462 0.841951
0.001455 1184.21 0.185588 287952 -0.0417004 0.837166
0.000805 966.173 0.201214 287952 -0.0360912 1.02602
0.006935 451.857 0.225461 287952 0.00720668 2.20381
0.003455 1739.39 0.140804 287952 -0.100332 0.570092
0.001095 1055.67 0.194863 287952 -0.0378021 0.939027
0.002185 1450.31 0.165861 287952 -0.056333 0.683786
0.006215 1154.33 0.159427 287954 -0.0695073 0.856092
0.001465 1187.93 0.185317 287952 -0.0418388 0.834553
0.000815 968.948 0.201018 287952 -0.0361332 1.02308
0.003465 1740.28 0.140676 287952 -0.100698 0.569798
0.006945 448.603 0.225783 287952 0.00739439 2.22002
0.001105 1059.04 0.194622 287952 -0.0378819 0.93604
0.002195 1453.7 0.165605 287952 -0.0565992 0.682197
0.005705 1643.86 0.123977 287952 -0.130516 0.600809
0.006225 1135.16 0.160989 287954 -0.0676713 0.870604
0.001475 1191.64 0.185046 287952 -0.041979 0.831953
0.000825 971.748 0.200821 287952 -0.0361762 1.02013
0.003475 1741.15 0.140549 287952 -0.101063 0.56951
0.006955 445.7 0.226093 287952 0.00753696 2.23468
0.001115 1062.43 0.19438 287952 -0.0379633 0.933059
0.002205 1457.07 0.165349 287952 -0.0568673 0.680622
0.005715 1647.19 0.12348 287952 -0.129184 0.599582
0.006235 1116.15 0.162537 287954 -0.0652102 0.885486
0.001485 1195.36 0.184775 287952 -0.0421209 0.829367
0.000835 974.573 0.200622 287952 -0.0362203 1.01717
0.003485 1742 0.140423 287952 -0.101428 0.569228
0.006965 442.889 0.226393 287952 0.00768647 2.24907
0.001125 1065.83 0.194137 287952 -0.0380462 0.930084
0.002215 1460.43 0.165094 287952 -0.0571374 0.679059
0.005725 1650.72 0.12297 287952 -0.127802 0.59829
0.006245 1097.34 0.16407 287959 -0.0627846 0.90074
0.001495 1199.09 0.184504 287952 -0.0422645 0.826795
0.000845 977.422 0.200421 287952 -0.0362654 1.01421
0.003495 1742.83 0.140298 287952 -0.101793 0.568951
0.006975 440.167 0.226682 287952 0.00782285 2.26319
0.001135 1069.24 0.193892 287952 -0.0381307 0.927115
0.002225 1463.77 0.164839 287952 -0.0574093 0.67751
0.005735 1654.45 0.122447 287952 -0.126369 0.596933
0.006255 1080.71 0.165618 287954 -0.0610473 0.914647
0.001505 1202.81 0.184232 287952 -0.0424098 0.824237
0.000855 980.296 0.200218 287952 -0.0363117 1.01123
0.003505 1743.65 0.140174 287952 -0.102158 0.56868
0.006985 437.53 0.22696 287952 0.00794694 2.27703
0.001145 1072.67 0.193647 287952 -0.0382168 0.924152
0.002235 1467.11 0.164585 287952 -0.0576832 0.675973
0.005745 1658.38 0.121909 287952 -0.124886 0.595509
0.006265 1064.31 0.167148 287954 -0.0588859 0.928815
0.001515 1206.54 0.183959 287952 -0.0425569 0.821693
0.000865 983.194 0.200013 287952 -0.036359 1.00825
0.003515 1744.45 0.140051 287952 -0.102521 0.568415
0.006995 434.978 0.227228 287952 0.00805838 2.29059
0.001155 1076.11 0.1934 287952 -0.0383045 0.921197
0.002535 1560.32 0.157345 287952 -0.0667818 0.635649
0.001755 1296.2 0.177374 287952 -0.0466023 0.764936
0.001165 1079.57 0.193152 287952 -0.0383938 0.918249
0.002545 1563.18 0.157117 287952 -0.0671125 0.634491
0.001175 1083.04 0.192903 287952 -0.0384847 0.915309
0.001765 1299.91 0.177099 287952 -0.0467921 0.762753
0.002555 1566.01 0.15689 287952 -0.0674447 0.633343
0.004475 1733.99 0.133881 287952 -0.135328 0.571359
0.001185 1086.52 0.192653 287952 -0.0385773 0.912377
0.005265 1625.87 0.134902 287952 -0.154577 0.608282
0.001195 1090.02 0.192402 287952 -0.0386715 0.909453
0.007115 411.59 0.229734 287952 0.00850987 2.42299
0.005275 1624.63 0.134838 287952 -0.154527 0.608726
0.001205 1093.52 0.19215 287952 -0.0387674 0.906538
0.007125 410.109 0.229891 287952 0.00849938 2.4319
0.005285 1623.42 0.134767 287952 -0.154462 0.609158
0.001215 1097.04 0.191897 287952 -0.0388649 0.903631
0.007135 408.825 0.230041 287952 0.00846131 2.43969
0.000365 873.36 0.207691 287952 -0.0348567 1.13517
0.005295 1622.25 0.134691 287952 -0.15438 0.609576
0.001225 1100.57 0.191643 287952 -0.0389642 0.900734
0.007145 407.592 0.230185 287952 0.00842201 2.44723
0.005305 1621.11 0.134608 287952 -0.154281 0.60998
0.000375 874.763 0.207594 287952 -0.0348792 1.13335
0.001235 1104.11 0.191388 287952 -0.0390651 0.897847
0.007155 406.407 0.230322 287952 0.00837521 2.45451
0.005315 1620.02 0.134519 287952 -0.154165 0.61037
0.000385 876.202 0.207495 287952 -0.0349018 1.13148
0.001245 1107.67 0.191132 287952 -0.0391677 0.894969
0.007165 405.268 0.230453 287952 0.00832167 2.46156
3.5e-05 847.603 0.209465 287952 -0.0342689 1.16973
0.005325 1618.97 0.134423 287952 -0.154031 0.610743
0.001255 1111.23 0.190875 287952 -0.039272 0.892101
0.000395 877.675 0.207393 287952 -0.0349243 1.12958
0.002675 1598.58 0.154244 287952 -0.0715543 0.620452
0.007175 404.172 0.230578 287952 0.00826109 2.46838
0.005335 1617.97 0.13432 287952 -0.15388 0.6111
4.5e-05 847.769 0.209454 287952 -0.0342742 1.1695
0.001265 1114.8 0.190618 287952 -0.039378 0.889244
0.000405 879.184 0.207289 287952 -0.0349469 1.12764
0.007185 403.118 0.230698 287952 0.00819321 2.47497
0.002685 1601.17 0.15403 287952 -0.0719073 0.619449
0.005345 1617.02 0.134211 287952 -0.15371 0.611438
0.001275 1118.39 0.190359 287952 -0.0394857 0.886397
5.5e-05 847.975 0.20944 287952 -0.0342809 1.16921
0.000415 880.727 0.207182 287952 -0.0349696 1.12566
0.007195 402.104 0.230812 287952 0.0081179 2.48134
0.005355 1616.11 0.134094 287952 -0.153521 0.611759
0.002695 1603.74 0.153817 287952 -0.0722622 0.618457
6.5e-05 848.222 0.209423 287952 -0.0342889 1.16887
0.000425 882.306 0.207072 287952 -0.0349922 1.12364
0.007205 401.128 0.23092 287952 0.00803571 2.48751
0.005365 1615.26 0.13397 287952 -0.153313 0.612059
0.002705 1606.29 0.153605 287952 -0.0726237 0.617476
7.5e-05 848.509 0.209403 287952 -0.0342983 1.16848
0.007215 400.188 0.231024 287952 0.00794747 2.49348
0.005785 1676.23 0.119618 287952 -0.11851 0.589134
0.006415 842.35 0.187784 287954 -0.0306464 1.17517
0.007225 399.39 0.231122 287952 0.00785099 2.49859
0.005795 1681.25 0.119009 287952 -0.116831 0.58737
0.007235 398.626 0.231216 287952 0.00775206 2.5035
0.006425 829.126 0.188996 287954 -0.0290697 1.19404
0.005755 1662.52 0.121358 287952 -0.123355 0.594017
0.005805 1686.49 0.118386 287952 -0.115135 0.585539
0.007245 397.894 0.231306 287952 0.00764771 2.50822
0.006435 816.088 0.190187 287954 -0.027534 1.21325
0.006275 1048.1 0.168661 287954 -0.0567667 0.943249
0.005815 1691.96 0.117749 287952 -0.113431 0.583643
0.007255 397.194 0.231391 287952 0.0075384 2.51275
0.006445 803.232 0.191357 287954 -0.0259825 1.23281
0.005825 1697.65 0.117097 287952 -0.111733 0.581683
0.006285 1032.09 0.170155 287954 -0.0546751 0.95795
0.001525 1210.27 0.183687 287952 -0.0427057 0.819163
0.006295 1016.29 0.17163 287954 -0.0526152 0.972923
0.000875 986.115 0.199807 287952 -0.0364075 1.00526
0.006305 1000.69 0.173086 287954 -0.0505838 0.988171
0.001535 1214.01 0.183414 287952 -0.0428562 0.816647
0.000885 989.06 0.199599 287952 -0.0364572 1.00227
0.007005 432.506 0.227486 287952 0.00815725 2.30388
0.006315 985.296 0.174523 287954 -0.0485817 1.0037
0.001545 1217.74 0.183141 287952 -0.0430084 0.814145
0.000895 992.028 0.199389 287952 -0.036508 0.99927
0.006325 970.102 0.17594 287954 -0.0466219 1.01951
0.007015 430.113 0.227734 287952 0.00824369 2.31689
0.001555 1221.48 0.182867 287952 -0.0431624 0.811657
0.000905 995.018 0.199177 287952 -0.03656 0.996266
0.001775 1303.63 0.176825 287952 -0.0469836 0.760584
0.006335 955.111 0.177338 287954 -0.0446972 1.0356
0.007025 427.795 0.227973 287952 0.00831907 2.32964
0.001565 1225.22 0.182594 287952 -0.0433181 0.809184
0.000915 998.031 0.198964 287952 -0.0366133 0.993258
0.006345 940.322 0.178715 287954 -0.0428081 1.05199
0.001785 1307.33 0.17655 287952 -0.0471769 0.758429
0.007035 425.55 0.228202 287952 0.00838833 2.34212
0.001575 1228.96 0.18232 287952 -0.0434755 0.806725
0.000925 1001.07 0.198749 287952 -0.0366677 0.990247
0.002715 1608.87 0.153394 287952 -0.0729795 0.616484
0.006355 925.733 0.180073 287954 -0.0409551 1.06866
0.001795 1311.04 0.176276 287952 -0.0473718 0.756289
0.001585 1232.7 0.182046 287952 -0.0436347 0.80428
0.000935 1004.12 0.198532 287952 -0.0367235 0.987232
0.000435 883.918 0.206961 287952 -0.035015 1.12159
0.005375 1614.47 0.133838 287952 -0.153085 0.612338
0.000445 885.565 0.206847 287952 -0.0350378 1.1195
0.005385 1613.73 0.133698 287952 -0.152837 0.612596
8.5e-05 848.836 0.209381 287952 -0.0343089 1.16803
0.000455 887.247 0.20673 287952 -0.0350606 1.11738
0.007265 396.522 0.231471 287952 0.007424 2.51711
0.005395 1613.05 0.13355 287952 -0.152568 0.612831
9.5e-05 849.202 0.209355 287952 -0.0343207 1.16752
0.000465 888.962 0.206611 287952 -0.0350836 1.11522
0.005405 1612.44 0.133394 287952 -0.152279 0.613042
0.007275 395.879 0.231548 287952 0.00730441 2.52131
0.000105 849.608 0.209328 287952 -0.0343335 1.16696
0.000475 890.711 0.20649 287952 -0.0351067 1.11303
0.005415 1611.89 0.133229 287952 -0.151968 0.613229
0.007285 395.263 0.231621 287952 0.00717946 2.52534
0.000115 850.053 0.209297 287952 -0.0343474 1.16635
0.006455 790.564 0.192505 287956 -0.0243362 1.25271
0.005425 1611.42 0.133056 287952 -0.151636 0.613389
0.007295 394.671 0.231691 287952 0.00704959 2.52923
0.000485 892.495 0.206366 287952 -0.0351299 1.1108
0.000125 850.537 0.209264 287952 -0.0343622 1.16569
0.005435 1611.01 0.132874 287952 -0.151282 0.613521
0.007305 394.103 0.231756 287952 0.00691395 2.53297
0.006465 779.151 0.193633 287954 -0.0232044 1.27119
0.000135 851.059 0.209228 287952 -0.0343778 1.16497
0.000495 894.311 0.20624 287952 -0.0351532 1.10854
0.005835 1703.56 0.116432 287952 -0.110054 0.579662
0.000505 896.162 0.206112 287952 -0.0351768 1.10625
0.005845 1709.69 0.115754 287952 -0.108409 0.577583
0.006365 911.345 0.18141 287954 -0.0391393 1.08564
0.000515 898.045 0.205981 287952 -0.0352005 1.10392
0.005855 1716.02 0.115064 287952 -0.10681 0.57545
0.006375 897.156 0.182726 287954 -0.0373615 1.10292
0.000525 899.962 0.205847 287952 -0.0352244 1.10157
0.005865 1722.56 0.114362 287952 -0.105273 0.573266
0.002725 1611.44 0.153184 287952 -0.0733412 0.615502
0.006385 883.163 0.184022 287954 -0.0356225 1.12051
0.000535 901.912 0.205712 287952 -0.0352486 1.09919
0.005875 1729.29 0.11365 287952 -0.103811 0.571037
0.006395 869.366 0.185297 287954 -0.0339232 1.13841
0.002735 1613.99 0.152976 287952 -0.0737086 0.614532
0.001805 1314.74 0.176002 287952 -0.0475684 0.754164
0.005885 1736.19 0.112928 287952 -0.102435 0.568766
0.001595 1236.44 0.181772 287952 -0.0437955 0.801849
0.000945 1007.2 0.198314 287952 -0.0367806 0.984215
0.005895 1743.26 0.112198 287952 -0.101156 0.566461
0.007315 393.635 0.231819 287952 0.00677242 2.53607
0.006475 767.935 0.194738 287954 -0.0218703 1.28991
0.005905 1750.49 0.111461 287952 -0.100012 0.564125
0.000145 851.62 0.209189 287952 -0.0343943 1.1642
0.007325 393.188 0.231878 287952 0.00662799 2.53904
0.005915 1757.85 0.110718 287952 -0.0981918 0.561765
0.000545 903.894 0.205574 287952 -0.035273 1.09677
0.006485 756.907 0.195821 287954 -0.0205792 1.30886
0.007335 392.76 0.231934 287952 0.00647831 2.54189
0.000155 852.219 0.209148 287952 -0.0344115 1.16338
0.005925 1764.75 0.11001 287865 -0.118384 0.559403
0.006495 746.064 0.196882 287954 -0.0193246 1.32803
0.007345 392.35 0.231987 287952 0.00632448 2.54463
0.000555 905.909 0.205434 287952 -0.0352978 1.09433
0.000165 852.856 0.209104 287952 -0.0344294 1.16251
0.005935 1742.71 0.111779 287954 -0.137637 0.566648
0.002745 1616.52 0.152768 287952 -0.074069 0.61357
0.007355 391.957 0.232038 287952 0.00616746 2.54726
0.006505 735.404 0.197922 287954 -0.0181092 1.34745
0.001815 1318.44 0.175728 287952 -0.0477667 0.752053
0.000955 1010.3 0.198094 287952 -0.0368389 0.981197
0.001825 1322.13 0.175455 287952 -0.0479667 0.749956
0.000175 853.532 0.209058 287952 -0.034448 1.16159
0.006515 724.923 0.19894 287954 -0.0169325 1.36709
0.000185 854.244 0.209009 287952 -0.034467 1.16062
0.005945 1720.25 0.113573 287953 -0.133716 0.574043
0.006525 714.617 0.199937 287954 -0.015794 1.38697
0.000195 854.995 0.208957 287952 -0.0344866 1.1596
0.005955 1697.94 0.115358 287953 -0.130955 0.581586
0.000565 907.956 0.205291 287952 -0.0353228 1.09186
0.000205 855.782 0.208903 287952 -0.0345066 1.15853
0.006535 704.483 0.200913 287954 -0.0146934 1.40709
0.005965 1675.76 0.117134 287953 -0.128272 0.589285
0.000575 910.035 0.205146 287952 -0.0353482 1.08936
0.000215 856.607 0.208846 287952 -0.0345271 1.15741
0.005975 1653.71 0.118902 287953 -0.125698 0.597148
0.006545 694.518 0.201867 287954 -0.01363 1.42746
0.002755 1619.03 0.152561 287952 -0.0744335 0.612618
0.000225 857.469 0.208787 287952 -0.0345478 1.15625
0.000585 912.147 0.204999 287952 -0.035374 1.08684
0.005985 1631.76 0.120663 287953 -0.123221 0.605184
0.006555 684.719 0.202802 287954 -0.0126032 1.44806
0.000235 858.368 0.208725 287952 -0.0345689 1.15503
0.002765 1621.52 0.152355 287952 -0.074799 0.611677
0.000595 914.29 0.20485 287952 -0.0354002 1.08429
0.005995 1609.91 0.122418 287953 -0.120831 0.613401
0.006565 675.081 0.203715 287954 -0.0116123 1.46891
0.000245 859.304 0.208661 287952 -0.0345903 1.15377
0.002775 1623.99 0.15215 287952 -0.0751657 0.610747
0.006005 1588.16 0.124168 287953 -0.118513 0.621808
0.000605 916.464 0.204698 287952 -0.0354267 1.08171
0.000255 860.276 0.208594 287952 -0.0346118 1.15247
0.002785 1626.44 0.151947 287952 -0.0755366 0.609827
0.006575 665.601 0.204609 287953 -0.0106563 1.49002
0.006015 1566.5 0.125913 287953 -0.116253 0.630415
0.000615 918.67 0.204544 287952 -0.0354538 1.07911
0.001835 1325.82 0.175182 287952 -0.0481684 0.747874
0.000265 861.285 0.208524 287952 -0.0346336 1.15111
0.002795 1628.86 0.151744 287952 -0.0758993 0.60892
0.006585 656.276 0.205483 287953 -0.00973356 1.51137
0.006025 1544.92 0.127654 287953 -0.114036 0.63923
0.000625 920.907 0.204388 287952 -0.0354813 1.07649
0.001845 1329.5 0.174908 287952 -0.0483718 0.745806
0.000275 862.33 0.208452 287952 -0.0346555 1.14972
0.002805 1631.26 0.151543 287952 -0.0762654 0.608024
0.006595 647.102 0.206337 287953 -0.0088139 1.53299
0.006035 1523.41 0.12939 287953 -0.111845 0.648261
0.000635 923.174 0.20423 287952 -0.0355093 1.07384
0.001855 1333.18 0.174636 287952 -0.0485769 0.743752
0.000285 863.412 0.208378 287952 -0.0346776 1.14827
0.002815 1633.64 0.151342 287952 -0.076632 0.607138
0.006605 638.079 0.207172 287954 -0.00783624 1.55486
0.006045 1501.99 0.131122 287953 -0.109668 0.657518
0.001865 1336.85 0.174363 287952 -0.0487837 0.741713
0.006055 1480.65 0.132849 287953 -0.107491 0.667008
0.000295 864.53 0.208301 287952 -0.0346998 1.14678
0.002825 1636 0.151143 287952 -0.0769986 0.606262
0.001875 1340.52 0.174091 287952 -0.0489922 0.739688
0.006065 1459.39 0.134572 287954 -0.105303 0.676738
0.000305 865.684 0.208221 287952 -0.0347221 1.14525
0.006615 629.918 0.207987 287953 -0.00717262 1.57519
0.002835 1638.34 0.150944 287952 -0.0773653 0.605396
0.001885 1344.18 0.173819 287952 -0.0492025 0.737677
0.006075 1438.21 0.13629 287954 -0.103096 0.686716
0.000315 866.874 0.208139 287952 -0.0347444 1.14368
0.006625 621.914 0.208784 287953 -0.00638712 1.59566
0.002845 1640.66 0.150747 287952 -0.0777322 0.60454
0.001895 1347.83 0.173547 287952 -0.0494145 0.73568
0.006635 614.06 0.209561 287953 -0.00563246 1.61627
0.001905 1351.48 0.173275 287952 -0.0496281 0.733698
0.002855 1642.96 0.150551 287952 -0.0780993 0.603694
0.006645 606.355 0.21032 287953 -0.00490283 1.63701
0.001915 1355.12 0.173004 287952 -0.0498436 0.731729
0.002865 1645.24 0.150356 287952 -0.0784667 0.602858
0.006655 598.795 0.21106 287953 -0.00419974 1.65788
0.002875 1647.49 0.150162 287952 -0.0788345 0.602031
0.006665 591.377 0.211782 287953 -0.00352241 1.67887
0.006675 584.099 0.212487 287953 -0.00287019 1.7
0.006685 576.959 0.213174 287953 -0.00224244 1.72124
0.006695 569.954 0.213845 287953 -0.00163855 1.74261
0.006705 563.081 0.214498 287953 -0.00105774 1.76409
0.006715 556.338 0.215136 287953 -0.000498824 1.78568
