0.003525 1726.63 0.1425 302704 -0.102756 0.603721
0.003535 1727.26 0.142383 302704 -0.103065 0.603496
0.003545 1727.88 0.142267 302704 -0.10338 0.603276
0.003555 1728.48 0.142152 302704 -0.103694 0.603061
0.003565 1729.07 0.142038 302704 -0.104008 0.602852
0.003575 1729.64 0.141925 302704 -0.104322 0.602648
0.003585 1730.2 0.141813 302704 -0.104635 0.602449
0.003595 1730.74 0.141702 302704 -0.104948 0.602255
0.003605 1731.27 0.141592 302704 -0.10526 0.602066
0.003615 1731.78 0.141482 302704 -0.105572 0.601882
0.003625 1732.28 0.141374 302704 -0.105883 0.601704
0.003635 1732.76 0.141267 302704 -0.106194 0.60153
0.003645 1733.23 0.141161 302704 -0.106505 0.601361
0.003655 1733.69 0.141056 302704 -0.106815 0.601198
0.003665 1734.13 0.140951 302704 -0.107125 0.601039
0.003675 1734.56 0.140848 302704 -0.107435 0.600885
0.003685 1734.97 0.140745 302704 -0.107745 0.600737
0.003695 1735.37 0.140644 302704 -0.108055 0.600593
0.003705 1735.76 0.140543 302704 -0.108364 0.600453
0.003715 1736.13 0.140444 302704 -0.108674 0.600319
0.003725 1736.49 0.140345 302704 -0.108983 0.60019
0.003735 1736.83 0.140247 302704 -0.109289 0.600065
0.003745 1737.16 0.140151 302704 -0.109592 0.599945
0.003755 1737.48 0.140055 302704 -0.109887 0.59983
0.003765 1737.78 0.13996 302704 -0.110171 0.59972
0.003775 1738.07 0.139866 302704 -0.110446 0.599614
0.003785 1738.34 0.139773 302704 -0.110714 0.599514
0.003795 1738.49 0.139681 302704 -0.110951 0.599456
0.003805 1738.63 0.139589 302704 -0.111193 0.599402
0.003815 1738.75 0.139499 302704 -0.111441 0.599352
0.003825 1738.87 0.139409 302704 -0.111704 0.599307
0.003835 1738.97 0.139321 302704 -0.111989 0.599266
0.002565 1561.32 0.158405 302704 -0.0713664 0.667787
0.003845 1739.06 0.139233 302704 -0.1123 0.59923
5e-06 890.494 0.20736 302704 -0.0419297 1.17002
0.004165 1735.2 0.136885 302704 -0.121906 0.600337
0.002575 1563.98 0.158193 302704 -0.0716662 0.666653
0.003855 1739.13 0.139146 302704 -0.112633 0.599197
1.5e-05 890.532 0.207357 302704 -0.04193 1.16997
0.004805 1690.42 0.134965 302704 -0.139397 0.615824
0.002585 1566.62 0.157982 302704 -0.0719679 0.66553
0.001285 1143.36 0.189527 302704 -0.0465637 0.91133
0.003865 1739.19 0.13906 302704 -0.112984 0.599169
0.004175 1734.82 0.136825 302704 -0.122184 0.600463
2.5e-05 890.608 0.207352 302704 -0.041932 1.16987
0.004815 1689.38 0.134971 302704 -0.139674 0.616196
0.002595 1569.24 0.157773 302704 -0.0722718 0.664418
0.003875 1739.24 0.138975 302704 -0.113343 0.599146
0.005125 1661.05 0.135754 302704 -0.149059 0.626475
0.001295 1146.7 0.189287 302704 -0.0466628 0.908679
0.004185 1734.43 0.136766 302704 -0.122461 0.600592
3.5e-05 890.72 0.207344 302704 -0.0419357 1.16973
0.004825 1688.33 0.134978 302704 -0.13995 0.616572
0.002605 1571.85 0.157564 302704 -0.0725777 0.663317
0.003885 1739.28 0.138891 302704 -0.1137 0.599126
0.002885 1637.77 0.152088 302704 -0.0817431 0.636636
0.001305 1150.05 0.189046 302704 -0.0467633 0.906037
0.005135 1660.12 0.135795 302704 -0.149383 0.626818
0.004195 1734.02 0.136709 302704 -0.122738 0.600724
4.5e-05 890.87 0.207334 302704 -0.0419408 1.16953
0.004835 1687.28 0.134986 302704 -0.140226 0.616952
0.003895 1739.31 0.138808 302704 -0.114046 0.599111
0.002615 1574.44 0.157356 302704 -0.0728857 0.662228
0.001315 1153.41 0.188804 302704 -0.0468688 0.903403
0.002895 1639.85 0.151906 302704 -0.0820765 0.635828
0.005145 1659.17 0.135835 302704 -0.149706 0.627166
0.004205 1733.61 0.136652 302704 -0.123015 0.60086
5.5e-05 891.056 0.207321 302704 -0.0419474 1.16929
0.004845 1686.21 0.134996 302704 -0.140502 0.617337
0.003905 1739.32 0.138726 302704 -0.114378 0.599099
0.001325 1156.78 0.188562 302704 -0.0469649 0.900779
0.002625 1577.01 0.157149 302704 -0.0731958 0.661149
0.002905 1641.91 0.151725 302704 -0.08241 0.635029
0.004215 1733.19 0.136595 302704 -0.123292 0.600999
0.005155 1658.2 0.135877 302704 -0.150029 0.627522
6.5e-05 891.279 0.207306 302704 -0.0419552 1.16899
0.004855 1685.13 0.135007 302704 -0.140778 0.617726
0.004485 1718.17 0.135409 302704 -0.130651 0.606066
0.003915 1739.32 0.138645 302704 -0.114697 0.599092
0.001335 1160.15 0.188319 302704 -0.0475862 0.898163
0.002635 1579.56 0.156942 302704 -0.0735079 0.660082
0.002915 1643.95 0.151546 302704 -0.0827437 0.634241
0.004225 1732.75 0.13654 302704 -0.123569 0.601142
0.005165 1657.22 0.135918 302704 -0.150351 0.627884
7.5e-05 891.538 0.207288 302704 -0.0419643 1.16865
0.004865 1684.04 0.13502 302704 -0.141053 0.618119
0.003925 1739.31 0.138564 302704 -0.115004 0.599089
0.004495 1717.48 0.135378 302704 -0.130921 0.606302
0.001345 1163.53 0.188075 302708 -0.0461556 0.895569
0.002645 1582.1 0.156737 302704 -0.0738221 0.659027
0.002925 1645.97 0.151367 302704 -0.0830774 0.633461
0.004235 1732.31 0.136486 302704 -0.123847 0.601289
0.005175 1656.22 0.13596 302704 -0.150672 0.628252
8.5e-05 891.832 0.207267 302704 -0.0419744 1.16827
0.004875 1682.94 0.135034 302704 -0.141328 0.618517
0.003935 1739.29 0.138485 302704 -0.115297 0.59909
0.004505 1716.79 0.135348 302704 -0.131193 0.606541
0.001355 1166.92 0.18783 302704 -0.0478005 0.892962
0.002655 1584.61 0.156533 302704 -0.0741383 0.657982
0.002935 1647.98 0.151189 302704 -0.0834112 0.632691
0.004245 1731.86 0.136432 302704 -0.124125 0.601438
0.005185 1655.2 0.136002 302704 -0.150991 0.628627
9.5e-05 892.163 0.207245 302704 -0.0419856 1.16783
0.004885 1681.83 0.135049 302704 -0.141603 0.618918
0.003945 1739.25 0.138406 302704 -0.115587 0.599096
0.004515 1716.08 0.135319 302704 -0.131471 0.606784
0.001365 1170.31 0.187585 302704 -0.0473946 0.890376
0.002945 1649.96 0.151012 302704 -0.0837452 0.631931
0.004255 1731.4 0.136379 302704 -0.1244 0.601592
0.002665 1587.11 0.156329 302704 -0.0744566 0.656949
0.005195 1654.17 0.136044 302704 -0.151309 0.629009
0.004895 1680.71 0.135065 302704 -0.141877 0.619324
0.000105 892.529 0.207219 302704 -0.0419976 1.16735
0.003955 1739.2 0.138328 302704 -0.115875 0.599105
0.004525 1715.33 0.135291 302704 -0.131733 0.607043
0.002955 1651.92 0.150837 302704 -0.0840794 0.631179
0.001375 1173.71 0.18734 302704 -0.0475131 0.8878
0.004265 1730.93 0.136327 302704 -0.124666 0.601748
0.002675 1589.58 0.156126 302704 -0.074777 0.655927
0.005205 1653.12 0.136086 302704 -0.151625 0.629397
0.000115 892.93 0.207192 302704 -0.0420105 1.16683
0.004905 1679.59 0.135083 302704 -0.14215 0.619734
0.003965 1739.15 0.138251 302704 -0.116163 0.599118
0.004535 1714.57 0.135264 302704 -0.132 0.607306
0.002965 1653.86 0.150662 302704 -0.0844137 0.630437
0.001385 1177.12 0.187093 302704 -0.0476224 0.885234
0.004275 1730.44 0.136276 302704 -0.124915 0.601909
0.002685 1592.04 0.155925 302704 -0.0750997 0.654916
0.005215 1652.05 0.136128 302704 -0.151939 0.629791
0.000125 893.366 0.207162 302704 -0.0420241 1.16626
0.004915 1678.45 0.135101 302704 -0.142423 0.620149
0.003975 1739.07 0.138174 302704 -0.116454 0.599136
0.004545 1713.8 0.135239 302704 -0.132269 0.607573
0.002975 1655.79 0.150488 302704 -0.0847481 0.629704
0.001395 1180.53 0.186846 302704 -0.0477367 0.882678
0.004285 1729.95 0.136226 302704 -0.125139 0.602072
0.002695 1594.48 0.155724 302704 -0.07543 0.653916
0.005225 1650.97 0.136169 302704 -0.152251 0.630191
0.004925 1677.3 0.135121 302704 -0.142695 0.620568
0.000135 893.837 0.207129 302704 -0.0420384 1.16564
0.003985 1738.99 0.138099 302704 -0.116745 0.599157
0.004555 1713.02 0.135214 302704 -0.132538 0.607842
0.001405 1183.95 0.186599 302704 -0.0478524 0.880133
0.002985 1657.69 0.150316 302704 -0.0850841 0.62898
0.004295 1729.45 0.136177 302704 -0.125331 0.602239
0.002705 1596.92 0.155524 302704 -0.075752 0.652915
0.005235 1649.87 0.136211 302704 -0.152561 0.630598
0.004935 1676.14 0.135143 302704 -0.142954 0.62099
0.000145 894.343 0.207094 302704 -0.0420532 1.16498
0.004565 1712.24 0.13519 302704 -0.132808 0.608116
0.003995 1738.9 0.138024 302704 -0.117037 0.599183
0.001415 1187.38 0.186351 302704 -0.0479697 0.877599
0.002995 1659.57 0.150144 302704 -0.0854243 0.628265
0.004305 1728.94 0.136128 302704 -0.12549 0.60241
0.002715 1599.35 0.155325 302704 -0.0760807 0.651925
0.005245 1648.76 0.136251 302704 -0.152868 0.631011
0.004945 1674.98 0.135165 302706 -0.143243 0.621416
0.000155 894.883 0.207057 302704 -0.0420686 1.16428
0.004575 1711.44 0.135167 302704 -0.133079 0.608393
0.004005 1738.79 0.13795 302704 -0.117329 0.599212
0.001425 1190.81 0.186103 302704 -0.0480885 0.875076
0.003005 1661.39 0.149973 302704 -0.0857509 0.627577
0.004315 1728.42 0.136081 302704 -0.125627 0.602584
0.002725 1601.76 0.155127 302704 -0.0764164 0.650947
0.000645 961.791 0.202408 302704 -0.0429629 1.08324
0.005255 1647.63 0.136292 302704 -0.153173 0.63143
0.004955 1674.34 0.135189 302704 -0.143556 0.621645
0.000165 895.458 0.207017 302704 -0.0420844 1.16353
0.000965 1042.87 0.196701 302704 -0.0441524 0.999053
0.004015 1738.68 0.137877 302704 -0.117621 0.599245
0.004585 1710.63 0.135146 302704 -0.13335 0.608673
0.001435 1194.24 0.185854 302704 -0.0482088 0.872563
0.003015 1663.19 0.149803 302704 -0.0860821 0.626897
0.000325 909.269 0.206063 302704 -0.04236 1.14584
0.004325 1727.9 0.136034 302704 -0.12576 0.602761
0.002735 1604.15 0.15493 302704 -0.0767426 0.649973
0.000655 963.932 0.202258 302704 -0.0429871 1.08084
0.005265 1646.49 0.136331 302704 -0.153474 0.631855
0.004965 1673.69 0.135214 302704 -0.143874 0.621879
0.000175 896.068 0.206975 302704 -0.0421006 1.16274
0.004025 1738.55 0.137805 302704 -0.117911 0.599283
0.004595 1709.82 0.135125 302704 -0.133621 0.608957
0.000975 1045.77 0.196495 302704 -0.0442069 0.996284
0.001445 1197.68 0.185605 302704 -0.0483306 0.870061
0.003025 1664.97 0.149635 302704 -0.0864135 0.626225
0.004335 1727.36 0.135988 302704 -0.125917 0.602941
0.003205 1693.46 0.146772 302704 -0.0923405 0.615658
0.000335 910.416 0.205983 302704 -0.0423774 1.1444
0.002745 1606.53 0.154734 302704 -0.0770742 0.649012
0.005275 1645.33 0.13637 302704 -0.153772 0.632285
0.004975 1673.02 0.13524 302704 -0.144194 0.622119
0.000665 966.101 0.202107 302704 -0.0430119 1.07841
0.000185 896.711 0.206931 302704 -0.042117 1.1619
0.004035 1738.41 0.137734 302704 -0.118201 0.599324
0.004605 1708.99 0.135106 302704 -0.133893 0.609245
0.000985 1048.69 0.196288 302704 -0.0442626 0.993513
0.001455 1201.13 0.185355 302704 -0.048454 0.867571
0.003035 1666.73 0.149467 302704 -0.0867443 0.625562
0.004345 1726.81 0.135943 302704 -0.126122 0.603126
0.003215 1694.82 0.146623 302704 -0.0926674 0.615164
0.000345 911.596 0.205902 302704 -0.0423946 1.14291
0.002755 1608.89 0.154539 302704 -0.0774068 0.648061
0.005285 1644.16 0.136408 302704 -0.154066 0.632721
0.004985 1672.34 0.135268 302704 -0.144515 0.622365
0.000675 968.298 0.201953 302704 -0.0430374 1.07596
0.000195 897.389 0.206884 302704 -0.0421338 1.16103
0.004045 1738.25 0.137664 302704 -0.118491 0.599369
0.004615 1708.16 0.135087 302704 -0.134166 0.609537
0.000995 1051.63 0.19608 302704 -0.0443195 0.99074
0.001465 1204.57 0.185105 302704 -0.0485789 0.865092
0.003045 1668.48 0.1493 302704 -0.0870747 0.624907
0.004355 1726.25 0.135899 302704 -0.126392 0.603313
0.003225 1696.15 0.146475 302704 -0.0929944 0.614677
0.000355 912.809 0.205818 302704 -0.0424119 1.14139
0.002765 1611.23 0.154344 302704 -0.0777404 0.647121
0.005295 1642.97 0.136445 302704 -0.154356 0.633163
0.004995 1671.64 0.135296 302704 -0.144837 0.622618
0.000205 898.101 0.206835 302704 -0.0421508 1.1601
0.000685 970.522 0.201797 302704 -0.0430635 1.0735
0.004055 1738.09 0.137594 302704 -0.11878 0.599418
0.004625 1707.31 0.13507 302704 -0.134438 0.609832
0.001005 1054.58 0.19587 302704 -0.0443777 0.987965
0.001475 1208.03 0.184854 302704 -0.0487053 0.862624
0.003055 1670.2 0.149135 302704 -0.0874047 0.62426
0.004365 1725.69 0.135856 302704 -0.12673 0.603504
0.003235 1697.47 0.146327 302704 -0.0933216 0.614197
0.000365 914.055 0.205731 302704 -0.0424291 1.13984
0.002775 1613.55 0.154151 302704 -0.0780797 0.646193
0.005305 1641.78 0.136481 302704 -0.154642 0.63361
0.005005 1670.93 0.135326 302704 -0.14516 0.622876
0.000215 898.847 0.206783 302704 -0.0421679 1.15914
0.000695 972.773 0.201639 302704 -0.0430904 1.07101
0.004065 1737.92 0.137526 302704 -0.119069 0.599471
0.004635 1706.46 0.135054 302704 -0.134712 0.610131
0.001485 1211.48 0.184603 302704 -0.0488333 0.860168
0.001015 1057.55 0.195659 302704 -0.0444372 0.98519
0.003065 1671.91 0.14897 302704 -0.0877345 0.623622
0.004375 1725.11 0.135813 302704 -0.127123 0.603699
0.000375 915.334 0.205643 302704 -0.0424463 1.13824
0.003245 1698.77 0.146181 302704 -0.093649 0.613724
0.002785 1615.85 0.153959 302704 -0.0784083 0.645271
0.005315 1640.57 0.136515 302704 -0.154923 0.634062
0.005015 1670.2 0.135356 302704 -0.145483 0.623141
0.000225 899.626 0.20673 302704 -0.0421852 1.15814
0.000705 975.052 0.20148 302704 -0.0431179 1.06851
0.004645 1705.6 0.135039 302704 -0.134985 0.610434
0.004075 1737.73 0.137458 302704 -0.119357 0.599528
0.001495 1214.94 0.184352 302704 -0.0489627 0.857723
0.001025 1060.55 0.195447 302704 -0.044498 0.982414
0.004385 1724.53 0.135772 302704 -0.127545 0.603897
0.003075 1673.59 0.148806 302704 -0.0880641 0.622992
0.000385 916.645 0.205552 302704 -0.0424634 1.13661
0.003255 1700.05 0.146036 302704 -0.0939767 0.613258
0.002795 1618.13 0.153767 302704 -0.0787417 0.644361
0.005325 1639.35 0.136548 302704 -0.155199 0.634519
0.005025 1669.45 0.135388 302704 -0.145807 0.623412
0.000235 900.44 0.206673 302704 -0.0422026 1.15709
0.000715 977.357 0.201318 302704 -0.0431461 1.06599
0.004655 1704.72 0.135026 302704 -0.135259 0.610741
0.004085 1737.53 0.137391 302704 -0.119644 0.599589
0.001505 1218.4 0.1841 302704 -0.0490937 0.855291
0.001035 1063.55 0.195233 302704 -0.04456 0.979638
0.004395 1723.93 0.135731 302704 -0.127968 0.604099
0.003085 1675.26 0.148644 302704 -0.0883936 0.622369
0.000395 917.989 0.205459 302704 -0.0424806 1.13495
0.002245 1468.15 0.165593 302704 -0.0628021 0.71008
0.003265 1701.32 0.145892 302704 -0.0943048 0.612799
0.002805 1620.4 0.153577 302704 -0.0790755 0.643461
0.005335 1638.11 0.136579 302704 -0.15547 0.634981
0.005035 1668.69 0.135421 302704 -0.146131 0.623689
0.000245 901.287 0.206615 302704 -0.0422201 1.156
0.004665 1703.84 0.135013 302704 -0.135533 0.611052
0.000725 979.689 0.201155 302704 -0.0431752 1.06345
0.004095 1737.33 0.137324 302704 -0.119932 0.599654
0.001515 1221.87 0.183848 302704 -0.0492262 0.85287
0.004405 1723.33 0.135692 302704 -0.128368 0.604303
0.001045 1066.58 0.195018 302704 -0.0446234 0.976862
0.003095 1676.92 0.148482 302704 -0.0887231 0.621755
0.000405 919.365 0.205363 302704 -0.0424977 1.13325
0.002255 1471.27 0.165357 302704 -0.063042 0.708581
0.002815 1622.64 0.153387 302704 -0.0794092 0.642572
0.003275 1702.57 0.145749 302704 -0.0946332 0.612347
0.005345 1636.87 0.136608 302704 -0.155735 0.635447
0.005045 1667.91 0.135455 302704 -0.146456 0.623973
0.000255 902.168 0.206554 302704 -0.0422376 1.15487
0.004675 1702.95 0.135002 302704 -0.135808 0.611366
0.004105 1737.11 0.137259 302704 -0.120219 0.599722
0.000735 982.047 0.200989 302704 -0.0432049 1.0609
0.001525 1225.34 0.183595 302704 -0.0493603 0.850461
0.004415 1722.72 0.135653 302704 -0.128729 0.604512
0.001055 1069.62 0.194802 302704 -0.0446882 0.974087
0.003105 1678.55 0.148322 302704 -0.0890527 0.621149
0.000415 920.774 0.205266 302704 -0.0425149 1.13151
0.002265 1474.37 0.165122 302704 -0.0632835 0.707092
0.002825 1624.86 0.153199 302704 -0.0797427 0.641694
0.003285 1703.8 0.145607 302704 -0.0949619 0.611901
0.005355 1635.62 0.136636 302704 -0.155994 0.635917
0.005055 1667.11 0.135489 302704 -0.146781 0.624263
0.004685 1702.05 0.134991 302704 -0.136083 0.611685
0.004115 1736.88 0.137195 302704 -0.120505 0.599794
0.000265 903.082 0.206491 302704 -0.0422552 1.1537
0.000745 984.431 0.200822 302704 -0.0432355 1.05833
0.001535 1228.81 0.183343 302704 -0.0494958 0.848064
0.004425 1722.09 0.135615 302704 -0.129051 0.604724
0.001065 1072.68 0.194584 302704 -0.0447542 0.971314
0.003115 1680.16 0.148162 302704 -0.0893826 0.62055
0.000425 922.215 0.205166 302704 -0.0425321 1.12975
0.002275 1477.46 0.164887 302704 -0.0635267 0.705616
0.002835 1627.06 0.153011 302704 -0.0800762 0.640826
0.003295 1705.01 0.145465 302704 -0.095291 0.611462
0.005365 1634.36 0.136661 302703 -0.156249 0.636391
0.005065 1666.3 0.135525 302704 -0.147107 0.62456
0.004695 1701.13 0.134982 302704 -0.136358 0.612007
0.004125 1736.63 0.137131 302704 -0.120797 0.599871
0.000755 986.841 0.200653 302704 -0.0432669 1.05575
0.000275 904.03 0.206425 302704 -0.0422727 1.15249
0.001545 1232.28 0.18309 302704 -0.0496329 0.845679
0.004435 1721.46 0.135579 302704 -0.129339 0.604939
0.001075 1075.75 0.194366 302704 -0.0448216 0.968542
0.003125 1681.76 0.148004 302704 -0.0897127 0.619959
0.000435 923.688 0.205063 302704 -0.0425493 1.12794
0.002285 1480.54 0.164653 302704 -0.0637715 0.704151
0.002845 1629.24 0.152824 302704 -0.0804096 0.639968
0.005375 1632.88 0.136684 302704 -0.156472 0.636951
0.003305 1706.21 0.145325 302704 -0.0956204 0.611031
0.005075 1665.47 0.135561 302704 -0.147432 0.624863
0.004705 1700.21 0.134974 302704 -0.136634 0.612334
0.004135 1736.29 0.137068 302704 -0.121071 0.599982
0.000765 989.276 0.200482 302704 -0.0432992 1.05315
0.000285 905.011 0.206357 302704 -0.0422902 1.15124
0.001555 1235.75 0.182836 302704 -0.0497714 0.843306
0.004445 1720.82 0.135543 302704 -0.129606 0.605157
0.003135 1683.34 0.147846 302704 -0.0900431 0.619376
0.001085 1078.84 0.194146 302704 -0.0448904 0.965772
0.000445 925.193 0.204959 302704 -0.0425667 1.12611
0.002295 1483.61 0.16442 302704 -0.064018 0.702698
0.002855 1631.41 0.152639 302704 -0.080743 0.63912
0.005385 1631.4 0.136705 302704 -0.15669 0.637513
0.003315 1707.39 0.145186 302704 -0.0959521 0.610606
0.005085 1664.62 0.135598 302704 -0.147758 0.625172
0.004715 1699.28 0.134968 302704 -0.136909 0.612664
0.004145 1735.94 0.137006 302704 -0.121349 0.600097
0.000775 991.737 0.200309 302704 -0.0433323 1.05054
0.000295 906.026 0.206287 302704 -0.0423077 1.14995
0.001565 1239.23 0.182583 302704 -0.0499115 0.840945
0.004455 1720.17 0.135508 302704 -0.129865 0.605379
0.003145 1684.9 0.14769 302704 -0.0903758 0.618801
0.000455 926.73 0.204852 302704 -0.0425841 1.12424
0.001095 1081.94 0.193925 302704 -0.0449605 0.963004
0.002865 1633.55 0.152454 302704 -0.0810763 0.638282
0.005395 1629.91 0.136723 302704 -0.156901 0.638077
0.002305 1486.67 0.164188 302704 -0.0642662 0.701256
0.005095 1663.75 0.135636 302704 -0.148083 0.625488
0.003325 1708.55 0.145048 302704 -0.0962874 0.610187
0.004725 1698.33 0.134963 302704 -0.137185 0.612999
0.004155 1735.58 0.136945 302704 -0.121628 0.600215
0.000785 994.222 0.200134 302704 -0.0433663 1.04791
0.000305 907.074 0.206215 302704 -0.0423252 1.14862
0.004465 1719.51 0.135474 302704 -0.130123 0.605605
0.001575 1242.7 0.182329 302704 -0.050053 0.838597
0.003155 1686.44 0.147534 302704 -0.0907123 0.618234
0.000465 928.299 0.204743 302704 -0.0426016 1.12234
0.001105 1085.06 0.193702 302704 -0.045032 0.96024
0.002875 1635.67 0.152271 302704 -0.0814097 0.637454
0.005405 1628.42 0.136738 302704 -0.157105 0.638644
0.005445 1622.45 0.136766 302704 -0.157832 0.640918
0.005415 1626.93 0.13675 302704 -0.1573 0.639211
0.001925 1363.57 0.173429 302704 -0.0559207 0.764417
0.005455 1620.96 0.136764 302704 -0.157988 0.641487
0.005425 1625.43 0.136759 302704 -0.157487 0.63978
0.005465 1619.48 0.136758 302704 -0.158134 0.642055
0.001935 1366.95 0.173177 302704 -0.0561137 0.762528
0.005435 1623.94 0.136764 302704 -0.157664 0.640349
0.005765 1587.68 0.133419 302704 -0.153963 0.65427
0.007365 403.962 0.231143 302704 0.00415972 2.5968
0.001605 1253.14 0.181567 302704 -0.0504866 0.831627
0.007375 403.21 0.231231 302704 0.00407386 2.60176
0.007045 463.452 0.224707 302704 0.00267737 2.25821
0.001615 1256.62 0.181312 302704 -0.0506341 0.829329
0.007385 402.487 0.231314 302704 0.0039834 2.60654
0.005775 1586.97 0.133158 302704 -0.153377 0.654542
0.001625 1260.1 0.181058 302704 -0.0507831 0.827043
0.007395 401.793 0.231393 302704 0.00388811 2.61115
0.006725 654.954 0.205967 302706 -0.0132046 1.59211
0.001635 1263.58 0.180803 302704 -0.0509336 0.824769
0.007405 401.217 0.231467 302704 0.0037866 2.615
0.006085 1656.41 0.117662 302705 -0.108517 0.626775
0.005785 1586.37 0.132884 302704 -0.152744 0.65477
0.007415 400.667 0.231538 302704 0.00368274 2.61869
0.001645 1267.06 0.180548 302704 -0.0510855 0.822509
0.007055 459.944 0.225055 302705 0.00291192 2.27566
0.006735 645.809 0.206814 302707 -0.0122519 1.61485
0.007425 400.142 0.231605 302704 0.0035749 2.62221
0.006095 1662.58 0.116914 302704 -0.106929 0.624447
0.001655 1270.54 0.180293 302704 -0.0512389 0.820261
0.007435 399.642 0.231668 302704 0.00346446 2.62558
0.006105 1668.98 0.116157 302705 -0.10464 0.622057
0.006745 637.49 0.207642 302705 -0.0116001 1.63612
0.007445 399.165 0.231728 302704 0.00335219 2.62881
0.001665 1274.02 0.180038 302704 -0.0513938 0.818026
0.005795 1585.88 0.132597 302704 -0.152064 0.654951
0.006115 1675.05 0.115431 302618 -0.122898 0.619632
0.007455 398.709 0.231784 302704 0.00323755 2.63189
0.006755 629.324 0.20845 302705 -0.0108305 1.65755
0.007065 456.8 0.225391 302704 0.00309559 2.29154
0.006405 1061.3 0.167058 302706 -0.0617105 0.979178
0.001675 1277.5 0.179783 302704 -0.0515501 0.815803
0.007465 398.275 0.231837 302704 0.00311867 2.63484
0.006125 1651.7 0.117343 302706 -0.140147 0.628568
0.006765 621.307 0.209239 302705 -0.0100888 1.67914
0.002315 1489.71 0.163956 302704 -0.0645161 0.699826
0.001685 1280.97 0.179528 302704 -0.0517079 0.813594
0.005805 1585.52 0.132298 302704 -0.151335 0.655082
0.007475 397.86 0.231887 302704 0.0029886 2.63767
0.007075 453.754 0.225715 302704 0.00328731 2.30715
0.006135 1628.09 0.119273 302706 -0.135491 0.637683
0.006775 613.436 0.210009 302705 -0.00936933 1.70089
0.002325 1492.74 0.163725 302704 -0.0647677 0.698408
0.001695 1284.45 0.179272 302704 -0.0518671 0.811397
0.007485 397.537 0.231934 302704 0.0028433 2.63988
0.005105 1662.87 0.135675 302704 -0.148409 0.625811
0.001705 1287.92 0.179017 302704 -0.0520278 0.809213
0.007495 397.232 0.231977 302704 0.00268304 2.64197
0.002335 1495.76 0.163494 302704 -0.0650211 0.697001
0.006415 1044.89 0.168635 302706 -0.0594375 0.994635
0.006145 1604.7 0.12119 302706 -0.132084 0.646978
0.006785 605.71 0.210761 302705 -0.00867355 1.7228
0.005815 1585.29 0.131986 302704 -0.150556 0.655161
0.001715 1291.39 0.178762 302704 -0.0521899 0.807042
0.005115 1661.97 0.135714 302704 -0.148734 0.62614
0.007085 450.803 0.226028 302704 0.00346551 2.32247
0.007505 396.945 0.232018 302704 0.00251028 2.64394
0.002345 1498.77 0.163264 302704 -0.0652763 0.695605
0.006155 1581.53 0.123094 302706 -0.128772 0.656461
0.006795 598.126 0.211494 302705 -0.0080007 1.74485
0.001725 1294.86 0.178507 302704 -0.0523534 0.804883
0.003335 1709.61 0.144911 302704 -0.0966067 0.609806
0.001735 1298.33 0.178252 302704 -0.0525184 0.802738
0.000475 929.899 0.204632 302704 -0.0426193 1.1204
0.001745 1301.8 0.177997 302704 -0.0526848 0.800605
0.003345 1710.65 0.144775 302704 -0.0969313 0.609431
0.004735 1697.38 0.134958 302704 -0.137461 0.613338
0.001755 1305.26 0.177742 302704 -0.0528527 0.798486
0.000485 931.531 0.204518 302704 -0.0426371 1.11844
0.003355 1711.68 0.14464 302704 -0.0972563 0.609062
0.000795 996.732 0.199958 302704 -0.0434013 1.04527
0.004745 1696.42 0.134955 302704 -0.137738 0.61368
0.001765 1308.72 0.177487 302704 -0.0530219 0.796379
0.000315 908.155 0.20614 302704 -0.0423426 1.14725
0.000495 933.194 0.204403 302704 -0.042655 1.11645
0.003365 1712.69 0.144506 302704 -0.0975809 0.608699
0.001775 1312.18 0.177232 302704 -0.0531926 0.794285
0.004755 1695.44 0.134954 302704 -0.138014 0.614027
0.000805 999.266 0.199779 302704 -0.043437 1.04262
0.000505 934.889 0.204285 302704 -0.0426732 1.11442
0.004475 1718.85 0.135441 302704 -0.130385 0.605834
0.001585 1246.18 0.182075 302704 -0.0501961 0.836261
0.003165 1687.88 0.14738 302704 -0.0910336 0.617704
0.001595 1249.66 0.181821 302704 -0.0503406 0.833938
0.003175 1689.3 0.147226 302704 -0.09136 0.617182
0.001115 1088.19 0.193479 302704 -0.0451049 0.957478
0.005475 1618 0.136747 302704 -0.158269 0.642621
0.001945 1370.33 0.172926 302704 -0.0563081 0.760651
0.001125 1091.34 0.193255 302704 -0.0451792 0.95472
0.005485 1616.54 0.136732 302704 -0.158391 0.643184
0.007515 396.674 0.232056 302704 0.0023379 2.6458
0.002355 1501.76 0.163035 302704 -0.0655332 0.694221
0.005495 1615.08 0.136713 302704 -0.1585 0.643745
0.001955 1373.71 0.172675 302704 -0.0565038 0.758787
0.001135 1094.5 0.193029 302704 -0.0452549 0.951965
0.007525 396.42 0.232092 302704 0.00218255 2.64756
0.005505 1613.63 0.136688 302704 -0.158595 0.644302
0.002365 1504.74 0.162807 302704 -0.0657919 0.692849
0.001965 1377.07 0.172424 302704 -0.0567009 0.756936
0.001145 1097.67 0.192802 302704 -0.0453321 0.949215
0.007535 396.18 0.232124 302704 0.00205881 2.64921
0.005515 1612.2 0.136658 302704 -0.158676 0.644854
0.002375 1507.71 0.16258 302704 -0.0660525 0.691487
0.001975 1380.44 0.172174 302704 -0.0568995 0.755097
0.001155 1100.86 0.192574 302704 -0.0454106 0.94647
0.002385 1510.67 0.162353 302704 -0.0663148 0.690138
0.005525 1610.78 0.136622 302704 -0.158742 0.645402
0.007545 395.955 0.232155 302704 0.0019718 2.65076
0.006425 1028.71 0.170189 302706 -0.0572246 1.01036
0.002395 1513.61 0.162127 302704 -0.066579 0.6888
0.005535 1609.37 0.136581 302704 -0.158793 0.645943
0.007555 395.744 0.232182 302704 0.00191414 2.65222
0.001985 1383.79 0.171924 302704 -0.0570994 0.753271
0.001165 1104.06 0.192346 302704 -0.0454906 0.943729
0.002405 1516.53 0.161901 302704 -0.0668451 0.687473
0.006165 1558.55 0.124986 302706 -0.125594 0.666143
0.006435 1012.77 0.171721 302707 -0.0550591 1.02634
0.005545 1607.99 0.136533 302704 -0.158827 0.646477
0.007565 395.546 0.232208 302704 0.0018644 2.65359
0.002415 1519.45 0.161677 302704 -0.067113 0.686157
0.001995 1387.14 0.171675 302704 -0.0573007 0.751457
0.001175 1107.28 0.192116 302704 -0.045572 0.940994
0.005555 1606.63 0.13648 302704 -0.158843 0.647003
0.006175 1535.77 0.126867 302706 -0.122537 0.676033
0.006445 997.066 0.173229 302707 -0.0529383 1.0426
0.007575 395.423 0.232231 302704 0.00180051 2.65445
0.002425 1522.34 0.161453 302704 -0.0673828 0.684853
0.002005 1390.48 0.171426 302704 -0.0575034 0.749655
0.005825 1585.19 0.131662 302704 -0.149722 0.655183
0.001185 1110.5 0.191885 302704 -0.0456548 0.938264
0.005565 1605.3 0.13642 302704 -0.158842 0.64752
0.007585 395.312 0.232252 302704 0.00170177 2.65523
0.006185 1513.16 0.128738 302706 -0.119586 0.686142
0.002435 1525.23 0.16123 302704 -0.0676545 0.683561
0.006455 981.589 0.174715 302707 -0.0508687 1.05913
0.002015 1393.81 0.171177 302704 -0.0577075 0.747866
0.005575 1603.99 0.136353 302704 -0.158821 0.648027
0.007595 395.213 0.23227 302704 0.00155922 2.65593
0.005835 1585.23 0.131323 302704 -0.148835 0.655147
0.001195 1113.74 0.191653 302704 -0.0457391 0.93554
0.002445 1528.1 0.161008 302704 -0.0679282 0.68228
0.006195 1490.72 0.130599 302706 -0.116726 0.696481
0.006465 966.339 0.176177 302707 -0.0488564 1.07594
0.002025 1397.14 0.170929 302704 -0.057913 0.74609
0.005585 1602.71 0.136279 302704 -0.158781 0.648522
0.007605 395.126 0.232287 302704 0.00137772 2.65654
0.005845 1585.43 0.13097 302704 -0.147889 0.655049
0.002455 1530.95 0.160786 302704 -0.0682038 0.68101
0.001205 1116.99 0.191421 302704 -0.0458248 0.932821
0.006205 1468.44 0.132452 302706 -0.113941 0.707059
0.005595 1601.46 0.136197 302704 -0.158719 0.649006
0.002035 1400.46 0.170681 302704 -0.0581199 0.744326
0.006475 951.314 0.177615 302706 -0.0468944 1.09303
0.007615 395.05 0.232301 302704 0.00117134 2.65707
0.005855 1585.78 0.130602 302704 -0.146886 0.654885
0.002465 1533.79 0.160566 302704 -0.0684813 0.679751
0.006215 1446.32 0.134297 302706 -0.111214 0.717887
0.001215 1120.25 0.191187 302704 -0.045912 0.93011
0.005605 1600.24 0.136108 302704 -0.158637 0.649476
0.002045 1403.77 0.170433 302704 -0.0583282 0.742574
0.007625 394.986 0.232313 302704 0.000957374 2.65752
0.006485 936.511 0.17903 302706 -0.0449822 1.11042
0.005865 1586.31 0.130219 302704 -0.14582 0.654654
0.002475 1536.62 0.160346 302704 -0.0687608 0.678504
0.006225 1424.35 0.136133 302706 -0.108528 0.728974
0.005615 1599.07 0.136011 302704 -0.158531 0.649931
0.001225 1123.52 0.190952 302704 -0.0460007 0.927405
0.002055 1407.07 0.170187 302704 -0.0585379 0.740834
0.007635 394.933 0.232323 302704 0.000750326 2.6579
0.006495 921.927 0.180422 302706 -0.0431197 1.12809
0.002485 1539.43 0.160127 302704 -0.0690422 0.677268
0.005875 1587 0.129822 302704 -0.14469 0.65435
0.006235 1402.54 0.13796 302706 -0.105869 0.740329
0.005625 1597.94 0.135906 302704 -0.158403 0.65037
0.001235 1126.8 0.190717 302704 -0.0460908 0.924707
0.007645 394.891 0.232331 302704 0.00055864 2.65819
0.002065 1410.37 0.16994 302704 -0.058749 0.739107
0.002495 1542.22 0.159909 302704 -0.0693257 0.676043
0.006505 907.557 0.181789 302706 -0.0413065 1.14607
0.005885 1587.89 0.12941 302704 -0.143493 0.653972
0.006245 1380.88 0.139779 302706 -0.103222 0.751961
0.005635 1596.85 0.135792 302704 -0.15825 0.650791
0.001245 1130.09 0.190481 302704 -0.0461824 0.922016
0.007655 394.859 0.232337 302704 0.000384443 2.65842
0.002075 1413.66 0.169694 302704 -0.0589616 0.737392
0.002505 1545 0.159691 302704 -0.0696111 0.67483
0.005895 1588.96 0.128983 302704 -0.142228 0.653515
0.006515 893.4 0.183133 302706 -0.0395425 1.16434
0.006255 1359.37 0.141588 302706 -0.100579 0.763877
0.005645 1595.8 0.13567 302704 -0.158074 0.651194
0.001255 1133.4 0.190244 302704 -0.0462755 0.919333
0.007665 394.838 0.232341 302704 0.000227633 2.65857
0.006805 590.682 0.21221 302705 -0.00735017 1.76705
0.002515 1547.76 0.159475 302704 -0.0698986 0.673628
0.002085 1416.94 0.169448 302704 -0.0591756 0.735689
0.005905 1590.24 0.12854 302704 -0.140893 0.652976
0.006525 879.452 0.184453 302706 -0.0378275 1.18293
0.005655 1594.81 0.135539 302704 -0.157872 0.651576
0.007675 394.828 0.232343 302704 7.45434e-05 2.65864
0.006265 1338.03 0.143386 302706 -0.0979318 0.776085
0.001265 1136.71 0.190006 302704 -0.0463701 0.916657
0.002525 1550.5 0.159259 302704 -0.0701881 0.672437
0.006815 583.376 0.212909 302705 -0.00672141 1.7894
0.002095 1420.21 0.169203 302704 -0.0593911 0.733999
0.005665 1593.88 0.135398 302704 -0.157645 0.651936
0.007095 447.946 0.226329 302704 0.00363103 2.3375
0.003375 1713.68 0.144373 302704 -0.0979053 0.608343
0.005675 1593 0.135248 302704 -0.157394 0.652273
0.001785 1315.63 0.176977 302704 -0.0533647 0.792204
0.007105 445.179 0.22662 302704 0.00378352 2.35224
0.004765 1694.46 0.134953 302704 -0.138291 0.614378
0.003385 1714.66 0.144241 302704 -0.0982295 0.607993
0.005685 1592.19 0.135088 302704 -0.157117 0.652585
0.000815 1001.82 0.199599 302704 -0.0434738 1.03996
0.001795 1319.08 0.176722 302704 -0.0535382 0.790136
0.007115 442.5 0.226899 302704 0.00392306 2.3667
0.003395 1715.62 0.14411 302704 -0.0985534 0.607649
0.005695 1591.44 0.134917 302704 -0.156816 0.652871
0.004775 1693.46 0.134954 302704 -0.138567 0.614733
0.001805 1322.53 0.176468 302704 -0.0537131 0.78808
0.007125 439.905 0.227169 302704 0.00404983 2.38087
0.000825 1004.41 0.199417 302704 -0.0435116 1.03729
0.003405 1716.57 0.14398 302704 -0.0988771 0.607311
0.005705 1590.75 0.134736 302704 -0.15649 0.653129
0.004785 1692.46 0.134956 302704 -0.138844 0.615093
0.001815 1325.98 0.176213 302704 -0.0538894 0.786038
0.007135 437.392 0.227428 302704 0.0041653 2.39476
0.000835 1007.01 0.199234 302704 -0.0435504 1.03461
0.003415 1717.49 0.143851 302704 -0.0992006 0.606979
0.005715 1590.14 0.134545 302704 -0.15614 0.653358
0.004795 1691.44 0.13496 302704 -0.139121 0.615456
0.001825 1329.42 0.175959 302704 -0.0540671 0.784008
0.007145 434.958 0.227677 302704 0.00427465 2.40836
0.000845 1009.64 0.199049 302704 -0.0435901 1.03192
0.000515 936.614 0.204165 302704 -0.0426916 1.11237
0.000855 1012.29 0.198862 302704 -0.0436309 1.02921
0.003185 1690.71 0.147074 302704 -0.0916869 0.616667
0.002535 1553.23 0.159044 302704 -0.0704796 0.671258
0.000525 938.371 0.204042 302704 -0.0427103 1.11029
0.000865 1014.96 0.198673 302704 -0.0436727 1.0265
0.005915 1591.72 0.12808 302704 -0.139485 0.652352
0.003195 1692.09 0.146923 302704 -0.0920137 0.616159
0.006535 865.708 0.185749 302706 -0.036161 1.20184
0.002545 1555.94 0.15883 302704 -0.0707732 0.67009
0.000535 940.158 0.203918 302704 -0.0427292 1.10817
0.000875 1017.66 0.198483 302704 -0.0437156 1.02379
0.006275 1316.86 0.145174 302706 -0.0952756 0.788589
0.000885 1020.38 0.198291 302704 -0.0437596 1.02106
0.006285 1295.86 0.14695 302706 -0.0926089 0.801397
0.001275 1140.03 0.189767 302704 -0.0464661 0.913989
0.000895 1023.12 0.198098 302704 -0.0438047 1.01833
0.006825 576.205 0.21359 302705 -0.00611367 1.81188
0.006295 1275.04 0.148713 302706 -0.0899331 0.814513
0.002105 1423.47 0.168959 302704 -0.059608 0.73232
0.003425 1718.4 0.143724 302704 -0.0995239 0.606653
0.006305 1254.41 0.150462 302706 -0.0872515 0.827943
0.002115 1426.72 0.168715 302704 -0.0598263 0.730654
0.003435 1719.3 0.143597 302704 -0.0998469 0.606334
0.002125 1429.97 0.168471 302704 -0.0600462 0.729
0.006315 1233.98 0.152197 302707 -0.0845665 0.841693
0.003445 1720.18 0.143471 302704 -0.10017 0.60602
0.005725 1589.61 0.134343 302704 -0.155766 0.653557
0.002135 1433.2 0.168228 302704 -0.0602674 0.727358
0.006325 1213.74 0.153916 302707 -0.0818978 0.855767
0.001835 1332.85 0.175705 302704 -0.0542462 0.781992
0.003455 1721.04 0.143346 302704 -0.100493 0.605712
0.007155 432.796 0.227916 302704 0.00435527 2.42059
0.002145 1436.43 0.167986 302704 -0.0604902 0.725727
0.005735 1589.15 0.134129 302704 -0.155369 0.653723
0.006335 1193.71 0.155619 302707 -0.0787243 0.870174
0.003465 1721.89 0.143222 302704 -0.100815 0.60541
0.001845 1336.29 0.175451 302704 -0.0544267 0.779988
0.002155 1439.65 0.167744 302704 -0.0607145 0.724109
0.007165 430.709 0.228146 302704 0.00443539 2.43251
0.005925 1593.43 0.127605 302704 -0.138003 0.651639
0.005745 1588.78 0.133904 302704 -0.154953 0.653857
0.006345 1173.89 0.157305 302710 -0.0776157 0.884928
0.003475 1722.72 0.143099 302704 -0.101138 0.605114
0.001855 1339.71 0.175197 302704 -0.0546086 0.777997
0.002165 1442.86 0.167503 302704 -0.0609403 0.722503
0.007175 428.696 0.228366 302704 0.00450452 2.44413
0.005935 1595.37 0.127113 302704 -0.136448 0.650834
0.005755 1588.48 0.133668 302702 -0.154496 0.653956
0.003485 1723.53 0.142977 302704 -0.10146 0.604824
0.002175 1446.05 0.167262 302704 -0.0611676 0.720909
0.006355 1154.27 0.158974 302707 -0.0734616 0.900007
0.001865 1343.14 0.174944 302704 -0.0547919 0.776019
0.007185 426.753 0.228578 302704 0.00456332 2.45545
0.006545 852.165 0.187022 302706 -0.0345429 1.22107
0.000545 941.976 0.203791 302704 -0.0427484 1.10603
0.007195 424.878 0.228781 302704 0.0046116 2.46648
0.006555 838.818 0.188271 302706 -0.032972 1.24063
0.007205 423.068 0.228976 302704 0.00465086 2.47721
0.000555 943.824 0.203662 302704 -0.042768 1.10387
0.002555 1558.64 0.158617 302704 -0.0710688 0.668933
0.006565 825.665 0.189496 302706 -0.0314477 1.26054
0.000905 1025.88 0.197903 302704 -0.0438509 1.01559
0.007215 421.321 0.229162 302704 0.00466867 2.48767
0.000565 945.702 0.203532 302704 -0.0427879 1.10168
0.006575 812.7 0.190697 302706 -0.0299113 1.28079
0.006835 569.169 0.214255 302705 -0.00552601 1.8345
0.005945 1597.55 0.126604 302704 -0.13482 0.649934
0.003495 1724.33 0.142856 302704 -0.101782 0.604539
0.006845 562.263 0.214903 302705 -0.00494268 1.85725
0.002185 1449.24 0.167022 302704 -0.0613964 0.719326
0.005955 1599.98 0.126078 302704 -0.133121 0.648936
0.001875 1346.55 0.174691 302704 -0.0549766 0.774053
0.006855 555.49 0.215535 302706 -0.00432925 1.88012
0.003505 1725.11 0.142736 302704 -0.102105 0.604261
0.005965 1602.67 0.125534 302704 -0.131355 0.647839
0.002195 1452.42 0.166782 302704 -0.0616268 0.717756
0.003515 1725.88 0.142617 302704 -0.102429 0.603988
0.006865 549.345 0.21615 302705 -0.00388935 1.90137
0.001885 1349.97 0.174438 302704 -0.0551626 0.7721
0.005975 1605.62 0.124972 302704 -0.129526 0.646638
0.002205 1455.59 0.166543 302704 -0.0618587 0.716197
0.006365 1134.87 0.160624 302707 -0.0713877 0.91545
0.006875 543.335 0.21675 302705 -0.0033839 1.92263
0.001895 1353.38 0.174185 302704 -0.0553501 0.77016
0.005985 1608.84 0.124392 302705 -0.127642 0.645334
0.007225 419.634 0.229341 302704 0.00472513 2.49784
0.000915 1028.66 0.197706 302704 -0.0438982 1.01284
0.005995 1612.35 0.123794 302705 -0.125712 0.643925
0.006585 799.929 0.191876 302708 -0.0282906 1.30139
0.007235 418.163 0.229511 302704 0.00411735 2.5068
0.000575 947.61 0.203398 302704 -0.0428082 1.09946
0.006005 1616.13 0.123179 302705 -0.123748 0.642411
0.000925 1031.46 0.197508 302704 -0.0439467 1.0101
0.006595 788.413 0.19303 302706 -0.0271804 1.32054
0.007245 416.748 0.229675 302708 0.00591166 2.51551
0.006015 1620.2 0.122545 302705 -0.121761 0.640792
0.000585 949.549 0.203263 302704 -0.0428289 1.09721
0.000935 1034.28 0.197309 302704 -0.0439964 1.00734
0.006605 777.096 0.194161 302706 -0.0258769 1.33993
0.007255 415.387 0.229831 302704 0.00410495 2.52388
0.006025 1624.55 0.121894 302705 -0.119767 0.63907
0.000595 951.516 0.203126 302704 -0.04285 1.09494
0.000945 1037.13 0.197107 302704 -0.0440472 1.00458
0.006615 765.967 0.195268 302706 -0.0246189 1.35956
0.007265 414.077 0.229981 302704 0.00470606 2.53202
0.006035 1629.19 0.121225 302705 -0.11778 0.637248
0.002215 1458.74 0.166305 302704 -0.0620922 0.71465
0.000605 953.513 0.202986 302704 -0.0428715 1.09265
0.000955 1039.99 0.196905 302704 -0.0440992 1.00182
0.006625 755.024 0.196352 302706 -0.0233994 1.37942
0.007275 412.818 0.230123 302704 0.0046494 2.5399
0.006045 1634.1 0.120541 302705 -0.115817 0.635329
0.006375 1115.68 0.162255 302707 -0.0688281 0.931255
0.006885 537.457 0.217334 302705 -0.00289768 1.94388
0.001905 1356.78 0.173933 302704 -0.0555389 0.768233
0.006385 1096.71 0.163867 302707 -0.0662141 0.947432
0.002225 1461.89 0.166067 302704 -0.0623272 0.713115
0.006895 531.709 0.217902 302705 -0.0024274 1.96512
0.001915 1360.18 0.17368 302704 -0.0557291 0.766319
0.006395 1077.97 0.165459 302711 -0.0636206 0.963981
0.000615 955.54 0.202845 302704 -0.0428936 1.09033
0.006905 526.089 0.218455 302705 -0.00197428 1.98634
0.007285 411.606 0.23026 302704 0.00463384 2.54753
0.006635 744.262 0.197412 302706 -0.0222201 1.39954
0.006055 1639.29 0.119841 302705 -0.113895 0.633317
0.007295 410.441 0.23039 302704 0.00459786 2.55491
0.002235 1465.03 0.16583 302704 -0.0625639 0.711592
0.006645 733.678 0.19845 302706 -0.02108 1.4199
0.000625 957.595 0.202701 302704 -0.0429161 1.08799
0.006915 520.595 0.218993 302705 -0.00153813 2.00753
0.006065 1644.75 0.119127 302705 -0.112028 0.631216
0.000635 959.679 0.202556 302704 -0.0429392 1.08563
0.007305 409.318 0.230514 302704 0.0045558 2.56206
0.006925 515.226 0.219516 302705 -0.00111874 2.02868
0.006075 1650.45 0.1184 302705 -0.110232 0.629033
0.006655 723.267 0.199465 302706 -0.019978 1.44051
0.007315 408.238 0.230632 302704 0.00450719 2.56898
0.006935 509.979 0.220025 302705 -0.000715634 2.04979
0.006665 713.027 0.200458 302706 -0.0189131 1.46137
0.007325 407.309 0.230744 302704 0.00444798 2.57497
0.006945 504.852 0.220519 302705 -0.000321411 2.07083
0.006675 702.952 0.201428 302706 -0.017884 1.48249
0.007335 406.419 0.230852 302704 0.00438505 2.58074
0.006955 499.844 0.220999 302705 8.52514e-05 2.09182
0.006685 693.041 0.202378 302706 -0.0168897 1.50388
0.007345 405.566 0.230954 302704 0.00431561 2.5863
0.006965 495.342 0.221465 302705 0.000392036 2.11105
0.006695 683.288 0.203306 302706 -0.0159291 1.52553
0.007355 404.747 0.231051 302704 0.0042404 2.59165
0.006975 490.961 0.221917 302705 0.000730046 2.13012
0.006705 673.692 0.204213 302706 -0.0150007 1.54745
0.006985 486.698 0.222355 302705 0.00105211 2.14901
0.006715 664.248 0.2051 302706 -0.0141029 1.56964
0.006995 482.549 0.222779 302704 0.00135996 2.16772
0.007005 478.514 0.22319 302704 0.00165274 2.18623
0.007015 474.589 0.223589 302704 0.00193049 2.20454
0.007025 470.772 0.223974 302704 0.00219325 2.22265
0.007035 467.06 0.224346 302704 0.00244119 2.24053
