0.004165 1709.13 0.139247 329436 -0.0942117 0.663237
0.004175 1708.79 0.139178 329436 -0.0944497 0.663362
0.004185 1708.43 0.139109 329436 -0.094687 0.66349
0.004195 1708.07 0.139041 329436 -0.0949237 0.663623
0.004205 1707.69 0.138974 329436 -0.0951597 0.663759
0.004215 1707.31 0.138907 329436 -0.0953951 0.6639
0.004225 1706.92 0.138841 329436 -0.0956298 0.664044
0.004235 1706.51 0.138775 329436 -0.0958639 0.664192
0.004245 1706.1 0.13871 329436 -0.0960974 0.664344
0.004255 1705.67 0.138646 329436 -0.0963302 0.6645
0.004265 1705.24 0.138582 329436 -0.0965628 0.664659
0.004275 1704.79 0.138518 329435 -0.0967987 0.664822
0.004285 1704.29 0.138455 329436 -0.0970226 0.66501
0.004295 1703.77 0.138392 329436 -0.09725 0.665202
0.004305 1703.25 0.13833 329436 -0.0974777 0.665397
0.004315 1702.72 0.138269 329436 -0.097705 0.665596
0.004325 1702.17 0.138208 329436 -0.0979321 0.665798
0.004335 1701.62 0.138147 329436 -0.0981588 0.666004
0.004345 1701.06 0.138087 329436 -0.0983852 0.666213
0.004355 1700.49 0.138027 329436 -0.098611 0.666426
0.004365 1699.91 0.137968 329436 -0.098836 0.666643
0.004375 1699.33 0.137909 329436 -0.0990603 0.666863
0.004385 1698.73 0.13785 329436 -0.0992857 0.667087
0.004395 1698.13 0.137792 329436 -0.0995142 0.667314
0.004405 1697.51 0.137735 329436 -0.0997423 0.667544
0.004415 1696.89 0.137677 329436 -0.0999557 0.667778
0.004425 1696.26 0.13762 329436 -0.100134 0.668016
0.004435 1695.63 0.137564 329435 -0.100268 0.668257
0.004445 1694.98 0.137508 329435 -0.100378 0.668501
0.004455 1694.33 0.137452 329435 -0.100512 0.668748
0.004465 1693.66 0.137397 329435 -0.10071 0.668999
0.004475 1692.99 0.137341 329435 -0.100984 0.669253
0.003525 1703.79 0.14508 329436 -0.0785248 0.665763
0.001925 1388.37 0.173291 329435 -0.0417642 0.816972
0.003535 1704.37 0.144965 329436 -0.0787891 0.665533
0.003845 1713.88 0.141793 329436 -0.0867944 0.661655
0.003545 1704.93 0.144851 329436 -0.0790505 0.665307
0.001935 1391.35 0.173068 329435 -0.0419305 0.815228
0.003855 1713.97 0.141702 329436 -0.0870949 0.661613
0.003555 1705.48 0.144738 329436 -0.0793088 0.665086
0.001945 1394.32 0.172844 329435 -0.0420979 0.813494
0.003205 1676.62 0.149179 329435 -0.0702219 0.676678
0.003865 1714.04 0.141613 329436 -0.0873916 0.661576
0.003565 1706.02 0.144625 329436 -0.0795637 0.664871
0.001955 1397.29 0.172621 329435 -0.0422663 0.811771
0.003875 1714.11 0.141524 329436 -0.0876822 0.661544
0.003215 1677.73 0.149038 329435 -0.0704793 0.67623
0.003575 1706.55 0.144514 329436 -0.0798153 0.664661
0.001965 1400.25 0.172398 329435 -0.0424357 0.810059
0.004805 1676.24 0.135652 329436 -0.108127 0.67558
0.005445 1665.35 0.133307 329436 -0.122247 0.679548
0.003885 1714.16 0.141436 329436 -0.0879648 0.661516
0.003225 1678.82 0.148899 329435 -0.0707367 0.675788
0.003585 1707.06 0.144403 329436 -0.0800639 0.664456
0.001975 1403.21 0.172176 329435 -0.0426062 0.808357
0.004815 1675.99 0.135604 329436 -0.108332 0.67567
0.003895 1714.2 0.141349 329436 -0.0882376 0.661492
0.005455 1665.37 0.133301 329436 -0.12252 0.679535
0.003235 1679.89 0.148759 329435 -0.0709935 0.675352
0.003595 1707.56 0.144293 329436 -0.0803097 0.664256
0.001985 1406.16 0.171953 329435 -0.0427777 0.806667
0.004825 1675.73 0.135555 329436 -0.108536 0.675763
0.003905 1714.24 0.141262 329436 -0.0884998 0.661473
0.005465 1665.37 0.133296 329436 -0.122795 0.679529
0.003605 1708.05 0.144183 329436 -0.080555 0.664062
0.004485 1692.32 0.137287 329435 -0.101301 0.66951
0.003245 1680.96 0.148621 329435 -0.0712498 0.674921
0.001995 1409.11 0.171731 329435 -0.0429501 0.804986
0.004835 1675.47 0.135507 329436 -0.108739 0.675858
0.003915 1714.25 0.141176 329436 -0.0887549 0.661459
0.005475 1665.36 0.133294 329436 -0.123075 0.679531
0.003615 1708.52 0.144075 329435 -0.0808013 0.663872
0.003255 1682.01 0.148484 329435 -0.0715057 0.674497
0.004495 1691.63 0.137232 329436 -0.101614 0.66977
0.002005 1412.04 0.17151 329435 -0.0431236 0.803317
0.004845 1675.2 0.135458 329436 -0.108941 0.675956
0.003925 1714.18 0.141091 329436 -0.0889882 0.66148
0.005485 1665.32 0.133292 329436 -0.123365 0.67954
0.003625 1708.89 0.143967 329436 -0.0810331 0.663724
0.003265 1683.04 0.148347 329435 -0.0717612 0.674079
0.004505 1690.94 0.137178 329436 -0.101888 0.670034
0.002015 1414.97 0.171288 329435 -0.043298 0.801658
0.004855 1674.93 0.13541 329436 -0.109142 0.676056
0.003935 1714.1 0.141007 329436 -0.0892108 0.661505
0.005495 1665.27 0.133293 329436 -0.123671 0.679558
0.003635 1709.24 0.14386 329436 -0.0812688 0.663581
0.003275 1684.06 0.148211 329435 -0.0720162 0.673666
0.004515 1690.24 0.137124 329436 -0.10212 0.6703
0.002025 1417.9 0.171067 329435 -0.0434734 0.800009
0.004865 1674.65 0.135362 329436 -0.109341 0.676158
0.003945 1714 0.140923 329436 -0.0894253 0.661534
0.005505 1665.2 0.133294 329436 -0.123998 0.679583
0.003645 1709.58 0.143754 329435 -0.0815052 0.663443
0.003285 1685.07 0.148076 329435 -0.072271 0.673259
0.004525 1689.54 0.137071 329436 -0.102327 0.670569
0.002035 1420.82 0.170846 329435 -0.0436498 0.798372
0.004875 1674.37 0.135314 329436 -0.10954 0.676262
0.005515 1665.1 0.133298 329436 -0.124345 0.679616
0.003955 1713.89 0.14084 329436 -0.0896315 0.661568
0.003655 1709.91 0.143649 329435 -0.0817422 0.663309
0.003295 1686.07 0.147942 329435 -0.0725255 0.672858
0.004535 1688.82 0.137017 329436 -0.102525 0.670841
0.002045 1423.73 0.170626 329435 -0.0438272 0.796744
0.004885 1674.08 0.135266 329436 -0.109738 0.676368
0.005525 1664.99 0.133303 329436 -0.124711 0.679658
0.003965 1713.78 0.140757 329436 -0.0898315 0.661606
0.003665 1710.23 0.143544 329435 -0.0819802 0.66318
0.003305 1687.05 0.147809 329435 -0.0727798 0.672462
0.004545 1688.1 0.136964 329436 -0.102727 0.671116
0.002055 1426.63 0.170406 329435 -0.0440055 0.795128
0.004895 1673.79 0.135218 329436 -0.109934 0.676476
0.005535 1664.85 0.13331 329436 -0.125091 0.679709
0.003975 1713.65 0.140676 329436 -0.0900273 0.661648
0.003675 1710.54 0.143441 329435 -0.0822194 0.663056
0.003315 1688.02 0.147676 329435 -0.073034 0.672072
0.004555 1687.38 0.136911 329436 -0.102932 0.671394
0.002065 1429.53 0.170187 329435 -0.0441848 0.793521
0.004905 1673.49 0.13517 329436 -0.11013 0.676586
0.005545 1664.7 0.133319 329435 -0.125476 0.679768
0.003985 1713.51 0.140595 329436 -0.0902208 0.661694
0.003685 1710.83 0.143338 329435 -0.0824602 0.662937
0.003325 1688.98 0.147544 329435 -0.0732882 0.671688
0.004565 1686.65 0.136859 329436 -0.103138 0.671674
0.002075 1432.41 0.169967 329435 -0.044365 0.791926
0.004915 1673.19 0.135123 329436 -0.110325 0.676699
0.005555 1664.52 0.133329 329435 -0.125858 0.679837
0.003995 1713.36 0.140514 329436 -0.090414 0.661744
0.003695 1711.11 0.143235 329435 -0.0827027 0.662822
0.003335 1689.92 0.147413 329435 -0.0735427 0.67131
0.004575 1685.91 0.136807 329436 -0.103344 0.671957
0.002085 1435.3 0.169748 329435 -0.0445462 0.79034
0.004925 1672.88 0.135075 329436 -0.110519 0.676813
0.005565 1664.31 0.13334 329435 -0.126229 0.679915
0.004005 1713.19 0.140434 329436 -0.0906087 0.661799
0.003705 1711.38 0.143134 329435 -0.0829471 0.662712
0.003345 1690.85 0.147283 329435 -0.0737975 0.670937
0.004585 1685.16 0.136755 329436 -0.103547 0.672243
0.002095 1438.17 0.16953 329435 -0.0447283 0.788765
0.004935 1672.57 0.135028 329436 -0.110712 0.676928
0.005575 1664.08 0.133354 329435 -0.126577 0.680002
0.004015 1713.02 0.140355 329436 -0.0908062 0.661858
0.003715 1711.63 0.143033 329435 -0.0831937 0.662606
0.003355 1691.77 0.147154 329435 -0.0740529 0.670569
0.004595 1684.42 0.136703 329436 -0.103749 0.672531
0.002105 1441.04 0.169312 329435 -0.0449113 0.787201
0.004945 1672.26 0.134981 329436 -0.110905 0.677046
0.005585 1663.83 0.133368 329435 -0.126893 0.680099
0.004025 1712.84 0.140277 329436 -0.0910076 0.661921
0.003725 1711.88 0.142933 329435 -0.0834428 0.662506
0.003365 1692.67 0.147025 329435 -0.0743109 0.670208
0.004605 1683.66 0.136651 329436 -0.103949 0.672821
0.004955 1671.94 0.134934 329436 -0.111097 0.677166
0.002115 1443.9 0.169094 329435 -0.0450953 0.785647
0.005595 1663.56 0.133385 329435 -0.127169 0.680206
0.004035 1712.64 0.140199 329436 -0.0912136 0.661988
0.003735 1712.11 0.142834 329435 -0.0836949 0.662409
0.003375 1693.56 0.146898 329435 -0.0745722 0.669852
0.004615 1682.9 0.1366 329436 -0.104146 0.673113
0.004965 1671.62 0.134887 329436 -0.111289 0.677287
0.002125 1446.75 0.168877 329435 -0.0452802 0.784103
0.005605 1663.26 0.133402 329435 -0.127402 0.680324
0.003745 1712.33 0.142736 329435 -0.0839507 0.662318
0.004045 1712.44 0.140122 329436 -0.0914247 0.66206
0.003385 1694.33 0.146771 329435 -0.0748216 0.669542
0.004625 1682.14 0.136548 329436 -0.104342 0.673408
0.004975 1671.29 0.134841 329436 -0.11148 0.677409
0.002135 1449.59 0.16866 329435 -0.045466 0.782569
0.005615 1662.93 0.133422 329436 -0.127605 0.680451
0.003755 1712.54 0.142638 329435 -0.0842109 0.662231
0.004055 1712.22 0.140046 329436 -0.0916408 0.662135
0.003395 1695.09 0.146645 329435 -0.0750763 0.669238
0.004635 1681.37 0.136497 329436 -0.104535 0.673705
0.004985 1670.96 0.134794 329436 -0.11167 0.677534
0.002145 1452.42 0.168444 329435 -0.0456528 0.781046
0.005625 1662.57 0.133442 329436 -0.127808 0.68059
0.003765 1712.73 0.142541 329435 -0.0844762 0.662149
0.002885 1629.29 0.154113 329435 -0.0620983 0.696392
0.003405 1695.84 0.14652 329435 -0.0753329 0.66894
0.004065 1711.99 0.13997 329436 -0.0918617 0.662215
0.004645 1680.6 0.136447 329436 -0.104727 0.674004
0.004995 1670.63 0.134748 329436 -0.11186 0.67766
0.002155 1455.25 0.168228 329435 -0.0458404 0.779533
0.005635 1662.19 0.133464 329436 -0.128048 0.680739
0.003775 1712.92 0.142445 329435 -0.0847472 0.662071
0.003415 1696.57 0.146395 329435 -0.0755911 0.668646
0.004075 1711.75 0.139895 329436 -0.0920869 0.662299
0.004655 1679.82 0.136396 329436 -0.104906 0.674304
0.005005 1670.29 0.134702 329436 -0.112055 0.677788
0.002165 1458.07 0.168013 329435 -0.046029 0.77803
0.005645 1661.78 0.133487 329436 -0.128349 0.680899
0.003785 1713.09 0.142349 329436 -0.0850244 0.661998
0.003425 1697.29 0.146272 329435 -0.0758513 0.668358
0.004085 1711.5 0.13982 329436 -0.092316 0.662387
0.004665 1679.05 0.136345 329437 -0.105109 0.674606
0.002895 1631.09 0.153946 329435 -0.0623582 0.695624
0.005015 1669.95 0.134656 329436 -0.112272 0.677918
0.002175 1460.88 0.167798 329435 -0.0462185 0.776538
0.005655 1661.35 0.133511 329436 -0.128711 0.68107
0.003795 1713.25 0.142255 329436 -0.0853078 0.661929
0.003435 1698 0.146149 329435 -0.0761134 0.668075
0.004095 1711.25 0.139747 329436 -0.0925483 0.662479
0.004675 1678.89 0.136295 329436 -0.105332 0.674655
0.002905 1632.87 0.15378 329435 -0.0626219 0.694864
0.005025 1669.6 0.134611 329436 -0.112572 0.678053
0.002185 1463.68 0.167583 329435 -0.046409 0.775055
0.005665 1660.88 0.133536 329436 -0.129111 0.681253
0.003805 1713.4 0.142161 329436 -0.0855972 0.661865
0.003445 1698.7 0.146027 329435 -0.0763776 0.667797
0.004105 1710.97 0.139673 329436 -0.092783 0.662575
0.004685 1678.73 0.136245 329436 -0.105555 0.674707
0.005675 1660.39 0.133563 329436 -0.129518 0.681447
0.002915 1634.59 0.153615 329435 -0.0628755 0.694135
0.005035 1669.22 0.134565 329436 -0.113037 0.6782
0.002195 1466.48 0.167369 329435 -0.0466004 0.773583
0.003815 1713.54 0.142068 329436 -0.0858919 0.661806
0.002925 1636.29 0.153451 329435 -0.0631325 0.693413
0.003455 1699.38 0.145906 329435 -0.0766437 0.667525
0.004115 1710.69 0.139601 329436 -0.0930196 0.662675
0.004695 1678.57 0.136195 329436 -0.105778 0.674763
0.005685 1659.87 0.13359 329436 -0.129912 0.681653
0.005045 1668.78 0.134521 329437 -0.113599 0.67837
0.002205 1469.26 0.167156 329435 -0.0467927 0.772121
0.003825 1713.66 0.141975 329436 -0.0861908 0.661751
0.002935 1637.97 0.153287 329435 -0.0633894 0.692699
0.003465 1700.05 0.145785 329435 -0.0769115 0.667257
0.004125 1710.4 0.139529 329436 -0.0932574 0.66278
0.004705 1678.39 0.136145 329436 -0.105999 0.674822
0.005695 1659.32 0.133618 329436 -0.13029 0.681872
0.005055 1668.7 0.134476 329436 -0.113806 0.678395
0.002245 1480.31 0.166307 329435 -0.0475714 0.766372
0.004715 1678.21 0.136095 329436 -0.106218 0.674885
0.002215 1472.04 0.166943 329435 -0.0469859 0.770668
0.003835 1713.77 0.141884 329436 -0.0864923 0.6617
0.002255 1483.05 0.166096 329435 -0.0477684 0.76496
0.002945 1639.64 0.153125 329435 -0.0636454 0.691993
0.003475 1700.7 0.145666 329435 -0.0771805 0.666995
0.004135 1710.1 0.139457 329436 -0.0934959 0.662888
0.005125 1668.77 0.134175 329436 -0.114559 0.678314
0.005705 1658.73 0.133647 329436 -0.130661 0.682102
0.005065 1668.66 0.134432 329436 -0.113647 0.678403
0.002565 1562.85 0.159852 329435 -0.0543376 0.725982
0.005765 1654.59 0.133826 329436 -0.132882 0.683747
0.004725 1678.02 0.136045 329436 -0.106436 0.67495
0.002225 1474.8 0.16673 329435 -0.0471801 0.769226
0.002265 1485.78 0.165885 329435 -0.0479665 0.763558
0.002955 1641.29 0.152963 329435 -0.0639001 0.691294
0.003485 1701.35 0.145547 329435 -0.0774503 0.666739
0.004145 1709.79 0.139387 329436 -0.0937346 0.663
0.005135 1668.77 0.134134 329436 -0.114805 0.678306
0.005715 1658.12 0.133676 329436 -0.131032 0.682345
0.005075 1668.67 0.134388 329436 -0.113577 0.678391
0.002575 1565.25 0.159661 329435 -0.0545603 0.724872
0.002275 1488.5 0.165675 329435 -0.0481655 0.762165
0.005145 1668.76 0.134094 329436 -0.115061 0.678302
0.004735 1677.82 0.135996 329436 -0.106653 0.675019
0.005775 1653.79 0.133856 329436 -0.133251 0.684065
0.002235 1477.56 0.166518 329435 -0.0473753 0.767794
0.002965 1642.93 0.152802 329435 -0.064153 0.690603
0.003495 1701.98 0.145429 329435 -0.0777202 0.666487
0.005785 1653.05 0.133886 329436 -0.133613 0.684361
0.004155 1709.46 0.139316 329436 -0.0939733 0.663117
0.003505 1702.59 0.145312 329436 -0.0779898 0.666241
0.005795 1652.27 0.133914 329436 -0.133982 0.68467
0.005805 1651.46 0.133942 329436 -0.134352 0.684992
0.005815 1650.62 0.133969 329436 -0.134723 0.685327
0.005825 1649.75 0.133994 329436 -0.135094 0.685675
0.005835 1648.85 0.134018 329436 -0.135465 0.686036
0.005845 1647.91 0.134041 329436 -0.135835 0.686411
0.005855 1646.95 0.134061 329436 -0.136204 0.686798
0.005865 1645.95 0.134079 329436 -0.136571 0.687198
0.005875 1644.92 0.134095 329436 -0.136937 0.687611
0.005885 1643.87 0.134107 329436 -0.137298 0.688037
0.005895 1642.78 0.134117 329436 -0.137656 0.688475
0.005905 1641.67 0.134123 329436 -0.138009 0.688925
0.005915 1640.52 0.134126 329436 -0.138356 0.689388
0.005725 1657.48 0.133706 329436 -0.131404 0.6826
0.005925 1639.35 0.134125 329436 -0.138697 0.689863
0.005935 1638.15 0.134119 329436 -0.13903 0.690349
0.005945 1636.93 0.134108 329436 -0.139354 0.690846
0.005955 1635.68 0.134093 329436 -0.139668 0.691354
0.005735 1656.8 0.133736 329436 -0.131777 0.682868
0.005965 1634.41 0.134072 329436 -0.139972 0.691872
0.005745 1656.1 0.133766 329436 -0.132148 0.683148
0.005975 1633.12 0.134046 329436 -0.140264 0.692399
0.005755 1655.36 0.133796 329436 -0.132517 0.683441
0.005985 1631.81 0.134014 329436 -0.140543 0.692936
0.005995 1630.48 0.133975 329436 -0.140807 0.69348
0.006005 1629.14 0.133929 329436 -0.141054 0.694031
0.006015 1627.78 0.133876 329436 -0.141285 0.694589
0.006025 1626.42 0.133815 329436 -0.141496 0.695152
0.006035 1625.04 0.133746 329436 -0.141687 0.69572
0.006045 1623.66 0.133669 329436 -0.141857 0.69629
0.006055 1622.28 0.133583 329436 -0.142007 0.696862
0.006065 1620.9 0.133487 329436 -0.142137 0.697434
0.006075 1619.53 0.133381 329436 -0.142246 0.698004
0.005085 1668.69 0.134345 329436 -0.113679 0.678373
0.002585 1567.63 0.159471 329435 -0.0547842 0.723772
0.002595 1570 0.159282 329435 -0.0550098 0.72268
0.005095 1668.72 0.134302 329436 -0.11387 0.678354
0.002605 1572.36 0.159093 329435 -0.0552373 0.721598
0.005105 1668.74 0.134259 329436 -0.114089 0.678338
0.002615 1574.71 0.158905 329435 -0.0554683 0.720524
0.005115 1668.76 0.134217 329436 -0.11432 0.678324
0.002625 1577.04 0.158718 329435 -0.0557046 0.719459
0.002975 1644.56 0.152641 329435 -0.0644038 0.689919
0.002635 1579.3 0.158531 329435 -0.0559337 0.718431
0.002645 1581.54 0.158346 329435 -0.0561688 0.717413
0.002655 1583.77 0.158161 329435 -0.0564091 0.716403
0.002985 1646.17 0.152482 329435 -0.0646521 0.689241
0.002665 1585.93 0.157976 329435 -0.0566413 0.71543
0.002995 1647.77 0.152323 329435 -0.064898 0.688571
0.002675 1588.07 0.157793 329435 -0.0568778 0.714465
0.003005 1649.36 0.152165 329435 -0.0651417 0.687907
0.002685 1590.2 0.15761 329435 -0.0571162 0.713509
0.003015 1650.93 0.152008 329435 -0.0653838 0.687249
0.002695 1592.32 0.157428 329435 -0.0573568 0.712561
0.003025 1652.5 0.151852 329435 -0.0656252 0.686598
0.002705 1594.42 0.157246 329435 -0.0576025 0.711622
0.003035 1654.05 0.151697 329435 -0.0658689 0.685953
0.002715 1596.48 0.157066 329435 -0.0578402 0.710706
0.003045 1655.58 0.151542 329435 -0.0661168 0.685315
0.002725 1598.52 0.156886 329435 -0.0580824 0.709798
0.002285 1491.21 0.165466 329435 -0.0483655 0.760783
0.003055 1657.01 0.151388 329435 -0.0663551 0.684724
0.002735 1600.55 0.156707 329435 -0.058326 0.708898
0.005155 1668.75 0.134054 329436 -0.115321 0.6783
0.003065 1658.42 0.151235 329435 -0.0665999 0.684139
0.002745 1602.57 0.156528 329435 -0.0585705 0.708006
0.003075 1659.82 0.151083 329435 -0.0668483 0.68356
0.005165 1668.73 0.134015 329436 -0.115583 0.678301
0.002755 1604.57 0.156351 329435 -0.0588161 0.707123
0.003085 1661.21 0.150932 329435 -0.0670999 0.682988
0.002295 1493.92 0.165257 329435 -0.0485666 0.75941
0.005175 1668.71 0.133976 329436 -0.115845 0.678306
0.002765 1606.56 0.156174 329435 -0.0590627 0.706248
0.003095 1662.58 0.150781 329435 -0.0673545 0.682422
0.002305 1496.61 0.165049 329435 -0.0487686 0.758048
0.004745 1677.61 0.135947 329436 -0.106867 0.675091
0.002775 1608.54 0.155998 329435 -0.0593103 0.705381
0.005185 1668.67 0.133938 329436 -0.116103 0.678313
0.003105 1663.94 0.150631 329435 -0.0676114 0.681863
0.002315 1499.29 0.164841 329435 -0.0489717 0.756695
0.002785 1610.5 0.155823 329435 -0.059559 0.704523
0.004755 1677.4 0.135897 329436 -0.107081 0.675165
0.005195 1668.63 0.133901 329436 -0.116354 0.678324
0.003115 1665.28 0.150483 329435 -0.0678702 0.68131
0.002325 1501.96 0.164634 329435 -0.0491759 0.755352
0.002795 1612.44 0.155648 329435 -0.0598086 0.703672
0.004765 1677.18 0.135848 329436 -0.107293 0.675243
0.003125 1666.61 0.150334 329435 -0.0681303 0.680765
0.005205 1668.58 0.133864 329436 -0.116596 0.678338
0.002335 1504.63 0.164428 329435 -0.049381 0.754018
0.002805 1614.37 0.155474 329435 -0.0600593 0.702831
0.004775 1676.96 0.135799 329436 -0.107503 0.675323
0.003135 1667.92 0.150187 329435 -0.0683911 0.680226
0.005215 1668.53 0.133828 329436 -0.116828 0.678354
0.002345 1507.28 0.164222 329435 -0.0495873 0.752694
0.002815 1616.29 0.155301 329435 -0.060311 0.701997
0.003145 1669.22 0.150041 329435 -0.0686525 0.679693
0.004785 1676.72 0.13575 329436 -0.107713 0.675406
0.005225 1668.46 0.133793 329436 -0.11705 0.678375
0.002355 1509.92 0.164017 329435 -0.0497945 0.751381
0.002825 1618.19 0.155129 329435 -0.0605636 0.701172
0.003155 1670.51 0.149895 329435 -0.0689141 0.679168
0.004795 1676.49 0.135701 329436 -0.10792 0.675492
0.005235 1668.39 0.133759 329436 -0.117262 0.678398
0.002365 1512.55 0.163812 329435 -0.0500029 0.750076
0.002835 1620.08 0.154958 329435 -0.0608171 0.700354
0.003165 1671.78 0.14975 329435 -0.069176 0.678649
0.001605 1290.95 0.180514 329435 -0.037042 0.878426
0.003175 1673.04 0.149606 329435 -0.069438 0.678137
0.006085 1618.16 0.133265 329436 -0.142335 0.698572
0.003185 1674.28 0.149463 329435 -0.0697017 0.677631
0.006405 1566.66 0.121383 329437 -0.105329 0.721108
0.003195 1675.5 0.149321 329435 -0.0699681 0.677133
0.001615 1294.03 0.180289 329435 -0.0371708 0.876344
0.007365 443.103 0.227572 329436 -0.000474292 2.57232
0.001625 1297.11 0.180063 329435 -0.0373009 0.874272
0.006725 941.318 0.178078 329439 -0.0492398 1.20197
0.001635 1300.18 0.179837 329435 -0.0374322 0.87221
5e-06 968.754 0.203451 329435 -0.0299249 1.16988
0.001645 1303.26 0.179611 329435 -0.0375648 0.870159
0.001285 1193.77 0.187568 329435 -0.033602 0.949731
0.007375 441.01 0.227801 329436 -0.000358599 2.58472
0.001655 1306.33 0.179385 329435 -0.0376986 0.868117
1.5e-05 968.786 0.203449 329435 -0.0299271 1.16984
0.006735 926.255 0.179557 329439 -0.0474608 1.22164
0.001665 1309.4 0.179159 329435 -0.0378337 0.866086
0.007385 438.997 0.22802 329436 -0.000253577 2.59677
0.007045 585.196 0.21289 329437 -0.0122078 1.94095
0.001295 1196.73 0.187355 329435 -0.0336894 0.947387
2.5e-05 968.85 0.203445 329435 -0.02993 1.16976
0.006745 911.406 0.181008 329439 -0.0457304 1.24167
0.001675 1312.48 0.178933 329435 -0.03797 0.864064
0.007395 437.06 0.228229 329436 -0.000157918 2.60846
0.001305 1199.7 0.187142 329435 -0.0337781 0.945049
0.007055 577.713 0.21361 329438 -0.0114599 1.96634
3.5e-05 968.946 0.203438 329435 -0.0299335 1.16965
0.001685 1315.55 0.178707 329435 -0.0381076 0.862054
0.007405 435.199 0.228427 329436 -6.82006e-05 2.61981
0.006755 896.765 0.182433 329439 -0.0440479 1.26207
0.001315 1202.67 0.186927 329435 -0.0338681 0.942717
0.007065 570.921 0.214311 329437 -0.0109188 1.98999
0.001695 1318.62 0.17848 329435 -0.0382464 0.860053
4.5e-05 969.073 0.203429 329435 -0.0299377 1.16949
0.007415 433.581 0.228616 329436 5.63858e-07 2.62976
0.000965 1104.54 0.193936 329435 -0.0314598 1.02627
0.006765 882.329 0.18383 329439 -0.042412 1.28286
0.001325 1205.66 0.186713 329435 -0.0339594 0.940391
0.007075 564.288 0.214993 329437 -0.0103002 2.01363
0.001705 1321.68 0.178254 329435 -0.0383864 0.858063
5.5e-05 969.232 0.203418 329435 -0.0299424 1.1693
0.007425 432.033 0.228796 329436 6.73699e-05 2.63935
0.006775 868.094 0.1852 329439 -0.0408217 1.30404
0.000325 985.215 0.202309 329435 -0.030108 1.15035
0.001335 1208.64 0.186497 329435 -0.034052 0.938071
0.001715 1324.75 0.178028 329435 -0.0385276 0.856083
6.5e-05 969.423 0.203405 329435 -0.0299475 1.16907
0.007085 557.812 0.215656 329437 -0.00970408 2.03727
0.007435 430.554 0.228966 329436 0.000126074 2.64858
0.006785 854.057 0.186544 329439 -0.039275 1.32562
0.000645 1032.19 0.199032 329435 -0.0304305 1.09806
0.000975 1107.12 0.193753 329435 -0.0315085 1.02388
0.001345 1211.64 0.186281 329435 -0.0341459 0.935758
0.001725 1327.81 0.177801 329435 -0.0386701 0.854114
7.5e-05 969.644 0.20339 329435 -0.029953 1.16881
0.007095 551.49 0.2163 329437 -0.00912677 2.06088
0.007445 429.141 0.229128 329436 0.000177252 2.65746
0.006795 840.213 0.187862 329439 -0.0377706 1.34761
0.000335 986.235 0.202239 329435 -0.0301138 1.14916
0.000655 1034.11 0.198898 329435 -0.030449 1.09603
0.001735 1330.87 0.177575 329435 -0.0388138 0.852156
0.001355 1214.64 0.186064 329435 -0.0342411 0.933452
8.5e-05 969.897 0.203372 329435 -0.0299589 1.1685
0.000985 1109.71 0.193569 329435 -0.0315583 1.02149
0.007105 545.32 0.216926 329437 -0.00856981 2.08446
0.007455 427.792 0.229281 329436 0.00022114 2.66599
0.006805 826.558 0.189153 329439 -0.0362449 1.37003
0.000345 987.285 0.202166 329435 -0.0301196 1.14794
0.001745 1333.93 0.177348 329435 -0.0389587 0.850208
0.001365 1217.65 0.185847 329435 -0.0343376 0.931153
0.000665 1036.05 0.198762 329435 -0.0304684 1.09398
9.5e-05 970.181 0.203353 329435 -0.029965 1.16816
0.000995 1112.33 0.193384 329435 -0.0316093 1.01909
0.007115 539.299 0.217533 329437 -0.00803305 2.10799
0.007465 426.505 0.229426 329436 0.000258085 2.67418
0.001755 1336.99 0.177122 329435 -0.0391047 0.84827
0.006815 813.1 0.190418 329440 -0.03463 1.39288
0.000355 988.365 0.202091 329435 -0.0301254 1.14669
0.001375 1220.66 0.18563 329435 -0.0344354 0.928861
0.000675 1038.01 0.198624 329435 -0.0304884 1.09191
0.000105 970.496 0.203331 329435 -0.0299713 1.16778
0.001005 1114.96 0.193197 329435 -0.0316613 1.0167
0.007475 425.277 0.229562 329436 0.000288823 2.68204
0.001765 1340.04 0.176896 329435 -0.039252 0.846344
0.007125 533.426 0.218123 329437 -0.00751628 2.13146
0.006825 800.903 0.191658 329438 -0.0335369 1.41425
0.000365 989.475 0.202013 329435 -0.0301314 1.1454
0.001385 1223.68 0.185411 329435 -0.0345344 0.926576
0.000685 1040 0.198485 329435 -0.0305093 1.08983
0.000115 970.842 0.203307 329435 -0.0299777 1.16737
0.007485 424.108 0.229691 329436 0.000314893 2.68957
0.001015 1117.6 0.19301 329435 -0.0317146 1.0143
0.001775 1343.09 0.17667 329435 -0.0394005 0.844427
0.007135 527.697 0.218695 329437 -0.00701914 2.15486
0.006835 788.905 0.192871 329438 -0.03224 1.43593
0.001395 1226.7 0.185193 329435 -0.0346348 0.924298
0.000375 990.615 0.201934 329435 -0.0301375 1.14409
0.000695 1042.02 0.198343 329435 -0.0305309 1.08773
0.007495 423.13 0.229811 329436 0.000329812 2.69591
0.000125 971.219 0.203281 329435 -0.0299843 1.16691
0.001025 1120.26 0.192821 329435 -0.0317689 1.0119
0.001785 1346.14 0.176443 329435 -0.0395501 0.842522
0.007145 522.11 0.21925 329437 -0.00653133 2.17819
0.006845 777.098 0.194058 329438 -0.030984 1.45792
0.001405 1229.73 0.184974 329435 -0.0347364 0.922028
0.000385 991.785 0.201853 329435 -0.0301437 1.14274
0.000705 1044.05 0.1982 329435 -0.0305533 1.08561
0.007505 422.207 0.229925 329436 0.000342424 2.70192
0.000135 971.627 0.203252 329435 -0.0299909 1.16642
0.001035 1122.93 0.192631 329435 -0.0318244 1.00949
0.001795 1349.18 0.176217 329435 -0.039701 0.840627
0.007155 516.664 0.219788 329437 -0.00603352 2.20141
0.006855 765.479 0.195219 329438 -0.0297613 1.48023
0.000395 992.984 0.201769 329435 -0.0301501 1.14136
0.001415 1232.77 0.184754 329435 -0.0348394 0.919766
0.000715 1046.11 0.198056 329435 -0.0305765 1.08347
0.007515 421.338 0.23003 329436 0.000349889 2.70761
0.000145 972.066 0.203222 329435 -0.0299976 1.1659
0.001045 1125.62 0.19244 329435 -0.0318811 1.00709
0.001805 1352.22 0.175991 329435 -0.0398529 0.838743
0.007165 511.753 0.220308 329436 -0.00565268 2.2228
0.006865 754.046 0.196356 329438 -0.0285734 1.50286
0.000405 994.213 0.201684 329435 -0.0301567 1.13995
0.001425 1235.8 0.184534 329435 -0.0349437 0.917512
0.000725 1048.2 0.197909 329435 -0.0306006 1.08132
0.007525 420.52 0.230129 329436 0.000352591 2.71298
0.000155 972.536 0.203189 329435 -0.0300043 1.16533
0.001055 1128.32 0.192248 329435 -0.031939 1.00468
0.001815 1355.26 0.175766 329435 -0.040006 0.83687
0.007175 506.981 0.220812 329436 -0.00523788 2.24399
0.006875 742.794 0.197467 329438 -0.0274191 1.52581
0.000415 995.471 0.201596 329435 -0.0301634 1.13851
0.001435 1238.84 0.184313 329435 -0.0350492 0.915266
0.000735 1050.31 0.197761 329435 -0.0306255 1.07915
0.007535 419.753 0.230221 329436 0.000350755 2.71804
0.000165 973.036 0.203155 329435 -0.030011 1.16474
0.001065 1131.04 0.192055 329435 -0.031998 1.00227
0.001825 1358.29 0.17554 329435 -0.0401603 0.835007
0.007185 502.343 0.221299 329436 -0.00484219 2.26496
0.006885 731.721 0.198554 329438 -0.0262971 1.5491
0.000425 996.759 0.201506 329435 -0.0301704 1.13704
0.001445 1241.89 0.184092 329435 -0.0351561 0.913027
0.000745 1052.44 0.197612 329435 -0.0306512 1.07697
0.007545 419.036 0.230306 329436 0.000344371 2.72279
0.000175 973.568 0.203118 329435 -0.0300176 1.1641
0.001075 1133.77 0.19186 329435 -0.0320581 0.999864
0.001835 1361.32 0.175314 329435 -0.0403157 0.833155
0.007195 497.839 0.22177 329436 -0.00446352 2.28572
0.006895 720.825 0.199616 329438 -0.0252063 1.57271
0.000435 998.076 0.201415 329435 -0.0301777 1.13554
0.001455 1244.94 0.183871 329435 -0.0352642 0.910798
0.000755 1054.59 0.19746 329435 -0.0306779 1.07478
0.007555 418.366 0.230384 329436 0.000334769 2.72723
0.000185 974.13 0.203079 329435 -0.0300241 1.16343
0.001085 1136.51 0.191665 329435 -0.0321194 0.997456
0.001845 1364.34 0.175089 329435 -0.0404722 0.831314
0.007205 493.464 0.222225 329436 -0.00410264 2.30624
0.006905 710.103 0.200656 329438 -0.0241455 1.59666
0.000445 999.422 0.201321 329435 -0.0301853 1.13402
0.001465 1247.99 0.183649 329435 -0.0353737 0.908576
0.000765 1056.76 0.197308 329435 -0.0307054 1.07257
0.007565 417.743 0.230456 329436 0.000310683 2.73138
0.000195 974.723 0.203038 329435 -0.0300306 1.16272
0.001095 1139.27 0.191469 329435 -0.0321819 0.995048
0.001855 1367.36 0.174863 329435 -0.0406299 0.829484
0.006915 699.553 0.201671 329438 -0.0231133 1.62094
0.007215 489.215 0.222664 329436 -0.00375924 2.32653
0.000455 1000.8 0.201225 329435 -0.0301931 1.13246
0.001475 1251.05 0.183427 329435 -0.0354844 0.906364
0.000775 1058.96 0.197153 329435 -0.0307338 1.07035
0.007575 417.279 0.230521 329436 0.00032306 2.73449
0.000205 975.346 0.202995 329435 -0.030037 1.16198
0.001105 1142.04 0.191271 329435 -0.0322455 0.992641
0.001865 1370.38 0.174638 329435 -0.0407887 0.827664
0.006925 689.172 0.202664 329438 -0.0221082 1.64557
0.007225 485.089 0.223088 329436 -0.00343306 2.34658
0.000465 1002.2 0.201127 329435 -0.0302013 1.13088
0.001485 1254.11 0.183205 329435 -0.0355965 0.904159
0.000785 1061.18 0.196997 329435 -0.0307631 1.06811
0.007585 416.859 0.23058 329436 -0.000286045 2.73731
0.000215 976 0.202949 329435 -0.0300433 1.1612
0.001115 1144.82 0.191073 329435 -0.0323103 0.990234
0.001875 1373.39 0.174413 329435 -0.0409485 0.825855
0.006935 678.959 0.203635 329438 -0.0210909 1.67054
0.007235 481.084 0.223497 329436 -0.00311927 2.36637
0.000475 1003.63 0.201028 329435 -0.0302098 1.12926
0.001495 1257.17 0.182982 329435 -0.0357098 0.901964
0.000795 1063.42 0.196839 329435 -0.0307934 1.06587
0.007595 416.484 0.230633 329431 0.00151141 2.7398
0.000225 976.685 0.202902 329435 -0.0300496 1.16039
0.001885 1376.4 0.174189 329435 -0.0411095 0.824057
0.001125 1147.61 0.190874 329435 -0.0323761 0.987829
0.006945 668.916 0.204583 329439 -0.0200064 1.69584
0.007245 477.196 0.223891 329437 -0.00280741 2.38591
0.000485 1005.09 0.200926 329435 -0.0302188 1.12762
0.001505 1260.23 0.182759 329435 -0.0358245 0.899778
0.000805 1065.68 0.19668 329435 -0.0308246 1.06361
0.007605 416.153 0.230679 329436 -0.000326249 2.74208
0.000235 977.401 0.202852 329435 -0.0300557 1.15954
0.001895 1379.4 0.173964 329435 -0.0412716 0.82227
0.001135 1150.42 0.190674 329435 -0.0324431 0.985425
0.006955 659.79 0.205509 329438 -0.0192727 1.71951
0.007255 473.712 0.22427 329436 -0.00255975 2.4037
0.000495 1006.58 0.200822 329435 -0.0302281 1.12596
0.007615 415.864 0.23072 329436 0.00022661 2.74403
0.000815 1067.97 0.196519 329435 -0.0308567 1.06134
0.001515 1263.3 0.182536 329435 -0.0359405 0.8976
0.000245 978.147 0.2028 329435 -0.0300617 1.15865
0.001905 1382.39 0.17374 329435 -0.0414347 0.820493
0.001145 1153.24 0.190472 329435 -0.0325146 0.983022
0.003515 1703.2 0.145195 329436 -0.0782582 0.665999
0.006965 650.838 0.206413 329437 -0.0183957 1.74339
0.007265 470.341 0.224635 329436 -0.00230148 2.42117
0.000505 1008.1 0.200716 329435 -0.0302378 1.12427
0.007625 415.617 0.230755 329436 0.000166001 2.7457
0.000825 1070.27 0.196357 329435 -0.0308898 1.05906
0.001525 1266.36 0.182312 329435 -0.0360577 0.895432
0.000255 978.924 0.202746 329435 -0.0300677 1.15774
0.001915 1385.38 0.173515 329435 -0.0415989 0.818727
0.001155 1156.07 0.19027 329435 -0.0325768 0.980622
0.005245 1668.31 0.133726 329436 -0.117467 0.678425
0.002375 1515.17 0.163608 329435 -0.0502123 0.748782
0.001165 1158.91 0.190067 329435 -0.0331585 0.978224
0.005255 1668.23 0.133694 329436 -0.117668 0.678455
0.002845 1621.95 0.154787 329435 -0.0610715 0.699545
0.006415 1568.49 0.120763 329362 -0.120406 0.720107
0.005265 1668.13 0.133663 329436 -0.117866 0.678489
0.002385 1517.78 0.163404 329435 -0.0504227 0.747497
0.006095 1616.81 0.133139 329436 -0.142401 0.699135
0.001175 1161.76 0.189864 329439 -0.03171 0.975841
0.002855 1623.81 0.154617 329435 -0.0613269 0.698745
0.006425 1543.94 0.122914 329439 -0.134624 0.731718
0.005275 1668.03 0.133632 329436 -0.118065 0.678527
0.006975 642.056 0.207295 329437 -0.0175463 1.76746
0.002395 1520.38 0.163201 329435 -0.0506342 0.746222
0.002865 1625.65 0.154448 329435 -0.0615832 0.697952
0.000515 1009.64 0.200608 329435 -0.0302479 1.12255
0.006435 1519.37 0.125071 329438 -0.129376 0.74355
0.001185 1164.62 0.189659 329435 -0.0333049 0.973437
0.005285 1667.91 0.133603 329436 -0.118268 0.678568
0.006105 1615.48 0.133001 329436 -0.142447 0.69969
0.007635 415.412 0.230783 329436 0.00014613 2.74708
0.002405 1522.97 0.162999 329435 -0.0508467 0.744956
0.002875 1627.48 0.15428 329435 -0.0618403 0.697168
0.006985 633.443 0.208156 329437 -0.0167186 1.79173
0.007275 467.081 0.224986 329436 -0.00205849 2.43832
0.006445 1495.14 0.127204 329438 -0.125386 0.755605
0.005295 1667.79 0.133575 329436 -0.118476 0.678614
0.001195 1167.5 0.189453 329435 -0.03287 0.971048
0.000835 1072.59 0.196193 329435 -0.0309239 1.05677
0.000265 979.731 0.20269 329435 -0.0300736 1.15678
0.001535 1269.43 0.182088 329435 -0.0361762 0.893273
0.001205 1170.38 0.189247 329435 -0.0329534 0.968662
0.000845 1074.94 0.196028 329435 -0.0309589 1.05447
0.000525 1011.22 0.200498 329435 -0.0302586 1.1208
0.000275 980.569 0.202632 329435 -0.0300794 1.15579
0.006995 624.996 0.208995 329437 -0.0159143 1.81618
0.001545 1272.51 0.181864 329435 -0.0362961 0.891123
0.000855 1077.3 0.195861 329435 -0.030995 1.05216
0.001215 1173.27 0.18904 329435 -0.0330273 0.96628
0.000285 981.438 0.202572 329435 -0.0300852 1.15477
0.000535 1012.82 0.200387 329435 -0.0302697 1.11903
0.007005 616.714 0.209815 329437 -0.0151331 1.84081
0.001555 1275.58 0.18164 329435 -0.0364172 0.888983
0.000865 1079.69 0.195693 329435 -0.031032 1.04984
0.000295 982.336 0.202509 329435 -0.0300909 1.15372
0.001225 1176.17 0.188832 329435 -0.0331055 0.963902
0.000545 1014.45 0.200273 329435 -0.0302814 1.11724
0.000875 1082.09 0.195524 329435 -0.0310701 1.04751
0.001565 1278.65 0.181415 329435 -0.0365396 0.886852
0.007015 608.595 0.210613 329437 -0.0143744 1.8656
0.000305 983.266 0.202445 329435 -0.0300966 1.15263
0.006115 1614.13 0.132851 329428 -0.142414 0.700237
0.000885 1084.51 0.195353 329435 -0.0311092 1.04518
0.001235 1179.08 0.188623 329435 -0.0331848 0.961529
0.000555 1016.1 0.200157 329435 -0.0302935 1.11542
0.001575 1281.73 0.18119 329435 -0.0366633 0.884731
0.000315 984.225 0.202378 329435 -0.0301023 1.15151
0.007025 600.637 0.211392 329437 -0.0136378 1.89057
0.000895 1086.95 0.19518 329435 -0.0311493 1.04284
0.001245 1182 0.188413 329435 -0.0332656 0.959159
0.002415 1525.55 0.162798 329435 -0.0510601 0.7437
0.007645 415.249 0.230806 329436 0.000114532 2.74819
0.001255 1184.93 0.188203 329435 -0.0333477 0.956795
0.006455 1471.23 0.129313 329438 -0.121465 0.767888
0.002425 1528.12 0.162597 329435 -0.0512745 0.742454
0.007655 415.126 0.230824 329436 8.27234e-05 2.74902
0.001265 1187.87 0.187992 329435 -0.0334311 0.954435
0.006465 1447.65 0.1314 329438 -0.117666 0.780405
0.005305 1667.66 0.133548 329436 -0.118691 0.678663
0.002435 1530.67 0.162396 329435 -0.0514898 0.741217
0.007285 463.928 0.225324 329436 -0.00182946 2.45513
0.001275 1190.81 0.187781 329435 -0.0335159 0.95208
0.007665 415.045 0.230835 329436 5.05205e-05 2.74957
0.006475 1424.39 0.133464 329438 -0.113985 0.793164
0.006125 1610.23 0.132689 329436 -0.142188 0.701928
0.005315 1667.52 0.133522 329436 -0.118913 0.678716
0.001585 1284.8 0.180965 329435 -0.0367883 0.88262
0.000565 1017.78 0.20004 329435 -0.0303063 1.11358
0.005325 1667.37 0.133497 329436 -0.119143 0.678773
0.007035 592.838 0.212151 329437 -0.0129225 1.91568
0.001595 1287.88 0.18074 329435 -0.0369145 0.880518
0.000905 1089.41 0.195006 329435 -0.0311905 1.04049
0.005335 1667.2 0.133474 329436 -0.11938 0.678834
0.002445 1533.21 0.162197 329435 -0.0517059 0.73999
0.007295 460.879 0.225648 329436 -0.00161441 2.47161
0.006485 1401.43 0.135506 329438 -0.110418 0.806175
0.002455 1535.75 0.161997 329435 -0.0519227 0.738772
0.007675 415.004 0.230841 329436 1.66021e-05 2.74985
0.007305 457.93 0.225959 329436 -0.00141289 2.48776
0.006495 1378.76 0.137525 329438 -0.106962 0.819444
0.006135 1606.36 0.132514 329436 -0.141841 0.703598
0.002465 1538.27 0.161799 329435 -0.0521402 0.737563
0.000575 1019.49 0.19992 329435 -0.0303196 1.11172
0.000915 1091.89 0.194831 329435 -0.0312327 1.03813
0.002475 1540.78 0.161601 329435 -0.0523582 0.736364
0.000585 1021.23 0.199799 329435 -0.0303335 1.10983
0.005345 1667.03 0.133452 329436 -0.119623 0.6789
0.000925 1094.38 0.194655 329435 -0.0312759 1.03577
0.007315 455.08 0.226258 329436 -0.00122244 2.50357
0.002485 1543.28 0.161404 329435 -0.0525768 0.735174
0.006505 1356.39 0.139524 329438 -0.103613 0.832982
0.000595 1022.99 0.199676 329435 -0.030348 1.10792
0.000935 1096.9 0.194477 329435 -0.0313203 1.0334
0.005355 1666.85 0.133431 329436 -0.119872 0.67897
0.006145 1602.57 0.132325 329436 -0.141426 0.705243
0.002495 1545.76 0.161208 329435 -0.0527957 0.733993
0.007325 452.324 0.226544 329436 -0.00103707 2.51904
0.006515 1334.3 0.141501 329438 -0.100366 0.846798
0.000945 1099.43 0.194298 329435 -0.0313657 1.03103
0.000605 1024.78 0.199551 329435 -0.0303632 1.10599
0.005365 1666.66 0.133411 329436 -0.120127 0.679045
0.002505 1548.24 0.161012 329435 -0.0530149 0.732822
0.006155 1598.86 0.132122 329436 -0.140932 0.706858
0.006525 1312.48 0.143458 329438 -0.0972159 0.860903
0.000955 1101.97 0.194118 329435 -0.0314122 1.02865
0.007335 449.886 0.226818 329436 -0.000888755 2.53291
0.005375 1666.45 0.133393 329436 -0.120385 0.679125
0.006535 1290.93 0.145393 329439 -0.0941578 0.875306
0.000615 1026.59 0.199424 329435 -0.030379 1.10404
0.002515 1550.7 0.160817 329435 -0.0532345 0.731659
0.006165 1595.25 0.131905 329436 -0.140353 0.708437
0.007345 447.538 0.227081 329436 -0.000738996 2.54642
0.005385 1666.24 0.133377 329436 -0.120647 0.679209
0.006545 1269.64 0.147308 329439 -0.091186 0.89002
0.000625 1028.43 0.199295 329435 -0.0303955 1.10207
0.002525 1553.16 0.160623 329435 -0.0534543 0.730506
0.006175 1591.75 0.131672 329436 -0.139689 0.709976
0.007355 445.278 0.227332 329436 -0.000601069 2.55955
0.005395 1666.01 0.133361 329436 -0.120911 0.679298
0.006555 1248.6 0.149201 329439 -0.0882922 0.905054
0.000635 1030.3 0.199164 329435 -0.0304126 1.10008
0.006565 1227.81 0.151074 329439 -0.0854825 0.92042
0.002535 1555.6 0.160429 329435 -0.0536744 0.729362
0.006575 1207.27 0.152926 329439 -0.082239 0.936131
0.006185 1588.37 0.131424 329436 -0.138938 0.711468
0.005405 1665.77 0.133347 329436 -0.121174 0.679392
0.006585 1186.96 0.154756 329435 -0.0810626 0.952185
0.006195 1585.12 0.131159 329436 -0.138104 0.712908
0.005415 1665.51 0.133335 329436 -0.12143 0.679491
0.002545 1558.03 0.160236 329435 -0.0538949 0.728226
0.006595 1166.89 0.156565 329439 -0.0769386 0.96863
0.005425 1665.26 0.133324 329437 -0.121699 0.679594
0.006205 1582.01 0.130877 329436 -0.137188 0.71429
0.002555 1560.44 0.160044 329435 -0.0541159 0.727099
0.006605 1147.05 0.158351 329439 -0.0748832 0.985443
0.005435 1665.31 0.133315 329436 -0.121974 0.679568
0.006215 1579.06 0.130578 329436 -0.136195 0.715608
0.006615 1127.43 0.160115 329439 -0.0723725 1.00265
0.006225 1576.27 0.130262 329436 -0.135127 0.716856
0.006625 1108.05 0.161857 329439 -0.0699259 1.02026
0.006235 1573.67 0.129927 329436 -0.133989 0.718027
0.006635 1088.88 0.163574 329439 -0.0674241 1.03829
0.006245 1571.25 0.129574 329436 -0.132782 0.719116
0.006645 1069.96 0.165268 329443 -0.0649409 1.05674
0.006255 1569.04 0.129201 329436 -0.131508 0.720116
0.006655 1053.05 0.166963 329439 -0.0631365 1.07378
0.006265 1567.04 0.12881 329436 -0.13017 0.721021
0.006665 1036.39 0.168632 329439 -0.0609911 1.09112
0.006275 1565.26 0.128399 329436 -0.128768 0.721827
0.006675 1019.96 0.170275 329439 -0.0589074 1.10878
0.006285 1563.72 0.127969 329436 -0.127304 0.722526
0.006685 1003.78 0.17189 329439 -0.0568705 1.12676
0.006295 1562.43 0.12752 329436 -0.12578 0.723114
0.006695 987.825 0.173478 329439 -0.0548787 1.14506
0.006305 1561.39 0.127051 329436 -0.124199 0.723586
0.006705 972.099 0.175039 329439 -0.0529473 1.16369
0.006315 1560.61 0.126563 329436 -0.122564 0.723936
0.006715 956.598 0.176572 329439 -0.0510684 1.18266
0.006325 1560.11 0.126057 329436 -0.120882 0.724162
0.006335 1559.89 0.125534 329436 -0.119147 0.724259
0.006345 1559.95 0.124992 329436 -0.117373 0.724223
0.006355 1560.31 0.124431 329436 -0.115557 0.724053
0.006365 1560.96 0.123852 329436 -0.113711 0.723745
0.006375 1561.92 0.123257 329436 -0.111833 0.723298
0.006385 1563.19 0.122647 329436 -0.109926 0.722709
0.006395 1564.77 0.122022 329436 -0.108029 0.721979
