0.007365 364.792 0.232912 234976 0.00848142 2.23506
0.007375 364.801 0.232912 234976 0.00819829 2.23501
0.007385 364.805 0.232913 234976 0.00790976 2.23499
0.007395 364.803 0.232913 234976 0.00762167 2.235
0.007405 364.795 0.232913 234976 0.00734101 2.23506
0.007415 364.846 0.232914 234976 0.00704396 2.23474
0.007425 364.891 0.232914 234976 0.00678014 2.23447
0.007435 364.928 0.232914 234976 0.00650402 2.23424
0.007445 364.957 0.232915 234976 0.00623095 2.23407
0.007455 364.978 0.232915 234976 0.00596035 2.23394
0.007465 364.992 0.232915 234976 0.00569584 2.23385
0.007475 364.999 0.232915 234976 0.00542139 2.23381
0.007485 364.998 0.232915 234976 0.00515495 2.23382
0.007495 364.991 0.232916 234976 0.00488977 2.23386
0.007505 365.044 0.232916 234976 0.00461362 2.23354
0.007515 365.09 0.232916 234976 0.00436237 2.23326
0.007525 365.13 0.232916 234976 0.00409837 2.23301
0.007535 365.164 0.232916 234976 0.00383488 2.23281
0.007545 365.191 0.232916 234976 0.00357124 2.23264
0.007555 365.211 0.232916 234976 0.00330793 2.23252
0.007565 365.225 0.232916 234976 0.00304772 2.23244
0.007045 364.789 0.232837 234976 0.0170713 2.23486
0.007575 365.232 0.232917 234976 0.00277934 2.23239
0.007585 365.233 0.232917 234976 0.00251335 2.23239
0.007055 364.767 0.232843 234976 0.0168092 2.23501
0.003205 1975.05 0.107316 234976 0.0596889 0.408868
0.007595 365.227 0.232917 234976 0.0022492 2.23242
0.007065 364.74 0.232849 234976 0.0165489 2.23519
0.007605 365.281 0.232917 234976 0.00197338 2.23209
0.003215 1977.54 0.107057 234976 0.0592646 0.408349
0.007075 364.708 0.232854 234976 0.0162901 2.2354
0.007615 365.328 0.232917 234976 0.00172155 2.23181
0.003225 1980.01 0.1068 234976 0.0588401 0.407835
0.007085 364.671 0.232859 234976 0.0160311 2.23564
0.007625 365.369 0.232917 234976 0.00145706 2.23156
0.003235 1982.47 0.106545 234976 0.0584153 0.407325
0.007095 364.629 0.232863 234976 0.015784 2.23591
0.007635 365.403 0.232917 234976 0.00119295 2.23135
0.003245 1984.9 0.106292 234976 0.0579921 0.40682
0.007105 364.582 0.232867 234976 0.0155136 2.23621
0.007645 365.43 0.232917 234976 0.000928684 2.23119
0.003255 1987.31 0.106041 234975 0.0575768 0.40632
0.007115 364.6 0.232871 234976 0.0152462 2.23611
0.007655 365.45 0.232917 234976 0.000664715 2.23106
0.003265 1989.36 0.105791 234976 0.0571302 0.4059
0.007125 364.613 0.232874 234976 0.0150003 2.23604
0.007665 365.464 0.232917 234976 0.000405036 2.23098
0.003275 1991.37 0.105544 234976 0.0566924 0.405484
0.007135 364.622 0.232878 234976 0.0147456 2.23599
0.007675 365.471 0.232917 234976 0.000132553 2.23094
0.003845 2059.63 0.094178 234976 0.0315316 0.391651
0.003285 1993.37 0.105298 234976 0.0562554 0.405072
0.007145 364.626 0.232881 234976 0.0144802 2.23598
0.004165 2061.87 0.0898337 234976 0.0189913 0.390982
0.002565 1761.3 0.127781 234976 0.08389 0.458666
0.004175 2061.66 0.0897243 234976 0.0186237 0.391016
0.003295 1995.36 0.105054 234976 0.0558179 0.404664
0.007155 364.625 0.232884 234976 0.0142175 2.23599
0.004185 2061.44 0.089617 234976 0.0182576 0.391052
0.002575 1765.58 0.127405 234976 0.0835609 0.457554
0.003305 1997.32 0.104812 234976 0.0553799 0.404261
0.004195 2061.21 0.0895117 234976 0.0178928 0.39109
0.007165 364.618 0.232886 234976 0.0139562 2.23604
0.002585 1769.85 0.12703 234976 0.0832326 0.45645
0.003315 1999.27 0.104571 234976 0.0549414 0.403862
0.003855 2059.94 0.0940209 234976 0.0311116 0.391585
0.004205 2060.97 0.0894086 234976 0.0175292 0.391129
0.007175 364.606 0.232889 234976 0.0136997 2.23612
0.002595 1774.1 0.126657 234976 0.0829052 0.455355
0.003325 2001.2 0.104333 234976 0.0545026 0.403467
0.003865 2060.23 0.0938651 234976 0.0306938 0.391521
0.004215 2060.72 0.0893077 234976 0.0171668 0.39117
0.003525 2034.19 0.0999283 234976 0.0456258 0.3968
0.007185 364.589 0.232891 234976 0.0134408 2.23623
0.002605 1778.33 0.126285 234976 0.0825789 0.45427
0.003335 2003.11 0.104096 234976 0.0540633 0.403076
0.003875 2060.51 0.0937106 234976 0.0302781 0.39146
0.002245 1616.1 0.140637 234976 0.0940905 0.499914
0.004225 2060.47 0.0892091 234976 0.0168054 0.391213
0.002885 1882.02 0.1166 234976 0.0727839 0.429192
0.007195 364.566 0.232893 234976 0.0131928 2.23638
0.002615 1782.55 0.125916 234976 0.082254 0.453193
0.003535 2035.36 0.0997256 234976 0.0451753 0.396564
0.003345 2005 0.103861 234976 0.0536237 0.40269
0.003885 2060.77 0.0935574 234976 0.0298647 0.391401
0.002255 1620.88 0.140213 234976 0.0937924 0.498439
0.004235 2060.2 0.0891129 234976 0.016445 0.391257
0.007205 364.538 0.232895 234976 0.0129232 2.23656
0.002895 1885.34 0.11628 234976 0.0723946 0.428433
0.002625 1786.76 0.125548 234976 0.0819306 0.452125
0.005445 1415.85 0.130388 234977 -0.0668321 0.568721
0.003355 2006.88 0.103628 234976 0.0531837 0.402308
0.000645 807.027 0.207246 234976 0.107736 1.00268
0.003545 2036.52 0.0995246 234976 0.0447251 0.396332
0.003895 2061.02 0.0934055 234976 0.0294534 0.391345
5e-06 692.012 0.215577 234976 0.101075 1.17015
0.002265 1625.64 0.139791 234976 0.0934926 0.496976
0.004245 2059.93 0.0890191 234976 0.0160854 0.391304
0.007215 364.572 0.232897 234976 0.012655 2.23636
0.002905 1888.65 0.115963 234976 0.0720035 0.42768
0.002635 1790.95 0.125181 234976 0.0816088 0.451065
0.003365 2008.74 0.103396 234976 0.0527434 0.401929
0.005455 1399.68 0.131334 234977 -0.0661917 0.575285
0.003555 2037.66 0.0993251 234976 0.0442754 0.396104
0.000655 810.644 0.206978 234976 0.107863 0.998191
0.003905 2061.26 0.0932549 234976 0.0290443 0.391292
0.002275 1630.39 0.139371 234976 0.0931912 0.495528
0.004255 2059.65 0.0889278 234976 0.0157265 0.391352
1.5e-05 692.055 0.215574 234976 0.101078 1.17007
0.007225 364.601 0.232898 234976 0.0124092 2.23619
0.002915 1891.94 0.115647 234976 0.0716107 0.426934
0.002645 1795.13 0.124817 234976 0.0812903 0.450014
0.005465 1383.47 0.13228 234977 -0.0654928 0.582017
0.003375 2010.59 0.103167 234976 0.0523027 0.401555
0.003565 2038.78 0.0991272 234976 0.0438261 0.395878
0.000665 814.309 0.206705 234976 0.10799 0.993681
0.003915 2061.49 0.0931056 234976 0.0286374 0.391241
0.002285 1635.13 0.138951 234976 0.0928881 0.494092
0.004265 2059.36 0.0888391 234976 0.015368 0.391402
2.5e-05 692.144 0.215568 234976 0.10109 1.16992
0.007235 364.624 0.2329 234976 0.0121501 2.23605
0.002925 1895.21 0.115333 234976 0.0712165 0.426194
0.002655 1799.29 0.124454 234976 0.0809802 0.448971
0.005475 1367.25 0.133224 234977 -0.0647257 0.58892
0.003385 2012.41 0.102939 234976 0.0518618 0.401185
0.003575 2039.89 0.0989308 234976 0.0433773 0.395657
0.000675 818.021 0.206429 234976 0.108116 0.989153
0.003925 2061.7 0.0929576 234976 0.0282326 0.391192
0.002295 1639.84 0.138533 234976 0.0925835 0.492669
0.004275 2059.07 0.088753 234976 0.0150099 0.391453
0.007245 364.641 0.232901 234976 0.0118897 2.23595
3.5e-05 692.279 0.215558 234976 0.101107 1.16969
0.002665 1803.32 0.124093 234976 0.0806495 0.447967
0.004485 2050.89 0.0877451 234976 0.00719386 0.39295
0.002935 1898.47 0.115021 234976 0.0708209 0.42546
0.005485 1351.01 0.134163 234977 -0.0638733 0.595997
0.003395 2014.22 0.102713 234976 0.0514205 0.400819
0.000685 821.781 0.206149 234976 0.10824 0.98461
0.003585 2040.98 0.098736 234976 0.042929 0.395438
0.003935 2061.9 0.0928108 234976 0.0278299 0.391146
0.002305 1644.55 0.138116 234976 0.0922773 0.491259
0.004285 2058.76 0.0886698 234976 0.014652 0.391506
0.007255 364.653 0.232903 234976 0.0116309 2.23588
4.5e-05 692.461 0.215546 234976 0.101131 1.16938
0.002675 1807.33 0.123734 234976 0.0803268 0.446971
0.002945 1901.71 0.114711 234976 0.0704241 0.424733
0.004495 2050.39 0.0877452 234976 0.00678983 0.393044
0.005495 1334.76 0.135096 234977 -0.0629116 0.603248
0.003405 2016.01 0.102488 234976 0.050979 0.400457
0.000695 825.586 0.205865 234976 0.108363 0.980054
0.003595 2042.05 0.0985428 234976 0.0424813 0.395224
0.003945 2062.09 0.0926654 234976 0.0274292 0.391102
0.002315 1649.24 0.137701 234976 0.0919696 0.489861
0.004295 2058.45 0.0885893 234976 0.014294 0.391561
0.007265 364.659 0.232904 234976 0.0113572 2.23584
5.5e-05 692.691 0.21553 234976 0.10116 1.16899
0.002685 1811.32 0.123376 234976 0.0800107 0.445983
0.002955 1904.93 0.114402 234976 0.0700262 0.424012
0.005505 1318.52 0.136021 234977 -0.0618495 0.610677
0.003415 2017.78 0.102265 234976 0.0505373 0.400099
0.004505 2049.89 0.0877507 234977 0.00639229 0.39314
0.000705 829.438 0.205577 234976 0.108485 0.975486
0.003605 2043.1 0.098351 234976 0.0420341 0.395012
0.003955 2062.27 0.0925214 234976 0.0270305 0.39106
0.002325 1653.91 0.137287 234976 0.0916604 0.488476
0.000325 719.733 0.213612 234976 0.103499 1.12485
0.004305 2058.13 0.0885119 234976 0.0139358 0.391618
0.007275 364.659 0.232905 234976 0.0110865 2.23585
6.5e-05 692.971 0.21551 234976 0.101195 1.16852
0.002695 1815.11 0.12302 234976 0.0796693 0.445052
0.002965 1908.14 0.114096 234976 0.0696274 0.423297
0.005515 1302.3 0.136934 234977 -0.0603313 0.618284
0.003425 2019.54 0.102045 234976 0.0500953 0.399745
0.004515 2049.68 0.0877618 234976 0.00595831 0.393177
0.000715 833.334 0.205285 234976 0.108605 0.970907
0.003615 2044.14 0.0981608 234976 0.0415875 0.394804
0.003965 2062.43 0.0923786 234976 0.0266337 0.391021
0.002335 1658.57 0.136874 234976 0.0913496 0.487104
0.000335 721.562 0.213481 234976 0.103623 1.12199
0.004315 2057.8 0.0884374 234976 0.0135772 0.391676
0.007285 364.653 0.232906 234976 0.0108002 2.23589
7.5e-05 693.301 0.215487 234976 0.101235 1.16796
0.002705 1818.88 0.122666 234976 0.0793327 0.444129
0.002975 1911.32 0.113792 234976 0.0692278 0.422588
0.005525 1286.12 0.13784 234978 -0.0630326 0.626069
0.003435 2021.28 0.101825 234976 0.0496531 0.399395
0.004525 2049.46 0.0877787 234976 0.0055286 0.393217
0.000725 837.274 0.20499 234976 0.108724 0.96632
0.003625 2045.16 0.097972 234976 0.0411415 0.3946
0.003975 2062.59 0.0922372 234976 0.0262387 0.390984
0.002345 1663.21 0.136462 234976 0.0910374 0.485744
0.004325 2057.47 0.0883661 234976 0.0132179 0.391736
0.000345 723.451 0.213346 234976 0.103748 1.11904
0.007295 364.641 0.232907 234976 0.0105322 2.23597
8.5e-05 693.681 0.21546 234976 0.10128 1.16731
0.002715 1822.63 0.122314 234976 0.0789954 0.443213
0.002985 1914.49 0.113489 234976 0.0688276 0.421885
0.005535 1270.18 0.139357 234977 -0.0656713 0.633929
0.003445 2023 0.101608 234976 0.0492108 0.399049
0.004535 2049.24 0.0878013 234976 0.00508866 0.39326
0.000735 841.259 0.204691 234976 0.108841 0.961727
0.003635 2046.16 0.0977848 234976 0.0406962 0.394399
0.002355 1667.83 0.136052 234976 0.0907237 0.484396
0.003985 2062.73 0.0920972 234976 0.0258455 0.390949
0.004335 2057.12 0.0882981 234976 0.0128577 0.391797
0.000355 725.4 0.213206 234976 0.103874 1.11602
0.007305 364.623 0.232908 234976 0.0102436 2.23608
9.5e-05 694.114 0.21543 234976 0.101331 1.16658
0.002725 1826.37 0.121963 234976 0.0786565 0.442303
0.002995 1917.65 0.113189 234976 0.0684269 0.421188
0.005545 1254.3 0.140864 234977 -0.0638299 0.641962
0.004545 2048.99 0.08783 234976 0.00463736 0.393306
0.003455 2024.7 0.101392 234976 0.0487682 0.398706
0.000745 845.286 0.204389 234976 0.108956 0.957127
0.003645 2047.15 0.097599 234976 0.0402516 0.394201
0.002365 1672.44 0.135643 234976 0.0904086 0.483059
0.003995 2062.86 0.0919585 234976 0.0254539 0.390917
0.004345 2056.77 0.0882334 234976 0.0124965 0.391861
0.000365 727.41 0.213062 234976 0.104001 1.11293
0.007315 364.665 0.232909 234976 0.00993301 2.23583
0.000105 694.599 0.215396 234976 0.101386 1.16576
0.002735 1830.1 0.121614 234976 0.0783175 0.441401
0.003005 1920.78 0.11289 234976 0.0680258 0.420497
0.005555 1238.47 0.142357 234977 -0.0623084 0.650172
0.004555 2048.73 0.0878649 234976 0.00417444 0.393355
0.003465 2026.39 0.101178 234976 0.0483274 0.398368
0.000755 849.356 0.204083 234976 0.10907 0.952524
0.003655 2048.12 0.0974147 234976 0.0398077 0.394006
0.002375 1677.04 0.135236 234976 0.090092 0.481735
0.004005 2062.98 0.0918213 234976 0.0250638 0.390886
0.004355 2056.41 0.0881721 234976 0.012134 0.391926
0.000375 729.48 0.212913 234976 0.10413 1.10975
0.007325 364.702 0.232909 234976 0.00965271 2.23561
0.000115 695.138 0.215358 234976 0.101446 1.16485
0.002745 1833.8 0.121268 234976 0.0779837 0.440506
0.003015 1923.9 0.112593 234976 0.0676244 0.419812
0.005565 1222.71 0.143839 234977 -0.0607946 0.658567
0.004565 2048.45 0.087906 234976 0.00369954 0.393408
0.003475 2028.05 0.100966 234975 0.0478953 0.398033
0.003665 2049.08 0.0972319 234976 0.0393646 0.393815
0.000765 853.467 0.203773 234976 0.109182 0.947918
0.002385 1681.61 0.13483 234976 0.0897741 0.480423
0.004015 2063.09 0.0916854 234976 0.0246752 0.390858
0.004365 2056.04 0.0881145 234976 0.0117699 0.391993
0.007335 364.733 0.23291 234976 0.00935731 2.23542
0.000125 695.731 0.215316 234976 0.101511 1.16386
0.002755 1837.35 0.120922 234976 0.0776246 0.439655
0.000385 731.609 0.21276 234976 0.10426 1.10651
0.003025 1927.01 0.112298 234976 0.0672245 0.419133
0.005575 1207 0.145309 234977 -0.0587171 0.667153
0.004575 2048.16 0.0879537 234976 0.00321232 0.393464
0.003485 2029.32 0.100755 234976 0.047432 0.397779
0.003675 2050.01 0.0970505 234976 0.0389223 0.393627
0.000775 857.62 0.20346 234976 0.109293 0.943312
0.002395 1686.18 0.134426 234976 0.0894549 0.479122
0.004025 2063.18 0.0915509 234976 0.0242879 0.390832
0.004375 2055.66 0.0880605 234976 0.0114041 0.392062
0.007345 364.758 0.232911 234976 0.00906288 2.23527
0.002765 1840.88 0.120579 234976 0.0772691 0.43881
0.000135 696.379 0.215271 234976 0.10158 1.16277
0.000395 733.799 0.212602 234976 0.104391 1.10319
0.003035 1930.08 0.112005 234975 0.0668323 0.41846
0.005585 1191.35 0.146769 234974 -0.0590085 0.675926
0.004585 2047.84 0.0880079 234976 0.00271239 0.393524
0.003495 2030.56 0.100546 234976 0.0469792 0.397529
0.003685 2050.94 0.0968706 234976 0.0384808 0.393442
0.000785 861.812 0.203143 234976 0.109401 0.938705
0.002405 1690.72 0.134023 234976 0.0891343 0.477833
0.004035 2063.27 0.0914179 234976 0.0239019 0.390808
0.004385 2055.28 0.0880103 234976 0.0110363 0.392132
0.007355 364.778 0.232911 234976 0.00877021 2.23515
0.002775 1844.39 0.120237 234976 0.0769112 0.437973
0.000145 697.083 0.215221 234976 0.101653 1.16159
0.000405 736.048 0.21244 234976 0.104522 1.0998
0.003045 1932.87 0.111714 234976 0.0664105 0.417854
0.005595 1175.75 0.148219 234977 -0.0558258 0.684921
0.004595 2047.51 0.088069 234976 0.00219939 0.393588
0.003505 2031.79 0.100338 234976 0.0465278 0.397283
0.003695 2051.84 0.096692 234976 0.0380401 0.39326
0.002415 1695.25 0.133621 234976 0.0888125 0.476555
0.000795 866.045 0.202823 234976 0.109508 0.934101
0.004045 2063.34 0.0912864 234976 0.0235169 0.390786
0.004395 2054.88 0.087964 234976 0.0106662 0.392205
0.002785 1847.89 0.119897 234976 0.0765501 0.437141
0.000155 697.843 0.215167 234976 0.10173 1.16032
0.003055 1935.64 0.111425 234976 0.0659959 0.417253
0.000415 738.356 0.212274 234976 0.104655 1.09635
0.005605 1160.2 0.149662 234977 -0.0550013 0.694118
0.004605 2047.15 0.088137 234976 0.00167294 0.393657
0.004805 2033.21 0.091191 234976 -0.0123733 0.39635
0.004615 2046.77 0.0882121 234976 0.00113263 0.39373
0.006725 369.41 0.232115 234976 0.0244873 2.20562
0.004625 2046.36 0.0882944 234976 0.000578058 0.393808
0.004815 2032.05 0.0914396 234976 -0.0132925 0.396577
0.001925 1455.55 0.154722 234976 0.102479 0.555104
0.006735 369.087 0.232167 234976 0.0243049 2.20763
0.004635 2045.93 0.0883842 234976 8.82013e-06 0.393891
0.004825 2030.83 0.0916983 234976 -0.0142369 0.396815
0.001935 1460.77 0.154269 234976 0.102167 0.553118
0.006745 368.777 0.232216 234976 0.0241074 2.20956
0.004645 2045.47 0.0884815 234976 -0.000575509 0.393979
0.004835 2029.54 0.0919671 234976 -0.0152075 0.397065
0.001605 1283.62 0.169403 234976 0.10894 0.629563
0.001945 1465.98 0.153817 234976 0.101877 0.551151
0.006755 368.479 0.232262 234976 0.0239041 2.21141
0.004655 2044.98 0.0885866 234976 -0.00117537 0.394073
0.004845 2028.2 0.0922463 234976 -0.0162047 0.397328
0.001615 1289.09 0.168943 234976 0.108804 0.626884
0.001955 1471.17 0.153365 234976 0.101612 0.549202
0.005125 1881.64 0.104588 234976 -0.0533145 0.428174
0.006765 368.192 0.232305 234976 0.0236991 2.2132
0.004665 2044.47 0.0886995 234976 -0.00179119 0.394172
0.004855 2026.78 0.092536 234976 -0.0172295 0.397604
0.001625 1294.56 0.168483 234976 0.108666 0.62423
0.001965 1476.36 0.152914 234976 0.101373 0.547272
0.006775 367.915 0.232345 234976 0.0234929 2.21493
0.005135 1869.18 0.105206 234976 -0.0545273 0.431021
0.004865 2025.3 0.0928361 234976 -0.0182826 0.397894
0.004675 2043.92 0.0888205 234976 -0.00242345 0.394278
0.001975 1481.53 0.152464 234976 0.101155 0.545359
0.001635 1300.03 0.168022 234976 0.108524 0.6216
0.006785 367.647 0.232383 234976 0.023284 2.21661
0.005145 1856.57 0.105837 234976 -0.0557058 0.433942
0.004875 2023.74 0.0931469 234976 -0.0193646 0.398198
0.004685 2043.34 0.0889496 234976 -0.0030726 0.39439
0.001985 1486.69 0.152014 234976 0.100953 0.543464
0.001645 1305.49 0.167562 234976 0.108379 0.618995
0.006795 367.386 0.232419 234976 0.0230712 2.21824
0.005155 1843.81 0.106481 234976 -0.0568481 0.436939
0.006405 405.065 0.227338 234976 0.0263832 2.00698
0.001995 1491.84 0.151565 234976 0.100758 0.541587
0.004695 2042.72 0.0890871 234976 -0.00373913 0.394508
0.004885 2022.12 0.0934683 234976 -0.0204764 0.398517
0.001655 1310.95 0.167101 234976 0.108231 0.616414
0.006805 367.132 0.232452 234976 0.0228562 2.21983
0.005165 1830.89 0.107139 234976 -0.0579527 0.440015
0.001285 1108.5 0.183833 234976 0.111589 0.72924
0.002005 1496.97 0.151117 234976 0.100562 0.539728
0.004705 2042.07 0.0892331 234976 -0.00442354 0.394634
0.004895 2020.41 0.0938006 234976 -0.0216185 0.398852
0.001665 1316.41 0.166641 234976 0.10808 0.613856
0.006415 402.645 0.227632 234977 0.0265387 2.01927
0.006815 366.884 0.232483 234976 0.0226343 2.22139
0.005175 1817.82 0.107809 234976 -0.0590178 0.443171
0.002015 1502.1 0.150669 234976 0.100359 0.537885
0.004715 2041.38 0.0893877 234976 -0.00512635 0.394767
0.001295 1113.9 0.183396 234976 0.111557 0.725694
0.004905 2018.62 0.0941437 234976 -0.0227917 0.399203
0.001675 1321.85 0.16618 234976 0.107925 0.611322
0.006425 400.568 0.227913 234976 0.0266621 2.02995
0.006825 366.726 0.232512 234976 0.0224111 2.2224
0.005185 1804.6 0.108494 234976 -0.0600418 0.446411
0.002025 1507.21 0.150223 234976 0.100143 0.53606
0.004725 2040.66 0.0895511 234976 -0.00584807 0.394907
0.004915 2016.75 0.0944977 234976 -0.0239967 0.399572
0.001305 1119.32 0.182958 234976 0.111521 0.722177
0.001685 1327.3 0.165719 234976 0.107768 0.608812
0.006435 398.576 0.228182 234976 0.0267823 2.04031
0.006835 366.574 0.23254 234976 0.0221911 2.22337
0.005195 1791.22 0.109191 234976 -0.0610227 0.449736
0.002035 1512.3 0.149777 234976 0.099914 0.534252
0.004735 2039.89 0.0897234 234976 -0.00658927 0.395056
0.004925 2014.8 0.0948628 234976 -0.0252339 0.399957
0.001315 1124.74 0.182519 234976 0.111482 0.718688
0.001695 1332.73 0.165258 234976 0.107608 0.606325
0.006445 396.665 0.228437 234976 0.0268835 2.05035
0.006845 366.427 0.232566 234976 0.0219658 2.22431
0.005205 1777.7 0.109902 234976 -0.061959 0.453149
0.002045 1517.39 0.149332 234976 0.0996717 0.532461
0.004745 2039.08 0.0899047 234976 -0.00735052 0.395213
0.004935 2012.75 0.0952389 234976 -0.026504 0.400361
0.001325 1130.17 0.182078 234976 0.11144 0.715227
0.001705 1338.16 0.164798 234976 0.107445 0.603861
0.006455 394.831 0.228681 234976 0.0269667 2.06007
0.006855 366.283 0.23259 234976 0.0217379 2.22522
0.006085 561.276 0.208821 234977 0.00840912 1.44181
0.005215 1764.03 0.110625 234976 -0.0628488 0.456651
0.002055 1522.46 0.148888 234976 0.0994185 0.530686
0.004755 2038.22 0.0900953 234976 -0.00813239 0.395378
0.004945 2010.61 0.0956261 234976 -0.0278075 0.400784
0.001335 1135.6 0.181637 234976 0.111394 0.711795
0.001715 1343.59 0.164337 234976 0.107278 0.60142
0.006465 393.071 0.228914 234976 0.0270321 2.0695
0.006865 366.143 0.232612 234976 0.0215072 2.22612
0.005225 1750.22 0.111362 234976 -0.0636905 0.460247
0.006095 553.55 0.209702 234977 0.00935066 1.46216
0.002065 1527.51 0.148445 234976 0.099157 0.528928
0.004765 2037.32 0.0902952 234976 -0.00893551 0.395553
0.004955 2008.38 0.0960245 234976 -0.0291448 0.401227
0.001345 1141.04 0.181194 234976 0.111345 0.708392
0.006475 391.38 0.229135 234976 0.02708 2.07863
0.001725 1349 0.163876 234976 0.107109 0.599001
0.005765 919.537 0.171896 234978 -0.0325499 0.876562
0.006875 366.005 0.232633 234976 0.0212738 2.227
0.005235 1736.26 0.112112 234976 -0.0644822 0.463938
0.006105 545.981 0.210564 234977 0.010272 1.48266
0.002075 1532.55 0.148002 234976 0.0988902 0.527186
0.004775 2036.37 0.0905046 234976 -0.0097605 0.395737
0.004965 2006.05 0.0964342 234976 -0.0305163 0.401691
0.006485 389.755 0.229346 234976 0.0271111 2.08748
0.001355 1146.49 0.18075 234976 0.111293 0.705017
0.001735 1354.41 0.163416 234976 0.106937 0.596605
0.005775 905.06 0.173235 234978 -0.0311354 0.890655
0.006885 365.868 0.232653 234976 0.0210378 2.22787
0.005245 1722.17 0.112875 234976 -0.0652224 0.467727
0.006115 538.572 0.211405 234977 0.0111678 1.50329
0.002085 1537.58 0.147561 234976 0.0986203 0.52546
0.004785 2035.37 0.0907236 234976 -0.010608 0.395931
0.006495 388.193 0.229546 234976 0.027126 2.09607
0.004975 2003.61 0.096855 234976 -0.0319222 0.402176
0.001365 1151.95 0.180305 234976 0.111233 0.701671
0.001745 1359.82 0.162956 234976 0.106761 0.594231
0.005785 890.659 0.174567 234978 -0.0297199 0.905133
0.006895 365.733 0.232671 234976 0.0207989 2.22873
0.005255 1707.93 0.11365 234976 -0.0659093 0.471616
0.006125 531.319 0.212227 234977 0.0120358 1.52406
0.002095 1542.6 0.14712 234976 0.0983486 0.523751
0.004795 2034.32 0.0909524 234976 -0.0114787 0.396135
0.006505 386.689 0.229737 234976 0.0271253 2.1044
0.004985 2001.07 0.0972872 234976 -0.0333627 0.402683
0.001375 1157.41 0.179859 234976 0.111185 0.698353
0.001755 1365.21 0.162495 234976 0.106583 0.59188
0.005795 876.335 0.175892 234978 -0.0283027 0.920009
0.000965 943.428 0.196898 234976 0.110982 0.85723
0.005805 862.09 0.177209 234978 -0.0268832 0.935296
0.003515 2033 0.100132 234976 0.0460766 0.39704
0.005815 847.925 0.178518 234978 -0.0253723 0.95101
0.000975 948.262 0.196523 234976 0.111047 0.852847
0.002425 1699.77 0.133221 234976 0.0884895 0.475288
0.003705 2052.73 0.0965149 234976 0.0376003 0.393082
0.002435 1704.27 0.132822 234976 0.0881653 0.474032
0.000805 870.317 0.2025 234976 0.109612 0.9295
0.003715 2053.61 0.0963392 234976 0.0371614 0.392907
0.002445 1708.75 0.132425 234976 0.0878401 0.472788
0.000425 740.724 0.212103 234976 0.104788 1.09283
0.003725 2054.46 0.0961649 234976 0.0367255 0.392735
0.000815 874.627 0.202173 234976 0.109715 0.924903
0.002455 1713.21 0.132029 234976 0.0875139 0.471554
0.000435 743.151 0.211927 234976 0.104921 1.08925
0.003735 2055.3 0.095992 234975 0.0363 0.392565
0.000825 878.975 0.201843 234976 0.109815 0.920311
0.002465 1717.67 0.131635 234976 0.0871867 0.470331
0.003745 2055.78 0.0958205 234976 0.0358453 0.392468
0.000445 745.636 0.211747 234976 0.105056 1.0856
0.000835 883.359 0.201509 234976 0.109914 0.915727
0.002475 1722.1 0.131243 234976 0.0868588 0.469119
0.005615 1144.72 0.151097 234977 -0.0535895 0.703533
0.003755 2056.23 0.0956503 234976 0.0354045 0.392373
0.000455 748.179 0.211563 234976 0.10519 1.08189
0.000845 887.781 0.201173 234976 0.11001 0.91115
0.002485 1726.52 0.130852 234976 0.0865301 0.467917
0.003765 2056.67 0.0954814 234976 0.0349663 0.392281
0.000465 750.78 0.211374 234976 0.105326 1.07813
0.005625 1129.28 0.152524 234977 -0.0521979 0.713173
0.000855 892.237 0.200833 234976 0.110104 0.906583
0.002495 1730.92 0.130462 234976 0.0862008 0.466726
0.003775 2057.09 0.0953139 234976 0.03453 0.392192
0.004055 2063.41 0.0911564 234976 0.023136 0.390766
0.000475 753.439 0.211181 234976 0.105461 1.07431
0.002505 1735.31 0.130075 234976 0.0858711 0.465545
0.005635 1113.91 0.153945 234977 -0.0508023 0.723046
0.000865 896.729 0.20049 234976 0.110196 0.902026
0.003785 2057.5 0.0951477 234976 0.0340956 0.392107
0.004065 2063.46 0.0910278 234975 0.0227645 0.390748
0.000485 756.155 0.210984 234976 0.105597 1.07043
0.002515 1739.68 0.129688 234976 0.0855409 0.464374
0.005645 1098.58 0.15536 234978 -0.0494061 0.733161
0.003795 2057.89 0.0949828 234976 0.0336631 0.392024
0.000875 901.256 0.200144 234976 0.110286 0.89748
0.004075 2063.35 0.0909009 234976 0.022367 0.390763
0.004405 2054.48 0.0879218 234976 0.0102937 0.392279
0.002525 1744.04 0.129304 234976 0.0852106 0.463213
0.003805 2058.27 0.0948192 234976 0.0332327 0.391943
0.000495 758.928 0.210782 234976 0.105733 1.0665
0.005655 1083.32 0.156769 234978 -0.0480088 0.743524
0.000885 905.816 0.199795 234976 0.110373 0.892947
0.004085 2063.22 0.0907755 234976 0.0219856 0.390779
0.002535 1748.38 0.128921 234976 0.0848802 0.462062
0.004415 2054.06 0.0878837 234976 0.00991845 0.392356
0.002795 1851.37 0.119559 234976 0.0761858 0.436317
0.003815 2058.63 0.0946569 234976 0.0328043 0.391866
0.000505 761.757 0.210576 234976 0.105868 1.06252
0.000895 910.409 0.199443 234976 0.110458 0.888426
0.005665 1068.11 0.158172 234978 -0.0466109 0.754145
0.004095 2063.09 0.0906517 234976 0.0216058 0.390798
0.002545 1752.7 0.128539 234976 0.0845498 0.46092
0.004425 2053.64 0.0878499 234976 0.00954022 0.392434
0.003825 2058.98 0.094496 234976 0.0323779 0.391792
0.002805 1854.84 0.119223 234976 0.0758184 0.435499
0.000515 764.642 0.210366 234976 0.106004 1.0585
0.000905 915.034 0.199088 234976 0.11054 0.88392
0.004105 2062.94 0.0905296 234976 0.0212276 0.390818
0.005675 1052.97 0.159569 234978 -0.0452125 0.765032
0.002555 1757.01 0.128159 234976 0.0842197 0.459789
0.004435 2053.21 0.0878206 234976 0.00915876 0.392514
0.003835 2059.31 0.0943363 234976 0.0319537 0.39172
0.003065 1938.39 0.111138 234976 0.0655811 0.416658
0.002815 1858.29 0.118889 234976 0.075448 0.434688
0.000165 698.659 0.21511 234976 0.101811 1.15895
0.006905 365.598 0.232689 234976 0.0205621 2.22959
0.000175 699.532 0.215048 234976 0.101895 1.1575
0.005265 1693.56 0.114438 234976 -0.0665414 0.475609
0.006915 365.462 0.232705 234976 0.0203147 2.23045
0.000185 700.464 0.214982 234976 0.101983 1.15595
0.006135 524.221 0.213028 234977 0.0128754 1.54493
0.005275 1679.06 0.115238 234976 -0.067117 0.479709
0.006925 365.402 0.23272 234976 0.0200669 2.23084
0.001385 1162.88 0.179412 234976 0.11053 0.695063
0.000195 701.453 0.214912 234976 0.102075 1.15431
0.005285 1664.42 0.116051 234976 -0.0676345 0.483917
0.006145 517.276 0.213808 234977 0.0136885 1.56592
0.002105 1547.6 0.146681 234976 0.0980761 0.522057
0.006935 365.342 0.232734 234976 0.0198275 2.23124
0.000205 702.501 0.214838 234976 0.102169 1.15258
0.006515 385.24 0.229918 234976 0.027115 2.11249
0.005295 1649.66 0.116875 234976 -0.0680925 0.488238
0.001395 1168.35 0.178964 234979 0.112224 0.691809
0.006155 510.484 0.214569 234977 0.0145025 1.58701
0.002115 1552.59 0.146242 234976 0.0978027 0.520379
0.004995 1998.43 0.0977307 234976 -0.0348381 0.403214
0.006945 365.28 0.232747 234976 0.0195816 2.23165
0.000215 703.607 0.21476 234976 0.102267 1.15076
0.005305 1634.77 0.117711 234976 -0.0684895 0.492674
0.001765 1370.6 0.162035 234976 0.106402 0.58955
0.006525 384.032 0.230089 234976 0.0270896 2.1193
0.001405 1173.82 0.178516 234976 0.110396 0.688567
0.006165 503.853 0.215309 234977 0.0154454 1.60814
0.002125 1557.56 0.145805 234976 0.0975282 0.518716
0.006955 365.217 0.232759 234976 0.0193352 2.23206
0.005005 1995.66 0.0981854 234976 -0.0363482 0.403768
0.000225 704.773 0.214677 234976 0.102367 1.14885
0.005315 1619.77 0.118559 234976 -0.068824 0.497228
0.001775 1375.98 0.161576 234976 0.106218 0.587242
0.006535 382.878 0.230252 234976 0.0270603 2.12585
0.001415 1179.3 0.178066 234976 0.110919 0.685361
0.006175 497.462 0.216029 234977 0.0172849 1.62906
0.002135 1562.52 0.145368 234976 0.0972522 0.517068
0.006965 365.152 0.23277 234976 0.0190893 2.23248
0.005015 1992.79 0.0986516 234976 -0.037893 0.404348
0.005325 1604.65 0.119417 234976 -0.0690949 0.501904
0.000235 705.999 0.21459 234976 0.10247 1.14684
0.001785 1381.35 0.161116 234976 0.106032 0.584956
0.001425 1184.79 0.177616 234976 0.110832 0.682182
0.006545 381.774 0.230407 234976 0.0270183 2.13216
0.006185 491.535 0.216729 234977 0.0181793 1.64896
0.006975 365.086 0.232781 234976 0.0188452 2.23291
0.002145 1567.46 0.144932 234976 0.0969745 0.515436
0.005025 1989.79 0.099129 234976 -0.0394691 0.404953
0.005335 1589.41 0.120286 234976 -0.069301 0.506705
0.001795 1386.71 0.160657 234976 0.105844 0.582691
0.000245 707.284 0.214499 234976 0.102576 1.14475
0.001435 1190.27 0.177164 234976 0.110759 0.679032
0.006195 486.07 0.217408 234977 0.0179737 1.66775
0.006555 380.717 0.230554 234976 0.0269644 2.13823
0.006985 365.019 0.232791 234976 0.0186035 2.23334
0.002155 1572.39 0.144498 234976 0.0966948 0.513819
0.005345 1574.07 0.121166 234976 -0.0694411 0.511634
0.005035 1986.47 0.0996175 234952 -0.0410708 0.405585
0.001805 1392.07 0.160198 234976 0.105652 0.580447
0.000255 708.629 0.214404 234976 0.102684 1.14256
0.001445 1195.76 0.176712 234976 0.110678 0.675909
0.006205 480.688 0.218067 234977 0.0185141 1.68669
0.006995 364.953 0.2328 234976 0.0183614 2.23377
0.006565 379.705 0.230693 234976 0.0268986 2.14407
0.002165 1577.31 0.144064 234976 0.0964131 0.512216
0.005355 1558.63 0.122055 234976 -0.0695136 0.516694
0.005045 1975.63 0.100118 234976 -0.0425692 0.407847
0.001815 1397.41 0.159739 234976 0.105458 0.578224
0.000265 710.034 0.214304 234976 0.102794 1.14029
0.001455 1201.25 0.17626 234976 0.110593 0.672813
0.006215 475.449 0.218705 234977 0.0191289 1.70553
0.007005 364.885 0.232808 234976 0.0181268 2.2342
0.006575 378.736 0.230824 234976 0.0268225 2.14971
0.005365 1543.08 0.122953 234976 -0.0695166 0.521889
0.002175 1582.21 0.143632 234976 0.0961293 0.510629
0.005055 1964.43 0.100632 234976 -0.0439865 0.410167
0.001825 1402.75 0.159281 234976 0.105258 0.576022
0.000275 711.499 0.214199 234976 0.102907 1.13793
0.001465 1206.74 0.175806 234976 0.110505 0.669745
0.006225 470.36 0.219323 234977 0.0197388 1.72425
0.007015 364.815 0.232816 234976 0.0178622 2.23465
0.006585 377.806 0.230949 234976 0.0267385 2.15514
0.002185 1587.09 0.143201 234976 0.0958435 0.509056
0.005375 1527.45 0.12386 234977 -0.0694471 0.527223
0.001835 1408.07 0.158823 234976 0.10505 0.573841
0.005065 1953.08 0.101158 234976 -0.0453991 0.412547
0.000285 713.025 0.214091 234976 0.103022 1.13549
0.001475 1212.24 0.175352 234976 0.110414 0.666703
0.006235 465.42 0.219922 234977 0.0203251 1.74281
0.007025 364.812 0.232824 234976 0.0175975 2.23468
0.006595 376.913 0.231067 234976 0.0266477 2.16038
0.002195 1591.97 0.14277 234976 0.0955557 0.507497
0.005385 1511.72 0.124776 234977 -0.0693021 0.532698
0.001845 1413.39 0.158365 234976 0.104831 0.57168
0.005075 1941.56 0.101697 234976 -0.0467872 0.414988
0.000295 714.611 0.213978 234976 0.103138 1.13295
0.001485 1217.73 0.174897 234976 0.11032 0.663689
0.007035 364.804 0.232831 234976 0.0173347 2.23475
0.006245 460.627 0.220501 234977 0.0208862 1.7612
0.006605 376.054 0.231178 234976 0.026548 2.16544
0.002205 1596.82 0.142341 234976 0.0952662 0.505953
0.005395 1495.91 0.125698 234977 -0.0690787 0.538319
0.001855 1418.69 0.157908 234976 0.104597 0.569539
0.005825 833.857 0.179818 234981 -0.0236344 0.967161
0.001865 1423.99 0.157452 234976 0.104344 0.567418
0.000985 953.122 0.196146 234976 0.111109 0.848484
0.005835 821.489 0.181109 234978 -0.0226517 0.981808
0.001875 1429.28 0.156995 234976 0.10407 0.565317
0.000525 767.583 0.210151 234976 0.10614 1.05443
0.005845 809.25 0.18239 234978 -0.0212879 0.99676
0.004115 2062.79 0.0904092 234976 0.020851 0.390841
0.000995 958.009 0.195767 234976 0.111168 0.844142
0.001885 1434.55 0.15654 234976 0.103775 0.563236
0.000535 770.578 0.209932 234976 0.106276 1.05031
0.000915 919.691 0.19873 234976 0.11062 0.879429
0.005855 797.131 0.183659 234978 -0.0199356 1.01202
0.004125 2062.62 0.0902904 234976 0.020476 0.390865
0.001895 1439.82 0.156084 234976 0.103462 0.561174
0.001005 962.922 0.195384 234976 0.111224 0.839822
0.000545 773.629 0.209708 234976 0.106411 1.04615
0.000925 924.379 0.198369 234976 0.110698 0.874954
0.005865 785.134 0.184916 234978 -0.0185845 1.0276
0.004135 2062.45 0.0901735 234976 0.0201025 0.390892
0.005685 1037.88 0.160962 234978 -0.0438135 0.776193
0.001905 1445.07 0.15563 234976 0.103136 0.559132
0.000555 776.734 0.209481 234976 0.106546 1.04195
0.001015 967.859 0.195 234976 0.111278 0.835524
0.000935 929.098 0.198006 234976 0.110773 0.870496
0.005875 773.26 0.186161 234978 -0.0172406 1.0435
0.004145 2062.26 0.0900583 234976 0.0197306 0.39092
0.001915 1450.32 0.155176 234976 0.102805 0.557108
0.005695 1022.86 0.162348 234978 -0.0424134 0.787639
0.000565 779.892 0.209249 234976 0.106681 1.03771
0.004155 2062.07 0.0899451 234976 0.0193602 0.39095
0.000945 933.846 0.197639 234976 0.110845 0.866056
0.005885 761.513 0.187394 234978 -0.0159049 1.05972
0.001025 972.822 0.194613 234976 0.111328 0.831248
0.000575 783.103 0.209013 234976 0.106815 1.03344
0.005705 1007.9 0.163729 234978 -0.0410115 0.799379
0.000955 938.623 0.19727 234976 0.110915 0.861633
0.005895 749.893 0.188614 234978 -0.0145785 1.07627
0.000585 786.367 0.208773 234976 0.106949 1.02913
0.001035 977.808 0.194223 234976 0.111376 0.826996
0.005715 992.998 0.165105 234978 -0.0395999 0.811422
0.005905 738.403 0.18982 234978 -0.0132624 1.09315
0.000595 789.683 0.208529 234976 0.107082 1.02479
0.001045 982.818 0.193831 234976 0.111421 0.822768
0.005725 978.168 0.166475 234978 -0.0381908 0.823778
0.005915 727.043 0.191012 234978 -0.0119578 1.11036
0.000605 793.051 0.20828 234976 0.107214 1.02042
0.004445 2052.77 0.0877958 234976 0.00877382 0.392597
0.003075 1941.12 0.110853 234976 0.0651652 0.416068
0.000615 796.47 0.208028 234976 0.107346 1.01603
0.004455 2052.31 0.0877757 234976 0.00838513 0.392682
0.002825 1861.73 0.118556 234976 0.0750749 0.433883
0.000625 799.939 0.207771 234976 0.107477 1.0116
0.003085 1943.84 0.110569 234976 0.0647482 0.415484
0.004465 2051.85 0.0877605 234976 0.00799243 0.392769
0.005085 1929.89 0.102249 234976 -0.0481496 0.417492
0.002835 1865.15 0.118226 234976 0.074699 0.433085
0.000635 803.458 0.207511 234976 0.107607 1.00715
0.003095 1946.53 0.110288 234976 0.0643302 0.414904
0.004475 2051.37 0.0877502 234976 0.00759545 0.392858
0.005095 1918.06 0.102814 234976 -0.0494849 0.420061
0.001495 1223.23 0.174442 234976 0.110222 0.660701
0.000305 716.258 0.21386 234976 0.103257 1.13034
0.002215 1601.66 0.141913 234976 0.0949749 0.504422
0.001505 1228.72 0.173986 234976 0.110122 0.657741
0.006255 455.977 0.22106 234977 0.0214212 1.77942
0.000315 717.966 0.213738 234976 0.103377 1.12763
0.001515 1234.22 0.17353 234976 0.110018 0.654806
0.002225 1606.49 0.141487 234976 0.0946818 0.502906
0.006615 375.227 0.231284 234976 0.02643 2.17034
0.005405 1480.03 0.126627 234977 -0.0687758 0.544088
0.005925 715.816 0.192191 234978 -0.0106658 1.12792
0.005415 1464.07 0.127561 234977 -0.0683944 0.550009
0.001055 987.85 0.193437 234976 0.111463 0.818564
0.005935 704.723 0.193355 234978 -0.00938733 1.14583
0.005735 963.405 0.16784 234978 -0.0367837 0.836459
0.005425 1448.05 0.128501 234977 -0.0679389 0.556086
0.005945 693.764 0.194504 234978 -0.00812347 1.16408
0.001065 992.904 0.19304 234976 0.111502 0.814385
0.005435 1431.97 0.129443 234977 -0.0674158 0.562323
0.005745 948.711 0.169198 234978 -0.0353743 0.849476
0.005955 682.941 0.195637 234978 -0.00687458 1.18269
0.001075 997.98 0.192642 234976 0.111539 0.81023
0.005755 934.088 0.17055 234978 -0.033963 0.862839
0.002845 1868.56 0.117897 234976 0.0743206 0.432293
0.003105 1949.21 0.110008 234976 0.0639113 0.41433
0.002855 1871.95 0.11757 234976 0.0739398 0.431508
0.003115 1951.87 0.10973 234976 0.0634916 0.413761
0.005105 1906.08 0.103392 234976 -0.0507917 0.422696
0.002865 1875.32 0.117245 234976 0.0735566 0.43073
0.006265 451.469 0.2216 234977 0.0219291 1.79746
0.003125 1954.52 0.109454 234976 0.0630711 0.413197
0.005115 1893.94 0.103984 234976 -0.0520688 0.4254
0.002875 1878.68 0.116921 234976 0.0731713 0.429958
0.006275 447.097 0.222122 234977 0.0224089 1.81529
0.003135 1957.15 0.109181 234976 0.06265 0.412639
0.001525 1239.71 0.173073 234976 0.109911 0.651898
0.002235 1611.3 0.141061 234976 0.094387 0.501403
0.006625 374.566 0.231383 234976 0.0262831 2.17429
0.001535 1245.21 0.172615 234976 0.109801 0.649016
0.005965 672.254 0.196755 234978 -0.00563902 1.20165
0.001545 1250.7 0.172157 234976 0.109687 0.646161
0.001085 1003.08 0.192241 234976 0.111572 0.806101
0.005975 661.706 0.197857 234978 -0.00440895 1.22097
0.001555 1256.19 0.171699 234976 0.10957 0.643331
0.006285 442.859 0.222625 234977 0.0228597 1.83292
0.005985 651.301 0.198943 234978 -0.00316137 1.24066
0.001095 1008.19 0.191838 234976 0.111603 0.801998
0.001565 1261.68 0.171241 234976 0.109451 0.640526
0.006295 438.75 0.22311 234976 0.0232841 1.85035
0.003145 1959.76 0.108908 234976 0.0622283 0.412085
0.005995 641.048 0.200012 234978 -0.00184747 1.26068
0.001105 1013.33 0.191433 234976 0.11163 0.797921
0.001575 1267.17 0.170782 234976 0.109328 0.637748
0.006305 434.765 0.223577 234977 0.0237028 1.86757
0.003155 1962.35 0.108638 234976 0.0618061 0.411537
0.006005 630.971 0.201064 234978 -0.000401257 1.281
0.001115 1018.49 0.191026 234976 0.111654 0.79387
0.001585 1272.66 0.170322 234976 0.109202 0.634994
0.006635 373.936 0.231477 234976 0.0261011 2.17807
0.006315 431.282 0.224026 234976 0.0240452 1.8829
0.003165 1964.92 0.10837 234976 0.0613834 0.410993
0.006015 621.103 0.202099 234978 0.00118887 1.30154
0.001125 1023.66 0.190617 234976 0.111675 0.789846
0.001595 1278.14 0.169863 234976 0.109072 0.632266
0.006645 373.334 0.231566 234976 0.0258812 2.18169
0.006325 427.924 0.224458 234976 0.0244009 1.89793
0.003175 1967.48 0.108104 234976 0.0609603 0.410454
0.006025 611.473 0.203116 234978 0.00279017 1.32224
0.001135 1028.85 0.190206 234976 0.111693 0.785849
0.006335 424.687 0.224873 234976 0.0247159 1.91264
0.006655 372.757 0.23165 234976 0.0256427 2.18517
0.003185 1970.02 0.107839 234976 0.0605368 0.409921
0.006665 372.206 0.231729 234976 0.0254127 2.18851
0.006035 602.062 0.204115 234979 0.00421133 1.34311
0.003195 1972.55 0.107577 234976 0.060113 0.409392
0.001145 1034.06 0.189793 234976 0.111709 0.781879
0.006675 371.676 0.231803 234976 0.0252141 2.19173
0.006345 421.566 0.225271 234976 0.0250625 1.92705
0.006045 593.656 0.205096 234977 0.00491549 1.36233
0.001155 1039.29 0.189378 234976 0.111721 0.777936
0.006055 585.368 0.206056 234977 0.00570457 1.38183
0.006685 371.167 0.231873 234976 0.0250543 2.19483
0.001165 1044.53 0.188961 234976 0.111729 0.774021
0.006355 418.558 0.225654 234976 0.0247039 1.94114
0.006065 577.196 0.206998 234977 0.00654572 1.40161
0.006695 370.677 0.23194 234976 0.0249216 2.19782
0.001175 1049.79 0.188543 234976 0.111735 0.770134
0.006365 415.659 0.22602 234973 0.0268324 1.9549
0.006075 569.161 0.207919 234977 0.00746287 1.42161
0.006705 370.205 0.232002 234976 0.0247948 2.20072
0.001185 1055.06 0.188122 234976 0.111738 0.766275
0.006715 369.748 0.23206 234976 0.0246533 2.20352
0.006375 412.864 0.226372 234976 0.0251907 1.96839
0.001195 1060.35 0.187701 234976 0.111737 0.762443
0.006385 410.17 0.226708 234976 0.0260517 1.98155
0.001205 1065.65 0.187277 234976 0.111734 0.75864
0.006395 407.571 0.22703 234976 0.0262009 1.99442
0.001215 1070.96 0.186852 234976 0.111727 0.754866
0.001225 1076.29 0.186425 234976 0.111717 0.751119
0.001235 1081.63 0.185997 234976 0.111704 0.747401
0.001245 1086.98 0.185567 234976 0.111687 0.743712
0.001255 1092.35 0.185135 234976 0.111668 0.740051
0.001265 1097.72 0.184703 234976 0.111645 0.736419
0.001275 1103.11 0.184268 234976 0.111619 0.732815
