0.007365 378.752 0.232733 275244 0.00680488 2.52105
0.007375 378.712 0.232745 275244 0.00661612 2.52135
0.007385 378.671 0.232757 275244 0.00642502 2.52165
0.007395 378.629 0.232768 275244 0.00623458 2.52195
0.007405 378.586 0.232778 275244 0.00604264 2.52227
0.007415 378.541 0.232787 275244 0.00584797 2.52259
0.007425 378.495 0.232796 275244 0.00564859 2.52292
0.007435 378.446 0.232804 275244 0.00545437 2.52327
0.007445 378.394 0.232812 275244 0.00523305 2.52364
0.007455 378.397 0.232819 275244 0.00502055 2.52363
0.007465 378.396 0.232825 275244 0.00480192 2.52366
0.007475 378.391 0.232831 275244 0.0045793 2.52371
0.007485 378.38 0.232837 275244 0.0043589 2.5238
0.007495 378.365 0.232842 275244 0.00413656 2.52391
0.007505 378.344 0.232847 275244 0.00391489 2.52407
0.007515 378.318 0.232851 275244 0.00370423 2.52425
0.007525 378.288 0.232855 275244 0.00348355 2.52447
0.007535 378.309 0.232859 275244 0.00326167 2.52433
0.007545 378.326 0.232862 275244 0.00306263 2.52423
0.007555 378.338 0.232866 275244 0.00285829 2.52416
0.007565 378.345 0.232868 275244 0.00265377 2.52412
0.007575 378.347 0.232871 275244 0.00244032 2.52412
0.007585 378.344 0.232873 275244 0.00221841 2.52414
0.007595 378.336 0.232875 275244 0.00200621 2.5242
0.007605 378.323 0.232877 275244 0.00177113 2.5243
0.007615 378.36 0.232878 275244 0.0015309 2.52405
0.007625 378.393 0.23288 275244 0.00130437 2.52384
0.007635 378.42 0.232881 275244 0.00106542 2.52366
0.007645 378.442 0.232882 275244 0.000826564 2.52352
0.007655 378.458 0.232882 275244 0.000588911 2.52341
0.007665 378.469 0.232883 275244 0.000356717 2.52334
0.007675 378.474 0.232883 275244 0.000116052 2.5233
0.004805 1891.64 0.106291 275244 -0.00145211 0.498974
0.004815 1890.57 0.106246 275244 -0.00159037 0.499245
0.003845 1969.57 0.110726 275243 0.0280077 0.480318
0.004825 1889.51 0.106201 275244 -0.00172519 0.499515
0.004835 1888.46 0.106155 275244 -0.0018568 0.499783
0.004845 1887.42 0.10611 275244 -0.00198542 0.500048
0.003855 1969.52 0.110636 275244 0.0276059 0.480325
0.004855 1886.39 0.106064 275244 -0.0021113 0.500312
0.003525 1952.8 0.114518 275244 0.0403606 0.48462
0.003865 1969.45 0.110548 275244 0.0272176 0.480336
0.004865 1885.37 0.106018 275244 -0.00223468 0.500573
0.003875 1969.36 0.110461 275244 0.0268297 0.480351
0.004875 1884.36 0.105973 275244 -0.00235584 0.500832
0.003885 1969.25 0.110376 275244 0.0264421 0.48037
0.004885 1883.36 0.105927 275244 -0.00247504 0.501089
0.003535 1953.82 0.114372 275244 0.03998 0.484363
0.004165 1959.34 0.108593 275244 0.0158688 0.482545
0.003895 1969.12 0.110293 275244 0.0260549 0.480393
0.004895 1882.38 0.105882 275244 -0.00259258 0.501343
0.003545 1954.82 0.114227 275244 0.0395993 0.48411
0.003905 1968.98 0.110211 275244 0.0256682 0.48042
0.004905 1881.4 0.105838 275244 -0.00270875 0.501595
0.003555 1955.81 0.114085 275244 0.0392183 0.483862
0.003915 1968.82 0.110131 275244 0.025282 0.480452
0.004915 1880.44 0.105793 275244 -0.00282387 0.501845
0.003565 1956.77 0.113944 275244 0.038839 0.483618
0.004175 1958.75 0.108547 275244 0.0155048 0.482679
0.005125 1864.12 0.105261 275244 -0.00571842 0.506166
0.003925 1968.64 0.110052 275244 0.0248963 0.480488
0.004925 1879.49 0.10575 275244 -0.00293827 0.502091
0.003575 1957.72 0.113805 275243 0.0384702 0.483379
0.004185 1958.15 0.108503 275244 0.0151439 0.482817
0.003935 1968.45 0.109975 275244 0.0245112 0.480527
0.004935 1878.55 0.105707 275244 -0.00305228 0.502336
0.003585 1958.39 0.113668 275244 0.0380705 0.48321
0.004195 1957.53 0.10846 275243 0.0147971 0.482958
0.003945 1968.23 0.1099 275244 0.0241267 0.480571
0.004945 1877.62 0.105665 275244 -0.00316626 0.502577
0.003595 1959.04 0.113533 275244 0.0376826 0.483045
0.004205 1956.71 0.108417 275244 0.0144216 0.483149
0.005135 1864.71 0.105271 275244 -0.00592264 0.506007
0.004485 1928.5 0.107473 275244 0.00532938 0.489854
0.003955 1968 0.109826 275244 0.0237428 0.480619
0.004955 1876.7 0.105624 275244 -0.00328057 0.502816
0.003605 1959.68 0.113399 275244 0.0372956 0.482884
0.004215 1955.88 0.108376 275244 0.0140607 0.483344
0.005145 1865.3 0.105286 275244 -0.00613483 0.505847
0.003965 1967.76 0.109753 275244 0.0233596 0.480671
0.004965 1875.8 0.105585 275244 -0.0033956 0.503052
0.003615 1960.29 0.113267 275244 0.0369083 0.482728
0.004225 1955.03 0.108335 275244 0.0137031 0.483542
0.005155 1865.89 0.105307 275244 -0.00635613 0.505688
0.003975 1967.49 0.109682 275244 0.022977 0.480727
0.004975 1874.91 0.105546 275244 -0.00351175 0.503286
0.003625 1960.89 0.113137 275244 0.0365207 0.482576
0.004495 1927.35 0.107442 275244 0.00505229 0.490133
0.004235 1954.16 0.108295 275244 0.0133472 0.483745
0.001605 1311.1 0.170709 275244 0.0937644 0.721878
0.005165 1866.48 0.105333 275244 -0.00658728 0.505529
0.003985 1967.21 0.109613 275244 0.0225952 0.480788
0.004985 1874.03 0.10551 275244 -0.00362942 0.503517
0.003635 1961.47 0.113009 275244 0.0361331 0.482428
0.004505 1926.2 0.107412 275244 0.00477894 0.490413
0.004245 1953.28 0.108256 275244 0.0129933 0.483951
0.005175 1867.07 0.105365 275244 -0.00682912 0.505371
0.003995 1966.91 0.109545 275244 0.0222141 0.480852
0.004995 1873.16 0.105475 275244 -0.00374905 0.503746
0.003645 1962.03 0.112883 275244 0.0357452 0.482285
0.004515 1925.03 0.107381 275244 0.00450936 0.490696
0.004255 1952.39 0.108218 275244 0.0126414 0.48416
0.005185 1867.66 0.105403 275244 -0.0070825 0.505214
0.004005 1966.6 0.109478 275244 0.0218337 0.48092
0.005005 1872.31 0.105441 275244 -0.00387108 0.503972
0.003655 1962.58 0.112758 275244 0.0353573 0.482146
0.004525 1923.86 0.10735 275244 0.00424357 0.49098
0.004265 1951.48 0.108181 275244 0.0122916 0.484373
0.005445 1876.26 0.109429 275244 -0.0203012 0.503007
0.001615 1315.84 0.170328 275244 0.0936308 0.719279
0.005195 1868.25 0.105447 275244 -0.0073483 0.505058
0.004015 1966.27 0.109413 275244 0.0214542 0.480992
0.005015 1871.46 0.10541 275244 -0.003996 0.504196
0.003665 1963.1 0.112635 275244 0.0349692 0.482012
0.004275 1950.56 0.108144 275244 0.0119441 0.48459
0.004535 1922.69 0.107319 275244 0.0039816 0.491266
0.001625 1320.58 0.169947 275244 0.0934947 0.716699
0.005205 1868.83 0.105498 275244 -0.00762739 0.504903
0.004025 1965.92 0.10935 275244 0.0210754 0.481068
0.005025 1870.63 0.105381 275244 -0.00412428 0.504417
0.003675 1963.61 0.112514 275244 0.0345811 0.481881
0.004285 1949.63 0.108108 275244 0.0115989 0.48481
0.004545 1921.51 0.107287 275244 0.00372348 0.491553
0.001635 1325.32 0.169566 275244 0.0933562 0.714139
0.005215 1869.41 0.105556 275244 -0.00792068 0.504751
0.004035 1965.56 0.109287 275244 0.0206975 0.481148
0.005035 1869.8 0.105355 275244 -0.00425643 0.504636
0.003685 1964.1 0.112395 275244 0.0341929 0.481756
0.005455 1876.03 0.109733 275244 -0.0211611 0.503073
0.004295 1948.68 0.108073 275244 0.0112562 0.485034
0.004555 1920.33 0.107255 275244 0.00346921 0.491842
5e-06 809.448 0.209637 275244 0.0928208 1.17016
0.001645 1330.05 0.169185 275244 0.0932153 0.711598
0.005225 1869.98 0.105621 275244 -0.00822904 0.5046
0.004045 1965.17 0.109226 275244 0.0203204 0.481232
0.005045 1868.99 0.105331 275244 -0.00439299 0.504853
0.003695 1964.58 0.112278 275244 0.0338047 0.481634
0.004305 1947.72 0.108038 275244 0.0109161 0.485261
0.005465 1875.72 0.11005 275244 -0.0220598 0.503159
0.004565 1919.14 0.107223 275244 0.00321882 0.492132
0.001655 1334.78 0.168804 275244 0.0930719 0.709077
0.005235 1870.54 0.105694 275244 -0.00855335 0.504453
0.004055 1964.78 0.109167 275244 0.0199442 0.481321
0.005055 1868.19 0.10531 275244 -0.00453451 0.505068
0.003705 1965.03 0.112162 275244 0.0334165 0.481517
0.004315 1946.74 0.108004 275244 0.0105786 0.485491
0.005475 1875.34 0.11038 275244 -0.0230003 0.503264
0.004575 1917.95 0.10719 275244 0.00297233 0.492424
0.001665 1339.51 0.168423 275244 0.0929261 0.706575
0.005245 1871.09 0.105774 275244 -0.00889448 0.504309
0.004065 1964.36 0.109108 275244 0.0195688 0.481413
0.005065 1867.39 0.105291 275244 -0.00468158 0.505281
0.003715 1965.47 0.112048 275244 0.0330283 0.481404
0.004325 1945.76 0.10797 275244 0.010244 0.485725
0.005485 1874.88 0.110723 275244 -0.0239857 0.503391
1.5e-05 809.488 0.209634 275244 0.0928245 1.1701
0.004585 1916.76 0.107157 275244 0.00272975 0.492716
0.001285 1160.6 0.182696 275244 0.0967688 0.815508
0.001675 1344.23 0.168042 275244 0.0927779 0.704092
0.005255 1871.62 0.105863 275244 -0.00925324 0.504169
0.004075 1963.93 0.109051 275244 0.0191944 0.481508
0.005075 1866.61 0.105277 275244 -0.00483478 0.505493
0.003725 1965.89 0.111936 275244 0.0326402 0.481295
0.004335 1944.76 0.107937 275244 0.00991221 0.485962
0.005495 1874.33 0.11108 275244 -0.0250193 0.503541
2.5e-05 809.57 0.209628 275244 0.0928339 1.16998
0.004595 1915.56 0.107123 275244 0.00249109 0.49301
0.001685 1348.96 0.167661 275244 0.0926272 0.701629
0.005265 1872.14 0.10596 275244 -0.00963045 0.504033
0.004085 1963.49 0.108996 275244 0.0188208 0.481608
0.005085 1865.83 0.105266 275244 -0.00499475 0.505702
0.003735 1966.3 0.111826 275244 0.0322521 0.48119
0.004345 1943.74 0.107904 275244 0.00958341 0.486202
0.005505 1873.69 0.11145 275244 -0.0261047 0.503716
3.5e-05 809.694 0.209618 275244 0.0928474 1.1698
0.004605 1914.36 0.107089 275244 0.00225636 0.493305
0.001695 1353.67 0.16728 275244 0.0924742 0.699185
0.005275 1872.64 0.106065 275244 -0.0100268 0.503902
0.004095 1963.02 0.108941 275244 0.0184482 0.481712
0.005095 1865.06 0.105258 275244 -0.00516224 0.505911
0.001295 1165.2 0.182332 275244 0.09614 0.81228
0.000325 833.794 0.207833 275244 0.0942509 1.13586
0.003745 1966.68 0.111717 275244 0.0318641 0.48109
0.004355 1942.72 0.107872 275244 0.00925766 0.486445
0.005515 1872.96 0.111834 275244 -0.0272453 0.503916
4.5e-05 809.861 0.209606 275244 0.0928648 1.16956
0.004615 1913.16 0.107055 275244 0.00202549 0.4936
0.001705 1358.39 0.166899 275244 0.0923187 0.69676
0.005285 1873.13 0.10618 275244 -0.0104432 0.503776
0.004105 1962.54 0.108888 275244 0.0180766 0.481819
0.005105 1864.29 0.105255 275244 -0.00533451 0.506118
0.001305 1169.82 0.181967 275241 0.0977821 0.809061
0.003755 1967.05 0.11161 275244 0.0314762 0.480994
0.004365 1941.69 0.10784 275244 0.00893506 0.486691
0.005525 1872.12 0.112232 275244 -0.0284447 0.504144
5.5e-05 810.072 0.209591 275244 0.092886 1.16925
0.004625 1911.96 0.107019 275244 0.00180014 0.493897
0.001715 1363.1 0.166518 275244 0.0921608 0.694353
0.005295 1873.59 0.106303 275244 -0.01088 0.503656
0.004115 1962.05 0.108836 275244 0.0177059 0.481931
0.005115 1863.56 0.105256 275248 -0.00551062 0.506324
0.001315 1174.45 0.181602 275244 0.0960203 0.805881
0.003765 1967.4 0.111505 275244 0.0310884 0.480902
0.004375 1940.64 0.107808 275244 0.00861567 0.48694
0.005535 1871.17 0.112643 275244 -0.0297063 0.504401
0.000965 1021.01 0.193605 275244 0.097411 0.927131
0.000975 1025.06 0.193292 275244 0.0974221 0.923459
0.000645 907.177 0.202322 275244 0.0962482 1.04372
0.000985 1029.14 0.192976 275244 0.0974314 0.919793
0.000995 1033.24 0.192658 275244 0.0974388 0.916135
0.001005 1037.37 0.192338 275244 0.0974444 0.912486
0.000655 910.19 0.202093 275244 0.0963031 1.04026
0.003205 1906.79 0.120148 275244 0.0520965 0.496413
0.001015 1041.52 0.192016 275244 0.0974481 0.908845
0.000665 913.243 0.201862 275244 0.0963571 1.03677
0.001025 1045.69 0.191692 275244 0.0974499 0.905213
0.000675 916.335 0.201627 275244 0.0964102 1.03326
0.001035 1049.88 0.191367 275244 0.0974497 0.901592
0.000685 919.465 0.20139 275244 0.0964624 1.02974
0.003215 1908.61 0.119945 275244 0.0517566 0.495937
0.001925 1460.54 0.158594 275244 0.0882944 0.648058
0.001045 1054.1 0.191039 275244 0.0974477 0.89798
0.000695 922.634 0.201149 275244 0.0965137 1.02619
0.003225 1910.42 0.119743 275244 0.0514142 0.495465
0.001055 1058.34 0.190709 275244 0.0974436 0.89438
0.000705 925.84 0.200905 275244 0.0965639 1.02263
0.003235 1912.22 0.119543 275244 0.0510694 0.494997
0.001065 1062.6 0.190378 275244 0.0974375 0.890791
0.000715 929.084 0.200659 275244 0.0966131 1.01905
0.003245 1914 0.119344 275244 0.0507221 0.494534
0.001935 1465.09 0.158222 275244 0.0880846 0.646048
0.001075 1066.88 0.190045 275244 0.0974295 0.887214
0.002885 1829.48 0.127561 275244 0.0623111 0.517438
0.000725 932.365 0.200409 275244 0.0966612 1.01545
0.003255 1915.76 0.119148 275244 0.0503723 0.494076
0.001945 1469.63 0.15785 275244 0.0878726 0.644054
0.001085 1071.17 0.18971 275244 0.0974193 0.883649
0.003265 1917.51 0.118953 275244 0.0500202 0.493623
0.000735 935.683 0.200156 275244 0.0967083 1.01185
0.001955 1474.16 0.157479 275244 0.0876583 0.642076
0.001095 1075.49 0.189373 275244 0.0974072 0.880097
0.003275 1919.25 0.11876 275244 0.0496658 0.493174
0.000745 939.037 0.199901 275244 0.0967542 1.00822
0.001965 1478.68 0.157109 275244 0.0874418 0.640116
0.001105 1079.83 0.189035 275244 0.097393 0.876559
0.002895 1832.28 0.127303 275244 0.0620037 0.516645
0.002245 1600.27 0.147061 275244 0.0805459 0.591524
0.003285 1920.97 0.118569 275244 0.0493093 0.49273
0.000755 942.426 0.199642 275244 0.0967989 1.00459
0.001975 1483.19 0.156739 275244 0.087223 0.638171
0.001115 1084.18 0.188695 275244 0.0973767 0.873034
0.002905 1835.07 0.127048 275244 0.0616951 0.515859
0.003295 1922.67 0.11838 275244 0.0489509 0.492291
0.000765 945.85 0.199381 275244 0.0968424 1.00094
0.001985 1487.69 0.15637 275244 0.0870021 0.636244
0.001125 1088.56 0.188353 275244 0.0973582 0.869522
0.002915 1837.85 0.126794 275244 0.0613853 0.515078
0.003305 1924.36 0.118192 275244 0.0485907 0.491857
0.001995 1492.17 0.156002 275244 0.0867789 0.634332
0.000775 949.309 0.199117 275244 0.0968847 0.997289
0.001135 1092.95 0.18801 275244 0.0973377 0.866026
0.002925 1840.62 0.126541 275244 0.0610745 0.514303
0.002255 1604.41 0.146715 275244 0.0802741 0.589997
0.007045 387.534 0.231414 275244 0.0125736 2.46166
0.003315 1926.03 0.118006 275244 0.048229 0.491427
0.002005 1496.65 0.155634 275244 0.0865535 0.632437
0.000785 952.803 0.19885 275244 0.0969257 0.993625
0.001145 1097.36 0.187665 275244 0.097315 0.862543
0.002935 1843.37 0.12629 275244 0.0607627 0.513534
0.002265 1608.54 0.146371 275244 0.0800009 0.588484
0.003325 1927.69 0.117822 275244 0.047866 0.491002
0.002015 1501.11 0.155267 275244 0.086326 0.630558
0.000795 956.33 0.19858 275244 0.0969654 0.989952
0.001155 1101.78 0.187319 275244 0.0972902 0.859076
0.002945 1846.11 0.126041 275244 0.0604499 0.512772
0.002275 1612.65 0.146028 275244 0.0797263 0.586984
0.003335 1929.33 0.11764 275244 0.0475018 0.490582
0.002025 1505.57 0.154901 275244 0.0860963 0.628695
0.000805 959.891 0.198308 275244 0.0970038 0.986272
0.001165 1106.22 0.186971 275244 0.0972631 0.855625
0.002955 1848.83 0.125793 275244 0.0601364 0.512015
0.002285 1616.75 0.145686 275244 0.0794505 0.585497
0.007055 386.911 0.231503 275244 0.0124569 2.46575
0.002565 1725.44 0.136603 275244 0.071476 0.548643
0.003345 1930.95 0.117459 275244 0.0471366 0.490167
0.002035 1510.01 0.154535 275244 0.0858645 0.626847
0.000815 963.484 0.198033 275244 0.0970408 0.982586
0.001175 1110.68 0.186622 275244 0.0972339 0.852189
0.002965 1851.55 0.125548 275244 0.0598222 0.511264
0.002295 1620.84 0.145345 275244 0.0791735 0.584023
0.007065 386.313 0.231587 275244 0.0123341 2.46969
0.005765 1630.98 0.126402 275244 -0.0604945 0.578651
0.002045 1514.44 0.154171 275244 0.0856305 0.625016
0.003355 1932.56 0.11728 275244 0.0467722 0.489756
0.000825 967.11 0.197755 275244 0.0970764 0.978894
0.001185 1115.15 0.186272 275244 0.0972025 0.848769
0.002975 1854.25 0.125303 275244 0.0595074 0.510518
0.002305 1624.91 0.145006 275244 0.0788954 0.582562
0.007075 385.739 0.231667 275244 0.0122054 2.47348
0.002055 1518.85 0.153807 275244 0.0853944 0.6232
0.003365 1934.14 0.117104 275243 0.0464174 0.489351
0.000835 970.768 0.197475 275244 0.0971106 0.975199
0.001195 1119.63 0.18592 275244 0.0971688 0.845365
0.002985 1856.93 0.125061 275244 0.0591921 0.509779
0.002575 1729.11 0.136298 275244 0.0711917 0.547479
0.002315 1628.96 0.144667 275244 0.0786161 0.581114
0.007085 385.186 0.231742 275244 0.0120709 2.47714
0.002065 1523.26 0.153443 275244 0.0851563 0.621399
0.003375 1935.44 0.116929 275244 0.0460308 0.489021
0.000845 974.457 0.197192 275244 0.0971432 0.971499
0.001205 1124.13 0.185566 275244 0.0971329 0.841978
0.002995 1859.6 0.12482 275244 0.0588782 0.509045
0.005775 1615.51 0.127207 275244 -0.0613017 0.58419
0.002585 1732.77 0.135994 275244 0.0709082 0.546323
0.006725 444.886 0.224259 275244 0.0110099 2.13825
0.007095 384.654 0.231813 275244 0.0119317 2.48068
0.002325 1633 0.14433 275244 0.0783358 0.579678
0.002075 1527.65 0.153081 275244 0.084916 0.619614
0.003385 1936.72 0.116755 275244 0.0456548 0.488695
0.000855 978.178 0.196906 275244 0.0971744 0.967797
0.001215 1128.65 0.185212 275244 0.0970946 0.838608
0.003005 1862.26 0.12458 275243 0.0585732 0.508317
0.005785 1599.84 0.12803 275244 -0.062034 0.589905
0.002595 1736.41 0.135691 275244 0.0706254 0.545177
0.007105 384.14 0.23188 275244 0.0117868 2.4841
0.002335 1637.02 0.143993 275244 0.0780546 0.578254
0.002085 1532.03 0.15272 275244 0.0846737 0.617845
0.003395 1937.98 0.116584 275244 0.0452794 0.488374
0.000865 981.928 0.196618 275244 0.0972041 0.964093
0.001225 1133.18 0.184856 275244 0.0970541 0.835255
0.003015 1864.64 0.124343 275244 0.0582383 0.507667
0.005795 1584 0.128871 275244 -0.0626902 0.5958
0.006085 1091.78 0.160863 275246 -0.0519524 0.864576
0.006735 441.361 0.224667 275244 0.0112887 2.1556
0.002605 1740.04 0.13539 275244 0.0703435 0.54404
0.007115 383.74 0.231943 275244 0.0116372 2.4868
0.002345 1641.03 0.143658 275244 0.0777725 0.576843
0.002095 1536.4 0.152359 275244 0.0844294 0.61609
0.003405 1939.22 0.116414 275244 0.0449034 0.488058
0.000875 985.709 0.196327 275244 0.0972322 0.960389
0.001235 1137.72 0.184499 275244 0.0970113 0.831919
0.006405 654.789 0.201159 275246 -0.0109496 1.44599
0.003025 1867.01 0.124107 275244 0.0579132 0.507022
0.005805 1567.98 0.129729 275244 -0.0632694 0.601882
0.002615 1743.66 0.13509 275244 0.0700623 0.542911
0.006745 437.946 0.225059 275244 0.0115487 2.17268
0.007125 383.356 0.232003 275244 0.0114859 2.48938
0.002355 1645.03 0.143324 275244 0.0774896 0.575444
0.002105 1540.75 0.151999 275244 0.0841831 0.614351
0.003415 1940.45 0.116246 275244 0.044527 0.487746
0.000885 989.519 0.196034 275244 0.0972587 0.956684
0.001245 1142.27 0.184141 275244 0.0969662 0.828601
0.003035 1869.36 0.123872 275244 0.0575897 0.506383
0.005815 1551.79 0.130606 275244 -0.0637712 0.608157
0.006095 1075.93 0.162201 275246 -0.0508044 0.877345
0.002625 1747.27 0.134792 275244 0.0697822 0.541791
0.007135 382.988 0.232059 275244 0.0113294 2.49187
0.006755 434.636 0.225436 275244 0.011803 2.18949
0.002365 1649 0.142992 275244 0.0772059 0.574057
0.003425 1941.65 0.11608 275244 0.04415 0.487439
0.002115 1545.09 0.15164 275244 0.0839348 0.612627
0.000895 993.359 0.195739 275244 0.0972836 0.952979
0.001255 1146.83 0.183781 275244 0.0969187 0.8253
0.003045 1871.7 0.123639 275244 0.0572666 0.505748
0.005825 1535.44 0.1315 275244 -0.0641956 0.61463
0.006415 644.231 0.202199 275247 -0.0096082 1.46991
0.002635 1750.86 0.134495 275244 0.069503 0.540679
0.006105 1060.12 0.163542 275246 -0.0496315 0.890464
0.007145 382.634 0.232112 275244 0.0111688 2.49426
0.006765 431.743 0.225799 275244 0.0120022 2.20443
0.002375 1652.97 0.14266 275244 0.0769215 0.572681
0.003435 1942.85 0.115916 275244 0.0437727 0.487137
0.002125 1549.42 0.151282 275244 0.0836846 0.610917
0.000905 997.226 0.195441 275244 0.0973069 0.949277
0.001265 1151.41 0.183421 275244 0.0968691 0.822018
0.003055 1874.03 0.123408 275244 0.056944 0.505119
0.005835 1518.93 0.132412 275244 -0.0645426 0.621309
0.002645 1754.44 0.1342 275244 0.0692249 0.539576
0.006115 1044.36 0.164885 275246 -0.048436 0.903945
0.007155 382.293 0.232162 275244 0.0110043 2.49657
0.006425 634.869 0.20322 275245 -0.00877993 1.4918
0.006775 428.954 0.226146 275244 0.0122068 2.21902
0.002385 1656.91 0.14233 275244 0.0766365 0.571318
0.003445 1944.02 0.115753 275244 0.0433949 0.486839
0.002135 1553.73 0.150925 275244 0.0834326 0.609223
0.000915 1001.12 0.195141 275244 0.0973288 0.945576
0.001275 1156 0.183059 275244 0.0968126 0.818754
0.003065 1876.34 0.123179 275244 0.056622 0.504494
0.005845 1502.26 0.133341 275244 -0.0648127 0.628198
0.002655 1758.01 0.133906 275244 0.0689479 0.538481
0.006125 1028.65 0.16623 275246 -0.0472198 0.917798
0.007165 381.963 0.232209 275244 0.0108359 2.49881
0.006435 625.687 0.204219 275245 -0.00772067 1.51392
0.002395 1660.85 0.142001 275244 0.0763509 0.569966
0.006785 426.265 0.22648 275244 0.0123941 2.23327
0.003455 1945.18 0.115592 275244 0.0430168 0.486546
0.002145 1558.03 0.150569 275244 0.0831787 0.607543
0.000925 1005.05 0.194838 275244 0.0973486 0.941878
0.003075 1878.64 0.122951 275244 0.0563007 0.503875
0.002665 1761.57 0.133613 275244 0.0686721 0.537394
0.005855 1485.44 0.134287 275245 -0.0650063 0.635307
0.006135 1012.99 0.167575 275246 -0.0459852 0.932036
0.007175 381.644 0.232253 275244 0.0106653 2.50097
0.006445 616.681 0.205198 275245 -0.00669382 1.53626
0.002405 1664.76 0.141673 275244 0.0760648 0.568626
0.006795 423.671 0.226799 275244 0.0125496 2.2472
0.002155 1562.32 0.150214 275244 0.0829229 0.605877
0.003465 1946.32 0.115433 275244 0.0426382 0.486257
0.000935 1009 0.194533 275244 0.0973669 0.938184
0.003085 1880.93 0.122726 275244 0.0559801 0.503261
0.002675 1765.11 0.133322 275244 0.0683975 0.536315
0.005865 1468.48 0.135251 275245 -0.065124 0.642641
0.006145 997.389 0.168921 275246 -0.0447278 0.946671
0.007185 381.335 0.232295 275244 0.0104896 2.50308
0.002415 1668.67 0.141346 275244 0.0757783 0.567297
0.006455 607.85 0.206156 275245 -0.0056902 1.55881
0.006805 421.169 0.227106 275244 0.0127411 2.26079
0.002165 1566.59 0.149859 275244 0.0826654 0.604226
0.003475 1947.44 0.115276 275244 0.0422594 0.485973
0.000945 1012.97 0.194226 275244 0.0973833 0.934495
0.002685 1768.64 0.133033 275244 0.0681258 0.535243
0.003095 1883.2 0.122501 275244 0.05566 0.502652
0.005875 1451.38 0.136231 275245 -0.0651662 0.650208
0.006155 981.846 0.170265 275246 -0.043455 0.961715
0.007195 381.116 0.232335 275244 0.010311 2.50459
0.002425 1672.55 0.141021 275244 0.0754915 0.56598
0.006465 599.193 0.207093 275245 -0.00471447 1.58157
0.006815 418.756 0.227399 275244 0.01224 2.27406
0.002175 1570.85 0.149506 275244 0.0824062 0.602589
0.003485 1948.55 0.115121 275244 0.0418802 0.485693
0.002695 1772.16 0.132745 275244 0.0678627 0.53418
0.000955 1016.98 0.193917 275244 0.097398 0.93081
0.003105 1885.47 0.122279 275244 0.0553405 0.502047
0.005885 1434.15 0.137228 275245 -0.0651336 0.658016
0.006165 966.367 0.171608 275246 -0.0421768 0.977183
0.007205 380.905 0.232372 275244 0.0101324 2.50604
0.002435 1676.43 0.140697 275244 0.0752043 0.564673
0.006475 590.708 0.208009 275245 -0.00376687 1.60454
0.006825 416.428 0.22768 275240 0.0142125 2.28698
6.5e-05 810.327 0.209572 275244 0.0929106 1.16888
0.006835 414.18 0.227948 275244 0.0124536 2.29966
7.5e-05 810.628 0.20955 275244 0.0929386 1.16845
0.006845 412.01 0.228205 275244 0.0131894 2.31201
8.5e-05 810.974 0.209524 275244 0.0929697 1.16795
0.006855 410.142 0.22845 275244 0.013218 2.32275
9.5e-05 811.366 0.209495 275244 0.0930037 1.16738
0.006865 408.349 0.228685 275244 0.0132952 2.33317
0.000105 811.805 0.209463 275244 0.0930404 1.16675
0.004385 1939.58 0.107777 275244 0.00829955 0.487192
0.006875 406.627 0.228908 275244 0.0133449 2.34327
0.004635 1910.76 0.106984 275244 0.00159223 0.494194
0.000115 812.291 0.209427 275244 0.0930797 1.16604
0.006885 404.972 0.229122 275244 0.013383 2.35306
0.000125 812.825 0.209388 275244 0.0931214 1.16528
0.006895 403.381 0.229325 275244 0.0134081 2.36254
0.000135 813.406 0.209345 275244 0.0931653 1.16444
0.004395 1938.52 0.107746 275244 0.00798677 0.487447
0.006905 401.852 0.229519 275244 0.0134207 2.37173
0.004645 1909.61 0.106948 275244 0.00135875 0.494477
0.000145 814.035 0.209298 275244 0.0932112 1.16354
0.006915 400.38 0.229704 275244 0.0134211 2.38064
0.004405 1937.44 0.107715 275244 0.00767737 0.487704
0.001725 1367.8 0.166138 275244 0.0920004 0.691966
0.004655 1908.46 0.106911 275244 0.00114431 0.494761
0.000155 814.713 0.209248 275244 0.0932591 1.16256
0.006925 398.963 0.229879 275244 0.0134099 2.38929
0.004415 1936.35 0.107685 275244 0.00737142 0.487965
0.000335 835.363 0.207716 275244 0.0943149 1.13372
0.000165 815.44 0.209194 275244 0.0933087 1.16152
0.004665 1907.31 0.106873 275244 0.000936715 0.495046
0.006935 397.599 0.230047 275244 0.0133902 2.39767
0.004425 1935.26 0.107655 275244 0.00706895 0.488227
0.000345 836.98 0.207595 275244 0.0943791 1.13153
0.000175 816.216 0.209137 275244 0.0933599 1.16042
0.004675 1906.16 0.106836 275244 0.000734325 0.49533
0.006945 396.444 0.230206 275244 0.0133553 2.40483
0.004435 1934.15 0.107624 275244 0.00677001 0.488493
0.001735 1372.5 0.165757 275244 0.0918377 0.689598
0.000355 838.646 0.207471 275244 0.0944436 1.12927
0.000185 817.04 0.209076 275244 0.0934126 1.15924
0.004685 1905.02 0.106797 275244 0.000537163 0.495614
0.005305 1874.03 0.106436 275244 -0.0113381 0.503543
0.006955 395.338 0.230357 275244 0.0133161 2.41174
0.004445 1933.04 0.107594 275244 0.00647463 0.488761
0.001745 1377.2 0.165377 275244 0.0916726 0.687248
0.000365 840.361 0.207344 275244 0.0945082 1.12696
0.000195 817.915 0.209011 275244 0.0934667 1.158
0.004695 1903.88 0.106758 275244 0.000345172 0.495899
0.006965 394.278 0.230501 275244 0.0132667 2.41839
0.004455 1931.92 0.107564 275244 0.00618284 0.489031
0.001755 1381.89 0.164997 275244 0.091505 0.684917
0.000375 842.124 0.207212 275244 0.094573 1.12459
0.000205 818.838 0.208943 275244 0.093522 1.15669
0.004705 1902.74 0.106718 275244 0.000158286 0.496182
0.006975 393.261 0.230637 275244 0.013208 2.42481
0.004465 1930.79 0.107534 275244 0.00589468 0.489303
0.001765 1386.57 0.164618 275244 0.0913351 0.682605
0.000385 843.936 0.207077 275244 0.0946378 1.12217
0.000215 819.811 0.208871 275244 0.0935785 1.15531
0.004715 1901.6 0.106678 275244 -2.35708e-05 0.496466
0.005315 1874.44 0.106579 275244 -0.0118179 0.503437
0.006985 392.284 0.230767 275244 0.0131402 2.43101
0.004125 1961.54 0.108785 275244 0.0173363 0.482046
0.004475 1929.65 0.107503 275244 0.00561019 0.489578
0.001775 1391.25 0.164238 275244 0.0911627 0.680311
0.000395 845.796 0.206938 275244 0.0947028 1.11969
0.000225 820.834 0.208795 275244 0.0936361 1.15386
0.004725 1900.47 0.106637 275244 -0.000200485 0.496749
0.005545 1870.1 0.113069 275244 -0.031033 0.50469
0.001325 1179.09 0.181235 275244 0.0965286 0.802709
0.005555 1868.91 0.113509 275244 -0.0324276 0.505013
0.001335 1183.74 0.180867 275244 0.0964523 0.799556
0.005565 1867.59 0.113962 275244 -0.0338924 0.505373
0.001345 1188.39 0.180499 275244 0.0963882 0.796423
0.005575 1866.12 0.11443 275244 -0.035429 0.50577
0.001355 1193.06 0.180129 275244 0.096317 0.793309
0.005585 1864.51 0.114912 275244 -0.0370337 0.506208
0.003775 1967.73 0.111402 275244 0.0307009 0.480814
0.001365 1197.73 0.179759 275244 0.0962435 0.790214
0.005595 1862.54 0.115408 275214 -0.0386915 0.50669
0.002185 1575.1 0.149154 275244 0.0821453 0.600967
0.001375 1202.4 0.179388 275244 0.0961676 0.787139
0.005605 1850.78 0.115919 275244 -0.0402668 0.509964
0.003495 1949.64 0.114968 275244 0.0415007 0.485418
0.002195 1579.33 0.148802 275244 0.0818827 0.599358
0.002705 1775.51 0.132458 275244 0.0675763 0.533174
0.005615 1838.62 0.116446 275244 -0.0417341 0.513337
0.001385 1207.09 0.179017 275244 0.0960893 0.784083
0.003115 1887.71 0.122058 275244 0.0550212 0.501447
0.002205 1583.55 0.148452 275244 0.0816184 0.597764
0.003785 1968.05 0.1113 275244 0.0303135 0.480731
0.003505 1950.71 0.114816 275244 0.0411209 0.485148
0.005625 1826.25 0.11699 275244 -0.0432178 0.516814
0.002715 1778.84 0.132173 275244 0.0672996 0.532175
0.001395 1211.78 0.178644 275244 0.0960088 0.781047
0.002215 1587.75 0.148103 275244 0.0813526 0.596183
0.003125 1889.95 0.121839 275244 0.0547021 0.500852
0.003795 1968.35 0.1112 275244 0.0299263 0.480652
0.003515 1951.76 0.114666 275244 0.0407409 0.484882
0.005635 1813.67 0.11755 275244 -0.0446866 0.520397
0.002725 1782.16 0.13189 275244 0.0670319 0.531183
0.001405 1216.48 0.178271 275244 0.0959259 0.778031
0.002225 1591.94 0.147754 275244 0.0810852 0.594616
0.003805 1968.63 0.111102 275244 0.0295394 0.480577
0.005895 1416.8 0.138242 275245 -0.0650264 0.666074
0.003815 1968.89 0.111005 275244 0.0291528 0.480506
0.006175 950.955 0.172949 275246 -0.0408868 0.993088
0.005905 1399.32 0.139271 275245 -0.0648449 0.67439
0.007215 380.702 0.232406 275244 0.00994864 2.50745
0.003825 1969.14 0.11091 275244 0.0287664 0.480439
0.005915 1381.73 0.140316 275245 -0.0645895 0.682973
0.002445 1680.28 0.140374 275244 0.074917 0.563378
0.006185 935.613 0.174286 275246 -0.0395857 1.00945
0.003835 1969.37 0.110817 275244 0.0283835 0.480377
0.007225 380.505 0.232439 275244 0.00976075 2.50881
0.005925 1364.04 0.141376 275245 -0.0642602 0.691832
0.006195 920.343 0.17562 275246 -0.0382739 1.02627
0.006485 582.392 0.208904 275245 -0.00284786 1.6277
0.005325 1874.83 0.106731 275244 -0.0123199 0.503338
0.006205 905.149 0.176948 275246 -0.0369514 1.04358
0.001785 1395.92 0.163859 275244 0.090988 0.678035
0.006495 574.246 0.209777 275245 -0.00195783 1.65104
0.006995 391.345 0.23089 275244 0.0130635 2.43699
0.006215 890.035 0.178271 275246 -0.0356168 1.0614
0.005335 1875.18 0.106894 275244 -0.0128447 0.503248
0.000405 847.704 0.206796 275244 0.0947677 1.11716
0.006505 566.265 0.21063 275245 -0.00109712 1.67457
0.001795 1400.59 0.163481 275244 0.0908109 0.675778
0.000235 821.906 0.208716 275244 0.0936945 1.15235
0.006225 875.004 0.179588 275246 -0.0342687 1.07972
0.005345 1875.5 0.107068 275244 -0.0133927 0.503167
0.007005 390.442 0.231006 275244 0.0129788 2.44278
0.004735 1899.35 0.106596 275244 -0.000372556 0.497031
0.000415 849.659 0.20665 275244 0.0948326 1.11459
0.006515 558.448 0.211461 275245 -0.000265703 1.69827
0.001805 1405.25 0.163102 275244 0.0906314 0.673539
0.006235 860.059 0.180897 275246 -0.0328039 1.09859
0.005355 1875.78 0.107252 275244 -0.0139644 0.503096
0.000245 823.029 0.208632 275244 0.0937539 1.15077
0.007015 389.572 0.231117 275244 0.0128873 2.44838
0.004135 1961.01 0.108735 275244 0.0169677 0.482165
0.006525 550.792 0.212272 275245 0.00053734 1.72215
0.001815 1409.9 0.162724 275244 0.0904495 0.671318
0.000425 851.663 0.2065 275244 0.0948975 1.11196
0.004745 1898.23 0.106554 275244 -0.000539892 0.497312
0.006245 845.221 0.182198 275249 -0.0310918 1.11799
0.000255 824.201 0.208545 275244 0.093814 1.14913
0.005365 1876.03 0.107447 275244 -0.0145603 0.503035
0.007025 388.862 0.231221 275244 0.0127872 2.45299
0.004145 1960.47 0.108687 275244 0.0166002 0.482288
0.006535 543.294 0.213061 275245 0.00133141 1.74618
0.003135 1892.17 0.121621 275244 0.0543827 0.500262
0.001825 1414.54 0.162346 275244 0.0902653 0.669116
0.000435 853.713 0.206346 275244 0.0949623 1.10928
0.004755 1897.11 0.106511 275244 -0.000702616 0.497592
0.000265 825.422 0.208455 275244 0.0938748 1.14743
0.006255 832.205 0.18349 275246 -0.0301883 1.13558
0.005375 1876.23 0.107653 275244 -0.015181 0.502984
0.007035 388.184 0.231321 275244 0.012684 2.45741
0.004155 1959.91 0.108639 275244 0.0162339 0.482414
0.006545 535.953 0.21383 275246 0.00217517 1.77038
0.001835 1419.18 0.161969 275244 0.0900787 0.666931
0.003145 1894.39 0.121406 275244 0.0540627 0.499676
0.000445 855.81 0.20619 275244 0.095027 1.10655
0.005645 1800.88 0.118127 275244 -0.0461374 0.524091
0.002735 1785.31 0.131608 275244 0.0667401 0.530246
0.001415 1221.18 0.177897 275244 0.0958407 0.775034
0.005655 1787.88 0.118721 275244 -0.0475663 0.527901
0.002235 1596.11 0.147407 275244 0.0808163 0.593063
0.002745 1788.45 0.131327 275244 0.0664556 0.529315
0.002455 1684.13 0.140052 275244 0.0746295 0.562094
0.007235 380.315 0.23247 275244 0.00956796 2.51012
0.005935 1346.24 0.142452 275245 -0.0638569 0.700978
0.002465 1687.95 0.139732 275244 0.0743419 0.56082
0.000275 826.694 0.20836 275244 0.0939363 1.14565
0.007245 380.129 0.232499 275244 0.00936975 2.51141
0.004765 1896 0.106468 275244 -0.000860859 0.497871
0.002475 1691.77 0.139413 275244 0.0740543 0.559557
0.005945 1328.35 0.143541 275245 -0.0633795 0.710419
0.005385 1876.39 0.107871 275244 -0.015827 0.502946
0.007255 379.948 0.232526 275244 0.00916556 2.51266
0.000285 828.015 0.208262 275244 0.0939983 1.14382
0.006265 819.329 0.184771 275246 -0.0288662 1.15354
0.002485 1695.56 0.139096 275244 0.0737668 0.558304
0.005955 1310.38 0.144645 275245 -0.0628279 0.720168
0.004775 1894.9 0.106424 275244 -0.00101477 0.498149
0.007265 379.77 0.232551 275244 0.00895788 2.51389
0.005395 1876.51 0.1081 275244 -0.0164987 0.50292
0.000295 829.386 0.20816 275244 0.0940608 1.14192
0.001845 1423.81 0.161592 275244 0.0898898 0.664764
0.002495 1699.35 0.138779 275244 0.0734793 0.557061
0.005965 1292.32 0.145762 275245 -0.0622019 0.730233
0.006275 806.589 0.18604 275246 -0.0275464 1.17189
0.004785 1893.81 0.10638 275244 -0.0011645 0.498425
0.007275 379.595 0.232575 275244 0.00874156 2.5151
0.005405 1876.57 0.108341 275244 -0.0171997 0.502908
0.000305 830.806 0.208055 275244 0.0941238 1.13996
0.002505 1703.12 0.138464 275244 0.0731921 0.555829
0.005975 1274.19 0.146892 275245 -0.0614999 0.740628
0.001855 1428.43 0.161216 275244 0.0896985 0.662614
0.006285 793.988 0.187296 275246 -0.0262181 1.19062
0.007285 379.491 0.232598 275244 0.00851834 2.51584
0.004795 1892.72 0.106336 275244 -0.00131022 0.4987
0.005415 1876.58 0.108595 275244 -0.0179294 0.502909
0.000315 832.275 0.207946 275244 0.0941872 1.13794
0.002515 1706.87 0.138151 275244 0.0729051 0.554607
0.005985 1256 0.148034 275245 -0.060728 0.751363
0.001865 1433.05 0.16084 275244 0.0895048 0.660483
0.006295 781.532 0.188538 275246 -0.0248887 1.20974
0.006555 529.452 0.214577 275245 0.00276508 1.79238
0.003155 1896.58 0.121192 275244 0.0537419 0.499095
0.000455 857.955 0.206029 275244 0.0950915 1.10377
0.006565 523.117 0.215304 275245 0.00345316 1.81437
0.005665 1774.67 0.119332 275244 -0.0489691 0.531829
0.003165 1898.77 0.120979 275244 0.0534197 0.498518
0.001425 1225.89 0.177523 275244 0.0957532 0.772058
0.006575 516.942 0.216009 275245 0.00411204 1.83632
0.000465 860.145 0.205865 275244 0.0951559 1.10095
0.005675 1761.24 0.11996 275244 -0.050341 0.535882
0.003175 1900.94 0.120769 275244 0.0530977 0.497947
0.002755 1791.58 0.131048 275244 0.0661717 0.52839
0.006585 510.925 0.216694 275245 0.00474672 1.85822
0.001435 1230.6 0.177148 275244 0.0956634 0.769101
0.007295 379.389 0.232619 275244 0.00829873 2.51656
0.000475 862.382 0.205697 275244 0.0952201 1.09809
0.005685 1747.6 0.120605 275244 -0.0516772 0.540062
0.003185 1903.1 0.12056 275243 0.0527832 0.49738
0.005425 1876.53 0.10886 275244 -0.0186889 0.502925
0.006595 505.064 0.217358 275244 0.00535479 1.88007
0.001445 1235.32 0.176772 275244 0.0955711 0.766164
0.002765 1794.7 0.130771 275244 0.0658886 0.527472
0.002525 1710.61 0.137838 275244 0.0726184 0.553395
0.000485 864.665 0.205526 275244 0.095284 1.09518
0.005695 1733.75 0.121268 275244 -0.0529725 0.544374
0.007305 379.288 0.232638 275244 0.00807541 2.51727
0.003195 1904.95 0.120353 275244 0.0524356 0.496894
0.006605 499.355 0.218003 275244 0.00593634 1.90185
0.005435 1876.43 0.109139 275244 -0.0194777 0.502958
0.001455 1240.04 0.176396 275244 0.0954764 0.763246
0.002775 1797.8 0.130495 275244 0.0656127 0.526561
0.000495 866.994 0.205351 275244 0.0953477 1.09223
0.002535 1714.34 0.137528 275244 0.0723321 0.552193
0.005995 1237.75 0.149187 275245 -0.0597387 0.76245
0.001875 1437.65 0.160464 275244 0.0893089 0.658369
0.002545 1718.05 0.137218 275244 0.0720462 0.551
0.006305 769.223 0.189767 275246 -0.0235603 1.22924
0.006005 1219.48 0.150353 275250 -0.0591981 0.773895
0.005705 1719.69 0.121948 275244 -0.0542219 0.548823
0.002555 1721.75 0.13691 275244 0.0717608 0.549817
0.001885 1442.25 0.160089 275244 0.0891106 0.656272
0.007315 379.189 0.232657 275244 0.00785324 2.51797
0.006015 1203.46 0.151641 275245 -0.0586127 0.784198
0.006615 493.794 0.218627 275244 0.00649132 1.92355
0.001465 1244.76 0.17602 275244 0.0953794 0.760349
0.006025 1187.46 0.152939 275242 -0.0593377 0.794769
0.002785 1800.74 0.13022 275244 0.0653117 0.525701
0.006625 488.379 0.219231 275244 0.00701988 1.94516
0.000505 869.368 0.205173 275244 0.0954111 1.08924
0.006035 1171.46 0.154244 275245 -0.056689 0.805646
0.001475 1249.49 0.175642 275244 0.0952799 0.757472
0.002795 1803.67 0.129947 275244 0.0650173 0.524847
0.006635 483.105 0.219816 275244 0.00752263 1.96668
0.000515 871.787 0.204991 275244 0.0954741 1.08621
0.001485 1254.22 0.175265 275244 0.0951779 0.754614
0.006045 1155.48 0.155557 275245 -0.056263 0.816808
0.002805 1806.59 0.129676 275244 0.0647225 0.523999
0.006645 477.97 0.220382 275244 0.0080073 1.9881
0.006315 757.066 0.190981 275246 -0.022236 1.24913
0.000525 874.25 0.204806 275244 0.0955368 1.08314
0.005715 1705.42 0.122646 275244 -0.0554203 0.553414
0.001495 1258.95 0.174887 275244 0.0950735 0.751777
0.006055 1139.52 0.156875 275245 -0.0552232 0.828273
0.002815 1809.49 0.129406 275244 0.0644261 0.523158
0.006655 472.97 0.22093 275245 0.00850183 2.00941
0.000535 876.758 0.204618 275244 0.095599 1.08003
0.006325 745.063 0.192179 275246 -0.0209191 1.26941
0.001505 1263.69 0.174509 275244 0.0949667 0.748959
0.006065 1123.58 0.1582 275245 -0.0541659 0.84005
0.005725 1690.93 0.123361 275244 -0.0565629 0.55815
0.002825 1812.38 0.129138 275244 0.0641282 0.522322
0.006665 468.567 0.221459 275244 0.00887889 2.02857
0.000545 879.31 0.204426 275244 0.0956609 1.07689
0.001515 1268.43 0.17413 275244 0.0948575 0.746162
0.006335 733.217 0.193362 275246 -0.0196128 1.29008
0.005735 1676.25 0.124095 275244 -0.0576454 0.563037
0.006075 1107.66 0.159529 275245 -0.0530735 0.852148
0.002835 1815.27 0.128871 275244 0.0638288 0.521493
0.006675 464.3 0.221969 275244 0.00928934 2.04749
0.000555 881.906 0.20423 275244 0.0957222 1.07371
0.001525 1273.17 0.173751 275244 0.0947458 0.743384
0.006345 721.53 0.194528 275246 -0.0183205 1.31115
0.005745 1661.35 0.124846 275244 -0.0586637 0.56808
0.001895 1446.83 0.159715 275244 0.08891 0.654193
0.007325 379.09 0.232674 275244 0.0076342 2.51867
0.005755 1646.27 0.125615 275244 -0.0596144 0.573283
0.002845 1818.13 0.128606 275244 0.063528 0.52067
0.001905 1451.41 0.159341 275244 0.0887071 0.652131
0.007335 378.991 0.23269 275244 0.00741953 2.51936
0.006685 460.166 0.222461 275244 0.00967654 2.06617
0.000565 884.546 0.204031 275244 0.0957831 1.0705
0.007345 378.891 0.232706 275244 0.00721467 2.52006
0.001535 1277.91 0.173371 275244 0.0946316 0.740626
0.006695 456.162 0.222936 275244 0.0100428 2.08459
0.006355 710.004 0.195678 275246 -0.0170454 1.33261
0.000575 887.228 0.203829 275244 0.0958434 1.06725
0.007355 378.79 0.23272 275244 0.00700598 2.52076
0.002855 1820.99 0.128342 275244 0.0632258 0.519853
0.001545 1282.65 0.172992 275244 0.094515 0.737889
0.006705 452.283 0.223394 275244 0.0103871 2.10274
0.001915 1455.98 0.158967 275244 0.0885019 0.650086
0.006365 698.639 0.19681 275246 -0.0157903 1.35447
0.000585 889.953 0.203624 275244 0.0959032 1.06397
0.002865 1823.83 0.12808 275244 0.0629222 0.519042
0.001555 1287.39 0.172612 275244 0.094396 0.735171
0.000595 892.72 0.203415 275244 0.0959624 1.06067
0.006715 448.525 0.223834 275244 0.0107095 2.12063
0.002875 1826.66 0.12782 275244 0.0626173 0.518237
0.006375 687.435 0.197925 275246 -0.0145574 1.37674
0.001565 1292.14 0.172232 275244 0.0942746 0.732473
0.000605 895.529 0.203203 275244 0.096021 1.05733
0.006385 676.393 0.199022 275246 -0.0133479 1.39941
0.001575 1296.88 0.171851 275244 0.0941507 0.729795
0.000615 898.38 0.202987 275244 0.0960788 1.05397
0.006395 665.511 0.2001 275246 -0.0121619 1.42249
0.001585 1301.62 0.171471 275244 0.0940244 0.727136
0.000625 901.272 0.202769 275244 0.096136 1.05058
0.001595 1306.36 0.17109 275244 0.0938956 0.724497
0.000635 904.204 0.202547 275244 0.0961925 1.04716
