0.006725 309.205 0.232918 114132 0.060769 1.28079
0.006735 309.209 0.232918 114132 0.060111 1.28077
0.006745 309.208 0.232918 114132 0.0594636 1.28077
0.006755 309.202 0.232918 114132 0.0588145 1.2808
0.006765 309.189 0.232918 114132 0.0581821 1.28085
0.006775 309.169 0.232918 114132 0.0575413 1.28093
0.006785 309.144 0.232918 114132 0.0568981 1.28104
0.006795 309.111 0.232918 114132 0.0562533 1.28117
0.006805 309.072 0.232918 114132 0.0556048 1.28134
0.006815 309.025 0.232918 114132 0.0549881 1.28153
0.006825 308.97 0.232918 114132 0.0543046 1.28176
0.006835 309.02 0.232918 114132 0.0536296 1.28155
0.006845 309.065 0.232918 114132 0.0530313 1.28137
0.006855 309.104 0.232918 114132 0.0523925 1.2812
0.006865 309.137 0.232918 114132 0.051755 1.28107
0.007045 309.167 0.232918 114132 0.0402024 1.28094
0.007055 309.189 0.232918 114132 0.0395678 1.28085
0.007065 309.205 0.232918 114132 0.0389343 1.28078
0.006875 309.164 0.232918 114132 0.0511159 1.28095
0.007075 309.216 0.232918 114132 0.0383072 1.28074
0.007085 309.22 0.232918 114132 0.0376496 1.28072
0.007095 309.219 0.232918 114132 0.0369999 1.28073
0.006885 309.186 0.232918 114132 0.050477 1.28087
0.007105 309.211 0.232918 114132 0.0363548 1.28076
0.007115 309.197 0.232918 114132 0.0357205 1.28082
0.007125 309.177 0.232918 114132 0.0350792 1.2809
0.007135 309.15 0.232918 114132 0.0344361 1.28101
0.006895 309.2 0.232918 114132 0.0498439 1.2808
0.007145 309.116 0.232918 114132 0.0337926 1.28115
0.007155 309.076 0.232918 114132 0.033147 1.28132
0.006905 309.208 0.232918 114132 0.0491971 1.28077
0.007165 309.029 0.232918 114132 0.0325354 1.28152
0.007175 308.974 0.232918 114132 0.0318591 1.28174
0.007185 309.024 0.232918 114132 0.0311886 1.28153
0.006915 309.21 0.232918 114132 0.0485451 1.28076
0.005765 308.964 0.232918 114130 0.121051 1.28177
0.007195 309.069 0.232918 114132 0.030593 1.28135
0.007205 309.109 0.232918 114132 0.0299612 1.28118
0.005775 309.01 0.232918 114130 0.120362 1.28158
0.005785 309.052 0.232918 114130 0.119765 1.2814
0.007215 309.143 0.232918 114132 0.0293323 1.28104
0.006925 309.205 0.232918 114132 0.0478828 1.28079
0.005795 309.09 0.232918 114130 0.119119 1.28125
0.007225 309.171 0.232918 114132 0.0287032 1.28093
0.005805 309.124 0.232918 114130 0.118474 1.28111
0.005125 309.179 0.232917 114130 0.162889 1.28087
0.007235 309.193 0.232918 114132 0.0280751 1.28083
0.005815 309.152 0.232918 114130 0.117827 1.28099
0.007245 309.21 0.232918 114132 0.0274481 1.28076
0.005135 309.192 0.232917 114130 0.162254 1.28082
0.005825 309.174 0.232918 114130 0.117178 1.2809
0.006935 309.193 0.232918 114132 0.0472492 1.28083
0.007255 309.221 0.232918 114132 0.0268313 1.28072
0.005145 309.199 0.232917 114130 0.161607 1.28079
0.005835 309.191 0.232918 114130 0.116531 1.28083
0.007265 309.227 0.232918 114132 0.0261812 1.2807
0.005155 309.201 0.232917 114130 0.160951 1.28078
0.005845 309.201 0.232918 114130 0.115885 1.28079
0.007275 309.226 0.232918 114132 0.0255443 1.2807
0.005165 309.197 0.232918 114130 0.160281 1.2808
0.005855 309.204 0.232918 114130 0.115216 1.28077
0.007285 309.22 0.232918 114132 0.0248976 1.28072
0.006945 309.174 0.232918 114132 0.0466078 1.28091
0.005865 309.201 0.232918 114130 0.114545 1.28079
0.005175 309.186 0.232918 114130 0.159638 1.28085
0.007365 309.055 0.232918 114132 0.0197853 1.28141
0.006405 309.193 0.232918 114132 0.0814334 1.28084
0.007295 309.207 0.232918 114132 0.0242746 1.28078
0.005875 309.191 0.232918 114130 0.11389 1.28083
0.005185 309.169 0.232918 114130 0.158986 1.28092
0.007305 309.189 0.232918 114132 0.0236417 1.28085
0.005885 309.174 0.232918 114130 0.113237 1.2809
0.005195 309.144 0.232918 114130 0.158329 1.28102
0.006415 309.174 0.232918 114132 0.0807817 1.28091
0.006955 309.149 0.232918 114132 0.0459638 1.28102
0.007315 309.164 0.232918 114132 0.0230067 1.28096
0.005895 309.15 0.232918 114130 0.112579 1.281
0.005205 309.112 0.232918 114130 0.157668 1.28115
0.006425 309.149 0.232918 114132 0.0801261 1.28102
0.007325 309.133 0.232918 114132 0.0223709 1.28108
0.005905 309.117 0.232918 114130 0.111922 1.28114
0.005215 309.072 0.232918 114130 0.156999 1.28132
0.007375 309.104 0.232918 114132 0.0191878 1.2812
0.006435 309.116 0.232918 114132 0.0794688 1.28115
0.006965 309.116 0.232918 114132 0.045319 1.28115
0.007335 309.095 0.232918 114132 0.0217323 1.28124
0.005915 309.078 0.232918 114130 0.111287 1.2813
0.005225 309.022 0.232918 114130 0.156359 1.28153
0.007385 309.147 0.232918 114132 0.0185536 1.28103
0.006445 309.075 0.232918 114132 0.078808 1.28132
0.006975 309.076 0.232918 114132 0.0446715 1.28132
0.007345 309.051 0.232918 114132 0.0211267 1.28142
0.005925 309.036 0.232918 114130 0.110703 1.28147
0.005235 308.962 0.232918 114130 0.155653 1.28177
0.007395 309.184 0.232918 114132 0.0179215 1.28087
0.006455 309.026 0.232918 114132 0.0781795 1.28153
0.006985 309.028 0.232918 114132 0.0440572 1.28152
0.007355 309.001 0.232918 114132 0.0204549 1.28163
0.005935 309.001 0.232918 114130 0.110204 1.28162
0.005245 309.005 0.232918 114130 0.154969 1.2816
0.007405 309.216 0.232918 114132 0.0172886 1.28074
0.006465 308.969 0.232918 114132 0.0774858 1.28176
0.006995 308.973 0.232918 114132 0.043377 1.28175
0.005945 308.976 0.232918 114130 0.109539 1.28172
0.005255 309.046 0.232918 114130 0.15438 1.28142
0.007415 309.242 0.232918 114132 0.0166562 1.28063
0.006475 309.015 0.232918 114132 0.0768037 1.28157
0.006485 309.058 0.232918 114132 0.076205 1.28139
0.007005 309.022 0.232918 114132 0.042704 1.28154
0.007425 309.261 0.232918 114132 0.0160247 1.28055
0.006495 309.096 0.232918 114132 0.0755643 1.28124
0.005955 309.04 0.232918 114131 0.108776 1.28146
0.005265 309.084 0.232918 114130 0.153742 1.28127
0.007435 309.275 0.232918 114132 0.0153977 1.28049
0.007015 309.067 0.232918 114132 0.0421068 1.28136
0.006505 309.129 0.232918 114132 0.0749257 1.2811
0.005965 309.086 0.232918 114131 0.108136 1.28127
0.006085 309.116 0.232918 114131 0.101984 1.28115
0.007445 309.284 0.232918 114132 0.0147662 1.28046
0.005275 309.117 0.232918 114130 0.153103 1.28113
0.007025 309.106 0.232918 114132 0.0414711 1.2812
0.006515 309.156 0.232918 114132 0.0742856 1.28099
0.005975 309.12 0.232918 114131 0.107521 1.28112
0.007455 309.286 0.232918 114132 0.0141205 1.28045
0.006095 309.075 0.232918 114131 0.101474 1.28132
0.005285 309.145 0.232918 114130 0.152461 1.28102
0.007035 309.139 0.232918 114132 0.0408373 1.28106
0.006525 309.179 0.232918 114132 0.0736456 1.28089
0.005985 309.148 0.232918 114131 0.106945 1.28101
0.007465 309.282 0.232918 114132 0.0134708 1.28047
0.006105 309.025 0.232918 114131 0.100969 1.28153
0.005295 309.168 0.232918 114130 0.151818 1.28092
0.006535 309.196 0.232918 114132 0.073006 1.28082
0.005995 309.171 0.232918 114131 0.10639 1.28091
0.005445 309.104 0.232918 114130 0.142051 1.28119
0.006005 309.189 0.232918 114131 0.105857 1.28084
0.004485 310.699 0.232754 114130 0.204632 1.27437
0.006015 309.201 0.232918 114131 0.105353 1.28079
0.006025 309.208 0.232918 114131 0.104878 1.28076
0.004805 309.234 0.232915 114130 0.1837 1.28063
0.004495 310.51 0.232771 114130 0.204707 1.27517
0.005455 309.137 0.232918 114130 0.141388 1.28105
0.006035 309.209 0.232918 114131 0.104412 1.28076
0.004505 310.324 0.232787 114131 0.204953 1.27596
0.001925 2239.84 0.0710579 114135 0.255263 0.17501
0.004815 309.223 0.232915 114130 0.183065 1.28068
0.005465 309.163 0.232918 114130 0.140731 1.28094
0.006045 309.204 0.232918 114131 0.103888 1.28078
0.004515 310.137 0.232801 114131 0.205274 1.27675
0.002245 2332.92 0.0587495 114135 0.214074 0.16805
0.004825 309.206 0.232915 114130 0.182418 1.28075
0.005475 309.182 0.232918 114130 0.14008 1.28086
0.006055 309.192 0.232918 114131 0.10342 1.28083
0.001935 2251.5 0.0701517 114135 0.254041 0.174106
0.004525 309.949 0.232813 114132 0.20547 1.27754
0.004835 309.183 0.232916 114130 0.181772 1.28085
0.005485 309.196 0.232918 114130 0.139436 1.28081
0.002255 2326.16 0.0591323 114135 0.213535 0.168537
0.006065 309.174 0.232918 114131 0.10295 1.28091
0.004535 309.891 0.232825 114132 0.20519 1.2778
0.001945 2263.08 0.0692503 114135 0.252742 0.173217
0.001605 1836.46 0.102552 114129 0.304994 0.213339
0.005495 309.203 0.232918 114130 0.138786 1.28078
0.004845 309.154 0.232916 114130 0.181125 1.28097
0.002265 2319.39 0.0595152 114135 0.212848 0.169028
0.006075 309.149 0.232918 114131 0.102474 1.28101
0.004545 309.84 0.232835 114132 0.204567 1.27802
0.001955 2274.6 0.0683538 114135 0.251359 0.172343
0.005505 309.205 0.232918 114130 0.138125 1.28077
0.001615 1849.79 0.101493 114129 0.305237 0.211805
0.004855 309.119 0.232916 114130 0.180478 1.28112
0.000965 973.953 0.175329 114130 0.216463 0.402816
0.004865 309.077 0.232916 114130 0.179825 1.28129
0.002565 2045.16 0.0715964 114129 0.141213 0.191577
0.004875 309.029 0.232916 114130 0.179196 1.28149
0.000975 986.453 0.174223 114130 0.218573 0.397684
0.000325 399.72 0.226124 114129 0.0994896 0.98797
0.002575 2035.02 0.0720036 114129 0.14042 0.192526
0.004885 308.972 0.232917 114130 0.178493 1.28173
0.000985 999.02 0.173112 114130 0.22068 0.392655
0.001285 1398.64 0.138475 114129 0.276194 0.280121
0.002585 2024.84 0.0724092 114129 0.139627 0.19349
0.004895 309.018 0.232917 114130 0.177806 1.28154
0.000995 1011.65 0.171995 114130 0.222777 0.387726
0.000335 404.106 0.225754 114129 0.100574 0.977156
0.004165 335.667 0.229491 114129 0.212909 1.17761
0.001295 1412.41 0.137311 114129 0.277661 0.277385
0.002595 2014.6 0.072813 114129 0.138855 0.194468
0.004905 309.062 0.232917 114130 0.177212 1.28135
0.001005 1024.35 0.170875 114130 0.224862 0.382894
0.000345 408.66 0.225368 114129 0.101696 0.966172
0.004175 333.419 0.22975 114130 0.212896 1.18567
0.001305 1426.19 0.136148 114129 0.279096 0.2747
0.002605 2004.32 0.0732147 114129 0.138113 0.195461
0.004915 309.101 0.232917 114130 0.176561 1.28119
0.001015 1037.11 0.169749 114130 0.226936 0.378159
0.000355 413.385 0.224966 114129 0.102853 0.955036
5e-06 337.997 0.23118 114129 0.0834231 1.1702
0.004185 331.751 0.229992 114129 0.212905 1.19174
0.004925 309.133 0.232917 114130 0.175912 1.28106
0.002615 1993.99 0.0736142 114129 0.137403 0.196469
0.001315 1439.98 0.134986 114129 0.280499 0.272065
0.001025 1049.94 0.16862 114130 0.229 0.373518
0.000365 418.279 0.224549 114129 0.104047 0.943768
0.004195 330.18 0.230219 114129 0.213202 1.19752
0.000645 620.803 0.20679 114130 0.149483 0.633884
1.5e-05 338.08 0.231174 114129 0.083452 1.16991
0.004935 309.16 0.232917 114130 0.175261 1.28095
0.002625 1983.61 0.0740111 114129 0.136726 0.197491
0.001325 1453.78 0.133826 114129 0.281868 0.26948
0.000375 423.342 0.224117 114129 0.105275 0.932384
0.001035 1062.82 0.167486 114130 0.231051 0.36897
0.004205 328.7 0.230431 114130 0.213088 1.20302
2.5e-05 338.25 0.231161 114129 0.0835061 1.16932
0.004945 309.18 0.232917 114130 0.174614 1.28087
0.000655 630.157 0.205958 114130 0.15144 0.624404
0.002635 1973.19 0.0744051 114129 0.136083 0.198529
0.001335 1467.58 0.132668 114129 0.283204 0.266942
0.001045 1075.75 0.166349 114130 0.23309 0.364511
0.000385 428.576 0.223669 114129 0.106538 0.920904
0.004215 327.307 0.23063 114130 0.213179 1.20824
3.5e-05 338.51 0.23114 114129 0.0835823 1.16841
0.004955 309.194 0.232917 114130 0.173972 1.28081
0.002645 1962.73 0.0747961 114129 0.135476 0.199582
0.000665 639.639 0.205113 114130 0.153412 0.61508
0.001345 1481.39 0.131512 114129 0.284505 0.264452
0.001055 1088.75 0.165209 114130 0.235116 0.360141
0.004225 325.995 0.230814 114130 0.213162 1.21321
0.000395 433.978 0.223205 114129 0.107835 0.909345
4.5e-05 338.863 0.231113 114129 0.0836824 1.16718
0.002655 1952.22 0.0751837 114129 0.134907 0.200651
0.004965 309.203 0.232917 114130 0.173328 1.28077
0.000675 649.246 0.204258 114130 0.155399 0.60591
0.001355 1495.2 0.130358 114129 0.285772 0.262007
0.001065 1101.79 0.164065 114130 0.237127 0.355857
0.004235 324.76 0.230986 114130 0.213112 1.21792
0.000405 439.55 0.222726 114129 0.109165 0.897723
5.5e-05 339.313 0.231078 114129 0.0838075 1.16561
0.002665 1941.67 0.0755677 114129 0.134378 0.201736
0.004975 309.205 0.232917 114130 0.172668 1.28076
0.000685 658.977 0.20339 114130 0.157401 0.596897
0.004245 323.596 0.231146 114130 0.213024 1.22239
0.001075 1114.89 0.162918 114129 0.239124 0.351658
0.001365 1509.01 0.129207 114129 0.287003 0.259608
0.000415 445.289 0.222231 114129 0.110529 0.886057
6.5e-05 339.862 0.231035 114129 0.0839588 1.16371
0.004985 309.202 0.232917 114130 0.171999 1.28078
0.002675 1931.08 0.0759477 114129 0.133889 0.202838
0.000695 668.83 0.202512 114130 0.159417 0.58804
0.004255 322.498 0.231294 114130 0.212901 1.22664
0.001085 1128.04 0.161768 114129 0.241105 0.347542
0.001375 1522.81 0.128057 114129 0.288198 0.257252
0.000425 451.196 0.221721 114129 0.111925 0.874362
0.004995 309.192 0.232917 114130 0.17135 1.28082
7.5e-05 340.514 0.230984 114129 0.0841375 1.16146
0.002685 1920.45 0.0763235 114129 0.133443 0.203955
0.000705 678.803 0.201622 114130 0.161446 0.579338
0.004265 321.464 0.231432 114130 0.212745 1.23067
0.001095 1141.24 0.160615 114129 0.24307 0.343507
0.001385 1536.62 0.126911 114129 0.289357 0.25494
0.000435 457.27 0.221195 114129 0.113353 0.862653
0.005005 309.176 0.232917 114130 0.170696 1.28089
8.5e-05 341.273 0.230925 114129 0.0843445 1.15885
0.002695 1909.78 0.0766948 114129 0.13304 0.205089
0.004275 320.487 0.231559 114130 0.212559 1.2345
0.000715 688.893 0.200722 114130 0.163486 0.57079
0.001105 1154.48 0.15946 114129 0.245017 0.339551
0.001395 1550.42 0.125766 114129 0.29048 0.25267
0.000445 463.509 0.220654 114129 0.114812 0.850947
0.005015 309.151 0.232917 114130 0.170035 1.28099
9.5e-05 342.141 0.230856 114129 0.0845809 1.15588
0.002705 1899.07 0.0770611 114129 0.132682 0.20624
0.004285 319.565 0.231677 114130 0.212345 1.23814
0.000725 699.1 0.199812 114130 0.165542 0.562397
0.001115 1167.76 0.158302 114129 0.246947 0.335672
0.001405 1564.21 0.124625 114129 0.291565 0.250441
0.000455 469.912 0.220098 114129 0.116304 0.839257
0.005025 309.119 0.232917 114130 0.16937 1.28112
0.002715 1888.33 0.0774223 114129 0.132369 0.207408
0.000105 343.123 0.230779 114129 0.0848475 1.15254
0.004295 318.695 0.231785 114130 0.212104 1.24159
0.000735 709.42 0.19889 114130 0.167536 0.554157
0.001125 1181.09 0.157143 114129 0.248859 0.33187
0.005035 309.077 0.232917 114130 0.168697 1.28129
0.000465 476.479 0.219526 114129 0.11782 0.827597
0.001415 1578 0.123487 114129 0.292613 0.248253
0.002725 1877.55 0.0777779 114129 0.132102 0.208594
0.004305 317.871 0.231886 114130 0.211839 1.24488
0.000115 344.221 0.230692 114129 0.0851451 1.14883
0.000745 719.853 0.197959 114130 0.169815 0.546068
0.001135 1194.46 0.155981 114129 0.250751 0.328142
0.005045 309.026 0.232917 114130 0.168053 1.28151
0.000475 483.208 0.218939 114129 0.119438 0.81598
0.002735 1866.74 0.0781275 114129 0.131883 0.209796
0.001425 1591.77 0.122351 114129 0.293623 0.246104
0.004315 317.092 0.231978 114130 0.211548 1.248
0.000125 345.44 0.230596 114129 0.0854747 1.14473
0.000755 730.395 0.197018 114130 0.171694 0.538131
0.001145 1207.87 0.154818 114129 0.252624 0.324486
0.005055 308.964 0.232917 114130 0.167345 1.28176
0.000485 490.098 0.218337 114130 0.120816 0.804418
0.002745 1855.9 0.078471 114129 0.131714 0.211017
0.001435 1605.54 0.121219 114129 0.294595 0.243994
0.004325 316.354 0.232063 114130 0.21123 1.25098
0.000135 346.782 0.230489 114129 0.0858371 1.14026
0.000765 741.047 0.196067 114130 0.173857 0.530342
0.005065 309.004 0.232917 114130 0.166659 1.2816
0.001155 1221.32 0.153654 114129 0.254475 0.320902
0.002885 1702.08 0.0823936 114129 0.135652 0.230018
0.000495 497.146 0.217721 114129 0.122622 0.792921
0.002755 1845.03 0.0788078 114129 0.131594 0.212255
0.001445 1619.29 0.12009 114129 0.295529 0.241922
0.004335 315.652 0.232141 114130 0.210879 1.25382
0.000775 751.804 0.195106 114130 0.175955 0.522701
0.000145 348.252 0.230372 114129 0.0862328 1.1354
0.005075 309.043 0.232917 114130 0.166073 1.28144
0.001165 1234.8 0.152488 114129 0.256304 0.317387
0.002895 1691.07 0.0825923 114129 0.136491 0.231513
0.002765 1834.13 0.0791376 114129 0.131527 0.213511
0.001455 1633.03 0.118965 114129 0.296423 0.239888
0.000505 504.353 0.217089 114129 0.124186 0.781502
0.004345 314.982 0.232213 114130 0.210489 1.25654
0.000785 762.666 0.194137 114130 0.178064 0.515205
0.005085 309.079 0.232917 114130 0.165437 1.28129
0.001175 1248.31 0.151322 114129 0.258109 0.31394
0.000155 349.851 0.230244 114129 0.0866627 1.13016
0.002775 1823.2 0.0794599 114129 0.131513 0.214786
0.002905 1680.07 0.0827776 114129 0.13742 0.233025
0.001465 1646.75 0.117843 114129 0.297278 0.237889
0.004355 314.336 0.232279 114130 0.210076 1.25918
0.000515 511.715 0.216443 114129 0.125848 0.770169
0.000795 773.631 0.193158 114130 0.18018 0.507853
0.005095 309.111 0.232917 114130 0.164803 1.28116
0.001185 1261.85 0.150154 114129 0.25989 0.31056
0.000165 351.585 0.230105 114129 0.0871271 1.12453
0.002785 1812.25 0.0797745 114129 0.131556 0.216078
0.004365 313.923 0.232338 114130 0.209693 1.26088
0.001475 1660.46 0.116724 114129 0.298093 0.235926
0.002915 1669.09 0.0829487 114129 0.138443 0.234554
0.000805 784.696 0.19217 114130 0.182301 0.500643
0.000525 519.232 0.215782 114129 0.12753 0.758932
0.005105 309.138 0.232917 114130 0.164166 1.28104
0.001195 1275.43 0.148986 114129 0.261646 0.307245
0.002795 1801.28 0.0800808 114129 0.131658 0.217389
0.000175 353.455 0.229954 114129 0.0876266 1.11853
0.004375 313.543 0.232393 114130 0.209319 1.26246
0.001485 1674.14 0.11561 114129 0.298869 0.233999
0.002925 1658.14 0.0831052 114129 0.139562 0.236101
0.000815 795.861 0.191173 114130 0.184428 0.493573
0.005115 309.161 0.232917 114130 0.163528 1.28095
0.000535 526.901 0.215107 114129 0.129237 0.747799
0.001205 1289.03 0.147818 114129 0.263375 0.303994
0.002805 1790.3 0.0803785 114129 0.13182 0.218718
0.000185 355.466 0.229792 114129 0.0881616 1.11214
0.004385 313.191 0.232444 114130 0.208914 1.26392
0.001495 1687.81 0.114499 114129 0.299604 0.232105
0.003525 808.018 0.170013 114130 0.170672 0.485427
0.001505 1701.46 0.113392 114129 0.300299 0.230245
0.003845 480.227 0.209767 114130 0.194369 0.819611
0.003205 1269.51 0.117596 114130 0.132046 0.308403
0.003535 795.607 0.171449 114130 0.171439 0.493041
0.001515 1715.08 0.112289 114129 0.300953 0.228417
0.003855 473.461 0.210745 114130 0.195497 0.831438
0.007475 309.273 0.232918 114132 0.0128452 1.2805
0.003545 783.156 0.172873 114130 0.172162 0.500922
0.001525 1728.68 0.11119 114129 0.301567 0.226622
0.003215 1253.95 0.119409 114130 0.13383 0.312239
0.003865 466.803 0.211701 114130 0.196518 0.843413
0.007485 309.258 0.232918 114132 0.0122165 1.28057
0.003555 770.66 0.174286 114130 0.172838 0.509089
0.006115 308.967 0.232918 114132 0.1004 1.28177
0.001535 1742.26 0.110095 114129 0.30214 0.224858
0.003225 1238.38 0.121212 114130 0.13557 0.316174
0.003875 460.253 0.212635 114130 0.197512 0.855536
0.007495 309.237 0.232918 114132 0.0115858 1.28065
0.003565 758.113 0.175688 114130 0.173462 0.51756
0.006125 309.012 0.232918 114132 0.099767 1.28159
0.001545 1755.81 0.109004 114129 0.302671 0.223125
0.003235 1222.79 0.123004 114130 0.137265 0.320213
0.003885 453.81 0.213545 114130 0.198469 0.867805
0.007505 309.21 0.232918 114132 0.0109528 1.28077
0.003575 745.507 0.177079 114130 0.174106 0.526359
0.005305 309.185 0.232918 114130 0.151175 1.28085
0.006135 309.054 0.232918 114132 0.0992165 1.28141
0.003245 1207.2 0.124787 114130 0.138912 0.324361
0.001555 1769.33 0.107917 114129 0.303161 0.221422
0.003895 447.473 0.214433 114130 0.199387 0.88022
0.007515 309.177 0.232918 114132 0.0103525 1.2809
0.003585 732.835 0.17846 114130 0.17442 0.535509
0.006545 309.208 0.232918 114132 0.0723775 1.28077
0.006145 309.091 0.232918 114132 0.0985997 1.28126
0.005315 309.196 0.232918 114130 0.150538 1.2808
0.003255 1191.58 0.126559 114130 0.140512 0.328623
0.003905 441.239 0.215298 114130 0.200264 0.892783
0.001565 1782.82 0.106835 114129 0.30361 0.219748
0.007525 309.139 0.232918 114132 0.0096884 1.28106
0.003595 720.088 0.179831 114130 0.175085 0.545039
0.006555 309.213 0.232918 114132 0.0717134 1.28075
0.006155 309.123 0.232918 114132 0.0979632 1.28112
0.005325 309.201 0.232918 114130 0.149872 1.28078
0.003265 1175.94 0.12832 114130 0.142061 0.333006
0.003915 435.108 0.216139 114130 0.201098 0.905495
0.001575 1796.28 0.105758 114129 0.304018 0.218104
0.007535 309.208 0.232918 114132 0.00902302 1.28077
0.003605 707.258 0.181193 114130 0.175426 0.554979
0.006565 309.213 0.232918 114132 0.0710657 1.28075
0.006165 309.151 0.232918 114132 0.0973072 1.28101
0.005335 309.199 0.232918 114130 0.14921 1.28079
0.003275 1160.27 0.13007 114130 0.143559 0.337516
0.003925 429.075 0.216957 114130 0.201883 0.918358
0.001585 1809.7 0.104685 114129 0.304384 0.216488
0.007545 309.273 0.232918 114132 0.00843046 1.28051
0.003615 694.333 0.182544 114130 0.175936 0.565363
0.006575 309.207 0.232918 114132 0.0704017 1.28078
0.006175 309.173 0.232918 114132 0.0966384 1.28092
0.005345 309.191 0.232918 114130 0.148553 1.28083
0.003935 423.139 0.21775 114130 0.202615 0.931376
0.003285 1144.57 0.131809 114130 0.145004 0.34216
0.001595 1823.1 0.103616 114129 0.30471 0.2149
0.007555 309.332 0.232918 114132 0.00780194 1.28026
0.003625 681.334 0.183886 114135 0.177159 0.576229
0.006585 309.194 0.232918 114132 0.0697661 1.28083
0.005355 309.176 0.232918 114130 0.14791 1.28089
0.002275 2312.6 0.0598985 114135 0.212019 0.169523
0.005365 309.154 0.232918 114130 0.147263 1.28098
0.004555 309.795 0.232844 114131 0.203471 1.27822
0.005375 309.126 0.232918 114130 0.146622 1.2811
0.001965 2286.04 0.0674624 114135 0.249882 0.171483
0.002285 2305.78 0.0602827 114135 0.211063 0.170022
0.004565 309.753 0.232852 114131 0.202023 1.2784
0.005385 309.093 0.232918 114130 0.145986 1.28123
0.002295 2298.82 0.060668 114129 0.209999 0.170527
0.005515 309.201 0.232918 114130 0.137453 1.28078
0.001975 2297.4 0.0665766 114135 0.248306 0.170638
0.005395 309.055 0.232918 114130 0.145348 1.28139
0.004575 309.714 0.232859 114131 0.200414 1.27856
0.001625 1863.07 0.100438 114129 0.305439 0.210297
0.002305 2290.25 0.0610548 114135 0.208724 0.17117
0.005405 309.013 0.232918 114130 0.144733 1.28156
0.004585 309.677 0.232866 114130 0.198851 1.27872
0.005525 309.191 0.232918 114130 0.136805 1.28083
0.001985 2308.67 0.0656967 114135 0.246627 0.169807
0.002315 2281.52 0.0614434 114135 0.207335 0.171823
0.001635 1876.32 0.0993879 114129 0.305601 0.208814
0.002935 1647.23 0.0832464 114129 0.14078 0.237663
0.005415 308.963 0.232918 114130 0.144031 1.28177
0.004595 309.642 0.232872 114130 0.197491 1.27887
0.005535 309.174 0.232918 114130 0.13615 1.2809
0.001995 2319.86 0.0648231 114135 0.244846 0.16899
0.002325 2272.74 0.061834 114135 0.205962 0.172485
0.001645 1889.54 0.0983428 114129 0.305722 0.207357
0.005425 309.016 0.232918 114130 0.143337 1.28155
0.002945 1636.34 0.0833719 114129 0.142102 0.239242
0.004605 309.606 0.232877 114130 0.196405 1.27902
0.005545 309.149 0.232918 114130 0.135489 1.281
0.002005 2330.97 0.0639563 114135 0.24297 0.168187
0.002335 2263.9 0.0622265 114135 0.204577 0.173156
0.005435 309.064 0.232918 114130 0.14272 1.28135
0.001655 1902.71 0.0973024 114129 0.305804 0.205924
0.004615 309.57 0.232882 114130 0.19558 1.27918
0.005555 309.116 0.232918 114130 0.134824 1.28114
0.000825 807.122 0.190169 114130 0.186559 0.48664
0.005565 309.075 0.232918 114130 0.134154 1.28131
0.000545 534.721 0.214418 114130 0.130968 0.736777
0.000835 818.479 0.189155 114130 0.188695 0.479843
0.005575 309.025 0.232918 114130 0.133512 1.28152
0.000845 829.929 0.188134 114130 0.190833 0.47318
0.000555 542.69 0.213715 114130 0.132721 0.725874
0.005585 308.965 0.232918 114130 0.132807 1.28177
0.001215 1302.66 0.146649 114129 0.265078 0.300806
0.000855 841.47 0.187105 114130 0.192974 0.466648
0.000565 550.806 0.212998 114130 0.134498 0.715095
0.005595 309.007 0.232918 114130 0.132118 1.28159
0.000195 357.619 0.229617 114129 0.0887326 1.10538
0.001225 1316.31 0.14548 114129 0.266753 0.297678
0.000865 853.102 0.186068 114130 0.195116 0.460245
0.005605 309.048 0.232918 114130 0.131524 1.28142
0.000575 559.067 0.212268 114130 0.136298 0.704446
0.002815 1779.29 0.0806671 114129 0.132046 0.220066
0.001235 1329.99 0.144311 114129 0.268399 0.29461
0.000205 359.918 0.229431 114129 0.0893398 1.09825
0.000875 864.821 0.185024 114130 0.19726 0.453969
0.005615 309.084 0.232918 114130 0.130882 1.28127
0.000585 567.472 0.211524 114130 0.138121 0.693932
0.002825 1768.28 0.0809461 114129 0.132339 0.221432
0.001245 1343.68 0.143142 114129 0.270018 0.2916
0.000215 362.366 0.229231 114129 0.0899837 1.09077
0.005625 309.116 0.232918 114130 0.130242 1.28114
0.000885 876.627 0.183973 114130 0.199403 0.447817
0.000595 576.019 0.210767 114130 0.139965 0.683558
0.002835 1757.25 0.0812152 114129 0.132701 0.222817
0.001255 1357.4 0.141974 114129 0.271607 0.288647
0.000225 364.964 0.229019 114129 0.0906643 1.08293
0.005635 309.144 0.232918 114130 0.129599 1.28102
0.000895 888.516 0.182915 114130 0.201546 0.441788
0.000605 584.704 0.209997 114130 0.141831 0.673326
0.002845 1746.22 0.0814738 114129 0.133135 0.224221
0.001265 1371.13 0.140807 114129 0.273166 0.285751
0.000235 367.717 0.228793 114129 0.0913819 1.07475
0.005645 309.167 0.232918 114130 0.128954 1.28093
0.000905 900.488 0.18185 114130 0.203688 0.435878
0.000615 593.528 0.209214 114130 0.143716 0.66324
0.002855 1735.18 0.0817214 114129 0.133644 0.225643
0.001275 1384.87 0.139641 114129 0.274695 0.282909
0.004395 312.865 0.23249 114130 0.208489 1.26528
0.005655 309.184 0.232918 114130 0.128309 1.28086
0.000245 370.625 0.228554 114129 0.0921363 1.06624
0.000915 912.541 0.180778 114130 0.205827 0.430087
0.002865 1724.14 0.0819576 114129 0.134231 0.227083
0.000625 602.487 0.208418 114130 0.145621 0.653303
0.005665 309.196 0.232918 114130 0.127673 1.28081
0.004405 312.56 0.232531 114130 0.20805 1.26655
0.000255 373.691 0.2283 114129 0.0929274 1.05741
0.000925 924.673 0.1797 114130 0.207963 0.42441
0.002875 1713.11 0.0821818 114129 0.134899 0.228542
0.006185 309.189 0.232918 114132 0.0959623 1.28085
0.003945 417.295 0.21852 114130 0.203287 0.944557
0.003295 1128.83 0.133537 114130 0.146393 0.346945
0.006195 309.201 0.232918 114132 0.095294 1.2808
0.003955 411.537 0.219266 114130 0.203892 0.957911
0.003305 1113.05 0.135254 114130 0.147724 0.351879
0.006205 309.206 0.232918 114131 0.0945858 1.28078
0.003965 405.86 0.219988 114130 0.20442 0.971451
0.003315 1097.22 0.136959 114130 0.148995 0.356973
0.006215 309.206 0.232918 114131 0.0939074 1.28078
0.003975 400.255 0.220686 114130 0.204865 0.985196
0.007565 309.386 0.232918 114132 0.00717604 1.28004
0.006225 309.2 0.232918 114132 0.0932206 1.28081
0.003325 1081.34 0.138654 114130 0.150204 0.362235
0.003635 671.567 0.185214 114130 0.177176 0.584642
0.003985 394.713 0.22136 114130 0.205213 0.999173
0.006235 309.187 0.232918 114132 0.0925631 1.28086
0.007575 309.436 0.232918 114132 0.00654985 1.27983
0.006595 309.174 0.232918 114132 0.069119 1.28091
0.003335 1065.39 0.140337 114130 0.151347 0.367675
0.003995 389.226 0.22201 114131 0.205687 1.01342
0.003645 661.87 0.186531 114130 0.178243 0.593267
0.006245 309.169 0.232918 114132 0.0918979 1.28093
0.002955 1625.5 0.0834809 114129 0.14353 0.240835
0.007585 309.48 0.232918 114132 0.00592433 1.27965
0.003345 1049.38 0.142009 114130 0.152422 0.373307
0.006605 309.148 0.232918 114132 0.0684692 1.28102
0.004005 385.061 0.222632 114130 0.206238 1.02451
0.003655 652.213 0.187834 114130 0.179258 0.602113
0.006255 309.143 0.232918 114132 0.0912337 1.28104
0.007595 309.52 0.232918 114132 0.00529937 1.27948
0.002965 1614.71 0.083573 114129 0.145067 0.242443
0.003355 1033.28 0.14367 114130 0.153426 0.379142
0.006615 309.115 0.232918 114132 0.0678179 1.28116
0.004015 381.04 0.223232 114130 0.207012 1.03547
0.003665 642.594 0.189123 114130 0.180267 0.611189
0.006265 309.111 0.232918 114132 0.0905706 1.28117
0.007605 309.556 0.232918 114132 0.00467495 1.27934
0.002975 1603.98 0.0836475 114129 0.146718 0.244065
0.003365 1017.1 0.14532 114130 0.154358 0.385196
0.006625 309.074 0.232918 114132 0.067163 1.28133
0.004025 377.16 0.223807 114129 0.207734 1.04627
0.006275 309.071 0.232918 114132 0.0899055 1.28134
0.003675 633.012 0.190398 114130 0.181252 0.620506
0.002015 2341.98 0.0630967 114135 0.241019 0.167399
0.007615 309.586 0.232918 114132 0.00405104 1.27921
0.003375 1000.83 0.146959 114130 0.155226 0.391483
0.002985 1593.3 0.0837039 114129 0.148486 0.245699
0.006635 309.025 0.232918 114132 0.0665406 1.28153
0.004035 373.417 0.224358 114129 0.208421 1.0569
0.006285 309.023 0.232918 114132 0.0892734 1.28154
0.003685 623.465 0.19166 114130 0.182212 0.630075
0.007625 309.612 0.232918 114132 0.00342764 1.2791
0.002025 2352.61 0.0622448 114121 0.238865 0.166624
0.002995 1582.7 0.0837414 114129 0.150379 0.247346
0.003385 984.45 0.148588 114130 0.156185 0.398021
0.006645 308.968 0.232918 114132 0.0658526 1.28177
0.004045 369.81 0.224884 114129 0.209063 1.06736
0.006295 308.967 0.232918 114132 0.0885756 1.28177
0.003695 613.951 0.192907 114130 0.183144 0.639908
0.007635 309.634 0.232918 114132 0.00280483 1.27901
0.002035 2359.34 0.0614007 114135 0.236485 0.166172
0.003005 1572.17 0.0837596 114129 0.152257 0.249003
0.006655 309.015 0.232918 114132 0.065175 1.28157
0.003395 968.021 0.150206 114137 0.157734 0.404828
0.004055 366.334 0.225387 114129 0.20966 1.07763
0.006305 309.015 0.232918 114132 0.0878912 1.28157
0.007645 309.652 0.232918 114132 0.00218307 1.27894
0.003705 604.468 0.19414 114130 0.184048 0.650018
0.002045 2365.69 0.0605636 114135 0.233984 0.165727
0.003015 1561.72 0.0837577 114130 0.156252 0.25067
0.006665 309.058 0.232918 114132 0.0645778 1.28139
0.003405 955.641 0.151811 114130 0.158118 0.410071
0.004065 362.988 0.225866 114129 0.21021 1.0877
0.006315 309.059 0.232918 114132 0.087291 1.28139
0.007655 309.665 0.232918 114132 0.00156261 1.27888
0.003715 595.014 0.195359 114130 0.184921 0.66042
0.002055 2371.96 0.0597342 114135 0.231541 0.165291
0.003025 1551.18 0.0837839 114118 0.125053 0.252349
0.006675 309.096 0.232918 114132 0.0639399 1.28124
0.004075 359.766 0.226322 114129 0.210714 1.09759
0.003415 943.34 0.153403 114130 0.159401 0.415446
0.006325 309.098 0.232918 114132 0.0866462 1.28123
0.007665 309.673 0.232918 114132 0.000954258 1.27885
0.003725 585.585 0.196563 114130 0.185761 0.67113
0.002065 2378.16 0.0589139 114135 0.229223 0.164862
0.003035 1535.53 0.085653 114130 0.09423 0.254945
0.006685 309.129 0.232918 114132 0.0633042 1.2811
0.004085 356.666 0.226756 114129 0.211171 1.10727
0.006335 309.131 0.232918 114132 0.0860023 1.28109
0.003425 931.052 0.15498 114130 0.160629 0.420958
0.007675 309.678 0.232918 114132 0.000311427 1.27883
0.003735 576.179 0.197752 114130 0.186566 0.682164
0.002345 2255 0.062621 114135 0.203189 0.173837
0.003045 1519.71 0.0875704 114130 0.0985067 0.257596
0.002075 2384.28 0.0581066 114135 0.227056 0.164441
0.006695 309.156 0.232918 114132 0.0626673 1.28099
0.004095 353.683 0.227168 114129 0.211581 1.11674
0.006345 309.159 0.232918 114132 0.0853559 1.28097
0.003435 918.772 0.156543 114130 0.161826 0.426614
0.003745 566.793 0.198927 114130 0.187332 0.693543
0.001665 1915.84 0.0962669 114129 0.305844 0.204516
0.004625 309.533 0.232886 114130 0.194942 1.27934
0.003755 557.421 0.200086 114130 0.188055 0.705287
0.001675 1928.93 0.0952363 114129 0.305847 0.203131
0.000635 611.579 0.20761 114130 0.147544 0.643517
0.005675 309.203 0.232918 114130 0.127012 1.28078
0.004635 309.494 0.23289 114130 0.194396 1.27951
0.004415 312.276 0.232569 114130 0.207596 1.26774
0.004645 309.452 0.232893 114130 0.193862 1.27969
0.000265 376.917 0.228033 114129 0.0937549 1.04828
0.004425 312.01 0.232604 114130 0.207122 1.26885
0.004655 309.406 0.232896 114130 0.193297 1.27988
0.000275 380.305 0.227752 114129 0.0946189 1.03886
0.004435 311.761 0.232636 114130 0.206623 1.2699
0.004665 309.356 0.232898 114130 0.192688 1.2801
0.000935 936.882 0.178616 114130 0.210096 0.418848
0.003055 1503.93 0.0894855 114130 0.100725 0.260298
0.004445 311.526 0.232664 114130 0.206103 1.27088
0.004675 309.3 0.232901 114130 0.192045 1.28033
0.000285 383.856 0.227456 114129 0.0955195 1.02916
0.002355 2246.05 0.0630174 114135 0.201809 0.174527
0.000945 949.166 0.177526 114130 0.212224 0.413396
0.006705 309.178 0.232918 114132 0.0620308 1.2809
0.004455 311.305 0.23269 114130 0.205585 1.27182
0.004685 309.237 0.232903 114130 0.191379 1.2806
0.003065 1488.17 0.0913977 114130 0.103054 0.263053
0.000955 961.524 0.176431 114130 0.214346 0.408053
0.002365 2237.04 0.0634158 114135 0.20044 0.175227
0.000295 387.572 0.227145 114129 0.0964566 1.01921
0.004465 311.095 0.232713 114130 0.20512 1.2727
0.002085 2390.35 0.0573231 114135 0.225014 0.164027
0.004105 350.813 0.227559 114129 0.211944 1.12602
0.004475 310.893 0.232735 114130 0.20478 1.27355
0.006355 309.181 0.232918 114132 0.084709 1.28088
0.003445 906.498 0.158092 114130 0.162979 0.432422
0.006365 309.196 0.232918 114132 0.0840656 1.28082
0.003455 894.225 0.159627 114130 0.16409 0.438389
0.003765 548.06 0.20123 114130 0.188728 0.71742
0.006375 309.205 0.232918 114132 0.0834158 1.28078
0.001685 1941.97 0.0942106 114129 0.305834 0.201769
0.003465 881.949 0.161149 114130 0.165158 0.444523
0.005685 309.203 0.232918 114130 0.126356 1.28078
0.006385 309.208 0.232918 114131 0.0827516 1.28077
0.003775 538.704 0.202358 114130 0.189345 0.729971
0.003475 869.668 0.162658 114130 0.166183 0.450835
0.001695 1954.97 0.0931898 114129 0.305811 0.20043
0.006395 309.204 0.232918 114132 0.0820805 1.28079
0.005695 309.198 0.232918 114130 0.12568 1.2808
0.003785 529.346 0.20347 114130 0.189899 0.742969
0.006715 309.194 0.232918 114132 0.0613956 1.28083
0.003485 857.376 0.164154 114130 0.167166 0.457334
0.001705 1967.93 0.092174 114129 0.305654 0.199114
0.005705 309.186 0.232918 114130 0.125037 1.28085
0.004695 309.166 0.232905 114130 0.190738 1.28089
0.005715 309.168 0.232918 114130 0.124382 1.28092
0.003075 1472.44 0.0933065 114130 0.105346 0.265863
0.004705 309.087 0.232906 114130 0.190035 1.28123
0.005725 309.143 0.232918 114130 0.123723 1.28103
0.002375 2227.97 0.0638161 114135 0.199088 0.175937
0.003085 1456.73 0.0952115 114130 0.107608 0.26873
0.004715 309.114 0.232907 114130 0.189363 1.28112
0.005735 309.111 0.232918 114130 0.123061 1.28116
0.003095 1441.05 0.0971121 114130 0.109838 0.271655
0.002385 2218.84 0.0642181 114135 0.197756 0.176658
0.004725 309.141 0.232909 114130 0.188791 1.28101
0.005745 309.071 0.232918 114130 0.122393 1.28133
0.000305 391.454 0.22682 114129 0.0974306 1.00902
0.003105 1425.38 0.0990078 114130 0.112036 0.274641
0.002395 2209.66 0.0646217 114135 0.196442 0.177389
0.004735 309.166 0.23291 114130 0.18817 1.2809
0.005755 309.022 0.232918 114130 0.121755 1.28153
0.002095 2396.36 0.0565869 114135 0.223084 0.163619
0.004115 348.052 0.227929 114129 0.212256 1.13508
0.003795 519.977 0.204565 114130 0.190392 0.756452
0.002105 2402.32 0.055939 114135 0.221399 0.163216
0.004125 345.395 0.228279 114129 0.212516 1.14395
0.003495 845.07 0.165637 114130 0.168107 0.46403
0.003805 510.59 0.205644 114130 0.190872 0.770459
0.002115 2408.27 0.0554346 114135 0.220228 0.162816
0.004135 342.835 0.228609 114129 0.212718 1.15262
0.001715 1980.84 0.0911631 114129 0.304915 0.197819
0.003115 1409.74 0.100898 114130 0.1142 0.27769
0.003505 832.745 0.167108 114130 0.169005 0.470936
0.002125 2413.34 0.0551244 114094 0.219461 0.162416
0.003815 501.184 0.206706 114133 0.19179 0.785039
0.004145 340.365 0.228921 114129 0.212856 1.16111
0.001725 1993.71 0.0901572 114129 0.302796 0.196546
0.002405 2200.42 0.0650269 114135 0.195148 0.178131
0.002135 2407.46 0.0550285 114135 0.218394 0.16287
0.003515 820.396 0.168567 114130 0.16986 0.478064
0.003125 1394.12 0.102783 114130 0.116331 0.280804
0.004155 337.979 0.229215 114129 0.212925 1.16943
0.003825 494.083 0.207745 114130 0.192194 0.796409
0.000315 395.503 0.22648 114129 0.0984416 0.998596
0.004745 309.189 0.232911 114130 0.187548 1.28081
0.003835 487.101 0.208767 114130 0.193505 0.807934
0.001735 2006.53 0.0891563 114130 0.298514 0.195294
0.002145 2400.69 0.0551255 114135 0.21703 0.163327
0.001745 2019.3 0.0881604 114131 0.291958 0.194064
0.002415 2191.12 0.0654335 114135 0.193883 0.178884
0.003135 1378.51 0.104661 114130 0.118426 0.283985
0.002155 2393.89 0.0553641 114135 0.215984 0.163786
0.001755 2032.03 0.0871694 114133 0.28408 0.192853
0.002425 2181.77 0.0658413 114135 0.192682 0.179647
0.004755 309.208 0.232912 114130 0.186921 1.28074
0.003145 1362.92 0.106533 114130 0.120486 0.287238
0.001765 2044.71 0.0861833 114134 0.276543 0.191663
0.002165 2387.09 0.0556877 114135 0.215282 0.16425
0.002435 2172.36 0.0662503 114135 0.191599 0.180422
0.003155 1347.33 0.108397 114130 0.122509 0.290563
0.001775 2057.33 0.0852022 114135 0.270801 0.190491
0.004765 309.223 0.232912 114130 0.18629 1.28068
0.002445 2162.89 0.0666602 114135 0.190614 0.181207
0.003165 1331.76 0.110254 114130 0.124495 0.293965
0.001785 2069.9 0.0842261 114135 0.267364 0.189338
0.002175 2380.29 0.0560532 114135 0.214956 0.164717
0.002455 2153.38 0.067071 114135 0.189468 0.182005
0.004775 309.234 0.232913 114130 0.185668 1.28063
0.003175 1316.2 0.112102 114130 0.126443 0.297446
0.001795 2082.42 0.0832548 114135 0.265769 0.188203
0.002465 2143.8 0.0674825 114135 0.187534 0.182814
0.004785 309.239 0.232914 114130 0.185013 1.28061
0.002185 2373.49 0.0564356 114135 0.214876 0.165186
0.003185 1300.63 0.113942 114130 0.128351 0.301011
0.001805 2094.88 0.0822884 114135 0.265138 0.187087
0.002475 2134.17 0.0678944 114135 0.18395 0.183634
0.004795 309.24 0.232914 114130 0.184368 1.28061
0.003195 1285.08 0.115774 114130 0.130219 0.304662
0.001815 2107.29 0.0813269 114135 0.26475 0.185988
0.002485 2124.49 0.0683067 114134 0.178117 0.184465
0.002195 2366.71 0.0568229 114135 0.214892 0.165658
0.001825 2119.64 0.0803702 114135 0.264268 0.184907
0.002495 2114.75 0.0687192 114133 0.170283 0.185309
0.002205 2359.94 0.0572105 114135 0.214904 0.166132
0.001835 2131.93 0.0794182 114135 0.263641 0.183843
0.002505 2104.96 0.0691317 114132 0.161679 0.186165
0.002215 2353.18 0.0575971 114135 0.214859 0.166608
0.001845 2144.17 0.078471 114135 0.262916 0.182797
0.002515 2095.12 0.069544 114130 0.153962 0.187033
0.002225 2346.42 0.0579822 114135 0.214721 0.167086
0.001855 2156.35 0.0775284 114135 0.262136 0.181767
0.002525 2085.23 0.069956 114130 0.148307 0.187915
0.002235 2339.67 0.0583662 114135 0.214466 0.167567
0.001865 2168.46 0.0765905 114135 0.261311 0.180754
0.002535 2075.29 0.0703674 114129 0.144887 0.18881
0.001875 2180.52 0.0756571 114135 0.260438 0.179758
0.002545 2065.29 0.0707781 114129 0.143068 0.189718
0.001885 2192.51 0.0747283 114135 0.259515 0.178777
0.002555 2055.25 0.0711878 114129 0.142027 0.190641
0.001895 2204.44 0.073804 114135 0.258538 0.177812
0.001905 2216.31 0.0728841 114135 0.257507 0.176863
0.001915 2228.11 0.0719688 114135 0.256417 0.175929
