0.002245 1821.81 0.080354 101324 -0.226647 0.189552
0.002255 1822.04 0.0803397 101324 -0.226575 0.189529
0.002265 1822.27 0.0803257 101324 -0.226528 0.189506
0.002275 1822.5 0.080312 101324 -0.226508 0.189483
0.002285 1822.73 0.0802985 101324 -0.226499 0.18946
0.002295 1822.95 0.0802853 101324 -0.22648 0.189437
0.002305 1823.18 0.0802724 101324 -0.226445 0.189415
0.002315 1823.4 0.0802598 101324 -0.226405 0.189393
0.002325 1823.62 0.0802475 101324 -0.226378 0.189371
0.002335 1823.84 0.0802355 101324 -0.226374 0.189349
0.002345 1824.06 0.0802239 101324 -0.226388 0.189327
0.002355 1824.27 0.0802125 101324 -0.226403 0.189306
0.002365 1824.49 0.0802015 101324 -0.226406 0.189285
0.002375 1824.7 0.0801909 101324 -0.226399 0.189264
0.002385 1824.91 0.0801806 101324 -0.226394 0.189243
0.002395 1825.12 0.0801707 101324 -0.226405 0.189222
0.002405 1825.33 0.0801612 101324 -0.226434 0.189202
0.002415 1825.53 0.0801521 101324 -0.226472 0.189182
0.001925 1815.37 0.0808984 101325 -0.230059 0.19021
0.002425 1825.74 0.0801434 101325 -0.226503 0.189162
0.001935 1815.43 0.08088 101325 -0.22988 0.190204
0.002435 1825.94 0.0801351 101325 -0.226522 0.189142
0.002445 1826.14 0.0801272 101325 -0.226536 0.189123
0.001945 1815.5 0.0808615 101325 -0.229739 0.190197
0.001605 1813.3 0.0814792 101325 -0.231951 0.190429
0.002455 1826.33 0.0801197 101325 -0.226558 0.189104
0.001955 1815.56 0.0808431 101325 -0.229642 0.190191
0.001615 1813.37 0.081462 101325 -0.231926 0.190422
0.002465 1826.53 0.0801127 101325 -0.226594 0.189085
0.001625 1813.43 0.0814447 101325 -0.231912 0.190415
0.002475 1826.72 0.0801061 101325 -0.226642 0.189066
0.001965 1815.63 0.0808248 101325 -0.229548 0.190184
0.001635 1813.5 0.0814273 101325 -0.23191 0.190408
0.002485 1826.91 0.0801 101325 -0.226691 0.189047
0.001975 1815.69 0.0808065 101325 -0.229437 0.190178
0.001645 1813.56 0.0814098 101325 -0.231908 0.190401
0.002495 1827.1 0.0800944 101325 -0.226729 0.189029
0.001985 1815.75 0.0807882 101325 -0.22933 0.190171
0.001655 1813.62 0.0813922 101325 -0.231892 0.190394
0.002505 1827.29 0.0800893 101325 -0.226757 0.189011
0.002565 1828.35 0.0800691 101325 -0.227018 0.188909
0.001995 1815.82 0.08077 101325 -0.229236 0.190165
0.001285 1811.36 0.0819722 101324 -0.23231 0.190646
0.001665 1813.69 0.0813745 101325 -0.231857 0.190387
0.002515 1827.47 0.0800846 101325 -0.226785 0.188994
0.002575 1828.52 0.0800677 101325 -0.22705 0.188893
0.001675 1813.75 0.0813568 101325 -0.231815 0.19038
0.002525 1827.65 0.0800805 101325 -0.226822 0.188976
0.001295 1811.42 0.0819587 101324 -0.232273 0.19064
0.002005 1815.97 0.0807519 101330 -0.229123 0.190159
0.002585 1828.69 0.0800668 101325 -0.227087 0.188877
0.001685 1813.82 0.081339 101325 -0.23178 0.190373
0.002535 1827.83 0.0800768 101325 -0.226873 0.188959
0.001305 1811.47 0.0819451 101324 -0.232249 0.190633
0.002015 1816.14 0.0807339 101325 -0.228977 0.190131
0.002595 1828.85 0.0800665 101325 -0.227136 0.188862
0.001695 1813.88 0.0813211 101325 -0.231761 0.190367
0.002545 1828.01 0.0800737 101325 -0.226929 0.188942
0.001315 1811.53 0.0819314 101324 -0.232238 0.190626
0.002025 1816.4 0.0807159 101325 -0.228815 0.190105
0.002605 1829.02 0.0800668 101325 -0.227196 0.188847
0.001705 1813.95 0.0813032 101325 -0.23175 0.19036
0.002555 1828.18 0.0800712 101325 -0.226979 0.188925
0.001325 1811.59 0.0819175 101324 -0.232232 0.19062
0.000965 1809.62 0.0823318 101324 -0.233683 0.190847
0.002615 1829.17 0.0800677 101325 -0.227257 0.188832
0.001715 1814.01 0.0812851 101325 -0.231728 0.190353
0.000645 1808.29 0.0825616 101323 -0.234311 0.191004
0.002035 1816.66 0.080698 101325 -0.228667 0.190078
0.001335 1811.65 0.0819035 101324 -0.232219 0.190613
0.002625 1829.33 0.0800692 101325 -0.227308 0.188817
0.000975 1809.67 0.0823226 101324 -0.233579 0.190841
0.002635 1829.48 0.0800713 101325 -0.227349 0.188803
0.001725 1814.08 0.0812671 101325 -0.231682 0.190346
0.000985 1809.73 0.0823133 101324 -0.23352 0.190835
0.000655 1808.33 0.0825562 101323 -0.234286 0.191
0.002645 1829.63 0.0800741 101325 -0.227388 0.188789
0.001735 1814.14 0.0812489 101325 -0.231618 0.190339
0.001345 1811.71 0.0818894 101324 -0.232194 0.190607
0.000995 1809.78 0.0823039 101324 -0.23351 0.190828
0.002655 1829.78 0.0800775 101325 -0.227437 0.188776
0.000665 1808.37 0.0825507 101323 -0.234288 0.190995
0.001745 1814.2 0.0812307 101325 -0.231554 0.190332
0.001355 1811.77 0.0818751 101324 -0.232165 0.1906
0.001005 1809.83 0.0822943 101324 -0.233495 0.190822
0.002665 1829.92 0.0800816 101325 -0.2275 0.188763
0.000675 1808.41 0.082545 101323 -0.234311 0.190991
0.001755 1814.27 0.0812125 101325 -0.231507 0.190325
0.001365 1811.83 0.0818607 101324 -0.232143 0.190593
0.001015 1809.88 0.0822846 101324 -0.233435 0.190816
0.002675 1830.06 0.0800863 101325 -0.227572 0.18875
0.000685 1808.45 0.0825392 101323 -0.234334 0.190986
0.001765 1814.33 0.0811942 101325 -0.231477 0.190318
0.001375 1811.88 0.0818462 101324 -0.232134 0.190587
0.001025 1809.93 0.0822748 101324 -0.233342 0.19081
0.002685 1830.2 0.0800918 101325 -0.227638 0.188737
0.001775 1814.4 0.0811759 101325 -0.231444 0.190311
0.000695 1808.48 0.0825334 101323 -0.234338 0.190981
0.001385 1811.94 0.0818316 101324 -0.232132 0.19058
0.002045 1816.92 0.0806802 101325 -0.228526 0.190051
0.001035 1809.99 0.0822648 101324 -0.233251 0.190804
0.002695 1830.33 0.0800979 101325 -0.227692 0.188725
0.001785 1814.46 0.0811575 101325 -0.231387 0.190305
0.000705 1808.52 0.0825274 101323 -0.234325 0.190977
0.001395 1812 0.0818168 101325 -0.232127 0.190573
0.001045 1810.04 0.0822547 101324 -0.233185 0.190798
0.002055 1817.17 0.0806625 101325 -0.22837 0.190025
0.002705 1830.47 0.0801048 101325 -0.227738 0.188713
0.000715 1808.56 0.0825213 101323 -0.234314 0.190972
0.000325 1807.06 0.0826859 101323 -0.236852 0.191146
0.001795 1814.53 0.0811391 101325 -0.2313 0.190298
0.001405 1812.06 0.0818019 101325 -0.232113 0.190566
0.001055 1810.09 0.0822445 101324 -0.233154 0.190792
0.002065 1817.43 0.0806449 101325 -0.228218 0.189999
0.002715 1830.59 0.0801124 101325 -0.227789 0.188702
0.000725 1808.6 0.0825151 101323 -0.234325 0.190967
0.000335 1807.1 0.0826834 101323 -0.236779 0.191142
0.001805 1814.59 0.0811207 101325 -0.231201 0.190291
0.001415 1812.12 0.0817869 101325 -0.232091 0.19056
0.001065 1810.15 0.0822342 101324 -0.23314 0.190786
0.002075 1817.68 0.0806275 101325 -0.228115 0.189972
0.002725 1830.72 0.0801207 101325 -0.227854 0.18869
0.002885 1832.2 0.0803628 101326 -0.229172 0.188567
0.000735 1808.64 0.0825088 101323 -0.23436 0.190963
0.001815 1814.66 0.0811022 101325 -0.231114 0.190284
0.000345 1807.14 0.0826808 101323 -0.236708 0.191137
0.001425 1812.18 0.0817717 101325 -0.232072 0.190553
0.001075 1810.2 0.0822237 101324 -0.233109 0.19078
0.002085 1817.94 0.0806101 101325 -0.228053 0.189946
0.002735 1830.84 0.0801297 101325 -0.227933 0.18868
0.000745 1808.68 0.0825024 101323 -0.234404 0.190958
0.002895 1832.26 0.0803854 101326 -0.229252 0.188563
0.001825 1814.72 0.0810837 101325 -0.231052 0.190277
0.000355 1807.18 0.0826781 101323 -0.236637 0.191133
0.001435 1812.25 0.0817564 101325 -0.232064 0.190546
0.001085 1810.25 0.0822131 101324 -0.233046 0.190773
0.002095 1818.19 0.0805929 101325 -0.227978 0.189921
0.002745 1830.96 0.0801395 101325 -0.228015 0.188669
0.000755 1808.72 0.0824959 101323 -0.234428 0.190953
0.001835 1814.79 0.0810652 101325 -0.231003 0.190271
0.002905 1832.31 0.0804089 101326 -0.229325 0.188559
0.000365 1807.22 0.0826753 101323 -0.236558 0.191129
0.001445 1812.31 0.081741 101325 -0.232066 0.190539
0.002105 1818.44 0.0805757 101325 -0.227855 0.189895
0.002755 1831.07 0.0801501 101325 -0.228086 0.188659
0.001095 1810.31 0.0822023 101324 -0.232967 0.190767
0.000765 1808.76 0.0824893 101323 -0.234416 0.190949
0.001845 1814.85 0.0810467 101325 -0.230938 0.190264
0.002915 1832.36 0.0804334 101326 -0.229414 0.188556
0.000375 1807.25 0.0826724 101323 -0.236472 0.191124
0.001455 1812.37 0.0817255 101325 -0.232068 0.190532
0.002115 1818.69 0.0805588 101325 -0.227704 0.189869
0.002765 1831.18 0.0801614 101325 -0.228143 0.18865
0.001105 1810.36 0.0821914 101324 -0.2329 0.190761
0.000775 1808.8 0.0824825 101323 -0.234384 0.190944
0.001855 1814.92 0.0810281 101325 -0.230834 0.190257
0.002925 1832.4 0.0804589 101326 -0.229536 0.188553
0.000385 1807.29 0.0826695 101323 -0.23638 0.19112
0.001465 1812.43 0.0817099 101325 -0.232062 0.190526
0.002125 1818.94 0.0805419 101325 -0.227565 0.189844
0.002775 1831.29 0.0801736 101325 -0.228197 0.188641
0.001115 1810.41 0.0821804 101324 -0.232861 0.190755
0.000785 1808.84 0.0824757 101323 -0.234366 0.190939
0.001865 1814.98 0.0810096 101325 -0.2307 0.19025
0.002935 1832.44 0.0804853 101326 -0.229681 0.188551
0.000395 1807.33 0.0826665 101323 -0.23629 0.191116
0.001475 1812.49 0.0816941 101325 -0.232047 0.190519
0.002135 1819.18 0.0805253 101325 -0.227459 0.189819
0.002785 1831.39 0.0801865 101325 -0.228264 0.188632
0.001125 1810.47 0.0821692 101324 -0.232843 0.190749
0.000795 1808.88 0.0824687 101323 -0.234375 0.190934
0.001875 1815.05 0.080991 101325 -0.230571 0.190244
0.000405 1807.37 0.0826633 101323 -0.236204 0.191111
0.002945 1832.48 0.0805128 101326 -0.22982 0.188549
0.001485 1812.55 0.0816782 101325 -0.23203 0.190512
0.002145 1819.43 0.0805088 101324 -0.227388 0.189794
0.002795 1831.49 0.0802003 101325 -0.22835 0.188623
0.001135 1810.52 0.0821579 101324 -0.232825 0.190742
0.000805 1808.92 0.0824616 101323 -0.234402 0.19093
0.001885 1815.11 0.0809725 101325 -0.230468 0.190237
0.000415 1807.41 0.0826601 101323 -0.236121 0.191107
0.002955 1832.51 0.0805412 101326 -0.229928 0.188548
0.001495 1812.61 0.0816623 101325 -0.232021 0.190505
0.002155 1819.67 0.0804924 101324 -0.22733 0.189769
5e-06 1805.81 0.0827263 101322 -0.238342 0.191282
0.002805 1831.58 0.0802149 101325 -0.228448 0.188615
0.001145 1810.58 0.0821465 101324 -0.232785 0.190736
0.000815 1808.96 0.0824544 101323 -0.234424 0.190925
0.001895 1815.18 0.080954 101325 -0.230392 0.19023
0.000425 1807.45 0.0826569 101323 -0.236033 0.191102
0.002965 1832.54 0.0805707 101326 -0.230009 0.188547
0.001505 1812.68 0.0816462 101325 -0.232024 0.190498
0.002165 1819.91 0.0804762 101324 -0.227252 0.189744
0.002815 1831.67 0.0802303 101325 -0.22854 0.188608
1.5e-05 1805.85 0.0827263 101322 -0.23834 0.191278
0.001155 1810.63 0.0821349 101324 -0.232725 0.19073
0.000825 1809 0.0824471 101323 -0.234406 0.19092
0.001905 1815.24 0.0809354 101325 -0.230321 0.190224
0.002975 1832.56 0.0806012 101326 -0.230094 0.188547
0.000435 1807.48 0.0826535 101323 -0.235934 0.191098
0.001515 1812.74 0.0816299 101325 -0.23203 0.190491
0.002175 1820.16 0.0804602 101324 -0.227143 0.18972
0.002825 1831.76 0.0802466 101325 -0.228615 0.188601
2.5e-05 1805.89 0.0827261 101322 -0.238334 0.191274
0.001165 1810.68 0.0821232 101324 -0.232663 0.190723
0.001915 1815.31 0.0809169 101325 -0.230217 0.190217
0.002985 1832.58 0.0806327 101326 -0.230208 0.188547
0.000835 1809.04 0.0824396 101323 -0.234337 0.190915
0.000445 1807.52 0.08265 101323 -0.235828 0.191094
0.001525 1812.8 0.0816136 101325 -0.232029 0.190484
0.002835 1831.84 0.0802637 101326 -0.228677 0.188594
0.003205 1838.28 0.0816118 101326 -0.236518 0.188005
0.003845 1844.42 0.0880178 101327 -0.265726 0.187459
0.002845 1831.92 0.0802817 101326 -0.228745 0.188588
0.003525 1849.41 0.0841373 101326 -0.248455 0.186929
0.004165 1818.86 0.0928077 101327 -0.285622 0.190065
0.003535 1849.52 0.0842387 101326 -0.248807 0.186918
0.007365 317.675 0.229708 101321 -0.0024495 1.1039
0.004175 1817.71 0.09296 101327 -0.286337 0.190183
0.003215 1838.81 0.0816702 101326 -0.237134 0.187952
0.002855 1832 0.0803006 101326 -0.228836 0.188582
0.003545 1849.63 0.0843414 101326 -0.249177 0.186909
0.003855 1843.95 0.0881581 101327 -0.266376 0.187507
0.004185 1816.53 0.0931119 101327 -0.28702 0.190305
0.007375 317.313 0.229769 101321 -0.0023312 1.1052
0.004485 1707.99 0.0971449 101327 -0.297002 0.202308
0.003555 1849.71 0.0844455 101327 -0.249576 0.186902
0.004195 1815.33 0.0932633 101327 -0.287634 0.190428
0.007385 316.963 0.229827 101321 -0.00221983 1.10645
0.003225 1839.34 0.0817299 101326 -0.237818 0.187901
0.002865 1832.07 0.0803205 101326 -0.22895 0.188576
0.003565 1849.78 0.0845509 101327 -0.250013 0.186896
0.007395 316.625 0.229884 101321 -0.00211446 1.10766
0.004205 1814.1 0.0934142 101327 -0.288246 0.190555
0.003865 1843.46 0.0882993 101327 -0.267011 0.187557
0.003575 1849.84 0.0846576 101327 -0.25048 0.186892
0.007405 316.3 0.229938 101321 -0.00201463 1.10883
0.004215 1812.85 0.0935645 101327 -0.288879 0.190684
0.003235 1839.85 0.0817908 101326 -0.238585 0.18785
0.004495 1703.75 0.0972474 101327 -0.296504 0.202807
0.002875 1832.13 0.0803412 101326 -0.229069 0.188572
0.003585 1849.87 0.0847656 101327 -0.250959 0.18689
0.007415 315.985 0.22999 101321 -0.00191983 1.10996
0.004225 1811.58 0.093714 101327 -0.289445 0.190816
0.007045 340.511 0.226263 101322 -0.00905594 1.02835
0.003595 1849.89 0.0848749 101327 -0.25144 0.186889
0.007425 315.683 0.23004 101321 -0.00182938 1.11105
0.004805 1575.47 0.0981409 101329 -0.286997 0.219184
0.007435 315.392 0.230087 101321 -0.00174263 1.1121
0.007445 315.112 0.230133 101321 -0.00165902 1.11311
0.004815 1571.67 0.0980685 101328 -0.283064 0.219707
0.005125 1484.85 0.0908963 101324 -0.212932 0.232455
0.007455 314.843 0.230176 101321 -0.00157799 1.11409
0.004825 1567.91 0.0979879 101327 -0.280859 0.22023
0.006725 394.477 0.218631 101324 -0.0215508 0.885433
0.007465 314.585 0.230218 101321 -0.00149903 1.11502
0.004835 1564.18 0.097899 101328 -0.281906 0.220751
0.007475 314.338 0.230257 101321 -0.00142171 1.11592
0.004845 1560.5 0.0978015 101329 -0.284537 0.22127
0.006405 499.13 0.205055 101325 -0.038514 0.697596
0.006735 392.158 0.218953 101324 -0.0210152 0.890751
0.007485 314.101 0.230294 101321 -0.00134565 1.11679
0.004855 1556.87 0.0976953 101330 -0.28522 0.221784
0.006085 666.799 0.185224 101328 -0.0603773 0.520576
0.005135 1483.65 0.0904629 101327 -0.217813 0.232648
0.007495 313.875 0.230329 101321 -0.00127059 1.11761
0.006745 389.878 0.21927 101324 -0.0204709 0.896043
0.004865 1553.28 0.0975802 101329 -0.281971 0.222291
0.005765 904.53 0.157082 101329 -0.107374 0.382617
0.006095 660.744 0.185944 101328 -0.0594477 0.525397
0.007505 313.659 0.230363 101321 -0.0011963 1.1184
0.004875 1549.74 0.0974561 101328 -0.276582 0.222791
0.006755 387.636 0.21958 101324 -0.01992 0.901307
0.005445 1230.68 0.116262 101333 -0.176183 0.280638
0.007515 313.453 0.230394 101321 -0.00112264 1.11915
0.006105 654.731 0.186657 101328 -0.0585301 0.530272
0.004885 1546.26 0.0973227 101327 -0.273223 0.223289
0.006765 385.431 0.219884 101324 -0.0193663 0.906544
0.006415 495.071 0.205574 101325 -0.0379916 0.703384
0.005145 1482.6 0.0900122 101333 -0.234959 0.232826
0.007525 313.257 0.230423 101321 -0.00104958 1.11987
0.005455 1219.11 0.117748 101330 -0.183778 0.283302
0.006115 648.762 0.187362 101328 -0.0576362 0.535203
0.004895 1542.82 0.0971799 101328 -0.274406 0.223784
0.006775 383.264 0.220183 101324 -0.018813 0.911752
0.002185 1820.4 0.0804444 101324 -0.227025 0.189695
0.007535 313.071 0.230451 101321 -0.000977145 1.12055
0.006125 642.834 0.18806 101328 -0.0567682 0.540189
0.005465 1207.65 0.119222 101325 -0.193503 0.285989
0.004905 1539.44 0.0970276 101330 -0.27819 0.224275
0.006785 381.133 0.220476 101324 -0.0182643 0.916929
0.005775 895.553 0.158137 101329 -0.105722 0.386485
0.007545 312.895 0.230476 101321 -0.000905316 1.12119
0.006135 636.948 0.188751 101328 -0.0559174 0.545233
0.004915 1536.12 0.0968656 101330 -0.279649 0.224758
0.005475 1196.3 0.120682 101326 -0.188608 0.288722
0.005155 1481.72 0.0895437 101337 -0.245974 0.232975
0.006795 379.039 0.220763 101324 -0.0177262 0.922076
0.006425 491.056 0.206088 101325 -0.0374708 0.709205
0.007555 312.729 0.2305 101321 -0.000834026 1.1218
0.006145 631.103 0.189435 101328 -0.0550792 0.550335
0.004925 1532.86 0.0966937 101330 -0.275641 0.225231
0.005485 1185.04 0.122128 101329 -0.173933 0.291488
3.5e-05 1805.93 0.0827259 101322 -0.238322 0.19127
0.006805 376.98 0.221045 101323 -0.0172036 0.927191
0.007565 312.572 0.230522 101321 -0.000764194 1.12238
0.006155 625.299 0.190112 101328 -0.0542579 0.555496
0.004935 1529.66 0.0965118 101328 -0.268299 0.225694
0.002195 1820.64 0.0804288 101324 -0.226929 0.189671
0.005495 1173.88 0.123561 101331 -0.162825 0.294279
0.005785 886.636 0.159179 101329 -0.103411 0.390406
0.005165 1481 0.0890574 101334 -0.23158 0.233081
0.006815 374.957 0.221321 101323 -0.0167 0.932274
0.007575 312.426 0.230542 101321 -0.000693064 1.12292
0.004945 1526.53 0.0963198 101327 -0.263458 0.226152
0.006435 487.085 0.206596 101325 -0.0369493 0.715058
0.006165 619.534 0.190782 101327 -0.0534585 0.560718
0.005505 1162.82 0.124979 101330 -0.163486 0.29709
4.5e-05 1805.97 0.0827256 101322 -0.238304 0.191265
0.007585 312.333 0.23056 101321 -0.000624067 1.12326
0.006825 372.969 0.221591 101323 -0.01622 0.937323
0.002205 1820.87 0.0804134 101324 -0.226867 0.189647
0.004955 1523.46 0.0961174 101328 -0.264986 0.226606
0.005795 877.777 0.160209 101329 -0.100991 0.394382
0.006175 613.809 0.191446 101327 -0.0526788 0.566002
0.005175 1480.45 0.0885532 101325 -0.199149 0.233147
0.005515 1151.86 0.126384 101328 -0.169789 0.299926
0.007595 312.251 0.230576 101321 -0.000556433 1.12356
0.006835 371.015 0.221856 101323 -0.0157669 0.942339
0.006445 483.158 0.207097 101325 -0.0364227 0.720942
0.004965 1520.47 0.0959046 101330 -0.270483 0.227055
0.006185 608.122 0.192103 101327 -0.0519125 0.571349
5.5e-05 1806.01 0.0827252 101322 -0.238283 0.191261
0.007605 312.177 0.23059 101321 -0.00048898 1.12384
0.005525 1140.99 0.127776 101327 -0.170133 0.302797
0.006845 369.095 0.222116 101323 -0.0153386 0.947319
0.002215 1821.11 0.0803982 101324 -0.226827 0.189623
0.004975 1517.55 0.0956812 101331 -0.27303 0.227492
0.006195 602.474 0.192754 101327 -0.0511582 0.576761
0.005805 868.975 0.161226 101329 -0.0990682 0.398411
0.007615 312.113 0.230603 101321 -0.000422273 1.12407
0.005185 1480.07 0.0880317 101321 -0.181075 0.233198
0.005535 1130.21 0.129153 101328 -0.161629 0.305706
0.006855 367.209 0.22237 101323 -0.0149322 0.952264
0.006455 479.274 0.207593 101325 -0.035892 0.726855
0.004985 1514.7 0.095447 101330 -0.267914 0.227915
0.006205 596.864 0.193399 101327 -0.0504232 0.582237
6.5e-05 1806.05 0.0827247 101322 -0.238259 0.191257
0.007625 312.059 0.230614 101321 -0.000356083 1.12428
0.005545 1119.53 0.130517 101330 -0.152215 0.308647
0.002225 1821.35 0.0803832 101324 -0.226786 0.189599
0.006865 365.356 0.222619 101323 -0.0145489 0.957173
0.004995 1511.93 0.0952019 101328 -0.257854 0.228324
0.006215 591.292 0.194038 101327 -0.0497114 0.58778
0.005815 860.23 0.162231 101329 -0.0974769 0.402497
0.007635 312.013 0.230623 101321 -0.000290394 1.12445
0.005195 1479.86 0.0874939 101326 -0.192444 0.233243
0.005555 1108.93 0.131867 101330 -0.149845 0.311614
0.006875 363.535 0.222863 101323 -0.0141879 0.962045
0.005005 1509.24 0.0949458 101326 -0.251061 0.228725
0.006465 475.435 0.208082 101325 -0.0353594 0.732798
0.006225 585.757 0.19467 101327 -0.0490124 0.593391
7.5e-05 1806.09 0.0827242 101322 -0.238234 0.191253
0.007645 311.977 0.23063 101321 -0.000225265 1.12458
0.005565 1098.42 0.133203 101328 -0.153113 0.314609
0.006885 361.753 0.223101 101325 -0.0138373 0.966879
0.002235 1821.58 0.0803685 101324 -0.226725 0.189575
0.005015 1506.63 0.0946784 101327 -0.253277 0.229121
0.006235 580.259 0.195297 101327 -0.0483159 0.599071
0.007655 311.949 0.230635 101321 -0.000160657 1.12468
0.005825 851.539 0.163223 101329 -0.0957043 0.406641
0.005575 1088 0.134526 101327 -0.154289 0.31764
0.005205 1479.82 0.0869403 101334 -0.218112 0.233269
0.006895 360.2 0.223335 101323 -0.0135013 0.971106
0.005025 1504.12 0.0943995 101331 -0.261321 0.229509
0.001175 1810.74 0.0821114 101324 -0.232619 0.190717
0.002995 1832.59 0.0806653 101326 -0.23036 0.188548
0.005035 1501.69 0.0941088 101333 -0.265282 0.229881
0.001185 1810.79 0.0820994 101324 -0.232597 0.190711
0.000455 1807.56 0.0826465 101323 -0.23572 0.191089
0.005045 1499.37 0.0938061 101331 -0.258323 0.230233
0.000845 1809.08 0.0824321 101323 -0.234259 0.19091
0.003005 1832.6 0.0806989 101326 -0.230534 0.188549
0.001195 1810.85 0.0820873 101324 -0.232584 0.190704
0.000465 1807.6 0.0826429 101323 -0.235618 0.191085
0.001535 1812.86 0.0815972 101325 -0.232016 0.190477
0.005055 1497.14 0.093491 101327 -0.244317 0.230565
0.003015 1832.6 0.0807335 101326 -0.230694 0.18855
0.000855 1809.12 0.0824244 101323 -0.234225 0.190906
0.001205 1810.91 0.082075 101324 -0.23256 0.190698
0.000475 1807.64 0.0826391 101323 -0.235524 0.191081
0.005065 1495.02 0.093163 101325 -0.234849 0.230885
0.001545 1812.93 0.0815806 101325 -0.231997 0.190471
0.003025 1832.6 0.0807693 101326 -0.230799 0.188552
0.001215 1810.96 0.0820627 101324 -0.232518 0.190692
0.000865 1809.16 0.0824166 101323 -0.23423 0.190901
0.003875 1842.94 0.0884414 101327 -0.267629 0.187609
0.000485 1807.67 0.0826353 101323 -0.235433 0.191076
0.005075 1493.01 0.0928218 101327 -0.238118 0.231199
0.003035 1832.6 0.0808062 101326 -0.230873 0.188555
0.001225 1811.02 0.0820501 101324 -0.232468 0.190685
0.001555 1812.99 0.081564 101325 -0.231983 0.190464
0.000875 1809.2 0.0824087 101323 -0.234223 0.190896
0.005085 1491.11 0.0924668 101332 -0.249952 0.231501
0.000495 1807.71 0.0826314 101323 -0.235334 0.191072
0.003885 1842.41 0.0885845 101327 -0.268245 0.187664
0.003045 1832.59 0.0808442 101326 -0.230974 0.188558
0.001235 1811.07 0.0820375 101324 -0.232425 0.190679
0.001565 1813.05 0.0815472 101325 -0.231982 0.190457
0.000885 1809.24 0.0824006 101324 -0.234187 0.190891
0.005095 1489.35 0.0920974 101334 -0.255942 0.23178
0.000505 1807.75 0.0826275 101323 -0.235226 0.191067
0.003055 1832.57 0.0808834 101326 -0.231139 0.188562
0.003895 1841.85 0.0887284 101327 -0.268878 0.18772
0.001245 1811.13 0.0820247 101324 -0.2324 0.190672
0.001575 1813.11 0.0815304 101325 -0.231987 0.19045
0.000895 1809.28 0.0823925 101324 -0.234152 0.190886
0.005105 1487.71 0.0917129 101332 -0.245656 0.232029
0.000515 1807.79 0.0826234 101323 -0.235115 0.191063
0.003065 1832.55 0.0809236 101326 -0.231345 0.188566
0.003905 1841.27 0.0888731 101327 -0.269535 0.187779
0.001255 1811.19 0.0820118 101324 -0.232388 0.190666
0.004235 1809.13 0.0938627 101263 -0.289821 0.190951
0.005115 1486.21 0.0913127 101327 -0.225543 0.23225
0.001585 1813.18 0.0815134 101325 -0.231988 0.190443
0.000905 1809.32 0.0823842 101324 -0.234129 0.190881
0.000525 1807.83 0.0826192 101323 -0.235013 0.191058
0.003075 1832.53 0.0809651 101326 -0.231563 0.18857
0.003245 1840.35 0.081853 101326 -0.239416 0.187801
0.003085 1832.5 0.0810077 101326 -0.231794 0.188575
0.004505 1699.5 0.0973468 101327 -0.295886 0.20331
0.003255 1840.84 0.0819165 101326 -0.240261 0.187753
0.003605 1849.89 0.0849855 101327 -0.251923 0.18689
0.003095 1832.47 0.0810514 101326 -0.232036 0.188581
0.004515 1695.25 0.0974429 101327 -0.295765 0.203815
0.007055 339.409 0.226423 101322 -0.00882005 1.03175
0.003265 1841.32 0.0819813 101326 -0.241065 0.187705
0.003615 1849.88 0.0850975 101327 -0.252412 0.186892
0.003105 1832.73 0.0810963 101343 -0.232283 0.188587
0.006245 574.798 0.195918 101327 -0.047635 0.604821
0.004525 1691 0.0975354 101327 -0.296328 0.204324
0.003275 1841.79 0.0820474 101326 -0.241811 0.187659
0.007065 338.331 0.226579 101322 -0.0085898 1.0351
0.006475 471.64 0.208565 101325 -0.0348243 0.738768
0.003625 1849.85 0.0852109 101327 -0.252918 0.186897
0.003115 1833.05 0.0811424 101326 -0.232519 0.188524
0.006255 569.373 0.196533 101327 -0.0469862 0.610641
0.004535 1686.74 0.0976244 101328 -0.297122 0.204836
0.007665 311.931 0.230639 101321 -9.74185e-05 1.12475
0.003285 1842.25 0.0821148 101326 -0.242521 0.187615
0.007075 337.276 0.226731 101322 -0.0083642 1.03841
8.5e-05 1806.13 0.0827236 101322 -0.238206 0.191248
0.003635 1849.8 0.0853256 101327 -0.253441 0.186903
0.006485 467.888 0.209042 101325 -0.034286 0.744766
0.003125 1833.67 0.0811897 101326 -0.232772 0.188463
0.005585 1077.66 0.135835 101328 -0.149454 0.32071
0.006265 563.986 0.197142 101327 -0.0463501 0.616534
0.004545 1682.49 0.0977097 101328 -0.297417 0.205351
0.003295 1842.69 0.0821835 101326 -0.243222 0.187571
0.006905 358.686 0.223563 101323 -0.0131718 0.975283
0.007675 311.922 0.230641 101321 -3.15142e-05 1.12479
0.007085 336.243 0.22688 101322 -0.00814143 1.04166
9.5e-05 1806.17 0.0827229 101322 -0.238174 0.191244
0.003645 1849.73 0.0854416 101327 -0.253981 0.18691
0.005835 842.903 0.164204 101329 -0.0936748 0.410845
0.003655 1849.64 0.085559 101327 -0.254526 0.18692
0.005215 1479.94 0.0863716 101339 -0.236239 0.233263
0.005845 834.32 0.165173 101329 -0.0917197 0.415109
0.001265 1811.24 0.0819987 101324 -0.232374 0.190659
0.003665 1849.54 0.0856776 101327 -0.255066 0.186931
0.005225 1480.22 0.0857892 101338 -0.237861 0.233218
0.005855 825.788 0.16613 101329 -0.0900022 0.419436
0.003675 1849.42 0.0857975 101327 -0.255601 0.186945
0.001595 1813.24 0.0814964 101325 -0.231975 0.190436
0.001275 1811.3 0.0819855 101324 -0.232348 0.190653
0.005235 1480.66 0.0851956 101335 -0.231183 0.233146
0.005865 817.308 0.167076 101329 -0.0883564 0.423827
0.003685 1849.28 0.0859187 101327 -0.25614 0.18696
0.003915 1840.67 0.0890186 101327 -0.270201 0.187839
0.004245 1806.37 0.0940107 101327 -0.290072 0.191362
0.000535 1807.87 0.0826149 101323 -0.234927 0.191054
0.004255 1802.45 0.0941581 101327 -0.290397 0.191776
0.000915 1809.37 0.0823758 101324 -0.234092 0.190877
0.000545 1807.9 0.0826106 101323 -0.234853 0.19105
0.006915 357.202 0.223786 101323 -0.0128484 0.979409
0.004265 1798.51 0.0943046 101327 -0.290969 0.192194
0.000555 1807.94 0.0826061 101323 -0.23478 0.191045
0.006495 464.18 0.209513 101325 -0.0337453 0.75079
0.000925 1809.42 0.0823672 101324 -0.234018 0.190871
0.004275 1794.55 0.0944502 101327 -0.291678 0.192615
0.003135 1834.28 0.0812382 101326 -0.233057 0.188402
0.006925 355.749 0.224005 101323 -0.0125263 0.983484
0.000565 1807.98 0.0826016 101323 -0.2347 0.191041
0.007095 335.232 0.227024 101322 -0.0079196 1.04486
0.004285 1790.57 0.0945949 101327 -0.292183 0.19304
0.000935 1809.47 0.0823586 101324 -0.233929 0.190865
0.006505 460.516 0.209977 101325 -0.0332022 0.75684
0.006275 558.635 0.197745 101327 -0.0456982 0.622499
0.006935 354.326 0.224218 101323 -0.0122037 0.987508
0.003145 1834.88 0.0812879 101326 -0.23338 0.188342
0.000575 1808.02 0.0825969 101323 -0.234615 0.191036
0.004295 1786.58 0.0947385 101327 -0.292264 0.193469
0.005595 1067.41 0.13713 101330 -0.142566 0.323816
0.007105 334.243 0.227165 101322 -0.00769848 1.04801
0.000945 1809.52 0.0823498 101324 -0.233853 0.190859
0.006515 456.895 0.210436 101325 -0.0326569 0.762914
0.004555 1678.23 0.0977912 101328 -0.296867 0.205867
0.006945 352.933 0.224427 101323 -0.0118831 0.99148
0.003155 1835.47 0.0813388 101326 -0.233735 0.188284
0.006285 553.321 0.198343 101327 -0.0450475 0.628538
0.000585 1808.06 0.0825922 101323 -0.234537 0.191032
0.003305 1843.13 0.0822536 101326 -0.24391 0.187528
0.004305 1782.58 0.0948809 101327 -0.292096 0.193901
0.005605 1057.24 0.138412 101330 -0.139447 0.326954
0.007115 333.276 0.227302 101322 -0.00747859 1.05111
0.000105 1806.21 0.0827221 101322 -0.238137 0.19124
0.000955 1809.57 0.0823408 101324 -0.233781 0.190853
0.006955 351.568 0.224631 101323 -0.0115661 0.9954
0.003165 1836.05 0.0813909 101326 -0.234157 0.188226
0.006525 453.317 0.210888 101325 -0.0321112 0.769012
0.005875 808.878 0.16801 101329 -0.0866176 0.428284
0.005245 1476.76 0.0851429 101020 -0.225595 0.233055
0.003695 1849.12 0.0860411 101327 -0.256693 0.186976
0.005885 800.498 0.168934 101329 -0.0848502 0.432808
0.005255 1467.78 0.0862529 101337 -0.222779 0.235201
0.003925 1840.05 0.0891649 101327 -0.270855 0.187902
0.006965 350.233 0.22483 101323 -0.0112536 0.999268
0.003705 1848.94 0.0861648 101327 -0.257267 0.186995
0.005895 792.166 0.169846 101329 -0.0831873 0.437401
0.005265 1454.43 0.0879033 101339 -0.220625 0.237368
0.003935 1839.41 0.0893119 101327 -0.271483 0.187967
0.004565 1673.98 0.0978686 101327 -0.295869 0.206385
0.006975 348.925 0.225024 101323 -0.010947 1.00308
0.003715 1848.75 0.0862897 101327 -0.257853 0.187015
0.005905 784.038 0.170747 101348 -0.0815986 0.442062
0.003945 1838.75 0.0894596 101327 -0.272092 0.188034
0.005275 1441.22 0.0895418 101340 -0.222185 0.239549
0.003315 1843.55 0.0823249 101325 -0.244551 0.187487
0.006985 347.644 0.225214 101322 -0.0106484 1.00685
0.004575 1669.73 0.0979419 101327 -0.295259 0.206906
0.003725 1848.53 0.0864158 101327 -0.258439 0.187038
0.003955 1838.07 0.089608 101327 -0.272706 0.188104
0.005285 1428.13 0.0911702 101334 -0.240209 0.241735
0.005915 776.946 0.171638 101329 -0.0802782 0.446053
0.006995 346.391 0.2254 101322 -0.010359 1.01056
0.004585 1665.48 0.098011 101327 -0.295559 0.20743
0.003735 1848.3 0.0865431 101327 -0.259016 0.187062
0.003965 1837.37 0.0897571 101327 -0.273344 0.188175
0.005295 1415.14 0.09279 101323 -0.271893 0.243931
0.003325 1843.96 0.0823977 101325 -0.245101 0.187447
0.007005 345.164 0.225581 101322 -0.0100792 1.01422
0.004595 1661.24 0.0980756 101328 -0.296452 0.207956
0.005925 770.061 0.172517 101329 -0.0787466 0.450083
0.003745 1848.04 0.0866716 101327 -0.259589 0.187088
0.003975 1836.64 0.0899067 101327 -0.274005 0.188249
0.005305 1402.26 0.0944025 101319 -0.28132 0.246166
0.007015 343.963 0.225758 101322 -0.00980945 1.01783
0.004605 1657 0.0981357 101328 -0.296997 0.208484
0.003335 1844.36 0.0824717 101325 -0.245536 0.187408
0.006295 548.044 0.198935 101326 -0.0444327 0.634651
0.003755 1847.77 0.0868012 101327 -0.260168 0.187116
0.003985 1835.9 0.0900569 101327 -0.274665 0.188325
0.005935 763.23 0.173385 101329 -0.077269 0.454155
0.005315 1389.46 0.0960087 101328 -0.247317 0.24846
0.007025 342.788 0.22593 101322 -0.00954944 1.02139
0.004615 1652.77 0.0981911 101328 -0.296473 0.209013
0.003765 1847.48 0.0869321 101327 -0.260766 0.187147
0.003345 1844.75 0.0825471 101325 -0.245866 0.187371
0.006305 542.805 0.199521 101326 -0.043837 0.64084
0.003995 1835.13 0.0902076 101327 -0.275297 0.188402
0.005325 1376.75 0.0976092 101339 -0.206866 0.250786
0.007035 341.637 0.226098 101322 -0.00929861 1.02489
0.004625 1648.55 0.0982417 101328 -0.295093 0.209543
0.003775 1847.17 0.087064 101327 -0.261382 0.187179
0.005945 756.453 0.174242 101329 -0.075984 0.458267
0.006315 537.652 0.200102 101335 -0.0432033 0.647099
0.004005 1834.34 0.0903588 101327 -0.275894 0.188483
0.003175 1836.62 0.0814443 101326 -0.234687 0.188169
0.004015 1833.53 0.0905105 101327 -0.276477 0.188565
0.000115 1806.25 0.0827213 101322 -0.238095 0.191236
0.003185 1837.19 0.0814989 101326 -0.235298 0.188113
0.004025 1832.7 0.0906625 101327 -0.277079 0.188649
0.000595 1808.1 0.0825873 101323 -0.234478 0.191027
0.003195 1837.74 0.0815547 101326 -0.235918 0.188059
0.000125 1806.29 0.0827203 101322 -0.238051 0.191231
0.004035 1831.85 0.090815 101327 -0.277714 0.188736
0.004315 1778.56 0.0950222 101327 -0.292095 0.194336
0.005615 1047.14 0.13968 101329 -0.140444 0.330125
0.007125 332.332 0.227436 101323 -0.00725665 1.05416
0.004325 1774.52 0.0951621 101327 -0.292518 0.194776
0.006535 449.782 0.211334 101325 -0.0315651 0.775132
0.005625 1037.13 0.140934 101328 -0.140885 0.333333
0.003355 1845.12 0.0826238 101326 -0.246125 0.187335
0.004335 1770.46 0.0953006 101327 -0.29325 0.195219
0.007135 331.513 0.227566 101322 -0.00703203 1.05682
0.005335 1364.12 0.0992045 101338 -0.203535 0.253112
0.005635 1027.19 0.142175 101329 -0.137597 0.336582
0.006545 446.29 0.211774 101325 -0.0310164 0.781275
0.004345 1766.39 0.0954376 101327 -0.293931 0.195666
0.004635 1644.34 0.0982872 101327 -0.293891 0.210075
0.007145 330.717 0.227693 101322 -0.00680674 1.05941
0.003365 1845.49 0.0827019 101326 -0.246342 0.1873
0.003785 1846.84 0.0871971 101327 -0.262007 0.187213
0.005645 1017.33 0.143402 101329 -0.13254 0.339871
0.005345 1351.57 0.100794 101330 -0.229267 0.255447
0.006555 442.841 0.212208 101325 -0.0304671 0.787438
0.006325 533.159 0.200676 101326 -0.0426983 0.65256
0.007155 329.942 0.227816 101322 -0.00657933 1.06196
0.004355 1762.3 0.0955731 101327 -0.294237 0.196117
0.004645 1640.13 0.0983276 101327 -0.293808 0.210609
0.003375 1845.83 0.0827814 101326 -0.246523 0.187266
0.005955 749.728 0.175089 101329 -0.0747747 0.462421
0.005355 1339.09 0.102379 101323 -0.249105 0.257817
0.005655 1007.55 0.144615 101330 -0.129503 0.343197
0.003795 1846.48 0.0873312 101327 -0.262624 0.187249
0.006565 439.435 0.212635 101325 -0.0299225 0.793621
0.006335 528.755 0.201245 101326 -0.0421362 0.658059
0.007165 329.185 0.227936 101322 -0.00635038 1.06446
0.004365 1758.2 0.0957069 101327 -0.29413 0.196571
0.004655 1635.94 0.0983627 101328 -0.294765 0.211145
0.005365 1326.69 0.103957 101324 -0.24212 0.260235
0.005665 997.837 0.145815 101329 -0.129083 0.346561
0.003385 1846.17 0.0828622 101326 -0.246653 0.187234
0.003805 1846.11 0.0874665 101327 -0.263229 0.187286
0.006575 436.07 0.213057 101325 -0.0293792 0.799823
0.005965 743.056 0.175925 101329 -0.0734844 0.466618
0.006345 524.394 0.201808 101326 -0.0416121 0.663596
0.007175 328.447 0.228052 101322 -0.00611849 1.0669
0.004375 1754.08 0.0958389 101327 -0.293926 0.197029
0.004665 1631.77 0.0983923 101328 -0.295631 0.211682
0.005375 1314.37 0.105528 101331 -0.214052 0.262699
0.005675 988.199 0.147002 101329 -0.128509 0.349966
0.003815 1845.72 0.0876028 101327 -0.26383 0.187326
0.003395 1846.49 0.0829444 101326 -0.24672 0.187203
0.006585 432.748 0.213472 101325 -0.028831 0.806044
0.005975 736.435 0.176751 101329 -0.0721639 0.470858
0.007185 327.728 0.228166 101322 -0.00588403 1.06929
0.006355 520.075 0.202364 101326 -0.0411076 0.669172
0.004385 1749.95 0.095969 101327 -0.294039 0.197491
0.004675 1627.61 0.0984163 101328 -0.295219 0.212219
0.005385 1302.14 0.107092 101336 -0.192108 0.265188
0.003825 1845.31 0.0877401 101327 -0.264443 0.187368
0.005685 978.633 0.148175 101329 -0.125722 0.353415
0.006595 429.468 0.213881 101325 -0.0282827 0.812281
0.007195 327.027 0.228276 101322 -0.00564962 1.07164
0.006365 515.8 0.202914 101326 -0.040588 0.674785
0.004395 1745.81 0.0960972 101327 -0.294612 0.197957
0.003405 1846.8 0.0830279 101326 -0.246732 0.187173
0.005985 729.864 0.177567 101328 -0.0709414 0.475142
0.004685 1623.46 0.0984345 101328 -0.293443 0.212755
0.005395 1289.99 0.108647 101334 -0.195724 0.267687
0.003835 1844.88 0.0878784 101327 -0.265076 0.187412
0.005695 969.136 0.149335 101329 -0.121841 0.356907
0.006605 426.229 0.214283 101325 -0.0277573 0.818534
0.007205 326.344 0.228382 101322 -0.0054344 1.07393
0.004405 1741.65 0.0962233 101327 -0.295377 0.198426
0.006375 511.567 0.203458 101326 -0.0400586 0.680435
0.004695 1619.33 0.0984468 101327 -0.291521 0.213293
0.005405 1277.93 0.110192 101327 -0.213686 0.270204
0.003415 1847.1 0.0831128 101326 -0.246719 0.187145
0.005995 723.343 0.178373 101328 -0.0698103 0.479471
0.006615 423.031 0.21468 101325 -0.0272025 0.824802
0.005705 959.709 0.150481 101329 -0.119156 0.360442
0.007215 325.678 0.228486 101322 -0.00516804 1.07618
0.004415 1737.48 0.0963473 101327 -0.295878 0.198899
0.000605 1808.14 0.0825824 101323 -0.234442 0.191023
0.004045 1830.98 0.0909677 101327 -0.278367 0.188825
0.004425 1733.29 0.0964689 101327 -0.295854 0.199376
0.000615 1808.17 0.0825774 101323 -0.234418 0.191018
0.000135 1806.33 0.0827193 101322 -0.238007 0.191227
0.004435 1729.1 0.0965882 101327 -0.295479 0.199856
0.000625 1808.21 0.0825722 101323 -0.23439 0.191014
0.004055 1830.09 0.0911207 101327 -0.279004 0.188916
0.000145 1806.37 0.0827183 101322 -0.237962 0.191223
0.004445 1724.89 0.096705 101327 -0.295238 0.200339
0.000635 1808.25 0.082567 101323 -0.234351 0.191009
0.006385 507.378 0.203997 101326 -0.0395413 0.68612
0.004065 1829.17 0.0912739 101327 -0.279601 0.189009
0.004705 1615.22 0.0984529 101327 -0.290912 0.213831
0.005415 1265.97 0.111727 101324 -0.220372 0.272759
0.004075 1828.24 0.0914273 101327 -0.280161 0.189104
0.006625 419.893 0.215071 101328 -0.027198 0.831079
0.004715 1611.13 0.0984528 101328 -0.2919 0.21437
0.003425 1847.38 0.0831991 101326 -0.246718 0.187118
0.004085 1827.28 0.0915809 101327 -0.280723 0.189202
0.005425 1254.11 0.113251 101327 -0.206039 0.275357
0.005715 950.35 0.151614 101329 -0.118001 0.364019
0.006635 417.15 0.215455 101326 -0.0249836 0.836605
0.004725 1607.06 0.0984462 101329 -0.293181 0.21491
0.004095 1826.31 0.0917345 101327 -0.281326 0.189301
0.005435 1242.34 0.114762 101332 -0.184776 0.277989
0.003435 1847.65 0.0832868 101326 -0.246753 0.187092
0.007225 325.029 0.228587 101322 -0.00551201 1.07837
0.006645 414.466 0.215833 101324 -0.0262219 0.842094
0.006005 716.872 0.17917 101328 -0.0686784 0.483846
0.004455 1720.68 0.0968192 101327 -0.295513 0.200826
0.006655 411.824 0.216204 101324 -0.0251343 0.847577
0.000155 1806.41 0.0827171 101322 -0.237916 0.191219
0.006015 710.449 0.179957 101328 -0.0675251 0.488266
0.006395 503.232 0.204529 101326 -0.0390312 0.691841
0.004465 1716.46 0.0969306 101327 -0.296231 0.201317
0.006665 409.223 0.21657 101324 -0.0246598 0.853045
0.005725 941.057 0.152734 101329 -0.116709 0.367643
0.000165 1806.45 0.0827159 101322 -0.237867 0.191214
0.006025 704.074 0.180735 101328 -0.0664072 0.492734
0.006675 406.665 0.216929 101324 -0.0241345 0.858495
0.004475 1712.23 0.0970392 101327 -0.296895 0.201811
0.004735 1603.01 0.098433 101329 -0.292984 0.215448
0.000175 1806.48 0.0827146 101322 -0.237813 0.19121
0.004105 1825.31 0.0918882 101327 -0.281977 0.189403
0.007235 324.396 0.228685 101323 -0.00358754 1.08054
0.004115 1824.29 0.0920418 101327 -0.282632 0.189508
0.003445 1847.91 0.0833758 101326 -0.246823 0.187068
0.000185 1806.52 0.0827132 101322 -0.237755 0.191206
0.004125 1823.25 0.0921953 101327 -0.283256 0.189614
0.003455 1848.14 0.0834662 101326 -0.246914 0.187046
0.004135 1822.18 0.0923488 101327 -0.283837 0.189723
0.000195 1806.56 0.0827118 101322 -0.237696 0.191202
0.003465 1848.37 0.0835579 101326 -0.247016 0.187025
0.007245 323.78 0.22878 101322 -0.0050795 1.08263
0.004145 1821.1 0.092502 101327 -0.284389 0.189835
0.000205 1806.6 0.0827103 101322 -0.237639 0.191197
0.003475 1848.58 0.0836511 101326 -0.247138 0.187005
0.007255 323.179 0.228872 101321 -0.00428011 1.08468
0.004155 1819.99 0.092655 101327 -0.284965 0.189948
0.005735 931.83 0.15384 101329 -0.114156 0.371314
0.000215 1806.64 0.0827087 101322 -0.237583 0.191193
0.006685 404.147 0.217281 101324 -0.0236232 0.863926
0.000225 1806.68 0.082707 101322 -0.237525 0.191189
0.006035 697.747 0.181504 101328 -0.0653533 0.49725
0.000235 1806.72 0.0827052 101322 -0.237464 0.191184
0.006045 691.466 0.182265 101328 -0.0643284 0.501815
0.000245 1806.76 0.0827034 101323 -0.237398 0.19118
0.006055 685.231 0.183017 101328 -0.0633028 0.506428
0.006695 401.67 0.217628 101324 -0.0231165 0.869336
0.000255 1806.79 0.0827015 101323 -0.23733 0.191176
0.004745 1598.99 0.0984131 101328 -0.290786 0.215985
0.006065 679.042 0.183761 101328 -0.0622921 0.511093
0.006705 399.233 0.217968 101324 -0.0226035 0.874725
0.000265 1806.83 0.0826995 101323 -0.237264 0.191172
0.003485 1848.78 0.0837456 101326 -0.2473 0.186987
0.007265 322.594 0.228961 101322 -0.00410659 1.08669
0.000275 1806.87 0.0826974 101323 -0.237201 0.191167
0.006715 396.835 0.218303 101324 -0.02208 0.880091
0.005745 922.667 0.154934 101329 -0.111106 0.375033
0.006075 672.899 0.184497 101328 -0.0613193 0.515809
0.000285 1806.91 0.0826953 101323 -0.23714 0.191163
0.005755 913.568 0.156014 101329 -0.108839 0.378801
0.007275 322.024 0.229047 101321 -0.00388656 1.08866
0.003495 1848.96 0.0838415 101326 -0.247518 0.18697
0.004755 1594.99 0.0983861 101328 -0.287975 0.21652
0.007285 321.469 0.229131 101321 -0.00369303 1.09058
0.000295 1806.95 0.0826931 101323 -0.237075 0.191159
0.007295 320.929 0.229212 101321 -0.003508 1.09246
0.003505 1849.12 0.0839387 101326 -0.247795 0.186955
0.004765 1591.03 0.0983521 101327 -0.28667 0.217055
0.000305 1806.99 0.0826908 101323 -0.237005 0.191154
0.007305 320.403 0.22929 101321 -0.00333045 1.09429
0.003515 1849.27 0.0840373 101326 -0.248114 0.186941
0.004775 1587.09 0.0983107 101328 -0.287677 0.217591
0.000315 1807.03 0.0826884 101323 -0.236929 0.19115
0.007315 319.891 0.229366 101321 -0.00316124 1.09608
0.004785 1583.18 0.0982618 101329 -0.289518 0.218125
0.007325 319.393 0.229439 101321 -0.00300173 1.09783
0.004795 1579.31 0.0982053 101329 -0.289671 0.218656
0.007335 318.909 0.22951 101321 -0.00285176 1.09953
0.007345 318.44 0.229578 101322 -0.00271021 1.10119
0.007355 318.05 0.229644 101321 -0.00257482 1.10257
