5e-06 2519.27 0.00655244 181295 -0.000445874 0.245769
1.5e-05 2519.26 0.0065525 181295 -0.000359304 0.245769
2.5e-05 2519.26 0.00655262 181295 0.000782475 0.245769
3.5e-05 2519.26 0.0065528 181295 0.000826581 0.245769
4.5e-05 2519.25 0.00655304 181295 -0.00124536 0.24577
5.5e-05 2519.24 0.00655334 181296 -0.00407615 0.245772
6.5e-05 2519.23 0.00655369 181296 -0.00591326 0.245774
7.5e-05 2518.82 0.00658633 181267 -0.00684794 0.245775
8.5e-05 2518.33 0.0066466 181297 -0.00654232 0.245861
9.5e-05 2517.45 0.00673916 181296 -0.00410872 0.245947
0.000105 2516.57 0.00683179 181294 -0.000576557 0.246031
0.000115 2515.68 0.00692449 181294 0.000765702 0.246116
0.000125 2514.79 0.00701727 181295 -0.00201936 0.246205
0.000135 2513.9 0.00711012 181296 -0.00731458 0.246293
0.000145 2513.01 0.00720304 181295 -0.0118637 0.24638
0.000155 2512.12 0.00729604 181295 -0.0135224 0.246466
0.000165 2511.22 0.00738911 181295 -0.0122137 0.246555
0.000175 2510.32 0.00748226 181296 -0.00966123 0.246644
0.000185 2509.42 0.00757549 181296 -0.00798109 0.246733
0.000195 2507.94 0.0077128 181253 -0.00797317 0.246821
0.000205 2506.35 0.00788878 181296 -0.00918541 0.247034
0.000215 2504.18 0.00810892 181296 -0.0109868 0.247247
0.000225 2502.01 0.0083292 181296 -0.0128191 0.247461
0.000235 2499.84 0.00854961 181295 -0.0136414 0.247675
0.000245 2497.66 0.00877017 181296 -0.0133696 0.247891
0.000255 2495.48 0.00899087 181296 -0.0136646 0.248107
0.000265 2493.3 0.00921172 181295 -0.0154855 0.248323
0.000275 2491.11 0.00943271 181294 -0.0171086 0.248539
0.000285 2488.92 0.00965385 181294 -0.0165547 0.248757
0.000295 2486.81 0.00987515 181301 -0.0147305 0.248978
0.000305 2484.71 0.0100966 181296 -0.0138901 0.249181
0.000315 2482.69 0.0103182 181296 -0.0144132 0.249383
0.000325 2480.66 0.0105399 181295 -0.0151503 0.249586
0.000645 2417.22 0.0177212 181295 -0.0218299 0.256127
0.000965 2354.41 0.0251004 181295 -0.0291423 0.262956
0.000335 2478.64 0.0107618 181295 -0.0158659 0.249789
0.001285 2289.18 0.0327216 181295 -0.0365599 0.270449
0.000655 2415.24 0.0179486 181295 -0.0226262 0.256336
0.000345 2476.61 0.0109838 181295 -0.0170114 0.249993
0.000975 2352.41 0.0253346 181295 -0.0296949 0.26318
0.001605 2219.92 0.0406182 181295 -0.0440463 0.278886
0.000665 2413.26 0.0181761 181295 -0.023379 0.256547
0.001295 2287.1 0.0329641 181295 -0.0369248 0.270695
0.001925 2146.07 0.0488042 181295 -0.051308 0.288477
0.000355 2474.57 0.011206 181294 -0.0179752 0.250198
0.000985 2350.4 0.0255692 181295 -0.0301416 0.263405
0.000675 2411.27 0.0184039 181295 -0.0237777 0.256758
0.002245 2066.39 0.0572542 181295 -0.0586799 0.29958
0.001305 2285.01 0.0332068 181295 -0.0371683 0.270942
0.001615 2217.67 0.0408696 181295 -0.044255 0.279169
0.000365 2472.54 0.0114283 181294 -0.0178033 0.250404
0.000995 2348.38 0.0258039 181295 -0.0303517 0.263631
0.001935 2143.68 0.0490645 181295 -0.0515036 0.288799
0.000685 2409.28 0.0186318 181295 -0.0237253 0.25697
0.001315 2282.92 0.0334498 181295 -0.0372877 0.271191
0.001625 2215.41 0.0411213 181295 -0.0444093 0.279453
0.002255 2063.8 0.0575218 181295 -0.0589064 0.299955
0.001005 2346.36 0.0260389 181295 -0.0303408 0.263858
0.000375 2470.5 0.0116508 181295 -0.0167592 0.250611
0.000695 2407.29 0.01886 181295 -0.0233879 0.257183
0.001945 2141.28 0.0493251 181295 -0.051715 0.289122
0.002565 1981.83 0.0658723 181295 -0.0656467 0.312316
0.001635 2213.15 0.0413734 181295 -0.044557 0.279739
0.001325 2280.82 0.0336931 181295 -0.0373567 0.271441
0.002265 2061.21 0.0577895 181295 -0.0591327 0.300332
0.000385 2468.45 0.0118734 181296 -0.015927 0.250819
0.001015 2344.33 0.0262742 181295 -0.0302579 0.264086
0.000705 2405.29 0.0190883 181295 -0.0230967 0.257396
0.001955 2138.87 0.049586 181295 -0.0519558 0.289447
0.002885 1891.85 0.0744365 181295 -0.0721548 0.327083
0.001645 2210.88 0.0416257 181295 -0.0447448 0.280026
0.001335 2278.71 0.0339366 181295 -0.0374777 0.271691
0.002575 1979.1 0.0661423 181295 -0.0658639 0.312744
0.002275 2058.6 0.0580574 181295 -0.0593583 0.30071
0.000395 2466.41 0.0120962 181296 -0.0159549 0.251026
0.001025 2342.31 0.0265097 181295 -0.0302895 0.264315
0.000715 2403.33 0.0193169 181298 -0.0231471 0.257611
0.001965 2136.46 0.0498471 181295 -0.0522199 0.289774
0.001655 2208.61 0.0418783 181295 -0.0449928 0.280314
0.001345 2276.61 0.0341804 181295 -0.0377173 0.271943
0.002895 1888.95 0.0746994 181295 -0.0723559 0.327581
0.000405 2464.36 0.0123192 181295 -0.0166529 0.251234
0.002585 1976.37 0.0664123 181295 -0.066083 0.313175
0.002285 2056 0.0583254 181295 -0.0595796 0.301091
0.001035 2340.27 0.0267454 181295 -0.0305439 0.264545
0.000725 2401.38 0.0195457 181295 -0.0236223 0.257815
0.001975 2134.04 0.0501085 181295 -0.0524865 0.290102
0.001665 2206.33 0.0421311 181295 -0.0452843 0.280603
0.001355 2274.49 0.0344245 181295 -0.0380664 0.272195
0.002905 1886.05 0.0749619 181295 -0.0725413 0.328081
0.000415 2462.31 0.0125423 181295 -0.0176303 0.251443
0.002295 2053.38 0.0585936 181295 -0.0597911 0.301473
0.002595 1973.63 0.0666822 181295 -0.0663007 0.313607
0.001045 2338.24 0.0269814 181295 -0.0309916 0.264775
0.000735 2399.47 0.0197747 181295 -0.0243504 0.25802
0.001985 2131.61 0.0503701 181295 -0.0527343 0.290431
0.001675 2204.06 0.0423843 181296 -0.0455774 0.280894
0.001365 2272.37 0.0346689 181295 -0.0384487 0.272449
0.002915 1883.14 0.0752239 181295 -0.072729 0.328584
0.000425 2460.26 0.0127656 181295 -0.0186231 0.251652
0.002305 2050.76 0.058862 181295 -0.0599935 0.301857
0.002605 1970.89 0.0669521 181295 -0.0665137 0.314042
0.001055 2336.19 0.0272176 181295 -0.0314906 0.265006
0.000745 2397.55 0.0200038 181295 -0.0250192 0.258226
0.001995 2129.18 0.050632 181295 -0.0529555 0.290762
0.001685 2201.8 0.0426377 181295 -0.0458306 0.281181
0.001375 2270.25 0.0349136 181295 -0.0387712 0.272704
0.002925 1880.23 0.0754854 181295 -0.0729358 0.32909
0.000435 2458.2 0.0129891 181294 -0.0192558 0.251862
0.002315 2048.14 0.0591305 181295 -0.0601966 0.302243
0.001065 2334.15 0.0274541 181295 -0.0318742 0.265238
0.002615 1968.14 0.0672219 181295 -0.066721 0.314479
0.000755 2395.63 0.0202332 181295 -0.0253655 0.258433
0.002005 2126.74 0.0508941 181295 -0.05316 0.291095
0.001695 2199.54 0.0428915 181295 -0.0460288 0.28147
0.001385 2268.12 0.0351585 181295 -0.0389813 0.27296
0.000445 2456.2 0.0132127 181299 -0.0191623 0.252073
0.002935 1877.31 0.0757464 181295 -0.0731678 0.329599
0.002325 2045.52 0.0593991 181296 -0.0604104 0.30263
0.001075 2332.1 0.0276908 181295 -0.0320487 0.265472
0.002625 1965.38 0.0674916 181295 -0.0669253 0.314917
0.000765 2393.71 0.0204628 181295 -0.0253254 0.258641
0.002015 2124.3 0.0511565 181295 -0.0533678 0.291429
0.001705 2197.27 0.0431455 181295 -0.0461917 0.281759
0.000455 2454.22 0.0134365 181295 -0.0184647 0.25227
0.001395 2265.99 0.0354037 181295 -0.0390978 0.273217
0.002945 1874.38 0.0760069 181295 -0.0734208 0.33011
0.002335 2042.92 0.0596679 181295 -0.0606371 0.303012
0.001085 2330.04 0.0279278 181295 -0.0320481 0.265706
0.002635 1962.62 0.0677612 181295 -0.0671312 0.315358
0.000775 2391.78 0.0206926 181295 -0.025064 0.258849
0.003205 1812.8 0.0825267 181295 -0.0777384 0.341207
0.002025 2121.85 0.0514191 181295 -0.0535956 0.291765
0.000465 2452.3 0.0136604 181296 -0.0178001 0.252468
0.001715 2195.01 0.0433998 181295 -0.0463612 0.282051
0.001405 2263.85 0.0356492 181295 -0.0391966 0.273475
0.002955 1871.44 0.0762668 181295 -0.0736753 0.330624
0.002345 2040.33 0.0599368 181295 -0.0608687 0.303396
0.001095 2327.98 0.0281651 181295 -0.0320115 0.265941
0.002645 1959.85 0.0680307 181295 -0.0673424 0.315801
0.000785 2389.85 0.0209226 181295 -0.0248703 0.259059
0.002035 2119.4 0.051682 181295 -0.0538459 0.292103
0.000475 2450.38 0.0138845 181296 -0.0177237 0.252666
0.001725 2192.73 0.0436544 181295 -0.0465754 0.282343
0.003215 1810.84 0.0827646 181295 -0.0778125 0.341572
0.001415 2261.7 0.0358949 181295 -0.0393618 0.273735
0.002965 1868.5 0.0765262 181295 -0.0739028 0.331141
0.002355 2037.73 0.0602058 181295 -0.0610938 0.303782
0.000795 2387.91 0.0211528 181295 -0.0249823 0.259268
0.001105 2325.92 0.0284026 181295 -0.0320965 0.266177
0.002655 1957.08 0.0683 181295 -0.0675585 0.316246
0.002045 2116.93 0.0519451 181295 -0.0541062 0.292442
0.000485 2448.45 0.0141088 181295 -0.018313 0.252864
0.001735 2190.45 0.0439092 181295 -0.0468434 0.282637
0.003225 1808.87 0.0830014 181295 -0.0778864 0.341938
0.001425 2259.55 0.036141 181295 -0.0396332 0.273995
0.002975 1865.54 0.0767851 181295 -0.0740982 0.331661
0.000805 2385.98 0.0213832 181295 -0.0254494 0.259479
0.001115 2323.88 0.0286403 181297 -0.0323816 0.266414
0.002365 2035.13 0.060475 181295 -0.0613073 0.304169
0.002665 1954.3 0.0685693 181295 -0.0677748 0.316694
0.002055 2114.47 0.0522084 181295 -0.0543584 0.292783
0.000495 2446.52 0.0143332 181295 -0.0192704 0.253063
0.001745 2188.17 0.0441644 181295 -0.0471379 0.282932
0.003235 1806.91 0.083237 181295 -0.0779764 0.342304
0.001435 2257.39 0.0363873 181295 -0.0399831 0.274257
0.002985 1862.58 0.0770433 181295 -0.0742912 0.332185
0.000815 2384.03 0.0216139 181295 -0.0261112 0.25969
0.001125 2321.85 0.0288783 181295 -0.0328218 0.266643
0.002375 2032.52 0.0607442 181295 -0.0615147 0.304558
0.002065 2111.99 0.052472 181295 -0.0545905 0.293125
0.002675 1951.51 0.0688384 181295 -0.067985 0.317143
0.003245 1804.96 0.0834714 181295 -0.0780852 0.342669
0.000505 2444.59 0.0145578 181295 -0.0201912 0.253262
0.001445 2255.23 0.0366339 181295 -0.0403358 0.27452
0.000825 2382.09 0.0218448 181295 -0.0266989 0.259902
0.001755 2185.88 0.0444198 181295 -0.0474131 0.283228
0.002075 2109.51 0.0527359 181295 -0.0548048 0.293469
0.002685 1948.72 0.0691074 181295 -0.0681859 0.317595
0.003255 1803.01 0.0837046 181295 -0.0782017 0.343035
0.001455 2253.07 0.0368808 181295 -0.0406175 0.274784
0.002995 1859.61 0.077301 181295 -0.0745081 0.332711
0.001135 2319.84 0.0291166 181295 -0.0332795 0.266874
0.002695 1945.93 0.0693762 181295 -0.0683803 0.318048
0.000835 2380.14 0.0220758 181295 -0.0269969 0.260115
0.002085 2107.02 0.0529999 181295 -0.0550148 0.293815
0.003265 1801.06 0.0839365 181295 -0.0783082 0.343401
0.002385 2029.9 0.0610136 181295 -0.0617263 0.304949
0.001465 2250.9 0.037128 181295 -0.0408013 0.275049
0.000515 2442.66 0.0147826 181295 -0.0207081 0.253462
0.002705 1943.13 0.0696448 181295 -0.0685753 0.318504
0.000845 2378.18 0.0223071 181295 -0.0269685 0.260328
0.001765 2183.58 0.0446755 181295 -0.0476396 0.283526
0.002095 2104.53 0.0532642 181295 -0.0552354 0.294163
0.003275 1799.12 0.0841672 181295 -0.0783938 0.343767
0.001475 2248.72 0.0373754 181295 -0.040922 0.275315
0.003005 1856.63 0.077558 181295 -0.0747433 0.333241
0.001145 2317.83 0.0293551 181295 -0.033612 0.267106
0.002715 1940.32 0.0699133 181295 -0.0687777 0.318962
0.000855 2376.22 0.0225387 181295 -0.0267726 0.260543
0.002105 2102.03 0.0535287 181295 -0.0554735 0.294512
0.003285 1797.18 0.0843966 181295 -0.0784622 0.344132
0.001485 2246.54 0.0376232 181295 -0.0410519 0.275583
0.002395 2027.28 0.0612831 181295 -0.0619449 0.305342
0.002725 1937.51 0.0701815 181295 -0.0689886 0.319423
0.000865 2374.26 0.0227704 181295 -0.0266615 0.260759
0.000525 2440.72 0.0150076 181295 -0.0206292 0.253663
0.002115 2099.53 0.0537935 181295 -0.0557238 0.294862
0.001775 2181.28 0.0449315 181295 -0.0478238 0.283825
0.001495 2244.35 0.0378712 181295 -0.0412551 0.275851
0.003295 1795.24 0.0846247 181295 -0.0785277 0.344497
0.002735 1934.69 0.0704496 181295 -0.069202 0.319885
0.003015 1853.65 0.0778144 181295 -0.0749758 0.333774
0.000875 2372.29 0.0230024 181295 -0.0268271 0.260975
0.001155 2315.81 0.0295938 181295 -0.0337584 0.267338
0.002125 2097.02 0.0540585 181295 -0.0559734 0.295215
0.001505 2242.15 0.0381195 181295 -0.0415478 0.276121
0.002405 2024.65 0.0615526 181295 -0.0621655 0.305737
0.003305 1793.32 0.0848514 181295 -0.0786035 0.344863
0.002745 1931.87 0.0707174 181295 -0.0694085 0.320349
0.000885 2370.32 0.0232346 181295 -0.0272908 0.261191
0.000535 2438.78 0.0152327 181295 -0.0201051 0.253865
0.002135 2094.5 0.0543236 181295 -0.05621 0.295569
0.001785 2178.97 0.0451877 181295 -0.0479978 0.284125
0.001515 2239.96 0.0383681 181295 -0.0418886 0.276392
0.003315 1791.39 0.0850768 181295 -0.0786917 0.345227
0.002755 1929.04 0.070985 181295 -0.0696022 0.320816
0.003025 1850.66 0.0780701 181295 -0.0751944 0.334309
0.000895 2368.35 0.023467 181295 -0.0278969 0.261409
0.001165 2313.79 0.0298329 181295 -0.0337741 0.267572
0.002145 2091.97 0.054589 181295 -0.0564309 0.295925
0.001525 2237.75 0.0386169 181295 -0.0422073 0.276664
0.003325 1789.48 0.0853008 181295 -0.0787832 0.345592
0.002765 1926.21 0.0712524 181295 -0.0697855 0.321285
0.002415 2022.02 0.0618222 181295 -0.0623855 0.306133
0.000545 2436.84 0.015458 181295 -0.0195908 0.254068
0.000905 2366.37 0.0236996 181295 -0.0284116 0.261627
0.001795 2176.66 0.0454443 181295 -0.0481964 0.284427
0.002155 2089.44 0.0548547 181295 -0.0566442 0.296283
0.001535 2235.54 0.0388661 181295 -0.0424508 0.276938
0.003335 1787.56 0.0855234 181295 -0.0788649 0.345956
0.002775 1923.38 0.0715195 181295 -0.0699678 0.321756
0.003035 1847.66 0.0783252 181295 -0.0754006 0.334848
0.000915 2364.39 0.0239325 181295 -0.0286635 0.261846
0.001175 2311.77 0.0300722 181295 -0.0337932 0.267806
0.002165 2086.91 0.0551205 181295 -0.0568619 0.296642
0.001545 2233.33 0.0391155 181295 -0.0426158 0.277212
0.003345 1785.66 0.0857446 181295 -0.0789291 0.34632
0.002785 1920.53 0.0717863 181295 -0.0701597 0.322229
0.000555 2434.89 0.0156835 181296 -0.0195305 0.254271
0.002425 2019.38 0.062092 181295 -0.0626067 0.306532
0.001805 2174.34 0.0457011 181295 -0.0484384 0.28473
0.000925 2362.4 0.0241656 181295 -0.0286441 0.262067
0.003045 1844.93 0.0785795 181322 -0.0756004 0.335389
0.001185 2309.74 0.0303117 181295 -0.0339415 0.268042
0.002175 2084.36 0.0553865 181295 -0.0570906 0.297003
0.001555 2231.11 0.0393652 181295 -0.0427469 0.277488
0.003355 1783.76 0.0859643 181295 -0.0789789 0.346683
0.002795 1917.69 0.0720528 181295 -0.0703647 0.322705
0.000565 2432.94 0.0159092 181295 -0.0200525 0.254474
0.002435 2016.74 0.0623618 181295 -0.0628275 0.306932
0.001815 2172.02 0.0459582 181295 -0.0487163 0.285034
0.000935 2360.41 0.0243989 181295 -0.0285072 0.262288
0.003055 1842.66 0.0788331 181295 -0.0757959 0.335747
0.001195 2307.7 0.0305515 181295 -0.0342594 0.268278
0.002185 2081.81 0.0556528 181295 -0.057329 0.297366
0.001565 2228.88 0.0396153 181295 -0.0429067 0.277765
0.003365 1781.87 0.0861826 181295 -0.0790249 0.347046
0.002805 1914.83 0.0723191 181295 -0.070576 0.323182
0.000575 2430.99 0.016135 181295 -0.0209319 0.254678
0.002445 2014.09 0.0626316 181295 -0.0630447 0.307335
0.001825 2169.69 0.0462155 181295 -0.0489988 0.28534
0.000945 2358.42 0.0246325 181295 -0.028471 0.26251
0.003065 1840.66 0.0790859 181295 -0.0759781 0.336107
0.001205 2305.66 0.0307916 181295 -0.0346833 0.268515
0.002195 2079.26 0.0559192 181295 -0.0575703 0.29773
0.001575 2226.65 0.0398656 181295 -0.0431393 0.278044
0.003375 1779.98 0.0863994 181295 -0.0790769 0.347408
0.002815 1911.98 0.072585 181295 -0.0707808 0.323662
0.000585 2429.03 0.0163611 181295 -0.0217723 0.254883
0.002455 2011.43 0.0629015 181295 -0.0632597 0.307739
0.001835 2167.35 0.0464732 181295 -0.0492526 0.285647
0.000955 2356.42 0.0248663 181295 -0.0286844 0.262733
0.003075 1838.67 0.0793378 181295 -0.0761387 0.336468
0.001215 2303.62 0.0310319 181295 -0.0350909 0.268753
0.001585 2224.41 0.0401161 181295 -0.0434421 0.278323
0.002205 2076.7 0.0561858 181295 -0.0578054 0.298097
0.003385 1778.1 0.0866147 181295 -0.0791369 0.34777
0.002825 1909.12 0.0728506 181295 -0.0709697 0.324144
0.000595 2427.07 0.0165873 181295 -0.0222246 0.255088
0.002465 2008.77 0.0631715 181295 -0.0634763 0.308145
0.001845 2165.01 0.0467311 181295 -0.0494652 0.285956
0.003085 1836.66 0.0795889 181295 -0.0762764 0.33683
0.001225 2301.57 0.0312725 181295 -0.0353744 0.268992
0.001595 2222.17 0.040367 181295 -0.0437653 0.278604
0.002215 2074.13 0.0564526 181295 -0.0580281 0.298465
0.003395 1776.23 0.0868284 181295 -0.0791984 0.34813
0.000605 2425.11 0.0168137 181295 -0.0221587 0.255294
0.002835 1906.25 0.0731159 181295 -0.0711449 0.324628
0.002845 1903.38 0.0733808 181295 -0.0713191 0.325114
0.003525 1752.75 0.0894587 181295 -0.0794774 0.352722
0.002855 1900.5 0.0736453 181295 -0.0715065 0.325603
0.003845 1704.86 0.0945725 181295 -0.0777919 0.362468
0.004165 1698.39 0.0976687 181295 -0.0735792 0.363782
0.002865 1897.62 0.0739095 181295 -0.0717141 0.326094
0.003855 1703.66 0.0946986 181295 -0.0776759 0.36272
0.003535 1751.02 0.0896489 181295 -0.0794811 0.353065
0.004175 1699.1 0.0977391 181295 -0.0734605 0.363631
0.002875 1894.74 0.0741732 181295 -0.0719358 0.326587
0.003865 1702.48 0.0948226 181295 -0.0775636 0.362968
0.003545 1749.3 0.0898372 181295 -0.0794816 0.353407
0.004485 1730.56 0.0996527 181295 -0.0721903 0.357092
0.003555 1747.59 0.0900238 181295 -0.0794739 0.353746
0.003565 1745.9 0.0902084 181295 -0.0794557 0.354084
0.003575 1744.22 0.0903912 181295 -0.0794294 0.35442
0.004495 1731.79 0.0997175 181295 -0.0722665 0.356842
0.003585 1742.55 0.0905721 181295 -0.0794004 0.354754
0.004805 1769.08 0.102585 181295 -0.0804329 0.349477
0.004505 1733.03 0.0997833 181295 -0.0723618 0.356591
0.003595 1740.9 0.0907511 181295 -0.0793739 0.355085
0.005125 1784.31 0.108697 181294 -0.10324 0.346644
0.004515 1734.28 0.0998501 181295 -0.0724696 0.356339
0.003605 1739.26 0.0909282 181295 -0.0793511 0.355415
0.004525 1735.53 0.0999181 181295 -0.0725813 0.356087
0.003615 1737.63 0.0911033 181295 -0.0793281 0.355742
0.004815 1770.08 0.102718 181295 -0.0808784 0.349284
0.004535 1736.78 0.0999873 181295 -0.0726931 0.355834
0.003625 1736.02 0.0912764 181295 -0.0792981 0.356066
0.004825 1771.07 0.102854 181295 -0.0813518 0.349095
0.005135 1784.02 0.108957 181294 -0.104297 0.346705
0.004545 1738.04 0.100058 181295 -0.0728101 0.355581
0.003635 1734.42 0.0914476 181295 -0.0792564 0.356389
0.004835 1772.03 0.102993 181295 -0.0818663 0.348911
0.005145 1783.66 0.109222 181294 -0.105251 0.346778
0.005445 1654.2 0.119448 181294 -0.132392 0.373993
0.004555 1739.3 0.10013 181295 -0.0729425 0.355328
0.003645 1732.84 0.0916169 181295 -0.0792037 0.356709
0.004845 1772.96 0.103136 181295 -0.0824143 0.348733
0.005155 1783.24 0.109491 181294 -0.106116 0.346862
0.004565 1740.57 0.100203 181295 -0.0730966 0.355075
0.003655 1731.28 0.0917841 181295 -0.0791466 0.357026
0.004855 1773.87 0.103282 181295 -0.0829721 0.348559
0.005165 1782.76 0.109765 181294 -0.106995 0.346959
0.004575 1741.83 0.100278 181295 -0.07327 0.354822
0.003665 1729.73 0.0919493 181295 -0.0790931 0.35734
0.004865 1774.75 0.103432 181295 -0.0835184 0.348392
0.005765 1400.7 0.135724 181295 -0.14501 0.441713
0.005175 1782.22 0.110044 181294 -0.108018 0.347069
0.005455 1647.15 0.119872 181295 -0.132995 0.375594
0.004585 1743.09 0.100354 181295 -0.073453 0.35457
0.003675 1728.2 0.0921125 181295 -0.0790467 0.357652
0.004875 1775.61 0.103585 181295 -0.0840514 0.34823
0.005185 1781.6 0.110327 181294 -0.109221 0.347191
0.005465 1640.04 0.120302 181295 -0.13357 0.377225
0.004595 1744.36 0.100432 181295 -0.073637 0.354318
0.003685 1726.68 0.0922737 181295 -0.0790029 0.357961
0.004885 1776.43 0.103741 181295 -0.0845924 0.348073
0.005195 1780.93 0.110614 181294 -0.110481 0.347326
0.005475 1632.86 0.120737 181295 -0.134199 0.378884
0.004605 1745.62 0.100512 181295 -0.0738217 0.354067
0.005775 1392.04 0.136317 181295 -0.145031 0.444462
0.003695 1725.18 0.0924329 181295 -0.0789522 0.358267
0.004895 1777.22 0.103902 181295 -0.0851695 0.347924
0.005205 1780.18 0.110907 181294 -0.111641 0.347475
0.006085 1116.75 0.156483 181296 -0.136115 0.554213
0.005485 1625.62 0.121178 181295 -0.134904 0.380573
0.004615 1746.88 0.100594 181295 -0.0740162 0.353816
0.005785 1383.35 0.136915 181295 -0.145035 0.447256
0.003705 1723.7 0.09259 181295 -0.078887 0.35857
0.004905 1777.98 0.104066 181295 -0.0857961 0.34778
0.005215 1779.36 0.111204 181294 -0.112668 0.347637
0.005495 1618.31 0.121624 181295 -0.135629 0.382291
0.004625 1748.13 0.100677 181295 -0.074232 0.353567
0.005795 1374.63 0.137518 181295 -0.14504 0.450094
0.003715 1722.23 0.0927451 181295 -0.0788081 0.35887
0.004915 1778.71 0.104234 181295 -0.0864582 0.347643
0.005225 1778.48 0.111506 181294 -0.113633 0.347814
0.005505 1610.95 0.122076 181295 -0.136292 0.38404
0.004635 1749.39 0.100763 181295 -0.0744732 0.353319
0.005805 1365.88 0.138125 181295 -0.145039 0.452977
0.003725 1720.79 0.0928981 181295 -0.078725 0.359167
0.004925 1779.4 0.104405 181295 -0.0871244 0.347513
0.006095 1107.95 0.157169 181296 -0.135541 0.558626
0.005235 1777.52 0.111812 181294 -0.114597 0.348004
0.005515 1603.52 0.122534 181295 -0.136854 0.38582
0.004645 1750.63 0.10085 181295 -0.074733 0.353073
0.005815 1357.11 0.138736 181295 -0.145009 0.455907
0.003735 1719.36 0.093049 181295 -0.0786495 0.359461
0.004935 1780.06 0.104581 181295 -0.0877699 0.347389
0.006105 1099.18 0.157855 181296 -0.134899 0.563097
0.005245 1776.48 0.112123 181294 -0.115581 0.348209
0.005525 1596.03 0.122997 181295 -0.137346 0.387632
0.004655 1751.87 0.10094 181295 -0.074999 0.352828
0.005825 1348.32 0.139351 181295 -0.144937 0.458882
0.003745 1717.94 0.0931979 181295 -0.0785865 0.359752
0.004945 1780.68 0.10476 181295 -0.0883973 0.347273
0.007365 548.719 0.210968 181295 -0.08238 1.13424
0.006115 1090.44 0.158542 181296 -0.134228 0.567626
0.005255 1774.21 0.112438 181175 -0.116594 0.348429
0.005535 1588.48 0.123465 181295 -0.137843 0.389475
0.004665 1753.11 0.101032 181295 -0.0752629 0.352585
0.005835 1339.51 0.139971 181295 -0.144831 0.461905
0.003755 1716.55 0.0933447 181295 -0.0785292 0.360039
0.004955 1781.26 0.104943 181294 -0.0890365 0.347164
0.005265 1769.61 0.112758 181294 -0.117594 0.349567
0.006125 1081.72 0.159229 181296 -0.133587 0.572214
0.005545 1580.87 0.123939 181295 -0.138391 0.39135
0.004675 1754.33 0.101126 181295 -0.0755287 0.352344
0.005845 1330.67 0.140594 181295 -0.144713 0.464975
0.003765 1715.18 0.0934895 181295 -0.0784636 0.360323
0.004965 1781.81 0.105131 181294 -0.0897226 0.347063
0.005275 1763.78 0.113084 181294 -0.11858 0.350726
0.006135 1073.04 0.159916 181296 -0.132994 0.57686
0.005555 1573.21 0.124419 181295 -0.138977 0.393257
0.004685 1755.55 0.101222 181295 -0.0758097 0.352106
0.005855 1321.81 0.141222 181295 -0.144591 0.468093
0.003775 1713.82 0.0936321 181295 -0.0783797 0.360603
0.006725 698.479 0.194968 181296 -0.0944615 0.888806
0.007375 547.696 0.211072 181295 -0.0823019 1.13638
0.004975 1782.31 0.105322 181294 -0.0904686 0.346969
0.005285 1757.87 0.113415 181294 -0.119584 0.351907
0.006145 1064.39 0.160603 181296 -0.132387 0.581564
0.005565 1565.49 0.124904 181295 -0.13954 0.395198
0.004695 1756.75 0.101321 181295 -0.0761181 0.351869
0.005865 1312.94 0.141853 181296 -0.144456 0.47126
0.003785 1712.48 0.0937727 181295 -0.0782803 0.36088
0.004985 1782.78 0.105517 181294 -0.0912527 0.346883
0.007385 546.71 0.211172 181295 -0.0822252 1.13845
0.005295 1751.9 0.113752 181294 -0.120591 0.353108
0.006155 1055.77 0.16129 181296 -0.131694 0.586326
0.005575 1557.71 0.125395 181295 -0.140026 0.397173
0.004705 1757.95 0.101422 181295 -0.0764552 0.351635
0.005875 1304.05 0.142489 181296 -0.144288 0.474475
0.003795 1711.17 0.0939112 181295 -0.0781795 0.361154
0.004995 1783.2 0.105717 181294 -0.0920331 0.346806
0.007395 545.76 0.211269 181295 -0.08215 1.14045
0.005305 1745.86 0.114093 181294 -0.121534 0.354332
0.006165 1047.19 0.161976 181296 -0.13092 0.591146
0.005585 1549.87 0.125891 181295 -0.140434 0.399181
0.004715 1759.13 0.101526 181295 -0.0768091 0.351404
0.006735 694.29 0.195391 181296 -0.0940399 0.894221
0.005885 1295.15 0.143127 181296 -0.144083 0.477741
0.003805 1709.87 0.0940476 181295 -0.0780927 0.361424
0.007045 601.241 0.205486 181296 -0.085867 1.03422
0.005005 1783.58 0.10592 181294 -0.0927803 0.346737
0.007405 544.846 0.211362 181295 -0.0820763 1.14238
0.005315 1739.76 0.11444 181294 -0.122329 0.355578
0.006175 1038.65 0.162661 181296 -0.130155 0.596024
0.006405 867.613 0.17799 181296 -0.113378 0.7142
0.005595 1541.98 0.126393 181295 -0.140811 0.401225
0.004725 1760.3 0.101632 181295 -0.0771646 0.351176
0.006745 690.166 0.195807 181296 -0.0936249 0.899618
0.003815 1708.59 0.094182 181295 -0.0780248 0.361691
0.005895 1286.23 0.14377 181296 -0.143854 0.481056
0.005015 1783.91 0.106128 181294 -0.0935025 0.346676
0.007415 543.969 0.21145 181295 -0.0820042 1.14424
0.005325 1733.58 0.114793 181294 -0.122988 0.356847
0.006185 1030.15 0.163346 181296 -0.129479 0.600959
0.005605 1534.04 0.1269 181295 -0.14121 0.403303
0.004735 1761.46 0.101741 181295 -0.0775147 0.350951
0.003825 1707.33 0.0943142 181295 -0.0779646 0.361953
0.006755 686.127 0.196217 181301 -0.0931945 0.904991
0.006415 861.28 0.178615 181296 -0.11274 0.71949
0.005905 1277.31 0.144416 181296 -0.143617 0.484422
0.005025 1784.2 0.10634 181294 -0.0942415 0.346624
0.002475 2006.1 0.0634415 181295 -0.0636944 0.308553
0.007425 543.128 0.211536 181295 -0.0819336 1.14603
0.005335 1727.34 0.115151 181294 -0.123663 0.358139
0.007055 599 0.205726 181296 -0.0857135 1.03813
0.006195 1021.7 0.16403 181296 -0.128855 0.605952
0.005615 1526.04 0.127412 181295 -0.141643 0.405416
0.004745 1762.6 0.101853 181295 -0.0778681 0.350729
0.003835 1706.08 0.0944444 181295 -0.077891 0.362213
0.006765 682.454 0.19662 181296 -0.0928258 0.909889
0.006425 855.013 0.179235 181296 -0.112122 0.724801
0.005915 1268.37 0.145065 181296 -0.143377 0.48784
0.005035 1784.44 0.106556 181294 -0.095041 0.346582
0.007435 542.324 0.211617 181295 -0.0818648 1.14774
0.005345 1721.02 0.115514 181294 -0.124489 0.359455
0.006205 1013.29 0.164712 181296 -0.128143 0.611
0.003095 1834.66 0.079839 181295 -0.076412 0.337193
0.001855 2162.66 0.0469893 181295 -0.0496522 0.286266
0.003105 1832.66 0.0800883 181295 -0.0765733 0.337556
0.001865 2160.31 0.0472478 181295 -0.0498443 0.286577
0.001235 2299.52 0.0315133 181295 -0.0355041 0.269233
0.003115 1830.66 0.0803367 181295 -0.0767525 0.337921
0.001875 2157.95 0.0475065 181295 -0.0500671 0.28689
0.003125 1828.67 0.0805841 181295 -0.0769077 0.338285
0.001885 2155.59 0.0477655 181295 -0.0503256 0.287205
0.003135 1826.67 0.0808305 181295 -0.0770171 0.33865
0.001895 2153.22 0.0480248 181295 -0.050602 0.28752
0.001245 2297.46 0.0317545 181295 -0.0355454 0.269474
0.003145 1824.68 0.0810759 181295 -0.0770991 0.339015
0.002225 2071.56 0.0567196 181295 -0.0582415 0.298835
0.001905 2150.84 0.0482843 181295 -0.0508679 0.287838
0.001255 2295.4 0.0319958 181295 -0.0356173 0.269716
0.003155 1822.69 0.0813204 181295 -0.07718 0.33938
0.003405 1774.37 0.0870406 181295 -0.0792518 0.34849
0.001915 2148.46 0.0485441 181295 -0.0511029 0.288157
0.001265 2293.33 0.0322375 181295 -0.0358154 0.26996
0.003165 1820.71 0.0815638 181295 -0.0772754 0.339745
0.001275 2291.26 0.0324794 181295 -0.0361535 0.270204
0.000615 2423.14 0.0170403 181295 -0.0217415 0.255502
0.004185 1699.83 0.0978083 181295 -0.0733558 0.363475
0.003875 1701.31 0.0949446 181295 -0.0774704 0.363213
0.007065 596.8 0.20596 181296 -0.0855645 1.042
0.004195 1700.59 0.0978765 181295 -0.0732475 0.363314
0.003885 1700.17 0.0950645 181295 -0.0773993 0.363453
0.004205 1701.36 0.0979436 181295 -0.0731258 0.363149
0.007075 594.64 0.206189 181296 -0.0854196 1.04582
0.003895 1699.05 0.0951824 181295 -0.0773348 0.36369
0.004215 1702.16 0.0980097 181295 -0.0729956 0.362979
0.007085 592.52 0.206414 181295 -0.0852785 1.0496
0.003905 1697.95 0.0952983 181295 -0.0772446 0.363922
0.004225 1702.98 0.0980749 181295 -0.0728726 0.362805
0.007095 590.441 0.206635 181295 -0.0851412 1.05334
0.003915 1696.87 0.0954121 181295 -0.0771118 0.364151
0.004235 1703.83 0.0981393 181295 -0.0727695 0.362626
0.005625 1518 0.12793 181295 -0.142073 0.407566
0.007105 588.4 0.206851 181295 -0.0850076 1.05703
0.003925 1695.81 0.095524 181295 -0.0769595 0.364375
0.004245 1704.69 0.0982028 181295 -0.0726858 0.362444
0.004755 1763.72 0.101968 181295 -0.0782425 0.350511
0.007115 586.399 0.207062 181295 -0.0848774 1.06067
0.003935 1694.77 0.095634 181295 -0.0768232 0.364595
0.004255 1705.58 0.0982656 181295 -0.0726095 0.362257
0.004765 1764.83 0.102085 181295 -0.0786506 0.350296
0.007125 584.437 0.207269 181295 -0.0847505 1.06427
0.003945 1693.75 0.0957419 181295 -0.0767094 0.364811
0.006775 678.859 0.197017 181296 -0.0924298 0.91476
0.004265 1706.48 0.0983277 181295 -0.0725279 0.362067
0.004775 1765.92 0.102205 181295 -0.07909 0.350085
0.005635 1509.9 0.128454 181295 -0.142451 0.409751
0.003955 1692.76 0.0958479 181295 -0.0766007 0.365022
0.007135 582.514 0.207471 181295 -0.0846266 1.06782
0.006435 848.814 0.17985 181296 -0.111472 0.730134
0.004275 1707.41 0.0983892 181295 -0.0724372 0.361872
0.004785 1766.99 0.102329 181295 -0.0795435 0.349878
0.005925 1259.43 0.145717 181296 -0.143116 0.491308
0.007145 580.63 0.207669 181295 -0.0845056 1.07132
0.005645 1501.76 0.128982 181295 -0.142758 0.411974
0.003965 1691.79 0.095952 181295 -0.0764842 0.365228
0.004285 1708.35 0.0984501 181295 -0.0723458 0.361674
0.004795 1768.05 0.102455 181295 -0.0799926 0.349676
0.006445 842.682 0.180459 181296 -0.110791 0.735487
0.005935 1250.48 0.146373 181296 -0.142811 0.49483
0.006785 675.322 0.197407 181296 -0.0920574 0.919603
0.007155 578.784 0.207862 181295 -0.0843874 1.07477
0.005655 1493.57 0.129516 181295 -0.14302 0.414235
0.003975 1690.85 0.0960542 181295 -0.0763603 0.36543
0.004295 1709.31 0.0985105 181295 -0.0722662 0.361472
0.005045 1784.64 0.106777 181294 -0.0959136 0.346548
0.004305 1710.29 0.0985705 181295 -0.072205 0.361266
0.002485 2003.43 0.0637115 181295 -0.0639132 0.308963
0.004315 1711.29 0.09863 181295 -0.0721579 0.361057
0.004325 1712.31 0.0986893 181295 -0.0721139 0.360845
0.005055 1784.78 0.107001 181294 -0.0968283 0.346525
0.004335 1713.35 0.0987484 181295 -0.0720649 0.36063
0.005065 1784.88 0.10723 181294 -0.0977347 0.346511
0.002495 2000.75 0.0639816 181295 -0.0641328 0.309375
0.004345 1714.4 0.0988072 181295 -0.0720126 0.360411
0.005075 1784.92 0.107463 181294 -0.0986001 0.346506
0.007445 541.555 0.211695 181295 -0.0817976 1.14939
0.002505 1998.07 0.0642517 181295 -0.0643534 0.309789
0.004355 1715.47 0.098866 181295 -0.0719662 0.360189
0.005085 1784.91 0.107701 181294 -0.0994135 0.346512
0.005355 1714.65 0.115883 181294 -0.125441 0.360794
0.002515 1995.37 0.0645218 181295 -0.0645734 0.310205
0.004365 1716.55 0.0989247 181295 -0.071935 0.359965
0.005095 1784.84 0.107943 181294 -0.100221 0.346529
0.005365 1708.2 0.116257 181294 -0.126386 0.362157
0.002525 1992.68 0.064792 181295 -0.0647913 0.310623
0.004375 1717.65 0.0989835 181295 -0.0719208 0.359737
0.005105 1784.72 0.10819 181294 -0.101117 0.346556
0.005375 1701.68 0.116636 181294 -0.12722 0.363546
0.007455 540.822 0.211769 181295 -0.0817321 1.15096
0.002535 1989.97 0.0650621 181295 -0.0650064 0.311043
0.005115 1784.55 0.108441 181294 -0.102145 0.346595
0.004385 1718.76 0.0990424 181295 -0.0719166 0.359507
0.005385 1695.1 0.117021 181294 -0.127921 0.364959
0.006215 1004.93 0.165393 181296 -0.127278 0.616105
0.005395 1688.45 0.117412 181294 -0.128553 0.366399
0.003175 1818.72 0.0818061 181295 -0.0773929 0.34011
0.002235 2068.98 0.0569868 181295 -0.0584569 0.299206
0.005405 1681.73 0.117808 181295 -0.129227 0.367864
0.003415 1772.52 0.0872513 181295 -0.0792913 0.348849
0.003185 1816.75 0.0820474 181295 -0.0775237 0.340476
0.005415 1674.95 0.11821 181295 -0.13001 0.369355
0.000625 2421.17 0.0172671 181295 -0.0213509 0.25571
0.006455 836.618 0.181062 181296 -0.110114 0.740858
0.005945 1241.52 0.147031 181296 -0.142471 0.498403
0.000635 2419.2 0.017494 181295 -0.021343 0.255918
0.006465 830.622 0.18166 181296 -0.109456 0.746248
0.005955 1232.57 0.147692 181296 -0.14213 0.50203
0.006795 671.843 0.197791 181296 -0.0917247 0.924418
0.007165 576.976 0.208052 181295 -0.084272 1.07817
0.005965 1223.61 0.148356 181296 -0.14179 0.505711
0.005665 1485.33 0.130055 181295 -0.143281 0.416533
0.006805 668.42 0.198169 181296 -0.091411 0.929204
0.005975 1214.66 0.149023 181296 -0.141424 0.509446
0.007175 575.206 0.208237 181295 -0.0841591 1.08152
0.003985 1690.2 0.0961544 181324 -0.0762294 0.365626
0.005675 1477.05 0.130599 181295 -0.143563 0.418869
0.007185 573.475 0.208417 181295 -0.0840488 1.08482
0.005985 1205.7 0.149692 181296 -0.140973 0.513235
0.006815 665.052 0.19854 181296 -0.091087 0.933961
0.002545 1987.26 0.0653322 181295 -0.0652196 0.311466
0.005685 1468.72 0.131149 181295 -0.143848 0.421245
0.003995 1690.19 0.0962529 181295 -0.076091 0.365567
0.007465 540.125 0.211839 181295 -0.0816684 1.15246
0.005995 1196.76 0.150363 181296 -0.140165 0.51708
0.007195 571.782 0.208594 181295 -0.0839407 1.08806
0.006825 661.739 0.198905 181296 -0.090759 0.938689
0.005695 1460.35 0.131703 181295 -0.144097 0.42366
0.004005 1690.47 0.0963495 181295 -0.0759484 0.365504
0.002555 1984.55 0.0656023 181295 -0.0654323 0.31189
0.004395 1719.89 0.0991014 181295 -0.0719133 0.359275
0.006005 1187.82 0.151036 181294 -0.141192 0.520973
0.006225 996.615 0.166073 181296 -0.126387 0.621265
0.003425 1770.67 0.0874603 181295 -0.0793188 0.349207
0.006015 1178.88 0.151712 181296 -0.139259 0.524935
0.005425 1668.1 0.118617 181294 -0.130864 0.370874
0.006235 988.354 0.16675 181296 -0.125621 0.62648
0.003195 1814.77 0.0822876 181295 -0.0776442 0.340841
0.006025 1169.96 0.152389 181296 -0.139202 0.528946
0.003435 1768.83 0.0876677 181295 -0.0793419 0.349565
0.005435 1661.18 0.11903 181294 -0.131684 0.372419
0.006245 980.147 0.167426 181296 -0.124941 0.631749
0.006475 824.694 0.182252 181296 -0.108795 0.751655
0.007205 570.126 0.208766 181295 -0.0838349 1.09125
0.006255 971.996 0.1681 181296 -0.124227 0.63707
0.006835 658.48 0.199264 181296 -0.0904511 0.943386
0.006485 818.833 0.182838 181296 -0.108109 0.757077
0.007475 539.463 0.211906 181295 -0.0816067 1.15389
0.007215 568.508 0.208934 181295 -0.0837311 1.09439
0.006265 963.904 0.168771 181296 -0.12344 0.642444
0.004015 1690.78 0.0964442 181295 -0.0757942 0.365435
0.006495 813.041 0.183417 181296 -0.107404 0.762515
0.005705 1451.94 0.132263 181295 -0.144287 0.426115
0.007485 538.836 0.211969 181295 -0.0815469 1.15524
0.007225 566.928 0.209098 181295 -0.0836293 1.09747
0.006275 955.951 0.16944 181311 -0.1226 0.647864
0.006845 655.274 0.199617 181296 -0.0901656 0.948053
0.006505 807.318 0.183991 181296 -0.106703 0.767965
0.004025 1691.11 0.0965371 181295 -0.0756322 0.365362
0.007495 538.244 0.212029 181295 -0.0814893 1.15652
0.005715 1443.49 0.132828 181295 -0.14443 0.42861
0.007235 565.385 0.209257 181295 -0.0835294 1.10049
0.006285 948.707 0.170121 181296 -0.1219 0.652786
0.006855 652.12 0.199963 181296 -0.0898859 0.952688
0.006515 801.662 0.184558 181296 -0.10602 0.773428
0.004035 1691.47 0.0966283 181295 -0.0754843 0.365284
0.004405 1721.03 0.0991607 181295 -0.0719077 0.35904
0.007505 537.687 0.212085 181295 -0.0814337 1.15773
0.007245 563.88 0.209413 181295 -0.0834314 1.10346
0.005725 1435 0.133397 181295 -0.14456 0.431147
0.006295 941.6 0.170799 181296 -0.121104 0.657741
0.004045 1691.85 0.0967177 181295 -0.0753677 0.3652
0.006865 649.018 0.200304 181296 -0.0896051 0.957292
0.006525 796.075 0.18512 181296 -0.105347 0.778902
0.007515 537.165 0.212137 181295 -0.0813805 1.15887
0.004415 1722.18 0.0992203 181295 -0.071905 0.358803
0.007255 562.412 0.209565 181295 -0.0833352 1.10637
0.005735 1426.48 0.133972 181295 -0.144699 0.433725
0.006305 934.555 0.171474 181296 -0.12034 0.662727
0.006875 645.967 0.200639 181296 -0.0893322 0.961864
0.006535 790.556 0.185675 181296 -0.104679 0.784386
0.007525 536.676 0.212186 181295 -0.0813297 1.15993
0.004425 1723.35 0.0992803 181295 -0.0719144 0.358563
0.007265 560.982 0.209712 181295 -0.0832407 1.10922
0.004055 1692.25 0.0968054 181295 -0.0752617 0.365111
0.005745 1417.92 0.134551 181295 -0.144839 0.436345
0.006315 927.572 0.172145 181296 -0.119681 0.667745
0.006035 1161.05 0.153068 181296 -0.138797 0.533014
0.006885 642.965 0.200968 181296 -0.0890742 0.966404
0.004435 1724.52 0.0993408 181295 -0.0719415 0.358322
0.007535 536.222 0.212232 181295 -0.0812812 1.16092
0.006545 785.105 0.186223 181296 -0.104022 0.789879
0.007275 559.588 0.209855 181295 -0.0831478 1.112
0.005755 1409.32 0.135135 181295 -0.144949 0.439007
0.004065 1692.68 0.0968915 181295 -0.0751256 0.365017
0.006325 920.652 0.172812 181296 -0.119059 0.672794
0.006895 640.013 0.201291 181296 -0.0888268 0.97091
0.006045 1152.16 0.153748 181296 -0.138294 0.537139
0.003445 1767.01 0.0878735 181295 -0.0793677 0.349921
0.004445 1725.71 0.0994018 181295 -0.0719837 0.358079
0.006055 1143.28 0.15443 181296 -0.13773 0.541321
0.007545 535.801 0.212274 181295 -0.0812352 1.16185
0.003455 1765.19 0.0880777 181295 -0.0793985 0.350275
0.006555 779.723 0.186765 181296 -0.103387 0.795379
0.004455 1726.91 0.0994634 181295 -0.0720325 0.357834
0.006065 1134.42 0.155114 181296 -0.137166 0.545561
0.007555 535.413 0.212313 181295 -0.0811919 1.1627
0.007285 558.233 0.209995 181295 -0.0830566 1.11473
0.003465 1763.38 0.0882801 181295 -0.0794304 0.350629
0.006565 774.408 0.187301 181296 -0.102773 0.800886
0.004465 1728.12 0.0995257 181295 -0.0720813 0.357588
0.006075 1125.57 0.155798 181296 -0.136638 0.549858
0.007565 535.058 0.212348 181295 -0.0811516 1.16347
0.003475 1761.58 0.0884809 181295 -0.0794566 0.350981
0.007295 556.914 0.21013 181295 -0.0829669 1.1174
0.006575 769.161 0.18783 181296 -0.102177 0.806397
0.004475 1729.34 0.0995888 181295 -0.0721313 0.357341
0.007575 534.735 0.212381 181295 -0.081114 1.16418
0.003485 1759.79 0.08868 181295 -0.0794722 0.351333
0.006335 913.795 0.173475 181296 -0.118338 0.677873
0.004075 1693.14 0.0969759 181295 -0.0749504 0.364917
0.006905 637.11 0.201608 181296 -0.0885835 0.975383
0.006345 907.003 0.174134 181296 -0.11753 0.682982
0.007305 555.632 0.210262 181295 -0.0828787 1.12
0.004085 1693.62 0.0970587 181295 -0.0747637 0.364812
0.006585 763.982 0.188352 181296 -0.101595 0.811913
0.006355 900.274 0.174788 181296 -0.116771 0.688119
0.007585 534.444 0.21241 181295 -0.0810792 1.16482
0.006915 634.255 0.20192 181296 -0.0883451 0.979823
0.004095 1694.13 0.0971399 181295 -0.0745922 0.364702
0.007315 554.388 0.210389 181295 -0.0827919 1.12254
0.006595 758.871 0.188868 181296 -0.101028 0.817431
0.006365 893.611 0.175438 181296 -0.116113 0.693283
0.003495 1758.02 0.0888773 181295 -0.0794773 0.351682
0.006925 631.447 0.202226 181296 -0.0881157 0.984228
0.007595 534.185 0.212436 181295 -0.0810477 1.16539
0.004105 1694.66 0.0972197 181295 -0.074446 0.364586
0.007325 553.18 0.210513 181295 -0.0827066 1.12501
0.006605 753.827 0.189377 181296 -0.100471 0.82295
0.006375 887.013 0.176084 181296 -0.115482 0.698474
0.006935 628.685 0.202527 181296 -0.087896 0.988598
0.003505 1756.25 0.0890729 181295 -0.0794764 0.35203
0.007605 533.956 0.212458 181295 -0.0810198 1.1659
0.004115 1695.22 0.0972979 181295 -0.07432 0.364465
0.007335 552.01 0.210632 181295 -0.0826228 1.12742
0.006615 748.851 0.18988 181296 -0.0999224 0.82847
0.006385 880.48 0.176724 181296 -0.114798 0.703691
0.006945 625.97 0.202822 181296 -0.0876828 0.992933
0.003515 1754.49 0.0892667 181295 -0.0794754 0.352377
0.007615 533.759 0.212478 181295 -0.080995 1.16633
0.004125 1695.81 0.0973747 181295 -0.0741947 0.364339
0.007345 550.876 0.210748 181295 -0.0825405 1.12976
0.006625 743.941 0.190376 181296 -0.0993835 0.833988
0.006395 874.014 0.17736 181296 -0.114075 0.708934
0.006955 623.301 0.203111 181296 -0.0874744 0.997232
0.006635 739.098 0.190865 181296 -0.0988606 0.839503
0.007625 533.591 0.212495 181295 -0.0809729 1.1667
0.007355 549.779 0.21086 181295 -0.0824595 1.13203
0.006645 734.322 0.191348 181296 -0.0983495 0.845015
0.004135 1696.42 0.0974502 181295 -0.0740504 0.364207
0.007635 533.452 0.212508 181295 -0.0809544 1.16701
0.006965 620.676 0.203396 181296 -0.0872723 1.00149
0.006655 729.612 0.191823 181296 -0.0978371 0.850522
0.007645 533.343 0.212519 181295 -0.0809407 1.16725
0.004145 1697.05 0.0975243 181295 -0.0738869 0.364071
0.006975 618.096 0.203675 181296 -0.0870774 1.00572
0.006665 724.968 0.192293 181296 -0.0973218 0.856022
0.007655 533.262 0.212527 181295 -0.0809313 1.16743
0.004155 1697.71 0.0975971 181295 -0.0737231 0.363929
0.006985 615.56 0.203949 181296 -0.0868889 1.00991
0.006675 720.39 0.192755 181296 -0.0968228 0.861514
0.007665 533.209 0.212533 181295 -0.0809246 1.16755
0.006995 613.067 0.204218 181296 -0.0867054 1.01406
0.006685 715.878 0.193211 181296 -0.0963524 0.866996
0.007675 533.182 0.212535 181295 -0.0809198 1.16761
0.007005 610.618 0.204481 181296 -0.0865271 1.01817
0.006695 711.431 0.19366 181296 -0.0958886 0.872468
0.007015 608.211 0.20474 181296 -0.0863544 1.02224
0.006705 707.049 0.194103 181296 -0.0954048 0.877928
0.007025 605.846 0.204994 181296 -0.0861873 1.02628
0.006715 702.732 0.194539 181296 -0.094917 0.883374
0.007035 603.522 0.205243 181296 -0.0860249 1.03027
