5e-06 2196.07 0.0661815 261690 -0.000105544 0.407748
1.5e-05 2196.06 0.0661822 261690 -0.000312685 0.407749
2.5e-05 2196.05 0.0661836 261690 -0.000511439 0.407753
3.5e-05 2195.95 0.0661857 261681 -0.000695571 0.407757
4.5e-05 2195.83 0.0661885 261690 -0.000868055 0.407792
5.5e-05 2195.64 0.066192 261689 -0.00102815 0.407828
6.5e-05 2195.43 0.0661962 261689 -0.00118397 0.407866
7.5e-05 2195.22 0.0662011 261689 -0.0013395 0.407906
8.5e-05 2194.99 0.0662067 261689 -0.00149971 0.407947
9.5e-05 2194.69 0.0662131 261681 -0.00167061 0.40799
0.000105 2194.36 0.0662201 261690 -0.00185347 0.408063
0.000115 2193.96 0.0662278 261690 -0.00204861 0.408139
0.000125 2193.54 0.0662362 261690 -0.00225166 0.408215
0.000135 2193.12 0.0662453 261690 -0.00245885 0.408294
0.000145 2192.68 0.0662552 261690 -0.00266551 0.408374
0.000155 2192.17 0.0662657 261681 -0.00286598 0.408456
0.000165 2191.63 0.0662769 261690 -0.00305684 0.408569
0.000175 2191.01 0.0662889 261690 -0.00323564 0.408684
0.000185 2190.38 0.0663015 261690 -0.0034033 0.408801
0.000195 2189.74 0.0663148 261689 -0.00356229 0.40892
0.000205 2189.09 0.0663289 261689 -0.00371687 0.409041
0.000215 2188.43 0.0663436 261689 -0.00387246 0.409163
0.000225 2187.76 0.0663591 261689 -0.00403432 0.409287
0.000235 2187.01 0.0663752 261680 -0.00420723 0.409412
0.000245 2186.23 0.0663921 261690 -0.00439268 0.409571
0.000255 2185.37 0.0664096 261690 -0.00458994 0.409731
0.000265 2184.5 0.0664279 261690 -0.00479463 0.409893
0.000275 2183.62 0.0664469 261690 -0.00500177 0.410057
0.000285 2182.74 0.0664665 261690 -0.00520586 0.410223
0.000295 2181.84 0.0664869 261690 -0.00540238 0.410391
0.000305 2180.93 0.066508 261690 -0.00558826 0.41056
0.000315 2180.02 0.0665298 261690 -0.0057623 0.410731
0.000645 2140.55 0.0676431 261680 -0.0115046 0.418224
0.000965 2086.13 0.0694494 261690 -0.0170936 0.429042
0.000655 2139.06 0.0676888 261690 -0.0116826 0.418527
0.000325 2179.09 0.0665522 261690 -0.00592543 0.410904
0.000665 2137.5 0.0677352 261690 -0.0118735 0.418831
0.001285 2017.25 0.0719551 261690 -0.0222075 0.443546
0.000675 2135.92 0.0677822 261690 -0.0120738 0.419138
0.001925 1846.12 0.0789511 261690 -0.0313406 0.484248
0.000685 2134.33 0.06783 261690 -0.0122777 0.419447
0.000975 2084.28 0.0695172 261690 -0.0172797 0.42942
0.001295 2014.92 0.0720445 261690 -0.0223333 0.444053
0.001605 1935.96 0.0751339 261690 -0.0269603 0.461984
0.000695 2132.73 0.0678784 261690 -0.0124786 0.419758
0.001935 1844.28 0.0790802 261690 -0.0314234 0.484726
0.001305 2012.59 0.0721344 261690 -0.0224655 0.444563
0.000335 2178.16 0.0665754 261689 -0.00608082 0.411078
0.000705 2131.13 0.0679276 261690 -0.0126707 0.420072
0.001945 1842.43 0.0792097 261690 -0.0315037 0.485205
0.001315 2010.24 0.0722251 261690 -0.022608 0.445076
0.000985 2082.42 0.0695857 261690 -0.0174506 0.4298
0.000715 2129.51 0.0679775 261690 -0.0128504 0.420387
0.001955 1840.57 0.0793398 261690 -0.0315943 0.485688
0.002565 1716.46 0.088195 261690 -0.0397639 0.520357
0.001325 2007.89 0.0723164 261690 -0.022765 0.445592
0.000725 2127.89 0.068028 261690 -0.013017 0.420705
0.001965 1838.71 0.0794704 261690 -0.0317027 0.486173
0.002245 1783.86 0.0833314 261690 -0.0354193 0.500919
0.001335 2005.53 0.0724083 261690 -0.0229384 0.446112
0.002575 1716.06 0.0883542 261690 -0.0398627 0.520472
0.000735 2126.25 0.0680793 261690 -0.0131721 0.421025
0.000345 2177.22 0.0665993 261689 -0.00623341 0.411255
0.001615 1933.21 0.0752437 261690 -0.027153 0.462635
0.001975 1836.84 0.0796015 261690 -0.0318294 0.486661
0.000995 2080.54 0.0696549 261690 -0.0176063 0.430183
0.000745 2124.61 0.0681312 261690 -0.0133192 0.421348
0.001345 2003.16 0.0725009 261690 -0.0231256 0.446635
0.002585 1715.65 0.0885137 261690 -0.0399549 0.520589
0.002885 1701.3 0.0934441 261690 -0.0436156 0.524794
0.001355 2000.78 0.0725941 261690 -0.0233187 0.44716
0.000755 2122.96 0.0681839 261689 -0.0134632 0.421673
0.001985 1834.96 0.0797331 261690 -0.0319695 0.487152
0.002595 1715.24 0.0886735 261690 -0.0400465 0.520708
0.000355 2176.27 0.0666239 261689 -0.0063888 0.411433
0.002255 1781.8 0.0834763 261690 -0.0355789 0.50149
0.001625 1930.46 0.0753542 261690 -0.0273424 0.463289
0.000765 2121.3 0.0682372 261689 -0.0136096 0.422
0.001365 1998.39 0.072688 261690 -0.0235066 0.447689
0.001005 2078.59 0.0697248 261680 -0.0177496 0.430569
0.001995 1833.08 0.0798653 261690 -0.0321178 0.487646
0.002605 1714.82 0.0888337 261690 -0.0401433 0.520828
0.000365 2175.31 0.0666492 261689 -0.00655188 0.411613
0.002895 1700.75 0.0936132 261690 -0.0437597 0.524957
0.000775 2119.63 0.0682913 261689 -0.0137637 0.422329
0.001375 1995.99 0.0727825 261690 -0.0236791 0.448222
0.002005 1831.18 0.0799979 261690 -0.0322759 0.488142
0.002265 1779.74 0.0836217 261690 -0.0357605 0.502064
0.002615 1714.4 0.0889941 261690 -0.04025 0.520951
0.001635 1927.69 0.0754652 261690 -0.0275125 0.463947
0.000785 2117.95 0.068346 261690 -0.0139297 0.422661
0.001385 1993.59 0.0728777 261690 -0.0238308 0.448757
0.002015 1829.29 0.0801311 261690 -0.032451 0.488641
0.001015 2076.59 0.0697953 261690 -0.017886 0.430994
0.002625 1713.97 0.0891549 261690 -0.0403675 0.521075
0.000375 2174.34 0.0666752 261690 -0.00672589 0.411795
0.001395 1991.17 0.0729736 261690 -0.0239626 0.449296
0.000795 2116.26 0.0684014 261690 -0.01411 0.422995
0.002025 1827.38 0.0802648 261690 -0.0326418 0.489143
0.002905 1700.2 0.0937826 261690 -0.0439248 0.525121
0.002635 1713.53 0.089316 261690 -0.0404909 0.5212
0.002275 1777.67 0.0837676 261690 -0.0359557 0.502641
0.001405 1988.75 0.07307 261690 -0.0240808 0.449838
0.000805 2114.56 0.0684576 261690 -0.0143034 0.423332
0.002035 1825.47 0.080399 261690 -0.0328251 0.489648
0.001645 1924.92 0.0755769 261690 -0.0276546 0.46461
0.002645 1713.09 0.0894774 261690 -0.0406166 0.521327
0.001025 2074.51 0.0698665 261690 -0.0180207 0.431421
0.000385 2173.36 0.0667019 261690 -0.00691201 0.411979
0.001415 1986.32 0.0731672 261690 -0.024194 0.450383
0.000815 2112.85 0.0685144 261690 -0.0145052 0.423671
0.002045 1823.56 0.0805337 261690 -0.0329702 0.490155
0.002915 1699.65 0.0939523 261690 -0.0441036 0.525287
0.002655 1712.65 0.0896392 261690 -0.0407555 0.521456
0.002285 1775.6 0.0839139 261690 -0.0361381 0.503221
0.001425 1983.82 0.0732649 261683 -0.0243096 0.450931
0.000825 2111.14 0.0685719 261690 -0.0147078 0.424012
0.002055 1821.64 0.0806689 261690 -0.0330685 0.490665
0.001655 1922.13 0.0756892 261690 -0.0277722 0.465276
0.002665 1712.2 0.0898012 261690 -0.0409267 0.521586
0.001035 2072.43 0.0699384 261690 -0.0181596 0.431852
0.000835 2109.41 0.0686301 261690 -0.0149035 0.424356
0.001435 1981.29 0.0733633 261690 -0.0244331 0.451514
0.000395 2172.3 0.0667293 261681 -0.00710931 0.412165
0.002065 1819.71 0.0808046 261690 -0.0331416 0.491178
0.002925 1699.09 0.0941224 261690 -0.0442796 0.525455
0.002675 1711.75 0.0899636 261690 -0.0411271 0.521717
0.000845 2107.67 0.068689 261690 -0.0150874 0.424702
0.001445 1978.69 0.0734624 261690 -0.0245685 0.452101
0.002295 1773.51 0.0840607 261690 -0.03628 0.503804
0.002075 1817.77 0.0809409 261690 -0.0332183 0.491694
0.001665 1919.34 0.0758022 261690 -0.027876 0.465946
0.002685 1711.29 0.0901262 261690 -0.0413173 0.52185
0.000855 2105.93 0.0687486 261690 -0.0152577 0.42505
0.001045 2070.33 0.070011 261690 -0.0183072 0.432285
0.001455 1976.09 0.0735621 261690 -0.0247193 0.452691
0.000405 2171.21 0.0667575 261690 -0.00731383 0.412384
0.002085 1815.83 0.0810776 261690 -0.0333141 0.492213
0.002695 1710.83 0.0902892 261690 -0.0414566 0.521984
0.002935 1698.52 0.0942927 261690 -0.0444346 0.525624
0.000865 2104.18 0.0688088 261690 -0.0154154 0.425401
0.001465 1973.48 0.0736624 261690 -0.0248873 0.453284
0.002305 1771.43 0.084208 261690 -0.0363752 0.504391
0.002095 1813.88 0.0812148 261690 -0.0334297 0.492735
0.001675 1916.54 0.0759157 261690 -0.0279763 0.466621
0.002705 1710.36 0.0904525 261690 -0.0415448 0.52212
0.000875 2102.41 0.0688698 261690 -0.0155629 0.425754
0.001055 2068.22 0.0700843 261690 -0.0184676 0.432721
0.001475 1970.86 0.0737634 261690 -0.025071 0.453882
0.000415 2170.04 0.0667863 261690 -0.00752012 0.412604
0.002105 1811.92 0.0813525 261690 -0.0335596 0.49326
0.002715 1709.89 0.0906161 261690 -0.0416148 0.522257
0.000885 2100.64 0.0689315 261690 -0.0157042 0.426109
0.002945 1697.95 0.0944633 261690 -0.04456 0.525795
0.001485 1968.23 0.073865 261690 -0.0252631 0.454482
0.002315 1769.33 0.0843557 261690 -0.0364453 0.504982
0.002115 1809.96 0.0814907 261690 -0.0336991 0.493787
0.001685 1913.73 0.0760299 261690 -0.0280795 0.4673
0.002725 1709.42 0.09078 261690 -0.0416929 0.522395
0.000895 2098.86 0.0689938 261689 -0.0158447 0.426467
0.001065 2066.11 0.0701582 261690 -0.0186428 0.43316
0.001495 1965.59 0.0739673 261690 -0.0254512 0.455087
0.000425 2168.86 0.0668158 261690 -0.00772189 0.412827
0.002125 1807.99 0.0816294 261690 -0.03385 0.494318
0.002735 1708.94 0.0909442 261690 -0.0417843 0.522535
0.002955 1697.38 0.0946342 261690 -0.0446607 0.525968
0.000905 2097.07 0.0690568 261689 -0.0159904 0.426828
0.001505 1962.94 0.0740701 261690 -0.0256229 0.455695
0.002325 1767.22 0.0845039 261690 -0.0365216 0.505576
0.002135 1806.02 0.0817686 261690 -0.0340183 0.494852
0.002745 1708.46 0.0911087 261690 -0.0418854 0.522676
0.001695 1910.91 0.0761447 261690 -0.0281904 0.467983
0.000915 2095.27 0.0691205 261690 -0.0161464 0.427191
0.001075 2063.98 0.0702329 261690 -0.0188316 0.433602
0.001515 1960.28 0.0741737 261690 -0.0257712 0.456307
0.000435 2167.67 0.066846 261690 -0.00791461 0.413051
0.002145 1804.03 0.0819083 261690 -0.0342039 0.495388
0.002755 1707.98 0.0912736 261690 -0.0419943 0.522818
0.002965 1696.8 0.0948055 261690 -0.0447504 0.526143
0.000925 2093.46 0.0691849 261690 -0.0163163 0.427556
0.002335 1765.11 0.0846525 261690 -0.0366223 0.506173
0.001525 1957.62 0.0742778 261690 -0.0258975 0.456922
0.002155 1802.05 0.0820484 261690 -0.0343912 0.495927
0.002765 1707.49 0.0914387 261690 -0.0421137 0.522962
0.001705 1908.08 0.0762601 261690 -0.0283134 0.46867
0.000935 2091.64 0.06925 261690 -0.0165006 0.427924
0.001085 2061.85 0.0703082 261690 -0.0190287 0.434046
0.002165 1800.05 0.0821891 261690 -0.034554 0.49647
0.001535 1954.94 0.0743826 261690 -0.0260093 0.457541
0.000445 2166.48 0.066877 261690 -0.00809553 0.413278
0.002775 1707 0.0916041 261690 -0.0422514 0.523107
0.000945 2089.82 0.0693158 261690 -0.0166962 0.428294
0.002975 1696.21 0.0949771 261690 -0.0448418 0.526319
0.002175 1798.05 0.0823302 261690 -0.0346742 0.497015
0.001545 1952.26 0.0744881 261690 -0.0261155 0.458165
0.002345 1763 0.0848016 261690 -0.0367456 0.506774
0.002785 1706.5 0.0917699 261690 -0.0424139 0.523253
0.000955 2087.98 0.0693823 261690 -0.0168966 0.428667
0.001715 1905.25 0.0763761 261690 -0.0284517 0.469361
0.002185 1796.04 0.0824718 261690 -0.0347569 0.497563
0.001095 2059.7 0.0703842 261690 -0.0192258 0.434493
0.001555 1949.56 0.0745941 261690 -0.0262237 0.458791
0.002795 1706 0.0919359 261690 -0.0425948 0.5234
0.000455 2165.27 0.0669086 261690 -0.00826425 0.413506
0.003845 1640.96 0.111268 261690 -0.0572919 0.543745
0.000465 2164.06 0.0669409 261690 -0.00842254 0.413736
0.000475 2162.83 0.066974 261689 -0.00857426 0.413968
0.000485 2161.6 0.0670077 261689 -0.0087249 0.414203
0.000495 2160.36 0.0670422 261689 -0.00888036 0.414439
0.000505 2159.1 0.0670773 261689 -0.0090452 0.414677
0.003855 1640.22 0.111474 261690 -0.0574481 0.54399
0.000515 2157.84 0.0671132 261690 -0.0092217 0.414917
0.000525 2156.57 0.0671497 261690 -0.00940986 0.41516
0.000535 2155.3 0.067187 261690 -0.00960771 0.415404
0.000545 2154.01 0.067225 261690 -0.00981129 0.41565
0.003865 1639.46 0.11168 261690 -0.0576234 0.544239
0.000555 2152.71 0.0672636 261690 -0.010015 0.415898
0.000565 2151.4 0.067303 261690 -0.0102128 0.416149
0.003525 1660.2 0.104931 261690 -0.0523158 0.537512
0.000575 2150.09 0.067343 261690 -0.0104001 0.416401
0.000585 2148.76 0.0673838 261690 -0.0105745 0.416655
0.003875 1638.7 0.111887 261690 -0.0578179 0.544491
0.003205 1681.25 0.0990107 261690 -0.0479686 0.530893
0.000595 2147.43 0.0674253 261690 -0.0107369 0.416911
0.003535 1659.72 0.105122 261690 -0.052518 0.537664
0.000605 2146.09 0.0674675 261690 -0.0108898 0.41717
0.003545 1659.24 0.105314 261690 -0.0527063 0.537819
0.003885 1637.93 0.112095 261690 -0.0580255 0.544747
0.000615 2144.73 0.0675103 261689 -0.0110376 0.41743
0.003555 1658.74 0.105506 261690 -0.0528636 0.537977
0.000625 2143.37 0.0675539 261689 -0.0111858 0.417693
0.003565 1658.24 0.105699 261690 -0.0529913 0.538137
0.000635 2142 0.0675982 261689 -0.0113398 0.417957
0.003575 1657.73 0.105891 261690 -0.0531033 0.5383
0.003895 1637.14 0.112303 261690 -0.0582355 0.545006
0.003585 1657.22 0.106085 261690 -0.0532125 0.538465
0.004165 1611.95 0.118129 261689 -0.063083 0.553493
0.003595 1656.69 0.106279 261690 -0.0533268 0.538633
0.004485 1566.53 0.125631 261689 -0.0692397 0.569524
0.004495 1564.78 0.125877 261689 -0.069471 0.570158
0.004505 1563.02 0.126124 261689 -0.0696871 0.5708
0.003605 1656.16 0.106473 261690 -0.0534518 0.538803
0.004515 1561.25 0.126371 261689 -0.0698824 0.571449
0.004525 1559.46 0.12662 261689 -0.0700556 0.572104
0.004535 1557.65 0.126869 261689 -0.0702122 0.572767
0.003615 1655.62 0.106667 261690 -0.0535923 0.538976
0.004545 1555.83 0.127118 261689 -0.0703649 0.573437
0.004555 1554 0.127369 261689 -0.0705294 0.574114
0.004175 1610.86 0.118353 261689 -0.0632469 0.553868
0.004565 1552.15 0.12762 261690 -0.0707171 0.574798
0.003625 1655.08 0.106862 261690 -0.053752 0.539152
0.004575 1550.28 0.127872 261690 -0.0709302 0.575489
0.007365 774.729 0.19719 261690 -0.0783243 1.15323
0.004585 1548.4 0.128125 261690 -0.0711617 0.576188
0.004185 1609.75 0.118578 261689 -0.0634076 0.554248
0.003635 1654.52 0.107058 261690 -0.0539323 0.53933
0.004595 1546.5 0.128378 261689 -0.0714008 0.576894
0.004605 1544.59 0.128633 261689 -0.071637 0.577607
0.004615 1542.66 0.128888 261689 -0.0718623 0.578328
0.003645 1653.96 0.107254 261690 -0.0541294 0.539511
0.004195 1608.63 0.118803 261690 -0.0635686 0.554633
0.004625 1540.72 0.129143 261689 -0.0720708 0.579057
0.004635 1538.76 0.1294 261689 -0.0722587 0.579793
0.004645 1536.79 0.129657 261689 -0.0724266 0.580537
0.003655 1653.39 0.10745 261690 -0.0543314 0.539694
0.004655 1534.8 0.129915 261689 -0.0725817 0.581289
0.004205 1607.5 0.119029 261690 -0.0637352 0.555023
0.004665 1532.8 0.130174 261689 -0.0727377 0.582049
0.004805 1503.08 0.133875 261690 -0.0754792 0.593548
0.007375 774.112 0.197238 261690 -0.078275 1.15416
0.004675 1530.78 0.130433 261690 -0.0729096 0.582816
0.003665 1652.81 0.107647 261690 -0.0545221 0.53988
0.007045 808.951 0.194521 261690 -0.0809088 1.10408
0.004215 1606.36 0.119256 261690 -0.0639151 0.555417
0.005125 1418.94 0.142881 261690 -0.081321 0.628729
0.004685 1528.74 0.130693 261690 -0.0731065 0.583592
0.007055 807.423 0.194641 261690 -0.0808096 1.10618
0.007385 773.518 0.197284 261690 -0.0782275 1.15505
0.003675 1652.23 0.107844 261690 -0.054689 0.54007
0.004695 1526.69 0.130954 261690 -0.073327 0.584376
0.007065 805.926 0.194758 261690 -0.0807068 1.10825
0.005135 1415.97 0.143174 261690 -0.0814629 0.63005
0.004705 1524.62 0.131216 261690 -0.0735612 0.585167
0.007075 804.46 0.194873 261690 -0.0806013 1.11029
0.005145 1412.97 0.143468 261690 -0.0816144 0.631384
0.004225 1605.2 0.119483 261690 -0.0641139 0.555817
0.004715 1522.54 0.131478 261689 -0.0737976 0.585967
0.007085 803.025 0.194985 261690 -0.0804957 1.11228
0.007395 772.949 0.197328 261690 -0.0781796 1.15591
0.005155 1409.97 0.143763 261690 -0.0817817 0.63273
0.003685 1651.63 0.108042 261690 -0.0548302 0.540262
0.004725 1520.44 0.131742 261689 -0.0740267 0.586776
0.004815 1500.84 0.134145 261690 -0.0757053 0.594434
0.007095 801.621 0.195095 261690 -0.0803934 1.11424
0.005165 1406.94 0.144058 261690 -0.0819674 0.634089
0.004235 1604.03 0.119711 261690 -0.0643302 0.556222
0.004735 1518.33 0.132006 261689 -0.0742426 0.587592
0.007105 800.248 0.195202 261690 -0.0802965 1.11617
0.007405 772.404 0.19737 261690 -0.0781306 1.15673
0.005175 1403.9 0.144354 261690 -0.082167 0.635461
0.004745 1516.2 0.13227 261689 -0.0744412 0.588417
0.007115 798.905 0.195307 261690 -0.0802051 1.11806
0.003695 1651.03 0.10824 261690 -0.0549538 0.540457
0.005185 1400.85 0.144651 261690 -0.0823693 0.636846
0.004755 1514.05 0.132536 261689 -0.0746205 0.589251
0.004825 1498.59 0.134416 261690 -0.0759361 0.595329
0.007125 797.593 0.195409 261690 -0.0801171 1.11991
0.004245 1602.85 0.11994 261689 -0.0645561 0.556631
0.006725 874.361 0.189379 261690 -0.0845754 1.02105
0.005195 1397.78 0.144948 261690 -0.0825612 0.638244
0.004765 1511.89 0.132802 261689 -0.0747823 0.590093
0.007415 771.882 0.197411 261690 -0.078081 1.15752
0.006405 968.73 0.181874 261690 -0.087939 0.921242
0.007135 796.31 0.195509 261690 -0.0800295 1.12173
0.003705 1650.42 0.108438 261690 -0.0550715 0.540654
0.005765 1201.56 0.16267 261690 -0.0890854 0.742476
0.004835 1496.31 0.134687 261689 -0.0761611 0.596233
0.005205 1394.7 0.145246 261690 -0.0827336 0.639656
0.004775 1509.71 0.133069 261689 -0.0749346 0.590944
0.004255 1601.65 0.120169 261689 -0.0647804 0.557046
0.007145 795.058 0.195607 261690 -0.0799397 1.12351
0.006415 965.429 0.182139 261690 -0.0878673 0.924401
0.007425 771.384 0.197449 261690 -0.0780329 1.15828
0.005775 1197.85 0.162987 261690 -0.089116 0.744777
0.005215 1391.59 0.145545 261690 -0.0828849 0.64108
0.004785 1507.52 0.133337 261689 -0.0750926 0.591803
0.003715 1649.8 0.108637 261690 -0.0551931 0.540855
0.007155 793.836 0.195703 261690 -0.0798472 1.12525
0.006425 962.147 0.182402 261690 -0.0877912 0.927563
0.004845 1494.02 0.134959 261689 -0.0763759 0.597146
0.005225 1388.48 0.145844 261690 -0.0830202 0.642519
0.005785 1194.13 0.163305 261690 -0.0891496 0.747096
0.004795 1505.31 0.133605 261690 -0.0752721 0.592671
0.004265 1600.44 0.120399 261689 -0.0649928 0.557466
0.007165 792.644 0.195796 261690 -0.0797536 1.12696
0.006435 958.885 0.182663 261690 -0.0877055 0.930728
0.005235 1385.35 0.146144 261690 -0.0831473 0.64397
0.005445 1316.32 0.152569 261690 -0.0861562 0.677731
0.005245 1382.2 0.146444 261690 -0.0832754 0.645435
0.005255 1379.04 0.146745 261690 -0.0834124 0.646914
0.005265 1375.87 0.147047 261690 -0.0835644 0.648407
0.005275 1372.68 0.147349 261690 -0.083733 0.649913
0.005455 1312.89 0.152881 261690 -0.0862492 0.679502
0.005285 1369.47 0.147652 261690 -0.0839142 0.651434
0.005465 1309.45 0.153193 261690 -0.0863441 0.681289
0.005295 1366.25 0.147955 261690 -0.0840984 0.652968
0.005475 1305.99 0.153505 261690 -0.0864489 0.683091
0.005305 1363.02 0.148259 261690 -0.0842738 0.654517
0.005315 1359.77 0.148564 261690 -0.0844315 0.65608
0.005485 1302.53 0.153817 261690 -0.0865679 0.684909
0.006085 1082.04 0.172684 261690 -0.0896638 0.824572
0.005325 1356.51 0.148869 261690 -0.0845687 0.657657
0.005495 1299.05 0.15413 261690 -0.0867002 0.686743
0.002195 1794.03 0.0826139 261690 -0.0348268 0.498115
0.005335 1353.23 0.149175 261690 -0.0846888 0.659248
0.005505 1295.56 0.154444 261690 -0.0868411 0.688593
0.002205 1792.01 0.0827564 261690 -0.0349092 0.498669
0.005345 1349.94 0.149481 261690 -0.0848001 0.660854
0.005515 1292.06 0.154757 261690 -0.086982 0.690458
0.002215 1789.98 0.0828995 261690 -0.0350149 0.499227
0.005355 1346.64 0.149787 261690 -0.084912 0.662475
0.006095 1078.34 0.172988 261690 -0.0896341 0.827406
0.005525 1288.55 0.155071 261690 -0.087113 0.69234
0.002225 1787.94 0.083043 261690 -0.0351397 0.499788
0.005365 1343.32 0.150095 261690 -0.085033 0.66411
0.006105 1074.65 0.173291 261690 -0.0896131 0.830254
0.005535 1285.02 0.155385 261690 -0.0872263 0.694238
0.002235 1785.9 0.083187 261690 -0.0352752 0.500352
0.005375 1339.99 0.150402 261690 -0.0851685 0.66576
0.005545 1281.49 0.1557 261690 -0.0873197 0.696152
0.002985 1695.62 0.0951489 261690 -0.0449423 0.526498
0.005555 1277.95 0.156015 261690 -0.0873978 0.698082
0.005565 1274.4 0.15633 261690 -0.0874705 0.700028
0.005575 1270.83 0.156646 261690 -0.0875482 0.701991
0.002355 1760.87 0.0849511 261690 -0.0368818 0.507379
0.002995 1695.02 0.0953211 261690 -0.0450553 0.526678
0.005585 1267.26 0.156961 261690 -0.0876374 0.703971
0.001565 1946.86 0.0747008 261690 -0.02634 0.459422
0.002805 1705.5 0.0921023 261690 -0.0427715 0.523549
0.001575 1944.15 0.0748081 261690 -0.0264691 0.460057
0.005595 1263.68 0.157277 261690 -0.0877393 0.705966
0.003005 1694.42 0.0954936 261690 -0.0451843 0.52686
0.002815 1704.99 0.092269 261690 -0.0429187 0.523699
0.001585 1941.43 0.0749161 261690 -0.0266146 0.460695
0.005605 1260.09 0.157594 261690 -0.0878516 0.707979
0.003015 1693.82 0.0956664 261690 -0.0453326 0.527043
0.002825 1704.47 0.0924359 261690 -0.0430279 0.523851
0.001595 1938.7 0.0750247 261690 -0.0267786 0.461338
0.005615 1256.49 0.15791 261690 -0.0879695 0.710008
0.002365 1758.74 0.0851011 261690 -0.0370246 0.507987
0.003025 1693.2 0.0958395 261690 -0.0454998 0.527229
0.002835 1703.96 0.0926032 261690 -0.0431116 0.524005
0.001725 1902.4 0.0764927 261690 -0.028607 0.470056
0.002845 1703.43 0.0927708 261690 -0.0431907 0.524159
0.002855 1702.91 0.0929386 261690 -0.0432788 0.524316
0.002865 1702.38 0.0931068 261690 -0.043379 0.524474
0.002875 1701.84 0.0932753 261690 -0.0434905 0.524633
0.001735 1899.55 0.0766099 261690 -0.028781 0.470756
0.001745 1896.69 0.0767277 261690 -0.0289701 0.47146
0.001105 2057.55 0.0704608 261690 -0.019414 0.434943
0.001755 1893.82 0.0768462 261690 -0.0291575 0.472168
0.003215 1680.53 0.09919 261690 -0.048068 0.531116
0.001765 1890.94 0.0769652 261690 -0.0293184 0.47288
0.003905 1636.35 0.112511 261689 -0.0584356 0.545269
0.001775 1888.05 0.0770849 261690 -0.0294419 0.473597
0.003225 1679.81 0.0993697 261690 -0.0481683 0.53134
0.003915 1635.55 0.11272 261689 -0.058617 0.545535
0.001115 2055.39 0.0705381 261690 -0.0195867 0.435396
0.001785 1885.15 0.0772051 261690 -0.0295395 0.474318
0.003235 1679.08 0.0995498 261690 -0.0482766 0.531567
0.003925 1634.73 0.11293 261689 -0.0587782 0.545805
0.001795 1882.25 0.077326 261690 -0.0296295 0.475043
0.001125 2053.22 0.0706161 261690 -0.0197416 0.435852
0.003245 1678.35 0.0997301 261690 -0.0484004 0.531795
0.003935 1633.91 0.11314 261689 -0.058924 0.546079
0.001805 1879.34 0.0774474 261690 -0.0297206 0.475772
0.001135 2051.04 0.0706948 261690 -0.0198812 0.43631
0.003255 1677.61 0.0999109 261690 -0.0485467 0.532026
0.003945 1633.08 0.11335 261690 -0.0590627 0.546357
0.001815 1876.42 0.0775695 261690 -0.0298138 0.476505
0.001145 2048.85 0.0707742 261690 -0.0200115 0.436772
0.003265 1676.86 0.100092 261690 -0.0487154 0.532258
0.003955 1632.23 0.113561 261690 -0.0592029 0.546638
0.001825 1873.49 0.0776921 261690 -0.0299125 0.477243
0.001155 2046.65 0.0708542 261690 -0.0201398 0.437236
0.003275 1676.11 0.100273 261690 -0.0488932 0.532492
0.003965 1631.38 0.113773 261690 -0.059352 0.546923
0.001835 1870.55 0.0778154 261690 -0.0300236 0.477986
0.001165 2044.45 0.0709349 261690 -0.0202719 0.437704
0.003285 1675.36 0.100455 261690 -0.0490612 0.532729
0.003975 1630.51 0.113985 261690 -0.0595162 0.547212
0.001845 1867.61 0.0779392 261690 -0.0301518 0.478732
0.001175 2042.23 0.0710163 261690 -0.0204122 0.438174
0.003295 1674.6 0.100637 261690 -0.04921 0.532967
0.003985 1629.64 0.114198 261690 -0.0596991 0.547505
0.001855 1864.66 0.0780637 261690 -0.0302974 0.479483
0.001185 2040 0.0710983 261690 -0.0205643 0.438647
0.003305 1673.83 0.10082 261690 -0.0493422 0.533208
0.003995 1628.75 0.114412 261690 -0.0599004 0.547802
0.003725 1649.17 0.108837 261690 -0.0553253 0.541059
0.001865 1861.7 0.0781887 261690 -0.0304574 0.480238
0.001195 2037.77 0.071181 261690 -0.0207309 0.439124
0.004005 1627.85 0.114626 261690 -0.060114 0.548103
0.003315 1673.06 0.101003 261690 -0.0494629 0.53345
0.001875 1858.73 0.0783143 261690 -0.030627 0.480998
0.001205 2035.53 0.0712643 261690 -0.0209128 0.439603
0.004015 1626.94 0.11484 261690 -0.0603287 0.548408
0.003325 1672.28 0.101186 261690 -0.0495731 0.533695
0.001885 1855.76 0.0784405 261690 -0.0307993 0.481762
0.001215 2033.27 0.0713484 261690 -0.0211059 0.440085
0.004025 1626.02 0.115055 261689 -0.060533 0.548717
0.003335 1671.49 0.10137 261690 -0.0496741 0.533941
0.001895 1852.78 0.0785673 261690 -0.0309647 0.48253
0.003735 1648.54 0.109037 261690 -0.0554733 0.541265
0.001225 2031.01 0.0714331 261690 -0.0213023 0.440571
0.004035 1625.09 0.115271 261689 -0.0607195 0.54903
0.003345 1670.71 0.101554 261690 -0.0497721 0.53419
0.001905 1850.19 0.0786947 261746 -0.0311143 0.483302
0.003745 1647.9 0.109237 261690 -0.0556406 0.541475
0.001235 2028.74 0.0715184 261690 -0.0214918 0.441059
0.004045 1624.15 0.115487 261689 -0.0608877 0.549347
0.003355 1669.91 0.101738 261690 -0.0498765 0.534441
0.001915 1847.96 0.0788227 261690 -0.0312403 0.483774
0.003755 1647.24 0.109438 261690 -0.0558279 0.541688
0.001245 2026.46 0.0716045 261690 -0.0216658 0.44155
0.004055 1623.2 0.115704 261689 -0.0610427 0.549669
0.003365 1669.11 0.101923 261690 -0.0499956 0.534693
0.003765 1646.58 0.10964 261690 -0.0560299 0.541903
0.001255 2024.17 0.0716911 261690 -0.0218205 0.442045
0.004065 1622.23 0.115922 261690 -0.0611917 0.549994
0.003375 1668.31 0.102108 261690 -0.050134 0.534948
0.007435 770.908 0.197486 261690 -0.0779884 1.159
0.005795 1190.41 0.163622 261690 -0.0891899 0.749433
0.003385 1667.5 0.102294 261690 -0.050292 0.535204
0.006735 871.843 0.189578 261690 -0.0844468 1.02401
0.005805 1186.69 0.163939 261690 -0.0891733 0.751786
0.003395 1666.68 0.102479 261690 -0.0504651 0.535463
0.007175 791.481 0.195886 261690 -0.0796617 1.12862
0.007445 770.456 0.197521 261690 -0.0779484 1.15968
0.006445 955.643 0.182922 261690 -0.0876087 0.933895
0.003405 1665.86 0.102666 261690 -0.0506448 0.535723
0.005815 1182.96 0.164256 261690 -0.0889906 0.754158
0.007455 770.026 0.197554 261690 -0.0779126 1.16034
0.007185 790.348 0.195975 261690 -0.0795742 1.13025
0.004855 1491.72 0.135232 261689 -0.0765768 0.598068
0.003415 1665.16 0.102852 261709 -0.0508196 0.535985
0.006455 952.421 0.18318 261690 -0.0875034 0.937064
0.005825 1179.23 0.164573 261687 -0.0901934 0.756536
0.006745 869.354 0.189774 261690 -0.0843205 1.02696
0.007465 769.617 0.197586 261690 -0.0778794 1.16096
0.007195 789.244 0.196061 261690 -0.0794923 1.13185
0.003425 1664.63 0.103039 261690 -0.0509765 0.536113
0.004275 1599.22 0.12063 261689 -0.0651866 0.557891
0.006465 949.219 0.183435 261690 -0.0873952 0.940235
0.007475 769.231 0.197616 261690 -0.0778465 1.16155
0.006755 866.895 0.189968 261690 -0.0842001 1.02989
0.003435 1664.22 0.103227 261690 -0.0511127 0.536243
0.006115 1070.96 0.173594 261690 -0.0895997 0.833117
0.007205 788.169 0.196145 261690 -0.0794148 1.1334
0.005835 1175.49 0.16489 261690 -0.0891206 0.758951
0.005385 1336.65 0.15071 261690 -0.0853193 0.667425
0.004865 1489.4 0.135506 261689 -0.0767599 0.598999
0.006475 946.039 0.183689 261690 -0.0872904 0.943406
0.007485 768.866 0.197644 261690 -0.0778127 1.16211
0.006765 864.465 0.19016 261690 -0.0840864 1.0328
0.003445 1663.8 0.103415 261690 -0.05123 0.536374
0.007215 787.123 0.196226 261690 -0.0793394 1.13492
0.004285 1597.99 0.120861 261689 -0.0653605 0.558322
0.005395 1333.3 0.151019 261690 -0.085481 0.669105
0.005845 1171.75 0.165207 261690 -0.0894229 0.761374
0.004875 1487.06 0.13578 261689 -0.0769242 0.59994
0.006485 942.88 0.183941 261690 -0.0871928 0.946577
0.007495 768.522 0.197671 261690 -0.0777782 1.16263
0.006775 862.065 0.190349 261690 -0.0839768 1.03568
0.003455 1663.37 0.103603 261690 -0.0513345 0.536509
0.006125 1067.28 0.173895 261690 -0.0895903 0.835994
0.007225 786.105 0.196305 261690 -0.0792634 1.1364
0.004295 1596.74 0.121093 261689 -0.0655193 0.558758
0.005405 1329.93 0.151328 261690 -0.0856447 0.670799
0.005855 1168.01 0.165523 261690 -0.0895257 0.763814
0.004885 1484.71 0.136056 261689 -0.0770744 0.60089
0.006495 939.742 0.184192 261690 -0.0871026 0.949747
0.007505 768.2 0.197696 261690 -0.0777446 1.16312
0.006785 859.695 0.190536 261690 -0.0838669 1.03855
0.003465 1662.94 0.103791 261690 -0.0514354 0.536645
0.006135 1063.61 0.174196 261690 -0.0895783 0.838886
0.007235 785.116 0.196382 261690 -0.0791853 1.13785
0.004305 1595.42 0.121325 261680 -0.0656726 0.559199
0.005415 1326.54 0.151638 261690 -0.0857997 0.672509
0.005865 1164.27 0.165839 261690 -0.089546 0.766271
0.004895 1482.34 0.136332 261690 -0.0772203 0.601849
0.006505 936.627 0.18444 261690 -0.087016 0.952917
0.007515 767.897 0.197719 261690 -0.0777139 1.16359
0.006795 857.355 0.19072 261690 -0.0837524 1.0414
0.003475 1662.5 0.10398 261690 -0.0515423 0.536784
0.006145 1059.94 0.174495 261690 -0.0895563 0.841791
0.007245 784.155 0.196457 261690 -0.0791057 1.13925
0.004315 1593.99 0.121558 261690 -0.0658315 0.559722
0.005425 1323.15 0.151948 261690 -0.0859375 0.674234
0.004905 1479.96 0.136608 261690 -0.077373 0.602818
0.005875 1160.53 0.166155 261690 -0.0895548 0.768746
0.006515 933.534 0.184686 261690 -0.086927 0.956084
0.007525 767.615 0.197741 261690 -0.0776874 1.16402
0.006805 855.045 0.190902 261690 -0.0836313 1.04423
0.003485 1662.05 0.10417 261690 -0.0516619 0.536925
0.006155 1056.29 0.174794 261690 -0.0895199 0.84471
0.007255 783.222 0.19653 261690 -0.0790267 1.14062
0.004325 1592.48 0.121792 261690 -0.0660053 0.56025
0.005435 1319.74 0.152258 261690 -0.0860551 0.675975
0.004915 1477.56 0.136886 261690 -0.0775423 0.603796
0.006525 930.464 0.184931 261690 -0.0868305 0.95925
0.005885 1156.78 0.16647 261690 -0.0895645 0.771237
0.006815 852.766 0.191082 261690 -0.0835049 1.04703
0.007535 767.353 0.197761 261690 -0.0776649 1.16442
0.005625 1252.88 0.158227 261690 -0.088085 0.712053
0.002375 1756.6 0.0852516 261690 -0.0371759 0.5086
0.007545 767.111 0.19778 261690 -0.0776455 1.16479
0.005635 1249.26 0.158543 261690 -0.0881884 0.714116
0.007555 766.887 0.197797 261690 -0.0776272 1.16513
0.003035 1692.59 0.0960129 261690 -0.0456777 0.527416
0.002385 1754.45 0.0854025 261690 -0.0373452 0.509215
0.005645 1245.63 0.15886 261690 -0.0882728 0.716195
0.003775 1645.91 0.109841 261690 -0.0562353 0.542122
0.007565 766.683 0.197813 261690 -0.0776083 1.16545
0.002395 1752.29 0.0855539 261690 -0.0375398 0.509835
0.005655 1242 0.159177 261690 -0.0883379 0.718291
0.003045 1691.96 0.0961867 261690 -0.0458522 0.527605
0.007575 766.498 0.197827 261690 -0.0775884 1.16573
0.003785 1645.23 0.110044 261690 -0.0564305 0.542344
0.004075 1621.26 0.11614 261690 -0.0613418 0.550324
0.002405 1750.13 0.0857057 261690 -0.0377424 0.510458
0.005665 1238.36 0.159494 261690 -0.0883901 0.720405
0.003055 1691.33 0.0963607 261690 -0.0460095 0.527796
0.007585 766.331 0.19784 261690 -0.0775688 1.16599
0.001265 2021.87 0.0717785 261690 -0.0219577 0.442542
0.003795 1644.54 0.110247 261689 -0.0566052 0.542569
0.002415 1747.96 0.0858579 261690 -0.0379091 0.511085
0.004085 1620.27 0.116358 261690 -0.0614997 0.550659
0.005675 1234.71 0.159812 261690 -0.0884415 0.722535
0.003065 1690.7 0.0965351 261690 -0.0461428 0.527989
0.007595 766.182 0.197851 261690 -0.0775517 1.16622
0.003805 1643.85 0.11045 261689 -0.0567574 0.542798
0.001275 2019.56 0.0718665 261690 -0.0220842 0.443043
0.003495 1661.6 0.104359 261690 -0.0517972 0.537068
0.002425 1745.78 0.0860106 261690 -0.0380101 0.511715
0.004095 1619.27 0.116577 261690 -0.0616718 0.550997
0.005685 1231.05 0.160129 261690 -0.0885038 0.724682
0.003075 1690.06 0.0967098 261690 -0.0462544 0.528184
0.007605 766.05 0.197861 261690 -0.0775385 1.16642
0.003815 1643.14 0.110654 261690 -0.0568927 0.54303
0.003505 1661.14 0.10455 261690 -0.0519497 0.537214
0.002435 1743.59 0.0861638 261690 -0.0380661 0.512349
0.007265 782.316 0.1966 261690 -0.078951 1.14195
0.002445 1741.4 0.0863174 261690 -0.0381265 0.512987
0.004335 1590.96 0.122027 261690 -0.0661994 0.560784
0.007275 781.438 0.196669 261690 -0.0788803 1.14324
0.006165 1052.64 0.175092 261690 -0.0894698 0.847643
0.002455 1739.2 0.0864715 261690 -0.0382184 0.513629
0.004345 1589.43 0.122262 261690 -0.0664134 0.561324
0.004925 1475.09 0.137164 261680 -0.0777329 0.604783
0.007285 780.587 0.196735 261690 -0.0788145 1.1445
0.002465 1736.99 0.0866259 261690 -0.0383339 0.514275
0.006175 1049 0.175389 261690 -0.0894122 0.850589
0.004355 1587.89 0.122498 261690 -0.0666419 0.561869
0.007295 779.764 0.196799 261690 -0.0787519 1.14572
0.004935 1472.48 0.137443 261690 -0.0779394 0.605877
0.002475 1734.78 0.0867809 261690 -0.0384566 0.514924
0.006185 1045.37 0.175684 261690 -0.0893551 0.853547
0.004365 1586.33 0.122735 261689 -0.0668757 0.56242
0.007305 778.967 0.196861 261690 -0.0786901 1.1469
0.004945 1469.81 0.137722 261690 -0.078157 0.606981
0.002485 1732.56 0.0869363 261690 -0.0385821 0.515577
0.006195 1041.75 0.175979 261690 -0.0893048 0.856519
0.004375 1584.76 0.122972 261689 -0.0671051 0.562977
0.006535 927.418 0.185173 261690 -0.0867239 0.962412
0.007315 778.196 0.196921 261690 -0.078627 1.14805
0.004955 1467.11 0.138003 261690 -0.0783757 0.608095
0.002495 1730.33 0.0870921 261690 -0.0387157 0.516234
0.006205 1038.14 0.176273 261690 -0.0892634 0.859502
0.004385 1583.17 0.12321 261689 -0.0673215 0.56354
0.007325 777.451 0.196979 261690 -0.0785625 1.14916
0.006545 924.394 0.185414 261690 -0.0866089 0.965571
0.004965 1464.4 0.138284 261690 -0.0785845 0.609219
0.002505 1728.1 0.0872484 261690 -0.0388626 0.516894
0.006215 1034.54 0.176565 261690 -0.0892292 0.862498
0.004395 1581.57 0.123449 261689 -0.0675187 0.56411
0.005895 1153.03 0.166785 261690 -0.0895846 0.773746
0.007335 776.733 0.197034 261690 -0.0784979 1.15023
0.006555 921.395 0.185652 261690 -0.0864903 0.968725
0.004975 1461.68 0.138566 261689 -0.0787755 0.610354
0.002515 1725.86 0.0874051 261690 -0.0390226 0.517558
0.006225 1030.96 0.176857 261690 -0.0891967 0.865506
0.004405 1579.96 0.123689 261689 -0.0676937 0.564686
0.007345 776.04 0.197088 261690 -0.0784355 1.15126
0.006565 918.42 0.185889 261690 -0.0863738 0.971875
0.005905 1149.28 0.1671 261690 -0.0896138 0.776272
0.002525 1723.62 0.0875622 261690 -0.0391903 0.518225
0.004985 1458.94 0.138848 261689 -0.078946 0.6115
0.004415 1578.33 0.123929 261689 -0.067849 0.565268
0.006235 1027.38 0.177147 261690 -0.0891593 0.868525
0.007355 775.372 0.19714 261690 -0.0783775 1.15226
0.006575 915.469 0.186123 261690 -0.0862639 0.975019
0.005915 1145.53 0.167415 261690 -0.0896459 0.778815
0.002535 1721.37 0.0877198 261690 -0.0393561 0.518895
0.004995 1456.18 0.139132 261690 -0.0790995 0.612656
0.004425 1576.69 0.12417 261689 -0.0679954 0.565856
0.006245 1023.82 0.177436 261690 -0.0891109 0.871555
0.006585 912.543 0.186356 261690 -0.0861612 0.978157
0.006825 850.517 0.191259 261690 -0.0833771 1.04982
0.006595 909.643 0.186586 261690 -0.0860628 0.981287
0.006835 848.299 0.191433 261690 -0.0832524 1.05258
0.004105 1618.26 0.116797 261690 -0.0618623 0.55134
0.003085 1689.42 0.0968848 261690 -0.0463529 0.528381
0.006605 906.768 0.186814 261690 -0.0859635 0.984411
0.006845 846.112 0.191605 261690 -0.0831337 1.05531
0.004115 1617.24 0.117018 261690 -0.0620707 0.551688
0.006855 843.956 0.191775 261690 -0.0830212 1.05802
0.003095 1688.77 0.0970602 261690 -0.0464483 0.528579
0.006615 903.918 0.18704 261690 -0.085858 0.987526
0.004125 1616.21 0.117239 261690 -0.0622905 0.55204
0.006865 841.831 0.191942 261690 -0.0829122 1.06071
0.003105 1688.11 0.0972359 261690 -0.0465484 0.52878
0.005695 1227.39 0.160447 261690 -0.0885794 0.726846
0.004135 1615.16 0.11746 261689 -0.0625106 0.552396
0.006625 901.095 0.187264 261690 -0.0857438 0.990632
0.006875 839.737 0.192107 261690 -0.0828025 1.06337
0.003115 1687.45 0.0974119 261690 -0.0466596 0.528983
0.007615 765.936 0.19787 261690 -0.0775292 1.1666
0.005705 1223.71 0.160764 261690 -0.0886622 0.729027
0.004145 1614.1 0.117683 261689 -0.0627192 0.552757
0.003125 1686.78 0.0975882 261690 -0.0467877 0.529187
0.006885 837.674 0.192269 261690 -0.0826885 1.066
0.006635 898.298 0.187486 261690 -0.0856218 0.993729
0.005715 1220.04 0.161082 261690 -0.0887495 0.731226
0.007625 765.84 0.197878 261690 -0.0775228 1.16675
0.004155 1613.04 0.117905 261689 -0.0629094 0.553123
0.003135 1686.11 0.0977648 261690 -0.0469369 0.529394
0.006895 835.643 0.192428 261690 -0.0825691 1.0686
0.006645 895.528 0.187705 261690 -0.0854963 0.996815
0.005725 1216.35 0.1614 261690 -0.0888423 0.733441
0.003825 1642.42 0.110858 261690 -0.0570209 0.543265
0.003515 1660.68 0.10474 261690 -0.0521224 0.537362
0.005735 1212.66 0.161717 261690 -0.0889322 0.735674
0.003835 1641.7 0.111063 261690 -0.0571514 0.543503
0.005745 1208.97 0.162035 261690 -0.0890038 0.737924
0.002545 1719.11 0.0878778 261690 -0.0395114 0.519569
0.005925 1141.79 0.167729 261690 -0.0896817 0.781375
0.005755 1205.27 0.162352 261690 -0.0890518 0.740191
0.002555 1717.43 0.0880362 261776 -0.0396493 0.520245
0.005005 1453.41 0.139416 261690 -0.079244 0.613823
0.004435 1575.03 0.124412 261689 -0.0681504 0.566451
0.006255 1020.26 0.177723 261690 -0.089049 0.874596
0.005015 1450.63 0.139701 261690 -0.0793877 0.615001
0.007635 765.76 0.197884 261690 -0.0775179 1.16687
0.004445 1573.36 0.124654 261690 -0.0683291 0.567052
0.006905 833.643 0.192586 261690 -0.082446 1.07118
0.005025 1447.83 0.139986 261690 -0.0795366 0.616191
0.006265 1016.72 0.17801 261690 -0.0889762 0.877647
0.004455 1571.68 0.124897 261690 -0.0685353 0.56766
0.007645 765.697 0.197889 261690 -0.0775133 1.16697
0.006915 831.674 0.19274 261690 -0.0823229 1.07373
0.003145 1685.43 0.0979418 261690 -0.0471052 0.529602
0.005035 1445.01 0.140272 261690 -0.0796959 0.617391
0.006275 1013.2 0.178295 261690 -0.0888987 0.880709
0.004465 1569.97 0.125141 261690 -0.0687627 0.568275
0.006925 829.737 0.192892 261690 -0.0822039 1.07625
0.007655 765.65 0.197892 261690 -0.0775082 1.16704
0.005045 1442.18 0.14056 261690 -0.0798724 0.618603
0.003155 1684.75 0.0981191 261690 -0.0472822 0.529812
0.006285 1009.68 0.178579 261690 -0.0888239 0.88378
0.004475 1568.26 0.125386 261690 -0.0690007 0.568896
0.006655 892.785 0.187922 261690 -0.0853727 0.99989
0.006935 827.831 0.193042 261690 -0.082091 1.07875
0.007665 765.619 0.197895 261690 -0.0775024 1.16709
0.005055 1439.33 0.140847 261690 -0.0800707 0.619827
0.003165 1684.06 0.0982968 261690 -0.047454 0.530024
0.006295 1006.19 0.178862 261690 -0.0887567 0.88686
0.006945 825.957 0.193189 261690 -0.0819837 1.08121
0.006665 890.069 0.188137 261690 -0.0852552 1.00295
0.006675 887.381 0.18835 261690 -0.0851447 1.00601
0.006685 884.72 0.18856 261690 -0.0850386 1.00904
0.006695 882.088 0.188768 261690 -0.0849321 1.01207
0.006705 879.484 0.188974 261690 -0.0848205 1.01508
0.006715 876.908 0.189178 261690 -0.0847013 1.01807
0.005935 1138.04 0.168042 261690 -0.0897226 0.783951
0.005065 1436.47 0.141136 261690 -0.0802849 0.621063
0.003175 1683.37 0.0984747 261690 -0.0476097 0.530239
0.007675 765.604 0.197896 261690 -0.0774967 1.16711
0.005075 1433.58 0.141425 261690 -0.0804997 0.62231
0.006305 1002.7 0.179143 261690 -0.088698 0.88995
0.003185 1682.67 0.098653 261690 -0.0477454 0.530455
0.005085 1430.69 0.141715 261689 -0.0806997 0.623569
0.006955 824.115 0.193333 261690 -0.081879 1.08364
0.006315 999.231 0.179423 261690 -0.0886443 0.893048
0.005945 1134.29 0.168356 261690 -0.0897573 0.786545
0.006965 822.304 0.193475 261690 -0.081773 1.08604
0.006325 995.776 0.179701 261690 -0.0885896 0.896154
0.005095 1427.78 0.142005 261689 -0.0808779 0.624841
0.003195 1681.96 0.0988317 261690 -0.0478633 0.530673
0.006975 820.525 0.193615 261690 -0.081663 1.08841
0.006335 992.337 0.179978 261690 -0.0885274 0.899268
0.005955 1130.54 0.168669 261690 -0.0897707 0.789155
0.005105 1424.85 0.142297 261690 -0.0810364 0.626124
0.006985 818.777 0.193752 261690 -0.0815487 1.09075
0.006345 988.914 0.180254 261690 -0.0884536 0.902389
0.005965 1126.79 0.168981 261690 -0.0897631 0.791783
0.005115 1421.9 0.142588 261690 -0.0811814 0.62742
0.006995 817.061 0.193886 261690 -0.0814326 1.09305
0.006355 985.507 0.180528 261690 -0.088368 0.905517
0.007005 815.376 0.194018 261690 -0.0813182 1.09533
0.005975 1123.05 0.169293 261690 -0.0897481 0.794426
0.006365 982.116 0.1808 261690 -0.088275 0.908651
0.007015 813.723 0.194148 261690 -0.0812086 1.09757
0.006375 978.743 0.181071 261690 -0.0881812 0.911791
0.007025 812.101 0.194275 261690 -0.0811051 1.09977
0.005985 1119.3 0.169604 261690 -0.089736 0.797087
0.006385 975.387 0.181341 261690 -0.0880927 0.914937
0.007035 810.51 0.194399 261690 -0.0810062 1.10194
0.005995 1115.56 0.169915 261690 -0.0897302 0.799764
0.006395 972.049 0.181608 261690 -0.0880124 0.918087
0.006005 1111.82 0.170225 261690 -0.0897318 0.802457
0.006015 1108.09 0.170535 261690 -0.0897409 0.805166
0.006025 1104.35 0.170844 261690 -0.0897552 0.807891
0.006035 1100.62 0.171152 261690 -0.089769 0.810632
0.006045 1096.9 0.17146 261690 -0.0897742 0.813389
0.006055 1093.18 0.171767 261690 -0.0897635 0.816162
0.006065 1089.46 0.172074 261690 -0.0897365 0.81895
0.006075 1085.75 0.172379 261690 -0.0897001 0.821753
