0.007365 993.669 0.164261 341852 -0.0488576 1.16005
0.007375 993.142 0.164305 341852 -0.0486347 1.16067
0.007385 992.635 0.164347 341853 -0.0483252 1.16127
0.007395 992.146 0.164387 341853 -0.0480279 1.16184
0.007405 991.676 0.164426 341853 -0.0478364 1.1624
0.007415 991.225 0.164463 341853 -0.0478071 1.16293
0.007425 990.792 0.164499 341853 -0.0479409 1.16344
0.007435 990.378 0.164533 341853 -0.0481834 1.16392
0.007445 989.982 0.164565 341852 -0.0484447 1.16439
0.007455 989.604 0.164597 341852 -0.04863 1.16484
0.007465 989.244 0.164626 341852 -0.048672 1.16526
0.007475 988.903 0.164654 341852 -0.0485531 1.16567
0.007485 988.578 0.164681 341853 -0.048311 1.16605
0.007495 988.272 0.164706 341853 -0.048025 1.16642
0.007505 987.982 0.16473 341853 -0.0477885 1.16676
0.007515 987.711 0.164753 341853 -0.0476768 1.16708
0.007525 987.456 0.164774 341853 -0.0477216 1.16739
0.007535 987.218 0.164793 341853 -0.0479007 1.16767
0.007545 986.997 0.164811 341853 -0.0481472 1.16793
0.007555 986.793 0.164828 341852 -0.0483727 1.16817
0.007565 986.606 0.164844 341852 -0.0484978 1.16839
0.007575 986.435 0.164858 341852 -0.0484787 1.1686
0.007585 986.28 0.16487 341852 -0.0483218 1.16878
0.007595 986.142 0.164882 341853 -0.0480805 1.16895
0.007605 986.019 0.164892 341853 -0.0478369 1.16909
0.007615 985.912 0.164901 341853 -0.0476728 1.16922
0.007625 985.821 0.164908 341853 -0.0476409 1.16933
0.007635 985.746 0.164914 341853 -0.0477478 1.16942
0.007645 985.686 0.164919 341853 -0.0479518 1.16949
0.007655 985.641 0.164923 341852 -0.0481784 1.16954
0.007665 985.611 0.164925 341852 -0.0483449 1.16958
0.007675 985.596 0.164927 341852 -0.0483812 1.1696
0.007045 1021.21 0.161976 341852 -0.0500256 1.12868
0.007055 1020.02 0.162075 341852 -0.0497354 1.12999
5e-06 2387.63 0.000588526 341848 -0.000247628 0.485287
0.007065 1018.85 0.162172 341853 -0.0493366 1.13129
0.007075 1017.71 0.162268 341853 -0.048949 1.13257
0.007085 1016.58 0.162361 341853 -0.0486877 1.13382
1.5e-05 2387.63 0.000588541 341849 -0.000691348 0.485288
0.006725 1070.85 0.157811 341852 -0.0515168 1.07628
0.007095 1015.48 0.162453 341853 -0.0486245 1.13506
2.5e-05 2387.63 0.000588572 341851 -0.000943366 0.48529
0.007105 1014.4 0.162543 341853 -0.0487648 1.13627
3.5e-05 2387.67 0.000589154 341857 -0.00107474 0.485292
0.007115 1013.34 0.162631 341853 -0.0490466 1.13746
4.5e-05 2387.71 0.000590234 341854 -0.000843081 0.485277
0.006735 1068.96 0.157971 341853 -0.0510748 1.07818
0.006405 1142.18 0.151739 341853 -0.0525082 1.00907
0.007125 1012.31 0.162717 341853 -0.0493616 1.13863
5.5e-05 2387.79 0.000591866 341855 -0.000603082 0.485262
0.006745 1067.09 0.158128 341853 -0.0505772 1.08007
0.007135 1011.29 0.162801 341852 -0.0495921 1.13977
6.5e-05 2387.88 0.000593513 341855 -0.000341584 0.485246
0.006755 1065.25 0.158284 341853 -0.0501665 1.08195
7.5e-05 2387.99 0.000595759 341860 -0.000444958 0.485229
0.007145 1010.3 0.162884 341852 -0.04965 1.1409
0.006765 1063.42 0.158438 341853 -0.0499565 1.08381
0.006415 1139.65 0.151956 341853 -0.0519537 1.01131
0.006085 1231.76 0.143975 341854 -0.052612 0.935805
8.5e-05 2388.12 0.000598543 341855 -0.000835559 0.485197
0.007155 1009.32 0.162965 341852 -0.049506 1.142
0.006775 1061.62 0.15859 341853 -0.0499961 1.08565
0.006425 1137.14 0.152172 341854 -0.0515538 1.01354
9.5e-05 2388.28 0.000601926 341855 -0.00124438 0.485164
0.007165 1008.37 0.163044 341853 -0.0491986 1.14308
0.006785 1059.83 0.15874 341853 -0.0502544 1.08748
0.006435 1134.65 0.152385 341854 -0.0514131 1.01577
0.000105 2388.44 0.000605324 341855 -0.00135146 0.485131
0.007175 1007.44 0.163121 341853 -0.0488207 1.14414
0.006795 1058.07 0.158888 341853 -0.0506308 1.08929
0.006445 1132.17 0.152597 341853 -0.0515581 1.01798
0.006095 1228.73 0.144239 341854 -0.0526374 0.938103
0.000115 2388.6 0.000608739 341854 -0.0010594 0.485096
0.007185 1006.53 0.163196 341853 -0.048488 1.14518
0.000325 2396.11 0.000860145 341848 -0.00135728 0.483566
0.006805 1056.33 0.159035 341852 -0.0509878 1.09108
0.006455 1129.72 0.152808 341853 -0.0519301 1.02019
0.006105 1225.72 0.144503 341853 -0.0529609 0.940403
0.000125 2388.8 0.000612874 341857 -0.00045949 0.485061
0.007195 1005.65 0.16327 341853 -0.0482995 1.14619
0.006815 1054.62 0.159179 341852 -0.0511954 1.09286
0.006465 1127.28 0.153016 341853 -0.0524012 1.0224
0.006115 1222.72 0.144765 341853 -0.0534862 0.942703
0.000135 2389.01 0.000617657 341851 9.46953e-05 0.48501
0.007205 1004.78 0.163342 341853 -0.0483052 1.14718
0.006825 1052.92 0.159321 341852 -0.0511727 1.09462
0.006475 1124.86 0.153223 341852 -0.0528127 1.02459
0.000335 2396.59 0.000882195 341849 -0.00234083 0.48347
0.006125 1219.73 0.145026 341852 -0.054054 0.945004
0.005765 1334.25 0.134892 341852 -0.054699 0.864129
0.000145 2389.24 0.00062316 341849 0.00033972 0.48496
0.007215 1003.93 0.163412 341853 -0.0484894 1.14815
0.006835 1051.25 0.159462 341852 -0.050914 1.09636
0.006485 1122.46 0.153428 341852 -0.0530247 1.02678
0.006135 1216.76 0.145285 341852 -0.0544901 0.947307
0.000345 2397.07 0.00090427 341850 -0.00339234 0.483376
0.000155 2389.48 0.00062868 341848 9.38201e-05 0.48491
0.007225 1003.11 0.163481 341853 -0.048777 1.1491
0.006845 1049.6 0.159601 341853 -0.0504896 1.09809
0.006495 1120.08 0.153631 341852 -0.05296 1.02896
0.006145 1213.8 0.145544 341852 -0.0546623 0.949611
0.000355 2397.55 0.000926369 341852 -0.00413976 0.483282
0.000165 2389.72 0.000634217 341848 -0.000556703 0.484861
0.007235 1002.3 0.163547 341852 -0.0490595 1.15003
0.006855 1047.97 0.159737 341853 -0.0500225 1.0998
0.006505 1117.72 0.153833 341852 -0.0526274 1.03114
0.006155 1210.86 0.1458 341852 -0.0545183 0.951916
0.000365 2398.03 0.000948495 341854 -0.00434949 0.483188
0.000645 2408.68 0.00216297 341824 -0.00536721 0.481003
0.005775 1330.91 0.135191 341852 -0.0552735 0.866289
0.000175 2390 0.000640685 341854 -0.00145927 0.484813
0.007245 1001.52 0.163612 341852 -0.0492314 1.15093
0.006865 1046.36 0.159872 341853 -0.0496484 1.1015
0.006515 1115.38 0.154033 341853 -0.0521168 1.0333
0.006165 1207.93 0.146056 341852 -0.054093 0.954223
0.000375 2398.5 0.000970647 341855 -0.00408922 0.483092
0.005785 1327.58 0.13549 341852 -0.055597 0.868455
0.000185 2390.28 0.000647986 341851 -0.00229826 0.484752
0.007255 1000.75 0.163676 341852 -0.0492262 1.15181
0.006875 1044.78 0.160005 341853 -0.0494715 1.10317
0.006525 1113.05 0.154231 341853 -0.0515702 1.03546
0.006175 1205.01 0.14631 341853 -0.0534975 0.95653
0.000385 2398.97 0.000996557 341853 -0.00367516 0.482996
0.005795 1324.25 0.135787 341852 -0.0555845 0.870628
0.000195 2390.59 0.000656219 341852 -0.00273563 0.484691
0.007265 1000.01 0.163737 341852 -0.0490379 1.15267
0.006885 1043.21 0.160136 341853 -0.0495315 1.10482
0.000655 2408.8 0.00224387 341850 -0.00750497 0.481013
0.006535 1110.75 0.154427 341853 -0.0511394 1.03761
0.000965 2392.98 0.00659593 341847 -0.0155347 0.484169
0.006185 1202.1 0.146562 341853 -0.0528903 0.958837
0.000395 2399.43 0.00102576 341855 -0.00339612 0.482906
0.005805 1320.93 0.136084 341852 -0.0552391 0.872808
0.000205 2390.93 0.000665595 341858 -0.00260463 0.484629
0.007275 999.284 0.163797 341853 -0.0487222 1.15351
0.006895 1041.67 0.160266 341853 -0.049791 1.10646
0.000665 2408.75 0.00233905 341851 -0.00881846 0.481023
0.006545 1108.47 0.154622 341854 -0.0509397 1.03975
0.006195 1199.22 0.146813 341854 -0.0524323 0.961143
0.000215 2391.28 0.000675992 341855 -0.00211914 0.484553
0.005815 1317.62 0.13638 341852 -0.0546509 0.874995
0.000405 2399.88 0.00105872 341855 -0.00334777 0.482816
0.007285 998.581 0.163855 341853 -0.0483776 1.15433
0.000675 2408.71 0.00243426 341852 -0.00871923 0.481033
0.006555 1106.2 0.154814 341853 -0.0510156 1.04187
0.000225 2391.67 0.000687534 341855 -0.00173856 0.484476
0.005825 1314.32 0.136675 341853 -0.0539729 0.877187
0.006905 1040.16 0.160393 341853 -0.0501482 1.10808
0.000685 2408.66 0.00252953 341853 -0.00781034 0.481043
0.007295 997.898 0.163912 341853 -0.0481109 1.15512
0.006565 1103.96 0.155005 341853 -0.0513268 1.04399
0.000235 2392.07 0.000700552 341859 -0.00172628 0.484399
0.005835 1311.02 0.136969 341853 -0.0533807 0.879386
0.006205 1196.34 0.147063 341854 -0.0521882 0.963448
0.000695 2408.62 0.00262484 341854 -0.00694108 0.481053
0.007305 997.235 0.163967 341853 -0.0480016 1.15589
0.005445 1443.91 0.124919 341852 -0.054435 0.79879
0.000415 2400.33 0.0010917 341855 -0.00348944 0.482725
0.006575 1101.74 0.155195 341853 -0.0517603 1.0461
0.000245 2392.49 0.000714884 341855 -0.00202645 0.48431
0.005845 1307.74 0.137262 341854 -0.0530263 0.881589
0.000975 2392.08 0.00677435 341849 -0.0142334 0.484352
0.006915 1038.66 0.160518 341852 -0.0504708 1.10968
0.000705 2408.57 0.00272019 341854 -0.00643928 0.481063
0.007315 996.591 0.16402 341853 -0.0480753 1.15664
0.006215 1193.48 0.147312 341854 -0.0519954 0.965753
0.006585 1099.53 0.155382 341852 -0.0521656 1.04819
0.000255 2392.92 0.000730693 341855 -0.00239844 0.484221
0.005855 1304.46 0.137555 341854 -0.0529988 0.883797
0.000715 2408.52 0.0028156 341855 -0.00616567 0.481072
0.000425 2400.78 0.00112472 341855 -0.00375121 0.482635
0.007325 995.968 0.164071 341853 -0.0482957 1.15737
0.006595 1097.35 0.155567 341852 -0.0524016 1.05028
0.000265 2393.36 0.000746521 341855 -0.00263773 0.484132
0.005865 1301.19 0.137846 341853 -0.0533005 0.88601
0.000725 2408.48 0.00291107 341855 -0.00594861 0.481081
0.000985 2391.18 0.00695291 341851 -0.0124693 0.484537
0.006925 1037.18 0.160642 341852 -0.050639 1.11126
0.007335 995.364 0.164121 341853 -0.0485775 1.15807
0.006605 1095.19 0.155751 341852 -0.0523812 1.05235
0.000275 2393.8 0.00076237 341854 -0.00258805 0.484042
0.005875 1297.93 0.138136 341853 -0.0538465 0.888228
0.000735 2408.43 0.00300659 341855 -0.00580661 0.48109
0.006225 1190.64 0.147558 341849 -0.0537003 0.968043
0.000435 2401.23 0.00115776 341854 -0.00398364 0.482543
0.001285 2365.19 0.0123949 341848 -0.0174516 0.489825
0.007345 994.779 0.16417 341852 -0.0488163 1.15875
0.006615 1093.04 0.155933 341852 -0.0520982 1.05441
0.000285 2394.25 0.000778239 341853 -0.00215481 0.48395
0.005885 1294.67 0.138425 341852 -0.0544865 0.890451
0.000745 2408.39 0.00310216 341855 -0.0058295 0.481098
0.000995 2390.3 0.00713162 341855 -0.0112061 0.484721
0.005455 1440.43 0.12524 341853 -0.0537146 0.800712
0.006935 1035.73 0.160763 341852 -0.0505848 1.11282
0.007355 994.214 0.164216 341852 -0.0489239 1.15941
0.006625 1090.92 0.156113 341853 -0.0516279 1.05647
0.000295 2394.7 0.000796236 341853 -0.00144847 0.483859
0.005895 1291.43 0.138713 341852 -0.0550449 0.892679
0.006235 1187.81 0.147804 341853 -0.0529103 0.970355
0.000755 2408.34 0.0031978 341855 -0.00603279 0.481107
0.005125 1555.58 0.11446 341853 -0.0528408 0.741773
0.001605 2335.91 0.0184513 341849 -0.0202464 0.495915
0.000765 2408.29 0.00329349 341854 -0.00643108 0.481114
0.004805 1665.2 0.103846 341853 -0.0503081 0.69328
0.001925 2302.73 0.0248566 341849 -0.0233954 0.502989
0.005135 1552.11 0.114791 341852 -0.0536777 0.743422
0.000775 2408.24 0.00338925 341853 -0.00718197 0.481122
0.004485 1769.86 0.0933333 341851 -0.050629 0.652606
0.001615 2334.94 0.0186458 341849 -0.0199886 0.49612
0.000785 2408.19 0.00348507 341851 -0.00848694 0.481129
0.005145 1548.63 0.115121 341851 -0.0543771 0.74508
0.004815 1661.84 0.104178 341854 -0.0497467 0.694673
0.002565 2219.31 0.0389711 341850 -0.0297245 0.521676
0.000795 2407.76 0.00360917 341794 -0.0100063 0.481136
0.005155 1545.15 0.115452 341851 -0.0547916 0.746747
0.001625 2333.96 0.0188406 341850 -0.0191226 0.496327
0.004825 1658.47 0.104509 341854 -0.0495053 0.696073
0.001935 2301.62 0.0250632 341849 -0.0230309 0.503231
0.004165 1867.62 0.0831023 341852 -0.0451376 0.618751
0.000805 2407.26 0.00375753 341849 -0.0112359 0.481311
0.005165 1541.66 0.115782 341851 -0.0548384 0.748423
0.001635 2332.98 0.0190358 341851 -0.0179942 0.496535
0.004835 1655.1 0.104841 341854 -0.0496491 0.69748
0.002245 2264.26 0.0316797 341849 -0.0266167 0.511439
0.004495 1766.68 0.0936584 341851 -0.0505181 0.653769
0.001945 2300.49 0.0252702 341850 -0.0222119 0.503475
0.003845 1956.83 0.0732745 341854 -0.0396959 0.59082
0.000815 2406.37 0.0039342 341849 -0.011478 0.481488
0.002575 2217.79 0.0392069 341851 -0.0290772 0.522032
0.005175 1538.18 0.116112 341851 -0.0545182 0.750108
0.001645 2332 0.0192313 341852 -0.0169075 0.496743
0.004845 1651.72 0.105172 341853 -0.0501611 0.698895
0.002885 2167.02 0.046765 341851 -0.0326585 0.534115
0.004505 1763.5 0.0939837 341851 -0.0500486 0.654939
0.001955 2299.37 0.0254776 341851 -0.021181 0.50372
0.004175 1864.68 0.0834164 341852 -0.0461911 0.619715
0.003525 2036.29 0.0639219 341853 -0.0369248 0.568006
0.000825 2405.49 0.00411094 341851 -0.0108953 0.481667
0.002585 2216.26 0.0394432 341851 -0.0281778 0.52239
0.005185 1534.69 0.116442 341852 -0.0539147 0.751802
0.003205 2106.27 0.0550808 341852 -0.0350175 0.549338
0.001655 2331.01 0.0194271 341853 -0.0160169 0.496953
0.002255 2262.97 0.0319003 341850 -0.0261218 0.51173
0.004855 1648.34 0.105504 341853 -0.0509458 0.700317
0.003855 1954.18 0.0735747 341854 -0.0401501 0.591614
0.004515 1760.32 0.0943093 341852 -0.0493331 0.656115
0.001965 2298.24 0.0256854 341852 -0.0201487 0.503966
0.004185 1861.74 0.0837309 341851 -0.0471048 0.620685
0.000835 2404.6 0.00428777 341852 -0.0099148 0.481846
0.002595 2214.72 0.03968 341852 -0.0272005 0.52275
0.002895 2165.23 0.047017 341852 -0.0317943 0.534552
0.005195 1531.21 0.116772 341853 -0.0531759 0.753505
0.001665 2330.02 0.0196234 341854 -0.0153345 0.497163
0.002265 2261.66 0.0321213 341851 -0.0252836 0.512023
0.003535 2033.96 0.0642065 341854 -0.0364041 0.568649
0.004865 1644.95 0.105835 341852 -0.0518493 0.701746
0.004525 1757.12 0.0946351 341853 -0.0485334 0.657299
0.001975 2297.1 0.0258937 341853 -0.0192423 0.504214
0.003865 1951.52 0.0738754 341853 -0.0409663 0.592411
0.002605 2213.17 0.0399173 341853 -0.026296 0.523111
0.004195 1858.78 0.0840458 341851 -0.0477217 0.621662
0.000845 2403.71 0.00446469 341853 -0.00903031 0.482025
0.003215 2104.26 0.0553492 341853 -0.0340936 0.54986
0.002905 2163.44 0.0472694 341852 -0.0308403 0.534991
0.005205 1527.72 0.117101 341853 -0.0524802 0.755216
0.001675 2329.03 0.0198199 341854 -0.0148198 0.497374
0.002275 2260.35 0.0323427 341852 -0.024291 0.512318
0.003545 2031.62 0.0644917 341854 -0.0362541 0.569296
0.004875 1641.56 0.106167 341852 -0.0526919 0.703184
0.004535 1753.92 0.0949612 341853 -0.0478278 0.65849
0.001985 2295.96 0.0261023 341854 -0.0185166 0.504463
0.003875 1948.85 0.0741765 341852 -0.0420189 0.593212
0.002615 2211.62 0.0401551 341854 -0.0255847 0.523475
0.004205 1855.82 0.0843611 341851 -0.0479429 0.622644
0.000855 2402.82 0.00464169 341854 -0.00836634 0.482203
0.003225 2102.23 0.055618 341854 -0.0333035 0.550385
0.002915 2161.64 0.0475223 341853 -0.0299551 0.535433
0.001685 2328.03 0.0200169 341855 -0.0144804 0.497586
0.005215 1524.23 0.11743 341854 -0.0519957 0.756935
0.002285 2259.03 0.0325647 341853 -0.0233044 0.512615
0.003555 2029.28 0.0647774 341854 -0.0365231 0.569946
0.004545 1750.71 0.0952876 341854 -0.0473756 0.659687
0.001995 2294.82 0.0263114 341855 -0.0180069 0.504713
0.004885 1638.17 0.106499 341851 -0.0533072 0.704629
0.003885 1946.17 0.0744781 341852 -0.0431321 0.594018
0.002625 2210.07 0.0403934 341854 -0.0251643 0.52384
0.004215 1852.85 0.0846768 341851 -0.0477485 0.623633
0.000865 2401.93 0.00481879 341854 -0.0078578 0.482382
0.003235 2100.2 0.0558874 341854 -0.0327846 0.550912
0.002925 2159.83 0.0477757 341854 -0.0292764 0.535877
0.001695 2327.03 0.0202142 341855 -0.0144181 0.497798
0.005225 1520.74 0.117759 341854 -0.0518418 0.758662
0.002295 2257.71 0.0327871 341854 -0.02244 0.512913
0.003565 2026.93 0.0650635 341854 -0.0371927 0.570598
0.002005 2293.67 0.0265209 341855 -0.0177813 0.504963
0.004555 1747.5 0.0956142 341854 -0.0472848 0.66089
0.004895 1634.77 0.106831 341851 -0.0535779 0.706083
0.003895 1943.49 0.0747802 341851 -0.044115 0.594829
0.002635 2208.5 0.0406322 341855 -0.0251166 0.524207
0.004225 1849.87 0.0849928 341851 -0.0472007 0.624629
0.000875 2401.04 0.00499599 341855 -0.0074879 0.482561
0.003245 2098.16 0.0561573 341854 -0.0326378 0.551441
0.002935 2158.02 0.0480297 341854 -0.0289162 0.536323
0.001705 2326.03 0.0204118 341855 -0.0147921 0.498011
0.005235 1517.25 0.118088 341854 -0.0520619 0.760397
0.002305 2256.38 0.0330099 341854 -0.0217871 0.513212
0.003575 2024.58 0.0653502 341853 -0.0381747 0.571254
0.002015 2292.52 0.0267309 341855 -0.0179465 0.505215
0.004565 1744.28 0.0959411 341854 -0.0475911 0.6621
0.004905 1631.37 0.107163 341851 -0.0534608 0.707546
0.003905 1940.8 0.0750827 341851 -0.0448025 0.595644
0.002645 2206.93 0.0408715 341854 -0.025496 0.524575
0.004235 1846.89 0.0853092 341852 -0.0464283 0.625631
0.000885 2400.15 0.00517329 341855 -0.00726132 0.48274
0.003255 2096.12 0.0564277 341854 -0.0329145 0.551973
0.002945 2156.19 0.0482842 341854 -0.0289545 0.536771
0.001715 2325.02 0.0206099 341854 -0.0157161 0.498224
0.005245 1513.75 0.118417 341853 -0.0526128 0.76214
0.002315 2255.05 0.0332333 341855 -0.0214337 0.513513
0.003585 2022.21 0.0656373 341852 -0.0393187 0.571914
0.002025 2291.36 0.0269412 341854 -0.018597 0.505467
0.004575 1741.05 0.0962682 341853 -0.0482494 0.663316
0.003915 1938.1 0.0753857 341850 -0.0450893 0.596465
0.002655 2205.36 0.0411113 341854 -0.0263024 0.524945
0.004915 1627.96 0.107495 341852 -0.0529959 0.709017
0.004245 1843.89 0.085626 341853 -0.0455996 0.626639
0.000895 2399.26 0.0053507 341855 -0.00711597 0.482919
0.002955 2154.36 0.0485391 341854 -0.0294242 0.537221
0.003265 2094.06 0.0566986 341854 -0.0336039 0.552507
0.001725 2324.01 0.0208083 341853 -0.0171469 0.498437
0.002325 2253.71 0.0334571 341855 -0.0214724 0.513815
0.005255 1510.26 0.118745 341853 -0.0533751 0.763891
0.003595 2019.84 0.065925 341851 -0.0404373 0.572577
0.002035 2290.19 0.027152 341853 -0.0197344 0.505719
0.003925 1935.39 0.0756891 341851 -0.044948 0.597291
0.004585 1737.82 0.0965956 341853 -0.0491429 0.664539
0.002665 2203.77 0.0413516 341853 -0.0274549 0.525316
0.004925 1624.55 0.107827 341852 -0.0522979 0.710497
0.004255 1840.89 0.0859432 341853 -0.0448909 0.627654
0.000905 2398.36 0.00552822 341855 -0.00699759 0.483098
0.002965 2152.53 0.0487946 341854 -0.0302925 0.537673
0.001735 2322.99 0.021007 341851 -0.0188406 0.49865
0.003275 2091.98 0.05697 341849 -0.0346204 0.553044
0.002335 2252.36 0.0336813 341854 -0.021974 0.514118
0.005265 1506.77 0.119073 341852 -0.05418 0.76565
0.003605 2017.46 0.0662131 341851 -0.0413432 0.573244
0.002045 2289.02 0.0273632 341852 -0.0212145 0.505973
0.003935 1932.68 0.075993 341851 -0.0444307 0.598123
0.004595 1734.58 0.0969231 341852 -0.0501061 0.665768
0.002675 2202.18 0.0415923 341852 -0.0287849 0.525689
0.004935 1621.13 0.108159 341853 -0.0515314 0.711984
0.004265 1837.87 0.0862608 341854 -0.0444549 0.628674
0.000915 2397.47 0.00570586 341855 -0.00707295 0.483277
0.001745 2321.97 0.0212062 341850 -0.0204154 0.498865
0.002975 2150.68 0.0490507 341853 -0.0314498 0.538127
0.003285 2089.86 0.0572419 341852 -0.0358124 0.553602
0.002345 2251.01 0.0339061 341854 -0.0229385 0.514421
0.005275 1503.27 0.119401 341852 -0.0548489 0.767419
0.003615 2015.07 0.0665018 341850 -0.0418899 0.573915
0.002055 2287.85 0.0275749 341851 -0.0227621 0.506228
0.000445 2401.68 0.00119083 341853 -0.00386978 0.482451
0.004605 1731.33 0.097251 341851 -0.0509592 0.667005
0.003945 1929.95 0.0762973 341852 -0.043656 0.598959
0.001005 2389.42 0.00731049 341853 -0.0104319 0.484894
0.002685 2200.59 0.0418336 341851 -0.0300656 0.526064
0.004945 1617.71 0.108491 341853 -0.0508754 0.71348
0.004275 1834.85 0.0865787 341854 -0.0443941 0.6297
0.000925 2396.57 0.00588362 341854 -0.00786351 0.483455
0.001755 2320.95 0.0214057 341849 -0.021497 0.499082
0.002985 2148.83 0.0493072 341852 -0.032719 0.538583
0.003295 2087.71 0.0575144 341851 -0.0369875 0.554164
0.002355 2249.66 0.0341313 341853 -0.0242566 0.514726
0.005285 1499.78 0.119728 341851 -0.055235 0.769196
0.003625 2012.68 0.0667909 341850 -0.0420021 0.57459
0.002065 2286.67 0.0277869 341850 -0.024055 0.506484
0.004615 1728.08 0.097579 341851 -0.0515455 0.668249
0.003955 1927.22 0.0766021 341853 -0.0427854 0.599801
0.000455 2402.13 0.00122394 341851 -0.00313957 0.482357
0.002695 2198.98 0.0420754 341850 -0.0310682 0.526442
0.004955 1614.29 0.108823 341854 -0.0504849 0.714983
0.004285 1831.82 0.086897 341854 -0.0447407 0.630732
0.001765 2319.92 0.0216056 341849 -0.0218648 0.4993
0.000935 2395.68 0.0060615 341852 -0.00987802 0.483633
0.002995 2146.98 0.0495642 341851 -0.033889 0.539043
0.003305 2085.56 0.0577873 341851 -0.0379513 0.554729
0.002365 2248.29 0.0343569 341852 -0.0257115 0.515033
0.005295 1496.28 0.120055 341851 -0.0552572 0.770982
0.003635 2010.27 0.0670805 341851 -0.041688 0.57527
0.001015 2388.57 0.0074895 341853 -0.00980899 0.485067
0.002075 2285.49 0.0279994 341849 -0.0248347 0.506743
0.004625 1724.82 0.0979072 341851 -0.0517631 0.6695
0.003965 1924.49 0.0769073 341853 -0.0419943 0.600647
0.000465 2402.58 0.00125708 341849 -0.00206702 0.482264
0.002705 2197.37 0.0423177 341850 -0.0316251 0.526822
0.004965 1610.86 0.109155 341854 -0.0504569 0.716493
0.004295 1828.78 0.0872156 341853 -0.0454494 0.631769
0.001775 2318.89 0.0218058 341849 -0.0215242 0.499521
0.000945 2394.78 0.00623951 341850 -0.0127646 0.48381
0.003005 2145.11 0.0498218 341850 -0.0347626 0.539505
0.003315 2083.4 0.0580608 341850 -0.0385475 0.555297
0.002375 2246.92 0.0345831 341850 -0.027031 0.515341
0.005305 1492.79 0.120382 341852 -0.0549195 0.772777
0.003645 2007.86 0.0673706 341851 -0.0410323 0.575954
0.002085 2284.3 0.0282124 341849 -0.0249887 0.507003
0.001025 2387.71 0.00766868 341854 -0.00926077 0.48524
0.004635 1721.56 0.0982357 341851 -0.0515856 0.67076
0.003975 1921.74 0.077213 341854 -0.041442 0.601497
0.002715 2195.76 0.0425605 341850 -0.0316711 0.527205
0.000475 2403.03 0.00129025 341848 -0.0015522 0.482171
0.004975 1607.43 0.109487 341854 -0.0508096 0.718011
0.004305 1825.73 0.0875346 341853 -0.0464039 0.632813
0.001785 2317.85 0.0220065 341850 -0.0206737 0.499743
0.000955 2393.88 0.00641765 341848 -0.0150905 0.483988
0.003015 2143.24 0.0500798 341850 -0.0352041 0.53997
0.002385 2245.55 0.0348097 341850 -0.0279679 0.515652
0.003325 2081.23 0.0583348 341850 -0.038695 0.55587
0.005315 1489.29 0.120708 341852 -0.0543099 0.774581
0.001295 2364.31 0.0125797 341849 -0.0170873 0.490006
0.003655 2005.45 0.0676612 341852 -0.0401754 0.576641
0.002095 2283.1 0.0284257 341848 -0.0245708 0.507266
0.001035 2386.86 0.00784801 341855 -0.0088637 0.485414
0.004645 1718.29 0.0985644 341851 -0.051067 0.672026
0.003985 1918.99 0.0775191 341854 -0.0412466 0.602351
0.000485 2403.48 0.00132345 341848 -0.00232817 0.482081
0.002725 2194.14 0.0428038 341850 -0.0312494 0.527591
0.004985 1603.99 0.109819 341853 -0.0514777 0.719537
0.004315 1822.68 0.087854 341852 -0.047439 0.633863
0.000305 2395.16 0.000816113 341849 -0.000866522 0.48376
0.004325 1819.61 0.0881737 341851 -0.0483722 0.63492
0.006635 1088.82 0.156291 341853 -0.051103 1.05851
0.004335 1816.54 0.0884937 341851 -0.0490411 0.635984
0.005905 1288.19 0.139 341852 -0.0553679 0.894912
0.004345 1813.47 0.0888141 341852 -0.0493362 0.637055
0.000315 2395.64 0.000838118 341848 -0.000796704 0.483662
0.005465 1436.95 0.125561 341853 -0.0530996 0.802642
0.004355 1810.4 0.0891349 341851 -0.0492224 0.638122
0.006645 1086.74 0.156467 341853 -0.0506718 1.06054
0.006945 1034.3 0.160883 341852 -0.0503135 1.11436
0.006245 1184.99 0.148048 341852 -0.053733 0.972655
0.001795 2316.81 0.0222075 341851 -0.0195958 0.499966
0.003025 2141.36 0.0503384 341850 -0.035168 0.540439
0.002395 2244.17 0.0350368 341849 -0.0283735 0.515964
0.001805 2315.77 0.0224089 341852 -0.0185352 0.500191
0.006955 1032.89 0.161001 341853 -0.0499013 1.11588
0.002735 2192.51 0.0430476 341851 -0.0304858 0.52798
0.003035 2139.47 0.0505975 341850 -0.0347018 0.540911
0.001815 2314.71 0.0226107 341852 -0.01763 0.500416
0.002405 2242.79 0.0352644 341850 -0.0282306 0.516279
0.006255 1182.2 0.14829 341852 -0.0541092 0.974953
0.006965 1031.51 0.161117 341853 -0.0494698 1.11739
0.003045 2137.58 0.0508571 341851 -0.0339255 0.541386
0.002745 2190.87 0.0432919 341852 -0.0295451 0.528371
0.001825 2313.65 0.0228129 341854 -0.016914 0.500646
0.002415 2241.4 0.0354924 341850 -0.0276381 0.516597
0.006975 1030.14 0.161231 341853 -0.0491459 1.11887
0.006265 1179.41 0.148531 341852 -0.0541457 0.977249
0.003335 2079.05 0.0586093 341850 -0.0384004 0.556445
0.003055 2135.68 0.0511172 341852 -0.0329975 0.541864
0.002755 2189.23 0.0435367 341853 -0.0285923 0.528764
0.001835 2312.58 0.0230155 341854 -0.0163873 0.500877
0.002425 2240 0.0357209 341851 -0.0267595 0.516916
0.006985 1028.8 0.161343 341853 -0.0490198 1.12033
0.006275 1176.65 0.14877 341852 -0.0538756 0.979545
0.003065 2133.77 0.0513779 341853 -0.0320834 0.542344
0.003345 2076.87 0.0588843 341851 -0.0377491 0.557025
0.002765 2187.58 0.043782 341854 -0.0277714 0.529159
0.001845 2311.5 0.0232184 341855 -0.0160888 0.501109
0.002435 2238.58 0.0359499 341849 -0.0257717 0.517238
0.006995 1027.48 0.161453 341853 -0.049116 1.12177
0.006285 1173.89 0.149008 341853 -0.0533706 0.981838
0.003075 2131.85 0.051639 341854 -0.0313345 0.542827
0.003355 2074.68 0.0591598 341852 -0.0368818 0.557608
0.002775 2185.92 0.0440278 341854 -0.0272014 0.529556
0.001855 2310.42 0.0234218 341855 -0.0161267 0.501341
0.002445 2237.15 0.0361794 341853 -0.0248223 0.51757
0.007005 1026.18 0.161561 341853 -0.0493859 1.1232
0.006295 1171.16 0.149245 341853 -0.05277 0.984129
0.003085 2129.93 0.0519007 341854 -0.0308771 0.543313
0.005325 1485.8 0.121035 341853 -0.0535794 0.776394
0.002785 2184.26 0.0442741 341855 -0.0269783 0.529955
0.001865 2309.34 0.0236256 341855 -0.0166317 0.501574
0.003365 2072.48 0.0594359 341853 -0.0359648 0.558194
0.002455 2235.7 0.0364094 341854 -0.0240238 0.517904
0.007015 1024.9 0.161668 341853 -0.0497245 1.1246
0.006305 1168.44 0.149479 341853 -0.0522393 0.986417
0.003095 2127.99 0.0521629 341854 -0.0308038 0.5438
0.005335 1482.3 0.121361 341853 -0.0529071 0.778216
0.002795 2182.59 0.0445209 341854 -0.0271684 0.530355
0.001875 2308.25 0.0238297 341854 -0.0176624 0.501807
0.003375 2070.28 0.0597125 341853 -0.0351643 0.558783
0.002465 2234.24 0.0366398 341854 -0.0234641 0.518239
0.006315 1165.74 0.149713 341854 -0.0519184 0.988702
0.007025 1023.65 0.161772 341852 -0.0500054 1.12598
0.003105 2126.06 0.0524256 341854 -0.0311595 0.54429
0.005345 1478.81 0.121686 341854 -0.0524578 0.780045
0.001885 2307.15 0.0240343 341853 -0.0191223 0.50204
0.002805 2180.92 0.0447682 341854 -0.0277903 0.530757
0.003385 2068.06 0.0599895 341854 -0.0346247 0.559375
0.002475 2232.77 0.0368707 341855 -0.0232274 0.518576
0.006325 1163.05 0.149944 341854 -0.0518837 0.990982
0.007035 1022.42 0.161875 341852 -0.0501226 1.12734
0.003115 2124.11 0.0526888 341854 -0.0319241 0.544782
0.005355 1475.31 0.122011 341854 -0.0523435 0.781882
0.001895 2306.05 0.0242393 341851 -0.0207481 0.502275
0.002815 2179.23 0.045016 341853 -0.0287915 0.531161
0.003395 2065.84 0.0602671 341854 -0.0344524 0.55997
0.002485 2231.3 0.0371022 341855 -0.0233881 0.518914
0.006335 1160.38 0.150174 341853 -0.0521326 0.993258
0.003125 2122.16 0.0529525 341853 -0.0330028 0.545276
0.003665 2003.02 0.0679523 341853 -0.039286 0.577333
0.002105 2281.89 0.0286395 341850 -0.0237536 0.507535
0.003135 2120.2 0.0532168 341852 -0.0342337 0.545773
0.003675 2000.59 0.0682439 341854 -0.0385333 0.578028
0.004995 1600.55 0.110151 341852 -0.0523267 0.72107
0.002115 2280.66 0.0288538 341851 -0.0227504 0.507806
0.003145 2118.23 0.0534815 341851 -0.0354164 0.546272
0.001045 2386 0.00802751 341855 -0.00858383 0.485588
0.003685 1998.16 0.0685359 341854 -0.0380634 0.578726
0.002125 2279.43 0.0290685 341852 -0.0217422 0.508079
0.004655 1715.01 0.0988932 341852 -0.0503305 0.673301
0.005005 1597.11 0.110483 341852 -0.0531823 0.722612
0.003155 2116.26 0.0537468 341850 -0.0363542 0.546775
0.003695 1995.68 0.0688285 341849 -0.0379775 0.579427
0.002135 2278.2 0.0292836 341853 -0.0208491 0.508352
0.001055 2385.14 0.00820718 341855 -0.00834935 0.485762
0.004665 1711.73 0.0992223 341853 -0.0495436 0.674583
0.005015 1593.67 0.110814 341851 -0.0538686 0.724162
0.003165 2114.27 0.0540126 341850 -0.036898 0.547281
0.002145 2276.96 0.0294992 341854 -0.0201433 0.508627
0.003705 1993.17 0.0691215 341854 -0.0383135 0.580158
0.001065 2384.28 0.00838703 341855 -0.00822295 0.485936
0.004675 1708.44 0.0995516 341853 -0.0488841 0.675871
0.003995 1916.23 0.0778256 341854 -0.0414644 0.60321
0.005025 1590.22 0.111146 341851 -0.0542472 0.725721
0.003175 2112.28 0.0542788 341850 -0.0369787 0.54779
0.002155 2275.71 0.0297152 341855 -0.0196903 0.508903
0.003715 1990.62 0.069415 341853 -0.0390385 0.580892
0.004685 1705.15 0.099881 341854 -0.0485035 0.677167
0.001075 2383.42 0.00856705 341855 -0.00847477 0.48611
0.001305 2363.43 0.0127648 341850 -0.0159811 0.490189
0.004005 1913.46 0.0781326 341854 -0.0420783 0.604073
0.005035 1586.77 0.111478 341851 -0.0542478 0.727288
0.002165 2274.46 0.0299317 341855 -0.0195766 0.50918
0.003185 2110.29 0.0545457 341850 -0.0366178 0.548303
0.003725 1988.07 0.069709 341853 -0.0400482 0.58163
0.004695 1701.85 0.100211 341854 -0.0484958 0.678469
0.004015 1910.68 0.0784401 341853 -0.0429975 0.60494
0.001085 2382.56 0.00874725 341854 -0.0094837 0.486284
0.001315 2362.55 0.0129501 341851 -0.0146797 0.490372
0.005045 1583.31 0.11181 341851 -0.0538833 0.728865
0.002175 2273.21 0.0301486 341855 -0.0198976 0.509458
0.003195 2108.28 0.054813 341851 -0.0359146 0.548819
0.004705 1698.54 0.10054 341854 -0.0488778 0.679778
0.003735 1985.5 0.0700035 341852 -0.041181 0.582371
0.000495 2403.93 0.00135669 341849 -0.00405981 0.481992
0.004025 1907.9 0.0787479 341852 -0.0440718 0.605812
0.001325 2361.66 0.0131357 341852 -0.0135773 0.490556
0.001095 2381.69 0.00892764 341852 -0.0113942 0.486457
0.005055 1579.86 0.112141 341852 -0.0532475 0.73045
0.002185 2271.95 0.030366 341854 -0.0207034 0.509736
0.004715 1695.23 0.10087 341853 -0.0495855 0.681093
0.003745 1982.93 0.0702985 341851 -0.0422474 0.583117
0.000505 2404.32 0.00139717 341842 -0.0056803 0.481904
0.004035 1905.1 0.0790562 341849 -0.0451173 0.606689
0.006655 1084.68 0.156642 341854 -0.0504519 1.06255
0.004045 1902.27 0.0793649 341851 -0.0459535 0.607585
0.004365 1807.33 0.0894559 341851 -0.0487449 0.639196
0.006665 1082.64 0.156815 341853 -0.0504945 1.06455
0.005915 1284.97 0.139286 341852 -0.0553658 0.897151
0.004055 1899.43 0.0796741 341851 -0.0464422 0.608486
0.004375 1804.25 0.0897773 341852 -0.0480193 0.640278
0.005475 1433.47 0.125881 341854 -0.0527428 0.804579
0.006675 1080.62 0.156985 341853 -0.0507682 1.06654
0.004065 1896.57 0.0799836 341851 -0.0465128 0.609393
0.005925 1281.75 0.139571 341852 -0.0550365 0.899396
0.005365 1471.82 0.122336 341854 -0.0525967 0.783727
0.004385 1801.17 0.0900991 341853 -0.0472083 0.641366
0.006685 1078.63 0.157154 341853 -0.0511692 1.06851
0.002495 2229.82 0.0373341 341854 -0.0239878 0.519253
0.004075 1893.71 0.0802936 341851 -0.0461759 0.610306
0.005485 1430 0.1262 341854 -0.0527344 0.806525
0.005935 1278.55 0.139855 341852 -0.0544662 0.901645
0.005375 1468.33 0.12266 341853 -0.0531629 0.78558
0.004395 1798.07 0.0904211 341853 -0.0464897 0.642461
0.001905 2304.95 0.0244446 341850 -0.0221868 0.502511
0.006695 1076.65 0.157321 341852 -0.0515543 1.07047
0.004085 1890.84 0.0806041 341851 -0.045519 0.611224
0.005495 1426.52 0.126519 341853 -0.0530793 0.808477
0.002825 2177.54 0.0452644 341852 -0.0300394 0.531566
0.002505 2228.34 0.0375665 341853 -0.0249976 0.519593
0.005945 1275.35 0.140138 341853 -0.0538055 0.903899
0.005385 1464.83 0.122984 341853 -0.0539127 0.787441
0.003405 2063.62 0.0605452 341854 -0.0347011 0.560568
0.004405 1794.97 0.0907435 341854 -0.0460224 0.643562
0.006705 1074.7 0.157487 341852 -0.051786 1.07242
0.006345 1157.73 0.150403 341853 -0.0525828 0.995529
0.001915 2303.84 0.0246504 341849 -0.0231237 0.502749
0.004095 1887.97 0.0809149 341852 -0.0446871 0.612147
0.002835 2175.83 0.0455132 341848 -0.0313331 0.531974
0.005505 1423.05 0.126838 341853 -0.0536962 0.810438
0.002515 2226.85 0.0377993 341852 -0.0262936 0.519935
0.001335 2360.78 0.0133216 341853 -0.0127848 0.49074
0.002525 2225.35 0.0380327 341851 -0.0276651 0.520279
0.005065 1576.4 0.112473 341853 -0.0524934 0.732044
0.001345 2359.89 0.0135078 341854 -0.0122233 0.490925
0.004725 1691.92 0.1012 341852 -0.0504867 0.682416
0.002535 2223.85 0.0382666 341850 -0.0288624 0.520624
0.005075 1572.93 0.112804 341853 -0.0518002 0.733646
0.001105 2380.82 0.00910821 341850 -0.0137705 0.486631
0.001355 2359 0.0136942 341854 -0.0117815 0.49111
0.002545 2222.35 0.0385009 341850 -0.0296674 0.520972
0.004735 1688.6 0.101531 341852 -0.0514083 0.683746
0.005085 1569.47 0.113136 341854 -0.0513332 0.735256
0.001115 2379.95 0.00928898 341848 -0.0156944 0.486805
0.002195 2270.68 0.0305838 341853 -0.0219392 0.510016
0.001365 2358.1 0.0138808 341855 -0.0114107 0.491296
0.002555 2220.83 0.0387357 341850 -0.0299557 0.521323
0.004745 1685.27 0.101861 341851 -0.0521735 0.685084
0.005095 1566 0.113467 341854 -0.0512071 0.736873
0.001125 2379.08 0.00946995 341848 -0.0163705 0.486982
0.001375 2357.21 0.0140678 341856 -0.0111589 0.491482
0.003755 1980.36 0.0705939 341851 -0.0430687 0.583867
0.001385 2356.31 0.0142551 341855 -0.011177 0.491666
0.000515 2404.7 0.00144392 341853 -0.00632737 0.481842
0.005955 1272.17 0.140419 341853 -0.0532274 0.906157
0.003765 1977.77 0.0708899 341850 -0.0435138 0.584621
0.001395 2355.42 0.0144426 341854 -0.0116795 0.49185
0.000525 2405.02 0.00149791 341854 -0.00616195 0.481779
0.005395 1461.34 0.123308 341852 -0.0546732 0.78931
0.003775 1975.18 0.0711863 341850 -0.0435258 0.585381
0.001405 2354.52 0.0146304 341853 -0.0128206 0.492035
0.005965 1268.99 0.1407 341854 -0.0528814 0.908418
0.000535 2405.34 0.00155194 341854 -0.00569983 0.481716
0.003415 2061.38 0.0608238 341854 -0.0353588 0.561168
0.003785 1972.58 0.0714832 341851 -0.0431296 0.586145
0.005405 1457.85 0.123631 341852 -0.0552686 0.791188
0.001415 2353.62 0.0148185 341852 -0.0145294 0.492219
0.005975 1265.83 0.140979 341854 -0.0528538 0.910683
0.000545 2405.65 0.001606 341854 -0.00530561 0.481652
0.003795 1969.98 0.0717805 341851 -0.0424232 0.586913
0.003425 2059.14 0.0611029 341853 -0.0363425 0.561771
0.005415 1454.37 0.123954 341851 -0.0555631 0.793075
0.001425 2352.72 0.0150069 341850 -0.0164336 0.492404
0.005985 1262.67 0.141258 341853 -0.0531452 0.91295
0.000555 2405.97 0.00166009 341855 -0.00497034 0.481589
0.004105 1885.08 0.0812262 341853 -0.0438539 0.613076
0.003805 1967.36 0.0720784 341852 -0.0415555 0.587686
0.003435 2056.89 0.0613825 341852 -0.0375053 0.562378
0.005425 1450.88 0.124276 341851 -0.0554928 0.794971
0.001435 2351.81 0.0151956 341849 -0.0179789 0.492591
0.005995 1259.53 0.141535 341853 -0.0536692 0.915221
0.000565 2406.29 0.00171422 341855 -0.0046682 0.481525
0.003815 1964.74 0.0723767 341853 -0.0406993 0.588464
0.004115 1882.19 0.0815378 341854 -0.0431909 0.614009
0.003445 2054.63 0.0616627 341851 -0.0386596 0.562988
0.005435 1447.39 0.124598 341852 -0.0550816 0.796876
0.001445 2350.9 0.0153846 341849 -0.0187039 0.492779
0.006005 1256.4 0.141811 341852 -0.0542748 0.917495
0.000575 2406.61 0.00176839 341855 -0.00456649 0.481461
0.003825 1962.11 0.0726755 341854 -0.0400217 0.589245
0.004415 1791.86 0.0910661 341854 -0.0459168 0.64467
0.006355 1155.1 0.15063 341853 -0.0530874 0.997797
0.003835 1959.47 0.0729748 341854 -0.0396591 0.590031
0.006715 1072.76 0.15765 341852 -0.051777 1.07436
0.002845 2174.1 0.0457625 341850 -0.0324502 0.532396
0.005515 1419.59 0.127156 341852 -0.0544369 0.812406
0.002205 2269.41 0.0308021 341852 -0.0234206 0.510297
0.005525 1416.12 0.127473 341852 -0.0551232 0.814382
0.004755 1681.94 0.102192 341851 -0.052638 0.68643
0.002215 2268.13 0.0310208 341851 -0.0248693 0.510579
0.005535 1412.66 0.12779 341852 -0.05559 0.816367
0.004765 1678.6 0.102522 341851 -0.0527213 0.687784
0.005105 1562.53 0.113798 341854 -0.05146 0.738498
0.002225 2266.85 0.03124 341850 -0.0259974 0.510864
0.005545 1409.2 0.128106 341851 -0.0557266 0.818361
0.001135 2378.21 0.00965111 341849 -0.0157133 0.487161
0.004775 1675.26 0.102853 341851 -0.0524223 0.689146
0.002235 2265.56 0.0314596 341849 -0.026601 0.51115
0.005115 1559.06 0.114129 341853 -0.0520451 0.740131
0.005555 1405.75 0.128421 341852 -0.0555039 0.820363
0.003455 2052.36 0.0619433 341851 -0.0396138 0.563601
0.004785 1671.91 0.103184 341852 -0.05182 0.690516
0.004125 1879.29 0.0818499 341854 -0.0428383 0.614948
0.001455 2349.99 0.0155739 341849 -0.018482 0.492969
0.004795 1668.56 0.103515 341852 -0.0510567 0.691894
0.006015 1253.28 0.142085 341852 -0.0547878 0.919773
0.004135 1876.39 0.0821624 341854 -0.0428808 0.615891
0.000585 2406.93 0.0018226 341855 -0.00485816 0.481397
0.004425 1788.74 0.0913891 341854 -0.046213 0.645784
0.006365 1152.48 0.150855 341852 -0.0534779 1.00006
0.000595 2407.25 0.00187685 341855 -0.00533839 0.481332
0.002855 2172.34 0.0460124 341850 -0.0332006 0.532822
0.004435 1785.61 0.0917124 341853 -0.0468721 0.646904
0.006375 1149.88 0.151078 341852 -0.0536239 1.00232
0.000605 2407.57 0.00193115 341854 -0.00535221 0.481266
0.002865 2170.57 0.0462628 341850 -0.033476 0.53325
0.001145 2377.34 0.00983248 341850 -0.0143292 0.487341
0.004445 1782.48 0.092036 341853 -0.0477822 0.64803
0.006385 1147.3 0.1513 341852 -0.0534744 1.00457
0.000615 2407.89 0.00198548 341852 -0.00454972 0.481199
0.002875 2168.8 0.0465137 341850 -0.0332672 0.533681
0.005565 1402.3 0.128736 341852 -0.0549813 0.822373
0.004455 1779.33 0.0923599 341852 -0.0487807 0.649164
0.001155 2376.46 0.0100141 341851 -0.0129495 0.487522
0.006395 1144.73 0.151521 341852 -0.053066 1.00682
0.000625 2408.21 0.00203986 341849 -0.00362167 0.481132
0.003465 2050.09 0.0622244 341850 -0.0402133 0.564218
0.001465 2349.08 0.0157635 341850 -0.0175572 0.493161
0.000635 2408.53 0.00209428 341848 -0.00371968 0.481066
0.006025 1250.17 0.142359 341852 -0.0550602 0.922054
0.003475 2047.81 0.0625061 341850 -0.0403742 0.56484
0.004145 1873.47 0.0824753 341854 -0.0433314 0.61684
0.001165 2375.58 0.0101958 341853 -0.0119312 0.487703
0.003485 2045.52 0.0627882 341850 -0.0400982 0.565466
0.004465 1776.18 0.0926841 341851 -0.0496869 0.650304
0.004155 1870.55 0.0827886 341853 -0.0441268 0.617793
0.005575 1398.85 0.129051 341853 -0.0542924 0.824392
0.003495 2043.22 0.0630709 341851 -0.0394658 0.566095
0.001475 2348.16 0.0159534 341851 -0.0163587 0.493354
0.006035 1247.07 0.142631 341852 -0.055012 0.924339
0.003505 2040.92 0.063354 341852 -0.0386143 0.566728
0.001175 2374.7 0.0103778 341853 -0.0112394 0.487884
0.001485 2347.24 0.0161436 341852 -0.0152508 0.493548
0.006045 1243.98 0.142903 341852 -0.0546512 0.926627
0.003515 2038.61 0.0636377 341853 -0.0377107 0.567365
0.004475 1773.02 0.0930086 341851 -0.0503395 0.651451
0.001185 2373.83 0.0105601 341856 -0.0107276 0.488065
0.005585 1395.41 0.129365 341853 -0.0536112 0.826418
0.001495 2346.31 0.0163342 341853 -0.0143932 0.493742
0.001195 2372.96 0.0107425 341854 -0.0103106 0.48824
0.006055 1240.91 0.143172 341853 -0.0540726 0.928918
0.005595 1391.97 0.129678 341854 -0.0531091 0.828452
0.001505 2345.38 0.016525 341854 -0.0137654 0.493936
0.001205 2372.11 0.0109252 341855 -0.00996343 0.488415
0.006065 1237.84 0.143441 341853 -0.0534315 0.931212
0.005605 1388.53 0.12999 341854 -0.0529125 0.830493
0.001515 2344.45 0.0167162 341854 -0.0132851 0.494132
0.001215 2371.25 0.011108 341855 -0.00970018 0.488591
0.006075 1234.79 0.143708 341853 -0.0528992 0.933508
0.005615 1385.1 0.130302 341854 -0.0530712 0.832541
0.001525 2343.52 0.0169076 341855 -0.0129221 0.494328
0.001225 2370.39 0.0112912 341855 -0.00963938 0.488767
0.005625 1381.67 0.130613 341853 -0.0535456 0.834595
0.001535 2342.58 0.0170994 341855 -0.0127512 0.494524
0.001235 2369.53 0.0114745 341855 -0.0100298 0.488943
0.005635 1378.25 0.130924 341853 -0.0542166 0.836657
0.001545 2341.64 0.0172916 341855 -0.0129357 0.494721
0.001245 2368.67 0.0116581 341853 -0.0111218 0.489118
0.005645 1374.83 0.131233 341852 -0.0549157 0.838727
0.001555 2340.69 0.017484 341854 -0.0136448 0.494918
0.001255 2367.8 0.0118419 341852 -0.0129178 0.489293
0.005655 1371.42 0.131542 341852 -0.0554671 0.840804
0.001565 2339.74 0.0176768 341853 -0.0149315 0.495117
0.001265 2366.93 0.012026 341850 -0.0150118 0.489469
0.005665 1368.01 0.131851 341852 -0.0557327 0.842888
0.001575 2338.79 0.0178699 341853 -0.0166321 0.495316
0.001275 2366.06 0.0122103 341849 -0.0167173 0.489646
0.005675 1364.61 0.132158 341852 -0.0556472 0.844981
0.001585 2337.83 0.0180634 341850 -0.0183695 0.495513
0.005685 1361.21 0.132465 341852 -0.0552344 0.847082
0.001595 2336.87 0.0182572 341849 -0.0196856 0.495713
0.005695 1357.82 0.132771 341852 -0.0546014 0.84919
0.005705 1354.44 0.133077 341853 -0.0539106 0.851305
0.005715 1351.06 0.133381 341853 -0.0533384 0.853427
0.005725 1347.68 0.133685 341854 -0.0530302 0.855555
0.005735 1344.31 0.133988 341854 -0.0530633 0.85769
0.005745 1340.95 0.13429 341853 -0.0534267 0.85983
0.005755 1337.6 0.134591 341853 -0.0540243 0.861976
