5e-06 2442.08 0.000642075 486403 0.00338312 0.675846
1.5e-05 2442.07 0.000642077 486403 0.00985201 0.675847
2.5e-05 2442.09 0.000642774 486410 0.0155711 0.675851
3.5e-05 2442.15 0.000644801 486410 0.0200729 0.675834
4.5e-05 2442.25 0.000648152 486404 0.0230276 0.675798
5.5e-05 2442.37 0.00065223 486405 0.024138 0.675765
6.5e-05 2442.53 0.000657199 486414 0.0232734 0.675734
7.5e-05 2442.68 0.000662938 486408 0.0205224 0.675682
8.5e-05 2442.87 0.000669567 486409 0.0160556 0.675632
9.5e-05 2443.05 0.000676192 486411 0.0101642 0.675583
0.000105 2443.23 0.000682815 486412 0.00322565 0.675536
0.000115 2443.42 0.000690576 486419 -0.00415692 0.67549
0.000125 2443.62 0.000699317 486412 -0.0112607 0.675427
0.000135 2443.83 0.000709193 486411 -0.0174751 0.675365
0.000145 2444.04 0.00071906 486410 -0.0224075 0.675304
0.000155 2444.25 0.000728918 486408 -0.0258473 0.675244
0.000165 2444.44 0.000738765 486406 -0.0276599 0.675187
0.000175 2444.63 0.0007486 486405 -0.0277763 0.675132
0.000185 2444.81 0.000758421 486404 -0.0261686 0.67508
0.000195 2445.01 0.000770173 486407 -0.0228347 0.67503
0.000205 2445.19 0.000783581 486404 -0.0178752 0.674971
0.000215 2445.39 0.000798915 486403 -0.0116583 0.674914
0.000225 2445.59 0.000814226 486403 -0.00484132 0.674858
0.000325 2447.13 0.000969862 486408 0.00186345 0.674425
0.000965 2434.73 0.00369529 486401 0.00264082 0.677618
0.000235 2445.77 0.000829513 486402 0.00186036 0.674805
0.000335 2447.23 0.000992427 486412 -0.00536051 0.674401
0.000975 2434.45 0.00373718 486403 -0.000319673 0.677692
0.000245 2445.95 0.000844774 486402 0.00793405 0.674754
0.000645 2443.04 0.00223773 486404 -0.0344243 0.675457
0.001285 2425.6 0.00488415 486409 -0.0537473 0.680006
0.000345 2447.3 0.00101904 486412 -0.0125167 0.674378
0.000985 2434.17 0.0037788 486405 -0.00534193 0.677769
0.000255 2446.13 0.000860007 486402 0.0130756 0.674704
0.000355 2447.38 0.00104561 486412 -0.0190419 0.674355
0.000995 2433.88 0.00382016 486408 -0.0118367 0.677848
0.001295 2425.28 0.00491564 486408 -0.0550176 0.680089
0.000265 2446.29 0.000875211 486402 0.016988 0.674657
0.000655 2442.78 0.00228589 486414 -0.0305116 0.675539
0.000365 2447.44 0.00107215 486411 -0.0245652 0.674334
0.001005 2433.59 0.00386123 486410 -0.0190977 0.677928
0.001305 2424.95 0.00494674 486407 -0.0548769 0.680174
0.000275 2446.45 0.000890385 486403 0.0192803 0.674613
0.000665 2442.52 0.00233393 486403 -0.0254885 0.675591
0.000375 2447.5 0.00109864 486409 -0.0288176 0.674314
0.001015 2433.29 0.00390203 486412 -0.0264357 0.678008
0.001315 2424.69 0.00497746 486420 -0.0533343 0.68026
0.000285 2446.6 0.000905528 486404 0.0195958 0.674571
0.000675 2442.3 0.00238186 486402 -0.0194735 0.675645
0.000385 2447.55 0.0011251 486407 -0.0316072 0.674296
0.001025 2432.99 0.00394254 486412 -0.033282 0.678089
0.001605 2417.39 0.00568953 486399 -0.0237787 0.682112
0.001325 2424.43 0.0050078 486405 -0.0504232 0.680307
0.000295 2446.75 0.000920639 486406 0.0177918 0.674531
0.001925 2411.43 0.00603737 486415 -0.058856 0.683622
0.000395 2447.59 0.00115151 486406 -0.032805 0.67428
0.001035 2432.67 0.00398276 486412 -0.0392257 0.67817
0.000685 2442.09 0.00242967 486401 -0.0126854 0.675701
0.001335 2424.23 0.00503774 486405 -0.0461805 0.680355
0.000305 2446.89 0.000935717 486408 0.0139908 0.674494
0.001615 2417.22 0.00570757 486398 -0.0183437 0.682151
0.000405 2447.62 0.00117789 486405 -0.0323384 0.674266
0.001045 2432.36 0.00402269 486411 -0.0439934 0.678252
0.001935 2411.3 0.00604054 486414 -0.0642327 0.683651
0.000695 2441.86 0.00247735 486401 -0.00564646 0.675758
0.001345 2424.03 0.00506729 486404 -0.0407183 0.680404
0.000315 2447.02 0.000950763 486410 0.00852419 0.674459
0.001625 2417.04 0.00572515 486398 -0.0149863 0.682194
0.000415 2447.65 0.00120423 486404 -0.0301899 0.674255
0.001055 2432.03 0.00406233 486409 -0.0474091 0.678335
0.000705 2441.63 0.0025249 486400 0.00079324 0.675818
0.001945 2411.17 0.00604325 486413 -0.0683709 0.68368
0.001635 2416.87 0.00574228 486398 -0.0142903 0.682239
0.001355 2423.83 0.00509645 486403 -0.0342629 0.680455
0.000425 2447.67 0.00123054 486404 -0.0264381 0.674246
0.001065 2431.7 0.00410166 486408 -0.0493721 0.678419
0.002245 2409.31 0.0059145 486406 -0.0647376 0.684018
0.000435 2447.69 0.00125682 486403 -0.0213213 0.67424
0.001075 2431.37 0.0041407 486407 -0.0498533 0.678506
0.001955 2411.04 0.00604549 486412 -0.0712252 0.68371
0.000445 2447.69 0.00128306 486403 -0.0152344 0.674235
0.002255 2409.25 0.00590348 486404 -0.0580601 0.684024
0.001085 2431.03 0.00417942 486406 -0.0488792 0.678594
0.001645 2416.68 0.00575896 486401 -0.0164186 0.682287
0.001965 2410.9 0.00604727 486410 -0.0728067 0.683741
0.000455 2447.61 0.00131737 486387 -0.00855478 0.674232
0.002265 2409.2 0.00589206 486401 -0.0505053 0.684031
0.001095 2430.74 0.00421784 486417 -0.0464964 0.678684
0.001655 2416.5 0.00577517 486404 -0.0210578 0.682339
0.001975 2410.76 0.00604859 486409 -0.0731332 0.683774
0.000465 2447.51 0.00135859 486402 -0.00183527 0.674278
0.001105 2430.46 0.00425594 486404 -0.0427693 0.678739
0.002275 2409.14 0.00588022 486398 -0.0427795 0.684038
0.001665 2416.3 0.00579093 486407 -0.0275224 0.682392
0.000715 2441.39 0.0025723 486400 0.0057629 0.675879
0.001985 2410.61 0.00604945 486408 -0.0721953 0.683808
0.000475 2447.32 0.00140786 486401 0.0044428 0.674326
0.001115 2430.24 0.00429373 486403 -0.0377755 0.678794
0.002285 2409.07 0.00586798 486395 -0.0358773 0.684046
0.001675 2416.11 0.00580623 486411 -0.0349651 0.682446
0.001995 2410.46 0.00604985 486407 -0.0699538 0.683843
0.000725 2441.15 0.00261955 486400 0.00866571 0.675943
0.001365 2423.61 0.00512521 486401 -0.0272458 0.680506
0.000485 2447.13 0.0014571 486401 0.00962555 0.674376
0.001125 2430.01 0.0043312 486403 -0.0316899 0.678851
0.001685 2415.91 0.00582106 486413 -0.0425826 0.6825
0.002295 2409 0.00585533 486394 -0.0309271 0.684056
0.002005 2410.31 0.00604978 486407 -0.0663677 0.68388
0.000735 2440.89 0.00266665 486401 0.0092228 0.67601
0.001375 2423.4 0.00515357 486400 -0.020304 0.680559
0.000495 2446.93 0.00150629 486401 0.0132231 0.674429
0.001135 2429.78 0.00436834 486401 -0.0248355 0.67891
0.001695 2415.7 0.00583544 486414 -0.0497407 0.682554
0.002015 2410.15 0.00604926 486406 -0.0614506 0.683917
0.002565 2410.37 0.00537043 486406 -0.0511676 0.683526
0.000745 2440.63 0.00271359 486402 0.00738414 0.67608
0.002305 2408.93 0.00584228 486393 -0.0289078 0.68407
0.001385 2423.18 0.00518152 486399 -0.014222 0.680613
0.000505 2446.72 0.00155544 486401 0.0147827 0.674484
0.001145 2429.54 0.00440515 486400 -0.0177512 0.67897
0.001705 2415.49 0.00584935 486415 -0.056005 0.682607
0.002025 2409.99 0.00604829 486404 -0.0553546 0.683954
0.002575 2410.57 0.00534749 486411 -0.0601211 0.68347
0.000755 2440.37 0.00276037 486405 0.00332124 0.676153
0.002315 2408.86 0.00582883 486395 -0.0302977 0.684088
0.000515 2446.5 0.00160454 486403 0.0140471 0.674543
0.001395 2422.95 0.00520907 486398 -0.0098062 0.68067
0.001155 2429.3 0.00444163 486399 -0.0111565 0.679031
0.002035 2409.83 0.00604686 486403 -0.0485184 0.683992
0.001715 2415.28 0.0058628 486414 -0.0611156 0.682661
0.002585 2410.76 0.00532423 486414 -0.0679783 0.683414
0.000765 2440.1 0.00280697 486407 -0.00252472 0.676227
0.002325 2408.79 0.005815 486399 -0.0346811 0.684108
0.000525 2446.28 0.0016536 486405 0.0110125 0.674604
0.001405 2422.72 0.00523621 486398 -0.00771598 0.680729
0.002045 2409.75 0.00604497 486418 -0.0411775 0.68403
0.001165 2429.05 0.00447777 486398 -0.00584676 0.679094
0.001725 2415.06 0.00587578 486413 -0.0649423 0.682715
0.002595 2410.95 0.00530063 486416 -0.0743568 0.683356
0.000775 2439.82 0.00285339 486409 -0.00949323 0.676303
0.002335 2408.79 0.00580076 486420 -0.0417541 0.684131
0.000535 2446.05 0.00170261 486407 0.00597679 0.674667
0.001415 2422.48 0.00526294 486400 -0.00829965 0.680792
0.002055 2409.68 0.00604264 486398 -0.0341797 0.684015
0.001175 2428.79 0.00451358 486398 -0.0025355 0.67916
0.001735 2414.83 0.0058883 486411 -0.0674397 0.68277
0.002605 2411.13 0.00527671 486415 -0.0792374 0.683297
0.000785 2439.53 0.00289963 486411 -0.0168652 0.67638
0.002345 2408.81 0.00578614 486409 -0.0500099 0.684102
0.000545 2445.81 0.00175158 486409 -0.000477043 0.674733
0.001425 2422.24 0.00528925 486402 -0.0114994 0.680857
0.002065 2409.69 0.00603985 486396 -0.0282514 0.684002
0.001185 2428.53 0.00454904 486399 -0.00169693 0.679229
0.001745 2414.61 0.00590036 486410 -0.0686055 0.682826
0.000795 2439.24 0.00294569 486412 -0.0240149 0.676458
0.002885 2415.48 0.00448065 486409 -0.0917464 0.681886
0.002615 2411.31 0.00525247 486414 -0.082891 0.683239
0.002355 2408.92 0.00577112 486412 -0.0585317 0.684072
0.000555 2445.57 0.00180049 486411 -0.00761714 0.674799
0.001435 2421.99 0.00531515 486405 -0.0168696 0.680925
0.002075 2409.7 0.00603661 486395 -0.0246294 0.683992
0.001195 2428.26 0.00458416 486401 -0.00346168 0.679301
0.001755 2414.37 0.00591194 486409 -0.0684437 0.682884
0.000805 2438.94 0.00299155 486412 -0.0304736 0.676536
0.002895 2415.68 0.0044478 486408 -0.0896102 0.681823
0.002365 2409.01 0.00575571 486415 -0.0658987 0.684042
0.002625 2411.49 0.0052279 486413 -0.0855533 0.683181
0.000565 2445.31 0.00184935 486412 -0.0147731 0.674867
0.001445 2421.74 0.00534062 486408 -0.0237023 0.680994
0.002085 2409.71 0.00603293 486395 -0.0239107 0.683985
0.001205 2427.99 0.00461893 486404 -0.00759439 0.679375
0.001765 2414.14 0.00592307 486408 -0.0669433 0.682944
0.000815 2438.64 0.00303721 486411 -0.0359152 0.676615
0.002905 2415.87 0.00441465 486408 -0.0868362 0.681763
0.002375 2409.11 0.00573992 486415 -0.0719475 0.68401
0.002635 2411.66 0.00520301 486411 -0.0872539 0.683125
0.000575 2445.05 0.00189815 486412 -0.0214663 0.674936
0.001455 2421.49 0.00536568 486411 -0.0312039 0.681064
0.002095 2409.71 0.0060288 486398 -0.0265197 0.683981
0.001215 2427.71 0.00465335 486407 -0.0135568 0.679452
0.001775 2413.9 0.00593372 486407 -0.0640828 0.683004
0.000825 2438.33 0.00308267 486410 -0.0401086 0.676696
0.002915 2416.06 0.00438118 486408 -0.0828655 0.681704
0.002385 2409.2 0.00572374 486415 -0.0766145 0.683977
0.002645 2411.83 0.0051778 486410 -0.0878855 0.68307
0.000585 2444.79 0.00194689 486411 -0.0273719 0.675005
0.001465 2421.22 0.00539031 486413 -0.0386514 0.681134
0.002105 2409.71 0.00602423 486402 -0.0319829 0.683981
0.001225 2427.43 0.00468741 486409 -0.0206345 0.679529
0.001785 2413.65 0.00594391 486407 -0.0598628 0.683066
0.000835 2438.01 0.00312792 486408 -0.0428853 0.676777
0.002925 2416.24 0.0043474 486407 -0.076958 0.681644
0.002395 2409.29 0.00570719 486414 -0.0800247 0.683945
0.002655 2411.99 0.00515228 486409 -0.0873928 0.683017
0.000595 2444.51 0.00199556 486410 -0.0322129 0.675075
0.001475 2420.96 0.00541452 486414 -0.0454843 0.681204
0.002115 2409.71 0.00601921 486406 -0.0393964 0.683983
0.001795 2413.41 0.00595363 486406 -0.0543633 0.683129
0.001235 2427.14 0.00472112 486411 -0.0280857 0.679608
0.000845 2437.69 0.00317296 486407 -0.0441422 0.676861
0.002935 2416.41 0.0043133 486403 -0.0692101 0.681584
0.002405 2409.37 0.00569027 486412 -0.0823064 0.683913
0.002665 2412.14 0.00512644 486408 -0.0858398 0.682966
0.000605 2444.23 0.00204416 486408 -0.0357348 0.675147
0.001485 2420.69 0.0054383 486413 -0.0513245 0.681274
0.002125 2409.7 0.00601374 486410 -0.0474931 0.683985
0.001805 2413.16 0.00596288 486404 -0.0478076 0.683192
0.001245 2426.84 0.00475446 486413 -0.035263 0.679687
0.000855 2437.41 0.00321778 486417 -0.0438422 0.676946
0.002945 2416.64 0.00427889 486410 -0.0604403 0.681523
0.002415 2409.45 0.00567297 486411 -0.0835135 0.683883
0.002675 2412.3 0.00510028 486408 -0.0832645 0.682916
0.000615 2443.94 0.00209268 486407 -0.0377546 0.675221
0.001495 2420.41 0.00546165 486412 -0.055949 0.681345
0.001815 2412.9 0.00597166 486402 -0.0406191 0.683255
0.002135 2409.69 0.00600784 486413 -0.0553601 0.683987
0.001255 2426.54 0.00478744 486413 -0.0416788 0.679766
0.000865 2437.15 0.00326238 486405 -0.0420604 0.676998
0.002955 2416.87 0.00424415 486394 -0.051979 0.681429
0.002425 2409.52 0.00565529 486409 -0.0836453 0.683854
0.002685 2412.44 0.00507382 486408 -0.0795127 0.682867
0.000625 2443.65 0.00214113 486406 -0.0381874 0.675297
0.001505 2420.13 0.00548457 486411 -0.0592455 0.681416
0.001825 2412.64 0.00597997 486400 -0.0334716 0.683319
0.002145 2409.67 0.0060015 486415 -0.0623638 0.683987
0.001265 2426.23 0.00482005 486412 -0.0470099 0.679845
0.000875 2436.93 0.00330675 486404 -0.0389067 0.677053
0.002965 2417.15 0.00420908 486391 -0.044993 0.681338
0.002435 2409.59 0.00563726 486409 -0.0826846 0.683827
0.002695 2412.59 0.00504704 486407 -0.0743008 0.682819
0.000635 2443.35 0.00218948 486405 -0.0370423 0.675376
0.001515 2419.84 0.00550705 486409 -0.061172 0.681489
0.001835 2412.46 0.00598782 486415 -0.0270576 0.683385
0.002155 2409.65 0.00599473 486415 -0.0681561 0.683987
0.001275 2425.92 0.00485229 486411 -0.0510657 0.679925
0.000885 2436.71 0.0033509 486403 -0.0345161 0.677108
0.002975 2417.43 0.00417369 486389 -0.0410013 0.68125
0.002445 2409.66 0.00561885 486408 -0.0805901 0.683801
0.003205 2418.12 0.00367457 486387 -0.04456 0.680895
0.003525 2362.5 0.00743278 486415 -0.108236 0.696715
0.003215 2417.23 0.00373037 486390 -0.0478253 0.681142
0.003845 2292.16 0.0116582 486398 -0.0802187 0.717839
0.003225 2416.34 0.00378564 486397 -0.0559728 0.681396
0.003235 2415.45 0.00384041 486405 -0.0665987 0.681653
0.004165 2117.19 0.0240336 486421 -0.130105 0.777009
0.003855 2290.3 0.0117452 486385 -0.0632589 0.718399
0.003245 2414.55 0.00389469 486413 -0.0769735 0.681909
0.003535 2360.02 0.00759695 486416 -0.111293 0.697438
0.003255 2413.65 0.0039485 486417 -0.0851426 0.682163
0.003865 2288.46 0.011829 486379 -0.0543204 0.718962
0.004805 762.248 0.16651 486414 -0.0484666 2.17171
0.003265 2412.74 0.00400186 486418 -0.0906087 0.682415
0.003875 2286.64 0.0119095 486384 -0.0561041 0.719534
0.004485 1518.2 0.0708046 485823 -0.11049 1.08301
0.004175 2104.57 0.0250146 486423 -0.121715 0.781663
0.003275 2411.82 0.0040548 486417 -0.094188 0.682664
0.003885 2284.85 0.0119868 486394 -0.064965 0.720107
0.003545 2357.54 0.00775971 486415 -0.113166 0.698162
0.004495 1489.82 0.0740626 486430 -0.105088 1.10507
0.003285 2410.9 0.00410734 486415 -0.0971538 0.682915
0.003895 2283.08 0.0120609 486404 -0.0757915 0.720673
0.002705 2412.73 0.00501995 486404 -0.067509 0.68277
0.003295 2409.97 0.00415949 486414 -0.100269 0.683169
0.004505 1459.84 0.0776068 486443 -0.0925527 1.12789
0.003905 2281.35 0.0121317 486413 -0.0870243 0.72123
0.001525 2419.55 0.0055291 486408 -0.061726 0.681563
0.004815 747.97 0.168661 486430 -0.0325732 2.21376
0.004515 1430.05 0.0811235 486450 -0.082761 1.15151
0.003915 2279.63 0.0121993 486422 -0.0994563 0.721779
0.003305 2409.04 0.00421128 486414 -0.103374 0.683425
0.002715 2412.86 0.00499256 486401 -0.0594641 0.682721
0.004185 2092.06 0.0259837 486425 -0.1131 0.78634
0.003555 2355.07 0.00792099 486413 -0.11445 0.698885
0.001535 2419.25 0.0055507 486407 -0.0609182 0.681639
0.004525 1400.49 0.0846119 486450 -0.0782063 1.17593
0.003925 2277.95 0.0122637 486429 -0.111902 0.722319
0.003315 2408.1 0.00426271 486413 -0.105734 0.683684
0.002725 2412.99 0.00496486 486397 -0.0510146 0.682673
0.004535 1371.14 0.0880712 486447 -0.0744872 1.20123
0.003935 2276.29 0.0123249 486433 -0.120881 0.722844
0.001545 2418.95 0.00557187 486407 -0.0587533 0.681716
0.003325 2407.15 0.00431382 486413 -0.106756 0.683944
0.004825 733.981 0.17075 486439 -0.0193025 2.25652
0.002735 2413.12 0.00493686 486393 -0.0434072 0.682625
0.004545 1342.01 0.0915007 486445 -0.0683791 1.22744
0.003945 2272.73 0.0125131 486013 -0.123992 0.723354
0.001555 2418.65 0.0055926 486406 -0.0552339 0.681795
0.004195 2079.64 0.0269406 486424 -0.10839 0.79103
0.003335 2406.2 0.00436461 486413 -0.10649 0.684207
0.003565 2352.59 0.00808073 486410 -0.115807 0.699609
0.002745 2413.24 0.00490855 486390 -0.0380525 0.682581
0.004555 1313.09 0.0948995 486444 -0.0609839 1.25462
0.003955 2268.31 0.0128576 486429 -0.122481 0.725367
0.001565 2418.34 0.00561288 486405 -0.0504075 0.681875
0.003345 2405.24 0.00441512 486413 -0.10558 0.684473
0.000895 2436.48 0.00339481 486403 -0.029001 0.677166
0.004835 720.278 0.172776 486439 -0.0109123 2.29998
0.002755 2413.35 0.00487994 486390 -0.0361822 0.682542
0.004565 1284.38 0.0982668 486442 -0.0545044 1.28282
0.003965 2262.01 0.0133277 486424 -0.119494 0.727375
0.003355 2403.62 0.00451044 486279 -0.104717 0.684742
0.001575 2418.03 0.00563272 486404 -0.0444483 0.681956
0.004205 2067.33 0.0278848 486421 -0.107421 0.795735
0.000905 2436.25 0.00343848 486402 -0.0225687 0.677225
0.002765 2413.46 0.00485103 486392 -0.03841 0.682509
0.004575 1255.87 0.101602 486439 -0.0496152 1.31211
0.003975 2255.76 0.0137919 486421 -0.117431 0.72938
0.003575 2350.12 0.00823888 486409 -0.116765 0.700336
0.003365 2401.83 0.00464778 486415 -0.103687 0.685432
0.001585 2417.78 0.0056521 486418 -0.0376268 0.682037
0.004845 706.962 0.174739 486500 -0.00505222 2.34413
0.002775 2413.56 0.00482182 486397 -0.0443869 0.682481
0.000915 2436.01 0.00348191 486401 -0.0156267 0.677285
0.004585 1227.54 0.104904 486431 -0.0473807 1.34256
0.003985 2249.55 0.0142501 486418 -0.116674 0.73138
0.003375 2399.39 0.00482952 486413 -0.10092 0.68612
0.001595 2417.55 0.00567104 486401 -0.0305066 0.682074
0.004215 2055.12 0.0288161 486418 -0.107382 0.800456
0.002785 2413.65 0.0047923 486403 -0.0528197 0.682458
0.001845 2412.29 0.00599519 486397 -0.0223664 0.683402
0.002165 2409.62 0.00598752 486414 -0.0726238 0.683987
0.001855 2412.2 0.0060021 486397 -0.0201372 0.683422
0.002985 2417.7 0.00413797 486389 -0.0412354 0.681169
0.002175 2409.6 0.00597988 486413 -0.0758001 0.683987
0.001865 2412.1 0.00600854 486399 -0.0209364 0.683446
0.002795 2413.73 0.0047625 486409 -0.0619141 0.682437
0.002185 2409.57 0.00597181 486411 -0.0777685 0.683988
0.001875 2412 0.00601451 486402 -0.0245756 0.683472
0.002805 2413.87 0.0047324 486426 -0.0703322 0.682415
0.002195 2409.53 0.00596332 486410 -0.0785966 0.68399
0.001885 2411.89 0.00602002 486405 -0.0304275 0.683501
0.002815 2414.02 0.00470199 486416 -0.077076 0.682352
0.002995 2417.97 0.00410193 486394 -0.0460889 0.681093
0.002205 2409.49 0.00595439 486409 -0.0783055 0.683993
0.001895 2411.78 0.00602505 486409 -0.0375812 0.683532
0.002455 2409.73 0.00560008 486408 -0.0772629 0.683776
0.002825 2414.24 0.00467128 486416 -0.0821956 0.682286
0.003005 2418.23 0.00406556 486401 -0.0544786 0.681023
0.000925 2435.77 0.00352509 486400 -0.00882322 0.677347
0.002215 2409.45 0.00594505 486408 -0.0768608 0.683998
0.001905 2411.67 0.00602962 486412 -0.045139 0.683562
0.002835 2414.45 0.00464026 486415 -0.0859554 0.682218
0.003015 2418.48 0.00402887 486408 -0.0642634 0.680954
0.002225 2409.41 0.00593528 486408 -0.0741766 0.684004
0.001915 2411.55 0.00603373 486414 -0.0523924 0.683592
0.002845 2414.66 0.00460895 486413 -0.0890131 0.68215
0.003025 2418.73 0.00399187 486413 -0.0733203 0.680885
0.002465 2409.79 0.00558095 486407 -0.0725655 0.683752
0.002235 2409.36 0.0059251 486407 -0.0701502 0.684011
0.002855 2414.87 0.00457733 486412 -0.0914674 0.682083
0.003995 2243.41 0.0147024 486415 -0.11659 0.733374
0.002865 2415.08 0.00454541 486411 -0.0929525 0.682016
0.003385 2396.94 0.00501029 486408 -0.0941772 0.686805
0.002875 2415.28 0.00451318 486410 -0.0930295 0.681951
0.003395 2394.49 0.0051901 486402 -0.0826361 0.68749
0.004595 1199.37 0.108173 486437 -0.0421298 1.37431
0.003405 2392.04 0.00536893 486394 -0.0684476 0.688175
0.003415 2389.59 0.00554678 486388 -0.0560483 0.688864
0.003425 2387.14 0.00572364 486385 -0.0495277 0.689559
0.004605 1171.37 0.111406 486442 -0.0384295 1.4074
0.003585 2347.65 0.00839537 486412 -0.115917 0.701069
0.003435 2384.68 0.0058995 486387 -0.0504836 0.690263
0.004615 1143.5 0.114604 486443 -0.039737 1.44193
0.003445 2382.23 0.00607433 486393 -0.0578761 0.690976
0.004625 1115.76 0.117765 486433 -0.0533244 1.47799
0.003455 2379.77 0.00624813 486403 -0.0690597 0.691696
0.004635 1088.14 0.120888 486413 -0.0770864 1.51571
0.003595 2345.18 0.00855012 486414 -0.111924 0.701804
0.004855 695.314 0.176639 486428 -0.000390746 2.38359
0.003465 2377.31 0.00642085 486412 -0.0807838 0.692417
0.004645 1061.03 0.123974 486567 -0.0952709 1.55521
0.003605 2342.81 0.00870308 486433 -0.103914 0.702533
0.003475 2374.84 0.00659248 486418 -0.0901885 0.693136
0.004655 1036.57 0.12704 486398 -0.0945749 1.59165
0.003615 2340.47 0.00885417 486407 -0.0917114 0.703189
0.003485 2372.38 0.00676297 486420 -0.0959905 0.693851
0.004665 1013.08 0.130061 486593 -0.0742208 1.62953
0.003625 2338.23 0.00900333 486397 -0.0767642 0.703839
0.004865 684.069 0.178473 486427 0.0032434 2.42331
0.004225 2043.02 0.029734 486418 -0.106769 0.805196
0.003495 2369.91 0.00693229 486419 -0.0990446 0.694563
0.004675 992.476 0.133041 486438 -0.0530362 1.66316
0.003635 2336 0.00915048 486388 -0.0628331 0.704491
0.000935 2435.52 0.00356803 486399 -0.00295204 0.677411
0.004875 673.127 0.180241 486424 0.00225971 2.46324
0.003035 2418.98 0.00395454 486416 -0.0804471 0.680814
0.004685 972.526 0.135966 486447 -0.0397119 1.69765
0.003505 2367.44 0.00710039 486416 -0.101416 0.695276
0.003645 2333.78 0.00929556 486383 -0.0544072 0.705149
0.004885 662.488 0.181944 486418 -0.0058357 2.50331
0.002475 2409.84 0.00556147 486405 -0.0664378 0.683728
0.004005 2237.31 0.0151486 486413 -0.11659 0.735364
0.004695 952.87 0.138834 486445 -0.0340765 1.73303
0.003515 2364.97 0.00726724 486415 -0.104553 0.695994
0.000945 2435.26 0.00361071 486399 0.00123169 0.677477
0.003655 2331.56 0.00943849 486385 -0.0538938 0.705814
0.004235 2031.03 0.0306384 486420 -0.10633 0.809954
0.004895 652.152 0.18358 486408 -0.0195687 2.54348
0.004015 2231.27 0.0155886 486414 -0.116504 0.73735
0.003045 2419.22 0.00391692 486417 -0.0855667 0.68074
0.002485 2409.89 0.00554162 486403 -0.0590643 0.683703
0.004705 933.518 0.141644 486440 -0.0300625 1.76931
0.003665 2329.35 0.00957919 486392 -0.0606148 0.706487
0.002495 2409.94 0.00552143 486399 -0.0509954 0.683679
0.000955 2435 0.00365313 486399 0.00317978 0.677546
0.004715 914.48 0.144397 486436 -0.0248801 1.80652
0.002505 2409.99 0.00550088 486396 -0.0431616 0.683655
0.004245 2019.15 0.0315292 486425 -0.106503 0.814728
0.004905 642.119 0.185151 486399 -0.0331291 2.58371
0.002515 2410.03 0.00547999 486393 -0.0367613 0.683633
0.004025 2225.28 0.0160224 486416 -0.116539 0.739332
0.004255 2007.39 0.032406 486428 -0.104852 0.819511
0.003055 2419.45 0.00387899 486416 -0.0893123 0.680666
0.002525 2410.07 0.00545876 486392 -0.0330147 0.683614
0.004915 632.391 0.186655 486399 -0.0397625 2.62399
0.003675 2327.15 0.00971761 486402 -0.0721079 0.707162
0.004035 2219.35 0.0164498 486421 -0.116133 0.741309
0.004265 1995.73 0.033269 486424 -0.0972513 0.824292
0.004725 895.76 0.147092 486434 -0.019153 1.84468
0.002535 2410.11 0.00543718 486392 -0.0327908 0.683599
0.004925 623.04 0.188091 486458 -0.0360863 2.66423
0.003065 2419.68 0.00384077 486414 -0.0924453 0.680593
0.003685 2324.96 0.00985367 486413 -0.0851658 0.707838
0.004045 2213.47 0.0168709 486423 -0.112003 0.743275
0.004275 1984.2 0.034118 486412 -0.08299 0.829068
0.002545 2410.14 0.00541527 486396 -0.0361027 0.683589
0.004735 877.359 0.149728 486434 -0.014047 1.88379
0.004935 615.154 0.189459 486419 -0.0258476 2.6987
0.003075 2419.9 0.00380227 486413 -0.095417 0.680522
0.003695 2322.78 0.00998729 486421 -0.0959692 0.708507
0.004055 2207.65 0.0172855 486416 -0.0990378 0.74522
0.004285 1972.77 0.0349533 486399 -0.0686495 0.833852
0.002555 2410.25 0.00539302 486417 -0.0427385 0.683581
0.004745 859.276 0.152306 486435 -0.0115213 1.92387
0.004945 607.657 0.190758 486430 -0.012933 2.73256
0.003085 2420.12 0.00376351 486413 -0.0980442 0.680454
0.003705 2320.62 0.0101184 486423 -0.10161 0.709164
0.004065 2201.88 0.0176937 486398 -0.0764404 0.747139
0.003095 2420.33 0.00372449 486412 -0.0994483 0.680387
0.004295 1957.39 0.0360575 485369 -0.0646858 0.838661
0.003715 2318.46 0.010247 486420 -0.102763 0.70981
0.004755 841.505 0.154824 486433 -0.0151898 1.96494
0.004075 2196.17 0.0180952 486378 -0.0531791 0.749045
0.003105 2420.54 0.00368524 486411 -0.0987298 0.680321
0.004955 600.482 0.191986 486433 -0.00177578 2.76572
0.004305 1937.26 0.0377558 486417 -0.0767899 0.849184
0.003725 2316.33 0.0103729 486416 -0.103465 0.710452
0.004085 2190.52 0.0184901 486370 -0.0435498 0.750961
0.004765 824.038 0.157283 486423 -0.0273673 2.00702
0.003115 2420.73 0.00364576 486409 -0.0961079 0.680255
0.004965 593.629 0.193145 486430 0.00626976 2.79812
0.003735 2314.2 0.0104961 486415 -0.106928 0.711096
0.004315 1913.08 0.039726 486428 -0.100149 0.859948
0.004095 2184.92 0.0188782 486383 -0.0546649 0.752899
0.004775 807.003 0.159682 486484 -0.0444455 2.05012
0.003125 2420.93 0.00360609 486408 -0.0930807 0.680193
0.003745 2312.1 0.0106166 486418 -0.112361 0.711741
0.004975 587.097 0.194232 486425 0.0110793 2.82969
0.004325 1888.97 0.0416819 486434 -0.121187 0.870944
0.004105 2179.38 0.0192594 486408 -0.0795558 0.754846
0.004785 791.693 0.162021 486397 -0.0581593 2.08988
0.003135 2421.11 0.00356624 486409 -0.0908653 0.680134
0.003755 2310.01 0.0107343 486419 -0.116693 0.712379
0.004985 580.927 0.195249 486452 0.0116083 2.86034
0.004335 1864.95 0.0436233 486435 -0.128709 0.882181
0.004115 2173.9 0.0196338 486431 -0.104203 0.756778
0.004795 776.82 0.164297 486400 -0.0594021 2.13041
0.003145 2421.29 0.00352622 486411 -0.0887886 0.680079
0.003765 2307.94 0.010849 486417 -0.118367 0.713009
0.004995 575.846 0.196194 486413 0.00659423 2.88578
0.004345 1841 0.0455497 486436 -0.122843 0.893673
0.004125 2165.66 0.0201904 485797 -0.120214 0.75868
0.003155 2421.47 0.0034861 486410 -0.0849438 0.680023
0.003775 2305.89 0.0109609 486414 -0.118365 0.713631
0.004135 2155.55 0.0210236 486447 -0.128312 0.763233
0.005005 571.13 0.197067 486406 -0.00370279 2.90997
0.003165 2421.17 0.00347973 486312 -0.0772546 0.679965
0.004355 1817.15 0.0474606 486436 -0.11221 0.905425
0.003785 2303.86 0.0110698 486411 -0.118293 0.714249
0.004145 2142.68 0.0220377 486436 -0.132576 0.767798
0.005015 566.737 0.197867 486401 -0.0160701 2.93286
0.003175 2420.76 0.00350381 486401 -0.0666127 0.680194
0.004365 1793.39 0.0493554 486434 -0.103756 0.917441
0.003795 2301.86 0.0111756 486411 -0.118661 0.714866
0.004155 2129.89 0.0230412 486426 -0.133797 0.772387
0.003185 2419.88 0.00356131 486393 -0.0553797 0.680423
0.005025 562.709 0.198595 486432 -0.0251765 2.9544
0.004375 1769.73 0.0512333 486432 -0.0976546 0.929727
0.003195 2419 0.00361822 486388 -0.0472956 0.680656
0.005035 559.812 0.19925 486404 -0.0277183 2.96983
0.003805 2299.87 0.0112784 486414 -0.118736 0.71548
0.004385 1746.18 0.0530935 486431 -0.0916325 0.942292
0.005045 557.276 0.199831 486414 -0.0224537 2.98369
0.003815 2297.91 0.0113781 486417 -0.116846 0.71609
0.004395 1722.76 0.054935 486430 -0.085942 0.955135
0.005055 555.062 0.20034 486423 -0.0119373 2.99591
0.003825 2295.97 0.0114746 486417 -0.110565 0.716689
0.004405 1699.47 0.0567569 486429 -0.0822935 0.968254
0.005065 553.166 0.200776 486429 0.000224115 3.00642
0.003835 2294.06 0.011568 486411 -0.0979425 0.717272
0.004415 1676.34 0.0585581 486427 -0.0806466 0.981652
0.005075 551.589 0.201138 486428 0.0107752 3.0152
0.004425 1653.38 0.0603373 486427 -0.0790612 0.99533
0.005085 550.328 0.201429 486422 0.0173763 3.02222
0.004435 1630.6 0.0620936 486431 -0.0761422 1.00929
0.005095 549.384 0.201646 486415 0.0185207 3.02748
0.004445 1608.02 0.0638257 486436 -0.0735684 1.02353
0.005105 548.754 0.201791 486407 0.0137729 3.03098
0.004455 1585.65 0.0655326 486437 -0.0761996 1.03802
0.005115 548.44 0.201863 486399 0.0045067 3.03271
0.004465 1563.52 0.0672134 486429 -0.0873279 1.05276
0.004475 1541.62 0.0688677 486416 -0.102381 1.06775
