5e-06 2262.57 0.000232798 326934 -0.0014816 0.49051
1.5e-05 2262.62 0.000232798 326942 -0.00426454 0.490511
2.5e-05 2262.68 0.000232798 326934 -0.00644444 0.490487
3.5e-05 2262.78 0.000232798 326935 -0.00775456 0.490464
4.5e-05 2262.88 0.000232798 326935 -0.00803814 0.490443
5.5e-05 2263.03 0.000232798 326944 -0.0074115 0.490423
6.5e-05 2263.19 0.000232797 326936 -0.00603505 0.490377
7.5e-05 2263.46 0.000232797 326945 -0.0041817 0.490331
8.5e-05 2263.74 0.000232797 326936 -0.00213079 0.490258
9.5e-05 2264.07 0.000232797 326936 -0.000255891 0.490185
0.000105 2264.46 0.000232796 326944 0.00110492 0.490113
0.000115 2264.86 0.000232796 326935 0.00162801 0.490012
0.000125 2265.32 0.000232796 326934 0.00111959 0.489912
0.000135 2265.77 0.000232795 326934 -0.000461515 0.489814
0.000145 2266.21 0.000232795 326934 -0.00292134 0.489718
0.000155 2266.64 0.000232794 326934 -0.00589374 0.489623
0.000165 2267.13 0.000232794 326942 -0.00892375 0.48953
0.000175 2267.62 0.000232793 326935 -0.0115626 0.489411
0.000185 2268.17 0.000232793 326935 -0.0134724 0.489293
0.000195 2268.7 0.000232792 326935 -0.0144611 0.489178
0.000205 2269.23 0.000232791 326935 -0.0144962 0.489063
0.000215 2269.75 0.00023279 326936 -0.0136648 0.488951
0.000225 2270.27 0.000232788 326936 -0.0121484 0.48884
0.000235 2270.77 0.000232787 326936 -0.0102032 0.488729
0.000245 2271.27 0.000232782 326936 -0.00814442 0.488621
0.000255 2271.76 0.000232782 326935 -0.00633035 0.488513
0.000325 2275.64 0.000234119 326935 -0.0162822 0.48767
0.000265 2272.25 0.000232806 326935 -0.00513491 0.488407
0.000275 2272.78 0.0002329 326942 -0.00486485 0.488302
0.000335 2276.2 0.000234387 326935 -0.0186998 0.487549
0.000285 2273.33 0.000233072 326934 -0.00570091 0.488172
0.000345 2276.76 0.000234656 326935 -0.0203235 0.48743
0.000295 2273.92 0.000233314 326934 -0.00759592 0.488044
0.000355 2277.3 0.000234925 326935 -0.0210328 0.487312
0.000305 2274.5 0.000233579 326934 -0.0102891 0.487917
0.000365 2277.84 0.000235195 326936 -0.0208395 0.487196
0.000315 2275.08 0.000233851 326934 -0.0133428 0.487793
0.000375 2278.37 0.000235466 326936 -0.0198524 0.487082
0.000385 2278.89 0.000235738 326936 -0.0182481 0.486969
0.000645 2294.48 0.000262874 326935 -0.0304036 0.483604
0.000965 2312.1 0.000318681 326936 -0.0438483 0.479821
0.000655 2295.06 0.000264216 326936 -0.0323696 0.483481
0.000395 2279.47 0.000236207 326944 -0.0162561 0.486857
0.001285 2327.6 0.000412709 326936 -0.0581429 0.476496
0.000665 2295.62 0.000265558 326936 -0.0335127 0.48336
0.000975 2312.67 0.000321234 326936 -0.0454205 0.4797
0.000405 2280.05 0.000236871 326936 -0.0141875 0.486718
0.001605 2339.27 0.000582671 326937 -0.0723242 0.473961
0.001295 2328.02 0.000416427 326937 -0.0592848 0.476405
0.000675 2296.18 0.0002669 326936 -0.0338272 0.48324
0.000985 2313.23 0.000323781 326936 -0.0462546 0.47958
0.000415 2280.68 0.000237731 326935 -0.0124252 0.486581
0.001615 2339.53 0.000588055 326938 -0.0732314 0.473903
0.001925 2344.98 0.000883686 326938 -0.0857866 0.472631
0.001305 2328.43 0.000420125 326937 -0.0598023 0.476316
0.000425 2281.3 0.000238592 326934 -0.0113783 0.486445
0.000995 2313.79 0.000326321 326937 -0.0463797 0.479461
0.000685 2296.73 0.000268243 326937 -0.033361 0.483123
0.001625 2339.79 0.000593351 326938 -0.0737574 0.473846
0.001315 2328.84 0.000423801 326938 -0.0597707 0.476229
0.001935 2345.05 0.000893168 326938 -0.0863888 0.47261
0.000435 2281.92 0.000239454 326934 -0.0113636 0.486311
0.001005 2314.33 0.000328854 326937 -0.0458074 0.479345
0.001635 2340.04 0.000598555 326939 -0.0738799 0.473791
0.000695 2297.27 0.000269585 326937 -0.0321847 0.483006
0.001325 2329.24 0.000427455 326938 -0.0591377 0.476143
0.000445 2282.53 0.000240317 326934 -0.0125073 0.48618
0.001945 2345.12 0.000902481 326938 -0.0871806 0.472592
0.001015 2314.87 0.000331379 326937 -0.044552 0.479229
0.000705 2297.81 0.000270927 326937 -0.030418 0.482891
0.001645 2340.28 0.000603667 326939 -0.0733924 0.473738
0.001335 2329.63 0.000431087 326938 -0.0577861 0.476059
0.000455 2283.13 0.00024118 326934 -0.0146869 0.48605
0.001025 2315.4 0.000333896 326937 -0.0426901 0.479115
0.001955 2345.18 0.000911636 326940 -0.0880085 0.472576
0.001655 2340.51 0.00060869 326939 -0.0720972 0.473686
0.000715 2298.33 0.000272269 326936 -0.0282879 0.482777
0.001345 2330.02 0.000434696 326938 -0.0557081 0.475975
0.000465 2283.72 0.000242045 326934 -0.0175537 0.485922
0.001035 2315.93 0.000336405 326936 -0.0404406 0.479002
0.001965 2345.23 0.000920644 326941 -0.0883058 0.472561
0.001665 2340.74 0.000613628 326939 -0.0699846 0.473634
0.000725 2298.85 0.00027361 326935 -0.026161 0.482664
0.001355 2330.39 0.000438282 326937 -0.0531826 0.475892
0.000475 2284.3 0.000242911 326934 -0.0206301 0.485797
0.001045 2316.44 0.000338906 326935 -0.0382248 0.47889
0.001675 2340.96 0.000618486 326937 -0.0673488 0.473582
0.000735 2299.36 0.000274952 326935 -0.0245103 0.482552
0.001975 2345.25 0.000934954 326937 -0.087424 0.472547
0.001365 2330.76 0.000441843 326935 -0.050812 0.47581
0.000485 2284.88 0.000243778 326935 -0.023442 0.485673
0.001055 2316.95 0.000341398 326934 -0.0366241 0.47878
0.001685 2341.17 0.000623274 326935 -0.0648256 0.473531
0.000745 2299.92 0.000276464 326942 -0.0237763 0.482443
0.001985 2345.26 0.000953777 326940 -0.0851333 0.472543
0.001375 2331.12 0.000445381 326934 -0.0493562 0.475729
0.001065 2317.45 0.000343882 326933 -0.0361934 0.478672
0.000495 2285.45 0.000244646 326935 -0.025629 0.48555
0.001695 2341.39 0.000630555 326936 -0.0632498 0.473482
0.002245 2341.47 0.00167838 326937 -0.0977692 0.473153
0.001995 2345.24 0.0009779 326937 -0.0818146 0.472539
0.000755 2300.49 0.000278139 326933 -0.0242552 0.482309
0.001385 2331.52 0.000449954 326939 -0.049407 0.475651
0.000505 2286.01 0.000245516 326935 -0.0269915 0.485429
0.001075 2317.94 0.000346356 326933 -0.0372094 0.478566
0.001705 2341.61 0.000639981 326933 -0.0633693 0.473428
0.002005 2345.2 0.00100189 326935 -0.0783309 0.472536
0.000765 2301.11 0.000279983 326934 -0.0259505 0.482177
0.002255 2341.07 0.00172675 326937 -0.0979895 0.473227
0.000515 2286.57 0.000246386 326936 -0.0274756 0.48531
0.001395 2331.91 0.000455434 326933 -0.0511312 0.475557
0.001085 2318.42 0.000348821 326934 -0.0395195 0.478463
0.001715 2341.84 0.000651901 326933 -0.0653896 0.473377
0.000775 2301.71 0.000281826 326934 -0.0285895 0.482047
0.002015 2345.17 0.00102575 326933 -0.0758678 0.472534
0.002265 2340.67 0.0017747 326938 -0.099528 0.473304
0.000525 2287.11 0.000247258 326936 -0.0271231 0.485193
0.001095 2318.9 0.000351277 326934 -0.0426015 0.478363
0.001725 2342.06 0.000663761 326935 -0.0688134 0.473329
0.001405 2332.34 0.000461941 326934 -0.0541378 0.475466
0.000785 2302.31 0.000283667 326935 -0.0316749 0.481919
0.002025 2345.12 0.0010495 326931 -0.0756144 0.472536
0.000535 2287.71 0.000248286 326945 -0.0260361 0.485077
0.002275 2340.27 0.0018222 326940 -0.101714 0.473383
0.001105 2319.36 0.000353723 326935 -0.0458004 0.478263
0.001735 2342.27 0.000675567 326936 -0.0726205 0.473283
0.001415 2332.76 0.000468411 326935 -0.0576838 0.475377
0.000545 2288.31 0.000249468 326936 -0.0243553 0.484935
0.002035 2345.07 0.00107314 326932 -0.078157 0.472542
0.000795 2302.9 0.000285507 326935 -0.0346732 0.481794
0.002285 2339.86 0.00186925 326942 -0.103158 0.473462
0.001115 2319.82 0.000356159 326936 -0.048584 0.478166
0.001745 2342.48 0.000687324 326937 -0.0758252 0.473237
0.001425 2333.18 0.000474844 326936 -0.0609831 0.475289
0.000555 2288.96 0.000250807 326936 -0.0222994 0.484794
0.002045 2345.01 0.00109667 326935 -0.0827543 0.472551
0.000805 2303.49 0.000287344 326936 -0.0371639 0.481669
0.001125 2320.27 0.000358584 326936 -0.0506709 0.478069
0.002295 2339.45 0.00191585 326942 -0.102579 0.47354
0.001755 2342.67 0.000699035 326938 -0.077955 0.473192
0.000565 2289.61 0.000252146 326936 -0.0201943 0.484654
0.001435 2333.58 0.000481239 326937 -0.0635445 0.475202
0.002055 2344.95 0.00112009 326937 -0.087519 0.472562
0.001135 2320.71 0.000361 326937 -0.0520043 0.477975
0.000815 2304.06 0.000289179 326936 -0.0389194 0.481546
0.001765 2342.87 0.000710697 326937 -0.0791824 0.473147
0.002305 2339.03 0.00196199 326940 -0.0994937 0.473617
0.000575 2290.24 0.000253486 326935 -0.0184733 0.484516
0.001445 2333.98 0.000487595 326937 -0.0652592 0.475117
0.002065 2344.88 0.00114339 326938 -0.0907017 0.472572
0.001145 2321.15 0.000363405 326937 -0.0526408 0.477882
0.000825 2304.63 0.000291012 326936 -0.0398804 0.481425
0.001775 2343.05 0.000722307 326938 -0.0799846 0.473105
0.002565 2327.33 0.0029728 326891 -0.11033 0.475786
0.002315 2338.61 0.00200765 326937 -0.0946663 0.473691
0.000585 2290.87 0.000254826 326934 -0.0175765 0.484379
0.001455 2334.37 0.00049391 326937 -0.066278 0.475033
0.002075 2344.8 0.00116657 326938 -0.0918966 0.472581
0.001155 2321.57 0.000365799 326937 -0.0526339 0.47779
0.000835 2305.18 0.000292843 326936 -0.0400713 0.481306
0.001785 2343.23 0.00073386 326938 -0.0806157 0.473064
0.002325 2338.19 0.00205284 326934 -0.0900579 0.473766
0.001465 2334.75 0.000500184 326938 -0.0667802 0.474951
0.000595 2291.5 0.000256167 326934 -0.0178144 0.484245
0.002575 2326.52 0.00304687 326938 -0.110066 0.476015
0.002085 2344.72 0.0011896 326937 -0.0920051 0.472592
0.001165 2321.99 0.000368182 326938 -0.0519774 0.477701
0.000845 2305.74 0.000294671 326937 -0.03953 0.481188
0.001795 2343.4 0.000745348 326939 -0.0809013 0.473026
0.002335 2337.77 0.00209755 326931 -0.0878843 0.473842
0.001475 2335.13 0.000506415 326938 -0.0668037 0.474871
0.000605 2292.11 0.000257507 326934 -0.0192536 0.484113
0.002095 2344.63 0.00121249 326937 -0.09228 0.472604
0.002585 2325.37 0.00314647 326939 -0.111087 0.476247
0.001175 2322.45 0.000371091 326945 -0.0506399 0.477612
0.000855 2306.28 0.000296496 326937 -0.0382982 0.481072
0.001805 2343.56 0.000756761 326940 -0.0804923 0.472988
0.002345 2337.34 0.00214177 326930 -0.0892421 0.473922
0.001485 2335.49 0.000512603 326939 -0.0662362 0.474792
0.000615 2292.71 0.000258849 326934 -0.021685 0.483983
0.002105 2344.53 0.00123521 326938 -0.0934016 0.472619
0.002595 2324.21 0.0032459 326942 -0.113002 0.476482
0.001185 2322.91 0.000374472 326938 -0.0486699 0.477502
0.000865 2306.81 0.000298318 326937 -0.0364727 0.480957
0.001815 2343.72 0.000768087 326940 -0.0792065 0.472951
0.002355 2336.91 0.00218549 326932 -0.0935201 0.474007
0.001495 2335.85 0.000518745 326939 -0.0649217 0.474714
0.000625 2293.31 0.00026019 326934 -0.0246847 0.483855
0.002115 2344.43 0.00125775 326940 -0.0950784 0.472636
0.002605 2323.05 0.00334542 326943 -0.114428 0.476719
0.001195 2323.42 0.000378374 326937 -0.0463119 0.477393
0.000875 2307.34 0.000300137 326936 -0.0342817 0.480843
0.001825 2343.87 0.000779316 326939 -0.0771157 0.472914
0.002365 2336.48 0.0022287 326936 -0.0988637 0.474094
0.001505 2336.2 0.000524841 326938 -0.0628183 0.474637
0.000635 2293.9 0.000261532 326935 -0.0277422 0.483729
0.002125 2344.32 0.0012801 326941 -0.096229 0.472654
0.002615 2321.87 0.00344514 326944 -0.114001 0.476955
0.000885 2307.86 0.000301954 326935 -0.0321229 0.48073
0.001205 2323.92 0.000382261 326935 -0.0440587 0.477284
0.001835 2344.01 0.000790435 326937 -0.0744955 0.472877
0.002375 2336.04 0.00227141 326939 -0.103052 0.474183
0.001515 2336.54 0.000530889 326937 -0.0601858 0.474561
0.002885 2280.22 0.00684326 326937 -0.120922 0.485532
0.001525 2336.88 0.000536886 326935 -0.0576852 0.474485
0.004805 382.03 0.231864 326939 0.0108597 2.96658
0.001535 2337.2 0.000542831 326934 -0.0561973 0.474412
0.001545 2337.52 0.00054872 326933 -0.0563855 0.474341
0.001555 2337.83 0.00055455 326933 -0.0583387 0.474273
0.002895 2277.69 0.007055 326936 -0.119143 0.486067
0.001565 2338.14 0.000560318 326934 -0.0615523 0.474208
0.001575 2338.43 0.000566019 326936 -0.0651881 0.474145
0.004815 381.838 0.231936 326937 0.0107857 2.96821
0.001585 2338.72 0.000571648 326937 -0.0684328 0.474082
0.001595 2339 0.0005772 326937 -0.070815 0.474021
0.002905 2275.17 0.0072644 326940 -0.121313 0.486607
0.003205 2165.21 0.0164439 326937 -0.145525 0.511237
0.002915 2272.67 0.00747134 326945 -0.125238 0.487145
0.002925 2270.2 0.00767569 326948 -0.126334 0.487676
0.004485 414.656 0.223762 326940 0.0188673 2.72236
0.002935 2267.75 0.00787732 326946 -0.123308 0.488196
0.004165 643.68 0.182314 326945 -0.0094755 1.73688
0.002945 2265.32 0.0080761 326942 -0.119118 0.488709
0.004175 630.69 0.184472 326949 -0.00252816 1.77327
0.002955 2262.92 0.00827191 326936 -0.116754 0.489215
0.003845 1348.55 0.0893278 326955 -0.0922495 0.822726
0.002965 2260.55 0.00846462 326930 -0.11601 0.489716
0.004185 618.022 0.186568 326953 0.00329623 1.81025
0.003525 1923.51 0.0370237 326955 -0.122994 0.57567
0.002975 2258.21 0.00865416 326928 -0.115119 0.490217
0.003215 2160.46 0.0168415 326944 -0.15037 0.512371
0.001215 2324.4 0.00038613 326934 -0.0425793 0.477178
0.004195 605.67 0.188603 326954 0.00600875 1.8478
0.002985 2255.9 0.00884046 326931 -0.114304 0.490721
0.003535 1914.75 0.0377706 326950 -0.107768 0.578309
0.004205 593.624 0.190578 326951 0.00497031 1.88593
0.001225 2324.88 0.000389983 326933 -0.0424745 0.477074
0.002995 2253.61 0.0090235 326937 -0.115679 0.491225
0.003545 1906.15 0.0385039 326943 -0.0964855 0.580923
0.004495 412.098 0.224317 326941 0.0200493 2.73984
0.002135 2344.2 0.00130224 326941 -0.0956451 0.472671
0.004215 581.876 0.192492 326946 0.00152608 1.92463
0.001235 2325.36 0.000393817 326933 -0.0439713 0.476972
0.003005 2251.36 0.00920331 326942 -0.11965 0.491721
0.003555 1897.7 0.0392237 326939 -0.0923498 0.583518
0.003225 2155.75 0.0172344 326949 -0.142878 0.513497
0.004225 570.465 0.194346 326970 -0.00139245 1.96395
0.001245 2325.82 0.000397634 326934 -0.0467729 0.476873
0.003015 2249.13 0.00937998 326944 -0.123816 0.492207
0.003565 1889.41 0.0399305 326939 -0.0972382 0.5861
0.002625 2320.69 0.00354504 326942 -0.110665 0.47719
0.004235 560.327 0.19614 326939 -0.00185062 1.99998
0.001255 2326.28 0.000401432 326935 -0.0502026 0.476777
0.003025 2246.93 0.00955363 326942 -0.126386 0.492684
0.003575 1881.26 0.040625 326943 -0.107505 0.588665
0.003855 1320.34 0.0926423 326950 -0.096712 0.840397
0.004505 409.647 0.224841 326946 0.0188769 2.75685
0.003235 2151.1 0.0176226 326949 -0.129519 0.514609
0.004245 550.535 0.197873 326940 0.00159309 2.03626
0.001265 2326.72 0.00040521 326936 -0.0535285 0.476682
0.003035 2244.76 0.00972444 326941 -0.128538 0.493156
0.000895 2308.37 0.000303766 326934 -0.0305105 0.480619
0.003585 1873.25 0.041308 326948 -0.116672 0.591212
0.004255 541.025 0.199546 326945 0.00717692 2.07278
0.001275 2327.16 0.00040897 326936 -0.0562402 0.476588
0.003045 2242.61 0.00989265 326941 -0.13184 0.493627
0.001845 2344.15 0.00080143 326935 -0.071878 0.472841
0.003865 1292.29 0.0959401 326950 -0.0940248 0.858757
0.002385 2335.6 0.0023136 326940 -0.104583 0.474267
0.004515 407.566 0.225337 326937 0.0170983 2.77141
0.003245 2146.49 0.0180059 326945 -0.120137 0.515707
0.003595 1861.26 0.042268 326221 -0.121557 0.593737
0.003605 1844.3 0.0438526 326961 -0.124233 0.600556
0.004825 381.647 0.232004 326937 0.0107678 2.96984
0.003615 1823.28 0.0457192 326958 -0.128382 0.607498
0.003625 1802.33 0.0475778 326952 -0.134639 0.614573
0.003635 1781.46 0.0494291 326946 -0.138943 0.621793
0.004835 381.454 0.232067 326938 0.010523 2.97149
0.002145 2344.08 0.00132418 326940 -0.0928428 0.472688
0.003645 1760.64 0.0512734 326947 -0.1372 0.629173
0.004845 381.258 0.232126 326937 0.00998548 2.97315
0.003655 1739.9 0.053111 326953 -0.128849 0.636719
0.004855 381.059 0.23218 326939 0.00930347 2.97484
0.003665 1719.21 0.0549418 326958 -0.114471 0.64442
0.002155 2343.96 0.00134589 326937 -0.0885398 0.472704
0.004865 380.94 0.232231 326937 0.00877025 2.97587
0.003675 1698.6 0.0567657 326954 -0.0946963 0.652267
0.002165 2343.82 0.00136737 326934 -0.0843637 0.472721
0.004875 380.818 0.232278 326937 0.00847497 2.97693
0.004265 531.784 0.20116 326948 0.0122038 2.10953
0.003685 1678.06 0.0585821 326944 -0.0748391 0.660268
0.002175 2343.69 0.00138861 326932 -0.0820425 0.472739
0.004885 380.69 0.232322 326937 0.00834118 2.97804
0.003055 2239.17 0.0101502 326750 -0.135506 0.494099
0.002185 2343.54 0.0014096 326931 -0.0825683 0.472761
0.003695 1657.61 0.0603903 326939 -0.0665756 0.668443
0.004895 380.555 0.232363 326937 0.00819146 2.9792
0.002195 2343.29 0.00144081 326918 -0.0859974 0.472788
0.003065 2235.28 0.0105047 326949 -0.136439 0.495252
0.003705 1637.25 0.0621894 326941 -0.0792682 0.6768
0.004905 380.415 0.2324 326939 0.00783138 2.9804
0.002205 2343.02 0.00148072 326936 -0.090952 0.472862
0.004275 522.801 0.202717 326949 0.0144165 2.1465
0.003075 2230.1 0.0109484 326950 -0.133215 0.496401
0.001855 2344.27 0.00081229 326933 -0.0701025 0.472806
0.003715 1617 0.0639784 326942 -0.10828 0.685322
0.002215 2342.64 0.00153074 326938 -0.0955 0.472937
0.004915 380.348 0.232435 326937 0.0073228 2.981
0.003085 2224.95 0.011389 326948 -0.127277 0.497545
0.004285 514.098 0.204216 326969 0.0132312 2.1837
0.002225 2342.25 0.00158037 326939 -0.0979551 0.47301
0.003725 1596.87 0.0657559 326939 -0.134397 0.694001
0.003095 2219.82 0.0118267 326943 -0.121974 0.498686
0.004925 380.276 0.232467 326937 0.00678812 2.98165
0.004295 506.465 0.205658 326942 0.00985712 2.21716
0.002235 2341.86 0.00162958 326938 -0.0982725 0.473081
0.003735 1576.88 0.0675209 326940 -0.139739 0.702849
0.003105 2214.72 0.0122616 326939 -0.119035 0.499825
0.004935 380.195 0.232497 326937 0.00634778 2.98236
0.002395 2335.16 0.00235526 326938 -0.103735 0.474349
0.004945 380.105 0.232524 326937 0.00606094 2.98314
0.002635 2319.51 0.00364497 326938 -0.104431 0.477423
0.004955 380.006 0.23255 326939 0.00583057 2.98399
0.002645 2318.31 0.00374474 326932 -0.0975933 0.477656
0.004965 379.973 0.232573 326937 0.00551251 2.9843
0.002405 2334.72 0.0023964 326937 -0.102519 0.474431
0.004975 379.93 0.232594 326937 0.00511167 2.9847
0.002655 2317.11 0.00384412 326929 -0.094059 0.477892
0.002415 2334.27 0.00243699 326937 -0.102897 0.474516
0.003875 1264.4 0.09922 326955 -0.0860302 0.877836
0.004985 379.874 0.232613 326937 0.00464886 2.98519
0.002665 2315.92 0.0039429 326930 -0.0960846 0.478136
0.002425 2333.82 0.00247705 326939 -0.105057 0.474605
0.004995 379.805 0.232631 326939 0.00420855 2.98579
0.002675 2314.72 0.00404091 326934 -0.10217 0.478384
0.002435 2333.37 0.00251655 326941 -0.107619 0.474694
0.005005 379.8 0.232646 326937 0.00387268 2.98586
0.002685 2313.53 0.00413801 326939 -0.10896 0.478634
0.002445 2332.92 0.00255547 326943 -0.109023 0.474783
0.003885 1236.68 0.102481 326959 -0.0775491 0.897656
0.005015 379.784 0.232661 326937 0.00358907 2.98603
0.002695 2312.34 0.00423413 326942 -0.114342 0.47888
0.002455 2332.46 0.00259378 326943 -0.108241 0.474871
0.004525 405.584 0.225805 326936 0.015981 2.78547
0.005025 379.754 0.232674 326937 0.00333704 2.9863
0.003895 1209.13 0.105721 326966 -0.0717922 0.918263
0.002705 2311.15 0.0043292 326942 -0.117834 0.479121
0.002465 2332.01 0.00263144 326941 -0.104855 0.474955
0.005035 379.711 0.232685 326938 0.00306659 2.98667
0.002715 2309.97 0.00442321 326939 -0.119218 0.479358
0.003905 1181.78 0.10894 326965 -0.0636805 0.939667
0.002475 2331.56 0.00266836 326938 -0.0994869 0.475037
0.005045 379.658 0.232695 326939 0.00270223 2.98714
0.002725 2308.79 0.00451612 326937 -0.118566 0.479594
0.003915 1154.61 0.112135 326966 -0.059799 0.961942
0.002485 2331.1 0.00270443 326933 -0.0941622 0.475118
0.004535 403.687 0.226247 326936 0.0162824 2.79909
0.005055 379.667 0.232703 326937 0.0023134 2.98707
0.002735 2307.62 0.00460794 326937 -0.117295 0.479833
0.003925 1127.64 0.115305 326961 -0.0637446 0.985106
0.002495 2330.65 0.0027395 326930 -0.0914702 0.4752
0.003255 2141.94 0.0183842 326940 -0.117418 0.516798
0.004545 401.868 0.226663 326938 0.0176342 2.81228
0.005065 379.665 0.232711 326937 0.0019297 2.98711
0.002745 2306.45 0.00469866 326939 -0.117481 0.480075
0.003935 1100.88 0.118449 326952 -0.0730537 1.00922
0.002505 2330.21 0.00277338 326930 -0.0928577 0.475285
0.004555 400.126 0.227056 326944 0.0188973 2.82507
0.002755 2305.29 0.00478826 326943 -0.119458 0.480318
0.005075 379.65 0.232717 326938 0.00156364 2.98724
0.003945 1074.32 0.121565 326947 -0.0768097 1.03435
0.002515 2329.77 0.00280592 326933 -0.0976165 0.475374
0.004565 398.667 0.227426 326939 0.0190562 2.83584
0.002765 2304.13 0.00487676 326945 -0.121095 0.480558
0.005085 379.623 0.232721 326938 0.00124205 2.98747
0.003955 1047.97 0.124651 326950 -0.0701668 1.06058
0.002525 2329.33 0.00283696 326937 -0.10351 0.475463
0.003265 2137.44 0.0187574 326937 -0.117204 0.517882
0.000905 2308.87 0.000305576 326934 -0.0299283 0.48051
0.004575 397.277 0.227775 326938 0.0180627 2.8462
0.002775 2302.98 0.00496414 326945 -0.120081 0.480793
0.005095 379.585 0.232725 326939 0.000901402 2.9878
0.003965 1022.17 0.127718 327059 -0.0600508 1.08793
0.002535 2328.91 0.00286645 326941 -0.108279 0.47555
0.003275 2132.99 0.0191254 326933 -0.115043 0.518956
0.004305 499.116 0.207045 326938 0.0072413 2.25051
0.004585 395.947 0.228103 326937 0.0166508 2.8562
0.002785 2301.83 0.00505041 326942 -0.116274 0.481024
0.005105 379.609 0.232727 326938 0.000551711 2.9876
0.002545 2328.49 0.00289445 326942 -0.110748 0.475632
0.003975 998.807 0.130877 326954 -0.0546435 1.11326
0.003285 2128.6 0.0194883 326929 -0.110589 0.520023
0.001865 2344.4 0.000823003 326932 -0.0700705 0.472775
0.004595 394.669 0.228411 326936 0.01581 2.86586
0.002795 2300.69 0.00513556 326938 -0.111466 0.481252
0.005115 379.621 0.232728 326938 0.000186478 2.9875
0.004315 492.006 0.208375 326937 0.0073235 2.28376
0.000915 2309.37 0.000307382 326933 -0.0306518 0.480403
0.002555 2328.08 0.00292115 326941 -0.111079 0.47571
0.003295 2124.26 0.0198459 326929 -0.107618 0.521086
0.003985 976.071 0.134009 326955 -0.0499231 1.13945
0.004605 393.445 0.228701 326940 0.0160431 2.87523
0.003745 1557.04 0.0692721 326947 -0.126055 0.711872
0.003115 2209.64 0.0126938 326934 -0.117454 0.500965
0.004615 392.438 0.228974 326938 0.0168856 2.88298
0.002805 2299.56 0.00521959 326934 -0.107634 0.481479
0.003755 1537.37 0.0710083 326954 -0.111482 0.721052
0.001875 2344.51 0.000833557 326933 -0.0721837 0.472748
0.004625 391.477 0.22923 326939 0.0175667 2.89043
0.003125 2204.58 0.0131233 326930 -0.115254 0.502106
0.002815 2297.76 0.00535131 326834 -0.105971 0.481708
0.003765 1517.88 0.0727282 326954 -0.107429 0.73037
0.004325 485.125 0.209653 326939 0.0103813 2.3169
0.004635 390.555 0.229471 326939 0.0174289 2.89762
0.002825 2295.79 0.00552824 326933 -0.107015 0.48226
0.001885 2344.62 0.000843943 326935 -0.0759061 0.472723
0.003775 1498.58 0.074431 326952 -0.10778 0.739831
0.003135 2199.55 0.01355 326929 -0.11276 0.50325
0.000925 2309.85 0.000309184 326934 -0.032623 0.480298
0.004645 389.668 0.229696 326938 0.016493 2.90457
0.004335 478.462 0.210877 326943 0.0147479 2.34992
0.003305 2119.98 0.0201982 326935 -0.110562 0.522149
0.002835 2293.16 0.00575238 326936 -0.110341 0.482814
0.003785 1479.49 0.0761155 326954 -0.102866 0.749447
0.001895 2344.72 0.000854153 326937 -0.0799619 0.472699
0.003145 2194.55 0.0139738 326932 -0.113267 0.504401
0.004655 388.814 0.229908 326940 0.0153764 2.9113
0.004345 472.032 0.21205 326961 0.0179557 2.38281
0.000935 2310.39 0.000311248 326942 -0.0354712 0.480196
0.003995 953.63 0.1371 326958 -0.0428388 1.16655
0.002845 2290.54 0.00597461 326940 -0.115163 0.483366
0.003795 1460.62 0.0777809 326958 -0.0926709 0.759212
0.003315 2115.76 0.0205452 326944 -0.120381 0.523207
0.001905 2344.81 0.000864181 326938 -0.083125 0.472676
0.004665 388.13 0.230107 326936 0.0147861 2.91672
0.004355 466.431 0.213172 326945 0.0181943 2.41203
0.003155 2189.57 0.0143944 326939 -0.118417 0.505557
0.000945 2310.93 0.000313554 326935 -0.0386234 0.48007
0.002855 2287.94 0.00619487 326942 -0.120284 0.483916
0.004005 931.482 0.140149 326962 -0.0348571 1.19459
0.003805 1441.97 0.0794264 326962 -0.0830225 0.769113
0.003325 2111.6 0.0208869 326951 -0.133837 0.524253
0.004675 387.475 0.230293 326937 0.0149086 2.92196
0.001915 2344.9 0.000874025 326938 -0.0849381 0.472653
0.004365 461.062 0.214245 326942 0.0160557 2.44082
0.000955 2311.52 0.000316121 326935 -0.0415385 0.479945
0.002865 2285.35 0.00641311 326943 -0.12382 0.48446
0.003165 2184.63 0.0148118 326946 -0.124202 0.50671
0.003815 1423.55 0.0810516 326963 -0.0780749 0.779142
0.004015 909.625 0.143156 326964 -0.0301128 1.2236
0.003335 2107.49 0.0212233 326952 -0.146355 0.525279
0.004685 386.843 0.230468 326938 0.0153923 2.92703
0.004025 888.056 0.146118 326961 -0.0308987 1.25363
0.004375 455.892 0.21527 326938 0.0133092 2.46919
0.003345 2100.85 0.021733 326539 -0.154453 0.526289
0.002875 2282.78 0.00662926 326941 -0.123801 0.484998
0.004695 386.231 0.230631 326938 0.0156352 2.93196
0.004035 866.773 0.149036 326954 -0.0356919 1.28473
0.004385 450.911 0.216248 326936 0.0121134 2.49717
0.003355 2092.62 0.0224926 326951 -0.156201 0.529016
0.003175 2179.71 0.0152257 326946 -0.126075 0.50785
0.003825 1403.35 0.0829157 326479 -0.0795092 0.789293
0.004705 385.639 0.230785 326941 0.015228 2.93675
0.003185 2174.84 0.0156358 326940 -0.127113 0.508978
0.003835 1376.91 0.0859977 326962 -0.0847138 0.805706
0.004045 845.771 0.151909 326948 -0.0400396 1.31696
0.004715 385.181 0.230928 326937 0.0143663 2.94047
0.003195 2170 0.016042 326935 -0.134176 0.510105
0.003365 2081.85 0.0234245 326951 -0.150828 0.531755
0.004395 446.109 0.217181 326937 0.0134517 2.52476
0.004055 825.046 0.154735 326946 -0.0399308 1.35041
0.003375 2071.17 0.0243485 326951 -0.139192 0.534503
0.004725 384.741 0.231062 326937 0.0134938 2.94408
0.004405 441.49 0.21807 326951 0.0165532 2.55198
0.003385 2060.56 0.0252643 326949 -0.124574 0.537255
0.004065 804.785 0.157513 327022 -0.0346712 1.38513
0.004735 384.312 0.231188 326937 0.0130354 2.9476
0.004415 437.479 0.218916 326942 0.0192071 2.576
0.003395 2050.05 0.0261717 326945 -0.112797 0.540008
0.004075 786.746 0.160245 326949 -0.0284697 1.41698
0.004745 383.892 0.231305 326937 0.0130649 2.95104
0.004425 433.643 0.219721 326943 0.0199782 2.59947
0.003405 2039.62 0.0270704 326941 -0.108907 0.542768
0.004085 769.22 0.162922 326953 -0.0210695 1.44972
0.004755 383.482 0.231415 326940 0.0132624 2.95444
0.004435 429.959 0.220486 326941 0.0185673 2.62239
0.003415 2029.29 0.0279601 326941 -0.11114 0.545536
0.004095 752.016 0.165545 326957 -0.0142059 1.48335
0.004765 383.182 0.231517 326938 0.0131755 2.95693
0.004445 426.418 0.221213 326938 0.0162489 2.6448
0.003425 2019.06 0.0288404 326939 -0.110671 0.548303
0.004105 735.129 0.168112 326959 -0.00936447 1.51791
0.004775 382.89 0.231613 326938 0.0126764 2.95938
0.004455 423.02 0.221902 326944 0.0149467 2.66674
0.003435 2008.93 0.0297108 326933 -0.102325 0.551063
0.004115 718.553 0.170623 326958 -0.00830672 1.5534
0.004785 382.601 0.231702 326937 0.0119013 2.9618
0.004465 420.104 0.222556 326936 0.0148851 2.68581
0.003445 1998.92 0.030571 326929 -0.0934562 0.553825
0.004125 702.285 0.173077 326953 -0.0111172 1.58987
0.004795 382.314 0.231786 326937 0.0112027 2.96419
0.004475 417.322 0.223175 326943 0.0187478 2.70439
0.003455 1989.02 0.0314205 326935 -0.0965449 0.5566
0.004135 686.319 0.175475 326947 -0.0151514 1.62736
0.003465 1979.24 0.0322586 326947 -0.115043 0.559379
0.004145 670.754 0.177815 326993 -0.0166357 1.6659
0.003475 1969.6 0.033085 326952 -0.140731 0.562136
0.004155 656.998 0.180095 326942 -0.0150538 1.70108
0.003485 1960.09 0.0338991 326946 -0.161345 0.564864
0.003495 1950.72 0.0347003 326941 -0.167763 0.567578
0.003505 1941.5 0.0354884 326944 -0.158679 0.570292
0.003515 1932.43 0.0362629 326952 -0.141027 0.572996
