0.007365 371.978 0.232875 264988 0.00992899 2.4717
0.007375 371.914 0.232878 264988 0.00962912 2.47213
0.007385 371.843 0.232881 264988 0.00930105 2.47261
0.007395 371.841 0.232884 264988 0.00898291 2.47264
0.007405 371.832 0.232887 264988 0.00866715 2.47271
0.007415 371.816 0.232889 264988 0.00835679 2.47282
0.007425 371.792 0.232892 264988 0.00804332 2.47299
0.007435 371.76 0.232894 264988 0.00772945 2.47321
0.007445 371.721 0.232896 264988 0.00741457 2.47348
0.007455 371.674 0.232897 264988 0.00711461 2.4738
0.007465 371.619 0.232899 264988 0.00678585 2.47417
0.007475 371.634 0.2329 264988 0.00647068 2.47408
0.007485 371.641 0.232902 264988 0.00616167 2.47403
0.007495 371.642 0.232903 264988 0.00584823 2.47403
0.007505 371.636 0.232904 264988 0.00552811 2.47408
0.007515 371.623 0.232905 264988 0.00522347 2.47417
0.007525 371.604 0.232906 264988 0.00491401 2.4743
0.007535 371.578 0.232907 264988 0.00460239 2.47447
0.007545 371.546 0.232908 264988 0.00430302 2.47469
0.007555 371.505 0.232908 264988 0.00397367 2.47496
0.007565 371.533 0.232909 264988 0.00364677 2.47478
0.007575 371.552 0.23291 264988 0.00334614 2.47466
0.007585 371.561 0.23291 264988 0.00301909 2.4746
0.007595 371.562 0.232911 264988 0.00269766 2.47459
0.007605 371.553 0.232911 264988 0.00236878 2.47465
5e-06 778.359 0.208693 264988 0.0368302 1.1699
0.007615 371.536 0.232911 264988 0.00205601 2.47477
0.007625 371.509 0.232912 264988 0.00175244 2.47495
1.5e-05 778.414 0.208689 264988 0.0368289 1.16982
0.007635 371.474 0.232912 264988 0.00142327 2.47519
2.5e-05 778.525 0.20868 264988 0.036832 1.16965
0.007645 371.506 0.232912 264988 0.00109479 2.47497
3.5e-05 778.693 0.208667 264988 0.0368385 1.16939
0.007655 371.53 0.232912 264988 0.000792827 2.47481
4.5e-05 778.917 0.208649 264988 0.0368484 1.16906
0.007665 371.547 0.232912 264988 0.000483189 2.4747
5.5e-05 779.199 0.208627 264988 0.0368616 1.16863
0.007675 371.555 0.232912 264988 0.000158037 2.47465
6.5e-05 779.538 0.2086 264988 0.036878 1.16812
0.004805 2202.88 0.0602551 264988 -0.108639 0.411343
0.002565 1950.6 0.101518 264988 0.00965118 0.465782
7.5e-05 779.936 0.208568 264988 0.0368972 1.16752
0.002575 1955.39 0.101049 264988 0.00924062 0.46464
8.5e-05 780.392 0.208532 264988 0.0369189 1.16683
0.004815 2200.05 0.0604197 264988 -0.109241 0.41186
0.002585 1960.17 0.100581 264988 0.00882816 0.463508
9.5e-05 780.907 0.208491 264988 0.0369429 1.16606
0.004825 2197.18 0.0605869 264988 -0.109843 0.412384
0.002595 1964.93 0.100115 264988 0.00841385 0.462386
0.000105 781.481 0.208445 264988 0.0369689 1.1652
0.002245 1787.36 0.117482 264988 0.0216574 0.508303
0.004835 2194.29 0.0607568 264988 -0.110444 0.412915
0.002605 1969.66 0.0996505 264988 0.00799772 0.461274
0.000115 782.115 0.208395 264988 0.0369968 1.16425
0.004845 2191.36 0.0609292 264988 -0.111043 0.413453
0.002615 1974.38 0.0991885 264988 0.00757978 0.460172
0.000125 782.808 0.20834 264988 0.0370266 1.16321
0.004855 2188.4 0.0611042 264988 -0.11164 0.413998
0.002625 1979.08 0.0987284 264988 0.00716008 0.45908
0.000135 783.562 0.20828 264988 0.0370583 1.16208
0.002885 2093.44 0.0875029 264988 -0.00429747 0.433995
0.002255 1792.73 0.116958 264988 0.0213181 0.506781
0.004865 2185.42 0.0612815 264988 -0.112235 0.41455
0.002635 1983.76 0.0982703 264988 0.00673864 0.457997
0.000145 784.377 0.208215 264988 0.0370921 1.16087
0.005125 2087.39 0.0664579 264988 -0.126193 0.43363
0.002265 1798.08 0.116437 264988 0.0209763 0.505273
0.004875 2182.4 0.0614613 264988 -0.112826 0.415109
0.002645 1988.42 0.0978142 264988 0.00631549 0.456925
0.000155 785.252 0.208145 264988 0.037128 1.15957
0.007045 375.29 0.232417 264988 0.0196061 2.44883
0.001925 1608.08 0.134828 264988 0.031181 0.564973
0.002275 1803.42 0.115916 264988 0.0206322 0.503778
0.005135 2081.02 0.0666654 264988 -0.126546 0.434941
0.004885 2179.36 0.0616433 264988 -0.113413 0.415675
0.002655 1993.05 0.0973602 264988 0.00589067 0.455862
0.000165 786.189 0.208071 264988 0.037166 1.15818
0.002895 2097.46 0.0871007 264987 -0.00476199 0.433162
0.001605 1418.59 0.152776 264988 0.0379238 0.640511
0.007055 375.12 0.232452 264988 0.0193225 2.45
0.002285 1808.74 0.115397 264988 0.0202856 0.502297
0.001935 1613.87 0.134272 264988 0.030924 0.562944
0.005145 2074.64 0.0668725 264988 -0.126874 0.436264
0.004895 2176.28 0.0618276 264988 -0.113996 0.416249
0.002665 1997.67 0.0969081 264988 0.00546421 0.454808
0.000175 787.187 0.207991 264988 0.0372063 1.1567
0.002905 2101.34 0.0867009 264988 -0.00522712 0.432363
0.007065 374.952 0.232484 264988 0.0190382 2.45117
0.002295 1814.04 0.11488 264988 0.0199367 0.500829
0.001945 1619.66 0.133717 264988 0.0306642 0.560933
0.005155 2068.24 0.067079 264988 -0.127175 0.437598
0.004905 2173.18 0.062014 264988 -0.114575 0.416829
0.002675 2002.27 0.0964582 264988 0.00503614 0.453763
0.000185 788.247 0.207906 264988 0.0372487 1.15513
0.001615 1424.59 0.152215 264988 0.037758 0.637811
0.002915 2105.19 0.0863033 264988 -0.0056946 0.431572
0.007075 374.785 0.232514 264988 0.0187533 2.45232
0.002305 1819.33 0.114363 264988 0.0195853 0.499374
0.001955 1625.43 0.133162 264988 0.0304018 0.558941
0.005165 2061.83 0.0672846 264988 -0.127446 0.438944
0.004915 2170.05 0.0622024 264988 -0.115148 0.417417
0.002685 2006.85 0.0960103 264988 0.00460648 0.452728
0.000195 789.368 0.207817 264988 0.0372933 1.15348
0.002925 2109.01 0.085908 264988 -0.00616427 0.430788
0.001625 1430.59 0.151655 264988 0.0375892 0.635135
0.007085 374.619 0.232542 264988 0.0184676 2.45346
0.002315 1824.6 0.113849 264988 0.0192316 0.497932
0.001965 1631.19 0.132608 264988 0.0301367 0.556966
0.000325 809.644 0.20619 264988 0.0380445 1.12443
0.005175 2055.41 0.0674892 264988 -0.127682 0.440301
0.003205 2204.62 0.075797 264988 -0.0199966 0.412064
0.004925 2166.89 0.0623928 264988 -0.115717 0.418011
0.002695 2011.41 0.0955645 264988 0.00417528 0.451703
0.000205 790.552 0.207722 264988 0.0373401 1.15175
0.002935 2112.82 0.085515 264988 -0.00663591 0.43001
0.001635 1436.58 0.151094 264988 0.0374175 0.632482
0.007095 374.454 0.232569 264988 0.0181805 2.4546
0.002325 1829.86 0.113336 264988 0.0188755 0.496503
0.001975 1636.94 0.132055 264988 0.0298689 0.555008
0.005185 2048.98 0.0676928 264988 -0.127881 0.441667
0.004935 2163.7 0.0625851 264988 -0.11628 0.418613
0.002705 2015.94 0.0951207 264988 0.00374255 0.450686
0.003215 2207.63 0.075471 264988 -0.0205113 0.4115
0.000215 791.798 0.207623 264988 0.0373888 1.14992
0.002945 2116.61 0.0851243 264988 -0.0071095 0.42924
0.001645 1442.57 0.150532 264988 0.0372428 0.629852
0.007105 374.289 0.232593 264988 0.0178915 2.45574
0.002335 1835.09 0.112824 264988 0.018517 0.495087
0.001985 1642.68 0.131503 264988 0.0295984 0.553069
0.005195 2042.54 0.067895 264988 -0.12804 0.443044
0.000335 811.644 0.206028 264988 0.0381136 1.12165
0.004945 2160.49 0.0627792 264988 -0.116838 0.419222
0.002715 2020.46 0.0946791 264988 0.00330834 0.449678
0.003525 2282.28 0.0666228 264988 -0.0369464 0.397948
0.003225 2210.61 0.0751475 264988 -0.0210273 0.410942
0.000225 793.106 0.207518 264988 0.0374395 1.14801
0.002955 2120.37 0.084736 264988 -0.00758501 0.428477
0.001655 1448.56 0.149971 264988 0.0370651 0.627245
0.001285 1227.94 0.170289 264988 0.0416363 0.740176
0.007115 374.123 0.232616 264988 0.0176003 2.45687
0.002345 1840.31 0.112314 264988 0.0181561 0.493683
0.001995 1648.41 0.130951 264988 0.0293253 0.551146
0.005205 2036.11 0.0680957 264988 -0.128157 0.444429
0.004955 2157.24 0.062975 264988 -0.117392 0.419838
0.000345 813.707 0.205862 264988 0.038184 1.11879
0.002725 2024.96 0.0942396 264988 0.00287268 0.44868
0.003235 2213.58 0.0748265 264988 -0.0215446 0.410389
0.000235 794.477 0.207408 264988 0.0374922 1.14602
0.002965 2124.12 0.0843499 264988 -0.00806241 0.42772
0.001665 1454.54 0.149409 264988 0.0368845 0.624661
0.007125 373.955 0.232638 264988 0.0173065 2.45802
0.002355 1845.51 0.111806 264988 0.017793 0.492292
0.002005 1654.13 0.1304 264988 0.0290495 0.549241
0.001295 1233.79 0.16976 264988 0.0415673 0.736655
0.005215 2029.68 0.0682947 264988 -0.12823 0.445822
0.004965 2153.97 0.0631723 264988 -0.117941 0.420461
0.000355 815.833 0.20569 264988 0.0382557 1.11586
0.002735 2029.43 0.0938022 264988 0.00243558 0.44769
0.003245 2216.52 0.0745079 264988 -0.0220631 0.409842
0.000965 1049.92 0.18604 264988 0.0423134 0.866095
0.003535 2283.93 0.0663788 264988 -0.0374857 0.397657
0.000645 903.7 0.198475 264988 0.0405761 1.00685
0.000245 795.91 0.207293 264988 0.0375467 1.14395
0.002975 2127.84 0.0839661 264988 -0.00854167 0.426971
0.001675 1460.52 0.148847 264988 0.036701 0.6221
0.003845 2316.37 0.0601608 264988 -0.0544144 0.39195
0.007135 373.786 0.232658 264988 0.0170148 2.45918
0.004485 2274.82 0.0566719 264988 -0.0900008 0.398678
0.002365 1850.7 0.111299 264988 0.0174275 0.490913
0.002015 1659.83 0.12985 264988 0.028771 0.547353
0.001305 1239.65 0.169231 264988 0.0414953 0.733162
0.005225 2023.26 0.0684919 264988 -0.128256 0.447221
0.004975 2150.68 0.0633712 264988 -0.118488 0.42109
0.000365 818.022 0.205513 264988 0.0383286 1.11285
0.002745 2033.89 0.0933669 264988 0.00199709 0.446709
0.003255 2219.44 0.0741919 264988 -0.022583 0.4093
0.003545 2285.55 0.0661373 264988 -0.0380256 0.39737
0.000255 797.406 0.207174 264988 0.037603 1.14179
0.002985 2131.55 0.0835847 264988 -0.00902276 0.426228
0.000655 907.574 0.198152 264988 0.0406534 1.00253
0.001685 1466.5 0.148284 264988 0.0365145 0.619562
0.007145 373.614 0.232677 264988 0.0167126 2.46035
0.003855 2316.94 0.0600054 264986 -0.0549679 0.391847
0.000975 1055.11 0.18559 264988 0.0423343 0.861818
0.002375 1855.87 0.110793 264988 0.0170596 0.489547
0.002025 1665.52 0.129301 264988 0.02849 0.545482
0.004495 2273.25 0.0567301 264988 -0.0905739 0.398945
0.001315 1245.53 0.168699 264988 0.0414202 0.729695
0.005235 2016.86 0.0686871 264988 -0.128236 0.448627
0.004985 2147.35 0.0635714 264988 -0.119032 0.421728
0.004165 2312.62 0.0567022 264987 -0.0720303 0.392402
0.000375 820.273 0.205331 264988 0.0384026 1.10978
0.002755 2038.33 0.0929338 264988 0.00155723 0.445736
0.003265 2222.34 0.0738784 264988 -0.0231041 0.408764
0.003555 2287.16 0.0658986 264988 -0.0385662 0.397087
0.000265 798.966 0.207048 264988 0.0376612 1.13955
0.002995 2135.23 0.0832056 264988 -0.00950567 0.425492
0.000665 911.5 0.197824 264988 0.0407298 0.998193
0.001695 1472.47 0.147722 264988 0.0363252 0.617046
0.007155 373.522 0.232694 264988 0.0164097 2.461
0.003865 2317.13 0.0598528 264988 -0.0555138 0.391812
0.000985 1060.34 0.185136 264988 0.0423528 0.857558
0.002385 1861.02 0.11029 264988 0.0166895 0.488193
0.002035 1671.2 0.128753 264988 0.0282063 0.543628
0.004505 2271.65 0.0567919 264988 -0.0911474 0.399216
0.001325 1251.42 0.168166 264988 0.0413421 0.726255
0.005245 2010.47 0.0688801 264988 -0.128169 0.450037
0.004995 2144 0.0637729 264988 -0.119575 0.422372
0.002765 2042.74 0.0925028 264988 0.00111602 0.444773
0.000385 822.587 0.205143 264988 0.0384777 1.10665
0.003275 2225.22 0.0735674 264988 -0.0236265 0.408233
0.003565 2288.75 0.0656625 264988 -0.0391077 0.396808
0.006725 394.644 0.22886 264988 0.0259617 2.32418
0.000275 800.588 0.206918 264988 0.037721 1.13722
0.003005 2138.89 0.0828289 264988 -0.00999035 0.424763
0.000675 915.477 0.197492 264988 0.0408053 0.993838
0.001705 1478.44 0.14716 264988 0.0361329 0.614552
0.007165 373.428 0.23271 264988 0.0161147 2.46166
0.003875 2317.29 0.0597031 264988 -0.0560582 0.391781
0.000995 1065.59 0.18468 264988 0.0423688 0.853316
0.002395 1866.15 0.109788 264988 0.0163171 0.48685
0.002045 1676.87 0.128206 264988 0.02792 0.54179
0.004515 2270.03 0.0568573 264988 -0.091721 0.399491
0.001335 1257.31 0.167631 264988 0.041261 0.722841
0.004175 2311.8 0.0566471 264988 -0.0725783 0.392537
0.005255 2004.11 0.0690706 264988 -0.128054 0.451451
0.005005 2140.63 0.0639757 264988 -0.120118 0.423023
0.002775 2047.14 0.092074 264988 0.00067351 0.443817
0.000395 824.962 0.204951 264988 0.0385538 1.10344
0.003285 2228.07 0.0732589 264988 -0.0241502 0.407708
0.003575 2290.31 0.065429 264988 -0.03965 0.396533
0.000285 802.273 0.206783 264988 0.0377826 1.13482
0.005445 1894.36 0.071998 264988 -0.117655 0.477378
0.003015 2142.53 0.0824545 264988 -0.0104768 0.42404
0.005765 1467.57 0.106817 264989 -0.0954148 0.616235
0.000685 919.503 0.197155 264988 0.0408797 0.989467
0.001715 1484.4 0.146597 264988 0.0359376 0.612081
0.007175 373.33 0.232725 264988 0.0158129 2.46234
0.003885 2317.42 0.0595564 264988 -0.0566043 0.391753
0.001005 1070.87 0.18422 264988 0.0423822 0.849093
0.002405 1871.27 0.109287 264988 0.0159423 0.48552
0.002055 1682.53 0.127659 264988 0.0276311 0.539969
0.004525 2268.39 0.0569263 264988 -0.0922949 0.399772
0.001345 1263.22 0.167095 264988 0.0411769 0.719454
0.004185 2310.94 0.0565953 264988 -0.0731239 0.392676
0.005265 1997.78 0.0692586 264988 -0.127891 0.452868
0.006735 393.316 0.229094 264988 0.0258882 2.33226
0.005015 2137.22 0.0641794 264988 -0.120662 0.423682
0.002785 2051.51 0.0916474 264988 0.000229708 0.442871
0.006085 853.755 0.16965 264990 -0.021922 1.06243
0.000405 827.4 0.204753 264988 0.0386309 1.10017
0.006405 511.026 0.212148 264989 0.0179791 1.7859
0.003295 2230.9 0.072953 264988 -0.0246751 0.407188
0.003585 2291.85 0.0651982 264988 -0.0401932 0.396262
0.000295 804.021 0.206642 264988 0.0378458 1.13234
0.003025 2146.14 0.0820825 264988 -0.0109649 0.423324
0.000695 923.579 0.196814 264988 0.040953 0.985081
0.005775 1445.56 0.108898 264989 -0.092869 0.625642
0.001725 1490.36 0.146035 264988 0.0357395 0.609631
0.007185 373.228 0.232739 264988 0.0155095 2.46305
0.003895 2317.53 0.0594127 264988 -0.0571507 0.391728
0.005455 1889.49 0.0721049 264988 -0.11674 0.478599
0.001015 1076.18 0.183757 264988 0.0423931 0.844889
0.003035 2149.74 0.0817129 264988 -0.0114548 0.422615
0.002415 1876.36 0.108788 264988 0.0155654 0.484202
0.002065 1688.17 0.127113 264988 0.0273395 0.538164
0.004535 2266.72 0.0569989 264988 -0.092869 0.400056
0.001355 1269.13 0.166558 264988 0.0410897 0.716094
0.001735 1496.31 0.145472 264988 0.0355385 0.607203
0.007195 373.121 0.232753 264988 0.0152046 2.46379
0.004195 2310.06 0.056547 264988 -0.0736718 0.392818
0.005275 1991.48 0.0694438 264988 -0.127681 0.454287
0.003045 2153.31 0.0813456 264988 -0.0119465 0.421912
0.002425 1881.44 0.108291 264988 0.0151861 0.482895
0.006745 392.048 0.229315 264988 0.0258149 2.34004
0.005025 2133.79 0.0643842 264988 -0.12121 0.424348
0.002795 2055.87 0.0912229 264988 -0.000215349 0.441932
0.000415 829.9 0.20455 264988 0.0387088 1.09684
0.003305 2233.71 0.0726496 264988 -0.0252013 0.406673
0.003595 2293.37 0.0649702 264988 -0.0407373 0.395995
0.000305 805.832 0.206497 264988 0.0379105 1.12978
0.003055 2156.86 0.0809808 264987 -0.0124402 0.421216
0.002435 1886.5 0.107796 264988 0.0148047 0.4816
0.006415 504.449 0.213019 264989 0.0186161 1.80954
0.000705 927.703 0.196468 264988 0.0410252 0.980682
0.005785 1423.64 0.110975 264989 -0.0903365 0.635299
0.003905 2317.63 0.0592719 264988 -0.0576974 0.391708
0.006095 838.838 0.17138 264990 -0.0200631 1.08149
0.005465 1884.75 0.0722064 264988 -0.115795 0.479796
0.001025 1081.52 0.183291 264988 0.0424015 0.840705
0.002075 1693.8 0.126569 264988 0.0270454 0.536375
0.004545 2265.03 0.0570751 264988 -0.0934431 0.400346
0.001365 1275.05 0.166019 264988 0.0409995 0.71276
0.001745 1502.26 0.14491 264988 0.0353346 0.604796
0.007205 373.009 0.232765 264988 0.014898 2.46456
0.004205 2309.16 0.0565021 264988 -0.0742209 0.392965
0.005285 1985.22 0.0696261 264988 -0.127424 0.455705
0.006755 390.837 0.229525 264988 0.0257298 2.34752
0.005035 2130.33 0.0645898 264988 -0.121761 0.425022
0.002805 2060.2 0.0908007 264988 -0.000661773 0.441002
0.000425 832.461 0.204342 264988 0.0387875 1.09345
0.003315 2236.49 0.0723487 264988 -0.0257296 0.406164
0.003605 2294.87 0.0647448 264988 -0.0412825 0.395733
0.000315 807.707 0.206346 264988 0.0379768 1.12714
0.003065 2160.2 0.0806183 264988 -0.0129334 0.420564
0.002445 1891.55 0.107302 264988 0.014421 0.480317
0.006425 498.031 0.213865 264989 0.0192244 1.83322
0.000715 931.876 0.196118 264988 0.0410961 0.976272
0.005795 1401.82 0.113049 264989 -0.0878167 0.645214
0.003915 2317.7 0.0591341 264988 -0.0582444 0.39169
0.006105 824.101 0.173087 264990 -0.0182406 1.10101
0.005475 1880.13 0.0723023 264988 -0.114822 0.480968
0.001035 1086.88 0.182822 264988 0.0424072 0.836542
0.002085 1699.42 0.126025 264988 0.0267487 0.534603
0.003925 2317.75 0.0589993 264988 -0.0587914 0.391676
0.004555 2263.31 0.0571549 264988 -0.0940173 0.400641
0.001375 1280.98 0.165479 264988 0.0409062 0.709453
0.001755 1508.2 0.144347 264988 0.0351279 0.602411
0.003935 2317.78 0.0588676 264988 -0.0593391 0.391666
0.007215 372.891 0.232776 264988 0.0145967 2.46537
0.004215 2308.24 0.0564605 264988 -0.0747713 0.393115
0.005295 1979.01 0.0698052 264988 -0.127121 0.457123
0.006765 389.679 0.229724 264988 0.0256341 2.35472
0.005045 2126.85 0.064796 264988 -0.122317 0.425704
0.002815 2064.51 0.0903807 264988 -0.00111038 0.440081
0.000435 835.083 0.204128 264988 0.0388669 1.09
0.003325 2239.25 0.0720504 264987 -0.0262584 0.40566
0.003615 2296.35 0.064522 264988 -0.0418286 0.395474
0.003075 2163.51 0.0802582 264988 -0.0134284 0.419919
0.002455 1896.57 0.10681 264988 0.0140351 0.479045
0.006435 491.764 0.214684 264988 0.0197382 1.85694
0.000725 936.096 0.195763 264988 0.0411658 0.971851
0.005805 1380.1 0.115118 264990 -0.0853088 0.655398
0.006115 809.543 0.174772 264990 -0.0164559 1.121
0.003335 2241.71 0.0717546 264988 -0.0267844 0.405214
0.005485 1875.63 0.0723927 264988 -0.113821 0.482113
0.003085 2166.8 0.0799005 264988 -0.0139251 0.419279
0.001045 1092.27 0.182351 264988 0.0424102 0.8324
0.002095 1705.02 0.125483 264988 0.0264495 0.532846
0.004565 2261.56 0.0572382 264988 -0.0945916 0.40094
0.001385 1286.92 0.164937 264988 0.0408099 0.706173
0.001765 1514.14 0.143785 264988 0.0349182 0.600048
0.003945 2317.79 0.058739 264988 -0.0598879 0.391659
0.007225 372.768 0.232787 264988 0.0142826 2.46621
0.004225 2307.3 0.0564224 264988 -0.075323 0.393268
0.005305 1972.84 0.069981 264988 -0.126773 0.458538
0.006775 388.572 0.229913 264988 0.0255273 2.36164
0.005055 2123.33 0.0650029 264988 -0.122879 0.426394
0.001395 1292.86 0.164394 264988 0.0407106 0.702919
0.002825 2068.78 0.0899628 264988 -0.00155849 0.439173
0.000445 837.767 0.20391 264988 0.038947 1.08649
0.003625 2297.8 0.064302 264988 -0.0423775 0.395219
0.002465 1901.58 0.10632 264988 0.013647 0.477785
0.006445 485.647 0.215477 264989 0.0205583 1.88069
0.000735 940.363 0.195404 264988 0.0412341 0.967422
0.005815 1358.48 0.117183 264990 -0.0828119 0.665862
0.006125 795.163 0.176434 264990 -0.0147099 1.14146
0.003345 2244.14 0.0714614 264988 -0.0273116 0.404772
0.005495 1871.27 0.0724776 264988 -0.112796 0.48323
0.003095 2170.07 0.0795452 264988 -0.0144233 0.418645
0.001055 1097.69 0.181876 264988 0.0424105 0.828279
0.002105 1710.61 0.124941 264988 0.0261477 0.531105
0.004575 2259.79 0.0573251 264988 -0.0951658 0.401244
0.001775 1520.07 0.143223 264988 0.0347057 0.597705
0.003955 2317.78 0.0586134 264988 -0.0604373 0.391655
0.007235 372.719 0.232796 264988 0.013969 2.46656
0.004235 2306.34 0.0563878 264988 -0.0758758 0.393426
0.005315 1966.73 0.0701532 264988 -0.12638 0.45995
0.006785 387.514 0.230092 264988 0.0254089 2.3683
0.002115 1716.19 0.124401 264988 0.0258433 0.529379
0.005065 2119.79 0.0652103 264988 -0.123447 0.427092
0.001405 1298.82 0.16385 264988 0.0406082 0.699691
0.002835 2073.02 0.0895473 264987 -0.00201032 0.438273
0.000455 840.511 0.203686 264988 0.0390277 1.08292
0.003635 2299.23 0.0640848 264986 -0.0429253 0.394969
0.002475 1906.56 0.105832 264988 0.0132568 0.476535
0.006455 480.329 0.216245 264988 0.0207728 1.90187
0.000745 944.676 0.195041 264988 0.041301 0.962986
0.005825 1336.96 0.119243 264990 -0.0803255 0.676615
0.006135 780.959 0.178073 264990 -0.0130037 1.16242
0.003355 2246.54 0.0711706 264988 -0.0278398 0.404336
0.005505 1867.05 0.0725569 264988 -0.111747 0.484318
0.003105 2173.32 0.0791923 264988 -0.014923 0.418018
0.001065 1103.13 0.181399 264988 0.0424082 0.82418
0.002485 1911.53 0.105345 264988 0.0128644 0.475297
0.004585 2257.99 0.0574155 264986 -0.0957375 0.401552
0.001785 1525.99 0.142661 264988 0.0344904 0.595383
0.003965 2317.75 0.0584908 264988 -0.0609856 0.391655
0.007245 372.664 0.232806 264988 0.0136674 2.46694
0.004245 2305.35 0.0563566 264988 -0.0764299 0.393587
0.005325 1960.68 0.0703218 264988 -0.125943 0.461357
0.006795 386.501 0.230261 264988 0.0252782 2.37471
0.002125 1721.75 0.123861 264988 0.0255363 0.527669
0.005075 2116.21 0.0654179 264988 -0.124022 0.427798
0.001415 1304.77 0.163305 264988 0.0405028 0.696489
0.002845 2077.15 0.0891339 264988 -0.00246302 0.437402
0.000465 843.316 0.203457 264988 0.0391089 1.0793
0.003645 2300.26 0.0638702 264988 -0.043467 0.394788
0.006465 475.169 0.216987 264988 0.0213367 1.92289
0.000755 949.035 0.194673 264988 0.0413664 0.958545
0.005835 1315.54 0.121298 264990 -0.0778487 0.68767
0.006145 766.928 0.179688 264990 -0.0113358 1.1839
0.003365 2248.93 0.0708825 264988 -0.028369 0.403904
0.005515 1862.96 0.0726307 264988 -0.110677 0.485375
0.003115 2176.55 0.0788418 264988 -0.0154241 0.417396
0.001075 1108.59 0.180919 264988 0.0424031 0.820104
0.002495 1916.48 0.10486 264988 0.0124699 0.47407
0.004595 2255.77 0.0575095 264988 -0.0962992 0.401938
0.001795 1531.91 0.142099 264988 0.0342722 0.593082
0.003975 2317.69 0.0583712 264988 -0.0615344 0.391659
0.007255 372.604 0.232814 264988 0.0133589 2.46736
0.005525 1859.02 0.072699 264988 -0.109589 0.4864
0.004255 2304.35 0.0563289 264988 -0.0769851 0.393752
0.005335 1954.69 0.0704865 264988 -0.125464 0.462758
0.002505 1921.41 0.104377 264988 0.0120734 0.472854
0.006805 385.529 0.230421 264988 0.0251354 2.38089
0.002135 1727.3 0.123323 264988 0.0252269 0.525974
0.005085 2112.55 0.0656257 264980 -0.124576 0.428513
0.001425 1310.74 0.162759 264988 0.0403943 0.693314
0.002855 2081.25 0.0887228 264988 -0.00291831 0.436539
0.000475 846.181 0.203223 264988 0.0391906 1.07563
0.003655 2301.27 0.0636583 264988 -0.0440089 0.394612
0.006475 470.162 0.217705 264988 0.0217965 1.94372
0.000765 953.439 0.194301 264988 0.0414304 0.954099
0.005845 1294.23 0.123347 264990 -0.0753811 0.699037
0.006155 753.068 0.181279 264990 -0.0097092 1.2059
0.003375 2251.29 0.0705969 264988 -0.0288991 0.403477
0.003125 2179.76 0.0784937 264988 -0.0159267 0.41678
0.001085 1114.08 0.180436 264988 0.0423953 0.81605
0.004605 2253.52 0.057607 264988 -0.0968606 0.402329
0.001805 1537.82 0.141538 264988 0.0340512 0.590801
0.000775 957.887 0.193925 264988 0.0414927 0.94965
0.007265 372.538 0.232822 264988 0.0130497 2.46782
0.005535 1855.22 0.0727619 264988 -0.108486 0.487392
0.004265 2303.32 0.0563046 264988 -0.0775414 0.393921
0.005345 1948.77 0.0706471 264988 -0.124944 0.464152
0.003985 2317.62 0.0582547 264988 -0.0620837 0.391666
0.002515 1926.32 0.103896 264988 0.0116747 0.471649
0.006815 384.595 0.230573 264988 0.0249814 2.38686
0.002145 1732.83 0.122786 264988 0.0249148 0.524295
0.005095 2106.34 0.0658337 264988 -0.125027 0.429773
0.001435 1316.71 0.162211 264988 0.0402828 0.690165
0.002865 2085.34 0.0883139 264988 -0.00337591 0.435683
0.000485 849.106 0.202984 264988 0.0392726 1.07191
0.003665 2302.26 0.0634492 264988 -0.0445516 0.394438
0.006485 465.304 0.218397 264988 0.022236 1.96438
0.005855 1273.01 0.12539 264990 -0.0729224 0.710729
0.006165 739.377 0.182845 264990 -0.00795786 1.22845
0.003385 2253.63 0.0703138 264988 -0.0294302 0.403055
0.003135 2182.94 0.0781481 264988 -0.0164306 0.416171
0.001095 1119.59 0.17995 264988 0.0423847 0.812019
0.004615 2251.25 0.0577079 264988 -0.0974258 0.402725
0.001815 1543.72 0.140976 264988 0.0338273 0.588541
0.000785 962.378 0.193544 264988 0.0415534 0.945199
0.007275 372.466 0.232829 264988 0.0127398 2.46832
0.005545 1851.56 0.0728194 264988 -0.107369 0.48835
0.004275 2302.26 0.0562839 264988 -0.0780989 0.394094
0.005355 1942.92 0.0708036 264988 -0.124382 0.465536
0.003995 2317.52 0.0581413 264988 -0.0626335 0.391676
0.002525 1931.22 0.103417 264988 0.011274 0.470454
0.006825 383.854 0.230716 264988 0.024816 2.39164
0.002155 1738.35 0.12225 264988 0.0246003 0.52263
0.005105 2100.05 0.0660419 264988 -0.125428 0.431046
0.001445 1322.68 0.161663 264988 0.0401682 0.687041
0.002875 2089.4 0.0879072 264988 -0.00383562 0.434835
0.000495 852.09 0.202739 264988 0.0393549 1.06813
0.003675 2303.22 0.0632427 264988 -0.0450948 0.394269
0.006495 460.591 0.219066 264988 0.0226451 1.98484
0.006835 383.148 0.230851 264988 0.0246459 2.39623
0.005865 1251.91 0.127428 264990 -0.0704723 0.722759
0.006175 725.858 0.184387 264992 -0.00623338 1.25157
0.003395 2255.95 0.0700333 264988 -0.0299623 0.402637
0.003145 2186.1 0.0778048 264988 -0.016936 0.415567
0.001105 1125.13 0.179462 264988 0.0423713 0.808012
0.004625 2248.95 0.0578124 264988 -0.0979943 0.403127
0.001825 1549.61 0.140415 264988 0.0336006 0.586301
0.000795 966.913 0.19316 264988 0.0416125 0.940748
0.007285 372.387 0.232836 264988 0.0124286 2.46886
0.005555 1848.06 0.0728715 264988 -0.106239 0.489272
0.004285 2301.19 0.0562666 264988 -0.0786574 0.394271
0.005365 1937.15 0.0709556 264988 -0.123781 0.466911
0.004005 2317.41 0.058031 264988 -0.0631836 0.39169
0.002535 1936.09 0.102939 264988 0.0108713 0.46927
0.002165 1743.86 0.121715 264988 0.0242833 0.52098
0.005115 2093.73 0.06625 264988 -0.12582 0.432332
0.001455 1328.66 0.161113 264988 0.0400506 0.683944
0.000505 855.134 0.20249 264988 0.0394374 1.06431
0.003685 2304.16 0.0630391 264988 -0.0456383 0.394103
0.006505 456.018 0.219711 264988 0.0230252 2.0051
0.006845 382.473 0.230979 264988 0.0244641 2.40062
0.006855 381.826 0.231099 264988 0.0242727 2.40485
0.005875 1230.91 0.129458 264990 -0.0680311 0.735141
0.006865 381.205 0.231213 264988 0.0240723 2.40892
0.006875 380.608 0.23132 264988 0.0238636 2.41285
0.006885 380.032 0.231421 264988 0.0236489 2.41665
0.005885 1210.02 0.131482 264990 -0.0655988 0.747889
0.006185 714.107 0.185903 264990 -0.00500169 1.27239
0.006895 379.475 0.231517 264988 0.0234264 2.42034
0.005895 1189.23 0.133498 264990 -0.0631759 0.761017
0.006905 379.063 0.231606 264988 0.0231997 2.4231
0.005905 1168.56 0.135506 264990 -0.0607631 0.774542
0.006915 378.67 0.23169 264988 0.0229731 2.42574
0.005915 1148 0.137505 264990 -0.0583612 0.788479
0.006195 702.563 0.187391 264990 -0.00362366 1.29355
0.006925 378.293 0.23177 264988 0.0227389 2.42828
0.005925 1127.56 0.139496 264990 -0.055971 0.802848
0.003405 2258.25 0.0697554 264988 -0.0304954 0.402225
0.006205 691.217 0.188852 264990 -0.00221934 1.31503
0.006935 377.931 0.231844 264988 0.022499 2.43073
0.005935 1107.23 0.141476 264990 -0.0535918 0.817665
0.006945 377.582 0.231914 264988 0.0222537 2.43309
0.006215 680.068 0.190284 264990 -0.000849262 1.33685
0.005945 1087.02 0.143447 264990 -0.0512256 0.832951
0.006955 377.244 0.23198 264988 0.0220033 2.43537
0.006225 669.114 0.191689 264990 0.00048411 1.359
0.005955 1066.92 0.145406 264991 -0.0487058 0.848728
0.003415 2260.52 0.06948 264988 -0.0310295 0.401817
0.003155 2189.24 0.0774641 264988 -0.0174427 0.414969
0.006965 376.916 0.232042 264988 0.0217514 2.4376
0.006235 658.353 0.193066 264990 0.0017793 1.38148
0.005965 1046.97 0.147354 264995 -0.0459706 0.865007
0.003425 2262.77 0.0692073 264988 -0.0315647 0.401413
0.006975 376.597 0.2321 264988 0.0214925 2.43976
0.006245 647.784 0.194414 264990 0.00303569 1.4043
0.005975 1029.86 0.149309 264990 -0.0444392 0.879457
0.003435 2265 0.0689371 264988 -0.0321011 0.401015
0.006985 376.391 0.232155 264988 0.021232 2.44118
0.006255 637.403 0.195734 264990 0.00425273 1.42746
0.005985 1012.95 0.151249 264990 -0.0422539 0.894242
0.003445 2267.21 0.0686695 264988 -0.0326386 0.400621
0.003165 2192.36 0.0771257 264988 -0.0179508 0.414376
0.001115 1130.69 0.178972 264988 0.0423551 0.804029
0.006995 376.194 0.232206 264988 0.0209752 2.44255
0.006265 627.209 0.197026 264989 0.00542992 1.45095
0.005995 996.211 0.153172 264990 -0.0400975 0.909372
0.003455 2269.4 0.0684045 264988 -0.0331773 0.400231
0.003175 2195.46 0.0767898 264988 -0.0184603 0.41379
0.007005 376.003 0.232254 264988 0.020711 2.44388
0.006275 617.198 0.198289 264989 0.00656675 1.47479
0.006005 979.656 0.155078 264990 -0.0379571 0.924853
0.003465 2271.56 0.0681422 264988 -0.0337185 0.399847
0.003185 2198.53 0.0764564 264988 -0.018971 0.413209
0.007015 375.819 0.232299 264988 0.0204417 2.44516
0.006285 607.367 0.199525 264989 0.00766275 1.49896
0.006015 963.281 0.156966 264990 -0.0358517 0.940693
0.003475 2273.7 0.0678824 264987 -0.0342593 0.399466
0.004635 2246.62 0.0579203 264988 -0.0985659 0.403533
0.003195 2201.59 0.0761255 264988 -0.0194831 0.412633
0.001125 1136.26 0.178479 264988 0.0423361 0.800069
0.007025 375.639 0.232341 264988 0.0201671 2.44641
0.006295 597.713 0.200732 264989 0.00871812 1.52348
0.006025 947.087 0.158837 264990 -0.0337725 0.956903
0.003485 2275.46 0.0676253 264988 -0.0347955 0.399155
0.001135 1141.86 0.177983 264988 0.0423142 0.796134
0.007035 375.463 0.23238 264988 0.0198881 2.44763
0.006305 588.232 0.20191 264989 0.00973484 1.54835
0.003695 2305.08 0.0628381 264988 -0.0461823 0.393941
0.006315 578.92 0.203061 264989 0.0107494 1.57358
0.006325 569.775 0.204184 264990 0.011878 1.59917
0.006335 561.802 0.205279 264989 0.0125504 1.62219
0.003705 2305.99 0.0626399 264988 -0.0467268 0.393783
0.006345 554.017 0.206344 264989 0.0134285 1.64533
0.001835 1555.5 0.139855 264988 0.0333712 0.584081
0.003715 2306.87 0.0624445 264988 -0.0472719 0.393628
0.006355 546.413 0.207381 264989 0.0142673 1.66856
0.000805 971.49 0.192771 264988 0.0416698 0.936298
0.003725 2307.72 0.0622519 264988 -0.0478175 0.393477
0.006365 538.989 0.20839 264989 0.0150776 1.69189
0.000815 976.108 0.192379 264988 0.0417253 0.93185
0.003735 2308.56 0.062062 264988 -0.0483636 0.39333
0.006375 531.742 0.209371 264989 0.0158543 1.71529
0.001845 1561.38 0.139294 264988 0.0331389 0.58188
0.000825 980.768 0.191982 264988 0.041779 0.927405
0.003745 2309.38 0.061875 264988 -0.0489104 0.393186
0.006385 524.668 0.210324 264989 0.0165971 1.73877
0.007295 372.301 0.232842 264988 0.0121261 2.46945
0.001855 1567.25 0.138734 264988 0.0329038 0.5797
0.000835 985.467 0.191582 264988 0.0418308 0.922964
0.003755 2310.17 0.0616907 264988 -0.0494577 0.393046
0.006395 517.764 0.211249 264989 0.0173055 1.76231
0.001865 1573.11 0.138175 264988 0.032666 0.577539
0.005565 1844.71 0.0729184 264988 -0.105095 0.490158
0.004295 2300.09 0.0562529 264988 -0.0792169 0.394451
0.001875 1578.96 0.137616 264988 0.0324254 0.575397
0.005575 1841.51 0.0729601 264988 -0.103933 0.491006
0.001885 1584.8 0.137057 264988 0.032182 0.573275
0.004305 2298.97 0.0562427 264988 -0.0797774 0.394636
0.005585 1838.47 0.0729967 264988 -0.102821 0.491816
0.005375 1931.46 0.0711032 264988 -0.123141 0.468274
0.001895 1590.64 0.136499 264988 0.0319358 0.571171
0.004315 2297.83 0.056236 264988 -0.0803389 0.394825
0.005595 1835.59 0.0730284 264989 -0.100514 0.492587
0.001905 1596.46 0.135941 264988 0.031687 0.569087
0.004325 2296.67 0.0562329 264988 -0.0809014 0.395018
0.005605 1832.48 0.073086 264934 -0.119284 0.493322
0.001915 1602.27 0.135384 264988 0.0314354 0.567021
0.004335 2295.48 0.0562334 264988 -0.0814647 0.395214
0.005615 1809.32 0.0751907 264989 -0.137198 0.499736
0.005385 1925.87 0.071246 264988 -0.122462 0.469625
0.002545 1940.95 0.102464 264988 0.0104665 0.468097
0.002555 1945.78 0.10199 264988 0.0100598 0.466934
0.002175 1749.35 0.121182 264988 0.0239637 0.519345
0.002185 1754.82 0.120649 264988 0.0236417 0.517725
0.001465 1334.64 0.160563 264988 0.03993 0.680872
0.004015 2317.27 0.0579239 264988 -0.0637341 0.391708
0.002195 1760.29 0.120118 264988 0.0233171 0.516119
0.002205 1765.73 0.119588 264988 0.0229901 0.514528
0.004025 2317.11 0.0578199 264988 -0.0642849 0.391729
0.002215 1771.16 0.11906 264988 0.0226606 0.512951
0.001475 1340.62 0.160011 264988 0.0398063 0.677827
0.004035 2316.93 0.0577191 264988 -0.0648361 0.391754
0.002225 1776.58 0.118532 264988 0.0223286 0.511387
0.000515 858.236 0.202235 264988 0.0395201 1.06045
0.001485 1346.61 0.159459 264988 0.0396796 0.674806
0.004045 2316.73 0.0576214 264988 -0.0653877 0.391782
0.002235 1781.98 0.118006 264988 0.0219942 0.509838
0.006515 451.581 0.220332 264988 0.0233758 2.02515
0.001495 1352.61 0.158906 264988 0.0395499 0.671812
0.006035 931.075 0.160689 264990 -0.0317209 0.97349
0.001505 1358.6 0.158352 264988 0.0394171 0.668842
0.001515 1364.6 0.157797 264988 0.0392813 0.665898
0.001525 1370.59 0.157242 264988 0.0391425 0.662979
0.006045 915.245 0.162521 264990 -0.0296981 0.990464
0.001535 1376.59 0.156685 264988 0.0390007 0.660085
0.003495 2277.2 0.0673707 264988 -0.0353322 0.398847
0.006055 899.599 0.164334 264990 -0.0277055 1.00783
0.001545 1382.59 0.156129 264988 0.0388558 0.657215
0.006065 884.135 0.166127 264990 -0.0257444 1.02561
0.001555 1388.59 0.155571 264988 0.038708 0.65437
0.006075 868.854 0.167899 264990 -0.0238162 1.04381
0.001565 1394.6 0.155013 264988 0.0385571 0.65155
0.003505 2278.91 0.0671188 264988 -0.0358698 0.398543
0.001145 1147.48 0.177485 264988 0.0422895 0.792224
0.001575 1400.6 0.154454 264988 0.0384033 0.648754
0.003515 2280.6 0.0668695 264988 -0.0364078 0.398244
0.001585 1406.6 0.153895 264988 0.0382464 0.645983
0.004645 2244.27 0.0580316 264988 -0.0991405 0.403945
0.000845 990.207 0.191177 264988 0.0418807 0.918529
0.001595 1412.6 0.153336 264988 0.0380866 0.643235
0.000855 994.985 0.190769 264988 0.0419286 0.914101
0.003765 2310.95 0.0615093 264988 -0.0500057 0.39291
0.000865 999.801 0.190357 264988 0.0419749 0.90968
0.000875 1004.66 0.189942 264988 0.0420189 0.905268
0.000885 1009.55 0.189522 264988 0.0420606 0.900865
0.003775 2311.7 0.0613307 264988 -0.0505543 0.392777
0.000895 1014.47 0.189099 264988 0.0421002 0.896473
0.007305 372.209 0.232848 264988 0.0118053 2.47008
0.003785 2312.43 0.061155 264988 -0.0511036 0.392648
0.000905 1019.44 0.188673 264988 0.0421376 0.892092
0.003795 2313.14 0.0609821 264988 -0.0516535 0.392522
0.000915 1024.43 0.188242 264988 0.0421727 0.887724
0.003805 2313.83 0.060812 264988 -0.0522041 0.392401
0.000925 1029.47 0.187809 264988 0.0422055 0.883369
0.007315 372.188 0.232853 264988 0.0114856 2.47024
0.003815 2314.5 0.0606449 264988 -0.0527554 0.392283
0.004345 2294.27 0.0562374 264988 -0.082029 0.395415
0.000935 1034.53 0.187372 264988 0.0422361 0.879028
0.007325 372.16 0.232858 264988 0.0111809 2.47044
0.003825 2315.15 0.0604806 264988 -0.0533073 0.392168
0.000945 1039.63 0.186931 264988 0.0422642 0.874701
0.007335 372.125 0.232863 264988 0.0108687 2.47068
0.003835 2315.77 0.0603193 264988 -0.0538598 0.392058
0.000955 1044.76 0.186487 264988 0.04229 0.87039
0.005625 1785.86 0.0773225 264989 -0.133018 0.506298
0.005635 1762.5 0.0794507 264989 -0.130259 0.513008
0.005395 1920.36 0.0713841 264988 -0.121747 0.470961
0.005645 1739.23 0.0815755 264989 -0.127439 0.51987
0.004055 2316.5 0.0575269 264988 -0.0659396 0.391814
0.006525 447.275 0.220931 264988 0.0236973 2.045
0.005655 1716.06 0.083697 264989 -0.124643 0.52689
0.004065 2316.26 0.0574356 264988 -0.0664918 0.391849
0.006535 443.095 0.221508 264988 0.0239944 2.06464
0.005665 1692.99 0.0858151 264989 -0.121869 0.534074
0.005405 1914.95 0.0715172 264988 -0.120996 0.472281
0.004075 2315.99 0.0573475 264988 -0.0670444 0.391888
0.006545 439.035 0.222063 264989 0.0242933 2.08409
0.005675 1670.01 0.0879299 264989 -0.11912 0.541426
0.005415 1909.64 0.0716452 264988 -0.120211 0.473584
0.004085 2315.71 0.0572627 264988 -0.0675973 0.391931
0.006555 435.55 0.222596 264988 0.0245071 2.1011
0.000525 861.396 0.201976 264988 0.0396028 1.05654
0.005685 1647.14 0.0900415 264989 -0.116397 0.548952
0.005425 1904.43 0.0717681 264988 -0.119391 0.474869
0.004095 2315.4 0.0571811 264988 -0.0681505 0.391977
0.006565 432.188 0.223108 264988 0.0247466 2.11778
0.005435 1899.34 0.0718857 264988 -0.118539 0.476134
0.005695 1624.35 0.0921499 264989 -0.1137 0.556659
0.004105 2315.07 0.0571028 264988 -0.0687041 0.392027
0.006575 428.947 0.2236 264988 0.0249658 2.13412
0.005705 1601.67 0.094255 264989 -0.111028 0.564552
0.001155 1153.12 0.176985 264988 0.042262 0.788339
0.005715 1579.08 0.0963569 264989 -0.108378 0.57264
0.005725 1556.59 0.0984556 264989 -0.10575 0.580927
0.005735 1534.19 0.100551 264989 -0.103141 0.589423
0.001165 1158.78 0.176482 264988 0.0422315 0.784478
0.004655 2241.9 0.0581464 264988 -0.099718 0.404362
0.005745 1511.89 0.102643 264989 -0.10055 0.598134
0.001175 1164.45 0.175978 264988 0.0421981 0.780643
0.005755 1489.68 0.104732 264989 -0.0979749 0.607069
0.001185 1170.15 0.17547 264988 0.0421618 0.776834
0.001195 1175.86 0.174961 264988 0.0421226 0.77305
0.007345 372.083 0.232867 264988 0.0105561 2.47097
0.001205 1181.58 0.17445 264988 0.0420805 0.769293
0.001215 1187.33 0.173936 264988 0.0420354 0.765561
0.001225 1193.09 0.173421 264988 0.0419873 0.761855
0.007355 372.035 0.232871 264988 0.0102431 2.47131
0.001235 1198.86 0.172904 264988 0.0419363 0.758176
0.004355 2293.03 0.056245 264988 -0.082594 0.395621
0.001245 1204.65 0.172384 264988 0.0418823 0.754523
0.004115 2314.72 0.0570277 264988 -0.069258 0.39208
0.001255 1210.45 0.171863 264988 0.0418253 0.750896
0.006585 425.823 0.224071 264988 0.0251701 2.15011
0.001265 1216.27 0.17134 264988 0.0417653 0.747296
0.004365 2291.77 0.0562562 264988 -0.0831599 0.39583
0.006595 422.813 0.224523 264988 0.0253611 2.16575
0.001275 1222.1 0.170815 264988 0.0417023 0.743723
0.006605 419.917 0.224956 264988 0.0255403 2.18101
0.000535 864.615 0.201711 264988 0.0396856 1.05258
0.006615 417.132 0.225371 264988 0.0257062 2.19588
0.006625 414.456 0.225767 264988 0.0258531 2.21037
0.006635 411.884 0.226147 264988 0.0259734 2.22448
0.000545 867.89 0.201441 264988 0.0397683 1.04859
0.006645 409.409 0.226509 264988 0.0260694 2.23823
0.000555 871.223 0.201167 264988 0.0398509 1.04456
0.006655 407.303 0.226855 264988 0.0261133 2.2501
0.000565 874.612 0.200887 264988 0.0399332 1.04049
0.004665 2239.49 0.0582645 264988 -0.100298 0.404785
0.006665 405.282 0.227185 264988 0.0261438 2.2616
0.000575 878.057 0.200603 264988 0.0400153 1.03639
0.004125 2314.34 0.056956 264988 -0.0698122 0.392137
0.006675 403.338 0.227499 264988 0.0261485 2.27278
0.000585 881.558 0.200313 264988 0.040097 1.03226
0.004375 2290.49 0.0562709 264988 -0.0837266 0.396043
0.004135 2313.95 0.0568875 264988 -0.0703668 0.392198
0.006685 401.468 0.227799 264988 0.0261355 2.28365
0.000595 885.114 0.200019 264988 0.0401783 1.02809
0.004675 2237.06 0.058386 264988 -0.100881 0.405214
0.004145 2313.53 0.0568224 264988 -0.0709216 0.392262
0.004385 2289.19 0.0562893 264988 -0.084294 0.396261
0.006695 399.666 0.228085 264988 0.0261087 2.29421
0.000605 888.724 0.19972 264988 0.0402591 1.02389
0.004155 2313.09 0.0567606 264988 -0.0714763 0.39233
0.004685 2234.6 0.0585108 264988 -0.101467 0.405649
0.004395 2287.86 0.0563113 264988 -0.0848621 0.396483
0.006705 397.93 0.228356 264988 0.0260698 2.30448
0.000615 892.388 0.199416 264988 0.0403394 1.01967
0.004695 2232.12 0.058639 264988 -0.102055 0.406089
0.004405 2286.51 0.0563369 264988 -0.0854308 0.39671
0.000625 896.106 0.199107 264988 0.040419 1.01542
0.006715 396.257 0.228615 264988 0.0260191 2.31447
0.004705 2229.6 0.0587704 264988 -0.102646 0.406535
0.000635 899.877 0.198793 264988 0.0404979 1.01115
0.004415 2285.13 0.0563661 264988 -0.0860002 0.39694
0.004425 2283.73 0.0563989 264988 -0.0865702 0.397175
0.004715 2227.06 0.058905 264988 -0.103238 0.406987
0.004435 2282.31 0.0564353 264988 -0.0871408 0.397415
0.004445 2280.86 0.0564754 264988 -0.0877119 0.397658
0.004455 2279.38 0.0565191 264988 -0.0882835 0.397907
0.004725 2224.49 0.0590428 264988 -0.103833 0.407446
0.004465 2277.89 0.0565664 264988 -0.0888555 0.398159
0.004735 2221.89 0.0591838 264988 -0.104429 0.40791
0.004475 2276.37 0.0566174 264988 -0.089428 0.398417
0.004745 2219.26 0.0593279 264988 -0.105028 0.408381
0.004755 2216.61 0.059475 264988 -0.105627 0.408858
0.004765 2213.92 0.0596252 264988 -0.106228 0.409342
0.004775 2211.21 0.0597783 264988 -0.10683 0.409832
0.004785 2208.46 0.0599344 264988 -0.107433 0.410329
0.004795 2205.69 0.0600934 264988 -0.108036 0.410833
