0.007365 374.677 0.232838 273408 0.00919686 2.53175
0.007375 374.611 0.232844 273408 0.00890807 2.53221
0.007385 374.538 0.23285 273408 0.00862949 2.53272
0.007395 374.459 0.232855 273408 0.00833022 2.53327
0.007405 374.448 0.23286 273408 0.00803317 2.53336
0.007415 374.431 0.232864 273408 0.00774964 2.53349
0.007425 374.407 0.232868 273408 0.00746017 2.53366
0.007435 374.377 0.232872 273408 0.00717014 2.53388
0.007445 374.339 0.232876 273408 0.00687973 2.53415
0.007455 374.294 0.232879 273408 0.00658825 2.53446
0.007465 374.242 0.232882 273408 0.00631046 2.53482
0.007475 374.183 0.232884 273408 0.00600515 2.53524
5e-06 802.836 0.207312 273408 0.0502977 1.16987
1.5e-05 802.888 0.207308 273408 0.0502999 1.1698
2.5e-05 802.993 0.2073 273408 0.0503062 1.16964
0.007485 374.19 0.232887 273407 0.00571361 2.5352
3.5e-05 803.15 0.207287 273408 0.0503157 1.16941
4.5e-05 803.361 0.20727 273408 0.0503282 1.1691
5.5e-05 803.627 0.207249 273408 0.0503437 1.16871
0.007495 374.19 0.232889 273407 0.00542207 2.5352
6.5e-05 803.947 0.207223 273408 0.0503622 1.16825
7.5e-05 804.323 0.207193 273408 0.0503836 1.1677
8.5e-05 804.755 0.207159 273408 0.0504077 1.16707
9.5e-05 805.243 0.207119 273408 0.0504346 1.16636
0.007505 374.183 0.232891 273407 0.00512184 2.53526
0.000105 805.787 0.207076 273408 0.0504643 1.16556
0.000115 806.389 0.207027 273408 0.0504965 1.16469
0.000125 807.048 0.206974 273408 0.0505313 1.16373
0.005125 2103 0.0642831 273408 -0.082051 0.444075
0.000135 807.765 0.206917 273408 0.0505686 1.16269
0.007515 374.169 0.232893 273408 0.00483541 2.53536
0.000145 808.54 0.206854 273408 0.0506083 1.16157
0.005135 2101.05 0.0642957 273408 -0.0819902 0.444475
0.000155 809.374 0.206787 273408 0.0506504 1.16036
0.005145 2099.14 0.0643058 273408 -0.0819126 0.444869
0.000165 810.267 0.206715 273408 0.0506948 1.15908
0.005155 2097.27 0.0643133 273408 -0.0818182 0.445255
0.007525 374.146 0.232895 273408 0.00454422 2.53552
0.000175 811.219 0.206638 273408 0.0507414 1.15771
0.005165 2095.43 0.064318 273408 -0.0817072 0.445635
0.000185 812.231 0.206557 273408 0.0507902 1.15626
0.005175 2093.63 0.0643201 273408 -0.0815798 0.446007
0.000195 813.302 0.206471 273408 0.0508411 1.15473
0.005185 2091.88 0.0643192 273408 -0.0814364 0.446371
0.000205 814.433 0.206379 273408 0.0508941 1.15312
0.005195 2090.16 0.0643155 273408 -0.0812771 0.446726
0.007535 374.117 0.232897 273408 0.00425179 2.53573
0.000215 815.625 0.206283 273408 0.0509491 1.15142
0.005205 2088.5 0.0643088 273408 -0.0811024 0.447073
0.000225 816.876 0.206182 273408 0.051006 1.14965
0.005215 2086.87 0.064299 273408 -0.0809128 0.447411
0.000235 818.188 0.206076 273408 0.0510648 1.14779
0.005225 2085.3 0.0642861 273408 -0.0807087 0.447739
0.000245 819.561 0.205965 273408 0.0511254 1.14586
0.007545 374.079 0.232898 273408 0.00397229 2.53599
0.005235 2083.78 0.06427 273408 -0.0804908 0.448057
0.000255 820.995 0.205849 273408 0.0511877 1.14385
0.005245 2082.31 0.0642507 273408 -0.0802596 0.448365
0.000265 822.489 0.205728 273408 0.0512518 1.14176
0.005255 2080.89 0.0642281 273408 -0.0800158 0.448662
0.000275 824.044 0.205602 273408 0.0513174 1.13959
0.005265 2079.52 0.0642022 273408 -0.0797602 0.448948
0.000285 825.661 0.20547 273408 0.0513846 1.13735
0.007555 374.034 0.232899 273408 0.0036666 2.5363
0.005275 2078.21 0.0641729 273408 -0.0794937 0.449223
0.000295 827.338 0.205334 273408 0.0514533 1.13503
0.005285 2076.96 0.0641402 273408 -0.079217 0.449487
0.000305 829.076 0.205193 273408 0.0515234 1.13264
0.005295 2075.76 0.0641041 273408 -0.078931 0.449739
0.000315 830.876 0.205047 273408 0.0515948 1.13017
0.007565 374.055 0.232901 273408 0.00336655 2.53616
0.005305 2074.62 0.0640647 273408 -0.0786369 0.449978
0.000645 923.345 0.197408 273408 0.0542949 1.01647
0.007575 374.068 0.232902 273407 0.00308823 2.53608
0.003205 2190.65 0.0794861 273408 -0.000163377 0.427974
0.005315 2073.54 0.0640217 273408 -0.0783354 0.450206
0.007585 374.073 0.232903 273407 0.00278793 2.53604
0.000655 927.085 0.197095 273408 0.0543743 1.01235
0.000325 832.736 0.204895 273408 0.0516676 1.12763
0.005325 2072.52 0.0639754 273408 -0.0780277 0.45042
0.003215 2193.53 0.0791814 273408 -0.000632577 0.42741
0.007595 374.071 0.232903 273407 0.00249028 2.53606
0.000665 930.874 0.196777 273408 0.0544529 1.00821
0.000335 834.657 0.204739 273408 0.0517415 1.12502
0.005335 2071.56 0.0639257 273408 -0.0777149 0.450623
0.003225 2196.39 0.0788793 273408 -0.00110327 0.426853
0.002885 2084.49 0.0905144 273408 0.0139794 0.449792
0.007605 374.061 0.232904 273408 0.00219645 2.53614
0.000675 934.713 0.196454 273408 0.0545305 1.00406
0.000965 1064.78 0.185341 273408 0.0561498 0.880972
0.000345 836.64 0.204578 273408 0.0518167 1.12234
0.005345 2070.66 0.0638725 273408 -0.0773979 0.450812
0.003235 2199.22 0.0785797 273408 -0.00157544 0.4263
0.001605 1423.78 0.153105 273408 0.0524773 0.658432
0.007615 374.043 0.232905 273408 0.00190593 2.53626
0.000685 938.601 0.196127 273408 0.0546072 0.99988
0.002895 2088.35 0.0901336 273407 0.0135673 0.448961
0.004805 2173.79 0.0630513 273408 -0.0767725 0.430025
0.000355 838.683 0.204411 273408 0.0518929 1.11959
0.005355 2069.83 0.0638161 273408 -0.0770781 0.450988
0.003245 2202.04 0.0782826 273408 -0.00204908 0.425753
0.000975 1069.82 0.184904 273408 0.0561769 0.876812
0.007625 374.017 0.232905 273408 0.00162562 2.53644
0.000695 942.537 0.195796 273408 0.0546828 0.995687
0.002905 2092.04 0.089755 273408 0.0131479 0.44817
0.001615 1429.64 0.152563 273408 0.0523269 0.655732
0.000365 840.787 0.204239 273408 0.0519702 1.11678
0.005365 2069.05 0.0637563 273408 -0.0767564 0.451152
0.003255 2204.84 0.077988 273408 -0.00252416 0.425212
0.004815 2171.52 0.0631009 273408 -0.0770774 0.430462
0.007635 373.983 0.232906 273408 0.00132087 2.53667
0.000985 1074.88 0.184464 273408 0.0562017 0.872668
0.000705 946.52 0.19546 273408 0.0547573 0.991479
0.002915 2095.7 0.0893787 273408 0.0127289 0.447386
0.001625 1435.5 0.152021 273408 0.0521736 0.653055
0.000375 842.951 0.204063 273408 0.0520484 1.1139
0.002245 1784.33 0.119111 273408 0.0374517 0.525395
0.005375 2068.34 0.0636932 273408 -0.076434 0.451302
0.003265 2207.61 0.077696 273408 -0.00300068 0.424675
0.004825 2169.24 0.0631506 273408 -0.0773761 0.4309
0.007645 374.014 0.232906 273408 0.00101665 2.53646
0.000995 1079.98 0.18402 273408 0.0562242 0.868539
0.000715 950.55 0.19512 273408 0.0548307 0.987258
0.002925 2099.35 0.0890046 273408 0.0123083 0.446609
0.001635 1441.35 0.151479 273408 0.0520175 0.6504
0.000385 845.176 0.203881 273408 0.0521276 1.11095
0.004485 2241 0.0618254 273408 -0.0638904 0.417545
0.005385 2067.69 0.063627 273408 -0.076112 0.451439
0.003275 2210.37 0.0774065 273408 -0.00347863 0.424144
0.002255 1789.58 0.118609 273408 0.0371384 0.523855
0.004835 2166.96 0.0632002 273408 -0.0776685 0.43134
0.007655 374.038 0.232906 273408 0.000736427 2.5363
0.001005 1085.1 0.183574 273408 0.0562443 0.864425
0.000725 954.627 0.194776 273408 0.0549029 0.983025
0.002935 2102.98 0.0886328 273408 0.011886 0.445838
0.001645 1447.2 0.150936 273408 0.0518585 0.647768
0.000395 847.461 0.203694 273408 0.0522076 1.10794
0.005395 2067.1 0.0635576 273408 -0.0757915 0.451563
0.001285 1237.78 0.170063 273408 0.055756 0.757534
0.004495 2239.41 0.0618445 273408 -0.0643642 0.417829
0.003285 2213.1 0.0771196 273408 -0.003958 0.423618
0.004845 2164.67 0.0632497 273408 -0.0779544 0.431781
0.002265 1794.82 0.118109 273408 0.036823 0.522327
0.007665 374.054 0.232907 273407 0.000448853 2.53619
0.001015 1090.25 0.183125 273408 0.056262 0.860329
0.002945 2106.59 0.0882633 273408 0.0114618 0.445074
0.000735 958.75 0.194427 273408 0.0549738 0.978781
0.001655 1453.05 0.150393 273408 0.0516966 0.645158
0.000405 849.806 0.203502 273408 0.0522885 1.10486
0.005405 2066.58 0.0634852 273408 -0.0754737 0.451674
0.004505 2237.8 0.0618654 273407 -0.0648347 0.418116
0.003295 2215.81 0.0768353 273408 -0.00443839 0.423098
0.001295 1243.48 0.169551 273408 0.0556986 0.754053
0.004855 2162.39 0.063299 273408 -0.0782337 0.432224
0.002275 1800.04 0.11761 273408 0.0365055 0.520814
0.007675 374.062 0.232907 273407 0.000146833 2.53614
0.001025 1095.43 0.182673 273408 0.0562773 0.856249
0.002955 2110.18 0.0878961 273408 0.0110359 0.444316
0.000745 962.918 0.194075 273408 0.0550434 0.974527
0.001665 1458.9 0.14985 273408 0.0515319 0.64257
0.000415 852.211 0.203305 273408 0.05237 1.10173
0.005415 2066.11 0.0634098 273408 -0.0751595 0.451771
0.004515 2235.89 0.0618878 273408 -0.0653104 0.418462
0.003305 2218.49 0.0765535 273407 -0.00491748 0.422583
0.001305 1249.2 0.169037 273408 0.0556383 0.750598
0.004865 2160.1 0.063348 273408 -0.0785061 0.432668
0.002285 1805.24 0.117112 273408 0.036186 0.519313
0.001035 1100.63 0.182218 273408 0.0562901 0.852187
0.002965 2113.76 0.0875311 273408 0.0106083 0.443564
0.000755 967.13 0.193718 273408 0.0551116 0.970266
0.001675 1464.74 0.149307 273408 0.0513644 0.640005
0.000425 854.676 0.203103 273408 0.0524522 1.09854
0.005425 2065.71 0.0633316 273408 -0.07485 0.451856
0.004525 2233.95 0.0619119 273408 -0.0657819 0.418813
0.003315 2220.85 0.0762743 273408 -0.00540352 0.422133
0.002565 1944.28 0.103841 273408 0.0264831 0.48221
0.004875 2157.81 0.0633968 273408 -0.0787716 0.433112
0.001315 1254.92 0.168522 273408 0.0555751 0.747168
0.002295 1810.43 0.116616 273408 0.0358645 0.517826
0.001045 1105.87 0.181761 273408 0.0563005 0.848144
0.002975 2117.31 0.0871685 273408 0.0101789 0.442819
0.000765 971.386 0.193357 273408 0.0551785 0.965997
0.001685 1470.59 0.148764 273408 0.051194 0.637461
0.000435 857.2 0.202896 273408 0.052535 1.09529
0.005435 2065.36 0.0632506 273408 -0.0745461 0.451928
0.004535 2232 0.0619375 273408 -0.0662538 0.419167
0.003325 2223.18 0.0759977 273408 -0.00588734 0.421689
0.004885 2155.53 0.0634451 273408 -0.0790299 0.433558
0.001325 1260.66 0.168005 273408 0.055509 0.743762
0.002575 1949 0.103393 273408 0.0261124 0.481045
0.002305 1815.61 0.116122 273408 0.0355409 0.516351
0.001055 1111.12 0.1813 273408 0.0563084 0.844119
0.002985 2120.85 0.0868082 273408 0.00974783 0.442081
0.000775 975.686 0.192992 273408 0.0552439 0.961724
0.001925 1608.99 0.135782 273408 0.0462783 0.582615
0.000785 980.029 0.192623 273408 0.0553077 0.957446
0.003845 2291.5 0.0652635 273408 -0.0320558 0.408916
0.001935 1614.66 0.135247 273408 0.0460401 0.580571
0.000795 984.413 0.192249 273408 0.0553701 0.953165
0.004165 2281.98 0.0622852 273408 -0.0484186 0.410384
0.001945 1620.31 0.134712 273408 0.0457994 0.578545
0.000805 988.839 0.191872 273408 0.0554308 0.948882
0.003855 2291.59 0.0651288 273408 -0.0325681 0.408894
0.003525 2262.96 0.0710122 273408 -0.0157588 0.414221
0.000815 993.306 0.191491 273408 0.0554898 0.944598
0.001955 1625.96 0.134178 273408 0.0455561 0.576537
0.003865 2291.66 0.0649968 273408 -0.0330805 0.408875
0.004175 2281 0.0622353 273408 -0.048919 0.410551
0.003535 2264.5 0.0707906 273408 -0.0162604 0.413936
0.000825 997.814 0.191107 273408 0.0555474 0.940315
0.001965 1631.59 0.133645 273408 0.0453103 0.574547
0.003875 2291.7 0.0648675 273408 -0.0335929 0.40886
0.007045 379.488 0.232077 273408 0.0178592 2.49805
0.004185 2280 0.0621878 273408 -0.049419 0.410721
0.000835 1002.36 0.190718 273408 0.0556033 0.936034
0.003545 2266.02 0.0705718 273408 -0.0167629 0.413654
0.001975 1637.22 0.133112 273408 0.0450619 0.572574
0.003885 2291.73 0.064741 273408 -0.0341061 0.408849
0.005765 1578.79 0.10331 273409 -0.0809477 0.591258
0.007055 379.22 0.232132 273408 0.0176216 2.49991
0.000845 1006.95 0.190326 273408 0.0556572 0.931755
0.004195 2278.98 0.0621428 273408 -0.0499183 0.410896
0.003555 2267.53 0.0703556 273408 -0.0172662 0.413377
0.001985 1642.83 0.132581 273408 0.044811 0.570618
0.003895 2291.74 0.0646172 273408 -0.0346199 0.408842
0.005775 1558.3 0.105031 273409 -0.0797017 0.599045
0.000855 1011.57 0.18993 273408 0.0557092 0.92748
0.007065 378.961 0.232184 273408 0.0173803 2.50172
0.004205 2277.94 0.0621002 273408 -0.050417 0.411074
0.001995 1648.43 0.13205 273408 0.0445576 0.56868
0.003905 2291.72 0.0644961 273408 -0.0351343 0.408838
0.003565 2269.01 0.0701421 273408 -0.0177704 0.413103
0.005785 1537.8 0.106753 273409 -0.0784432 0.607049
0.000865 1016.23 0.18953 273408 0.0557594 0.92321
0.007075 378.708 0.232233 273408 0.0171354 2.50348
0.004215 2276.88 0.0620601 273408 -0.050915 0.411255
0.006725 410.711 0.226769 273408 0.0218348 2.30221
0.002005 1654.02 0.13152 273408 0.0443017 0.566759
0.003915 2291.69 0.0643778 273408 -0.0356472 0.408838
0.003575 2270.46 0.0699312 273408 -0.0182755 0.412834
0.005795 1517.27 0.108476 273409 -0.0771707 0.615281
0.000875 1020.93 0.189126 273408 0.0558077 0.918946
0.007085 378.461 0.232279 273408 0.0168872 2.50519
0.004225 2275.8 0.0620225 273408 -0.0514122 0.411441
0.002015 1659.6 0.130991 273408 0.0440434 0.564854
0.003925 2291.63 0.0642621 273408 -0.0361606 0.408841
0.006735 408.513 0.227103 273408 0.0218881 2.3149
0.003585 2271.9 0.0697231 273408 -0.0187816 0.412569
0.005805 1496.71 0.1102 273409 -0.0758832 0.623749
0.000885 1025.67 0.188719 273408 0.055854 0.914688
0.007095 378.22 0.232322 273408 0.0166357 2.50687
0.004235 2274.7 0.0619872 273408 -0.0519087 0.41163
0.002025 1665.17 0.130462 273408 0.0437826 0.562967
0.003935 2291.55 0.0641491 273408 -0.0366743 0.408848
0.006745 406.396 0.22742 273408 0.0219227 2.32725
0.003595 2273.32 0.0695177 273408 -0.0192888 0.412308
0.005815 1476.14 0.111925 273409 -0.0745793 0.632464
0.000895 1030.44 0.188309 273408 0.0558983 0.910438
0.007105 377.982 0.232363 273408 0.0163813 2.50853
0.004245 2273.58 0.0619543 273408 -0.0524043 0.411823
0.002035 1670.72 0.129935 273408 0.0435193 0.561096
0.003945 2291.46 0.0640388 273408 -0.0371881 0.408859
0.006755 404.355 0.227723 273408 0.0219519 2.33928
0.003605 2274.7 0.069315 273406 -0.0197932 0.412051
0.005825 1455.54 0.11365 273409 -0.0732578 0.641436
0.000905 1035.24 0.187895 273408 0.0559406 0.906196
0.007115 377.748 0.232401 273408 0.0161239 2.51016
0.004255 2272.45 0.0619238 273408 -0.052899 0.412019
0.002045 1676.26 0.129408 273408 0.0432536 0.559241
0.003955 2291.34 0.0639312 273408 -0.037702 0.408873
0.006765 402.64 0.228011 273408 0.0219624 2.34952
0.003615 2275.7 0.0691149 273408 -0.0203022 0.411868
0.000915 1040.09 0.187478 273408 0.0559808 0.901964
0.005835 1434.92 0.115375 273409 -0.0719174 0.650676
0.007125 377.516 0.232436 273408 0.0158639 2.51177
0.002055 1681.8 0.128883 273408 0.0429855 0.557403
0.004265 2271.29 0.0618957 273408 -0.0533927 0.41222
0.003965 2291.2 0.0638264 273408 -0.0382159 0.408892
0.006775 400.997 0.228286 273408 0.0219807 2.35942
0.003625 2276.67 0.0689176 273408 -0.020808 0.411689
0.000925 1044.96 0.187057 273408 0.056019 0.897742
0.007135 377.285 0.232469 273408 0.015601 2.51337
0.005845 1414.28 0.1171 273409 -0.0705569 0.660196
0.002065 1687.31 0.128358 273408 0.042715 0.555581
0.003975 2291.04 0.0637242 273408 -0.0387298 0.408913
0.004275 2270.11 0.0618699 273408 -0.0538853 0.412423
0.006785 399.424 0.228547 273408 0.0219852 2.36898
0.003635 2277.62 0.068723 273408 -0.0213142 0.411513
0.005445 2065.08 0.063167 273408 -0.0742489 0.451986
0.000935 1049.87 0.186633 273408 0.056055 0.893531
0.007145 377.056 0.2325 273408 0.015339 2.51497
0.005855 1393.63 0.118825 273409 -0.0691751 0.670009
0.002075 1692.82 0.127835 273408 0.042442 0.553775
0.004285 2268.91 0.0618464 273408 -0.0543768 0.412631
0.006795 397.915 0.228794 273408 0.0219647 2.37821
0.003985 2290.85 0.0636247 273408 -0.0392438 0.408939
0.003645 2278.55 0.068531 273408 -0.021821 0.411342
0.005455 2064.86 0.0630808 273408 -0.0739591 0.452032
0.000945 1054.81 0.186205 273408 0.0560888 0.889331
0.005865 1372.96 0.120548 273409 -0.0677706 0.680127
0.002085 1698.31 0.127312 273408 0.0421668 0.551985
0.007155 376.826 0.232529 273408 0.0150691 2.51656
0.006085 973.755 0.159063 273410 -0.0350975 0.960583
0.004295 2267.69 0.0618252 273408 -0.0548671 0.412842
0.006805 396.468 0.22903 273408 0.0219106 2.38715
0.003995 2290.65 0.0635279 273408 -0.0397576 0.408968
0.003655 2279.45 0.0683418 273408 -0.0223282 0.411174
0.005465 2064.69 0.0629923 273408 -0.0736776 0.452066
0.000955 1059.78 0.185775 273408 0.0561204 0.885145
0.005875 1352.27 0.122271 273409 -0.0663423 0.690564
0.002095 1703.79 0.126791 273408 0.0418891 0.550211
0.007165 376.684 0.232556 273408 0.0147984 2.51757
0.006095 957.522 0.160755 273410 -0.0335211 0.97698
0.004305 2266.45 0.0618063 273408 -0.055356 0.413057
0.006815 395.077 0.229254 273408 0.0218249 2.39579
0.004005 2290.42 0.0634337 273408 -0.0402715 0.409001
0.003665 2280.34 0.0681552 273408 -0.022836 0.41101
0.005475 2064.59 0.0629016 273408 -0.0734056 0.452087
0.005885 1331.57 0.123993 273409 -0.0648887 0.701334
0.002105 1709.26 0.126271 273408 0.0416091 0.548453
0.007175 376.541 0.232581 273408 0.0145332 2.51857
0.006105 941.393 0.162436 273410 -0.0319471 0.993836
0.004315 2265.2 0.0617897 273408 -0.0558434 0.413276
0.006825 393.739 0.229466 273408 0.0217189 2.40417
0.004015 2290.18 0.0633423 273408 -0.0407852 0.409037
0.003675 2281.2 0.0679714 273408 -0.0233443 0.41085
0.005895 1310.85 0.125713 273409 -0.0634085 0.712453
0.005485 2064.54 0.0628088 273408 -0.0731423 0.452095
0.002115 1714.71 0.125751 273408 0.0413268 0.546709
0.007185 376.398 0.232605 273408 0.0142627 2.51958
0.006115 925.37 0.164105 273410 -0.0303777 1.01117
0.004325 2263.92 0.0617752 273408 -0.0563293 0.413499
0.006835 392.451 0.229667 273408 0.0216078 2.41229
0.004025 2289.91 0.0632535 273408 -0.0412987 0.409077
0.003685 2282.05 0.0677903 273408 -0.0238531 0.410693
0.005905 1290.13 0.127431 273410 -0.0618987 0.723936
0.005495 2064.54 0.062714 273408 -0.0728895 0.452092
0.002125 1720.15 0.125233 273408 0.0410421 0.544982
0.007195 376.254 0.232627 273408 0.0139905 2.5206
0.006125 909.454 0.165762 273410 -0.0288154 1.02899
0.004335 2262.63 0.061763 273408 -0.0568134 0.413725
0.006845 391.402 0.229858 273408 0.0214935 2.41897
0.004035 2289.62 0.0631673 273408 -0.0418121 0.409121
0.003695 2282.87 0.0676119 273408 -0.0243625 0.410541
0.005915 1269.4 0.129146 273410 -0.0603652 0.735799
0.005505 2064.61 0.0626173 273408 -0.0726639 0.452077
0.002135 1725.58 0.124716 273408 0.0407552 0.543269
0.007205 376.107 0.232648 273408 0.0137165 2.52163
0.004345 2261.31 0.0617529 273408 -0.0572957 0.413954
0.006135 893.648 0.167406 273410 -0.0272625 1.04733
0.006855 390.4 0.230039 273408 0.0213852 2.4254
0.004045 2289.31 0.0630838 273408 -0.0423253 0.409169
0.006405 569.89 0.20494 273409 0.00731115 1.64989
0.003705 2283.67 0.0674362 273408 -0.0248725 0.410392
0.005925 1248.67 0.130859 273410 -0.0586039 0.748061
0.005515 2064.72 0.0625189 273408 -0.0716558 0.452051
0.002145 1730.99 0.1242 273408 0.040466 0.541572
0.007215 375.959 0.232667 273408 0.0134406 2.52267
0.004355 2259.98 0.061745 273408 -0.0577759 0.414188
0.006145 877.953 0.169038 273410 -0.0257203 1.06619
0.006865 389.441 0.23021 273408 0.0212695 2.43158
0.004055 2288.98 0.063003 273408 -0.0428383 0.40922
0.003715 2284.45 0.0672632 273408 -0.025383 0.410247
0.001695 1476.42 0.148221 273408 0.0510208 0.63494
0.006415 561.584 0.206007 273409 0.00823877 1.67462
0.005935 1227.98 0.132569 273416 -0.0572399 0.760732
0.005525 2064.43 0.0624497 273350 -0.0909775 0.452019
0.002155 1736.39 0.123686 273408 0.0401745 0.539889
0.007225 375.807 0.232685 273408 0.0131678 2.52373
0.004365 2258.63 0.0617393 273408 -0.0582541 0.414424
0.006155 862.37 0.170656 273410 -0.0241869 1.0856
0.006875 388.523 0.230372 273408 0.0211434 2.43752
0.004065 2288.63 0.0629248 273408 -0.0433511 0.409275
0.003725 2285.21 0.067093 273408 -0.0258941 0.410105
0.001705 1482.26 0.147677 273408 0.0508448 0.63244
0.005945 1210.47 0.134389 273409 -0.0568086 0.771764
0.005535 2044.74 0.0641114 273409 -0.110016 0.456461
0.006425 553.464 0.207049 273409 0.00913649 1.69953
0.002165 1741.77 0.123172 273408 0.0398807 0.538221
0.007235 375.652 0.232702 273408 0.012885 2.52481
0.004375 2257.26 0.0617356 273408 -0.05873 0.414665
0.006165 846.9 0.172261 273410 -0.0226588 1.10559
0.006885 387.643 0.230526 273408 0.0210055 2.44325
0.004075 2288.26 0.0628492 273408 -0.0438635 0.409333
0.003735 2285.95 0.0669255 273408 -0.0264058 0.409968
0.005955 1193.06 0.136204 273409 -0.0552632 0.78308
0.001715 1488.08 0.147134 273408 0.050666 0.629961
0.005545 2024.6 0.0658041 273408 -0.107704 0.460998
0.002175 1747.14 0.12266 273408 0.0395848 0.536568
0.006435 545.528 0.208063 273409 0.0100025 1.72459
0.007245 375.575 0.232717 273408 0.012602 2.52537
0.004385 2255.87 0.061734 273408 -0.0592038 0.414909
0.006175 831.545 0.173851 273410 -0.0210243 1.12616
0.004085 2287.87 0.0627762 273408 -0.0443756 0.409395
0.006895 386.797 0.230671 273408 0.0208566 2.44878
0.003745 2286.67 0.0667607 273408 -0.026918 0.409834
0.005965 1175.72 0.138012 273409 -0.0537662 0.794688
0.001725 1493.91 0.146591 273408 0.0504843 0.627504
0.005555 2004.45 0.0674972 273408 -0.106475 0.465627
0.002185 1752.5 0.122149 273408 0.0392866 0.534929
0.006445 537.773 0.209052 273409 0.010835 1.74981
0.007255 375.494 0.232732 273408 0.0123275 2.52595
0.004395 2254.46 0.0617345 273408 -0.0596754 0.415157
0.006185 816.318 0.175426 273413 -0.0190831 1.14735
0.004095 2287.45 0.0627058 273408 -0.0448874 0.409461
0.006905 385.984 0.230808 273408 0.0206989 2.45412
0.003755 2287.36 0.0665987 273408 -0.0274309 0.409704
0.005975 1158.44 0.139812 273409 -0.0522505 0.806599
0.001735 1499.73 0.146048 273408 0.0502999 0.625068
0.005565 1984.31 0.0691907 273408 -0.10521 0.470352
0.002195 1757.84 0.121639 273408 0.0389862 0.533305
0.006455 530.196 0.210014 273409 0.0116333 1.77517
0.007265 375.409 0.232745 273408 0.0120471 2.52655
0.004405 2253.04 0.0617369 273408 -0.0601452 0.415408
0.006195 803.051 0.176986 273410 -0.0181391 1.16647
0.004105 2287.02 0.0626381 273408 -0.0453978 0.409531
0.006915 385.2 0.230937 273408 0.0205331 2.45929
0.005985 1141.24 0.141605 273409 -0.0507267 0.818821
0.003765 2288.04 0.0664394 273408 -0.0279444 0.409578
0.001745 1505.54 0.145505 273408 0.0501127 0.622654
0.005575 1964.16 0.0708848 273408 -0.103956 0.475175
0.002205 1763.17 0.121131 273408 0.0386836 0.531695
0.007275 375.321 0.232758 273408 0.0117656 2.52718
0.006465 522.793 0.210951 273409 0.0124142 1.80066
0.004415 2251.59 0.0617414 273408 -0.0606133 0.415663
0.006205 789.952 0.178527 273410 -0.0166978 1.18599
0.004115 2286.55 0.0625729 273406 -0.0459042 0.409604
0.006925 384.592 0.231059 273408 0.02036 2.46335
0.005995 1124.11 0.14339 273409 -0.0491942 0.831366
0.003775 2288.69 0.0662828 273408 -0.0284584 0.409456
0.001755 1511.35 0.144962 273408 0.0499227 0.62026
0.002215 1768.48 0.120624 273408 0.0383788 0.530099
0.005585 1944 0.0725796 273408 -0.102712 0.4801
0.007285 375.227 0.23277 273408 0.011483 2.52784
0.006475 515.561 0.211861 273409 0.0132421 1.82628
0.004425 2250.13 0.0617478 273408 -0.0610802 0.415921
0.006215 777.012 0.180051 273410 -0.0152832 1.20593
0.004125 2285.69 0.0625103 273408 -0.0464127 0.409752
0.006935 384.011 0.231175 273408 0.020185 2.46723
0.006005 1107.06 0.145167 273409 -0.0476533 0.844243
0.003785 2289.33 0.066129 273408 -0.028973 0.409337
0.001765 1517.15 0.144419 273408 0.04973 0.617887
0.002225 1773.78 0.120118 273408 0.0380719 0.528517
0.005595 1923.84 0.0742753 273408 -0.101476 0.485131
0.007295 375.129 0.232781 273408 0.011199 2.52853
0.006485 509.205 0.212744 273408 0.0138076 1.84943
0.004435 2248.65 0.0617561 273408 -0.0615465 0.416183
0.006225 764.233 0.181555 273410 -0.0138789 1.22629
0.004135 2284.79 0.0624502 273408 -0.0469144 0.409905
0.006945 383.456 0.231283 273408 0.0200015 2.47096
0.006015 1090.09 0.146936 273410 -0.0461045 0.857463
0.003795 2289.94 0.0659779 273408 -0.0294882 0.409222
0.002235 1779.06 0.119614 273408 0.0377628 0.526949
0.001775 1522.95 0.143876 273408 0.0495345 0.615534
0.005605 1903.66 0.0759718 273408 -0.100248 0.49027
0.007305 375.026 0.232791 273408 0.0109209 2.52926
0.006495 503.03 0.213601 273408 0.0144709 1.8725
0.004445 2247.16 0.0617663 273408 -0.0620128 0.416448
0.000445 859.784 0.202683 273408 0.0526183 1.09198
0.004545 2230.02 0.0619647 273408 -0.0667249 0.419525
0.004455 2245.65 0.0617784 273408 -0.0624798 0.416717
0.000455 862.426 0.202466 273408 0.0527021 1.08862
0.003335 2225.49 0.0757236 273408 -0.00637205 0.421249
0.004555 2228.03 0.0619933 273408 -0.0671934 0.419888
0.004465 2244.11 0.0617923 273408 -0.0629481 0.416989
0.000465 865.127 0.202244 273408 0.0527862 1.0852
0.004895 2153.24 0.0634929 273408 -0.0792808 0.434004
0.004565 2226.02 0.0620234 273408 -0.067658 0.420255
0.003345 2227.78 0.0754521 273408 -0.00685779 0.420814
0.004475 2242.56 0.0618079 273408 -0.0634182 0.417265
0.000475 867.886 0.202017 273408 0.0528707 1.08173
0.002315 1820.77 0.115629 273408 0.0352153 0.51489
0.004575 2223.99 0.0620549 273408 -0.0681171 0.420625
0.004905 2150.96 0.0635402 273408 -0.0795242 0.434451
0.000485 870.703 0.201785 273408 0.0529555 1.07822
0.003355 2230.05 0.0751832 273408 -0.00734455 0.420384
0.004585 2221.94 0.0620877 273408 -0.0685697 0.421
0.001065 1116.41 0.180837 273408 0.0563137 0.840113
0.002325 1825.91 0.115138 273408 0.0348877 0.513441
0.004915 2148.68 0.0635869 273408 -0.0797597 0.434898
0.000495 873.578 0.201547 273408 0.0530405 1.07465
0.003365 2232.3 0.0749168 273408 -0.00783233 0.419958
0.004595 2219.88 0.0621219 273408 -0.0690149 0.421378
0.002335 1831.03 0.114648 273408 0.0345582 0.512005
0.004925 2146.4 0.0636329 273408 -0.0799871 0.435346
0.001075 1121.71 0.180372 273408 0.0563166 0.836127
0.000505 876.51 0.201305 273408 0.0531255 1.07104
0.004605 2217.8 0.0621573 273408 -0.0694522 0.421761
0.003375 2234.52 0.0746531 273408 -0.00832113 0.419537
0.004935 2144.13 0.0636781 273408 -0.0802063 0.435794
0.002345 1836.14 0.114159 273408 0.0342267 0.510582
0.001085 1127.04 0.179903 273408 0.0563168 0.83216
0.000515 879.5 0.201058 273408 0.0532107 1.06738
0.004615 2215.7 0.0621939 273408 -0.0698812 0.422147
0.003385 2236.73 0.0743919 273408 -0.00881097 0.419121
0.002585 1953.69 0.102947 273408 0.0257404 0.479889
0.004945 2141.87 0.0637224 273408 -0.0804169 0.436241
0.000525 882.545 0.200806 273408 0.0532959 1.06368
0.002355 1841.24 0.113672 273408 0.0338933 0.509171
0.001095 1132.4 0.179432 273408 0.0563145 0.828215
0.004625 2213.59 0.0622317 273408 -0.0703019 0.422536
0.003395 2238.91 0.0741334 273408 -0.00930184 0.41871
0.004955 2139.61 0.0637659 273408 -0.0806187 0.436689
0.002595 1958.37 0.102503 273408 0.0253668 0.478744
0.000535 885.647 0.200549 273408 0.0533809 1.05994
0.002365 1846.32 0.113187 273408 0.033558 0.507772
0.004635 2211.46 0.0622706 273408 -0.0707146 0.422929
0.001105 1137.77 0.178959 273408 0.0563095 0.82429
0.003405 2241.08 0.0738775 273408 -0.00979376 0.418303
0.002605 1963.03 0.10206 273408 0.0249919 0.477608
0.004965 2137.35 0.0638083 273408 -0.0808115 0.437136
0.000545 888.805 0.200287 273408 0.0534659 1.05615
0.002375 1851.38 0.112704 273408 0.0332208 0.506385
0.004645 2209.33 0.0623105 273408 -0.0711196 0.423325
0.001115 1143.17 0.178483 273408 0.056302 0.820386
0.003415 2243.22 0.0736242 273408 -0.0102867 0.417901
0.002615 1967.68 0.10162 273408 0.0246156 0.476482
0.004975 2135.11 0.0638496 273408 -0.0809949 0.437582
0.000555 892.017 0.200021 273408 0.0535507 1.05233
0.002385 1856.42 0.112222 273408 0.0328817 0.50501
0.002995 2124.36 0.0864503 273408 0.00931509 0.441348
0.004655 2207.18 0.0623515 273408 -0.0715172 0.423724
0.002625 1972.3 0.101181 273408 0.0242379 0.475366
0.001125 1148.59 0.178005 273408 0.0562918 0.816504
0.003425 2245.34 0.0733735 273408 -0.0107808 0.417503
0.004985 2132.87 0.0638898 273408 -0.0811683 0.438027
0.000565 895.285 0.199749 273408 0.0536352 1.04847
0.002395 1861.45 0.111741 273408 0.0325408 0.503648
0.004665 2205.01 0.0623935 273408 -0.0719079 0.424126
0.003005 2127.86 0.0860947 273408 0.00888068 0.440622
0.002635 1976.91 0.100745 273408 0.0238589 0.474259
0.001135 1154.04 0.177524 273408 0.0562789 0.812644
0.003435 2247.44 0.0731255 273408 -0.0112759 0.41711
0.004995 2130.65 0.0639287 273408 -0.0813269 0.438472
0.000575 898.607 0.199473 273408 0.0537195 1.04458
0.002405 1866.46 0.111263 273408 0.0321981 0.502297
0.004675 2202.84 0.0624363 273408 -0.072292 0.424531
0.002645 1981.49 0.10031 273408 0.0234785 0.473162
0.003015 2131.34 0.0857414 273408 0.00844462 0.439903
0.001145 1159.5 0.177041 273408 0.0562634 0.808806
0.005005 2128.41 0.0639663 273408 -0.0814829 0.43892
0.003445 2249.52 0.0728801 273408 -0.011772 0.416722
0.000585 901.983 0.199192 273408 0.0538033 1.04065
0.004685 2200.65 0.0624801 273408 -0.0726701 0.424939
0.002655 1986.06 0.099878 273408 0.0230969 0.472074
0.002415 1871.45 0.110786 273408 0.0318536 0.500958
0.003025 2134.8 0.0853905 273408 0.00800693 0.439189
0.001155 1164.98 0.176556 273408 0.0562451 0.804991
0.005015 2126.18 0.0640025 273408 -0.0816189 0.439366
0.000595 905.413 0.198907 273408 0.0538867 1.03669
0.003455 2251.57 0.0726374 273407 -0.012266 0.416338
0.004695 2198.46 0.0625246 273408 -0.0730422 0.42535
0.002665 1990.61 0.0994475 273408 0.0227139 0.470996
0.002425 1876.43 0.11031 273408 0.0315073 0.499631
0.003035 2138.24 0.085042 273408 0.00756761 0.438482
0.001165 1170.48 0.176068 273408 0.0562242 0.801198
0.005025 2123.97 0.0640372 273408 -0.081739 0.439811
0.000605 908.895 0.198616 273408 0.0539696 1.0327
0.003465 2253.27 0.0723973 273408 -0.0127657 0.416023
0.004705 2196.26 0.0625699 273408 -0.0734087 0.425763
0.002675 1995.15 0.0990192 273408 0.0223297 0.469926
0.002435 1881.39 0.109837 273408 0.0311592 0.498315
0.003045 2141.66 0.0846958 273408 0.00712717 0.437781
0.001175 1176 0.175579 273408 0.0562005 0.797428
0.005035 2121.78 0.0640703 273408 -0.0818436 0.440253
0.000615 912.43 0.198321 273408 0.0540519 1.02868
0.003475 2254.93 0.0721598 273408 -0.0132627 0.415712
0.004715 2194.04 0.0626159 273408 -0.0737697 0.426179
0.002685 1999.66 0.0985929 273408 0.0219443 0.468866
0.002445 1886.33 0.109365 273408 0.0308094 0.49701
0.003055 2145.06 0.0843521 273407 0.00668712 0.437086
0.001185 1181.54 0.175087 273408 0.056174 0.793682
0.005045 2119.6 0.0641018 273408 -0.0819323 0.440693
0.004725 2191.82 0.0626625 273408 -0.0741253 0.426598
0.000625 916.017 0.198021 273408 0.0541336 1.02464
0.002695 2004.16 0.0981686 273408 0.0215577 0.467815
0.003485 2256.58 0.071925 273408 -0.0137604 0.415406
0.002455 1891.26 0.108895 273408 0.0304579 0.495717
0.001195 1187.09 0.174593 273408 0.0561448 0.789959
0.005055 2117.44 0.0641315 273408 -0.0820051 0.44113
0.003065 2148.24 0.0840107 273408 0.00623957 0.436439
0.004735 2189.59 0.0627097 273408 -0.0744755 0.427018
0.002705 2008.64 0.0977464 273408 0.0211699 0.466773
0.000635 919.656 0.197717 273408 0.0542146 1.02057
0.003495 2258.21 0.0716928 273408 -0.0142589 0.415103
0.002465 1896.16 0.108426 273408 0.0301047 0.494435
0.001205 1192.66 0.174097 273408 0.0561129 0.786259
0.005065 2115.3 0.0641593 273408 -0.0820616 0.441563
0.003075 2151.4 0.0836717 273408 0.00579285 0.435798
0.004745 2187.35 0.0627574 273408 -0.0748204 0.427442
0.001335 1266.4 0.167487 273408 0.0554401 0.740382
0.004755 2185.11 0.0628056 273408 -0.0751598 0.427867
0.006235 751.616 0.18304 273410 -0.0124997 1.24707
0.001345 1272.15 0.166967 273408 0.0553682 0.737026
0.004765 2182.86 0.0628542 273408 -0.0754937 0.428295
0.001785 1528.74 0.143334 273408 0.0493363 0.613202
0.005615 1883.48 0.0776695 273408 -0.0990277 0.495523
0.006245 739.163 0.184506 273410 -0.0110679 1.2683
0.001355 1277.92 0.166447 273408 0.0552935 0.733695
0.004775 2180.6 0.0629031 273408 -0.075822 0.428724
0.004145 2283.87 0.0623927 273408 -0.0474162 0.410061
0.001795 1534.52 0.142792 273408 0.0491353 0.61089
0.006255 726.874 0.185951 273409 -0.00993174 1.28995
0.005625 1863.29 0.0793684 273408 -0.0978141 0.500894
0.004785 2178.33 0.0629523 273408 -0.0761447 0.429156
0.001365 1283.69 0.165924 273408 0.0552158 0.73039
0.004155 2282.93 0.0623377 273408 -0.0479176 0.41022
0.001805 1540.3 0.14225 273408 0.0489316 0.608599
0.006265 714.749 0.187376 273410 -0.00840893 1.31206
0.005635 1843.09 0.0810685 273408 -0.0966065 0.506386
0.004795 2176.07 0.0630017 273408 -0.0764615 0.429589
0.001375 1289.47 0.165401 273408 0.0551352 0.727109
0.001815 1546.07 0.141709 273408 0.0487252 0.606327
0.006275 702.79 0.18878 273410 -0.00718189 1.33462
0.006955 382.924 0.231386 273408 0.0198112 2.47454
0.006025 1073.2 0.148697 273410 -0.0445483 0.871036
0.006285 690.996 0.190162 273410 -0.00590562 1.35764
0.006965 382.413 0.231483 273408 0.019614 2.47799
0.003805 2290.53 0.0658295 273408 -0.0300038 0.409111
0.006505 497.03 0.214432 273408 0.0150993 1.89547
0.006035 1056.39 0.150448 273410 -0.0429856 0.884976
0.006295 679.368 0.191523 273410 -0.00465863 1.38112
0.006975 381.922 0.231574 273408 0.0194103 2.48132
0.007315 374.917 0.2328 273408 0.0106291 2.53002
0.003815 2291.09 0.065684 273406 -0.0305171 0.409004
0.006045 1039.68 0.152191 273410 -0.0414174 0.899292
0.006515 491.199 0.215237 273408 0.0155712 1.91834
0.006985 381.448 0.231659 273408 0.0192019 2.48453
0.006305 667.904 0.192862 273410 -0.00343656 1.40508
0.007325 374.88 0.232809 273408 0.0103375 2.53029
0.003825 2291.25 0.0655411 273408 -0.0310328 0.408971
0.006525 485.534 0.216016 273408 0.0161336 1.94109
0.006055 1023.05 0.153924 273410 -0.0398448 0.913998
0.006995 380.99 0.23174 273408 0.0189861 2.48765
0.006315 656.604 0.194178 273410 -0.00224078 1.42953
0.002715 2013.1 0.0973263 273408 0.0207809 0.465739
0.007335 374.838 0.232817 273408 0.010058 2.5306
0.003835 2291.38 0.0654009 273408 -0.0315437 0.408941
0.006535 480.03 0.216769 273408 0.0167896 1.96372
0.006065 1006.52 0.155647 273410 -0.0382683 0.929106
0.007005 380.663 0.231816 273408 0.0187665 2.4899
0.006325 645.468 0.195472 273410 -0.00106904 1.45446
0.002725 2017.54 0.0969083 273408 0.0203908 0.464715
0.007345 374.79 0.232825 273408 0.00977153 2.53094
0.006545 474.681 0.217497 273408 0.0172844 1.98622
0.006075 990.09 0.157361 273410 -0.0366785 0.94463
0.007015 380.351 0.231887 273408 0.0185476 2.49206
0.006335 634.494 0.196742 273410 0.000131302 1.47989
0.007355 374.737 0.232832 273408 0.00948451 2.53132
0.002735 2021.96 0.0964924 273408 0.0199995 0.463699
0.003505 2259.81 0.0714633 273408 -0.0147581 0.414805
0.002475 1901.06 0.107959 273408 0.0297498 0.493165
0.002745 2026.37 0.0960787 273408 0.0196071 0.462691
0.003515 2261.4 0.0712364 273408 -0.015258 0.414511
0.001215 1198.25 0.173599 273408 0.0560781 0.782584
0.005075 2113.19 0.0641853 273408 -0.0821016 0.441993
0.003085 2154.53 0.0833351 273408 0.00534458 0.435162
0.005645 1822.87 0.08277 273408 -0.0954039 0.512005
0.005085 2111.09 0.0642092 273408 -0.0821251 0.442419
0.001385 1295.26 0.164876 273408 0.0550518 0.723854
0.003095 2157.65 0.083001 273408 0.00489459 0.434532
0.005095 2109.03 0.064231 273408 -0.0821319 0.442841
0.005655 1802.64 0.0844729 273408 -0.0942054 0.517754
0.001825 1551.83 0.141168 273408 0.048516 0.604076
0.003105 2160.75 0.0826692 273408 0.0044429 0.433908
0.001395 1301.06 0.16435 273408 0.0549654 0.720623
0.005105 2106.99 0.0642507 273408 -0.0821218 0.443257
0.005665 1782.39 0.0861773 273408 -0.0930099 0.52364
0.001835 1557.58 0.140627 273408 0.0483042 0.601844
0.006555 469.481 0.218201 273408 0.0177486 2.00859
0.003115 2163.83 0.0823398 273408 0.00398954 0.433289
0.001405 1306.86 0.163823 273408 0.054876 0.717418
0.005115 2104.98 0.0642681 273408 -0.0820949 0.443669
0.005675 1762.12 0.0878833 273408 -0.0918162 0.529667
0.001845 1563.33 0.140087 273408 0.0480897 0.599631
0.006565 464.426 0.21888 273408 0.0181848 2.03082
0.003125 2166.89 0.0820129 273408 0.00353452 0.432677
0.001415 1312.67 0.163295 273408 0.0547838 0.714237
0.005685 1741.84 0.089591 273408 -0.0906233 0.53584
0.001855 1569.07 0.139547 273408 0.0478725 0.597438
0.006575 459.511 0.219535 273409 0.0186295 2.05292
0.003135 2169.93 0.0816884 273408 0.00307785 0.432069
0.007025 380.052 0.231954 273408 0.0183224 2.49413
0.006345 623.684 0.197989 273411 0.00151314 1.50584
0.003145 2172.95 0.0813664 273408 0.00261956 0.431468
0.002755 2030.75 0.0956671 273408 0.0192136 0.461692
0.007035 379.765 0.232017 273408 0.0180929 2.49613
0.003155 2175.95 0.0810468 273408 0.00215966 0.430871
0.006355 614.243 0.199212 273409 0.00227531 1.52927
0.002485 1905.93 0.107495 273408 0.0293932 0.491905
0.001225 1203.85 0.1731 273408 0.0560406 0.778932
0.001425 1318.49 0.162766 273408 0.0546887 0.711081
0.002495 1910.79 0.107031 273408 0.029035 0.490656
0.001235 1209.47 0.172598 273408 0.0560002 0.775304
0.001865 1574.8 0.139007 273408 0.0476527 0.595264
0.005695 1721.53 0.0913002 273408 -0.0894297 0.542167
0.002505 1915.62 0.10657 273408 0.0286751 0.489418
0.001245 1215.11 0.172094 273408 0.0559571 0.771701
0.001435 1324.31 0.162236 273408 0.0545906 0.70795
0.006585 455.247 0.220166 273408 0.0189498 2.07251
0.001875 1580.52 0.138468 273408 0.0474302 0.593109
0.002515 1920.44 0.106111 273408 0.0283137 0.48819
0.005705 1701.21 0.0930111 273409 -0.0882343 0.548651
0.001255 1220.76 0.171589 273408 0.0559111 0.768122
0.001445 1330.14 0.161705 273408 0.0544896 0.704843
0.001885 1586.23 0.13793 273408 0.047205 0.590973
0.002525 1925.25 0.105653 273408 0.0279506 0.486973
0.006595 451.126 0.220774 273408 0.0193076 2.09181
0.005715 1680.86 0.0947237 273409 -0.0870357 0.5553
0.001265 1226.42 0.171082 273408 0.0558622 0.764568
0.001455 1335.97 0.161173 273408 0.0543857 0.701761
0.001895 1591.94 0.137392 273408 0.0469773 0.588856
0.002535 1930.03 0.105197 273408 0.027586 0.485767
0.005725 1660.49 0.0964379 273409 -0.0858326 0.562121
0.001275 1232.1 0.170573 273408 0.0558105 0.761038
0.002765 2035.12 0.0952576 273408 0.0188191 0.460702
0.006605 447.141 0.221359 273408 0.0196382 2.11081
0.002545 1934.8 0.104743 273408 0.0272199 0.484571
0.001905 1597.63 0.136855 273408 0.0467469 0.586757
0.001465 1341.81 0.16064 273408 0.0542788 0.698704
0.005735 1640.1 0.0981536 273409 -0.0846236 0.569119
0.003165 2178.93 0.0807297 273408 0.00169817 0.430281
0.006365 604.994 0.200409 273409 0.0033355 1.55294
0.005745 1619.69 0.0998709 273409 -0.0834073 0.576303
0.002775 2039.47 0.0948503 273408 0.0184235 0.45972
0.003175 2181.89 0.0804151 273408 0.0012351 0.429696
0.006615 443.29 0.221921 273408 0.0199446 2.12951
0.006375 595.935 0.201581 273409 0.00436348 1.57686
0.005755 1599.25 0.10159 273409 -0.0821825 0.58368
0.002785 2043.8 0.0944451 273408 0.0180268 0.458746
0.002555 1939.55 0.104291 273408 0.0268522 0.483385
0.003185 2184.83 0.0801029 273408 0.000770477 0.429116
0.006625 439.567 0.222461 273408 0.0202254 2.1479
0.006385 587.065 0.202727 273409 0.00537237 1.60099
0.001915 1603.32 0.136318 273408 0.0465139 0.584677
0.001475 1347.65 0.160106 273408 0.0541691 0.695671
0.002795 2048.11 0.0940421 273408 0.0176291 0.45778
0.003195 2187.75 0.0797933 273408 0.000304313 0.428542
0.001485 1353.5 0.159571 273408 0.0540564 0.692663
0.006635 435.968 0.22298 273408 0.0204804 2.16598
0.002805 2052.41 0.0936413 273408 0.0172309 0.456823
0.001495 1359.34 0.159036 273408 0.0539408 0.689679
0.006395 578.383 0.203846 273409 0.0063552 1.62534
0.002815 2056.68 0.0932427 273407 0.0168333 0.455874
0.006645 432.487 0.223478 273408 0.0207102 2.18377
0.001505 1365.2 0.1585 273408 0.0538223 0.68672
0.002825 2060.81 0.0928463 273408 0.0164295 0.454961
0.006655 429.119 0.223955 273408 0.0209175 2.20125
0.002835 2064.92 0.0924522 273407 0.016028 0.454055
0.001515 1371.05 0.157963 273408 0.0537009 0.683784
0.006665 425.86 0.224413 273408 0.0211196 2.21844
0.002845 2068.87 0.0920602 273408 0.0156197 0.453188
0.001525 1376.91 0.157425 273408 0.0535765 0.680872
0.006675 423.08 0.224851 273408 0.0212632 2.23335
0.002855 2072.8 0.0916704 273408 0.0152119 0.452329
0.001535 1382.76 0.156887 273408 0.0534493 0.677985
0.006685 420.408 0.22527 273408 0.0214169 2.24787
0.002865 2076.72 0.0912828 273408 0.0148025 0.451476
0.001545 1388.62 0.156348 273408 0.0533191 0.675121
0.006695 417.839 0.225671 273408 0.0215503 2.26201
0.002875 2080.62 0.0908975 273408 0.0143916 0.450631
0.001555 1394.48 0.155809 273408 0.0531861 0.672281
0.006705 415.37 0.226054 273408 0.0216651 2.27578
0.001565 1400.34 0.155269 273408 0.0530501 0.669465
0.006715 412.995 0.22642 273408 0.0217603 2.28918
0.001575 1406.2 0.154729 273408 0.0529112 0.666672
0.001585 1412.06 0.154188 273408 0.0527695 0.663902
0.001595 1417.92 0.153647 273408 0.0526248 0.661156
