0.007365 316.695 0.232918 126701 0.0223513 1.38821
0.007375 316.676 0.232918 126701 0.0216511 1.38829
0.007385 316.647 0.232918 126701 0.0209417 1.38842
0.007395 316.609 0.232918 126701 0.0202313 1.38859
0.007405 316.562 0.232918 126701 0.0195179 1.38879
0.007415 316.505 0.232918 126701 0.0188415 1.38904
0.007425 316.439 0.232918 126701 0.0180899 1.38933
0.007435 316.508 0.232918 126701 0.0173451 1.38903
0.007445 316.569 0.232918 126701 0.0166773 1.38876
0.007455 316.622 0.232918 126701 0.0159688 1.38853
0.007465 316.667 0.232918 126701 0.0152621 1.38833
0.007475 316.703 0.232918 126701 0.0145547 1.38817
0.007485 316.73 0.232918 126701 0.0138481 1.38805
0.007045 316.694 0.232918 126701 0.0450087 1.38821
0.007495 316.749 0.232918 126701 0.0131499 1.38797
0.007055 316.671 0.232918 126701 0.0443053 1.38832
0.007065 316.639 0.232918 126701 0.0435973 1.38846
0.007075 316.597 0.232918 126701 0.042888 1.38864
0.007505 316.759 0.232918 126701 0.01243 1.38793
0.007085 316.545 0.232918 126701 0.0421751 1.38887
0.007095 316.483 0.232918 126701 0.0414985 1.38914
0.007105 316.411 0.232918 126701 0.0407448 1.38946
0.007115 316.473 0.232918 126701 0.0400084 1.38918
0.007515 316.76 0.232918 126701 0.0117122 1.38792
0.007125 316.529 0.232918 126701 0.0393501 1.38894
0.007135 316.577 0.232918 126701 0.0386487 1.38873
0.007145 316.617 0.232918 126701 0.0379489 1.38855
0.007155 316.649 0.232918 126701 0.0372477 1.38841
0.007525 316.753 0.232918 126701 0.0109813 1.38795
0.007165 316.672 0.232918 126701 0.036548 1.38831
0.007175 316.687 0.232918 126701 0.0358531 1.38824
0.007185 316.693 0.232918 126701 0.035125 1.38821
0.007195 316.691 0.232918 126701 0.0344074 1.38823
0.007535 316.737 0.232918 126701 0.0102846 1.38802
0.007205 316.679 0.232918 126701 0.0336985 1.38828
0.007215 316.658 0.232918 126701 0.0329974 1.38837
0.007225 316.628 0.232918 126701 0.032289 1.3885
0.007235 316.588 0.232918 126701 0.0315791 1.38868
0.007545 316.712 0.232918 126701 0.00957741 1.38813
0.007245 316.538 0.232918 126701 0.0308659 1.3889
0.007255 316.479 0.232918 126701 0.0301891 1.38916
0.007265 316.41 0.232918 126701 0.0294359 1.38946
0.007275 316.476 0.232918 126701 0.028695 1.38917
0.007555 316.678 0.232918 126701 0.00886895 1.38828
0.007285 316.534 0.232918 126701 0.0280315 1.38891
0.007295 316.584 0.232918 126701 0.0273258 1.38869
0.006405 317.605 0.232918 126700 0.0917086 1.38423
0.007305 316.626 0.232918 126701 0.0266218 1.38851
0.007565 316.635 0.232918 126701 0.00815773 1.38847
0.007315 316.659 0.232918 126701 0.0259169 1.38836
0.006415 317.654 0.232918 126700 0.0910161 1.38401
0.007325 316.684 0.232918 126701 0.025213 1.38826
0.006425 317.696 0.232918 126700 0.0903193 1.38383
0.007335 316.7 0.232918 126701 0.0245182 1.38819
0.006435 317.733 0.232918 126700 0.0896145 1.38367
0.007575 316.584 0.232918 126701 0.00748359 1.3887
0.007345 316.708 0.232918 126701 0.0237863 1.38815
0.006445 317.763 0.232918 126700 0.0889003 1.38354
0.007355 316.706 0.232918 126701 0.0230694 1.38816
0.006455 317.786 0.232918 126700 0.0881815 1.38344
0.006465 317.803 0.232918 126700 0.08747 1.38336
0.007585 316.524 0.232918 126701 0.00673584 1.38896
0.004805 320.893 0.232376 126701 0.202187 1.36938
0.006475 317.813 0.232918 126700 0.0867659 1.38332
0.007595 316.6 0.232918 126701 0.00598913 1.38862
0.004815 320.511 0.232427 126701 0.201661 1.37106
0.006085 316.718 0.232918 126700 0.114146 1.3881
0.006485 317.816 0.232918 126700 0.0860543 1.38331
0.007605 316.668 0.232918 126701 0.00531935 1.38833
0.006725 317.018 0.232918 126700 0.0689312 1.38679
0.004825 320.146 0.232475 126701 0.201118 1.37267
0.006495 317.812 0.232918 126700 0.0853608 1.38332
0.006095 316.71 0.232918 126700 0.113421 1.38814
0.007615 316.728 0.232918 126701 0.00460973 1.38806
0.004835 319.796 0.232517 126701 0.200556 1.37422
0.002245 2513.41 0.0337175 126702 0.169935 0.172727
0.006505 317.801 0.232918 126700 0.0846958 1.38337
0.006735 316.975 0.232918 126700 0.0681653 1.38698
0.006105 316.694 0.232918 126700 0.112737 1.38821
0.007625 316.779 0.232918 126701 0.00390208 1.38784
0.004845 319.457 0.232557 126701 0.199975 1.37572
0.006515 317.783 0.232918 126700 0.0840166 1.38345
0.002255 2513.22 0.0335076 126702 0.16881 0.172738
0.006745 316.923 0.232918 126700 0.0673854 1.3872
0.007635 316.822 0.232918 126701 0.00319364 1.38765
0.006115 316.671 0.232918 126700 0.112042 1.38831
0.004855 319.126 0.232592 126701 0.199373 1.37718
0.006525 317.757 0.232918 126700 0.0833203 1.38356
0.002265 2513.01 0.0332985 126702 0.167723 0.172751
0.006755 316.862 0.232918 126700 0.0665897 1.38747
0.007645 316.856 0.232918 126701 0.00248609 1.3875
0.006125 316.641 0.232918 126700 0.111347 1.38844
0.004865 318.8 0.232625 126701 0.19876 1.37863
0.006535 317.724 0.232918 126700 0.0826153 1.38371
0.006765 316.792 0.232918 126701 0.0657784 1.38778
0.002275 2512.78 0.0330899 126702 0.166671 0.172764
0.007655 316.882 0.232918 126701 0.0017797 1.38739
0.006135 316.603 0.232918 126700 0.110645 1.38861
0.002885 2158.73 0.0490828 126702 0.0908313 0.200894
0.004875 318.475 0.232654 126701 0.19812 1.38007
0.006545 317.682 0.232918 126700 0.0819076 1.38389
0.006775 316.711 0.232918 126701 0.0650018 1.38814
0.002285 2512.54 0.0328819 126702 0.165655 0.172779
0.006145 316.557 0.232918 126700 0.10997 1.38881
0.007665 316.899 0.232918 126701 0.00108704 1.38731
0.004885 318.335 0.23268 126701 0.197522 1.3807
0.001925 2268.2 0.0601674 126702 0.247282 0.191414
0.002895 2150.67 0.0494341 126702 0.0906806 0.201644
0.006555 317.633 0.232918 126700 0.0811991 1.38411
0.006785 316.62 0.232918 126701 0.0641809 1.38854
0.002295 2512.29 0.0326742 126702 0.164673 0.172794
0.006155 316.501 0.232918 126700 0.10921 1.38906
0.007675 316.907 0.232918 126701 0.000354651 1.38728
0.004895 318.208 0.232705 126701 0.19696 1.38128
0.001935 2278.91 0.0591837 126702 0.246184 0.190515
0.002905 2142.61 0.0497827 126702 0.0905559 0.2024
0.006565 317.575 0.232918 126700 0.0804892 1.38436
0.002565 2397.48 0.0367966 126702 0.105313 0.180989
0.001285 1481.45 0.130848 126702 0.261923 0.293163
0.006575 317.508 0.232918 126700 0.0797768 1.38465
0.001605 1896.52 0.093722 126702 0.269548 0.228924
0.003205 1907.22 0.0585194 126702 0.0992566 0.227336
0.002575 2390.33 0.0371987 126702 0.104639 0.181526
0.006585 317.433 0.232918 126700 0.0790615 1.38498
0.001295 1494.79 0.129651 126702 0.262648 0.290539
0.000965 1057.6 0.168967 126703 0.223436 0.411255
0.001615 1908.91 0.0926134 126702 0.269281 0.227437
0.005765 316.658 0.232918 126701 0.136765 1.38837
0.002585 2383.17 0.0376004 126702 0.103979 0.182068
0.006595 317.347 0.232918 126700 0.0783426 1.38535
0.001305 1508.13 0.128456 126702 0.263342 0.287964
0.003215 1899.85 0.0587375 126702 0.100093 0.228218
0.001625 1921.26 0.0915086 126702 0.268984 0.225975
0.000975 1070.44 0.16781 126703 0.225031 0.406291
5e-06 375.016 0.229316 126703 0.0984858 1.16969
0.006605 317.253 0.232918 126700 0.0776271 1.38576
0.005775 316.646 0.232918 126701 0.136059 1.38842
0.001315 1521.45 0.127263 126702 0.264004 0.285437
0.001635 1933.56 0.0904076 126702 0.268659 0.224537
0.003225 1892.54 0.0589496 126702 0.100976 0.2291
0.002595 2375.99 0.0380017 126702 0.103334 0.182615
0.000985 1083.34 0.166648 126703 0.226606 0.401427
0.006615 317.148 0.232918 126700 0.0769061 1.38622
0.005785 316.626 0.232918 126701 0.135363 1.38851
0.001325 1534.75 0.126071 126702 0.264635 0.282957
0.001645 1945.82 0.0893103 126702 0.268305 0.223122
0.003235 1885.28 0.0591556 126702 0.101906 0.229982
1.5e-05 375.108 0.229308 126703 0.0985125 1.16939
0.000995 1096.27 0.165483 126703 0.228159 0.396663
0.002605 2368.8 0.0384024 126702 0.102704 0.183166
0.006625 317.044 0.232918 126700 0.0766003 1.38668
0.005795 316.597 0.232918 126701 0.13466 1.38864
0.001335 1548.04 0.12488 126702 0.265234 0.280522
0.000325 443.741 0.223559 126703 0.115523 0.986933
0.001655 1958.03 0.0882167 126702 0.267922 0.221731
0.003245 1878.08 0.0593553 126702 0.102885 0.230864
0.001005 1109.25 0.164313 126703 0.22969 0.391996
0.002615 2361.59 0.0388024 126702 0.102089 0.183721
2.5e-05 375.298 0.229293 126703 0.0985711 1.1688
0.006635 317.048 0.232918 126700 0.0759071 1.38666
0.005805 316.559 0.232918 126701 0.133953 1.3888
0.001345 1561.31 0.123692 126702 0.265801 0.278133
0.001665 1970.19 0.087127 126702 0.267511 0.220362
0.003255 1870.95 0.0595485 126702 0.103914 0.231745
0.000335 448.587 0.223144 126703 0.116653 0.976174
0.002625 2354.37 0.0392018 126702 0.101488 0.184281
0.001015 1122.27 0.163141 126703 0.2312 0.387425
3.5e-05 375.589 0.22927 126703 0.0986558 1.16788
0.005815 316.511 0.232918 126701 0.133239 1.38901
0.006645 317.081 0.232918 126700 0.0747582 1.38652
0.001355 1574.57 0.122505 126702 0.266337 0.275787
0.001675 1982.31 0.0860412 126702 0.267072 0.219015
0.003265 1863.88 0.059735 126702 0.104994 0.232625
0.000345 453.617 0.222713 126703 0.11782 0.965252
0.002635 2347.13 0.0396004 126702 0.100902 0.184846
0.001025 1135.33 0.161965 126703 0.232686 0.382946
4.5e-05 375.984 0.229238 126703 0.0987681 1.16664
0.005825 316.452 0.232918 126701 0.132553 1.38927
0.006655 317.097 0.232918 126700 0.0740788 1.38644
0.001685 1994.37 0.0849591 126702 0.266605 0.21769
0.001365 1587.8 0.121321 126702 0.266841 0.273484
0.003275 1856.89 0.0599148 126702 0.106125 0.233503
0.000355 458.83 0.222266 126703 0.119022 0.954185
0.002645 2339.88 0.0399981 126702 0.100331 0.185415
0.001035 1148.42 0.160785 126703 0.234149 0.378558
5.5e-05 376.488 0.229197 126703 0.0989086 1.16506
0.005835 316.381 0.232918 126701 0.131788 1.38959
0.006665 317.107 0.232918 126700 0.0733725 1.3864
0.001695 2006.39 0.083881 126702 0.26611 0.216386
0.001375 1601.01 0.120139 126702 0.267314 0.271223
0.003285 1849.96 0.0600875 126702 0.107309 0.234378
0.000365 464.227 0.221802 126703 0.120259 0.942992
0.001045 1161.54 0.159603 126703 0.235587 0.374258
0.002655 2332.62 0.0403949 126702 0.0997755 0.185989
6.5e-05 377.105 0.229147 126703 0.0990782 1.16314
0.005845 316.442 0.232918 126701 0.131052 1.38932
0.006675 317.11 0.232918 126700 0.0726398 1.38638
0.001705 2018.36 0.0828067 126702 0.265587 0.215103
0.001385 1614.2 0.118958 126702 0.267755 0.269003
0.004485 368.223 0.225262 126701 0.208732 1.19002
0.000375 469.808 0.221321 126703 0.121533 0.931691
0.003295 1843.11 0.060253 126702 0.108547 0.235251
0.001055 1174.7 0.158419 126703 0.237002 0.370046
0.002665 2325.34 0.0407906 126702 0.0992347 0.186568
7.5e-05 377.837 0.229088 126703 0.0992776 1.16086
0.005855 316.499 0.232918 126701 0.130409 1.38907
0.006685 317.107 0.232918 126700 0.0718962 1.3864
0.001715 2030.28 0.0817363 126702 0.265036 0.21384
0.001395 1627.36 0.117781 126702 0.268164 0.266823
0.000385 475.572 0.220824 126703 0.122834 0.920298
0.000645 685.088 0.202398 126703 0.165719 0.636855
0.004495 365.086 0.22575 126701 0.208929 1.20041
0.001065 1187.88 0.157231 126703 0.238392 0.365919
0.002675 2318.05 0.0411853 126702 0.0987089 0.187151
0.003305 1836.34 0.060411 126702 0.109839 0.23612
8.5e-05 378.689 0.229018 126703 0.0995074 1.15822
0.005865 316.549 0.232918 126701 0.129709 1.38884
0.006695 317.096 0.232918 126700 0.0711675 1.38645
0.001725 2042.15 0.0806698 126702 0.264458 0.212598
0.001405 1640.51 0.116605 126702 0.268542 0.264683
0.000395 481.518 0.22031 126703 0.124243 0.908833
0.004505 362.046 0.226215 126701 0.209077 1.21066
0.001075 1201.09 0.156042 126703 0.239756 0.361875
0.000655 695.175 0.2015 126703 0.167584 0.627539
0.002685 2310.75 0.0415787 126702 0.0981983 0.187739
0.003315 1829.65 0.0605615 126702 0.111187 0.236984
9.5e-05 379.664 0.228939 126703 0.0997684 1.15521
0.005875 316.592 0.232918 126701 0.129007 1.38866
0.006705 317.078 0.232918 126700 0.0704323 1.38653
0.001735 2053.97 0.0796073 126702 0.263851 0.211374
0.001415 1653.62 0.115432 126702 0.268887 0.26258
0.000405 487.646 0.21978 126703 0.125412 0.89731
0.004515 359.098 0.226656 126701 0.209173 1.22076
0.001085 1214.33 0.15485 126703 0.241094 0.357912
0.000665 705.389 0.20059 126703 0.16938 0.61838
0.002695 2303.44 0.0419709 126702 0.0977025 0.188331
0.003325 1823.05 0.0607041 126702 0.112592 0.237845
0.005885 316.625 0.232918 126701 0.128302 1.38851
0.000105 380.767 0.228849 126703 0.100061 1.15184
0.006715 317.052 0.232918 126700 0.0696863 1.38664
0.001745 2065.73 0.0785486 126702 0.263218 0.210171
0.001425 1666.71 0.114262 126702 0.269202 0.260516
0.000415 493.955 0.219233 126703 0.127016 0.885749
0.004525 356.235 0.227075 126701 0.209211 1.23073
0.002705 2296.12 0.0423618 126702 0.0972216 0.188928
0.001095 1227.59 0.153657 126703 0.242407 0.354028
0.000675 715.727 0.199668 126703 0.171461 0.609376
0.003335 1816.54 0.0608386 126702 0.114054 0.238699
0.005895 316.649 0.232918 126701 0.127599 1.38841
0.001755 2077.45 0.0774939 126702 0.262556 0.208986
0.000115 382 0.228748 126703 0.100387 1.14808
0.001435 1679.77 0.113095 126702 0.269484 0.258488
0.000425 500.444 0.21867 126703 0.128381 0.874164
0.004535 353.449 0.227472 126701 0.209184 1.24059
0.002715 2288.79 0.0427512 126702 0.0967551 0.18953
0.001105 1240.87 0.152462 126703 0.243692 0.350223
0.000685 726.187 0.198735 126703 0.173128 0.60053
0.003345 1810.13 0.0609648 126702 0.115574 0.239548
0.005905 316.664 0.232918 126701 0.126899 1.38834
0.001765 2089.11 0.0764431 126702 0.261867 0.207819
0.000125 383.368 0.228636 126703 0.100745 1.14394
0.001445 1692.8 0.11193 126702 0.269736 0.256495
0.000435 507.111 0.21809 126703 0.129849 0.862569
0.004545 350.731 0.227849 126701 0.209077 1.25036
0.001115 1254.17 0.151265 126703 0.244951 0.346493
0.000695 736.765 0.19779 126703 0.175078 0.59184
0.003355 1803.81 0.0610825 126702 0.117152 0.24039
0.005915 316.67 0.232918 126700 0.126172 1.38831
0.001775 2100.72 0.0753963 126702 0.261151 0.206671
0.002725 2281.44 0.0431392 126702 0.0963027 0.190137
0.000135 384.873 0.228512 126703 0.101137 1.13942
0.001455 1705.8 0.110768 126702 0.269955 0.254538
0.000445 513.956 0.217494 126703 0.13134 0.850982
0.001125 1267.48 0.150067 126703 0.246182 0.342837
0.000705 747.459 0.196835 126703 0.176955 0.583307
0.003365 1797.59 0.0611915 126702 0.118792 0.241224
0.005925 316.667 0.232918 126700 0.125454 1.38833
0.004555 348.072 0.228204 126702 0.208983 1.26007
0.001785 2112.28 0.0743534 126702 0.260407 0.205541
0.002735 2274.09 0.0435256 126702 0.0958639 0.190748
0.000145 386.521 0.228377 126703 0.101564 1.13452
0.001465 1718.76 0.109609 126702 0.270144 0.252616
0.001135 1280.82 0.148867 126703 0.247386 0.339253
0.000455 520.976 0.216882 126703 0.132861 0.839414
0.000715 758.266 0.195868 126703 0.178836 0.574928
0.003375 1791.48 0.0612914 126702 0.120402 0.24205
0.005935 316.656 0.232918 126701 0.12475 1.38838
0.004565 346.084 0.228538 126701 0.208981 1.26745
0.001795 2123.78 0.0733144 126702 0.259636 0.204428
0.002745 2266.74 0.0439103 126702 0.095438 0.191364
0.000155 388.313 0.228229 126703 0.102025 1.12923
0.001475 1731.7 0.108453 126702 0.270301 0.250727
0.001145 1294.16 0.147667 126703 0.248562 0.335741
0.000725 769.184 0.194892 126703 0.180716 0.566705
0.003385 1785.48 0.0613821 126703 0.123802 0.242868
0.000465 528.171 0.216254 126703 0.134409 0.82788
0.005945 316.636 0.232918 126701 0.124054 1.38847
0.004575 344.196 0.228854 126701 0.209046 1.27455
0.001805 2135.23 0.0722794 126702 0.258837 0.203332
0.001485 1744.6 0.1073 126702 0.270427 0.24887
0.001155 1307.52 0.146466 126703 0.249709 0.332297
0.000735 780.209 0.193905 126703 0.182595 0.558635
0.002755 2259.37 0.0442933 126702 0.0950242 0.191984
0.000475 535.538 0.21561 126703 0.135983 0.816393
0.001815 2146.62 0.0712484 126702 0.258011 0.202253
0.000165 390.254 0.228068 126703 0.102522 1.12356
0.003395 1779.12 0.0615096 126670 0.0939414 0.243679
0.001165 1320.88 0.145264 126703 0.250827 0.328922
0.005955 316.607 0.232918 126701 0.123353 1.38859
0.004585 342.404 0.229151 126701 0.209065 1.28136
0.000485 543.076 0.214951 126703 0.137582 0.804964
0.001825 2157.96 0.0702213 126702 0.257159 0.201191
0.001495 1757.47 0.10615 126702 0.270521 0.247046
0.001175 1334.26 0.144062 126703 0.251917 0.325612
0.000745 791.34 0.192908 126703 0.184471 0.550718
0.002765 2251.99 0.0446745 126702 0.0946215 0.19261
0.001835 2169.24 0.0691981 126702 0.25628 0.200145
0.000495 550.783 0.214275 126703 0.139206 0.793604
0.000175 392.346 0.227895 126703 0.103054 1.11751
0.003405 1760.61 0.0632136 126703 0.0641444 0.246302
0.001185 1347.64 0.142859 126703 0.252977 0.322367
0.005965 316.571 0.232918 126701 0.122649 1.38875
0.001845 2180.46 0.0681789 126702 0.255374 0.199115
0.004595 340.702 0.22943 126701 0.209048 1.2879
0.000505 558.656 0.213584 126703 0.140852 0.782323
0.001505 1770.3 0.105003 126702 0.270585 0.245254
0.000755 802.573 0.191901 126703 0.186344 0.542952
0.001195 1361.03 0.141656 126703 0.254008 0.319185
0.002775 2244.61 0.0450539 126702 0.0942289 0.19324
0.000185 394.593 0.227708 126703 0.103623 1.11108
0.001855 2191.63 0.0671637 126702 0.254443 0.1981
0.003415 1741.58 0.0649704 126703 0.0674426 0.248994
0.005975 316.525 0.232918 126701 0.121939 1.38895
0.000515 566.694 0.212878 126703 0.142521 0.771132
0.001205 1374.42 0.140453 126703 0.255009 0.316065
0.004605 339.086 0.229692 126701 0.208992 1.29417
0.001865 2202.74 0.0661524 126702 0.253487 0.197101
0.001515 1783.1 0.10386 126702 0.270618 0.243492
0.000765 813.906 0.190885 126703 0.188213 0.535335
0.002785 2237.22 0.0454313 126702 0.0938451 0.193875
0.000525 574.895 0.212157 126703 0.144211 0.760038
0.001215 1387.81 0.139251 126703 0.25598 0.313005
0.000195 396.999 0.227508 126703 0.104229 1.10428
0.001875 2213.8 0.065145 126702 0.252507 0.196117
0.003425 1722.51 0.0667326 126703 0.0690267 0.251752
0.005985 316.469 0.232918 126701 0.121256 1.3892
0.000535 583.255 0.211421 126703 0.14592 0.749051
0.001225 1401.2 0.138048 126703 0.256921 0.310004
0.001885 2224.79 0.0641416 126702 0.251503 0.195148
0.004615 337.55 0.229938 126701 0.208899 1.30019
0.001525 1795.86 0.102719 126702 0.27062 0.241761
0.000545 591.773 0.21067 126703 0.147649 0.738178
0.000775 825.336 0.18986 126703 0.190077 0.527866
0.001235 1414.58 0.136846 126703 0.257832 0.307061
0.001895 2235.73 0.0631422 126702 0.250478 0.194194
0.000205 399.565 0.227294 126703 0.104871 1.09712
0.000555 600.447 0.209904 126703 0.149395 0.727425
0.002795 2229.83 0.0458066 126702 0.0934688 0.194515
0.003435 1703.39 0.0684999 126703 0.0707359 0.254579
0.005995 316.402 0.232918 126701 0.120492 1.38949
0.001905 2246.61 0.0621467 126702 0.249431 0.193253
0.001245 1427.97 0.135645 126702 0.258712 0.304174
0.004625 336.09 0.230167 126701 0.20877 1.30596
0.001535 1808.59 0.101583 126702 0.270591 0.240059
0.000785 836.861 0.188826 126703 0.191935 0.520544
0.000215 402.294 0.227066 126703 0.105551 1.08961
0.000565 609.274 0.209124 126703 0.151157 0.716798
0.002805 2222.43 0.0461799 126702 0.0930936 0.195159
0.003445 1684.24 0.0702721 126703 0.0724777 0.257476
0.006005 316.468 0.232918 126701 0.119754 1.3892
0.001915 2257.44 0.0611551 126702 0.248366 0.192327
0.001255 1441.35 0.134444 126702 0.259561 0.301342
0.004635 334.702 0.230382 126701 0.208605 1.3115
0.001545 1821.27 0.100449 126702 0.270533 0.238386
0.000795 848.477 0.187783 126703 0.193786 0.513365
0.000225 405.19 0.226824 126703 0.106269 1.08175
0.000575 618.251 0.208331 126703 0.152935 0.706303
0.004165 562.161 0.195541 126703 0.187678 0.775486
0.003525 1529.51 0.0845952 126703 0.0874927 0.283547
0.000585 627.376 0.207523 126703 0.154727 0.695944
0.004175 552.985 0.196874 126703 0.188763 0.788475
0.000595 636.647 0.206702 126703 0.156533 0.685726
0.003535 1509.98 0.0864002 126703 0.0894665 0.287219
0.004185 543.877 0.198184 126703 0.189848 0.801805
0.003845 951.888 0.143442 126703 0.1449 0.456254
0.000605 646.06 0.205867 126703 0.15835 0.675652
0.003545 1490.41 0.0882078 126703 0.0914509 0.290996
0.004195 534.836 0.199471 126703 0.190914 0.815488
0.006795 316.667 0.232918 126701 0.0633512 1.38833
0.000615 655.614 0.205019 126703 0.160179 0.665726
0.003555 1470.79 0.0900176 126703 0.0934423 0.294883
0.004205 525.861 0.200734 126702 0.19193 0.829538
0.006805 316.708 0.232918 126701 0.0626488 1.38815
0.000625 665.304 0.204158 126703 0.162018 0.65595
0.003565 1451.13 0.0918295 126703 0.0954363 0.298885
0.004215 516.946 0.201974 126702 0.192864 0.84398
0.006815 316.743 0.232918 126701 0.0619047 1.388
0.006165 316.579 0.232918 126700 0.108471 1.38871
0.000635 675.13 0.203284 126703 0.163865 0.646325
0.003575 1431.41 0.0936433 126703 0.0974287 0.303008
0.004225 508.079 0.20319 126702 0.193711 0.858848
0.006825 316.77 0.232918 126701 0.061161 1.38788
0.003855 935.587 0.145261 126703 0.146267 0.464241
0.002305 2512.03 0.0324668 126702 0.163724 0.17281
0.003865 919.228 0.147073 126703 0.147572 0.472541
0.004905 318.092 0.232726 126701 0.196371 1.38182
0.003875 902.804 0.148879 126704 0.148959 0.481179
0.001945 2289.56 0.0582039 126702 0.245072 0.189629
0.002315 2511.76 0.0322594 126702 0.162808 0.172826
0.004915 317.983 0.232746 126701 0.19577 1.38231
0.002915 2134.56 0.0501284 126702 0.0904564 0.203161
0.001955 2300.15 0.0572279 126702 0.243948 0.188757
0.003885 886.344 0.15068 126709 0.150981 0.490179
0.005445 316.657 0.232917 126701 0.159311 1.38837
0.002325 2511.49 0.0320521 126702 0.161922 0.172843
0.004925 317.882 0.232764 126701 0.195158 1.38278
0.002925 2126.51 0.0504712 126702 0.090381 0.203928
0.001965 2310.68 0.0562558 126702 0.242816 0.187896
0.005125 316.791 0.232903 126701 0.181752 1.38775
0.003895 873.294 0.15247 126703 0.151694 0.497526
0.002335 2511.2 0.0318446 126702 0.161065 0.172861
0.002815 2214.99 0.046551 126700 0.0926921 0.195809
0.004935 317.784 0.23278 126701 0.194535 1.38322
0.005455 316.647 0.232917 126701 0.158597 1.38842
0.002935 2118.46 0.0508109 126702 0.0903291 0.2047
0.003455 1665.04 0.0720488 126703 0.0742542 0.260446
0.001975 2321.15 0.0552876 126702 0.241679 0.187049
0.003905 860.333 0.154251 126703 0.153344 0.505068
0.005135 316.768 0.232905 126701 0.181058 1.38786
0.006015 316.53 0.232918 126701 0.119106 1.38893
0.002345 2510.91 0.0316368 126702 0.160237 0.172879
0.004945 317.69 0.232795 126701 0.193902 1.38365
0.001265 1454.72 0.133244 126702 0.260379 0.298563
0.002825 2207 0.0469198 126702 0.0923597 0.196517
0.005465 316.628 0.232917 126701 0.157904 1.3885
0.004645 333.38 0.230583 126701 0.208414 1.31682
0.002945 2110.41 0.0511474 126702 0.0903001 0.205478
0.001985 2331.57 0.0543231 126702 0.240538 0.186213
0.001555 1833.91 0.099319 126702 0.270443 0.236742
0.003465 1645.8 0.07383 126703 0.0760638 0.263493
0.003915 847.416 0.15602 126703 0.154947 0.512815
0.005145 316.736 0.232907 126701 0.18036 1.388
0.000805 860.184 0.186732 126703 0.195629 0.506328
0.006025 316.584 0.232918 126701 0.1184 1.38869
0.002355 2510.62 0.0314287 126702 0.159436 0.172897
0.000235 408.254 0.226567 126703 0.107024 1.07355
0.004955 317.597 0.232808 126701 0.193261 1.38407
0.002835 2198.97 0.0472864 126702 0.0920227 0.197232
0.001275 1468.09 0.132046 126702 0.261167 0.295838
0.004655 332.12 0.23077 126701 0.208121 1.32193
0.005475 316.6 0.232917 126701 0.157199 1.38863
0.002955 2102.38 0.0514808 126702 0.0902939 0.206261
0.001995 2341.93 0.0533625 126702 0.239398 0.185389
0.001565 1846.52 0.0981925 126702 0.270324 0.235125
0.006175 316.654 0.232918 126700 0.10782 1.38839
0.001575 1859.08 0.0970695 126702 0.270174 0.233535
0.003585 1411.65 0.0954587 126703 0.0994146 0.307258
0.006185 316.72 0.232918 126700 0.10711 1.3881
0.001585 1871.6 0.09595 126702 0.269995 0.231972
0.004235 499.252 0.204382 126704 0.194808 0.874191
0.003595 1391.83 0.0972756 126703 0.101389 0.311641
0.001595 1884.08 0.0948342 126702 0.269787 0.230435
0.006195 316.777 0.232918 126700 0.1064 1.38785
0.006835 316.791 0.232918 126701 0.060411 1.38779
0.003475 1626.52 0.0756152 126703 0.0779046 0.266619
0.006845 316.804 0.232918 126701 0.0596609 1.38773
0.003925 834.543 0.157778 126703 0.156536 0.520776
0.003485 1607.2 0.0774044 126703 0.0797746 0.269826
0.006855 316.809 0.232918 126701 0.0588827 1.38771
0.000815 871.976 0.185673 126703 0.197464 0.499432
0.005155 316.696 0.232908 126701 0.179656 1.38818
0.003495 1587.84 0.0791972 126703 0.0816712 0.27312
0.003935 821.711 0.159524 126703 0.158099 0.528962
0.006865 316.806 0.232918 126701 0.0580943 1.38772
0.000825 883.853 0.184606 126703 0.199289 0.492673
0.003505 1568.44 0.0809934 126703 0.0835918 0.276502
0.005165 316.647 0.232909 126701 0.178947 1.3884
0.003945 808.917 0.161257 126703 0.159637 0.537383
0.006875 316.795 0.232918 126701 0.0573271 1.38777
0.000835 895.812 0.183531 126703 0.201104 0.48605
0.006035 316.629 0.232918 126701 0.117694 1.3885
0.003515 1548.99 0.0827928 126703 0.0855334 0.279976
0.005175 316.587 0.23291 126701 0.178229 1.38866
0.006885 316.775 0.232918 126701 0.0565754 1.38786
0.003955 796.16 0.162978 126703 0.161154 0.546051
0.000845 907.85 0.182448 126703 0.202908 0.47956
0.006045 316.665 0.232918 126701 0.116985 1.38834
0.005185 316.515 0.232911 126701 0.177538 1.38898
0.006895 316.746 0.232918 126701 0.0558229 1.38799
0.003965 783.438 0.164686 126703 0.16265 0.554978
0.006055 316.692 0.232918 126701 0.116277 1.38822
0.000855 919.965 0.181359 126703 0.2047 0.473202
0.005195 316.43 0.232912 126701 0.17677 1.38936
0.002005 2352.24 0.0524055 126702 0.23826 0.184577
0.006905 316.708 0.232918 126701 0.0550732 1.38815
0.003975 770.748 0.166381 126703 0.16413 0.564176
0.006065 316.71 0.232918 126700 0.115583 1.38814
0.000865 932.154 0.180262 126703 0.20648 0.466972
0.005205 316.477 0.232913 126701 0.176044 1.38915
0.002965 2094.35 0.0518109 126702 0.0903102 0.20705
0.006915 316.661 0.232918 126701 0.0543275 1.38836
0.002015 2362.49 0.0514522 126702 0.23713 0.183776
0.003985 758.09 0.168063 126703 0.165587 0.573661
0.006075 316.718 0.232918 126700 0.114851 1.3881
0.000875 944.414 0.179159 126703 0.208246 0.46087
0.005215 316.524 0.232913 126701 0.17542 1.38895
0.006925 316.603 0.232918 126701 0.0535832 1.38861
0.002975 2086.32 0.0521376 126702 0.0903492 0.207844
0.003995 745.461 0.169731 126703 0.167099 0.583447
0.002025 2372.68 0.0505026 126702 0.236009 0.182986
0.005225 316.565 0.232914 126701 0.174737 1.38877
0.000885 956.744 0.178049 126703 0.209998 0.454891
0.005485 316.561 0.232917 126701 0.156489 1.38879
0.000895 969.141 0.176933 126703 0.211735 0.449034
0.002365 2510.32 0.03122 126702 0.15866 0.172915
0.005495 316.512 0.232917 126701 0.15577 1.38901
0.000905 981.603 0.175811 126703 0.213457 0.443297
0.000245 411.489 0.226295 126703 0.107817 1.06503
0.002375 2510.02 0.0310108 126702 0.157906 0.172934
0.005505 316.45 0.232917 126701 0.15508 1.38928
0.000915 994.126 0.174684 126703 0.215165 0.437677
0.002385 2509.71 0.0308009 126702 0.157207 0.172953
0.000255 414.898 0.226008 126703 0.108648 1.0562
0.005515 316.375 0.232917 126701 0.154313 1.38961
0.004965 317.505 0.23282 126701 0.192612 1.38449
0.000925 1006.71 0.17355 126703 0.21686 0.432172
0.002395 2509.41 0.0305902 126702 0.156772 0.172972
0.000265 418.481 0.225705 126703 0.109517 1.04707
0.005525 316.432 0.232917 126701 0.153582 1.38936
0.002845 2190.93 0.0476507 126702 0.0917214 0.197953
0.004975 317.412 0.232831 126701 0.191955 1.38492
0.000935 1019.35 0.172412 126703 0.218532 0.42678
0.002405 2508.69 0.0304084 126682 0.137034 0.172993
0.000275 422.241 0.225388 126703 0.110424 1.03766
0.005535 316.487 0.232917 126701 0.15295 1.38912
0.004985 317.316 0.23284 126701 0.19129 1.38535
0.000945 1032.05 0.171268 126703 0.220186 0.421498
0.002855 2182.89 0.0480125 126702 0.091453 0.198679
0.002415 2502.31 0.0307751 126702 0.117142 0.173457
0.000285 426.18 0.225054 126703 0.111369 1.02798
0.005545 316.535 0.232917 126701 0.152259 1.38891
0.004665 330.917 0.230944 126701 0.208042 1.32684
0.004995 317.217 0.232849 126701 0.190617 1.38579
0.000955 1044.8 0.17012 126703 0.221821 0.416324
0.002865 2174.84 0.0483719 126702 0.0912162 0.199412
0.002425 2495.47 0.0311729 126702 0.116446 0.173929
0.005555 316.576 0.232917 126701 0.151567 1.38873
0.000295 430.298 0.224704 126703 0.112351 1.01805
0.003605 1371.95 0.0990938 126703 0.103348 0.316165
0.000305 434.597 0.224339 126703 0.113371 1.00789
0.004245 492.371 0.205545 126702 0.195386 0.886538
0.006205 316.825 0.232918 126700 0.10569 1.38764
0.000315 439.077 0.223957 126703 0.114428 0.997511
0.003615 1352.01 0.100913 126703 0.105284 0.320837
0.006935 316.536 0.232918 126701 0.0528804 1.38891
0.004255 485.626 0.206683 126702 0.196642 0.898999
0.004005 732.858 0.171386 126703 0.168309 0.59355
0.002985 2078.31 0.0524608 126702 0.0904111 0.208643
0.004265 478.997 0.207794 126702 0.197361 0.911594
0.002035 2382.83 0.0495565 126702 0.234901 0.182207
0.004015 720.279 0.173026 126703 0.169899 0.603989
0.005235 316.601 0.232914 126701 0.174054 1.38861
0.004275 472.474 0.208878 126702 0.198271 0.924332
0.002995 2070.3 0.0527806 126702 0.0904963 0.209448
0.002045 2392.92 0.0486138 126702 0.23381 0.181438
0.004025 707.719 0.174652 126703 0.171151 0.614784
0.004675 329.767 0.231106 126701 0.207554 1.33157
0.004285 466.053 0.209933 126702 0.199043 0.937225
0.005245 316.631 0.232915 126701 0.173365 1.38848
0.003005 2062.31 0.0530967 126702 0.0906055 0.210258
0.002055 2402.96 0.0476746 126702 0.232738 0.18068
0.004035 695.17 0.176263 126703 0.17241 0.62596
0.004685 328.665 0.231257 126701 0.207284 1.33613
0.004295 459.728 0.210961 126702 0.19978 0.950277
0.005255 316.653 0.232915 126701 0.172674 1.38838
0.002065 2412.96 0.0467387 126702 0.231691 0.179932
0.003015 2054.33 0.0534091 126702 0.0907392 0.211073
0.004045 682.624 0.17786 126703 0.173584 0.637546
0.004695 327.604 0.231396 126701 0.206902 1.34056
0.002075 2422.9 0.045806 126702 0.230669 0.179193
0.004305 453.5 0.211961 126702 0.20049 0.963489
0.005265 316.668 0.232915 126701 0.171989 1.38832
0.003025 2046.37 0.0537177 126702 0.0908984 0.211892
0.004705 326.578 0.231526 126701 0.206482 1.34486
0.002085 2432.66 0.0448764 126695 0.229591 0.178463
0.004055 670.068 0.179441 126703 0.174772 0.649577
0.005005 317.114 0.232856 126701 0.189935 1.38626
0.004715 325.581 0.231646 126701 0.206048 1.34907
0.005275 316.674 0.232916 126701 0.171267 1.38829
0.004315 447.368 0.212933 126702 0.20118 0.976858
0.002095 2440.35 0.0439497 126702 0.228496 0.177911
0.003035 2038.41 0.0540224 126702 0.0910839 0.212717
0.004065 657.508 0.181007 126707 0.17649 0.662092
0.004725 324.908 0.231755 126701 0.20567 1.35194
0.005015 317.003 0.232863 126701 0.189239 1.38675
0.002435 2488.62 0.0315717 126702 0.115555 0.174405
0.002105 2447.86 0.043025 126702 0.227358 0.177365
0.005285 316.672 0.232916 126701 0.170558 1.3883
0.004325 441.333 0.213877 126702 0.201845 0.99038
0.004735 324.283 0.231857 126701 0.20532 1.35462
0.003045 2030.48 0.0543232 126702 0.0912966 0.213547
0.002875 2166.78 0.0487286 126702 0.0910094 0.20015
0.004075 647.618 0.182553 126703 0.177105 0.672274
0.005025 316.884 0.232869 126701 0.188569 1.38728
0.002115 2455.34 0.0421026 126702 0.226254 0.176825
0.002445 2481.73 0.0319712 126702 0.114654 0.174885
0.004745 323.7 0.231952 126701 0.204938 1.35714
0.005565 316.609 0.232917 126701 0.150871 1.38858
0.004755 323.155 0.232038 126701 0.204533 1.3595
0.003625 1332.01 0.102733 126703 0.107193 0.325666
0.006215 316.864 0.232918 126700 0.104983 1.38746
0.004765 322.646 0.232118 126701 0.204105 1.36171
0.005575 316.634 0.232917 126701 0.150174 1.38848
0.006945 316.458 0.232918 126701 0.0521089 1.38925
0.003635 1311.93 0.104555 126703 0.109068 0.330661
0.004775 322.168 0.232191 126701 0.203655 1.36379
0.006225 316.895 0.232918 126700 0.104278 1.38733
0.005585 316.65 0.232917 126701 0.149485 1.3884
0.006955 316.515 0.232918 126701 0.0513478 1.389
0.005295 316.661 0.232916 126701 0.169852 1.38835
0.003645 1291.77 0.106376 126703 0.110904 0.335832
0.004785 321.718 0.232258 126701 0.203185 1.36576
0.006235 316.917 0.232918 126700 0.103576 1.38723
0.005595 316.657 0.232917 126701 0.148759 1.38837
0.006965 316.567 0.232918 126701 0.0506807 1.38877
0.005305 316.641 0.232916 126701 0.169156 1.38844
0.004795 321.294 0.23232 126701 0.202695 1.36762
0.003655 1271.53 0.108198 126703 0.112696 0.34119
0.006245 316.932 0.232918 126700 0.102888 1.38717
0.005605 316.656 0.232918 126701 0.148049 1.38838
0.006975 316.611 0.232918 126701 0.0499705 1.38858
0.005315 316.612 0.232916 126701 0.168449 1.38857
0.003055 2022.57 0.05462 126702 0.0915375 0.214381
0.004085 637.838 0.184081 126703 0.178526 0.682676
0.004335 435.395 0.214794 126702 0.202478 1.00405
0.003065 2014.67 0.0549126 126702 0.0918077 0.21522
0.002125 2462.78 0.0411821 126702 0.225192 0.17629
0.004095 628.141 0.185588 126703 0.179833 0.693311
0.003075 2006.79 0.055201 126702 0.0921082 0.216063
0.004345 429.552 0.215683 126702 0.203065 1.01788
0.002135 2470.18 0.0402636 126702 0.224172 0.175761
0.004105 618.521 0.187074 126703 0.181075 0.704194
0.005035 316.755 0.232875 126701 0.187823 1.38786
0.002455 2474.83 0.0323715 126702 0.113777 0.17537
0.003085 1998.94 0.055485 126702 0.0924401 0.21691
0.004355 423.8 0.216544 126702 0.203592 1.03187
0.002145 2477.56 0.0393468 126702 0.223199 0.175237
0.004115 608.972 0.18854 126703 0.182249 0.71534
0.005045 316.769 0.23288 126701 0.187118 1.3878
0.003095 1991.12 0.0557647 126702 0.0928045 0.217762
0.002465 2467.9 0.0327723 126702 0.11292 0.175859
0.004365 418.133 0.217378 126702 0.204046 1.04603
0.002155 2484.91 0.0384315 126702 0.222273 0.174719
0.003665 1251.2 0.110021 126703 0.114437 0.346747
0.004125 599.487 0.189984 126703 0.183371 0.726763
0.003105 1983.31 0.0560398 126702 0.0932023 0.218617
0.005055 316.785 0.232884 126701 0.18651 1.38774
0.002475 2460.95 0.0331738 126702 0.112083 0.176352
0.002165 2492.24 0.0375177 126702 0.221393 0.174205
0.004375 412.542 0.218185 126702 0.204414 1.06038
0.006255 316.939 0.232918 126700 0.102166 1.38714
0.004135 590.064 0.191406 126703 0.184459 0.738478
0.003675 1230.77 0.111844 126703 0.116309 0.352517
0.003115 1975.54 0.0563104 126702 0.0936347 0.219477
0.005065 316.798 0.232888 126701 0.185849 1.38769
0.002175 2499.54 0.0366051 126702 0.220602 0.173695
0.002485 2453.97 0.0335757 126702 0.111264 0.17685
0.004385 407.018 0.218964 126701 0.204683 1.07494
0.006265 316.939 0.232918 126700 0.101471 1.38714
0.004145 580.702 0.192807 126703 0.185531 0.750496
0.003125 1967.8 0.0565762 126702 0.0941027 0.220339
0.005075 316.809 0.232891 126701 0.185188 1.38765
0.003685 1210.32 0.113667 126712 0.117818 0.358513
0.002185 2506.82 0.0356936 126702 0.220196 0.173191
0.004395 401.55 0.219717 126703 0.205051 1.08977
0.002495 2446.98 0.0339779 126702 0.110463 0.177352
0.006275 316.933 0.232918 126700 0.10076 1.38716
0.004155 571.4 0.194185 126703 0.186601 0.762829
0.005085 316.816 0.232894 126701 0.184517 1.38762
0.003135 1960.09 0.0568372 126702 0.0946074 0.221205
0.003695 1194.06 0.115559 126703 0.11837 0.363385
0.002195 2513.61 0.0348171 126680 0.197403 0.172693
0.004405 397.34 0.220438 126701 0.205449 1.10148
0.006985 316.647 0.232918 126701 0.0492648 1.38842
0.005615 316.645 0.232918 126701 0.14734 1.38842
0.004415 393.269 0.221135 126701 0.206044 1.11306
0.005325 316.572 0.232917 126701 0.167737 1.38874
0.006995 316.676 0.232918 126701 0.0485597 1.38829
0.002505 2439.97 0.0343804 126702 0.109679 0.177858
0.004425 389.329 0.221804 126701 0.206575 1.1245
0.005625 316.626 0.232918 126701 0.146646 1.38851
0.003145 1952.42 0.0570932 126702 0.0951498 0.222074
0.007005 316.696 0.232918 126701 0.0478595 1.3882
0.005335 316.521 0.232917 126701 0.167017 1.38897
0.006285 316.923 0.232918 126700 0.100098 1.38721
0.004435 385.518 0.222446 126701 0.207059 1.13579
0.005635 316.597 0.232918 126701 0.145942 1.38864
0.002515 2432.93 0.0347831 126702 0.108912 0.178369
0.005095 316.819 0.232897 126701 0.183819 1.38762
0.007015 316.709 0.232918 126701 0.0471555 1.38815
0.003155 1944.78 0.0573443 126702 0.0957311 0.222946
0.005345 316.458 0.232917 126701 0.166324 1.38925
0.003705 1177.9 0.117448 126703 0.120436 0.368387
0.004445 381.83 0.223061 126701 0.20749 1.14694
0.005645 316.559 0.232918 126701 0.145233 1.3888
0.006295 316.908 0.232918 126700 0.0994186 1.38727
0.002525 2425.88 0.0351859 126702 0.108161 0.178884
0.007025 316.713 0.232918 126701 0.0464313 1.38813
0.005105 316.816 0.232899 126701 0.183121 1.38764
0.003165 1937.18 0.0575901 126702 0.0963522 0.22382
0.005355 316.381 0.232917 126701 0.165555 1.38959
0.004455 378.261 0.223649 126701 0.207871 1.15793
0.005655 316.51 0.232918 126701 0.144517 1.38902
0.003715 1161.76 0.119334 126703 0.122408 0.373524
0.006305 316.888 0.232918 126700 0.0987564 1.38736
0.007035 316.708 0.232918 126701 0.0457087 1.38815
0.002535 2418.8 0.0355888 126702 0.107426 0.179404
0.005115 316.807 0.232902 126701 0.182439 1.38768
0.003175 1929.62 0.0578307 126702 0.0970142 0.224697
0.005365 316.435 0.232917 126701 0.164824 1.38935
0.002205 2513.99 0.0345676 126702 0.174704 0.172694
0.004465 374.806 0.224212 126701 0.208204 1.16878
0.005665 316.449 0.232918 126701 0.143829 1.38928
0.002215 2513.88 0.0343533 126702 0.173497 0.1727
0.003725 1145.63 0.121216 126703 0.124367 0.378803
0.004475 371.461 0.224749 126701 0.208491 1.17947
0.006315 316.861 0.232918 126700 0.0980081 1.38748
0.005675 316.376 0.232918 126701 0.143063 1.38961
0.002225 2513.74 0.0341402 126702 0.172298 0.172708
0.003735 1129.51 0.123094 126703 0.126296 0.384229
0.006325 316.973 0.232918 126700 0.0972675 1.38699
0.002545 2411.71 0.0359915 126702 0.106706 0.179928
0.005685 316.435 0.232918 126701 0.14233 1.38935
0.002235 2513.59 0.0339284 126702 0.171096 0.172717
0.003185 1922.11 0.0580658 126702 0.0977182 0.225575
0.003745 1113.4 0.124968 126703 0.128194 0.389811
0.006335 317.08 0.232918 126700 0.0966127 1.38652
0.005375 316.488 0.232917 126701 0.164195 1.38912
0.005695 316.491 0.232918 126701 0.141693 1.3891
0.005385 316.535 0.232917 126701 0.163507 1.38891
0.002555 2404.6 0.0363942 126702 0.106002 0.180456
0.005705 316.54 0.232918 126701 0.140997 1.38889
0.003755 1097.29 0.126837 126703 0.130059 0.395555
0.005395 316.575 0.232917 126701 0.162818 1.38873
0.003195 1914.64 0.0582954 126702 0.0984653 0.226455
0.006345 317.179 0.232918 126700 0.0958972 1.38609
0.005715 316.581 0.232918 126701 0.140301 1.38871
0.005405 316.608 0.232917 126701 0.162125 1.38859
0.003765 1081.18 0.128702 126703 0.131887 0.401471
0.005725 316.614 0.232918 126701 0.139601 1.38856
0.006355 317.268 0.232918 126700 0.0951889 1.3857
0.005415 316.633 0.232917 126701 0.16143 1.38848
0.005735 316.638 0.232918 126701 0.138901 1.38845
0.003775 1065.07 0.130562 126703 0.133677 0.407568
0.006365 317.349 0.232918 126700 0.0944852 1.38535
0.005425 316.65 0.232917 126701 0.160744 1.38841
0.005745 316.654 0.232918 126701 0.138206 1.38839
0.006375 317.422 0.232918 126700 0.0937872 1.38502
0.003785 1048.96 0.132418 126703 0.135426 0.413855
0.005435 316.657 0.232917 126701 0.160018 1.38837
0.005755 316.66 0.232918 126701 0.137479 1.38836
0.006385 317.489 0.232918 126700 0.0930927 1.38473
0.003795 1032.84 0.134268 126703 0.137132 0.420343
0.006395 317.55 0.232918 126700 0.0924002 1.38447
0.003805 1016.7 0.136114 126703 0.138791 0.427044
0.003815 1000.54 0.137954 126703 0.140403 0.433971
0.003825 984.358 0.139789 126703 0.14197 0.441137
0.003835 968.143 0.141618 126703 0.143467 0.448559
