5e-06 2266.62 0.058901 563721 -0.00141352 0.847528
1.5e-05 2266.49 0.058901 563722 -0.0041848 0.84758
2.5e-05 2266.22 0.0589011 563724 -0.00677483 0.847684
3.5e-05 2265.86 0.0589012 563740 -0.00887639 0.84784
4.5e-05 2265.45 0.0589014 563743 -0.0102952 0.848001
5.5e-05 2265.02 0.0589016 563746 -0.010929 0.848165
6.5e-05 2264.58 0.0589019 563749 -0.0107962 0.848331
7.5e-05 2264.14 0.0589022 563751 -0.00995722 0.848501
8.5e-05 2263.68 0.0589025 563753 -0.00852046 0.848673
9.5e-05 2263.22 0.0589029 563754 -0.00662098 0.848848
0.000105 2262.75 0.0589033 563755 -0.00440359 0.849026
0.000115 2262.26 0.0589038 563755 -0.00201011 0.849207
0.000125 2261.72 0.0589043 563742 0.000430763 0.849391
0.000135 2261.14 0.0589049 563755 0.00279994 0.849627
0.000145 2260.49 0.0589055 563754 0.00498625 0.849866
0.000155 2259.84 0.0589061 563753 0.00688 0.850108
0.000165 2259.18 0.0589068 563751 0.00837341 0.850354
0.000175 2258.5 0.0589075 563749 0.0093577 0.850602
0.000185 2257.82 0.0589082 563746 0.00973425 0.850852
0.000195 2257.13 0.058909 563743 0.00941349 0.851107
0.000205 2256.38 0.0589099 563727 0.00838273 0.851364
0.000215 2255.58 0.0589108 563737 0.00666213 0.851678
0.000225 2254.72 0.0589117 563735 0.00433114 0.851997
0.000235 2253.85 0.0589126 563734 0.00151976 0.852321
0.000245 2252.97 0.0589136 563733 -0.00154035 0.852651
0.000255 2252.09 0.0589146 563735 -0.00459143 0.852986
0.000265 2251.19 0.0589157 563737 -0.00737068 0.853327
0.000275 2250.28 0.0589168 563739 -0.00964641 0.853673
0.000285 2249.36 0.058918 563743 -0.0112442 0.854023
0.000295 2248.43 0.0589191 563746 -0.0120617 0.854377
0.000305 2247.5 0.0589203 563749 -0.0120679 0.854735
0.000315 2246.51 0.0589216 563740 -0.0113216 0.855095
0.004805 2453.16 0.0155074 563752 -0.0110054 0.773504
0.000325 2245.48 0.0589229 563753 -0.0099313 0.855504
0.004815 2455.82 0.0152519 563752 -0.00992728 0.77266
0.000335 2244.39 0.0589242 563754 -0.00804086 0.855915
0.004825 2458.48 0.0149964 563753 -0.00861665 0.771816
0.000345 2243.3 0.0589255 563755 -0.0058019 0.85633
0.000645 2203.9 0.0589771 563751 0.00604938 0.871475
0.004835 2461.15 0.0147409 563754 -0.00704002 0.770973
0.000355 2242.19 0.0589269 563755 -0.00337881 0.856749
0.004485 2372.71 0.0236555 563729 0.0123219 0.800049
0.004845 2463.82 0.0144855 563754 -0.00512934 0.770131
0.000365 2241.08 0.0589283 563755 -0.00091298 0.857171
0.000965 2147.45 0.0590323 563734 -0.00469432 0.894067
0.000375 2239.96 0.0589297 563755 0.00147284 0.857597
0.004165 2301.9 0.0315513 563754 0.00486269 0.825307
0.004855 2466.5 0.01423 563754 -0.00294768 0.76929
0.000975 2145.5 0.0590335 563735 -0.0078445 0.894872
0.000655 2202.36 0.0589791 563749 0.00708461 0.872074
0.000385 2238.82 0.0589312 563754 0.00367133 0.858027
0.004865 2469.18 0.0139747 563754 -0.000630972 0.768449
0.004175 2303.96 0.0313121 563752 0.00579302 0.824546
0.000985 2143.54 0.0590346 563738 -0.0106911 0.895683
0.004495 2375.14 0.0234029 563728 0.010453 0.799215
0.001285 2078.75 0.0590313 563746 -0.010846 0.923209
0.000395 2237.68 0.0589327 563753 0.0055836 0.85846
0.004875 2471.87 0.0137193 563754 0.00167857 0.767609
0.000995 2141.58 0.0590357 563741 -0.0129559 0.8965
0.004185 2306.02 0.0310722 563750 0.00662276 0.823783
0.003845 2241.21 0.0388104 563754 -0.0121219 0.848529
0.000665 2200.81 0.058981 563746 0.00756266 0.872676
0.004505 2377.58 0.0231502 563731 0.00618879 0.798386
0.004885 2474.55 0.013464 563754 0.00385489 0.766769
0.000405 2236.52 0.0589342 563751 0.00711261 0.858896
0.001005 2139.6 0.0590368 563745 -0.0144288 0.897322
0.004195 2308.09 0.0308317 563747 0.00752511 0.823018
0.001605 1999.51 0.0588825 563744 0.00466243 0.959185
0.001295 2076.4 0.0590295 563755 -0.00838944 0.924253
0.000415 2235.36 0.0589358 563749 0.00816058 0.859336
0.001015 2137.61 0.0590377 563748 -0.0149955 0.898149
0.004895 2477.25 0.0132088 563754 0.00579894 0.76593
0.004205 2310.16 0.0305907 563743 0.00860351 0.82225
0.000675 2199.25 0.058983 563743 0.00739957 0.873282
0.003855 2242.84 0.0385973 563755 -0.00973264 0.847884
0.004515 2380.02 0.0228972 563736 0.000239708 0.797561
0.001615 1998.2 0.0588741 564094 0.00427178 0.960388
0.000425 2234.18 0.0589374 563746 0.00863271 0.859779
0.001025 2135.59 0.0590386 563743 -0.0146554 0.89898
0.004905 2479.94 0.0129536 563753 0.00738934 0.765092
0.004215 2312.25 0.030349 563738 0.00977814 0.821481
0.001305 2074.01 0.0590276 563755 -0.00584488 0.925302
0.000685 2197.69 0.0589849 563739 0.00653596 0.873892
0.000435 2233 0.058939 563743 0.00844785 0.860226
0.001625 1998.39 0.0588653 563737 0.003583 0.959668
0.001035 2133.54 0.0590394 563752 -0.0135059 0.899849
0.003865 2244.47 0.0383832 563755 -0.00725359 0.847237
0.004525 2382.46 0.022644 563742 -0.00574934 0.796738
0.004915 2482.64 0.0126984 563753 0.00841019 0.764254
0.004225 2314.34 0.0301069 563733 0.0106738 0.820711
0.000445 2231.8 0.0589406 563740 0.00755506 0.860677
0.001045 2131.45 0.0590402 563754 -0.0117125 0.900721
0.001635 1999.82 0.0588563 563734 0.00208653 0.958954
0.001315 2071.62 0.0590255 563755 -0.0033763 0.926355
0.000695 2196.11 0.0589868 563737 0.00495924 0.874508
0.004925 2485.35 0.0124433 563752 0.00875393 0.763417
0.004235 2316.44 0.0298641 563730 0.010631 0.819941
0.000455 2230.6 0.0589423 563737 0.00595266 0.861133
0.001055 2129.35 0.0590409 563755 -0.00947858 0.901599
0.003875 2246.11 0.0381681 563755 -0.0048225 0.846588
0.001645 2001.25 0.058847 563733 -0.000347711 0.958244
0.004535 2384.91 0.0223907 563748 -0.0101424 0.795913
0.004245 2318.54 0.0296209 563729 0.00895675 0.819174
0.004935 2488.05 0.0121883 563751 0.00888997 0.76258
0.000465 2229.38 0.058944 563735 0.00370487 0.861593
0.001065 2127.24 0.0590415 563755 -0.00701382 0.90248
0.001325 2069.21 0.0590232 563755 -0.00110043 0.927413
0.000705 2194.52 0.0589888 563734 0.00272403 0.875129
0.001655 2002.68 0.0588375 563733 -0.00340493 0.95754
0.004255 2320.66 0.0293771 563731 0.00535417 0.81841
0.004945 2490.77 0.0119333 563748 0.00979537 0.761742
0.003885 2247.76 0.037952 563755 -0.00252448 0.845937
0.001075 2125.12 0.0590421 563755 -0.00450032 0.903367
0.000475 2228.16 0.0589457 563733 0.000950088 0.86206
0.004545 2387.37 0.0221371 563751 -0.012203 0.795085
0.001665 2004.1 0.0588276 563734 -0.00680583 0.956841
0.004265 2322.78 0.0291328 563735 0.000255406 0.817648
0.004955 2493.48 0.0116784 563743 0.0118657 0.760902
0.001335 2066.8 0.0590208 563754 0.000905093 0.928476
0.000485 2226.92 0.0589474 563733 -0.00210414 0.862533
0.001085 2123 0.0590426 563755 -0.00208203 0.904258
0.000715 2192.93 0.0589907 563733 -3.64596e-05 0.875756
0.001675 2005.51 0.0588174 563737 -0.0101719 0.956148
0.003895 2249.49 0.0377349 563772 -0.000440889 0.845284
0.004965 2496.2 0.0114236 563737 0.0139301 0.760061
0.004275 2324.9 0.0288881 563740 -0.00523533 0.816888
0.004555 2389.83 0.0218834 563752 -0.012244 0.794254
0.000495 2225.68 0.0589491 563734 -0.00519454 0.863012
0.001095 2120.87 0.0590429 563754 0.000135275 0.905155
0.001685 2006.93 0.058807 563741 -0.0130948 0.955458
0.004975 2498.92 0.0111688 563733 0.013889 0.759224
0.001345 2064.39 0.0590182 563753 0.00258572 0.929544
0.004285 2327.04 0.0286428 563746 -0.00981921 0.816126
0.000725 2191.32 0.0589926 563733 -0.00311076 0.87639
0.000505 2224.37 0.0589509 563723 -0.00805893 0.863496
0.001105 2118.72 0.0590432 563753 0.00207476 0.906055
0.001695 2008.33 0.0587962 563745 -0.0152169 0.954772
0.004985 2501.65 0.0109142 563732 0.0106026 0.758392
0.003905 2251.26 0.0375169 563755 0.00134769 0.844564
0.004295 2329.18 0.0283971 563750 -0.0125996 0.815362
0.004565 2392.3 0.0216295 563753 -0.0110871 0.793423
0.000515 2223.02 0.0589527 563739 -0.0104488 0.86404
0.001115 2116.57 0.0590435 563752 0.00367395 0.906961
0.001705 2009.74 0.0587851 563748 -0.0163022 0.954088
0.004995 2504.38 0.0106595 563734 0.00518237 0.757565
0.001355 2061.97 0.0590155 563750 0.00389414 0.930615
0.004305 2331.33 0.0281509 563752 -0.0134038 0.814594
0.000735 2189.67 0.0589945 563724 -0.00623982 0.87703
0.000525 2221.61 0.0589545 563743 -0.0121623 0.864589
0.001125 2114.41 0.0590436 563750 0.00486889 0.90787
0.001715 2011.14 0.0587737 563751 -0.0162779 0.953406
0.005005 2505.83 0.0104943 563441 -0.000754389 0.75674
0.003915 2253.11 0.0372979 563754 0.00279849 0.843841
0.004575 2394.77 0.0213754 563753 -0.00942524 0.792592
0.004315 2333.48 0.0279043 563753 -0.0126643 0.813824
0.000535 2220.19 0.0589563 563746 -0.0130657 0.865142
0.001135 2112.25 0.0590436 563747 0.00558241 0.908784
0.001725 2012.53 0.058762 563753 -0.0152343 0.952725
0.001365 2059.54 0.0590126 563748 0.00477216 0.931691
0.005015 2507.05 0.0104055 563742 -0.00513795 0.756763
0.000745 2187.98 0.0589964 563737 -0.0091411 0.87772
0.004325 2335.65 0.0276572 563753 -0.0110274 0.813052
0.000545 2218.76 0.0589582 563749 -0.013129 0.865699
0.001145 2110.07 0.0590436 563743 0.00572302 0.909702
0.001735 2013.92 0.05875 563754 -0.0133882 0.952047
0.003925 2254.96 0.037078 563753 0.0039427 0.843116
0.004585 2397.25 0.0211212 563754 -0.00756221 0.79176
0.005025 2507 0.010406 563745 -0.00790191 0.756782
0.004335 2337.82 0.0274097 563754 -0.00900037 0.812279
0.000555 2217.31 0.05896 563751 -0.0124 0.86626
0.001155 2107.89 0.0590434 563740 0.00519953 0.910626
0.001375 2057.1 0.0590095 563744 0.00513484 0.932771
0.001745 2015.3 0.0587376 563755 -0.0110233 0.95137
0.000755 2186.23 0.0589983 563740 -0.0115445 0.878416
0.005035 2506.94 0.0104064 563747 -0.00908365 0.7568
0.004345 2339.99 0.0271618 563754 -0.00682728 0.811506
0.001165 2105.69 0.0590432 563737 0.00394969 0.911555
0.000565 2215.86 0.0589619 563753 -0.0109937 0.866824
0.003935 2256.82 0.0368571 563751 0.00489548 0.842388
0.004595 2399.74 0.0208669 563754 -0.00553408 0.790929
0.001755 2016.68 0.0587249 563755 -0.00842644 0.950695
0.005045 2506.9 0.0104068 563749 -0.00959981 0.756815
0.004355 2342.18 0.0269136 563755 -0.00456961 0.810732
0.001385 2054.66 0.0590063 563741 0.00487396 0.933857
0.000575 2214.4 0.0589637 563754 -0.00906782 0.867392
0.001175 2103.49 0.0590428 563734 0.00197409 0.912491
0.000765 2184.48 0.0590002 563743 -0.0132314 0.879118
0.001765 2018.06 0.0587118 563755 -0.0058378 0.950023
0.005055 2506.86 0.0104071 563751 -0.00972715 0.756827
0.004365 2344.37 0.0266649 563755 -0.00224935 0.809957
0.003945 2258.7 0.0366354 563749 0.00581763 0.841657
0.000585 2212.93 0.0589656 563755 -0.00679654 0.867963
0.001185 2101.29 0.0590424 563733 -0.000637498 0.913434
0.004605 2402.22 0.0206124 563754 -0.003332 0.790098
0.001775 2019.43 0.0586985 563755 -0.00342378 0.949354
0.005065 2506.82 0.0104074 563752 -0.00941269 0.756838
0.001395 2052.21 0.0590029 563737 0.0038907 0.934947
0.004375 2346.56 0.0264158 563755 5.44557e-05 0.809181
0.000595 2211.45 0.0589675 563755 -0.00434926 0.868539
0.000775 2182.72 0.059002 563747 -0.0140743 0.879823
0.001195 2099.07 0.0590418 563733 -0.00369767 0.914384
0.001785 2020.8 0.0586847 563755 -0.00127401 0.948686
0.005075 2506.79 0.0104076 563753 -0.00856863 0.756847
0.003955 2260.58 0.0364127 563745 0.00683557 0.840924
0.004385 2348.83 0.0261664 563770 0.00219121 0.808404
0.000605 2209.96 0.0589694 563755 -0.00187614 0.869118
0.004615 2404.72 0.0203579 563755 -0.00101489 0.789267
0.001205 2096.84 0.0590411 563735 -0.0069351 0.915342
0.001795 2022.16 0.0586706 563754 0.000581295 0.948021
0.001405 2049.76 0.0589993 563735 0.00214397 0.936045
0.005085 2506.77 0.0104077 563753 -0.00721263 0.756854
0.004395 2351.13 0.0259167 563754 0.00398949 0.807573
0.000615 2208.46 0.0589714 563755 0.000497544 0.869702
0.000785 2180.95 0.0590039 563749 -0.0140407 0.880533
0.001215 2094.61 0.0590403 563737 -0.0100288 0.916307
0.001805 2023.52 0.0586562 563752 0.00213954 0.947357
0.003965 2262.46 0.0361892 563740 0.0079301 0.840187
0.003525 2193.83 0.0450386 563732 0.000737466 0.867923
0.005095 2506.75 0.0104079 563754 -0.00544252 0.756859
0.004405 2353.51 0.0256666 563754 0.00535667 0.806741
0.004625 2407.22 0.0201032 563755 0.00129719 0.788436
0.000625 2206.95 0.0589733 563754 0.00266871 0.870289
0.001225 2092.37 0.0590394 563740 -0.0126562 0.917278
0.001815 2024.87 0.0586414 563750 0.00338821 0.946695
0.001415 2047.3 0.0589955 563733 -0.000311438 0.937149
0.000795 2179.17 0.0590057 563752 -0.0131907 0.881247
0.005105 2506.74 0.010408 563754 -0.00337537 0.756863
0.004415 2355.89 0.0254162 563753 0.00634935 0.805908
0.003535 2195.1 0.0448627 563734 -0.00332293 0.867386
0.003975 2264.36 0.0359647 563736 0.00884249 0.839449
0.000635 2205.43 0.0589752 563753 0.00454789 0.87088
0.001235 2090.13 0.0590384 563744 -0.0145461 0.918256
0.001825 2026.22 0.0586262 563747 0.00427483 0.946035
0.005115 2506.73 0.010408 563755 -0.00114644 0.756865
0.004425 2358.27 0.0251655 563752 0.00714799 0.805074
0.001425 2044.83 0.0589915 563733 -0.00331084 0.938261
0.004635 2409.72 0.0198484 563754 0.00345499 0.787606
0.000805 2177.38 0.0590075 563753 -0.0116575 0.881965
0.003545 2196.39 0.0446854 563738 -0.00780944 0.866848
0.001245 2087.87 0.0590373 563747 -0.0155234 0.919238
0.003205 2160.84 0.0499786 563757 0.000990125 0.882461
0.001925 2039.05 0.0584528 563745 -0.0156548 0.939821
0.003215 2161.74 0.0498446 563751 0.00214666 0.882043
0.002245 2076.01 0.0575784 563755 -0.00202576 0.922181
0.001935 2040.3 0.0584332 563748 -0.016694 0.939224
0.003225 2162.66 0.0497094 563748 0.00319434 0.881624
0.002885 2134.05 0.0535946 563753 -0.0166334 0.894816
0.003235 2163.58 0.0495728 563744 0.00412982 0.881202
0.001945 2041.55 0.0584131 563751 -0.0165894 0.938629
0.002565 2107.04 0.0560444 563732 0.00149897 0.907479
0.003245 2164.51 0.049435 563740 0.0048339 0.880778
0.001955 2042.79 0.0583927 563753 -0.0154531 0.938035
0.002255 2077.09 0.0575417 563754 -0.000252907 0.921669
0.001835 2027.57 0.0586106 563743 0.00469492 0.945376
0.003255 2165.44 0.0492958 563736 0.00505332 0.880354
0.001965 2044.03 0.0583717 563754 -0.0135251 0.937442
0.002575 2107.93 0.0559831 563732 -0.00118375 0.907059
0.004435 2360.66 0.0249145 563749 0.00794039 0.804239
0.001975 2045.26 0.0583503 563755 -0.0111076 0.93685
0.003265 2166.37 0.0491553 563733 0.00446008 0.87993
0.002895 2134.87 0.0535004 563754 -0.0146434 0.894434
0.002265 2078.16 0.0575044 563753 0.00124627 0.921159
0.001985 2046.49 0.0583285 563755 -0.00849651 0.936261
0.002585 2108.82 0.0559209 563733 -0.00461251 0.906642
0.003275 2167.31 0.0490134 563731 0.00277525 0.879508
0.001845 2028.89 0.0585947 563735 0.00451983 0.944719
0.003985 2266.27 0.0357395 563732 0.00907548 0.83871
0.004445 2363.06 0.0246632 563746 0.00884629 0.803402
0.001995 2047.71 0.0583062 563755 -0.00593083 0.935673
0.003285 2168.25 0.0488703 563732 -8.43743e-05 0.879087
0.002905 2135.69 0.0534051 563754 -0.0121659 0.894051
0.002275 2079.22 0.0574664 563746 0.00249643 0.920649
0.002595 2109.71 0.0558578 563736 -0.00841565 0.906228
0.002005 2048.93 0.0582834 563755 -0.00356758 0.935088
0.003295 2169.19 0.0487258 563734 -0.00390505 0.878668
0.003995 2268.18 0.0355133 563730 0.00805091 0.837973
0.001855 2030.19 0.0585783 563736 0.0036305 0.944091
0.004455 2365.47 0.0244117 563741 0.00993103 0.802564
0.002605 2110.6 0.0557937 563740 -0.0120912 0.905817
0.003305 2170.14 0.04858 563737 -0.00817886 0.87825
0.002015 2050.15 0.0582601 563755 -0.00148263 0.934504
0.002915 2136.52 0.0533086 563755 -0.00953035 0.893668
0.004005 2270.1 0.0352864 563730 0.00539763 0.837237
0.002285 2080.25 0.0574277 563747 0.00348851 0.92016
0.002615 2111.48 0.0557288 563744 -0.0151212 0.905407
0.003315 2171.09 0.0484329 563742 -0.012219 0.877833
0.001865 2031.47 0.0585616 563733 0.0019417 0.943467
0.002025 2051.36 0.0582364 563754 0.000306059 0.933922
0.004465 2367.88 0.0241599 563737 0.0111684 0.801725
0.002625 2112.36 0.0556629 563747 -0.0170978 0.904998
0.004015 2272.03 0.0350586 563733 0.00122786 0.836503
0.002925 2137.34 0.0532109 563754 -0.00698104 0.893286
0.003325 2172.08 0.0482844 563752 -0.0153784 0.877413
0.002035 2052.55 0.0582122 563747 0.00181183 0.933341
0.002295 2081.27 0.0573884 563744 0.00414535 0.919671
0.002635 2113.24 0.055596 563750 -0.0178148 0.904588
0.001875 2032.74 0.0585445 563732 -0.000534971 0.942848
0.004025 2273.96 0.03483 563737 -0.00378295 0.835771
0.003335 2173.08 0.0481347 563750 -0.0172147 0.876965
0.002045 2053.72 0.0581874 563750 0.00304196 0.932785
0.004475 2370.29 0.0239078 563732 0.0122311 0.800886
0.002645 2114.12 0.0555282 563752 -0.017296 0.904178
0.002935 2138.16 0.0531121 563755 -0.00466741 0.892904
0.003345 2174.11 0.0479836 563752 -0.017589 0.876513
0.002305 2082.29 0.0573484 563740 0.00432784 0.919184
0.004035 2275.91 0.0346006 563742 -0.00860406 0.835038
0.002055 2054.87 0.0581622 563747 0.00395678 0.93223
0.001885 2034.01 0.058527 563733 -0.00365288 0.942234
0.002655 2115 0.0554595 563754 -0.0157581 0.903767
0.003355 2175.15 0.0478311 563754 -0.01666 0.876058
0.002945 2138.97 0.0530121 563755 -0.00265751 0.892523
0.002065 2056.02 0.0581365 563743 0.00446297 0.931676
0.004045 2277.86 0.0343704 563747 -0.0122534 0.834303
0.002665 2115.88 0.0553898 563754 -0.0135279 0.903357
0.003365 2176.19 0.0476774 563754 -0.0147929 0.875601
0.001435 2042.36 0.0589873 563734 -0.00658914 0.939381
0.002315 2083.3 0.0573077 563736 0.00386404 0.918699
0.001895 2035.28 0.0585091 563735 -0.00712801 0.941625
0.002675 2116.74 0.0553191 563751 -0.0109524 0.902946
0.003375 2177.24 0.0475223 563755 -0.0123907 0.875143
0.004055 2279.82 0.0341394 563751 -0.0141706 0.833565
0.002075 2057.16 0.0581102 563739 0.00442405 0.931124
0.003555 2197.68 0.0445069 563743 -0.0119352 0.866309
0.001445 2039.88 0.058983 563737 -0.00981085 0.940507
0.002085 2058.3 0.0580834 563736 0.00368678 0.930574
0.003385 2178.29 0.0473659 563755 -0.00979482 0.874682
0.002685 2117.58 0.0552474 563755 -0.0083284 0.902554
0.004065 2281.79 0.0339077 563753 -0.0143528 0.832823
0.002325 2084.31 0.0572663 563734 0.00259308 0.918217
0.001905 2036.54 0.0584907 563738 -0.0105653 0.941021
0.002095 2059.43 0.0580561 563733 0.00213435 0.930029
0.002955 2139.79 0.0529109 563754 -0.000956526 0.89214
0.003395 2179.34 0.0472082 563755 -0.00724088 0.87422
0.001455 2037.4 0.0589784 563740 -0.0126199 0.941641
0.002695 2118.42 0.0551747 563755 -0.00586383 0.902163
0.004075 2283.77 0.0336752 563754 -0.0132144 0.832079
0.002105 2060.56 0.0580283 563732 -0.000254485 0.929487
0.003565 2199.01 0.0443272 563755 -0.0150016 0.865766
0.003405 2180.4 0.0470492 563755 -0.00487088 0.873757
0.002335 2085.31 0.0572242 563732 0.000436972 0.917739
0.001915 2037.8 0.058472 563741 -0.0135325 0.940419
0.002705 2119.24 0.055101 563755 -0.00367337 0.901772
0.001465 2034.91 0.0589736 563744 -0.0147013 0.94278
0.004085 2285.75 0.033442 563754 -0.0113002 0.831332
0.002115 2061.69 0.0579999 563733 -0.00335721 0.92895
0.003415 2181.47 0.0468888 563755 -0.00276537 0.873292
0.002965 2140.61 0.0528085 563753 0.000475607 0.891757
0.004645 2412.23 0.0195935 563754 0.00528183 0.786775
0.000815 2175.58 0.0590093 563754 -0.00961843 0.882688
0.001255 2085.61 0.059036 563750 -0.0155336 0.920224
0.004655 2414.75 0.0193385 563754 0.00660421 0.785944
0.000825 2173.77 0.0590111 563755 -0.00726495 0.883414
0.002975 2141.43 0.0527049 563751 0.00170257 0.891373
0.004665 2417.26 0.0190834 563753 0.00741225 0.785114
0.002125 2062.81 0.0579709 563735 -0.00689225 0.928418
0.000835 2171.95 0.0590128 563755 -0.00477743 0.884145
0.002715 2120.07 0.0550263 563754 -0.00179324 0.901381
0.001265 2083.34 0.0590346 563752 -0.0146417 0.921215
0.004675 2419.79 0.0188282 563752 0.00801858 0.784283
0.004095 2287.74 0.0332081 563754 -0.00904357 0.830583
0.000845 2170.13 0.0590145 563755 -0.00230917 0.88488
0.002135 2063.93 0.0579415 563738 -0.0104513 0.92789
0.003575 2200.37 0.0441462 563751 -0.0165913 0.865187
0.004685 2422.32 0.018573 563749 0.00884577 0.783451
0.002725 2120.9 0.0549506 563754 -0.000202745 0.90099
0.000855 2168.29 0.0590162 563755 1.87183e-05 0.88562
0.002985 2142.25 0.0526001 563749 0.0027779 0.890987
0.002145 2065.05 0.0579114 563741 -0.0135767 0.927365
0.004105 2289.74 0.0329734 563754 -0.00668063 0.829834
0.001275 2081.06 0.059033 563754 -0.013007 0.92221
0.004695 2424.85 0.0183177 563746 0.009933 0.782618
0.002735 2121.73 0.0548739 563752 0.00114912 0.900599
0.000865 2166.44 0.0590179 563754 0.00211255 0.886364
0.002155 2066.16 0.0578808 563745 -0.0158614 0.926842
0.003585 2201.78 0.0439639 563753 -0.0166571 0.864604
0.001475 2032.42 0.0589686 563747 -0.0158393 0.943924
0.002345 2086.31 0.0571814 563732 -0.00253491 0.917265
0.003595 2203.19 0.0437804 563754 -0.0154622 0.864016
0.003425 2182.54 0.0467272 563755 -0.000963995 0.872825
0.001485 2029.92 0.0589634 563750 -0.0159524 0.945072
0.002355 2087.31 0.0571378 563734 -0.00607412 0.916795
0.003605 2204.61 0.0435956 563755 -0.0134385 0.863424
0.003435 2183.61 0.0465642 563754 0.00053548 0.872356
0.002745 2122.55 0.0547961 563750 0.00231066 0.900206
0.001495 2027.41 0.058958 563752 -0.0150982 0.946225
0.002365 2088.31 0.0570936 563737 -0.00977521 0.916329
0.003615 2206.04 0.0434097 563755 -0.0109975 0.862829
0.003445 2184.69 0.0463999 563753 0.00178542 0.871885
0.000875 2164.59 0.0590195 563753 0.00389478 0.887113
0.001505 2024.9 0.0589524 563754 -0.013448 0.947381
0.002375 2089.31 0.0570486 563741 -0.0131524 0.915865
0.002755 2123.38 0.0547173 563747 0.00328874 0.899813
0.003625 2207.48 0.0432225 563755 -0.00844219 0.862231
0.003455 2185.78 0.0462343 563751 0.0028792 0.871411
0.004115 2291.75 0.0327381 563755 -0.00430639 0.829083
0.001515 2022.38 0.0589465 563755 -0.011241 0.948542
0.002385 2090.3 0.0570029 563745 -0.0157487 0.915404
0.000885 2162.72 0.0590211 563751 0.00529107 0.887865
0.003635 2208.93 0.0430341 563755 -0.00595656 0.861631
0.002765 2124.2 0.0546375 563743 0.00401346 0.89942
0.003465 2186.87 0.0460674 563748 0.00390777 0.870933
0.001525 2019.86 0.0589404 563755 -0.00873304 0.949707
0.004705 2427.39 0.0180624 563741 0.0109503 0.781784
0.004125 2293.77 0.032502 563755 -0.00198174 0.828331
0.000895 2160.84 0.0590226 563748 0.00622073 0.888622
0.002395 2091.29 0.0569565 563748 -0.0172408 0.914943
0.003645 2210.39 0.0428445 563755 -0.00364696 0.861028
0.003475 2187.97 0.0458992 563744 0.00488706 0.870453
0.002775 2125.02 0.0545566 563739 0.00432374 0.899027
0.001535 2017.34 0.058934 563755 -0.00615263 0.950876
0.002165 2067.27 0.0578496 563748 -0.0170386 0.92632
0.004135 2295.79 0.0322653 563755 0.000198448 0.827577
0.000905 2158.96 0.0590241 563745 0.00659539 0.889383
0.004715 2429.93 0.017807 563737 0.0118712 0.780951
0.002405 2092.27 0.0569092 563751 -0.0175049 0.914482
0.003655 2211.85 0.0426536 563755 -0.00158599 0.860422
0.003485 2189.07 0.0457296 563740 0.00568792 0.86997
0.002785 2125.84 0.0544746 563735 0.00399183 0.898634
0.001545 2014.8 0.0589274 563755 -0.00367389 0.952051
0.004145 2297.82 0.032028 563755 0.002112 0.826822
0.000915 2157.06 0.0590256 563742 0.00632881 0.890149
0.002175 2068.37 0.0578178 563751 -0.017031 0.925799
0.004725 2432.48 0.0175516 563733 0.0130541 0.780118
0.002415 2093.25 0.0568613 563753 -0.0166236 0.914021
0.003665 2213.33 0.0424616 563755 0.000174235 0.859814
0.003495 2190.18 0.0455588 563736 0.00601105 0.869485
0.002795 2126.67 0.0543915 563733 0.00279187 0.898244
0.001555 2012.27 0.0589206 563755 -0.00141026 0.95323
0.004155 2299.86 0.03179 563754 0.00366792 0.826065
0.000925 2155.16 0.059027 563738 0.00535755 0.89092
0.002185 2069.47 0.0577854 563753 -0.0159489 0.925278
0.004735 2435.03 0.0172961 563728 0.0141091 0.779286
0.002995 2143.08 0.0524941 563745 0.00369979 0.8906
0.002425 2094.23 0.0568125 563754 -0.0148405 0.913561
0.003675 2214.81 0.0422684 563754 0.00161966 0.859202
0.003505 2191.35 0.0453867 563745 0.00547819 0.869
0.001565 2009.73 0.0589135 563754 0.00057386 0.954413
0.000935 2153.25 0.0590284 563736 0.0036675 0.891696
0.002195 2070.57 0.0577525 563754 -0.0140421 0.924758
0.004745 2437.58 0.0170406 563726 0.0132735 0.778457
0.002805 2127.49 0.0543074 563732 0.000596703 0.897857
0.002435 2095.21 0.056763 563754 -0.012481 0.913101
0.003005 2143.9 0.0523868 563741 0.00436996 0.890212
0.003685 2216.3 0.042074 563753 0.0027987 0.858588
0.004755 2440.14 0.0167851 563729 0.00894166 0.777636
0.003695 2217.8 0.0418785 563751 0.00382234 0.85797
0.003515 2192.56 0.0452133 563731 0.00375548 0.868461
0.003705 2219.31 0.0416818 563748 0.00481937 0.857349
0.004765 2442.71 0.0165296 563736 0.00180279 0.776822
0.001575 2007.18 0.0589062 563753 0.00223978 0.9556
0.003715 2220.82 0.0414839 563744 0.00584973 0.856725
0.000945 2151.33 0.0590298 563734 0.00131805 0.89248
0.003725 2222.34 0.0412849 563740 0.0068095 0.856098
0.002205 2071.67 0.0577189 563755 -0.0116268 0.92424
0.002815 2128.31 0.0542222 563732 -0.00253287 0.897472
0.003735 2223.87 0.0410847 563735 0.00738541 0.855469
0.002445 2096.17 0.0567127 563750 -0.00987228 0.912643
0.000955 2149.39 0.0590311 563733 -0.00154504 0.89327
0.003745 2225.41 0.0408834 563732 0.00711494 0.85484
0.002215 2072.76 0.0576847 563755 -0.00901255 0.923723
0.003015 2144.72 0.0522784 563737 0.0045821 0.889823
0.002825 2129.13 0.0541359 563734 -0.00630757 0.897091
0.002455 2097.1 0.0566615 563755 -0.00728291 0.912209
0.003755 2226.96 0.040681 563730 0.00556374 0.854212
0.003025 2145.55 0.0521687 563734 0.00406266 0.889436
0.002225 2073.84 0.0576499 563755 -0.00644776 0.923207
0.002235 2074.93 0.0576145 563755 -0.0040938 0.922693
0.004775 2445.27 0.0162741 563743 -0.0053129 0.776009
0.004785 2447.88 0.0160185 563756 -0.0098645 0.775193
0.001585 2004.63 0.0588985 563750 0.00354719 0.956791
0.004795 2450.5 0.015763 563751 -0.0113811 0.774349
0.002465 2098.02 0.0566096 563755 -0.0048921 0.911776
0.003765 2228.51 0.0404775 563731 0.00255819 0.853585
0.003035 2146.38 0.0520578 563732 0.00256512 0.88905
0.002835 2129.95 0.0540485 563738 -0.0102444 0.896712
0.003775 2230.07 0.0402729 563734 -0.00164627 0.85296
0.002475 2098.93 0.0565569 563755 -0.00278829 0.911345
0.003045 2147.2 0.0519456 563731 -1.07194e-05 0.888666
0.001595 2002.07 0.0588907 563747 0.00443727 0.957986
0.003785 2231.64 0.0400671 563738 -0.00637131 0.852335
0.002845 2130.77 0.05396 563742 -0.0137732 0.896334
0.002485 2099.84 0.0565033 563754 -0.000987575 0.910914
0.003055 2148.03 0.0518322 563733 -0.00352393 0.888286
0.003795 2233.21 0.0398603 563743 -0.0107212 0.851709
0.002495 2100.75 0.056449 563753 0.000539774 0.910483
0.003065 2148.87 0.0517176 563737 -0.00757587 0.887907
0.002855 2131.59 0.0538703 563746 -0.0163806 0.895956
0.003805 2234.8 0.0396525 563748 -0.0138972 0.85108
0.002505 2101.65 0.0563937 563751 0.00183588 0.910052
0.003075 2149.7 0.0516017 563740 -0.0115838 0.887526
0.003815 2236.39 0.0394435 563751 -0.0154631 0.850447
0.002865 2132.41 0.0537795 563749 -0.0177385 0.895577
0.002515 2102.56 0.0563377 563748 0.00291836 0.909621
0.003085 2150.55 0.0514845 563744 -0.0149292 0.887145
0.003825 2237.99 0.0392335 563753 -0.0154324 0.849811
0.002875 2133.23 0.0536876 563752 -0.0177699 0.895197
0.002525 2103.46 0.0562808 563745 0.00374696 0.90919
0.003095 2151.39 0.0513661 563748 -0.0171267 0.886762
0.003835 2239.6 0.0390225 563754 -0.0141591 0.849171
0.002535 2104.36 0.056223 563741 0.00420522 0.90876
0.003105 2152.24 0.0512464 563751 -0.0179455 0.886378
0.002545 2105.25 0.0561643 563737 0.00411041 0.908331
0.003115 2153.08 0.0511254 563753 -0.0174363 0.885992
0.002555 2106.15 0.0561048 563734 0.00325856 0.907903
0.003125 2153.93 0.0510031 563754 -0.0158685 0.885604
0.003135 2154.79 0.0508796 563755 -0.0136164 0.885215
0.003145 2155.64 0.0507547 563755 -0.0110455 0.884824
0.003155 2156.5 0.0506286 563755 -0.00844219 0.884433
0.003165 2157.36 0.0505012 563755 -0.00599447 0.884041
0.003175 2158.22 0.0503725 563755 -0.0038069 0.883648
0.003185 2159.08 0.0502425 563755 -0.00192299 0.883254
0.003195 2159.95 0.0501112 563754 -0.000340509 0.882858
