5e-06 2115.69 0.0463238 172487 -0.253812 0.277024
1.5e-05 2115.68 0.0463236 172487 -0.253809 0.277024
2.5e-05 2115.68 0.0463234 172487 -0.253806 0.277024
3.5e-05 2115.68 0.0463231 172487 -0.253802 0.277025
4.5e-05 2115.67 0.0463227 172487 -0.253798 0.277025
5.5e-05 2115.67 0.0463221 172487 -0.253793 0.277026
6.5e-05 2115.66 0.0463215 172487 -0.253788 0.277027
7.5e-05 2115.65 0.0463208 172487 -0.253783 0.277028
8.5e-05 2115.65 0.0463199 172487 -0.253777 0.277029
9.5e-05 2115.64 0.046319 172487 -0.253771 0.27703
0.000105 2115.62 0.0463179 172487 -0.253766 0.277031
0.000115 2115.61 0.0463168 172487 -0.25376 0.277033
0.000125 2115.6 0.0463156 172487 -0.253754 0.277035
0.000135 2115.59 0.0463142 172487 -0.253749 0.277037
0.000145 2115.57 0.0463128 172487 -0.253744 0.277039
0.000155 2115.55 0.0463112 172487 -0.25374 0.277041
0.000165 2115.54 0.0463096 172487 -0.253736 0.277043
0.001285 2102.82 0.0458152 172486 -0.251671 0.278722
0.000175 2115.51 0.0463079 172486 -0.253728 0.277045
0.001295 2102.72 0.0458112 172486 -0.251641 0.278736
0.000185 2115.42 0.0463061 172487 -0.253722 0.277058
0.001305 2102.62 0.0458074 172486 -0.251611 0.27875
0.000195 2115.33 0.0463042 172487 -0.253713 0.27707
0.001925 2098.78 0.0458471 172486 -0.249694 0.279298
0.001315 2102.52 0.0458036 172486 -0.251581 0.278763
0.000205 2115.23 0.0463022 172487 -0.253703 0.277083
0.001325 2102.42 0.0457999 172486 -0.25155 0.278777
0.000215 2115.13 0.0463001 172487 -0.253695 0.277096
0.005125 2016.89 0.0488591 172486 -0.221321 0.290241
0.001935 2098.77 0.0458543 172486 -0.249667 0.279301
0.001335 2102.32 0.0457963 172486 -0.25152 0.27879
0.000225 2115.03 0.0462979 172487 -0.253688 0.277108
0.001945 2098.75 0.0458618 172486 -0.249639 0.279304
0.005135 2018.02 0.0487679 172486 -0.221001 0.29008
0.001345 2102.22 0.0457928 172486 -0.251489 0.278804
0.000235 2114.93 0.0462957 172487 -0.253681 0.277121
0.001955 2098.74 0.0458695 172486 -0.249612 0.279306
0.005145 2019.17 0.0486805 172486 -0.220694 0.289916
0.001355 2102.12 0.0457894 172486 -0.251459 0.278817
0.000245 2114.83 0.0462933 172486 -0.253675 0.277134
0.001965 2098.72 0.0458776 172486 -0.249585 0.279309
0.005155 2020.33 0.0485973 172486 -0.220402 0.28975
0.001365 2102.03 0.0457861 172486 -0.251428 0.27883
0.000255 2114.73 0.0462909 172486 -0.253669 0.277148
0.001975 2098.71 0.0458859 172486 -0.249559 0.279312
0.005165 2021.52 0.0485184 172486 -0.220126 0.289582
0.001375 2101.93 0.0457829 172486 -0.251397 0.278843
0.000265 2114.63 0.0462884 172486 -0.253664 0.277161
0.001985 2098.7 0.0458945 172486 -0.249532 0.279314
0.005175 2022.72 0.0484441 172486 -0.219867 0.289411
0.001385 2101.84 0.0457798 172486 -0.251366 0.278856
0.000275 2114.53 0.0462858 172486 -0.253659 0.277174
0.001995 2098.69 0.0459034 172486 -0.249506 0.279317
0.005185 2023.94 0.0483745 172486 -0.219626 0.289239
0.001395 2101.74 0.0457768 172486 -0.251335 0.278869
0.002005 2098.67 0.0459126 172486 -0.24948 0.279319
0.005195 2025.17 0.0483099 172486 -0.219405 0.289065
0.000285 2114.42 0.0462831 172486 -0.253655 0.277188
0.001405 2101.65 0.0457739 172486 -0.251304 0.278882
0.002015 2098.66 0.0459221 172486 -0.249454 0.279322
0.005205 2026.41 0.0482505 172486 -0.219205 0.288889
0.001415 2101.56 0.0457711 172486 -0.251273 0.278895
0.002025 2098.65 0.045932 172486 -0.249429 0.279324
0.000295 2114.32 0.0462803 172486 -0.25365 0.277202
0.005215 2027.67 0.0481964 172486 -0.219028 0.288712
0.001425 2101.46 0.0457685 172486 -0.251241 0.278907
0.002035 2098.64 0.0459421 172486 -0.249404 0.279327
0.005225 2028.93 0.0481478 172486 -0.218875 0.288533
0.001435 2101.37 0.0457659 172486 -0.25121 0.27892
0.002045 2098.63 0.0459525 172486 -0.249379 0.279329
0.000305 2114.21 0.0462775 172486 -0.253646 0.277215
0.005235 2030.2 0.048105 172486 -0.218748 0.288354
0.001445 2101.28 0.0457635 172486 -0.251179 0.278933
0.002055 2098.62 0.0459632 172486 -0.249354 0.279331
0.005245 2031.48 0.048068 172486 -0.218648 0.288174
0.000315 2114.11 0.0462745 172486 -0.253641 0.277229
0.001455 2101.19 0.0457612 172486 -0.251147 0.278945
0.002065 2098.61 0.0459743 172486 -0.249329 0.279333
0.005255 2032.77 0.048037 172486 -0.218578 0.287994
0.001465 2101.1 0.045759 172486 -0.251116 0.278957
0.002075 2098.6 0.0459857 172486 -0.249305 0.279336
0.005265 2034.05 0.0480123 172486 -0.218539 0.287813
0.001475 2101.01 0.045757 172486 -0.251084 0.27897
0.002085 2098.59 0.0459973 172486 -0.249281 0.279338
0.005275 2035.34 0.0479938 172486 -0.218534 0.287633
0.001485 2100.92 0.0457551 172486 -0.251053 0.278982
0.002095 2098.58 0.0460094 172486 -0.249257 0.27934
0.005285 2036.62 0.0479819 172486 -0.218565 0.287453
0.001495 2100.84 0.0457533 172486 -0.251021 0.278994
0.002105 2098.58 0.0460217 172486 -0.249234 0.279342
0.005295 2037.9 0.0479765 172486 -0.218635 0.287273
0.001505 2100.75 0.0457516 172486 -0.25099 0.279006
0.002115 2098.57 0.0460344 172486 -0.24921 0.279344
0.005305 2039.17 0.0479778 172486 -0.218745 0.287095
0.001515 2100.67 0.0457501 172486 -0.250958 0.279018
0.002125 2098.56 0.0460474 172486 -0.249187 0.279346
0.005315 2040.43 0.047986 172486 -0.218893 0.286918
0.001525 2100.58 0.0457488 172486 -0.250927 0.27903
0.002135 2098.55 0.0460608 172486 -0.249165 0.279348
0.005325 2041.69 0.0480011 172486 -0.219072 0.286743
0.001535 2100.5 0.0457476 172486 -0.250896 0.279041
0.002145 2098.54 0.0460745 172486 -0.249142 0.27935
0.005335 2042.92 0.0480231 172486 -0.219272 0.286571
0.001545 2100.41 0.0457465 172486 -0.250864 0.279053
0.002155 2098.54 0.0460885 172486 -0.24912 0.279352
0.005345 2044.14 0.0480522 172486 -0.219485 0.2864
0.001555 2100.33 0.0457456 172486 -0.250833 0.279065
0.002165 2098.53 0.0461029 172486 -0.249098 0.279354
0.005355 2045.34 0.0480885 172486 -0.219711 0.286233
0.001565 2100.25 0.0457448 172486 -0.250801 0.279076
0.002175 2098.52 0.0461176 172486 -0.249076 0.279356
0.005365 2046.51 0.0481319 172486 -0.219961 0.28607
0.001575 2100.17 0.0457442 172486 -0.250769 0.279087
0.002185 2098.51 0.0461327 172486 -0.249055 0.279358
0.005375 2047.66 0.0481825 172486 -0.220263 0.28591
0.001585 2100.09 0.0457438 172486 -0.250738 0.279099
0.002195 2098.51 0.0461482 172486 -0.249034 0.27936
0.005385 2048.78 0.0482404 172486 -0.220645 0.285754
0.001595 2100.01 0.0457435 172486 -0.250706 0.27911
0.002205 2098.5 0.046164 172486 -0.249013 0.279362
0.005395 2049.87 0.0483055 172486 -0.221129 0.285603
0.002215 2098.49 0.0461802 172486 -0.248992 0.279364
0.005405 2050.92 0.0483779 172486 -0.221722 0.285457
0.002225 2098.49 0.0461967 172486 -0.248972 0.279366
0.005415 2051.93 0.0484575 172486 -0.22241 0.285316
0.000325 2114 0.0462715 172486 -0.253637 0.277243
0.002235 2098.48 0.0462136 172486 -0.248952 0.279368
0.005425 2052.89 0.0485443 172486 -0.223167 0.285181
0.005435 2053.81 0.0486382 172486 -0.223999 0.285053
0.000965 2106.33 0.0459712 172486 -0.252543 0.278251
0.001605 2099.93 0.0457434 172486 -0.250674 0.279121
0.000975 2106.22 0.0459658 172486 -0.252518 0.278266
0.000985 2106.1 0.0459605 172486 -0.252494 0.278282
0.000995 2105.98 0.0459551 172486 -0.252469 0.278297
0.004805 1993.9 0.0526129 172486 -0.234508 0.293593
0.001615 2099.85 0.0457435 172486 -0.250642 0.279132
0.001005 2105.87 0.0459497 172486 -0.252444 0.278312
0.004485 1996.84 0.0550027 172486 -0.245584 0.293278
0.001015 2105.75 0.0459444 172486 -0.252419 0.278328
0.001625 2099.77 0.0457437 172486 -0.250609 0.279143
0.001025 2105.64 0.0459391 172486 -0.252394 0.278343
0.001635 2099.7 0.0457441 172486 -0.250576 0.279154
0.004815 1994.2 0.0525006 172486 -0.234091 0.293546
0.001035 2105.52 0.0459338 172486 -0.252368 0.278358
0.001645 2099.62 0.0457447 172486 -0.250543 0.279165
0.004825 1994.53 0.0523865 172486 -0.23367 0.293496
0.004495 1996.06 0.0549662 172487 -0.2455 0.29339
0.001045 2105.41 0.0459285 172486 -0.252342 0.278374
0.001655 2099.54 0.0457455 172486 -0.25051 0.279175
0.004835 1994.88 0.0522709 172486 -0.233246 0.293442
0.004165 2025.93 0.0550783 172486 -0.249897 0.289206
0.004505 1995.66 0.0549273 172486 -0.245314 0.293443
0.001055 2105.3 0.0459233 172486 -0.252316 0.278389
0.001665 2099.47 0.0457464 172486 -0.250476 0.279186
0.004845 1995.26 0.0521538 172486 -0.23282 0.293385
0.000645 2110.26 0.0461408 172486 -0.253247 0.277733
0.004515 1995.29 0.0548859 172486 -0.244971 0.293493
0.001065 2105.18 0.0459181 172486 -0.25229 0.278404
0.001675 2099.4 0.0457476 172486 -0.250441 0.279196
0.004855 1995.67 0.0520352 172486 -0.232391 0.293323
0.004525 1994.94 0.0548421 172486 -0.244539 0.29354
0.001075 2105.07 0.0459129 172486 -0.252264 0.278419
0.004175 2024.92 0.0551028 172486 -0.249811 0.289347
0.000655 2110.14 0.0461359 172486 -0.253228 0.277749
0.001685 2099.33 0.0457489 172487 -0.250404 0.279206
0.004865 1996.1 0.0519154 172486 -0.23196 0.293257
0.004535 1994.62 0.0547958 172486 -0.244097 0.293582
0.001085 2104.96 0.0459078 172486 -0.252237 0.278434
0.004185 2023.91 0.0551259 172486 -0.249721 0.289487
0.000665 2110.01 0.0461309 172486 -0.253208 0.277765
0.001695 2099.29 0.0457505 172486 -0.250378 0.279211
0.004875 1996.57 0.0517944 172486 -0.231527 0.293188
0.004545 1994.33 0.054747 172486 -0.243695 0.293621
0.001095 2104.85 0.0459027 172486 -0.252211 0.278449
0.002245 2098.47 0.0462309 172486 -0.248932 0.279369
0.004195 2022.91 0.0551475 172486 -0.249628 0.289626
0.000675 2109.89 0.0461259 172486 -0.253188 0.277781
0.001705 2099.27 0.0457522 172486 -0.250348 0.279216
0.004885 1997.06 0.0516724 172486 -0.231093 0.293115
0.004555 1994.06 0.0546958 172486 -0.243344 0.293657
0.001105 2104.73 0.0458976 172486 -0.252184 0.278464
0.004205 2021.91 0.0551677 172486 -0.24953 0.289765
0.000685 2109.77 0.0461208 172486 -0.253168 0.277797
0.001715 2099.24 0.0457541 172486 -0.250318 0.27922
0.004895 1997.57 0.0515494 172486 -0.230658 0.293038
0.004565 1993.81 0.054642 172486 -0.243029 0.293689
0.001115 2104.62 0.0458926 172486 -0.252157 0.278479
0.004215 2020.92 0.0551863 172486 -0.249429 0.289904
0.000695 2109.64 0.0461157 172486 -0.253148 0.277814
0.001725 2099.21 0.0457563 172486 -0.250288 0.279225
0.004905 1998.12 0.0514257 172486 -0.230221 0.292957
0.004575 1993.57 0.0545857 172486 -0.242732 0.293719
0.001125 2104.51 0.0458876 172486 -0.252129 0.278494
0.002255 2098.47 0.0462486 172486 -0.248912 0.279371
0.005445 2054.35 0.048739 172458 -0.224567 0.284932
0.004225 2019.93 0.0552035 172486 -0.249323 0.290042
0.000705 2109.52 0.0461106 172486 -0.253128 0.27783
0.001735 2099.18 0.0457586 172486 -0.250257 0.279229
0.004915 1998.69 0.0513014 172486 -0.229785 0.292872
0.004585 1993.36 0.0545269 172486 -0.242439 0.293746
0.001135 2104.4 0.0458826 172486 -0.252102 0.278508
0.002265 2098.46 0.0462666 172486 -0.248893 0.279373
0.004235 2018.94 0.055219 172486 -0.249213 0.290179
0.001745 2099.15 0.0457612 172486 -0.250227 0.279234
0.000715 2109.4 0.0461055 172486 -0.253107 0.277846
0.004925 1999.29 0.0511766 172486 -0.229348 0.292783
0.004595 1993.16 0.0544656 172486 -0.242144 0.293771
0.001145 2104.29 0.0458777 172486 -0.252074 0.278523
0.002275 2098.45 0.046285 172486 -0.248874 0.279375
0.004245 2017.96 0.055233 172486 -0.249099 0.290316
0.001755 2099.13 0.045764 172486 -0.250196 0.279238
0.000725 2109.27 0.0461003 172486 -0.253087 0.277862
0.004935 1999.92 0.0510514 172486 -0.228912 0.292691
0.007365 358.716 0.227183 172486 -0.00383223 1.66195
0.004605 1992.99 0.0544017 172486 -0.241843 0.293793
0.005455 2046.24 0.0488473 172486 -0.224616 0.286108
0.001155 2104.18 0.0458729 172486 -0.252047 0.278538
0.002285 2098.45 0.0463038 172486 -0.248856 0.279377
0.004255 2016.99 0.0552453 172486 -0.24898 0.290452
0.001765 2099.1 0.045767 172486 -0.250166 0.279242
0.000735 2109.15 0.0460951 172486 -0.253066 0.277879
0.005765 1792.58 0.055125 172486 -0.19446 0.326561
0.004945 2000.58 0.0509261 172486 -0.228476 0.292594
0.004615 1992.83 0.0543353 172486 -0.241536 0.293813
0.005465 2037.78 0.048963 172486 -0.224346 0.287296
0.007045 406.943 0.217732 172486 -0.0119147 1.46022
0.001165 2104.08 0.0458681 172486 -0.252019 0.278552
0.002295 2098.44 0.046323 172486 -0.248837 0.279379
0.004265 2016.02 0.0552559 172486 -0.248856 0.290587
0.001775 2099.08 0.0457702 172486 -0.250135 0.279246
0.000745 2109.03 0.0460898 172486 -0.253045 0.277895
0.004955 2001.26 0.0508009 172486 -0.228041 0.292494
0.004625 1992.68 0.0542664 172486 -0.24122 0.29383
0.007375 357.978 0.227343 172486 -0.00367485 1.66549
0.005475 2029.3 0.049086 172486 -0.224046 0.288495
0.001175 2103.97 0.0458633 172486 -0.251991 0.278567
0.002305 2098.43 0.0463425 172486 -0.248819 0.279381
0.004275 2015.06 0.0552649 172486 -0.248728 0.290721
0.007055 404.533 0.218183 172486 -0.0115307 1.46911
0.001785 2099.05 0.0457736 172486 -0.250104 0.27925
0.006085 1285.54 0.101173 172487 -0.152537 0.455785
0.000755 2108.9 0.0460846 172486 -0.253024 0.277911
0.004965 2001.97 0.0506758 172486 -0.227608 0.29239
0.004635 1992.56 0.0541949 172486 -0.240898 0.293844
0.005775 1785.35 0.055373 172486 -0.192722 0.327885
0.007385 357.265 0.227496 172486 -0.00352136 1.66892
0.005485 2020.82 0.0492164 172486 -0.223708 0.289705
0.001185 2103.86 0.0458586 172486 -0.251962 0.278581
0.002315 2098.43 0.0463625 172486 -0.248802 0.279383
0.004285 2014.1 0.0552721 172486 -0.248595 0.290854
0.007065 402.179 0.218622 172486 -0.0111567 1.47791
0.001795 2099.03 0.0457773 172486 -0.250074 0.279254
0.000765 2108.78 0.0460793 172486 -0.253002 0.277927
0.004975 2002.71 0.0505511 172486 -0.227177 0.292282
0.004645 1992.46 0.0541209 172486 -0.240569 0.293855
0.005785 1778.22 0.0556208 172486 -0.190981 0.329201
0.007395 356.577 0.227643 172486 -0.00337167 1.67224
0.005495 2012.34 0.0493541 172486 -0.223334 0.290926
0.001195 2103.75 0.045854 172486 -0.251934 0.278596
0.002325 2098.42 0.0463828 172486 -0.248784 0.279385
0.006725 539.442 0.196006 172487 -0.0324138 1.09601
0.004295 2013.15 0.0552776 172486 -0.248457 0.290987
0.007075 399.877 0.21905 172486 -0.0107928 1.48661
0.006405 815.014 0.1567 172487 -0.0768087 0.721485
0.001805 2099.01 0.0457812 172486 -0.250044 0.279258
0.000775 2108.66 0.046074 172486 -0.252981 0.277944
0.006095 1267.14 0.103005 172487 -0.149717 0.462434
0.004985 2003.48 0.0504269 172486 -0.226749 0.292171
0.004655 1992.38 0.0540443 172486 -0.240233 0.293863
0.005795 1771.19 0.0558686 172486 -0.189243 0.330509
0.007405 355.914 0.227783 172486 -0.00322477 1.67546
0.005505 2003.84 0.0494989 172486 -0.222924 0.292157
0.001205 2103.65 0.0458494 172486 -0.251905 0.27861
0.002335 2098.41 0.0464036 172486 -0.248767 0.279387
0.004305 2012.21 0.0552812 172486 -0.248313 0.291119
0.007085 397.628 0.219465 172486 -0.010439 1.49521
0.001815 2098.98 0.0457853 172486 -0.250013 0.279262
0.000785 2108.53 0.0460687 172486 -0.252959 0.27796
0.004995 2004.27 0.0503035 172486 -0.226323 0.292055
0.006415 804.137 0.158218 172487 -0.0749743 0.731355
0.006105 1248.78 0.104833 172487 -0.146892 0.469265
0.004665 1992.32 0.0539653 172486 -0.239891 0.293868
0.005805 1764.27 0.0561163 172486 -0.187516 0.331809
0.007415 355.345 0.227918 172486 -0.00308289 1.67824
0.005515 1995.35 0.049651 172486 -0.222476 0.2934
0.001215 2103.54 0.0458449 172486 -0.251876 0.278624
0.003845 2054.55 0.0537242 172486 -0.250955 0.285289
0.006735 533.575 0.196928 172487 -0.0314819 1.10825
0.002345 2098.41 0.0464247 172486 -0.24875 0.279389
0.002565 2098.07 0.0469948 172486 -0.248517 0.279454
0.004315 2011.28 0.0552831 172486 -0.248165 0.291249
0.007095 395.43 0.21987 172486 -0.0100951 1.50371
0.001825 2098.96 0.0457897 172486 -0.249983 0.279265
0.000795 2108.41 0.0460633 172486 -0.252937 0.277976
0.005005 2005.09 0.050181 172486 -0.225901 0.291936
0.006425 793.363 0.159718 172487 -0.0731666 0.741402
0.006115 1230.47 0.106656 172487 -0.144064 0.476284
0.004675 1992.28 0.0538839 172486 -0.239543 0.29387
0.005815 1757.44 0.0563641 172486 -0.185806 0.3331
0.007425 354.8 0.228047 172486 -0.00294399 1.68091
0.005525 1986.86 0.04981 172486 -0.22199 0.294653
0.001225 2103.44 0.0458404 172486 -0.251848 0.278639
0.002355 2098.4 0.0464462 172486 -0.248731 0.279391
0.006745 527.797 0.197832 172487 -0.0305663 1.12058
0.004325 2010.36 0.055283 172486 -0.248011 0.291379
0.007105 393.282 0.220264 172486 -0.00976119 1.51211
0.001835 2098.94 0.0457943 172486 -0.249953 0.279269
0.002575 2098.04 0.0470257 172486 -0.248514 0.279458
0.000805 2108.28 0.046058 172486 -0.252915 0.277993
0.005015 2005.94 0.0500596 172486 -0.225483 0.291813
0.006435 782.691 0.1612 172487 -0.0713849 0.751629
0.003855 2053.76 0.0537789 172486 -0.250957 0.285395
0.002885 2096.63 0.0482044 172486 -0.248636 0.279665
0.006125 1212.2 0.108474 172487 -0.14123 0.483498
0.004685 1992.26 0.0538002 172486 -0.239187 0.293869
0.005825 1750.72 0.0566124 172486 -0.184167 0.334382
0.007435 354.277 0.228169 172486 -0.00280755 1.68348
0.005535 1978.37 0.049976 172486 -0.221464 0.295916
0.001235 2103.33 0.045836 172486 -0.251818 0.278653
0.002365 2098.39 0.0464682 172486 -0.248718 0.279393
0.006755 522.105 0.198719 172487 -0.0296673 1.13299
0.004335 2009.44 0.0552811 172486 -0.247852 0.291507
0.007115 391.182 0.220646 172486 -0.00943518 1.52041
0.001845 2098.92 0.0457991 172486 -0.249924 0.279272
0.002585 2098.02 0.047057 172486 -0.24851 0.279462
0.000815 2108.16 0.0460526 172486 -0.252893 0.278009
0.005025 2006.81 0.0499396 172486 -0.22507 0.291687
0.006445 772.119 0.162663 172487 -0.0696289 0.76204
0.003865 2052.97 0.0538331 172486 -0.250958 0.285502
0.006135 1193.98 0.110286 172487 -0.138402 0.490915
0.004695 1992.27 0.053714 172486 -0.238825 0.293865
0.005835 1744.09 0.0568613 172487 -0.181557 0.335656
0.007445 353.776 0.228286 172486 -0.00267383 1.68595
0.005545 1969.89 0.0501488 172486 -0.220895 0.29719
0.003525 2078.35 0.0517942 172486 -0.250355 0.282092
0.001245 2103.23 0.0458317 172486 -0.251789 0.278667
0.002375 2098.38 0.0464905 172486 -0.248703 0.279395
0.006765 516.5 0.199589 172487 -0.0287855 1.14549
0.004345 2008.53 0.0552773 172486 -0.247687 0.291635
0.007125 389.131 0.221018 172486 -0.00911617 1.52861
0.001855 2098.9 0.0458042 172486 -0.249894 0.279276
0.002595 2097.99 0.0470888 172486 -0.248508 0.279466
0.003205 2089.77 0.0498492 172486 -0.249317 0.280583
0.000825 2108.04 0.0460472 172486 -0.252871 0.278025
0.002895 2096.56 0.0482496 172486 -0.24865 0.279675
0.005035 2007.71 0.0498211 172486 -0.224661 0.291557
0.006455 761.648 0.164108 172487 -0.0678969 0.772641
0.003875 2052.18 0.0538866 172486 -0.250959 0.285609
0.006145 1175.81 0.112093 172488 -0.135328 0.498543
0.004705 1992.3 0.0536252 172486 -0.238457 0.293857
0.005845 1737.22 0.0571453 172454 -0.200381 0.336924
0.007455 353.297 0.228397 172486 -0.00254271 1.68832
0.005555 1961.41 0.0503283 172486 -0.220282 0.298472
0.001255 2103.12 0.0458275 172486 -0.25176 0.278681
0.002385 2098.36 0.0465133 172486 -0.248687 0.279398
0.006775 510.979 0.200442 172487 -0.0279217 1.15806
0.004355 2007.63 0.0552714 172486 -0.247517 0.291761
0.007135 387.316 0.22138 172486 -0.00882405 1.53595
0.001865 2098.88 0.0458096 172486 -0.249865 0.279279
0.002605 2097.97 0.047121 172486 -0.248505 0.279471
0.000835 2107.91 0.0460418 172486 -0.252849 0.278041
0.002905 2096.49 0.0482951 172486 -0.248665 0.279686
0.005045 2008.63 0.0497043 172486 -0.224259 0.291424
0.006465 751.276 0.165534 172487 -0.0661936 0.783434
0.003535 2077.66 0.051857 172486 -0.250377 0.282184
0.003885 2051.39 0.0539396 172486 -0.250957 0.285717
0.006155 1157.75 0.113893 172494 -0.132723 0.506383
0.004715 1992.35 0.053534 172486 -0.238084 0.293847
0.005855 1718.27 0.0589313 172487 -0.218089 0.340708
0.007465 352.839 0.228503 172486 -0.00241408 1.69059
0.005565 1952.95 0.0505142 172486 -0.219622 0.299764
0.001265 2103.02 0.0458233 172486 -0.25173 0.278695
0.002395 2098.35 0.0465364 172486 -0.248673 0.279401
0.000335 2113.89 0.0462685 172486 -0.253632 0.277257
0.006785 505.543 0.201278 172487 -0.0270763 1.17071
0.003215 2089.48 0.0499066 172486 -0.249346 0.280622
0.004365 2006.74 0.0552636 172486 -0.247341 0.291886
0.007145 385.546 0.221731 172486 -0.00853594 1.54318
0.001275 2102.92 0.0458192 172486 -0.251701 0.278709
0.001875 2098.86 0.0458152 172486 -0.249836 0.279283
0.002615 2097.94 0.0471536 172486 -0.248504 0.279475
0.000845 2107.79 0.0460364 172486 -0.252826 0.278058
0.002915 2096.41 0.0483411 172486 -0.248681 0.279696
0.005055 2009.58 0.0495895 172486 -0.223862 0.291287
0.006475 741.003 0.166941 172487 -0.0644448 0.794425
0.003895 2050.59 0.0539919 172486 -0.250955 0.285824
0.006165 1142.72 0.115754 172487 -0.131157 0.51307
0.004725 1992.42 0.0534404 172486 -0.237705 0.293833
0.003545 2076.97 0.0519197 172486 -0.250386 0.282276
0.003555 2076.28 0.0519824 172486 -0.250369 0.282369
0.005865 1699.04 0.0607506 172487 -0.21373 0.344569
0.003565 2075.58 0.0520451 172486 -0.250318 0.282463
0.003575 2074.87 0.0521077 172486 -0.250236 0.282557
0.003585 2074.16 0.0521703 172486 -0.250146 0.282651
0.005875 1679.86 0.0625704 172487 -0.210634 0.348507
0.007475 352.402 0.228603 172486 -0.00228782 1.69276
0.003595 2073.45 0.0522328 172486 -0.25008 0.282746
0.005885 1660.74 0.0643912 172487 -0.207575 0.352525
0.003605 2072.74 0.0522952 172486 -0.25007 0.282842
0.005895 1641.68 0.0662136 172487 -0.204602 0.356627
0.003615 2072.01 0.0523575 172486 -0.250129 0.282939
0.005905 1622.65 0.068038 172487 -0.201705 0.360816
0.007485 351.986 0.228698 172486 -0.00216415 1.69483
0.005575 1944.5 0.0507063 172486 -0.218913 0.301065
0.003625 2071.29 0.0524197 172486 -0.250247 0.283036
0.005915 1603.67 0.0698648 172487 -0.198876 0.365095
0.007495 351.589 0.228788 172486 -0.00204177 1.69681
0.003635 2070.56 0.0524818 172486 -0.250392 0.283134
0.005925 1584.72 0.0716941 172487 -0.196102 0.36947
0.007505 351.268 0.228872 172486 -0.00192202 1.69843
0.003645 2069.83 0.0525437 172486 -0.250532 0.283232
0.005935 1565.81 0.0735263 172487 -0.193373 0.373944
0.007515 350.966 0.228951 172486 -0.00180437 1.69995
0.005585 1936.07 0.0509045 172486 -0.218153 0.302374
0.002405 2098.34 0.04656 172486 -0.248659 0.279403
0.003655 2069.09 0.0526054 172486 -0.250641 0.283331
0.005945 1546.92 0.0753612 172487 -0.190678 0.378521
0.007525 350.684 0.229025 172486 -0.00168775 1.70138
0.005595 1927.67 0.0511085 172486 -0.217338 0.303691
0.003665 2068.35 0.052667 172486 -0.250712 0.28343
0.005955 1528.06 0.077199 172487 -0.188005 0.383205
0.007535 350.42 0.229094 172486 -0.00157249 1.70271
0.005605 1919.29 0.051318 172486 -0.216468 0.305016
0.003675 2067.61 0.0527283 172486 -0.250752 0.28353
0.005965 1509.23 0.0790394 172487 -0.185344 0.388
0.007545 350.175 0.229158 172486 -0.00145851 1.70395
0.005615 1910.94 0.0515327 172486 -0.215539 0.306347
0.006795 500.189 0.202098 172487 -0.0262521 1.18344
0.002415 2098.33 0.046584 172486 -0.248646 0.279406
0.003685 2066.86 0.0527895 172486 -0.250773 0.28363
0.005975 1490.42 0.0808823 172487 -0.182687 0.39291
0.007555 349.948 0.229218 172486 -0.0013457 1.70511
0.003225 2089.18 0.0499642 172486 -0.249375 0.280662
0.005625 1902.63 0.0517523 172486 -0.21455 0.307684
0.003695 2066.11 0.0528504 172486 -0.250788 0.283731
0.002425 2098.31 0.0466084 172486 -0.248633 0.279408
0.005985 1471.63 0.0827271 172487 -0.180025 0.39794
0.007565 349.74 0.229272 172486 -0.001234 1.70616
0.005635 1894.35 0.0519765 172486 -0.213498 0.309026
0.003705 2065.36 0.0529111 172486 -0.250803 0.283832
0.003235 2088.87 0.0500222 172486 -0.249405 0.280702
0.002435 2098.3 0.0466332 172486 -0.248621 0.279411
0.005995 1452.88 0.0845735 172487 -0.177353 0.403093
0.007575 349.549 0.229322 172486 -0.00112332 1.70713
0.006805 494.918 0.202902 172487 -0.0254243 1.19625
0.005645 1886.12 0.0522048 172486 -0.212382 0.310373
0.003715 2064.6 0.0529715 172486 -0.250819 0.283933
0.003245 2088.57 0.0500805 172486 -0.249435 0.280742
0.002445 2098.29 0.0466585 172486 -0.248609 0.279414
0.006005 1434.15 0.0864211 172487 -0.174665 0.408375
0.007585 349.377 0.229367 172486 -0.00101356 1.70801
0.003905 2049.8 0.0540436 172486 -0.250952 0.285932
0.005655 1877.94 0.0524369 172486 -0.211202 0.311723
0.006815 489.731 0.20369 172487 -0.0246575 1.20913
0.003725 2063.84 0.0530316 172486 -0.250837 0.284035
0.003255 2088.26 0.050139 172486 -0.249466 0.280783
0.002455 2098.27 0.0466841 172486 -0.248598 0.279417
0.006015 1415.45 0.0882692 172487 -0.171959 0.413788
0.007595 349.222 0.229408 172486 -0.000904645 1.7088
0.005665 1869.81 0.0526723 172486 -0.209957 0.313077
0.006825 485.118 0.204462 172486 -0.0237906 1.22082
0.003735 2063.08 0.0530914 172486 -0.250853 0.284138
0.003265 2087.95 0.0501978 172486 -0.249497 0.280825
0.002465 2098.26 0.0467102 172486 -0.248588 0.27942
0.006025 1396.78 0.0901173 172487 -0.169233 0.419338
0.007605 349.085 0.229444 172486 -0.000796489 1.7095
0.005675 1861.75 0.0529108 172486 -0.208647 0.314432
0.006835 480.589 0.205218 172486 -0.023266 1.23254
0.003745 2062.32 0.0531509 172486 -0.250869 0.284241
0.003275 2087.63 0.0502569 172486 -0.249528 0.280866
0.004375 2005.86 0.0552538 172486 -0.24716 0.292009
0.002475 2098.24 0.0467367 172486 -0.248578 0.279423
0.003915 2049 0.0540946 172486 -0.250947 0.286041
0.006035 1378.15 0.0919648 172487 -0.166489 0.42503
0.007615 348.965 0.229475 172486 -0.000689007 1.71012
0.005685 1853.74 0.0531517 172486 -0.207273 0.315789
0.006845 476.139 0.205958 172486 -0.0225009 1.24426
0.003755 2061.55 0.0532101 172486 -0.250883 0.284344
0.003285 2087.31 0.0503162 172486 -0.24956 0.280909
0.002485 2098.22 0.0467637 172486 -0.248569 0.279426
0.003925 2048.2 0.054145 172486 -0.250941 0.286149
0.006045 1359.55 0.0938112 172487 -0.163726 0.430868
0.007625 348.862 0.229502 172486 -0.000582118 1.71064
0.005695 1845.81 0.0533948 172486 -0.205839 0.317145
0.006855 471.769 0.206682 172486 -0.021824 1.25599
0.003765 2060.78 0.0532689 172486 -0.250895 0.284447
0.003295 2086.99 0.0503758 172486 -0.249592 0.280951
0.002495 2098.21 0.046791 172486 -0.24856 0.279429
0.003935 2047.4 0.0541946 172486 -0.250933 0.286258
0.006055 1340.99 0.0956557 172487 -0.160947 0.436856
0.007635 348.777 0.229524 172486 -0.000475752 1.71108
0.004385 2004.99 0.0552419 172486 -0.246972 0.292131
0.005705 1837.95 0.0536396 172486 -0.204346 0.3185
0.006865 467.476 0.207391 172486 -0.0211595 1.26773
0.003775 2060.01 0.0533273 172486 -0.250906 0.284551
0.007155 383.82 0.222071 172486 -0.00825777 1.5503
0.003305 2086.66 0.0504356 172486 -0.249624 0.280994
0.002505 2098.19 0.0468189 172486 -0.248553 0.279432
0.003945 2046.6 0.0542434 172486 -0.250924 0.286367
0.006065 1322.46 0.097498 172487 -0.158154 0.443002
0.006175 1127.82 0.117606 172487 -0.128638 0.519896
0.007645 348.709 0.229542 172486 -0.000369895 1.71143
0.004395 2004.13 0.0552279 172486 -0.246779 0.292252
0.005715 1830.17 0.0538857 172486 -0.202799 0.319854
0.006875 463.26 0.208085 172486 -0.0205131 1.27948
0.006485 730.827 0.16833 172487 -0.0629852 0.80562
0.003785 2059.24 0.0533854 172486 -0.250916 0.284656
0.003315 2086.33 0.0504957 172486 -0.249656 0.281038
0.002515 2098.17 0.0468471 172486 -0.248545 0.279436
0.003955 2045.79 0.0542915 172486 -0.250914 0.286476
0.007655 348.658 0.229555 172486 -0.000264517 1.71169
0.006075 1303.98 0.0993373 172487 -0.15535 0.449309
0.004405 2003.29 0.0552118 172486 -0.24658 0.292371
0.005725 1822.47 0.0541328 172486 -0.201203 0.321205
0.006185 1113 0.119446 172487 -0.126178 0.526866
0.006885 459.118 0.208764 172486 -0.0198826 1.29123
0.003795 2058.46 0.053443 172486 -0.250926 0.28476
0.007165 382.136 0.222402 172486 -0.00798947 1.5573
0.003325 2086 0.0505559 172486 -0.249688 0.281082
0.002525 2098.15 0.0468758 172486 -0.248538 0.279439
0.006495 720.749 0.169701 172487 -0.0611563 0.81702
0.003965 2044.99 0.0543389 172486 -0.250902 0.286585
0.007665 348.624 0.229564 172486 -0.000161172 1.71186
0.001885 2098.85 0.045821 172486 -0.249807 0.279286
0.007675 348.607 0.229568 172486 -5.26972e-05 1.71195
0.001895 2098.83 0.0458272 172486 -0.249778 0.279289
0.002625 2097.91 0.0471867 172486 -0.248503 0.27948
0.001905 2098.81 0.0458335 172486 -0.24975 0.279292
0.001915 2098.8 0.0458402 172486 -0.249722 0.279295
0.002635 2097.88 0.0472202 172486 -0.248502 0.279485
0.000855 2107.67 0.046031 172486 -0.252804 0.278074
0.002645 2097.85 0.0472542 172486 -0.248502 0.27949
0.002655 2097.81 0.0472886 172486 -0.248502 0.279495
0.002665 2097.78 0.0473235 172486 -0.248503 0.2795
0.000865 2107.54 0.0460256 172486 -0.252781 0.27809
0.002925 2096.33 0.0483876 172486 -0.248699 0.279707
0.002675 2097.74 0.0473589 172486 -0.248504 0.279506
0.000875 2107.42 0.0460201 172486 -0.252758 0.278107
0.002685 2097.71 0.0473946 172486 -0.248506 0.279511
0.000885 2107.3 0.0460147 172486 -0.252735 0.278123
0.002695 2097.67 0.0474309 172486 -0.248508 0.279517
0.000895 2107.18 0.0460093 172486 -0.252712 0.278139
0.002935 2096.24 0.0484344 172486 -0.248718 0.279719
0.005065 2010.56 0.0494769 172486 -0.223473 0.291147
0.002705 2097.63 0.0474675 172486 -0.24851 0.279523
0.000905 2107.05 0.0460038 172486 -0.252688 0.278155
0.002945 2096.16 0.0484817 172486 -0.248739 0.27973
0.002715 2097.59 0.0475047 172486 -0.248513 0.279529
0.000915 2106.93 0.0459984 172486 -0.252664 0.278171
0.002955 2096.07 0.0485294 172486 -0.248761 0.279742
0.002725 2097.55 0.0475423 172486 -0.248517 0.279535
0.000925 2106.81 0.0459929 172486 -0.25264 0.278188
0.002965 2095.98 0.0485774 172486 -0.248778 0.279755
0.000345 2113.78 0.0462653 172486 -0.253627 0.277272
0.005075 2011.55 0.0493667 172486 -0.223091 0.291004
0.002735 2097.5 0.0475803 172486 -0.24852 0.279542
0.000935 2106.69 0.0459875 172486 -0.252616 0.278204
0.002975 2095.75 0.048626 172486 -0.248793 0.279785
0.004735 1992.52 0.0533445 172486 -0.237322 0.293815
0.002745 2097.46 0.0476188 172486 -0.248524 0.279549
0.005085 2012.58 0.0492591 172486 -0.222717 0.290857
0.000945 2106.57 0.0459821 172486 -0.252587 0.27822
0.002985 2095.52 0.0486749 172486 -0.248804 0.279816
0.002755 2097.41 0.0476577 172486 -0.248529 0.279556
0.005095 2013.62 0.0491543 172486 -0.222352 0.290708
0.000955 2106.45 0.0459767 172486 -0.252567 0.278235
0.002995 2095.29 0.0487243 172486 -0.248816 0.279848
0.000355 2113.67 0.0462621 172486 -0.253621 0.277286
0.002765 2097.36 0.0476971 172486 -0.248533 0.279563
0.005105 2014.69 0.0490526 172486 -0.221998 0.290555
0.003005 2095.05 0.0487741 172486 -0.248831 0.279879
0.000365 2113.56 0.0462588 172486 -0.253615 0.2773
0.004745 1992.64 0.0532463 172486 -0.236933 0.293794
0.004415 2002.45 0.0551935 172486 -0.246377 0.292488
0.005735 1814.86 0.0543805 172486 -0.199564 0.322552
0.004425 2001.62 0.055173 172486 -0.246174 0.292604
0.004435 2000.81 0.0551504 172486 -0.245979 0.292719
0.004445 2000.01 0.0551254 172486 -0.245807 0.292832
0.006195 1098.27 0.121276 172487 -0.123724 0.533983
0.005745 1807.34 0.0546286 172486 -0.197889 0.323894
0.004455 1999.21 0.0550982 172486 -0.24568 0.292944
0.004465 1998.42 0.0550687 172486 -0.245616 0.293055
0.005755 1799.91 0.0548768 172486 -0.196185 0.32523
0.004475 1997.63 0.0550369 172486 -0.245605 0.293166
0.006895 455.049 0.209428 172486 -0.0192675 1.30298
0.006905 451.053 0.210077 172486 -0.0186679 1.31473
0.003805 2057.68 0.0535002 172486 -0.250934 0.284865
0.006915 447.127 0.210713 172486 -0.0180739 1.32648
0.006925 443.272 0.211333 172487 -0.017482 1.33822
0.006935 439.844 0.21194 172486 -0.0169723 1.34886
0.003815 2056.9 0.0535569 172486 -0.250941 0.284971
0.006945 436.486 0.212533 172486 -0.0164473 1.35944
0.007175 380.493 0.222723 172486 -0.0077306 1.5642
0.003825 2056.12 0.0536132 172486 -0.250946 0.285076
0.006955 433.195 0.213112 172486 -0.0159366 1.36997
0.003335 2085.67 0.0506164 172486 -0.24972 0.281126
0.003835 2055.34 0.0536689 172486 -0.250951 0.285182
0.006965 429.97 0.213678 172486 -0.0154392 1.38046
0.006975 426.809 0.21423 172486 -0.0149551 1.39088
0.002535 2098.13 0.0469049 172486 -0.248532 0.279443
0.006985 423.712 0.214768 172486 -0.0144837 1.40126
0.006505 710.767 0.171053 172487 -0.0596157 0.828633
0.006995 420.676 0.215294 172486 -0.0140243 1.41157
0.007005 417.702 0.215806 172486 -0.0135769 1.42182
0.002545 2098.11 0.0469344 172486 -0.248527 0.279446
0.007015 414.787 0.216307 172486 -0.0131359 1.43202
0.002555 2098.09 0.0469644 172486 -0.248522 0.27945
0.003975 2044.18 0.0543853 172486 -0.250889 0.286695
0.006515 700.88 0.172386 172487 -0.0580282 0.840463
0.002775 2097.31 0.0477369 172486 -0.248539 0.27957
0.006525 691.088 0.1737 172487 -0.0564686 0.852517
0.006535 681.39 0.174996 172487 -0.0548524 0.864799
0.006545 671.797 0.176274 172489 -0.0531491 0.877306
0.002785 2097.26 0.0477772 172486 -0.248544 0.279578
0.006555 663.453 0.177532 172487 -0.0520137 0.888484
0.005115 2015.78 0.0489541 172486 -0.221653 0.290399
0.002795 2097.2 0.0478179 172486 -0.24855 0.279585
0.006565 655.218 0.178771 172487 -0.0506506 0.899807
0.002805 2097.15 0.0478591 172486 -0.248557 0.279593
0.006575 647.083 0.17999 172487 -0.0493207 0.911279
0.003015 2094.81 0.0488242 172486 -0.248847 0.279911
0.006585 639.046 0.181189 172487 -0.0480146 0.922901
0.006595 631.106 0.182369 172487 -0.0467361 0.934675
0.006605 623.262 0.18353 172487 -0.0454842 0.946605
0.003025 2094.57 0.0488748 172486 -0.248864 0.279943
0.000375 2113.45 0.0462554 172486 -0.253609 0.277315
0.006615 615.512 0.184671 172487 -0.0442582 0.958693
0.003035 2094.33 0.0489258 172486 -0.248883 0.279976
0.004755 1992.79 0.0531459 172486 -0.23654 0.293769
0.006625 607.855 0.185794 172487 -0.0430573 0.970941
0.003045 2094.09 0.0489772 172486 -0.248903 0.280008
0.006635 600.29 0.186897 172487 -0.0418805 0.983351
0.003055 2093.84 0.0490289 172486 -0.248925 0.280042
0.000385 2113.34 0.0462519 172486 -0.253602 0.27733
0.006645 592.815 0.187982 172487 -0.0407268 0.995926
0.003065 2093.59 0.0490811 172486 -0.248947 0.280075
0.000395 2113.23 0.0462484 172486 -0.253595 0.277344
0.004765 1992.96 0.0530434 172486 -0.236142 0.293741
0.006655 585.43 0.189049 172487 -0.0395943 1.00867
0.003075 2093.33 0.0491336 172486 -0.24897 0.280109
0.000405 2113.11 0.0462448 172486 -0.253588 0.277359
0.004775 1993.15 0.0529387 172486 -0.235739 0.29371
0.006205 1083.63 0.123095 172487 -0.121286 0.541252
0.006665 578.133 0.190097 172487 -0.0384826 1.02158
0.003085 2093.08 0.0491865 172486 -0.248994 0.280143
0.000415 2113 0.0462412 172486 -0.25358 0.277374
0.004785 1993.38 0.052832 172486 -0.235333 0.293674
0.006675 570.925 0.191127 172487 -0.0373477 1.03466
0.003095 2092.82 0.0492398 172486 -0.249019 0.280177
0.000425 2112.89 0.0462374 172486 -0.253571 0.277389
0.004795 1993.62 0.0527234 172486 -0.234922 0.293636
0.006685 563.811 0.192139 172488 -0.0361694 1.04791
0.007185 378.888 0.223034 172486 -0.00748019 1.571
0.003345 2085.33 0.0506772 172486 -0.249751 0.281171
0.006695 557.579 0.193134 172487 -0.0353089 1.0598
0.007025 411.932 0.216794 172487 -0.0126993 1.44215
0.006705 551.442 0.194109 172487 -0.0343253 1.07178
0.003355 2084.98 0.0507381 172486 -0.249782 0.281216
0.007035 409.408 0.217269 172486 -0.0123091 1.45123
0.006715 545.397 0.195067 172487 -0.0333623 1.08385
0.007195 377.321 0.223336 172486 -0.00723706 1.57769
0.003985 2043.38 0.054431 172486 -0.250874 0.286804
0.007205 375.791 0.223629 172486 -0.00699868 1.58428
0.007215 374.297 0.223912 172486 -0.00676281 1.59076
0.007225 372.995 0.224187 172486 -0.00654004 1.59647
0.003995 2042.57 0.0544758 172486 -0.250857 0.286914
0.007235 371.728 0.224452 172486 -0.0063175 1.60207
0.004005 2041.77 0.0545197 172486 -0.250839 0.287024
0.002815 2097.09 0.0479007 172486 -0.248564 0.279601
0.007245 370.496 0.224709 172486 -0.00609767 1.60755
0.004015 2040.96 0.0545626 172486 -0.250818 0.287134
0.003105 2092.56 0.0492935 172486 -0.249044 0.280212
0.007255 369.299 0.224958 172486 -0.00588121 1.61291
0.004025 2040.15 0.0546046 172486 -0.250795 0.287244
0.007265 368.135 0.225199 172486 -0.00566872 1.61815
0.003115 2092.29 0.0493475 172486 -0.24907 0.280248
0.004035 2039.33 0.0546457 172485 -0.25076 0.287355
0.002825 2097.03 0.0479428 172486 -0.248572 0.27961
0.007275 367.006 0.225431 172486 -0.00546083 1.62328
0.003125 2092.02 0.0494019 172486 -0.249096 0.280283
0.004045 2038.3 0.0546857 172486 -0.250715 0.287498
0.000435 2112.77 0.0462336 172486 -0.253562 0.277404
0.002835 2096.97 0.0479853 172486 -0.248581 0.279618
0.007285 365.91 0.225655 172486 -0.00525809 1.62828
0.003135 2091.75 0.0494566 172486 -0.249122 0.280319
0.004055 2037.26 0.0547248 172486 -0.250658 0.287642
0.002845 2096.91 0.0480282 172486 -0.24859 0.279627
0.007295 364.846 0.225872 172486 -0.00506086 1.63316
0.003145 2091.48 0.0495117 172486 -0.249149 0.280356
0.004065 2036.21 0.0547627 172486 -0.250599 0.287785
0.002855 2096.84 0.0480716 172486 -0.2486 0.279636
0.007305 363.814 0.226081 172486 -0.00486903 1.63793
0.003155 2091.2 0.0495671 172486 -0.249176 0.280393
0.004075 2035.18 0.0547996 172486 -0.250539 0.287928
0.000445 2112.66 0.0462298 172486 -0.253552 0.277419
0.006215 1069.08 0.124902 172487 -0.118862 0.548677
0.002865 2096.78 0.0481154 172486 -0.248611 0.279646
0.007315 362.813 0.226282 172486 -0.00468178 1.64258
0.003165 2090.92 0.0496229 172486 -0.249204 0.28043
0.004085 2034.14 0.0548354 172486 -0.250478 0.288071
0.000455 2112.54 0.0462259 172486 -0.253542 0.277434
0.003365 2084.64 0.0507992 172486 -0.249813 0.281262
0.002875 2096.71 0.0481597 172486 -0.248623 0.279655
0.007325 361.937 0.226476 172486 -0.00450348 1.64669
0.003175 2090.64 0.049679 172486 -0.249231 0.280467
0.004095 2033.1 0.0548701 172486 -0.250414 0.288214
0.000465 2112.42 0.0462219 172486 -0.253531 0.277449
0.007335 361.09 0.226663 172486 -0.00432926 1.65067
0.003375 2084.29 0.0508604 172486 -0.249843 0.281308
0.006225 1054.61 0.126697 172487 -0.116452 0.556262
0.003185 2090.35 0.0497354 172486 -0.249259 0.280506
0.004105 2032.07 0.0549036 172486 -0.250348 0.288357
0.004115 2031.04 0.0549358 172486 -0.25028 0.288499
0.000475 2112.31 0.0462178 172486 -0.25352 0.277465
0.004125 2030.01 0.0549669 172486 -0.250209 0.288641
0.004135 2028.99 0.0549967 172486 -0.250136 0.288783
0.004145 2027.97 0.0550252 172486 -0.250059 0.288924
0.000485 2112.19 0.0462137 172486 -0.253508 0.27748
0.004155 2026.95 0.0550524 172486 -0.24998 0.289066
0.007345 360.271 0.226843 172486 -0.00415926 1.65454
0.003385 2083.93 0.0509219 172486 -0.249873 0.281355
0.003395 2083.58 0.0509835 172486 -0.249901 0.281402
0.007355 359.48 0.227017 172486 -0.00399365 1.6583
0.003405 2083.22 0.0510453 172486 -0.24993 0.281449
0.003195 2090.06 0.0497922 172486 -0.249288 0.280544
0.006235 1040.23 0.128481 172487 -0.114058 0.564012
0.006245 1025.94 0.130251 172487 -0.11168 0.571931
0.006255 1011.74 0.13201 172487 -0.109319 0.580025
0.000495 2112.07 0.0462096 172486 -0.253495 0.277495
0.003415 2082.86 0.0511072 172486 -0.249958 0.281497
0.006265 997.633 0.133755 172487 -0.106971 0.588297
0.006275 983.611 0.135487 172487 -0.104639 0.596755
0.003425 2082.49 0.0511692 172486 -0.249986 0.281546
0.006285 969.679 0.137206 172487 -0.102334 0.605403
0.000505 2111.95 0.0462053 172486 -0.253482 0.277511
0.003435 2082.12 0.0512314 172486 -0.250014 0.281594
0.006295 955.835 0.138911 172487 -0.100048 0.614248
0.003445 2081.75 0.0512936 172486 -0.250044 0.281643
0.000515 2111.83 0.0462011 172486 -0.253468 0.277526
0.006305 942.08 0.140603 172487 -0.0977831 0.623295
0.003455 2081.37 0.051356 172486 -0.250075 0.281693
0.000525 2111.72 0.0461967 172486 -0.253454 0.277542
0.006315 928.414 0.14228 172487 -0.0955392 0.632552
0.003465 2080.99 0.0514184 172486 -0.250109 0.281743
0.000535 2111.6 0.0461923 172486 -0.253439 0.277558
0.006325 914.836 0.143943 172487 -0.0933163 0.642025
0.003475 2080.61 0.051481 172486 -0.250145 0.281793
0.000545 2111.48 0.0461879 172486 -0.253424 0.277573
0.006335 901.346 0.145592 172487 -0.0911145 0.651722
0.003485 2080.22 0.0515436 172486 -0.250185 0.281844
0.000555 2111.36 0.0461834 172486 -0.253408 0.277589
0.006345 887.943 0.147226 172487 -0.0889316 0.66165
0.003495 2079.83 0.0516062 172486 -0.250229 0.281896
0.000565 2111.24 0.0461788 172486 -0.253392 0.277605
0.006355 874.628 0.148845 172488 -0.0867702 0.671818
0.003505 2079.44 0.0516689 172486 -0.250278 0.281948
0.000575 2111.11 0.0461742 172486 -0.253375 0.277621
0.006365 861.399 0.150449 172488 -0.0844898 0.682232
0.003515 2079.03 0.0517315 172485 -0.250321 0.282001
0.000585 2110.99 0.0461696 172486 -0.253358 0.277637
0.006375 848.283 0.152037 172491 -0.0820796 0.692893
0.000595 2110.87 0.0461649 172486 -0.25334 0.277653
0.006385 837.077 0.153609 172487 -0.080555 0.702258
0.000605 2110.75 0.0461602 172486 -0.253322 0.277669
0.006395 825.993 0.155163 172487 -0.0786654 0.711787
0.000615 2110.63 0.0461554 172486 -0.253304 0.277685
0.000625 2110.51 0.0461506 172486 -0.253285 0.277701
0.000635 2110.38 0.0461457 172486 -0.253266 0.277717
