5e-06 2103.51 0.0462963 171446 -0.220218 0.276991
1.5e-05 2103.51 0.0462964 171446 -0.220222 0.276991
2.5e-05 2103.5 0.0462966 171446 -0.220226 0.276991
3.5e-05 2103.5 0.046297 171446 -0.22023 0.276991
4.5e-05 2103.5 0.0462974 171446 -0.220235 0.276992
5.5e-05 2103.5 0.0462979 171446 -0.220239 0.276992
6.5e-05 2103.49 0.0462985 171446 -0.220243 0.276993
7.5e-05 2103.49 0.0462992 171446 -0.220246 0.276993
8.5e-05 2103.48 0.0463001 171446 -0.22025 0.276994
9.5e-05 2103.48 0.046301 171446 -0.220254 0.276995
0.000105 2103.47 0.046302 171446 -0.220257 0.276996
0.000115 2103.46 0.0463032 171446 -0.220261 0.276997
0.000125 2103.46 0.0463044 171446 -0.220264 0.276998
0.000135 2103.45 0.0463057 171446 -0.220267 0.276999
0.000145 2103.44 0.0463072 171446 -0.22027 0.277
0.000155 2103.43 0.0463087 171446 -0.220273 0.277002
0.000165 2103.42 0.0463103 171446 -0.220276 0.277003
0.000175 2103.41 0.046312 171446 -0.220278 0.277005
0.000185 2103.4 0.0463139 171446 -0.22028 0.277006
0.000195 2103.38 0.0463158 171446 -0.220283 0.277008
0.000205 2103.37 0.0463178 171446 -0.220285 0.27701
0.000215 2103.36 0.0463199 171446 -0.220286 0.277011
0.000225 2103.34 0.0463221 171446 -0.220288 0.277013
0.000235 2103.33 0.0463244 171446 -0.220289 0.277015
0.000245 2103.32 0.0463268 171446 -0.22029 0.277017
0.000255 2103.3 0.0463293 171446 -0.220291 0.277019
0.000265 2103.28 0.0463319 171446 -0.220292 0.277022
0.000275 2103.27 0.0463346 171446 -0.220292 0.277024
0.000285 2103.25 0.0463374 171446 -0.220292 0.277026
0.000295 2103.23 0.0463403 171446 -0.220292 0.277029
0.000305 2103.22 0.0463433 171446 -0.220291 0.277031
0.000315 2103.2 0.0463463 171446 -0.22029 0.277034
0.003845 2034.31 0.0505308 171446 -0.217726 0.286098
0.002245 2084.77 0.0488805 171446 -0.219784 0.279463
0.003855 2034.05 0.0505073 171446 -0.217665 0.286132
0.000325 2103.18 0.0463495 171446 -0.220289 0.277036
0.003865 2033.79 0.0504829 171446 -0.217602 0.286165
0.004805 2051.98 0.042141 171446 -0.202552 0.283325
0.003875 2033.54 0.0504576 171446 -0.217538 0.286198
0.002255 2084.58 0.0489022 171446 -0.219788 0.279487
0.001605 2094.18 0.0476144 171446 -0.219722 0.27824
0.000335 2103.16 0.0463528 171446 -0.220288 0.277039
0.003885 2033.28 0.0504315 171446 -0.217472 0.28623
0.002265 2084.39 0.048924 171446 -0.219792 0.279511
0.004815 2052.7 0.0419624 171446 -0.202267 0.283224
0.002885 2067.71 0.0502253 171446 -0.220062 0.28169
0.000345 2103.14 0.0463561 171446 -0.220287 0.277042
0.001615 2094.08 0.0476315 171446 -0.219719 0.278253
0.003895 2033.04 0.0504044 171446 -0.217405 0.286262
0.002275 2084.2 0.0489458 171446 -0.219796 0.279536
0.004825 2053.43 0.0417814 171446 -0.201982 0.283121
0.000355 2103.12 0.0463596 171446 -0.220285 0.277045
0.005445 2129.47 0.0288375 171446 -0.205723 0.272955
0.002895 2067.39 0.0502437 171446 -0.220063 0.281732
0.001625 2093.97 0.0476486 171446 -0.219716 0.278266
0.003905 2032.79 0.0503764 171446 -0.217336 0.286293
0.002285 2084.01 0.0489676 171446 -0.219801 0.27956
0.004835 2054.17 0.0415979 171446 -0.201697 0.283015
0.000365 2103.1 0.0463631 171446 -0.220284 0.277048
0.002905 2067.07 0.0502619 171446 -0.220064 0.281774
0.005455 2122.99 0.0292821 171446 -0.204802 0.273789
0.001635 2093.87 0.0476659 171446 -0.219714 0.27828
0.003915 2032.55 0.0503475 171446 -0.217265 0.286324
0.002295 2083.82 0.0489894 171446 -0.219805 0.279585
0.004845 2054.94 0.041412 171446 -0.201408 0.282908
0.000375 2103.08 0.0463668 171446 -0.220283 0.27705
0.002915 2066.75 0.0502799 171446 -0.220065 0.281816
0.001645 2093.77 0.0476832 171446 -0.219711 0.278293
0.005465 2116.55 0.0297232 171446 -0.203894 0.274623
0.003925 2032.32 0.0503176 171446 -0.217192 0.286354
0.002305 2083.63 0.0490113 171446 -0.21981 0.27961
0.000385 2103.05 0.0463705 171446 -0.220282 0.277053
0.004855 2055.71 0.0412236 171446 -0.201116 0.282798
0.002925 2066.43 0.0502978 171446 -0.220065 0.281858
0.001655 2093.66 0.0477007 171446 -0.219709 0.278307
0.005475 2110.15 0.0301608 171446 -0.203 0.275457
0.003935 2032.09 0.0502867 171446 -0.217117 0.286384
0.002315 2083.44 0.0490331 171446 -0.219815 0.279635
0.003205 2056.1 0.0507156 171446 -0.219945 0.283223
0.000395 2103.03 0.0463744 171446 -0.220281 0.277057
0.004865 2056.51 0.0410328 171446 -0.20082 0.282686
0.002935 2066.11 0.0503155 171446 -0.220066 0.2819
0.001665 2093.56 0.0477183 171446 -0.219707 0.278321
0.005485 2103.79 0.030595 171446 -0.202116 0.276291
0.003945 2031.86 0.0502549 171446 -0.217041 0.286413
0.002325 2083.25 0.049055 171446 -0.21982 0.27966
0.000405 2103.01 0.0463783 171446 -0.22028 0.27706
0.003215 2055.72 0.0507268 171446 -0.219928 0.283274
0.004875 2057.32 0.0408394 171446 -0.20052 0.282572
0.002945 2065.79 0.0503331 171446 -0.220067 0.281942
0.001675 2093.46 0.0477359 171446 -0.219705 0.278334
0.005495 2097.46 0.0310259 171446 -0.201242 0.277125
0.003955 2031.63 0.0502221 171446 -0.216962 0.286441
0.002335 2083.05 0.0490769 171446 -0.219825 0.279685
0.000415 2102.99 0.0463823 171446 -0.220275 0.277063
0.003225 2055.33 0.0507378 171446 -0.219893 0.283326
0.004885 2058.15 0.0406436 171446 -0.200217 0.282456
0.002955 2065.47 0.0503505 171446 -0.220068 0.281985
0.001685 2093.35 0.0477537 171446 -0.219703 0.278348
0.005505 2091.18 0.0314535 171446 -0.200375 0.277959
0.002345 2082.86 0.0490988 171446 -0.219831 0.27971
0.003965 2031.41 0.0501883 171446 -0.21688 0.286469
0.000425 2102.94 0.0463864 171446 -0.220277 0.277069
0.003235 2054.94 0.0507485 171446 -0.219841 0.283377
0.002965 2065.14 0.0503676 171446 -0.220069 0.282027
0.004895 2059 0.0404453 171446 -0.19991 0.282337
0.001695 2093.24 0.0477716 171446 -0.219701 0.278362
0.005515 2084.93 0.0318779 171446 -0.199516 0.278793
0.002355 2082.66 0.0491207 171446 -0.219836 0.279735
0.003975 2031.2 0.0501535 171446 -0.216792 0.286496
0.000435 2102.89 0.0463907 171446 -0.220275 0.277076
0.003245 2054.56 0.0507588 171446 -0.219786 0.283428
0.002975 2064.82 0.0503847 171446 -0.22007 0.28207
0.005525 2078.72 0.0322992 171446 -0.198663 0.279627
0.004905 2059.87 0.0402444 171446 -0.1996 0.282217
0.001705 2093.14 0.0477896 171446 -0.219699 0.278376
0.002365 2082.46 0.0491426 171446 -0.219842 0.279761
0.003985 2031 0.0501177 171447 -0.216708 0.286522
0.000445 2102.84 0.046395 171446 -0.220273 0.277083
0.002985 2064.49 0.0504015 171446 -0.22007 0.282112
0.003255 2054.17 0.0507688 171446 -0.219749 0.28348
0.005535 2072.55 0.0327174 171446 -0.197815 0.280461
0.004915 2060.75 0.040041 171446 -0.199285 0.282093
0.001715 2093.03 0.0478076 171446 -0.219698 0.27839
0.002375 2082.26 0.0491645 171446 -0.219849 0.279787
0.000455 2102.79 0.0463994 171446 -0.220272 0.27709
0.003995 2030.95 0.0500808 171446 -0.216639 0.286525
0.002995 2064.17 0.0504181 171446 -0.220065 0.282155
0.005545 2066.42 0.0331325 171446 -0.196972 0.281295
0.003265 2053.78 0.0507785 171446 -0.219736 0.283531
0.001725 2092.92 0.0478258 171446 -0.219696 0.278404
0.004925 2061.65 0.039835 171446 -0.198967 0.281968
0.002385 2082.07 0.0491864 171446 -0.219855 0.279812
0.002565 2077.45 0.049578 171446 -0.219959 0.280414
0.000465 2102.74 0.0464039 171446 -0.220271 0.277096
0.004005 2030.91 0.0500429 171446 -0.216567 0.286527
0.003005 2063.79 0.0504346 171446 -0.220065 0.282205
0.005555 2060.32 0.0335446 171446 -0.196131 0.282129
0.001735 2092.82 0.0478441 171446 -0.219695 0.278418
0.004935 2062.57 0.0396265 171446 -0.198645 0.28184
0.003275 2053.4 0.0507879 171446 -0.219737 0.283582
0.002395 2081.86 0.0492083 171446 -0.219862 0.279838
0.000475 2102.69 0.0464085 171446 -0.22027 0.277103
0.002575 2077.16 0.0495995 171446 -0.219965 0.280452
0.004015 2030.88 0.0500039 171446 -0.216492 0.286528
0.003015 2063.41 0.0504508 171446 -0.22006 0.282256
0.005565 2054.27 0.0339538 171446 -0.195293 0.282963
0.001745 2092.71 0.0478625 171446 -0.219694 0.278432
0.004945 2063.51 0.0394154 171446 -0.198319 0.28171
0.003285 2053.01 0.0507969 171446 -0.219736 0.283633
0.002405 2081.66 0.0492302 171446 -0.21987 0.279864
0.000485 2102.64 0.0464132 171446 -0.220269 0.27711
0.002585 2076.87 0.0496209 171446 -0.219971 0.28049
0.003025 2063.03 0.0504668 171446 -0.220056 0.282306
0.004025 2030.85 0.0499638 171446 -0.216414 0.286529
0.005575 2048.25 0.0343599 171446 -0.194456 0.283796
0.001755 2092.6 0.0478809 171446 -0.219694 0.278446
0.004955 2064.46 0.0392018 171446 -0.197989 0.281577
0.003295 2052.63 0.0508056 171446 -0.219725 0.283684
0.002415 2081.46 0.0492521 171446 -0.219878 0.279891
0.000495 2102.59 0.046418 171446 -0.220268 0.277117
0.002595 2076.58 0.0496423 171446 -0.219977 0.280528
0.003035 2062.65 0.0504827 171446 -0.220052 0.282357
0.004035 2030.83 0.0499226 171446 -0.216334 0.286529
0.005585 2042.27 0.0347632 171446 -0.193619 0.284629
0.001765 2092.49 0.0478995 171446 -0.219693 0.27846
0.004965 2065.46 0.0389857 171448 -0.197665 0.281442
0.002425 2081.26 0.049274 171446 -0.219886 0.279917
0.003305 2052.24 0.0508139 171446 -0.219708 0.283736
0.000505 2102.53 0.0464229 171446 -0.220267 0.277124
0.002605 2076.29 0.0496636 171446 -0.219983 0.280566
0.003045 2062.26 0.0504983 171446 -0.220049 0.282407
0.004045 2030.81 0.0498803 171446 -0.216251 0.286528
0.005595 2036.33 0.0351636 171446 -0.192783 0.285461
0.001775 2092.38 0.0479181 171446 -0.219693 0.278475
0.004975 2067.05 0.0387668 171446 -0.197373 0.281221
0.002435 2081.05 0.0492958 171446 -0.219893 0.279944
0.003315 2051.86 0.0508219 171446 -0.219688 0.283787
0.000515 2102.48 0.0464279 171446 -0.220265 0.277131
0.002615 2075.99 0.0496848 171446 -0.219988 0.280605
0.000645 2101.75 0.0465018 171446 -0.220233 0.27723
0.003055 2061.88 0.0505137 171446 -0.220045 0.282458
0.004055 2030.8 0.0498369 171446 -0.216167 0.286527
0.005605 2030.43 0.035561 171446 -0.191945 0.286293
0.001785 2092.27 0.0479369 171446 -0.219693 0.278489
0.004985 2068.68 0.0385454 171446 -0.197082 0.280998
0.002445 2080.84 0.0493177 171446 -0.219897 0.27997
0.003325 2051.47 0.0508295 171446 -0.219669 0.283838
0.000525 2102.43 0.046433 171446 -0.220264 0.277139
0.002625 2075.7 0.049706 171446 -0.219993 0.280643
0.003065 2061.5 0.0505289 171446 -0.220041 0.282508
0.000655 2101.69 0.0465081 171446 -0.22023 0.277238
0.005615 2024.57 0.0359556 171446 -0.191106 0.287125
0.004065 2030.79 0.0497923 171446 -0.216081 0.286525
0.001795 2092.15 0.0479557 171446 -0.219694 0.278504
0.004995 2070.32 0.0383214 171446 -0.196779 0.280773
0.002455 2080.57 0.0493395 171446 -0.219904 0.280007
0.003335 2051.09 0.0508368 171446 -0.219649 0.283888
0.000535 2102.37 0.0464382 171446 -0.220262 0.277146
0.003075 2061.12 0.0505439 171446 -0.220038 0.282559
0.002635 2075.4 0.0497271 171446 -0.219998 0.280682
0.000665 2101.63 0.0465146 171446 -0.220226 0.277246
0.005625 2018.74 0.0363474 171446 -0.190265 0.287955
0.004075 2030.78 0.0497467 171446 -0.215992 0.286523
0.001805 2092.04 0.0479747 171446 -0.219694 0.278518
0.005005 2071.98 0.0380948 171446 -0.196466 0.280547
0.002465 2080.29 0.0493614 171446 -0.219906 0.280043
0.003345 2050.7 0.0508436 171446 -0.219629 0.283939
0.000545 2102.32 0.0464434 171446 -0.220261 0.277153
0.003085 2060.73 0.0505586 171446 -0.220034 0.28261
0.002645 2075.1 0.0497481 171446 -0.220003 0.280721
0.000675 2101.57 0.0465212 171446 -0.220223 0.277254
0.005635 2012.96 0.0367363 171446 -0.189423 0.288785
0.004085 2030.78 0.0496999 171446 -0.2159 0.286519
0.001815 2091.93 0.0479937 171446 -0.219695 0.278533
0.005015 2073.66 0.0378657 171446 -0.196142 0.280318
0.002475 2080.01 0.0493832 171446 -0.21991 0.280079
0.003355 2050.32 0.0508501 171446 -0.219609 0.28399
0.000555 2102.26 0.0464488 171446 -0.220258 0.277161
0.003095 2060.35 0.0505731 171446 -0.220029 0.282661
0.002655 2074.81 0.0497691 171446 -0.220008 0.28076
0.000685 2101.51 0.0465279 171446 -0.220219 0.277262
0.005645 2007.22 0.0371224 171446 -0.188579 0.289614
0.004095 2030.79 0.0496518 171446 -0.215807 0.286515
0.005025 2075.35 0.0376339 171446 -0.195808 0.280087
0.001825 2091.81 0.0480128 171446 -0.219696 0.278548
0.002485 2079.73 0.0494049 171446 -0.219913 0.280116
0.003365 2049.94 0.0508562 171446 -0.219587 0.284041
0.000565 2102.21 0.0464543 171446 -0.220256 0.277168
0.003105 2059.96 0.0505873 171446 -0.220024 0.282711
0.002665 2074.51 0.04979 171446 -0.220012 0.280799
0.000695 2101.45 0.0465347 171446 -0.220216 0.27727
0.005655 2001.52 0.0375057 171446 -0.187733 0.290441
0.004105 2030.8 0.0496026 171446 -0.215712 0.28651
0.005035 2077.07 0.0373994 171446 -0.195465 0.279855
0.002495 2079.45 0.0494267 171446 -0.219918 0.280153
0.001835 2091.7 0.048032 171446 -0.219692 0.278562
0.003375 2049.56 0.0508619 171446 -0.219565 0.284091
0.000575 2102.15 0.0464599 171446 -0.220254 0.277176
0.003115 2059.58 0.0506013 171446 -0.220019 0.282762
0.002675 2074.21 0.0498109 171446 -0.220016 0.280838
0.000705 2101.39 0.0465416 171446 -0.220212 0.277279
0.005665 1995.86 0.0378862 171446 -0.186886 0.291268
0.004115 2030.81 0.049552 171446 -0.215615 0.286505
0.002505 2079.17 0.0494484 171446 -0.219923 0.28019
0.005045 2078.8 0.0371624 171446 -0.195112 0.27962
0.001845 2091.55 0.0480513 171446 -0.219695 0.278583
0.000585 2102.1 0.0464656 171446 -0.220251 0.277183
0.003385 2049.18 0.0508672 171446 -0.219542 0.284142
0.003125 2059.19 0.0506151 171446 -0.220013 0.282813
0.002685 2073.91 0.0498316 171446 -0.22002 0.280878
0.000715 2101.33 0.0465486 171446 -0.220209 0.277287
0.005675 1990.24 0.038264 171446 -0.186038 0.292093
0.004125 2030.84 0.0495003 171446 -0.215516 0.286498
0.002515 2078.88 0.0494701 171446 -0.219928 0.280227
0.001855 2091.39 0.0480706 171446 -0.219693 0.278603
0.005055 2080.56 0.0369227 171446 -0.19475 0.279382
0.000595 2102.04 0.0464714 171446 -0.220248 0.277191
0.003395 2048.8 0.0508721 171446 -0.219518 0.284192
0.003135 2058.81 0.0506286 171446 -0.220007 0.282865
0.002695 2073.61 0.0498523 171446 -0.220024 0.280917
0.000725 2101.27 0.0465557 171446 -0.220205 0.277295
0.003525 2043.99 0.0508946 171446 -0.21935 0.28483
0.005685 1984.67 0.038639 171446 -0.185189 0.292917
0.002525 2078.6 0.0494918 171446 -0.219934 0.280264
0.004135 2030.86 0.0494472 171446 -0.215416 0.286491
0.001865 2091.24 0.0480901 171446 -0.219692 0.278623
0.005065 2082.33 0.0366804 171446 -0.19438 0.279143
0.000605 2101.98 0.0464772 171446 -0.220245 0.277199
0.003145 2058.42 0.0506418 171446 -0.22 0.282916
0.003405 2048.42 0.0508765 171446 -0.219493 0.284243
0.002705 2073.3 0.0498729 171446 -0.220027 0.280957
0.000735 2101.21 0.0465629 171446 -0.220202 0.277303
0.005695 1979.13 0.0390114 171446 -0.184341 0.293739
0.002535 2078.31 0.0495134 171446 -0.21994 0.280301
0.003535 2043.66 0.0508929 171446 -0.219281 0.284874
0.004145 2030.9 0.0493929 171446 -0.215313 0.286483
0.001875 2091.08 0.0481097 171446 -0.219691 0.278643
0.005075 2084.13 0.0364355 171446 -0.194001 0.278901
0.000615 2101.93 0.0464832 171446 -0.220242 0.277207
0.003415 2048.04 0.0508805 171446 -0.219467 0.284293
0.003155 2058.04 0.0506548 171446 -0.219992 0.282967
0.002715 2073 0.0498934 171446 -0.220031 0.280997
0.000745 2101.15 0.0465702 171446 -0.220198 0.277312
0.005705 1973.64 0.0393811 171446 -0.183492 0.294559
0.002545 2078.03 0.049535 171446 -0.219946 0.280339
0.003545 2043.32 0.0508907 171446 -0.219229 0.284918
0.004155 2030.94 0.0493374 171446 -0.215209 0.286474
0.001885 2090.92 0.0481293 171446 -0.219691 0.278664
0.000625 2101.87 0.0464893 171446 -0.220239 0.277214
0.005085 2085.95 0.0361879 171446 -0.193614 0.278656
0.003425 2047.66 0.0508841 171446 -0.21944 0.284343
0.003165 2057.65 0.0506675 171446 -0.219983 0.283018
0.002725 2072.69 0.0499138 171446 -0.220034 0.281036
0.000755 2101.09 0.0465776 171446 -0.220194 0.27732
0.005715 1968.2 0.0397481 171446 -0.182641 0.295378
0.002555 2077.74 0.0495565 171446 -0.219952 0.280376
0.003555 2042.99 0.0508879 171446 -0.219188 0.284961
0.001895 2090.77 0.048149 171446 -0.219691 0.278684
0.000635 2101.81 0.0464955 171446 -0.220236 0.277222
0.004165 2030.98 0.0492805 171446 -0.215104 0.286464
0.000965 2099.71 0.0467579 171446 -0.220095 0.277506
0.001925 2090.29 0.0482086 171446 -0.219694 0.278746
0.004485 2036.27 0.0466708 171446 -0.210762 0.285611
0.005125 2093.45 0.0351708 171446 -0.191999 0.277654
0.001935 2090.13 0.0482287 171446 -0.219695 0.278767
0.004175 2031.03 0.0492223 171446 -0.214996 0.286454
0.001285 2097.22 0.0471274 171446 -0.219853 0.277838
0.004495 2036.58 0.0465613 171446 -0.210592 0.285564
0.001945 2089.97 0.0482488 171446 -0.219697 0.278788
0.000975 2099.64 0.0467676 171446 -0.220088 0.277515
0.005135 2095.38 0.0349099 171446 -0.191581 0.277397
0.007365 370.464 0.224316 171447 -0.00496081 1.59729
0.004505 2036.9 0.0464499 171446 -0.21042 0.285516
0.001955 2089.81 0.0482689 171446 -0.219699 0.278809
0.001295 2097.14 0.0471409 171446 -0.219848 0.27785
0.005765 1941.72 0.041535 171446 -0.17672 0.299425
0.005145 2097.34 0.0346463 171446 -0.191159 0.277137
0.004185 2031.09 0.0491627 171446 -0.214887 0.286442
0.006405 957.319 0.136407 171447 -0.098087 0.609356
0.004515 2037.23 0.0463366 171446 -0.210246 0.285467
0.000985 2099.57 0.0467775 171446 -0.220081 0.277525
0.001965 2089.64 0.0482892 171446 -0.2197 0.27883
0.007045 438.805 0.211313 171447 -0.0163427 1.34326
0.001305 2097.05 0.0471544 171446 -0.219843 0.277862
0.005775 1936.69 0.0418716 171446 -0.173911 0.300205
0.005155 2099.32 0.0343801 171446 -0.190734 0.276874
0.004525 2037.56 0.0462214 171446 -0.210069 0.285416
0.006415 943.017 0.138042 171447 -0.0958508 0.61867
0.007375 369.382 0.224539 171447 -0.00475251 1.60209
0.001975 2089.48 0.0483095 171446 -0.219703 0.278851
0.006725 616.984 0.182427 171445 -0.0489372 0.949996
0.001315 2096.95 0.0471681 171446 -0.219838 0.277874
0.004195 2031.15 0.0491018 171446 -0.214777 0.28643
0.005785 1931.89 0.0421896 171446 -0.169749 0.300956
0.007055 435.379 0.211927 171447 -0.0157948 1.35405
0.005165 2101.32 0.0341113 171446 -0.190306 0.276609
0.004535 2037.92 0.0461042 171446 -0.209885 0.285363
0.006425 928.803 0.139666 171451 -0.0934985 0.628226
0.006085 1462.58 0.0828443 171447 -0.161702 0.397842
0.001985 2089.32 0.0483299 171446 -0.219705 0.278873
0.000995 2099.5 0.0467876 171446 -0.220074 0.277534
0.001325 2096.86 0.0471819 171446 -0.219833 0.277886
0.007385 368.336 0.224753 171447 -0.00454948 1.60677
0.005795 1927.4 0.0424792 171447 -0.164165 0.30166
0.007065 432.025 0.212526 171447 -0.0152619 1.36477
0.005175 2103.35 0.0338399 171446 -0.189877 0.276342
0.004545 2038.28 0.0459851 171446 -0.20969 0.28531
0.006435 916.662 0.141284 171447 -0.092048 0.63661
0.004205 2031.22 0.0490396 171446 -0.214664 0.286417
0.001995 2089.15 0.0483504 171446 -0.219707 0.278894
0.001335 2096.77 0.0471958 171446 -0.219828 0.277898
0.006735 608.796 0.183611 171446 -0.0453935 0.962949
0.005805 1923.31 0.0427316 171447 -0.157795 0.302305
0.005185 2105.41 0.0335659 171446 -0.189447 0.276072
0.004555 2038.65 0.045864 171446 -0.209488 0.285254
0.007075 428.74 0.213109 171447 -0.0147436 1.37544
0.006445 904.62 0.14289 171447 -0.0901982 0.645165
0.005095 2087.79 0.0359376 171446 -0.19322 0.278409
0.001005 2099.43 0.0467977 171446 -0.220066 0.277543
0.007395 367.324 0.224958 171447 -0.00435029 1.61132
0.002005 2088.99 0.0483709 171446 -0.219709 0.278916
0.001345 2096.68 0.0472099 171446 -0.219823 0.27791
0.005815 1919.65 0.0429445 171447 -0.151312 0.302888
0.005195 2107.48 0.0332894 171446 -0.189018 0.275799
0.004565 2039.03 0.0457409 171446 -0.20931 0.285197
0.007085 425.523 0.213677 171447 -0.0142399 1.38605
0.006455 892.657 0.144484 171447 -0.0883711 0.653893
0.006095 1444.75 0.0843654 171447 -0.159714 0.40277
0.002015 2088.82 0.0483915 171446 -0.219712 0.278937
0.001355 2096.59 0.047224 171446 -0.219818 0.277922
0.004215 2031.3 0.0489759 171446 -0.21455 0.286402
0.005825 1915.92 0.043157 171412 -0.166171 0.303425
0.006745 600.7 0.184778 171447 -0.0425273 0.976104
0.005205 2109.59 0.0330103 171446 -0.18859 0.275524
0.004575 2039.43 0.0456157 171447 -0.209234 0.285139
0.007095 422.373 0.214231 171447 -0.0137444 1.39659
0.006465 880.772 0.146067 171447 -0.0865557 0.662802
0.002025 2088.65 0.0484122 171446 -0.219714 0.278959
0.001015 2099.36 0.0468079 171446 -0.220058 0.277553
0.005105 2089.65 0.0356846 171446 -0.192819 0.27816
0.001365 2096.5 0.0472383 171446 -0.219814 0.277935
0.007405 366.463 0.225155 171447 -0.00416043 1.61522
0.005835 1900.55 0.0445084 171446 -0.183699 0.305947
0.005215 2111.71 0.0327288 171446 -0.188165 0.275246
0.004585 2039.83 0.0454885 171447 -0.209403 0.285079
0.007105 419.291 0.214769 171447 -0.0132546 1.40707
0.006105 1426.91 0.0858807 171447 -0.157701 0.407824
0.006475 868.966 0.147637 171447 -0.0847569 0.671895
0.002035 2088.49 0.048433 171446 -0.219716 0.278981
0.004225 2031.38 0.0489108 171446 -0.214435 0.286387
0.001375 2096.41 0.0472526 171446 -0.219809 0.277947
0.006755 592.706 0.185927 171449 -0.0404935 0.989454
0.005845 1884.62 0.0459043 171446 -0.185075 0.308539
0.005225 2113.86 0.0324449 171446 -0.187744 0.274965
0.004595 2040.25 0.0453593 171447 -0.209997 0.285018
0.007115 416.568 0.215293 171447 -0.0128192 1.41647
0.001025 2099.29 0.0468183 171446 -0.22005 0.277562
0.006485 857.237 0.149195 171447 -0.0829745 0.681178
0.002045 2088.32 0.0484538 171446 -0.219719 0.279003
0.005115 2091.54 0.035429 171446 -0.192412 0.277908
0.007415 365.636 0.225344 171447 -0.00397409 1.61899
0.001385 2096.31 0.0472671 171446 -0.219804 0.277959
0.006115 1409.06 0.0873896 171447 -0.155656 0.413011
0.005855 1868.34 0.0473343 171446 -0.189331 0.311233
0.005235 2116.04 0.0321586 171446 -0.187328 0.274683
0.007125 413.909 0.215802 171447 -0.0123785 1.42577
0.004605 2040.68 0.045228 171447 -0.211162 0.284955
0.004235 2031.47 0.0488444 171446 -0.214317 0.286371
0.003435 2047.29 0.0508873 171446 -0.219412 0.284393
0.004245 2031.57 0.0487765 171446 -0.214198 0.286354
0.003565 2042.67 0.0508846 171446 -0.219151 0.285005
0.003445 2046.91 0.05089 171446 -0.219383 0.284443
0.003175 2057.26 0.05068 171446 -0.219974 0.283069
0.004255 2031.67 0.0487071 171446 -0.214077 0.286336
0.003575 2042.34 0.0508808 171446 -0.219114 0.285048
0.003455 2046.54 0.0508923 171446 -0.219354 0.284492
0.004265 2031.79 0.0486363 171446 -0.213955 0.286317
0.003185 2056.88 0.0506921 171446 -0.219964 0.283121
0.003465 2046.17 0.050894 171446 -0.219325 0.284542
0.003585 2042.01 0.0508764 171446 -0.219076 0.285091
0.004275 2031.9 0.048564 171446 -0.213831 0.286297
0.002735 2072.39 0.0499341 171446 -0.220037 0.281076
0.003195 2056.49 0.050704 171446 -0.219955 0.283172
0.003475 2045.79 0.0508954 171446 -0.219301 0.284591
0.003595 2041.69 0.0508714 171446 -0.219038 0.285133
0.004285 2032.03 0.0484901 171446 -0.213704 0.286275
0.000765 2101.02 0.0465851 171446 -0.22019 0.277329
0.004295 2032.16 0.0484148 171446 -0.213577 0.286253
0.001905 2090.61 0.0481688 171446 -0.219692 0.278705
0.000775 2100.96 0.0465927 171446 -0.220187 0.277337
0.005725 1962.79 0.0401126 171446 -0.181778 0.296195
0.004305 2032.3 0.0483379 171446 -0.213447 0.28623
0.000785 2100.9 0.0466004 171446 -0.220183 0.277346
0.001915 2090.45 0.0481887 171446 -0.219693 0.278725
0.004315 2032.45 0.0482595 171446 -0.213315 0.286206
0.005735 1957.43 0.0404743 171446 -0.180874 0.29701
0.006495 845.586 0.150741 171447 -0.0812084 0.690656
0.002055 2088.15 0.0484746 171446 -0.219721 0.279025
0.006505 834.013 0.152274 171447 -0.0794577 0.700336
0.002065 2087.98 0.0484955 171446 -0.219724 0.279047
0.006765 585.701 0.187059 171447 -0.0394793 1.00146
0.006515 822.518 0.153794 171447 -0.0777216 0.710223
0.002075 2087.81 0.0485165 171446 -0.219727 0.279069
0.004615 2041.12 0.0450946 171448 -0.212903 0.284891
0.006525 811.1 0.155302 171447 -0.0759987 0.720322
0.006775 578.8 0.188172 171447 -0.0385275 1.01358
0.002085 2087.63 0.0485375 171446 -0.219729 0.279091
0.006535 799.76 0.156798 171447 -0.0742878 0.730641
0.004625 2041.58 0.0449591 171448 -0.215003 0.284825
0.006785 571.998 0.189266 171447 -0.0375667 1.02582
0.002095 2087.46 0.0485586 171446 -0.219732 0.279114
0.001395 2096.22 0.0472817 171446 -0.2198 0.277971
0.006545 788.498 0.15828 171447 -0.0725878 0.741184
0.004635 2042.04 0.0448215 171449 -0.217012 0.284758
0.002105 2087.29 0.0485798 171446 -0.219735 0.279136
0.006795 565.295 0.190341 171447 -0.0365233 1.03817
0.006555 777.314 0.159749 171447 -0.0708972 0.751959
0.004645 2042.52 0.0446817 171449 -0.218363 0.284689
0.001405 2096.13 0.0472965 171446 -0.219795 0.277984
0.001035 2099.22 0.0468287 171446 -0.220042 0.277572
0.002115 2087.11 0.048601 171446 -0.219738 0.279159
0.006565 766.208 0.161204 171447 -0.0692131 0.762973
0.004655 2043.01 0.0445398 171449 -0.218577 0.284617
0.006805 558.689 0.191398 171447 -0.035441 1.05063
0.001415 2096.03 0.0473113 171446 -0.219791 0.277996
0.002125 2086.94 0.0486222 171446 -0.219741 0.279182
0.006575 755.182 0.162646 171447 -0.0675394 0.774231
0.001045 2099.15 0.0468393 171446 -0.220034 0.277581
0.004665 2043.52 0.0443957 171449 -0.217466 0.284544
0.006815 552.18 0.192436 171447 -0.0343705 1.06321
0.002135 2086.76 0.0486435 171446 -0.219744 0.279204
0.001425 2095.94 0.0473262 171446 -0.219787 0.278008
0.006585 744.234 0.164075 171447 -0.06581 0.785741
0.001055 2099.08 0.04685 171446 -0.220026 0.277591
0.004675 2044.03 0.0442494 171449 -0.215223 0.284468
0.002145 2086.58 0.0486649 171446 -0.219747 0.279227
0.006825 545.767 0.193456 171447 -0.0333326 1.0759
0.001435 2095.85 0.0473413 171446 -0.219782 0.278021
0.006595 733.366 0.165489 171447 -0.0642717 0.79751
0.004685 2044.56 0.0441009 171448 -0.212352 0.284391
0.005865 1851.62 0.0488062 171446 -0.193715 0.314048
0.001065 2099.01 0.0468608 171446 -0.220017 0.2776
0.002155 2086.41 0.0486862 171446 -0.219751 0.27925
0.006835 539.447 0.194457 171447 -0.0323247 1.0887
0.001445 2095.75 0.0473565 171446 -0.219778 0.278033
0.006605 722.596 0.166889 171449 -0.0622237 0.809533
0.004695 2045.1 0.0439502 171447 -0.209469 0.284312
0.005875 1834.51 0.0503153 171446 -0.196837 0.316983
0.001075 2098.94 0.0468717 171446 -0.220009 0.27761
0.002165 2086.23 0.0487077 171446 -0.219754 0.279274
0.006845 533.221 0.195439 171447 -0.0313396 1.10161
0.006615 713.267 0.168275 171447 -0.061084 0.820241
0.001455 2095.66 0.0473718 171446 -0.219774 0.278046
0.004705 2045.65 0.0437973 171447 -0.207077 0.284231
0.005885 1817.1 0.051851 171446 -0.198189 0.320024
0.001085 2098.87 0.0468827 171446 -0.22 0.277619
0.002175 2086.05 0.0487291 171446 -0.219758 0.279297
0.006625 704.042 0.169645 171447 -0.0594776 0.831123
0.006855 527.088 0.196403 171447 -0.0303737 1.11463
0.004715 2046.22 0.043642 171446 -0.20542 0.284148
0.005895 1799.53 0.053402 171446 -0.198009 0.323154
0.001465 2095.56 0.0473872 171446 -0.21977 0.278058
0.001095 2098.79 0.0468939 171446 -0.219992 0.277629
0.002185 2085.87 0.0487507 171446 -0.219761 0.27932
0.006635 694.912 0.170998 171447 -0.0577847 0.84218
0.006865 521.045 0.197349 171447 -0.0294278 1.12776
0.004725 2046.8 0.0434846 171446 -0.204474 0.284064
0.005905 1781.88 0.0549603 171446 -0.196826 0.326363
0.001475 2095.46 0.0474027 171446 -0.219766 0.278071
0.001105 2098.72 0.0469051 171446 -0.219984 0.277639
0.002195 2085.69 0.0487722 171446 -0.219765 0.279344
0.006645 685.877 0.172335 171447 -0.0561545 0.853415
0.006875 515.092 0.198277 171447 -0.0284769 1.141
0.005915 1764.19 0.0565212 171446 -0.195118 0.329642
0.004735 2047.4 0.0433248 171446 -0.204037 0.283979
0.002205 2085.5 0.0487938 171446 -0.219768 0.279367
0.001485 2095.37 0.0474183 171446 -0.219762 0.278084
0.006655 676.936 0.173655 171447 -0.0549582 0.86483
0.001115 2098.65 0.0469165 171446 -0.219975 0.277648
0.006885 509.233 0.199186 171448 -0.0275091 1.15434
0.005925 1746.49 0.0580822 171446 -0.193188 0.332991
0.004745 2048.01 0.0431627 171446 -0.203861 0.283891
0.002215 2085.32 0.0488154 171446 -0.219772 0.279391
0.001495 2095.27 0.047434 171446 -0.219758 0.278097
0.006665 668.089 0.174959 171447 -0.0545767 0.876426
0.001125 2098.58 0.046928 171446 -0.219967 0.277658
0.005935 1728.79 0.0596426 171446 -0.191186 0.336409
0.006895 504.054 0.200077 171447 -0.026744 1.1664
0.004755 2048.64 0.0429983 171446 -0.20375 0.283802
0.002225 2085.14 0.0488371 171446 -0.219776 0.279415
0.006675 659.336 0.176246 171446 -0.0550626 0.888207
0.001505 2095.17 0.0474499 171446 -0.219754 0.278109
0.001135 2098.5 0.0469396 171446 -0.219959 0.277668
0.005945 1711.08 0.0612019 171446 -0.189173 0.339898
0.005245 2118.23 0.03187 171446 -0.186918 0.274398
0.004765 2049.27 0.0428316 171446 -0.203599 0.28371
0.002235 2084.95 0.0488588 171446 -0.21978 0.279439
0.006905 498.968 0.20095 171447 -0.0259151 1.1785
0.006685 650.677 0.177516 171445 -0.0559063 0.900175
0.001145 2098.43 0.0469513 171446 -0.219951 0.277678
0.001515 2095.08 0.0474658 171446 -0.219751 0.278122
0.005955 1693.38 0.0627601 171446 -0.187169 0.343461
0.007135 411.314 0.216298 171447 -0.0119499 1.43497
0.005965 1675.67 0.0643171 171446 -0.185177 0.3471
0.007425 364.84 0.225524 171447 -0.00379148 1.62263
0.007145 408.781 0.216779 171447 -0.0115328 1.44406
0.005975 1657.96 0.0658728 171447 -0.183198 0.350818
0.006125 1391.2 0.0888913 171447 -0.153567 0.418333
0.007435 364.077 0.225696 171447 -0.00361289 1.62614
0.005985 1640.25 0.0674271 171447 -0.18123 0.354618
0.007155 406.308 0.217247 171447 -0.0111275 1.45305
0.006135 1373.34 0.0903852 171447 -0.151426 0.423795
0.007445 363.344 0.22586 171447 -0.00343815 1.62952
0.005995 1622.53 0.0689798 171447 -0.179271 0.358502
0.007165 403.894 0.217701 171447 -0.0107338 1.46193
0.002745 2072.08 0.0499543 171446 -0.220039 0.281117
0.007455 362.642 0.226016 171447 -0.00326712 1.63277
0.006145 1355.48 0.0918706 171447 -0.149218 0.429403
0.006005 1604.8 0.0705309 171447 -0.177318 0.362475
0.007175 401.537 0.218142 171447 -0.0103514 1.4707
0.002755 2071.78 0.0499745 171446 -0.220042 0.281157
0.003485 2045.42 0.0508962 171446 -0.219297 0.28464
0.007465 361.97 0.226165 171447 -0.00309961 1.63589
0.006155 1337.62 0.0933465 171447 -0.146967 0.435159
0.006015 1587.06 0.0720801 171447 -0.175371 0.366538
0.002765 2071.47 0.0499945 171446 -0.220044 0.281197
0.007185 399.238 0.21857 171447 -0.00998022 1.47937
0.003495 2045.05 0.0508965 171446 -0.219333 0.28469
0.003605 2041.37 0.0508658 171446 -0.218999 0.285175
0.007475 361.327 0.226306 171447 -0.00293575 1.63889
0.006025 1569.31 0.0736272 171447 -0.173426 0.370697
0.002775 2071.16 0.0500144 171446 -0.220046 0.281238
0.007195 396.993 0.218986 171447 -0.00961752 1.48792
0.006165 1319.78 0.0948122 171447 -0.144248 0.441069
0.000795 2100.83 0.0466083 171446 -0.220179 0.277354
0.007485 360.713 0.226439 171447 -0.00277369 1.64177
0.003505 2044.67 0.0508964 171447 -0.219396 0.28474
0.003615 2041.05 0.0508596 171446 -0.21896 0.285218
0.006035 1551.55 0.0751718 171447 -0.171481 0.374953
0.002785 2070.85 0.0500342 171446 -0.220048 0.281278
0.007205 394.803 0.219389 171447 -0.00926161 1.49636
0.006175 1302 0.0962725 171452 -0.1453 0.447133
0.000805 2100.77 0.0466162 171446 -0.220175 0.277363
0.007495 360.225 0.226565 171447 -0.00261655 1.64407
0.003515 2044.33 0.0508957 171446 -0.219412 0.284785
0.003625 2040.73 0.0508529 171446 -0.218919 0.285259
0.002795 2070.54 0.0500539 171446 -0.22005 0.281319
0.006045 1533.78 0.0767136 171447 -0.169535 0.379311
0.007215 392.877 0.21978 171447 -0.0089357 1.50388
0.006185 1286.35 0.0981289 171447 -0.146875 0.452587
0.004325 2032.61 0.0481795 171446 -0.213181 0.28618
0.005745 1952.12 0.0408328 171446 -0.179857 0.297821
0.006195 1270.79 0.0999765 171447 -0.144319 0.458158
0.005255 2120.45 0.0315791 171446 -0.186516 0.27411
0.004335 2032.77 0.0480979 171446 -0.213046 0.286154
0.006205 1255.29 0.101811 171447 -0.14205 0.463847
0.005755 1946.88 0.0411872 171446 -0.178567 0.298628
0.006695 642.112 0.17877 171444 -0.0561879 0.912335
0.004775 2049.93 0.0426625 171446 -0.203384 0.283617
0.006915 493.972 0.201804 171447 -0.0251026 1.19063
0.004785 2050.6 0.0424911 171446 -0.203123 0.283522
0.006925 489.063 0.20264 171447 -0.0243796 1.20279
0.001155 2098.36 0.0469631 171446 -0.219943 0.277687
0.004795 2051.28 0.0423173 171446 -0.20284 0.283425
0.001525 2094.98 0.0474819 171446 -0.219747 0.278135
0.006935 484.242 0.203458 171447 -0.0234151 1.21498
0.001165 2098.28 0.0469751 171446 -0.219931 0.277697
0.006945 479.505 0.204258 171447 -0.0228588 1.2272
0.002805 2070.23 0.0500734 171446 -0.220052 0.28136
0.006955 474.852 0.20504 171447 -0.0220595 1.23944
0.003635 2040.42 0.0508455 171446 -0.218878 0.285301
0.002815 2069.92 0.0500929 171446 -0.220054 0.281401
0.000815 2100.71 0.0466243 171446 -0.220171 0.277372
0.006965 470.281 0.205805 171447 -0.02135 1.2517
0.003645 2040.1 0.0508375 171446 -0.218836 0.285342
0.007505 359.766 0.226684 171447 -0.00246232 1.64625
0.002825 2069.6 0.0501122 171446 -0.220055 0.281442
0.006975 465.791 0.206553 171447 -0.0206533 1.26398
0.000825 2100.64 0.0466324 171446 -0.220167 0.27738
0.003655 2039.79 0.0508289 171446 -0.218794 0.285383
0.007515 359.334 0.226796 171447 -0.00230976 1.6483
0.002835 2069.29 0.0501314 171446 -0.220056 0.281483
0.006985 461.381 0.207283 171447 -0.0199621 1.27628
0.000835 2100.58 0.0466407 171446 -0.220163 0.277389
0.003665 2039.48 0.0508196 171446 -0.21875 0.285424
0.007525 358.929 0.2269 171447 -0.00215938 1.65022
0.002845 2068.98 0.0501505 171446 -0.220058 0.281524
0.006995 457.052 0.207997 171447 -0.0192687 1.28859
0.003675 2039.17 0.0508097 171446 -0.218706 0.285464
0.000845 2100.51 0.046649 171446 -0.220159 0.277398
0.007535 358.552 0.226998 171447 -0.002011 1.65202
0.002855 2068.66 0.0501694 171446 -0.220059 0.281565
0.007005 453.248 0.208693 171447 -0.0186869 1.29962
0.006055 1516 0.0782522 171447 -0.167587 0.383775
0.003685 2038.87 0.0507991 171446 -0.218661 0.285504
0.000855 2100.45 0.0466575 171446 -0.220154 0.277407
0.002865 2068.34 0.0501882 171446 -0.22006 0.281607
0.007545 358.201 0.227088 171447 -0.00186448 1.6537
0.007015 449.523 0.209373 171447 -0.0180776 1.3106
0.007225 391.004 0.220159 171447 -0.00861176 1.51126
0.003695 2038.56 0.0507878 171446 -0.218615 0.285544
0.006065 1498.21 0.0797872 171447 -0.165634 0.388349
0.000865 2100.38 0.0466661 171446 -0.22015 0.277415
0.002875 2068.03 0.0502068 171446 -0.220061 0.281648
0.007555 357.876 0.227172 171447 -0.00171968 1.65526
0.007025 445.876 0.210036 171447 -0.0174844 1.32154
0.007235 389.182 0.220526 171447 -0.0082969 1.51852
0.003705 2038.26 0.0507759 171446 -0.218569 0.285584
0.006075 1480.4 0.0813181 171447 -0.163674 0.393036
0.004345 2032.94 0.0480147 171446 -0.212908 0.286126
0.005265 2122.69 0.0312862 171446 -0.186124 0.273821
0.006215 1239.85 0.103632 171447 -0.139762 0.469659
0.004355 2033.12 0.0479298 171446 -0.212769 0.286097
0.005275 2124.95 0.0309911 171446 -0.185745 0.27353
0.006705 633.642 0.180006 171444 -0.0551025 0.924689
0.001535 2094.88 0.0474981 171446 -0.219744 0.278148
0.004365 2033.31 0.0478433 171446 -0.212627 0.286067
0.005285 2127.24 0.0306941 171446 -0.185378 0.273236
0.006225 1224.46 0.105442 171447 -0.13748 0.475597
0.006715 625.266 0.181225 171444 -0.0524889 0.937243
0.001545 2094.78 0.0475144 171446 -0.21974 0.278161
0.004375 2033.51 0.0477552 171446 -0.212483 0.286036
0.001175 2098.2 0.0469871 171446 -0.219927 0.277709
0.000875 2100.31 0.0466748 171446 -0.220145 0.277424
0.004385 2033.71 0.0476654 171446 -0.212338 0.286004
0.007565 357.577 0.227249 171447 -0.00157645 1.65669
0.001185 2098.11 0.0469993 171446 -0.219919 0.277721
0.000885 2100.25 0.0466836 171446 -0.220141 0.277433
0.007035 442.304 0.210682 171447 -0.0169059 1.33243
0.004395 2033.93 0.0475739 171446 -0.21219 0.28597
0.007245 387.408 0.220881 171447 -0.00799109 1.52564
0.000895 2100.18 0.0466925 171446 -0.220136 0.277442
0.003715 2037.96 0.0507632 171446 -0.218525 0.285623
0.000905 2100.12 0.0467015 171446 -0.220131 0.277451
0.005295 2129.54 0.0303953 171446 -0.185027 0.272941
0.006235 1209.12 0.107241 171447 -0.135203 0.481664
0.003725 2037.66 0.0507499 171446 -0.218478 0.285662
0.000915 2100.05 0.0467106 171446 -0.220125 0.27746
0.005305 2131.86 0.0300947 171446 -0.184691 0.272644
0.001555 2094.68 0.0475308 171446 -0.219737 0.278174
0.004405 2034.15 0.0474806 171446 -0.21204 0.285935
0.000925 2099.98 0.0467198 171446 -0.22012 0.277469
0.005315 2134.2 0.0297924 171446 -0.184372 0.272346
0.006245 1193.85 0.10903 171447 -0.132931 0.487866
0.003735 2037.37 0.0507358 171446 -0.218423 0.2857
0.001565 2094.58 0.0475473 171446 -0.219734 0.278187
0.000935 2099.91 0.0467292 171446 -0.220114 0.277479
0.001195 2098.02 0.0470116 171446 -0.219911 0.277732
0.005325 2136.55 0.0294887 171446 -0.18407 0.272046
0.004415 2034.38 0.0473856 171446 -0.211888 0.285899
0.006255 1178.63 0.110809 171447 -0.130663 0.494204
0.003745 2037.08 0.0507211 171446 -0.218349 0.285738
0.000945 2099.85 0.0467386 171446 -0.220108 0.277488
0.001575 2094.48 0.0475639 171446 -0.219731 0.2782
0.005335 2138.92 0.0291835 171446 -0.183786 0.271745
0.007575 357.304 0.22732 171447 -0.00143467 1.65801
0.004425 2034.62 0.0472889 171446 -0.211734 0.285862
0.001205 2097.93 0.047024 171446 -0.219903 0.277744
0.000955 2099.78 0.0467482 171446 -0.220101 0.277497
0.003755 2036.79 0.0507056 171446 -0.218257 0.285776
0.006265 1163.47 0.112578 171447 -0.128403 0.500685
0.005345 2141.3 0.0288772 171446 -0.18352 0.271443
0.007255 385.684 0.221225 171447 -0.00769429 1.53264
0.001585 2094.38 0.0475806 171446 -0.219727 0.278213
0.005355 2143.7 0.0285697 171446 -0.183275 0.27114
0.004435 2034.87 0.0471904 171446 -0.211577 0.285824
0.007265 384.006 0.221557 171447 -0.00740624 1.5395
0.001595 2094.28 0.0475975 171446 -0.219725 0.278226
0.005365 2146.11 0.0282613 171446 -0.183049 0.270837
0.007275 382.373 0.221879 171447 -0.0071267 1.54624
0.004445 2035.13 0.0470902 171446 -0.211419 0.285784
0.005375 2148.52 0.027952 171446 -0.182845 0.270532
0.007285 380.786 0.22219 171447 -0.00685551 1.55284
0.007585 357.056 0.227384 171447 -0.00129419 1.6592
0.001215 2097.85 0.0470365 171446 -0.219896 0.277756
0.007295 379.242 0.222491 171447 -0.00659146 1.55932
0.003765 2036.5 0.0506893 171446 -0.218164 0.285813
0.007595 356.834 0.227441 171447 -0.00115489 1.66027
0.006275 1148.37 0.114338 171447 -0.126152 0.507312
0.007305 377.741 0.222781 171447 -0.00633319 1.56568
0.001225 2097.76 0.0470492 171446 -0.219889 0.277767
0.004455 2035.4 0.0469881 171446 -0.211258 0.285743
0.007605 356.637 0.227492 171447 -0.00101664 1.66122
0.003775 2036.22 0.0506723 171446 -0.218088 0.28585
0.007315 376.429 0.223061 171447 -0.00609111 1.57128
0.006285 1133.33 0.116089 171447 -0.123912 0.514089
0.001235 2097.67 0.0470619 171446 -0.219883 0.277779
0.007615 356.465 0.227536 171447 -0.000879316 1.66206
0.004465 2035.68 0.0468842 171446 -0.211095 0.2857
0.003785 2035.94 0.0506545 171446 -0.218037 0.285887
0.005385 2150.95 0.0276422 171446 -0.182661 0.270228
0.007325 375.159 0.223331 171447 -0.00585285 1.57675
0.006295 1118.35 0.117831 171447 -0.121684 0.521023
0.001245 2097.58 0.0470748 171446 -0.219876 0.277791
0.007625 356.317 0.227574 171447 -0.000742806 1.66277
0.003795 2035.66 0.0506359 171446 -0.217999 0.285923
0.004475 2035.97 0.0467784 171446 -0.21093 0.285656
0.005395 2153.38 0.0273318 171446 -0.182134 0.269923
0.007335 373.928 0.223591 171447 -0.00562067 1.58208
0.007635 356.195 0.227606 171447 -0.00060701 1.66336
0.005405 2155.46 0.027045 171419 -0.19578 0.269621
0.007345 372.736 0.223842 171447 -0.0053947 1.58729
0.005415 2149.17 0.0274814 171446 -0.209007 0.270453
0.007645 356.097 0.227631 171447 -0.000471903 1.66384
0.007355 371.581 0.224083 171447 -0.00517482 1.59235
0.006305 1103.43 0.119565 171447 -0.119472 0.528119
0.001255 2097.49 0.0470878 171446 -0.21987 0.277803
0.003805 2035.38 0.0506165 171446 -0.217957 0.285959
0.005425 2142.56 0.0279372 171446 -0.207608 0.271287
0.001265 2097.4 0.0471009 171446 -0.219865 0.277814
0.007655 356.024 0.22765 171447 -0.000337441 1.66419
0.003815 2035.11 0.0505963 171446 -0.217905 0.285995
0.006315 1088.56 0.121289 171447 -0.117274 0.535381
0.005435 2136 0.0283892 171446 -0.206659 0.272121
0.001275 2097.31 0.0471141 171446 -0.219859 0.277826
0.003825 2034.84 0.0505753 171446 -0.217846 0.28603
0.007665 355.975 0.227662 171447 -0.000205592 1.66443
0.006325 1073.75 0.123005 171447 -0.115092 0.542817
0.003835 2034.57 0.0505535 171446 -0.217786 0.286064
0.007675 355.95 0.227669 171447 -6.72217e-05 1.66455
0.006335 1059 0.124712 171447 -0.112926 0.550432
0.006345 1044.31 0.126409 171447 -0.110774 0.558233
0.006355 1029.67 0.128098 171447 -0.108635 0.566227
0.006365 1015.09 0.129778 171447 -0.106509 0.574422
0.006375 1000.56 0.131449 171447 -0.104392 0.582824
0.006385 986.091 0.133111 171447 -0.102277 0.591442
0.006395 971.677 0.134764 171447 -0.100177 0.600283
