0.007365 331.877 0.232918 156459 0.0142633 1.63584
0.007375 331.998 0.232918 156459 0.0138144 1.63524
0.007385 332.111 0.232918 156459 0.0133639 1.63469
0.007395 332.216 0.232918 156459 0.0129123 1.63417
0.007405 332.313 0.232918 156459 0.0124598 1.63369
0.007415 332.402 0.232918 156459 0.012007 1.63325
0.007425 332.483 0.232918 156459 0.0115531 1.63286
0.007435 332.556 0.232918 156459 0.0111096 1.6325
0.007445 332.621 0.232918 156459 0.0106436 1.63218
0.007455 332.806 0.232918 156459 0.0101828 1.63127
0.007465 332.984 0.232918 156459 0.00974573 1.6304
0.007475 333.155 0.232918 156459 0.00929469 1.62956
0.007485 333.318 0.232918 156459 0.00884415 1.62876
0.007495 333.474 0.232918 156459 0.00839297 1.628
0.007505 333.622 0.232918 156459 0.00794155 1.62728
0.007515 333.763 0.232918 156459 0.00748984 1.62659
0.007525 333.895 0.232918 156459 0.00703784 1.62595
0.007535 334.02 0.232918 156459 0.00658551 1.62534
0.007545 334.136 0.232918 156459 0.00613286 1.62478
0.002245 2397.65 0.0745982 156457 0.0305018 0.222865
0.007555 334.245 0.232918 156459 0.00567987 1.62425
0.007565 334.345 0.232918 156459 0.00522657 1.62376
0.002255 2399.86 0.0741717 156457 0.0296802 0.222663
0.007575 334.437 0.232918 156459 0.00477296 1.62331
0.002265 2402.05 0.0737463 156457 0.0288544 0.222463
0.007585 334.521 0.232918 156459 0.0043191 1.62291
0.002275 2404.22 0.073322 156457 0.0280245 0.222265
0.000965 2049.08 0.129942 156457 0.0873687 0.260053
0.007595 334.596 0.232918 156459 0.00386502 1.62254
0.002285 2406.37 0.0728989 156457 0.0271906 0.22207
0.002885 2458.27 0.0496408 156458 -0.024847 0.21745
0.000975 2051.52 0.129591 156457 0.0872571 0.259748
0.007605 334.664 0.232918 156459 0.00341078 1.62221
0.002295 2408.51 0.0724769 156457 0.0263529 0.221876
0.000985 2053.98 0.129238 156457 0.0871415 0.259441
0.007615 334.722 0.232918 156459 0.00295644 1.62193
0.002305 2410.62 0.0720561 156457 0.0255115 0.221685
0.002895 2456.34 0.0492826 156458 -0.0255977 0.21762
0.000995 2056.45 0.128881 156457 0.087022 0.259134
0.007625 334.773 0.232918 156459 0.00250208 1.62168
0.002315 2412.72 0.0716364 156457 0.0246665 0.221495
0.002905 2454.4 0.048925 156458 -0.0263389 0.217791
0.002565 2458.41 0.0615363 156457 0.00278039 0.21743
5e-06 1923.98 0.147528 156457 0.0885416 0.276758
0.003845 2135.77 0.0268333 156458 -0.072586 0.250065
0.002575 2459.96 0.0611481 156457 0.00188613 0.217295
1.5e-05 1924 0.147524 156457 0.0885427 0.276754
0.001005 2058.95 0.128523 156457 0.0868985 0.258825
0.007635 334.815 0.232918 156459 0.00204782 1.62148
0.002585 2461.48 0.0607612 156457 0.000991028 0.217161
0.003855 2128.14 0.0270107 156458 -0.0715477 0.250959
0.002325 2414.79 0.0712179 156457 0.0238183 0.221308
2.5e-05 1924.06 0.147517 156457 0.0885453 0.276747
0.002915 2452.43 0.048568 156458 -0.0270706 0.217965
0.002595 2462.98 0.0603754 156457 9.51353e-05 0.21703
0.003865 2120.26 0.0272082 156438 -0.0851498 0.251857
3.5e-05 1924.14 0.147505 156457 0.0885491 0.276735
0.001015 2061.46 0.128161 156457 0.086771 0.258514
0.002605 2464.47 0.0599908 156457 -0.000801517 0.2169
0.003875 2105.67 0.0280869 156458 -0.0983744 0.253631
4.5e-05 1924.25 0.14749 156457 0.0885539 0.276719
0.007645 334.849 0.232918 156459 0.00159406 1.62132
0.002335 2416.85 0.0708005 156457 0.0229668 0.221122
0.002615 2465.92 0.0596075 156457 -0.0016989 0.216773
0.003885 2090.79 0.0289871 156458 -0.0967656 0.255433
5.5e-05 1924.39 0.147471 156457 0.0885599 0.2767
0.002925 2450.46 0.0482115 156458 -0.0277925 0.21814
0.002625 2467.36 0.0592252 156457 -0.00259697 0.216648
6.5e-05 1924.55 0.147449 156457 0.0885669 0.276676
0.003895 2075.9 0.0298867 156458 -0.0957151 0.257261
0.001025 2063.98 0.127797 156457 0.0866394 0.258203
7.5e-05 1924.74 0.147422 156457 0.088575 0.276649
0.002635 2468.77 0.0588442 156457 -0.0034957 0.216525
0.003905 2061.02 0.0307857 156458 -0.0946129 0.259116
0.007655 334.874 0.232918 156459 0.00114105 1.62119
0.002345 2418.88 0.0703844 156457 0.0221122 0.220939
8.5e-05 1924.96 0.147392 156457 0.088584 0.276618
0.002645 2470.16 0.0584643 156457 -0.00439506 0.216403
0.003915 2046.14 0.0316838 156458 -0.0934755 0.260997
0.002935 2448.46 0.0478556 156458 -0.0285048 0.218316
0.001035 2066.52 0.12743 156457 0.0865036 0.25789
9.5e-05 1925.21 0.147358 156457 0.088594 0.276583
0.002655 2471.53 0.0580856 156457 -0.00529503 0.216284
0.003205 2390.66 0.0383582 156458 -0.043882 0.22355
0.003925 2031.27 0.0325811 156458 -0.0923021 0.262905
0.007665 334.891 0.232918 156459 0.000696609 1.62111
0.002355 2420.9 0.0699694 156457 0.0212547 0.220758
0.000105 1925.48 0.14732 156457 0.0886049 0.276543
0.002665 2472.87 0.057708 156457 -0.00619556 0.216168
0.003215 2388.44 0.0380071 156458 -0.0443045 0.223756
0.003935 2016.41 0.0334773 156458 -0.0910917 0.26484
0.002945 2446.46 0.0475001 156458 -0.0292072 0.218494
0.001045 2069.08 0.127061 156457 0.0863637 0.257576
0.000115 1925.79 0.147279 156457 0.0886167 0.2765
0.002675 2474.19 0.0573316 156457 -0.00709665 0.216053
0.003225 2386.22 0.0376558 156458 -0.0447165 0.223962
0.003945 2001.55 0.0343724 156458 -0.0898435 0.266803
0.000125 1926.12 0.147233 156457 0.0886293 0.276453
0.002685 2475.49 0.0569563 156458 -0.00799817 0.21594
0.003955 1986.71 0.0352662 156458 -0.0885565 0.268794
0.007675 334.899 0.232918 156459 0.000227382 1.62107
0.003235 2384 0.0373041 156458 -0.0451181 0.224168
0.002365 2422.89 0.0695557 156457 0.0203944 0.220579
0.002955 2444.43 0.0471451 156458 -0.0298998 0.218674
0.000135 1926.48 0.147184 156457 0.0886427 0.276402
0.002695 2476.77 0.0565821 156458 -0.00890055 0.215829
0.003965 1971.88 0.0361586 156458 -0.0872299 0.270813
0.003525 2322.12 0.026858 156458 -0.0526575 0.230074
0.003245 2381.79 0.0369522 156458 -0.0455092 0.224375
0.001055 2071.65 0.126689 156457 0.0862195 0.257261
0.003535 2320.15 0.0264857 156458 -0.0527973 0.230268
0.002375 2424.87 0.0691431 156457 0.0195314 0.220401
0.001065 2074.23 0.126315 156457 0.086071 0.256946
0.003545 2318.19 0.0261123 156458 -0.0529307 0.23046
0.002385 2426.83 0.0687318 156457 0.018666 0.220226
0.003255 2379.57 0.0365999 156458 -0.04589 0.224581
0.001075 2076.83 0.125938 156457 0.0859183 0.256629
0.003555 2316.25 0.0257381 156458 -0.0530576 0.230651
0.000145 1926.86 0.147131 156457 0.0886569 0.276347
0.002395 2428.76 0.0683216 156457 0.0177981 0.220053
0.001085 2079.45 0.125559 156457 0.0857611 0.256311
0.003565 2314.32 0.0253629 156458 -0.0531782 0.230841
0.002705 2477.98 0.056209 156455 -0.00981429 0.21572
0.002405 2430.67 0.0679127 156457 0.016928 0.219882
0.001095 2082.08 0.125177 156457 0.0855995 0.255992
0.003575 2312.41 0.0249867 156458 -0.0532926 0.23103
0.003265 2377.35 0.0362473 156458 -0.0462604 0.224788
0.003975 1957.07 0.0370495 156458 -0.0858628 0.27286
0.001105 2084.72 0.124793 156457 0.0854335 0.255673
0.003585 2310.52 0.0246096 156458 -0.0534008 0.231217
0.002415 2432.57 0.067505 156457 0.0160557 0.219713
0.000155 1927.28 0.147073 156457 0.0886717 0.276288
0.003595 2308.64 0.0242315 156458 -0.0535028 0.231403
0.001115 2087.38 0.124407 156457 0.085263 0.255353
0.002425 2434.44 0.0670985 156457 0.0151813 0.219547
0.002965 2442.4 0.0467906 156458 -0.0305826 0.218855
0.003275 2375.14 0.0358942 156458 -0.0466207 0.224996
0.003605 2306.78 0.0238524 156458 -0.0535998 0.231588
0.001125 2090.04 0.124018 156457 0.0850879 0.255032
0.002435 2436.29 0.0666932 156457 0.0143051 0.219382
0.002715 2478.46 0.055837 156455 -0.010712 0.215678
0.002975 2440.35 0.0464365 156458 -0.0312554 0.219038
0.003985 1942.28 0.0379386 156458 -0.0844545 0.274936
0.003615 2304.94 0.0234725 156458 -0.0536926 0.231771
0.001135 2092.73 0.123627 156457 0.0849082 0.25471
0.000165 1927.72 0.147012 156457 0.0886872 0.276225
0.002445 2438.12 0.0662892 156457 0.013427 0.219219
0.002985 2438.29 0.0460828 156458 -0.0319182 0.219222
0.003285 2372.93 0.0355408 156458 -0.0469708 0.225203
0.003625 2303.11 0.0230915 156458 -0.0533767 0.231953
0.001145 2095.42 0.123234 156457 0.0847239 0.254388
0.002455 2439.93 0.0658864 156457 0.0125473 0.219059
0.002995 2436.21 0.0457296 156458 -0.0325709 0.219407
0.002725 2478.15 0.0554659 156458 -0.0116009 0.215709
0.001605 2227.45 0.103389 156457 0.0706908 0.239566
0.003995 1927.52 0.0388259 156458 -0.0830042 0.27704
0.001155 2098.13 0.122839 156457 0.084535 0.254065
0.003635 2301.03 0.0227304 156439 -0.066531 0.232135
0.002465 2441.72 0.0654848 156457 0.0116659 0.2189
0.003005 2434.13 0.0453767 156458 -0.0332136 0.219594
0.000175 1928.19 0.146948 156457 0.0887033 0.276158
0.001615 2230.38 0.102934 156457 0.0702563 0.239257
0.003295 2370.73 0.0351868 156458 -0.0473109 0.22541
0.003645 2293.27 0.0229204 156458 -0.0795352 0.232944
0.001165 2100.84 0.122442 156457 0.0843413 0.253742
0.002475 2443.49 0.0650844 156457 0.0107829 0.218744
0.002735 2477.78 0.0550958 156458 -0.0124834 0.215742
0.003015 2432.03 0.0450241 156458 -0.033846 0.219782
0.004005 1912.78 0.0397113 156458 -0.0815109 0.279174
0.001625 2233.3 0.102477 156457 0.0698159 0.23895
0.003655 2285.23 0.0231298 156458 -0.0789356 0.233759
0.001175 2103.57 0.122042 156457 0.0841429 0.253418
0.002485 2445.23 0.0646853 156457 0.00989855 0.21859
0.003025 2429.92 0.0446719 156458 -0.0344683 0.219971
0.000185 1928.69 0.146879 156457 0.08872 0.276088
0.001635 2236.22 0.102021 156457 0.0693698 0.238643
0.003665 2277.21 0.023338 156458 -0.0787468 0.234579
0.001185 2106.31 0.121641 156457 0.0839397 0.253093
0.003305 2368.52 0.0348324 156458 -0.047641 0.225617
0.002495 2446.96 0.0642874 156457 0.00901282 0.218437
0.003035 2427.8 0.04432 156458 -0.0350804 0.220162
0.000325 1938.62 0.145508 156457 0.0889866 0.274686
0.002745 2477.38 0.0547266 156458 -0.0133648 0.215777
0.001645 2239.14 0.101564 156457 0.068918 0.238338
0.003675 2269.2 0.0235449 156458 -0.0785418 0.235404
0.001195 2109.07 0.121237 156457 0.0837317 0.252768
0.004015 1898.07 0.0405944 156458 -0.0799738 0.281336
0.002505 2448.66 0.0638907 156457 0.0081258 0.218287
0.003045 2425.67 0.0439684 156458 -0.0356821 0.220354
0.000195 1929.22 0.146806 156457 0.0887372 0.276013
0.000335 1939.54 0.145381 156457 0.0890059 0.274558
0.001655 2242.05 0.101107 156457 0.0684603 0.238034
0.003685 2261.2 0.0237505 156458 -0.0783219 0.236234
0.003315 2366.33 0.0344775 156458 -0.0479612 0.225824
0.001205 2111.83 0.120831 156457 0.0835188 0.252443
0.002515 2450.34 0.0634953 156457 0.00723757 0.218139
0.003055 2423.53 0.043617 156458 -0.0362735 0.220547
0.002755 2476.92 0.0543583 156455 -0.0142505 0.215813
0.003695 2253.22 0.0239549 156458 -0.0780876 0.237068
0.001665 2244.97 0.100649 156457 0.0679968 0.237732
0.000345 1940.48 0.14525 156457 0.0890251 0.274425
0.001215 2114.6 0.120424 156457 0.083301 0.252117
0.004025 1883.39 0.0414753 156458 -0.0783921 0.283528
0.003065 2421.38 0.0432659 156458 -0.0368545 0.220741
0.002525 2452 0.0631011 156457 0.00634819 0.217993
0.003705 2245.25 0.0241578 156458 -0.0778384 0.237906
0.001675 2247.87 0.100191 156457 0.0675275 0.23743
0.000205 1929.77 0.14673 156457 0.0887549 0.275934
0.000355 1941.46 0.145115 156457 0.0890439 0.274288
0.001225 2117.39 0.120014 156457 0.0830783 0.251791
0.003075 2419.22 0.0429149 156458 -0.0374251 0.220936
0.003325 2364.13 0.034122 156458 -0.0482717 0.226031
0.002535 2453.63 0.062708 156457 0.00545773 0.217849
0.003715 2237.3 0.0243594 156458 -0.0775738 0.238749
0.002765 2475.8 0.0539909 156458 -0.015112 0.215914
0.001685 2250.77 0.099733 156457 0.0670524 0.23713
0.001235 2120.18 0.119603 156457 0.0828507 0.251465
0.000365 1942.46 0.144976 156457 0.0890624 0.274148
0.003085 2417.06 0.0425642 156458 -0.0379852 0.221132
0.004035 1868.74 0.0423537 156458 -0.0767648 0.285749
0.002545 2455.25 0.0623163 156457 0.00456624 0.217708
0.003725 2229.36 0.0245595 156458 -0.0772935 0.239596
0.001695 2253.67 0.0992747 156457 0.0665714 0.236831
0.001245 2122.98 0.119189 156457 0.082618 0.251139
0.000375 1943.49 0.144833 156457 0.0890805 0.274004
0.000215 1930.35 0.14665 156457 0.0887731 0.275852
0.003095 2414.89 0.0422135 156458 -0.0385348 0.221329
0.002555 2456.84 0.0619257 156457 0.00367377 0.217568
0.001705 2256.56 0.0988161 156457 0.0660845 0.236533
0.003735 2221.44 0.0247582 156458 -0.0769971 0.240448
0.001255 2125.79 0.118774 156457 0.0823804 0.250812
0.000385 1944.55 0.144687 156457 0.0890981 0.273857
0.003335 2361.95 0.0337659 156458 -0.0485727 0.226238
0.002775 2474.63 0.0536242 156458 -0.0159675 0.216017
0.001285 2134.28 0.117518 156457 0.0816369 0.249832
0.001925 2318.33 0.0887493 156457 0.0538286 0.23035
0.002785 2473.43 0.0532584 156458 -0.016818 0.216122
0.000645 1981.46 0.139538 156457 0.0892102 0.268809
0.001295 2137.12 0.117096 156457 0.0813788 0.249505
0.002795 2472.21 0.0528934 156458 -0.0176604 0.216228
0.001935 2321.03 0.0882954 156457 0.0531984 0.230087
0.007045 330.287 0.232918 156458 0.0300719 1.6437
0.001305 2139.97 0.116673 156457 0.0811155 0.249178
0.005765 331.466 0.232851 156458 0.0896833 1.6377
0.000655 1983.23 0.13929 156457 0.0891939 0.268573
0.002805 2470.97 0.0525291 156458 -0.0184948 0.216336
0.001945 2323.71 0.087842 156457 0.0525615 0.229826
0.001315 2142.83 0.116247 156457 0.0808471 0.248851
0.005445 335.456 0.231851 156458 0.102669 1.61707
0.007055 330.307 0.232918 156458 0.0296029 1.6436
0.000665 1985.02 0.139038 156457 0.0891755 0.268333
0.005455 335.124 0.231931 156458 0.102342 1.61875
0.002815 2469.71 0.0521656 156458 -0.019321 0.216446
0.005775 331.539 0.232857 156458 0.0892111 1.63735
0.001955 2326.39 0.0873891 156457 0.0519181 0.229567
0.001325 2145.7 0.115821 156457 0.0805734 0.248525
0.005465 334.806 0.232005 156458 0.102002 1.62035
0.007065 330.318 0.232918 156458 0.0291128 1.64355
0.004165 1634.89 0.061223 156458 -0.0833508 0.326628
0.005475 334.501 0.232074 156458 0.101651 1.6219
0.000675 1986.83 0.138783 156457 0.089155 0.268091
0.004805 560.469 0.192251 156459 0.077057 0.959104
0.002825 2468.43 0.0518028 156458 -0.020139 0.216558
0.005485 334.207 0.232138 156458 0.10129 1.62339
0.001965 2329.05 0.0869369 156457 0.051268 0.22931
0.005785 331.609 0.232862 156458 0.0888012 1.63702
0.004175 1612.73 0.0633683 156458 -0.0805095 0.331118
0.001335 2148.57 0.115392 156457 0.0802944 0.248198
0.007075 330.319 0.232918 156458 0.0286209 1.64354
0.004815 550.757 0.193726 156458 0.0785717 0.976214
0.005495 333.922 0.232198 156458 0.100925 1.62484
0.000685 1988.67 0.138524 156457 0.0891324 0.267846
0.004185 1590.56 0.0655165 156458 -0.0776438 0.335737
0.002835 2467.13 0.0514408 156458 -0.020949 0.216672
0.005505 333.646 0.232254 156458 0.100563 1.62624
0.001975 2331.7 0.0864853 156457 0.0506113 0.229054
0.004825 541.172 0.19517 156460 0.0802551 0.993716
0.004195 1568.38 0.0676675 156458 -0.0747518 0.34049
0.001345 2151.45 0.114962 156457 0.0800101 0.247872
0.005795 331.672 0.232868 156458 0.0883509 1.63672
0.007085 330.31 0.232918 156458 0.0281005 1.64359
0.005515 333.381 0.232305 156458 0.10021 1.62759
0.004835 532.976 0.196582 156458 0.0814256 1.00919
0.000695 1990.54 0.138262 156457 0.0891074 0.267598
0.004205 1546.18 0.0698211 156458 -0.0718324 0.345382
0.002845 2465.78 0.0510795 156456 -0.0217581 0.216787
0.004485 984.267 0.131677 156459 0.00676279 0.543386
0.001985 2334.33 0.0860343 156457 0.0499479 0.228801
0.005525 333.127 0.232353 156458 0.0998631 1.62888
0.004215 1523.97 0.0719773 156458 -0.0688846 0.350421
0.004845 524.956 0.197963 156458 0.0828955 1.02482
0.001355 2154.34 0.114531 156457 0.0797205 0.247546
0.005805 331.727 0.232872 156458 0.0878987 1.63645
0.007095 330.291 0.232918 156458 0.0276189 1.64368
0.005535 332.884 0.232398 156458 0.0995123 1.63012
0.000705 1992.42 0.137997 156457 0.0890802 0.267348
0.004225 1501.76 0.0741358 156458 -0.0659084 0.355612
0.002855 2463.95 0.0507189 156458 -0.02254 0.21695
0.004855 517.105 0.19931 156458 0.0843113 1.04059
0.005545 332.647 0.232439 156458 0.0991174 1.63133
0.001995 2336.96 0.0855839 156457 0.0492779 0.228549
0.004235 1479.53 0.0762965 156459 -0.0629051 0.360963
0.004495 966.589 0.133855 156459 0.00974354 0.553381
0.004865 509.422 0.200624 156458 0.0856851 1.0565
0.005815 331.774 0.232876 156458 0.0874428 1.63623
0.005555 332.554 0.232477 156458 0.0987032 1.63183
0.001365 2157.23 0.114098 156457 0.0794255 0.24722
0.007105 330.263 0.232918 156458 0.0271011 1.64382
0.004245 1457.29 0.0784592 156459 -0.0598765 0.36648
0.000715 1994.33 0.137727 156457 0.0890506 0.267095
0.004875 501.906 0.201906 156458 0.0870153 1.07255
0.002865 2462.08 0.0503589 156458 -0.0233172 0.217115
0.005565 332.461 0.232513 156458 0.0982955 1.63233
0.002005 2339.57 0.0851343 156457 0.0486013 0.228298
0.004505 948.993 0.136023 156459 0.0126866 0.563702
0.004255 1435.04 0.0806236 156459 -0.0568264 0.372172
0.004885 494.553 0.203154 156458 0.0882227 1.08872
0.005825 331.812 0.23288 156458 0.0869857 1.63605
0.001375 2160.12 0.113664 156457 0.0791252 0.246894
0.005575 332.364 0.232546 156458 0.0978727 1.63284
0.007115 330.343 0.232918 156458 0.0265376 1.64343
0.000725 1996.27 0.137455 156457 0.0890186 0.266839
0.002875 2460.18 0.0499995 156458 -0.0240868 0.217281
0.004265 1412.78 0.0827896 156459 -0.0537596 0.378046
0.004895 487.363 0.20437 156458 0.0896593 1.10501
0.005585 332.264 0.232576 156458 0.0974565 1.63337
0.004515 931.474 0.13818 156459 0.0156571 0.574368
0.002015 2342.16 0.0846853 156457 0.047918 0.22805
0.005835 331.841 0.232884 156458 0.0865286 1.63592
0.004275 1390.51 0.0849569 156459 -0.0506824 0.384112
0.004285 1368.23 0.0871252 156459 -0.0476024 0.390379
0.005125 377.165 0.223766 156458 0.105942 1.43389
0.004295 1345.94 0.0892942 156459 -0.0445283 0.396859
0.006725 330.057 0.232918 156458 0.0449497 1.64485
0.004305 1323.63 0.0914636 156459 -0.0414673 0.403563
0.006405 330.152 0.232917 156458 0.0598694 1.64438
0.004315 1301.31 0.093633 156459 -0.0384391 0.410504
0.006735 330.045 0.232918 156458 0.0444821 1.64491
0.006085 330.807 0.232915 156458 0.0750358 1.64111
0.004325 1278.96 0.0958019 156459 -0.035198 0.417696
0.006745 330.024 0.232918 156458 0.044025 1.64501
0.003105 2412.71 0.041863 156458 -0.0390739 0.221527
0.004335 1256.65 0.0979715 156467 -0.0329402 0.425153
0.006755 329.993 0.232918 156458 0.0435607 1.64517
0.006095 330.73 0.232915 156458 0.0747917 1.64149
0.001715 2259.45 0.0983575 156457 0.0655917 0.236236
0.003115 2410.52 0.0415126 156458 -0.0396024 0.221726
0.005135 374.504 0.224276 156458 0.106167 1.44429
0.006765 329.953 0.232918 156458 0.0431154 1.64537
0.004345 1238.08 0.100265 156459 -0.0318164 0.431528
0.006105 330.645 0.232916 156458 0.0741679 1.64192
0.003125 2408.33 0.0411623 156458 -0.0401204 0.221926
0.003745 2213.54 0.0249553 156458 -0.0766843 0.241303
0.001725 2262.33 0.0978987 156457 0.065093 0.235941
0.006415 330.111 0.232917 156458 0.0593903 1.64458
0.006775 329.902 0.232918 156458 0.0426246 1.64562
0.004355 1219.63 0.102556 156459 -0.0289202 0.438078
0.006115 330.665 0.232916 156458 0.0736936 1.64181
0.003135 2406.14 0.040812 156458 -0.0406277 0.222127
0.001735 2265.21 0.0974399 156457 0.0645883 0.235647
0.003755 2205.65 0.0251509 156458 -0.0763546 0.242163
0.006785 329.955 0.232918 156458 0.0421379 1.64536
0.004365 1201.24 0.10484 156459 -0.0261718 0.444811
0.006125 330.677 0.232916 156458 0.0732233 1.64176
0.003145 2403.94 0.0404617 156458 -0.0411245 0.222328
0.001265 2128.61 0.118357 156457 0.0821376 0.250486
0.001745 2268.08 0.096981 156457 0.0640776 0.235355
0.006795 330 0.232918 156458 0.0417013 1.64513
0.003765 2197.79 0.0253449 156458 -0.0760077 0.243027
0.005145 371.937 0.224762 156458 0.106365 1.45447
0.004375 1182.9 0.107119 156459 -0.0234513 0.451735
0.006135 330.677 0.232916 156458 0.0727432 1.64176
0.003155 2401.73 0.0401113 156458 -0.0416106 0.22253
0.006425 330.058 0.232917 156458 0.0589315 1.64484
0.006805 330.035 0.232918 156458 0.0412357 1.64496
0.001755 2270.94 0.0965222 156457 0.063561 0.235064
0.001275 2131.44 0.117939 156457 0.0818898 0.250159
0.003775 2189.95 0.0255372 156458 -0.0756433 0.243894
0.004385 1164.6 0.109391 156459 -0.020771 0.458861
0.006145 330.666 0.232916 156458 0.0722447 1.64181
0.003165 2399.52 0.0397609 156458 -0.0420861 0.222733
0.006815 330.06 0.232918 156458 0.0407727 1.64483
0.000395 1945.63 0.144536 156457 0.0891152 0.273705
0.004045 1854.14 0.0432295 156458 -0.075091 0.287999
0.006825 330.075 0.232918 156458 0.0403056 1.64476
0.000405 1946.75 0.144382 156457 0.0891317 0.27355
0.000225 1930.96 0.146565 156457 0.0887916 0.275765
0.003345 2359.77 0.0334092 156458 -0.0488641 0.226445
0.006835 330.08 0.232918 156458 0.0398268 1.64473
0.004055 1839.57 0.0441024 156458 -0.0733697 0.290279
0.000415 1947.89 0.144224 156457 0.0891477 0.273392
0.000235 1931.6 0.146477 156457 0.0888104 0.275675
0.003355 2357.59 0.0330519 156458 -0.0491462 0.226652
0.006845 330.074 0.232918 156458 0.0393464 1.64477
0.004065 1825.06 0.0449724 156458 -0.0716001 0.292588
0.000425 1949.05 0.144062 156457 0.0891629 0.27323
0.000245 1932.27 0.146385 156457 0.0888295 0.27558
0.003365 2355.43 0.0326939 156458 -0.049419 0.226858
0.006855 330.057 0.232918 156458 0.0388826 1.64485
0.004075 1810.59 0.0458392 156458 -0.0697786 0.294926
0.000435 1950.25 0.143896 156457 0.0891774 0.273064
0.004905 480.333 0.205553 156458 0.0906575 1.12141
0.000255 1932.97 0.146289 156457 0.0888489 0.275482
0.003375 2353.27 0.0323353 156458 -0.0496828 0.227063
0.001385 2163.02 0.113229 156457 0.0788195 0.246569
0.006865 330.03 0.232918 156458 0.0384161 1.64498
0.004085 1796.17 0.0467027 156458 -0.0679747 0.297294
0.000445 1951.47 0.143726 156457 0.0891911 0.272895
0.000265 1933.69 0.146189 156457 0.0888684 0.27538
0.004915 473.466 0.206704 156458 0.0919146 1.1379
0.003385 2351.12 0.0319759 156458 -0.0499377 0.227269
0.006875 329.993 0.232918 156458 0.037969 1.64517
0.001395 2165.93 0.112792 156457 0.0785084 0.246244
0.004095 1781.82 0.0475627 156458 -0.065075 0.29969
0.000455 1952.72 0.143552 156457 0.089204 0.272722
0.000275 1934.44 0.146085 156457 0.0888881 0.275274
0.004925 466.765 0.207822 156458 0.0930975 1.15447
0.003395 2348.97 0.0316158 156458 -0.0501838 0.227474
0.006885 329.944 0.232918 156458 0.0374795 1.64541
0.001405 2168.84 0.112354 156457 0.0781918 0.245919
0.004105 1767.3 0.0484476 156440 -0.0821534 0.302118
0.000285 1935.22 0.145978 156457 0.0889078 0.275164
0.000465 1954 0.143375 156457 0.089216 0.272546
0.004935 460.237 0.208908 156458 0.0942876 1.17108
0.003405 2346.84 0.0312549 156458 -0.0504212 0.227678
0.006895 330.001 0.232918 156458 0.036994 1.64513
0.001415 2171.75 0.111915 156457 0.0778698 0.245595
0.004115 1745.45 0.0505447 156458 -0.0983186 0.305935
0.000295 1936.03 0.145866 156457 0.0889276 0.275051
0.000475 1955.3 0.143193 156457 0.089227 0.272366
0.006905 330.049 0.232918 156458 0.0365604 1.64489
0.005595 332.164 0.232604 156458 0.0970458 1.6339
0.004945 453.885 0.209962 156458 0.0954471 1.18771
0.003415 2344.72 0.0308932 156458 -0.0506503 0.227882
0.000485 1956.63 0.143008 156457 0.0892369 0.272183
0.004125 1723.37 0.0526736 156458 -0.0944479 0.309854
0.000305 1936.86 0.145751 156457 0.0889474 0.274933
0.001425 2174.67 0.111475 156457 0.0775423 0.245272
0.006915 330.089 0.232918 156458 0.0360991 1.64469
0.004955 447.705 0.210984 156458 0.0965181 1.20434
0.005605 332.063 0.23263 156458 0.0966378 1.63443
0.003425 2342.6 0.0305308 156458 -0.050871 0.228085
0.000495 1957.99 0.142819 156457 0.0892458 0.271996
0.004135 1701.27 0.054806 156458 -0.0917523 0.313879
0.000315 1937.72 0.145631 156457 0.088967 0.274812
0.001435 2177.59 0.111033 156457 0.0772092 0.244949
0.006925 330.119 0.232918 156458 0.0356388 1.64454
0.004965 441.683 0.211975 156459 0.0975245 1.22101
0.003435 2340.5 0.0301675 156458 -0.0510836 0.228288
0.005615 331.963 0.232654 156458 0.0962296 1.63496
0.000505 1959.37 0.142627 156457 0.0892536 0.271806
0.004145 1679.16 0.0569418 156458 -0.0889681 0.318013
0.007125 330.415 0.232918 156458 0.0260437 1.64307
0.000735 1998.22 0.137179 156457 0.0889841 0.266581
0.004155 1657.03 0.0590808 156458 -0.0861697 0.322261
0.002025 2344.74 0.0842371 156457 0.0472281 0.227804
0.007135 330.479 0.232918 156458 0.0255138 1.64275
0.000745 2000.2 0.136899 156457 0.088947 0.266321
0.004525 914.047 0.140326 156463 0.0189277 0.585401
0.005845 331.861 0.232887 156458 0.0860768 1.63583
0.001765 2273.8 0.0960633 156457 0.0630383 0.234774
0.004535 899.142 0.142459 156459 0.0208944 0.595159
0.005855 331.871 0.23289 156458 0.0856128 1.63578
0.003785 2182.13 0.0257278 156458 -0.0752609 0.244766
0.005865 331.873 0.232893 156458 0.0851501 1.63578
0.004545 884.376 0.144576 156459 0.0233669 0.60517
0.001775 2276.64 0.0956045 156457 0.0625096 0.234486
0.003795 2174.34 0.0259167 156458 -0.0748602 0.24564
0.005875 331.866 0.232895 156458 0.0846777 1.63582
0.004555 869.712 0.146677 156459 0.0257169 0.615451
0.001785 2279.49 0.0951458 156457 0.0619748 0.2342
0.003805 2166.57 0.0261038 156458 -0.0744408 0.246519
0.005885 331.849 0.232897 156458 0.0842274 1.63591
0.004565 855.143 0.148761 156459 0.027997 0.626018
0.004395 1146.35 0.111656 156459 -0.0181214 0.466198
0.001795 2282.32 0.0946872 156457 0.0614338 0.233914
0.003815 2158.82 0.026289 156458 -0.0740023 0.247401
0.005895 331.824 0.232899 156458 0.083771 1.63603
0.004575 840.665 0.150828 156459 0.0302377 0.636885
0.006155 330.645 0.232917 156458 0.0717771 1.64192
0.001805 2285.15 0.0942287 156457 0.0608867 0.233631
0.004405 1128.14 0.113913 156459 -0.0154906 0.473756
0.003825 2151.11 0.0264724 156458 -0.0735445 0.248286
0.004585 826.278 0.152876 156459 0.0324734 0.648064
0.005905 331.79 0.232901 156458 0.0833134 1.63621
0.001815 2287.96 0.0937704 156457 0.0603334 0.233349
0.006165 330.614 0.232917 156458 0.0713037 1.64207
0.004415 1109.98 0.116164 156459 -0.0128631 0.481546
0.003835 2143.42 0.0266539 156458 -0.0730672 0.249174
0.005915 331.746 0.232903 156458 0.0828548 1.63643
0.004595 811.984 0.154906 156459 0.0347258 0.659566
0.003175 2397.31 0.0394105 156458 -0.042551 0.222937
0.001825 2290.77 0.0933124 156457 0.0597739 0.233068
0.005155 369.461 0.225227 156458 0.106548 1.46442
0.001835 2293.57 0.0928545 156457 0.0592081 0.232789
0.006435 329.995 0.232917 156458 0.0584277 1.64516
0.001445 2180.51 0.110591 156457 0.0768707 0.244626
0.005165 367.077 0.225669 156458 0.106724 1.47414
0.001845 2296.36 0.092397 156457 0.058636 0.232511
0.006935 330.139 0.232918 156458 0.0351851 1.64444
0.006445 330.036 0.232917 156458 0.0579375 1.64496
0.001455 2183.44 0.110147 156457 0.0765266 0.244304
0.005175 364.785 0.226091 156458 0.106899 1.4836
0.001855 2299.14 0.0919397 156457 0.0580576 0.232235
0.006455 330.069 0.232917 156458 0.0575013 1.64479
0.006945 330.15 0.232918 156458 0.0347079 1.64439
0.001465 2186.37 0.109703 156457 0.076177 0.243983
0.005185 362.586 0.226492 156458 0.107059 1.49279
0.001865 2301.92 0.0914827 156457 0.0574728 0.231961
0.006465 330.093 0.232917 156458 0.0570413 1.64467
0.004975 436.545 0.212933 156458 0.098264 1.23562
0.006955 330.15 0.232918 156458 0.0342421 1.64438
0.001475 2189.3 0.109257 156457 0.0758218 0.243662
0.005195 360.476 0.226874 156458 0.10717 1.50172
0.001875 2304.68 0.0910261 156457 0.0568817 0.231688
0.006475 330.109 0.232917 156458 0.0565857 1.64459
0.006965 330.14 0.232918 156458 0.0337647 1.64443
0.004985 431.557 0.21386 156458 0.0990069 1.25014
0.001485 2192.23 0.10881 156457 0.075461 0.243342
0.005205 358.444 0.227237 156458 0.107227 1.51042
0.001885 2307.43 0.0905699 156457 0.056284 0.231417
0.006485 330.114 0.232917 156458 0.0561148 1.64456
0.006975 330.12 0.232918 156458 0.0333102 1.64453
0.004995 426.702 0.214755 156458 0.0996734 1.26461
0.001495 2195.17 0.108363 156457 0.0750946 0.243023
0.005215 356.811 0.227581 156458 0.107228 1.51751
0.001895 2310.17 0.0901141 156457 0.05568 0.231148
0.006495 330.11 0.232917 156458 0.0556435 1.64458
0.006985 330.09 0.232918 156458 0.0328681 1.64469
0.005225 355.247 0.227907 156458 0.107201 1.52437
0.001505 2198.1 0.107914 156457 0.0747225 0.242704
0.005005 421.976 0.21562 156458 0.10032 1.27901
0.001905 2312.9 0.0896587 156457 0.0550694 0.23088
0.006995 330.049 0.232918 156458 0.032384 1.64489
0.006505 330.095 0.232918 156458 0.055182 1.64466
0.005235 353.742 0.228217 156458 0.107139 1.53102
0.001515 2201.04 0.107465 156457 0.0743449 0.242386
0.005015 417.381 0.216454 156458 0.100962 1.29333
0.001915 2315.62 0.0892038 156457 0.0544523 0.230614
0.003445 2338.41 0.0298033 156458 -0.0512882 0.22849
0.007005 330.113 0.232918 156458 0.0319026 1.64457
0.006515 330.07 0.232918 156458 0.0547213 1.64478
0.005245 352.294 0.22851 156458 0.107065 1.53749
0.001525 2203.98 0.107015 156457 0.0739616 0.242069
0.005625 331.862 0.232676 156458 0.0958195 1.63548
0.001535 2206.91 0.106564 156457 0.0735727 0.241753
0.005635 331.761 0.232697 156458 0.0954022 1.636
0.001545 2209.85 0.106112 156457 0.0731781 0.241438
0.000515 1960.78 0.14243 156457 0.0892602 0.271613
0.005645 331.658 0.232716 156458 0.0949981 1.63654
0.007145 330.535 0.232918 156458 0.0249832 1.64247
0.001555 2212.79 0.10566 156457 0.0727778 0.241123
0.000525 1962.22 0.14223 156457 0.0892655 0.271416
0.005655 331.55 0.232733 156458 0.0945431 1.6371
0.007155 330.583 0.232918 156459 0.0244517 1.64223
0.001565 2215.72 0.105207 156457 0.0723718 0.24081
0.000535 1963.68 0.142026 156457 0.0892695 0.271216
0.005665 331.569 0.232749 156458 0.0940936 1.63703
0.002035 2347.31 0.0837896 156457 0.0465317 0.227559
0.001575 2218.66 0.104754 156457 0.0719601 0.240497
0.007165 330.624 0.232918 156459 0.0239228 1.64203
0.000545 1965.17 0.141818 156457 0.0892722 0.271013
0.005675 331.585 0.232763 156458 0.0936925 1.63697
0.000755 2002.2 0.136617 156457 0.0889074 0.266058
0.002045 2349.87 0.0833428 156457 0.0458287 0.227316
0.001585 2221.59 0.104299 156457 0.0715427 0.240186
0.000555 1966.68 0.141607 156457 0.0892734 0.270806
0.006175 330.574 0.232917 156458 0.0708304 1.64227
0.007175 330.657 0.232918 156459 0.0233985 1.64187
0.005685 331.597 0.232777 156458 0.0932647 1.63693
0.000765 2004.23 0.136331 156457 0.0888651 0.265793
0.001595 2224.52 0.103845 156457 0.0711197 0.239875
0.002055 2352.41 0.0828969 156457 0.0451192 0.227075
0.000565 1968.22 0.141392 156457 0.0892731 0.270597
0.007185 330.684 0.232918 156459 0.0228807 1.64173
0.004425 1091.85 0.118406 156459 -0.010221 0.489577
0.007195 330.705 0.232918 156459 0.0223698 1.64163
0.005925 331.694 0.232904 156458 0.0823955 1.63669
0.004605 797.787 0.156918 156459 0.0370021 0.6714
0.007205 330.72 0.232918 156459 0.0218733 1.64156
0.004435 1073.77 0.12064 156459 -0.00754513 0.49786
0.005935 331.632 0.232906 156458 0.0819351 1.637
0.003185 2395.09 0.0390599 156458 -0.0430052 0.223141
0.007215 330.728 0.232918 156459 0.021361 1.64151
0.004615 783.694 0.158909 156459 0.0392989 0.683575
0.005025 412.919 0.217258 156458 0.101597 1.30755
0.004445 1055.75 0.122866 156459 -0.00481733 0.506405
0.005945 331.561 0.232907 156458 0.0814735 1.63735
0.007225 330.729 0.232918 156459 0.0208497 1.64151
0.004625 769.708 0.160881 156459 0.0415985 0.696103
0.003195 2392.88 0.0387092 156458 -0.0434489 0.223345
0.003455 2336.33 0.0294383 156458 -0.051485 0.228691
0.005955 331.48 0.232908 156458 0.0810102 1.63775
0.007015 330.17 0.232918 156458 0.0314704 1.64429
0.006525 330.034 0.232918 156458 0.0542546 1.64496
0.005965 331.389 0.232909 156458 0.0805498 1.63821
0.007025 330.218 0.232918 156458 0.0310075 1.64405
0.005255 350.901 0.228788 156458 0.106985 1.54375
0.005975 331.289 0.23291 156458 0.0801105 1.6387
0.006535 329.986 0.232918 156458 0.053807 1.6452
0.007035 330.257 0.232918 156458 0.0305422 1.64385
0.006185 330.525 0.232917 156458 0.0703559 1.64252
0.005985 331.194 0.232911 156458 0.0798952 1.63918
0.005695 331.603 0.232789 156458 0.092812 1.63692
0.000775 2006.27 0.136041 156457 0.0888201 0.265525
0.005995 331.152 0.232911 156458 0.0794113 1.63938
0.002065 2354.93 0.0824518 156457 0.0444032 0.226836
0.005705 331.603 0.2328 156458 0.0923703 1.63694
0.000575 1969.79 0.141173 156457 0.0892713 0.270384
0.006005 331.159 0.232912 156458 0.0787609 1.63935
0.000785 2008.34 0.135748 156457 0.0887722 0.265255
0.007235 330.842 0.232918 156459 0.0204235 1.64095
0.005715 331.597 0.23281 156458 0.0919141 1.63699
0.002075 2357.44 0.0820075 156457 0.0436808 0.226599
0.006015 331.144 0.232912 156458 0.0782429 1.63943
0.000585 1971.38 0.14095 156457 0.0892678 0.270168
0.000795 2010.43 0.135452 156457 0.0887216 0.264983
0.004455 1037.77 0.125083 156459 -0.00202369 0.51522
0.005725 331.585 0.23282 156458 0.0914818 1.63706
0.007245 330.947 0.232918 156459 0.019836 1.64043
0.002085 2359.94 0.081564 156457 0.0429521 0.226364
0.006025 331.12 0.232913 156458 0.0778037 1.63955
0.000595 1973 0.140724 156457 0.0892627 0.269949
0.000805 2012.55 0.135153 156457 0.088668 0.264708
0.005735 331.567 0.232829 156458 0.0910403 1.63717
0.004465 1019.87 0.12729 156459 0.000841176 0.524316
0.005035 408.591 0.218032 156458 0.102215 1.32163
0.007255 331.042 0.232918 156459 0.019343 1.63996
0.002095 2362.42 0.0811215 156457 0.0422171 0.22613
0.006035 331.087 0.232913 156458 0.0773494 1.63972
0.000815 2014.68 0.13485 156457 0.0886115 0.264432
0.000605 1974.64 0.140494 156457 0.0892559 0.269727
0.005745 331.542 0.232837 156458 0.0905932 1.6373
0.004475 1002.03 0.129489 156459 0.00377446 0.533701
0.005045 404.397 0.218778 156458 0.102802 1.33558
0.007265 331.127 0.232918 156459 0.0188529 1.63954
0.002105 2364.88 0.0806798 156457 0.0414758 0.225899
0.006045 331.046 0.232914 156458 0.0768949 1.63992
0.000825 2016.83 0.134545 156457 0.088552 0.264153
0.000615 1976.31 0.14026 156457 0.0892473 0.269502
0.005755 331.508 0.232844 156458 0.0901604 1.63748
0.005055 400.332 0.219495 156458 0.103347 1.34938
0.007275 331.202 0.232918 156459 0.0183726 1.63917
0.002115 2367.33 0.080239 156457 0.0407284 0.225669
0.004635 755.831 0.162833 156459 0.0439645 0.708993
0.003465 2334.26 0.0290724 156458 -0.0516742 0.228891
0.002125 2369.77 0.0797991 156457 0.039975 0.225442
0.006545 329.927 0.232918 156458 0.0533155 1.6455
0.004645 742.066 0.164764 156459 0.0460262 0.722259
0.005265 349.564 0.22905 156458 0.106895 1.54981
0.002135 2372.18 0.0793602 156457 0.0392156 0.225216
0.003475 2332.21 0.0287057 156458 -0.0518559 0.229091
0.006195 330.467 0.232917 156458 0.069877 1.6428
0.006555 329.972 0.232918 156458 0.0528299 1.64527
0.004655 728.411 0.166674 156459 0.0484672 0.73592
0.002145 2374.58 0.0789222 156457 0.0384504 0.224992
0.005275 348.28 0.229299 156458 0.10679 1.55568
0.003485 2330.16 0.028338 156458 -0.0520303 0.229289
0.006055 330.996 0.232914 156458 0.0764419 1.64017
0.006565 330.009 0.232918 156458 0.052397 1.64509
0.006205 330.4 0.232917 156458 0.0694172 1.64314
0.004665 714.864 0.168562 156459 0.0505854 0.74999
0.002155 2376.97 0.0784852 156457 0.0376794 0.224771
0.005285 347.047 0.229533 156458 0.106664 1.56135
0.003495 2328.13 0.0279694 156458 -0.0521975 0.229487
0.000835 2019.01 0.134236 156457 0.0884894 0.263872
0.006575 330.037 0.232918 156458 0.0519361 1.64495
0.006065 330.94 0.232915 156458 0.0759902 1.64045
0.006215 330.322 0.232917 156458 0.0689143 1.64353
0.002165 2379.34 0.0780492 156457 0.0369027 0.224551
0.004675 701.422 0.170428 156459 0.0528094 0.764493
0.005295 345.86 0.229754 156458 0.106514 1.56685
0.003505 2326.11 0.0275999 156458 -0.0523577 0.229684
0.006585 330.056 0.232918 156458 0.0514839 1.64485
0.000845 2021.2 0.133924 156457 0.0884236 0.263589
0.006075 330.877 0.232915 156458 0.0755474 1.64076
0.002175 2381.69 0.0776142 156457 0.0361206 0.224333
0.006225 330.35 0.232917 156458 0.0684115 1.64338
0.000625 1978 0.140023 156457 0.0892369 0.269274
0.005065 396.393 0.220185 156458 0.10384 1.36302
0.006235 330.371 0.232917 156458 0.0679669 1.64328
0.007285 331.268 0.232918 156459 0.0178998 1.63884
0.000635 1979.72 0.139782 156457 0.0892245 0.269043
0.006595 330.065 0.232918 156458 0.0510056 1.64481
0.006245 330.383 0.232917 156458 0.0674852 1.64322
0.004685 688.091 0.172271 156461 0.0553547 0.779451
0.005305 344.715 0.229963 156458 0.106334 1.57219
0.006255 330.385 0.232917 156458 0.0669997 1.64321
0.003515 2324.11 0.0272294 156458 -0.0525109 0.22988
0.004695 676.609 0.174089 156459 0.0569264 0.792805
0.000855 2023.42 0.133608 156457 0.0883546 0.263304
0.006265 330.378 0.232917 156458 0.0665004 1.64325
0.002185 2384.02 0.0771802 156457 0.035333 0.224117
0.006275 330.36 0.232917 156458 0.0660265 1.64334
0.005075 392.57 0.220847 156458 0.104265 1.37653
0.002195 2386.34 0.0767472 156457 0.0345402 0.223904
0.006285 330.332 0.232917 156458 0.0655486 1.64348
0.007295 331.325 0.232918 156459 0.0174337 1.63856
0.002205 2388.64 0.0763153 156457 0.0337422 0.223692
0.005085 388.856 0.221482 156458 0.10467 1.38991
0.006605 330.065 0.232918 156458 0.0505431 1.64481
0.006295 330.295 0.232917 156458 0.0650706 1.64366
0.005315 343.607 0.23016 156458 0.10614 1.5774
0.002215 2390.92 0.0758844 156457 0.0329393 0.223482
0.007305 331.374 0.232918 156459 0.0169732 1.63832
0.005095 385.763 0.22209 156458 0.105018 1.40128
0.006305 330.246 0.232917 156458 0.064591 1.6439
0.006615 330.056 0.232918 156458 0.0500689 1.64485
0.004705 665.295 0.175881 156459 0.0590179 0.806432
0.002225 2393.18 0.0754546 156457 0.0321315 0.223274
0.005325 342.774 0.230344 156458 0.105951 1.58136
0.007315 331.414 0.232918 156459 0.016516 1.63812
0.006315 330.187 0.232917 156458 0.0641338 1.6442
0.005105 382.789 0.222674 156458 0.105377 1.41239
0.006625 330.039 0.232918 156458 0.0496252 1.64494
0.002235 2395.42 0.0750259 156457 0.0313189 0.223068
0.004715 654.137 0.177646 156459 0.0610524 0.820336
0.007325 331.447 0.232918 156459 0.0160736 1.63796
0.005335 341.983 0.230518 156458 0.105764 1.58514
0.006325 330.117 0.232917 156458 0.0636355 1.64455
0.005115 379.925 0.223232 156458 0.105682 1.42326
0.006635 330.015 0.232918 156458 0.049178 1.64506
0.007335 331.472 0.232918 156459 0.0156054 1.63784
0.004725 643.135 0.179383 156459 0.0630491 0.834524
0.005345 341.229 0.230682 156458 0.105553 1.58876
0.000865 2025.66 0.13329 156457 0.0882824 0.263018
0.006335 330.153 0.232917 156458 0.0631424 1.64437
0.006645 329.984 0.232918 156458 0.0487293 1.64521
0.000875 2027.91 0.132969 156457 0.0882068 0.262729
0.007345 331.614 0.232918 156459 0.0151402 1.63714
0.006345 330.181 0.232917 156458 0.0627059 1.64423
0.004735 632.287 0.181093 156459 0.0649952 0.849001
0.000885 2030.19 0.132644 156457 0.0881279 0.262438
0.006655 329.946 0.232918 156458 0.0482946 1.6454
0.006355 330.2 0.232917 156458 0.0622486 1.64413
0.007355 331.749 0.232918 156459 0.0147123 1.63647
0.004745 621.591 0.182774 156459 0.0668891 0.863773
0.005355 340.509 0.230836 156458 0.105323 1.59223
0.000895 2032.49 0.132317 156457 0.0880456 0.262146
0.006665 329.899 0.232918 156458 0.0478021 1.64564
0.006365 330.21 0.232917 156458 0.0617696 1.64408
0.000905 2034.8 0.131986 156457 0.0879597 0.261852
0.004755 611.045 0.184427 156459 0.0687293 0.87885
0.006675 329.955 0.232918 156458 0.0473071 1.64536
0.005365 339.82 0.23098 156458 0.105077 1.59558
0.006375 330.211 0.232917 156458 0.0612967 1.64408
0.000915 2037.13 0.131653 156457 0.0878704 0.261556
0.006685 329.999 0.232918 156458 0.0468545 1.64514
0.004765 600.647 0.186051 156459 0.0705142 0.894237
0.005375 339.158 0.231116 156458 0.104815 1.59879
0.006385 330.202 0.232917 156458 0.0608092 1.64413
0.000925 2039.49 0.131316 156457 0.0877774 0.261259
0.006695 330.031 0.232918 156458 0.0463748 1.64498
0.004775 590.394 0.187645 156459 0.0722419 0.909946
0.005385 338.522 0.231243 156458 0.104539 1.6019
0.006395 330.182 0.232917 156458 0.0603441 1.64423
0.000935 2041.86 0.130977 156457 0.0876808 0.260959
0.006705 330.051 0.232918 156458 0.0459058 1.64488
0.004785 580.282 0.18921 156459 0.0739097 0.925985
0.005395 337.908 0.231362 156458 0.104248 1.60491
0.006715 330.059 0.232918 156458 0.0454225 1.64484
0.000945 2044.25 0.130635 156457 0.0875806 0.260659
0.004795 570.309 0.190745 156459 0.0755148 0.942366
0.005405 337.314 0.231473 156458 0.103943 1.60783
0.000955 2046.65 0.130289 156457 0.0874765 0.260357
0.005415 336.736 0.231578 156458 0.103624 1.61067
0.005425 336.173 0.231675 156458 0.103296 1.61346
0.005435 335.805 0.231766 156458 0.102978 1.61531
