0.006085 334.365 0.232898 164167 0.0614083 1.70359
0.006095 334.343 0.2329 164167 0.0610464 1.70371
0.006105 334.315 0.232901 164167 0.0606707 1.70386
0.006115 334.281 0.232903 164167 0.0602939 1.70404
0.006125 334.24 0.232904 164167 0.0599156 1.70425
0.006135 334.192 0.232906 164167 0.0595365 1.7045
0.006145 334.137 0.232907 164167 0.059156 1.70478
0.006155 334.075 0.232908 164167 0.0587737 1.7051
0.006165 334.007 0.232909 164167 0.0583869 1.70545
0.006175 333.931 0.23291 164167 0.0580148 1.70584
0.006185 333.846 0.23291 164167 0.0576035 1.70628
0.006195 333.852 0.232911 164167 0.05721 1.70625
0.006205 333.85 0.232912 164167 0.0568094 1.70626
0.006215 333.84 0.232912 164167 0.0564022 1.70631
0.006225 333.822 0.232913 164167 0.056001 1.70641
0.006235 333.794 0.232913 164167 0.0555939 1.70655
0.006245 333.757 0.232914 164167 0.055185 1.70674
0.006255 333.711 0.232914 164167 0.0547755 1.70698
0.006265 333.656 0.232914 164167 0.0543646 1.70726
0.006275 333.591 0.232915 164167 0.0539733 1.70759
0.006285 333.517 0.232915 164167 0.0535518 1.70797
0.006295 333.533 0.232915 164167 0.0531371 1.7079
0.006305 333.542 0.232916 164167 0.0527575 1.70785
0.006315 333.544 0.232916 164167 0.0523561 1.70784
0.006325 333.539 0.232916 164167 0.0519454 1.70787
0.006335 333.527 0.232916 164167 0.051554 1.70793
0.006345 333.507 0.232916 164167 0.0511606 1.70803
0.006355 333.479 0.232916 164167 0.0507664 1.70818
0.006365 333.443 0.232917 164167 0.0503724 1.70836
0.006375 333.399 0.232917 164167 0.0499772 1.70859
0.006385 333.345 0.232917 164167 0.0496006 1.70886
0.001285 2177.94 0.112483 164166 0.012386 0.256762
0.006395 333.282 0.232917 164167 0.0491892 1.70919
0.001295 2180.03 0.112133 164166 0.0121207 0.256521
0.006725 333.086 0.232918 164167 0.0364498 1.7102
0.001305 2182.13 0.111782 164166 0.0118517 0.25628
0.003845 2254.9 0.0197877 164167 -0.122556 0.248353
0.001315 2184.23 0.111429 164166 0.0115791 0.256038
0.000645 2062.92 0.130728 164166 0.0225324 0.270765
0.001325 2186.34 0.111074 164166 0.011303 0.255797
0.003855 2245.95 0.0201876 164167 -0.12215 0.249338
0.006405 333.308 0.232917 164167 0.0487845 1.70906
0.000655 2064.29 0.13052 164166 0.0224631 0.270588
0.001335 2188.45 0.110719 164166 0.0110232 0.255556
0.003865 2237.02 0.0205857 164167 -0.121733 0.25033
0.007365 335.164 0.232918 164167 0.0120681 1.69959
0.001345 2190.56 0.110362 164166 0.0107398 0.255315
0.000665 2065.68 0.130309 164166 0.0223915 0.27041
0.006735 333.12 0.232918 164167 0.0360866 1.71002
0.003875 2228.1 0.020982 164167 -0.121305 0.251328
0.006415 333.326 0.232917 164167 0.0484233 1.70896
0.002245 2369.9 0.0747777 164166 -0.028733 0.236388
0.001355 2192.68 0.110003 164166 0.0104527 0.255074
0.000675 2067.08 0.130095 164166 0.0223176 0.27023
0.003885 2219.2 0.0213765 164167 -0.120864 0.252332
0.006425 333.336 0.232917 164167 0.0480338 1.70891
0.005765 335.664 0.232565 164167 0.0732104 1.69647
0.001365 2194.8 0.109643 164166 0.0101621 0.254833
0.000685 2068.5 0.129878 164166 0.0222414 0.270048
0.007045 333.384 0.232918 164167 0.0241734 1.70867
0.003895 2210.32 0.0217689 164167 -0.120413 0.253342
0.006435 333.338 0.232917 164167 0.0476423 1.7089
0.006745 333.146 0.232918 164167 0.0357012 1.70989
0.007375 335.305 0.232918 164167 0.0116897 1.69888
0.001375 2196.92 0.109282 164166 0.00986779 0.254592
0.005775 335.613 0.232593 164167 0.072887 1.69677
0.000695 2069.94 0.129659 164166 0.0221629 0.269864
0.003905 2201.46 0.0221595 164167 -0.119949 0.254358
0.006445 333.332 0.232917 164167 0.0472457 1.70893
0.007055 333.445 0.232918 164167 0.0238104 1.70835
0.002255 2371.53 0.0743652 164166 -0.0293011 0.236228
0.000965 2114.56 0.122748 164166 0.0190401 0.264289
0.001385 2199.04 0.108919 164166 0.00956987 0.254352
0.000705 2071.4 0.129437 164166 0.0220819 0.269678
0.003915 2192.62 0.0225479 164167 -0.119474 0.25538
0.002885 2429.17 0.0483318 164166 -0.0665095 0.230712
0.005785 335.562 0.232619 164167 0.0725482 1.69706
0.006455 333.318 0.232917 164167 0.0468701 1.70901
0.007065 333.497 0.232918 164167 0.0234227 1.70809
0.006755 333.163 0.232918 164167 0.0353192 1.7098
0.001395 2201.17 0.108555 164166 0.00926831 0.254111
0.000715 2072.87 0.129212 164166 0.0219985 0.26949
0.003925 2183.8 0.0229343 164167 -0.118987 0.256408
0.007385 335.437 0.232918 164167 0.0112978 1.69821
0.002265 2373.16 0.0739525 164166 -0.0298712 0.23607
0.006465 333.296 0.232917 164167 0.0464946 1.70912
0.005795 335.511 0.232642 164167 0.0722058 1.69735
0.007075 333.54 0.232918 164167 0.0230355 1.70787
0.001405 2203.3 0.10819 164166 0.00896311 0.253871
0.000725 2074.36 0.128984 164166 0.0219127 0.269301
0.000975 2116.39 0.122458 164166 0.0188837 0.264064
0.003935 2175 0.0233185 164167 -0.118488 0.257442
0.002565 2415.97 0.0615667 164166 -0.0476383 0.23195
0.002895 2428.76 0.0479154 164166 -0.0670266 0.230751
0.006475 333.268 0.232917 164167 0.0461224 1.70926
0.005805 335.459 0.232665 164167 0.0718593 1.69764
0.007085 333.574 0.232918 164167 0.0226484 1.7077
0.006765 333.17 0.232918 164167 0.0349186 1.70977
0.001415 2205.43 0.107823 164166 0.00865427 0.253631
0.001605 2246.02 0.100646 164166 0.0020971 0.249149
0.000735 2075.87 0.128754 164166 0.0218243 0.26911
0.007395 335.559 0.232918 164167 0.0109077 1.69759
0.002275 2374.77 0.0735399 164166 -0.030443 0.235913
0.003945 2166.22 0.0237006 164167 -0.117977 0.258482
0.002575 2417.2 0.061154 164166 -0.0482489 0.231834
0.006485 333.234 0.232917 164167 0.0457494 1.70944
0.005815 335.406 0.232685 164167 0.0715099 1.69794
0.007095 333.598 0.232918 164167 0.0222633 1.70757
0.000985 2118.24 0.122166 164166 0.0187242 0.263838
0.001425 2207.57 0.107456 164166 0.00834179 0.253392
0.002905 2428.35 0.0474988 164166 -0.067538 0.23079
0.000745 2077.39 0.128521 164166 0.0217335 0.268916
0.006775 333.167 0.232918 164167 0.0345232 1.70978
0.003955 2157.47 0.0240804 164167 -0.117454 0.259527
0.006495 333.193 0.232917 164167 0.0453895 1.70965
0.002585 2418.41 0.0607412 164166 -0.0488607 0.231719
0.005825 335.352 0.232704 164167 0.0711575 1.69824
0.007105 333.614 0.232918 164167 0.0218847 1.70749
0.001435 2209.7 0.107087 164166 0.00802567 0.253152
0.007405 335.671 0.232918 164167 0.0105202 1.69703
0.002285 2376.36 0.0731271 164166 -0.0310166 0.235757
0.001615 2248.14 0.100258 164166 0.00171602 0.248919
0.000755 2078.93 0.128285 164166 0.0216401 0.268722
0.003965 2148.74 0.0244578 164167 -0.116919 0.260579
0.006505 333.144 0.232917 164167 0.044983 1.7099
0.002595 2419.6 0.0603285 164166 -0.0494737 0.231606
0.005835 335.294 0.232721 164167 0.0708022 1.69856
0.000995 2120.11 0.121872 164166 0.0185614 0.263612
0.001445 2211.84 0.106717 164166 0.00770591 0.252913
0.007115 333.621 0.232918 164167 0.0214892 1.70746
0.002915 2427.93 0.0470819 164166 -0.0680436 0.23083
0.006785 333.155 0.232918 164167 0.0341317 1.70984
0.003975 2140.04 0.024833 164167 -0.116372 0.261635
0.000765 2080.48 0.128046 164166 0.0215441 0.268525
0.006515 333.182 0.232917 164167 0.0445773 1.7097
0.002605 2420.79 0.0599158 164166 -0.0500879 0.231494
0.005845 335.234 0.232738 164167 0.0704413 1.69889
0.007415 335.775 0.232918 164167 0.0101359 1.6965
0.001455 2213.97 0.106345 164166 0.00738252 0.252675
0.007125 333.619 0.232918 164167 0.0211061 1.70746
0.002295 2377.95 0.0727144 164166 -0.031592 0.235602
0.001625 2250.27 0.0998699 164166 0.00133139 0.248689
0.003985 2131.36 0.0252057 164167 -0.115814 0.262698
0.000775 2082.05 0.127805 164166 0.0214455 0.268327
0.006525 333.211 0.232917 164167 0.0442045 1.70956
0.002615 2421.95 0.059503 164166 -0.0507033 0.231384
0.005855 335.168 0.232752 164167 0.0700934 1.69925
0.001005 2121.98 0.121575 164166 0.0183955 0.263384
0.001465 2216.11 0.105973 164166 0.00705549 0.252436
0.007135 333.61 0.232918 164167 0.020724 1.70751
0.002925 2427.5 0.0466647 164166 -0.0685434 0.23087
5e-06 2017.2 0.137567 164166 0.0239232 0.276779
0.006795 333.133 0.232918 164167 0.0337464 1.70995
0.003995 2122.71 0.025576 164167 -0.115243 0.263765
0.000785 2083.64 0.127561 164166 0.0213443 0.268127
0.006535 333.228 0.232917 164167 0.0438112 1.70947
0.002625 2423.11 0.0590903 164166 -0.05132 0.231275
0.005865 335.098 0.232766 164167 0.0697043 1.69963
0.007425 335.871 0.232918 164167 0.00975425 1.69601
0.001475 2218.25 0.105599 164166 0.00672482 0.252198
0.007145 333.693 0.232918 164167 0.0203259 1.70708
0.002305 2379.53 0.0723016 164166 -0.032169 0.235449
0.001635 2252.39 0.0994806 164166 0.000943226 0.24846
1.5e-05 2017.22 0.137564 164166 0.023921 0.276776
0.004005 2114.09 0.0259439 164167 -0.114659 0.264838
0.001015 2123.86 0.121277 164166 0.0182264 0.263156
0.000795 2085.24 0.127315 164166 0.0212404 0.267926
0.006545 333.235 0.232917 164167 0.0434062 1.70943
0.005875 335.129 0.232779 164167 0.0693197 1.69949
0.002635 2424.25 0.0586776 164166 -0.0519379 0.231167
0.001485 2220.39 0.105224 164166 0.00639052 0.251961
0.007155 333.771 0.232918 164167 0.0199721 1.70669
0.002935 2427.06 0.0462473 164166 -0.0690373 0.230912
0.006805 333.102 0.232918 164167 0.0333755 1.71012
2.5e-05 2017.27 0.137557 164166 0.0239191 0.276769
0.003525 2402.28 0.0206642 164166 -0.0862321 0.233212
0.004015 2105.49 0.0263091 164167 -0.114063 0.265916
0.007435 335.96 0.232918 164167 0.00937388 1.69557
0.000805 2086.85 0.127066 164166 0.0211338 0.267723
0.006555 333.231 0.232917 164167 0.0430068 1.70945
0.005885 335.157 0.23279 164167 0.0689765 1.69936
0.002645 2425.38 0.0582649 164166 -0.0525572 0.231061
0.001495 2222.53 0.104848 164166 0.00605258 0.251724
0.001645 2254.51 0.0990905 164166 0.000551537 0.248231
0.002315 2381.09 0.0718887 164166 -0.0327477 0.235297
0.007165 333.841 0.232918 164167 0.0195947 1.70633
3.5e-05 2017.34 0.137547 164166 0.0239174 0.27676
0.001025 2125.75 0.120976 164166 0.0180541 0.262926
0.002945 2426.62 0.0458295 164166 -0.0695251 0.230954
0.004025 2096.93 0.0266718 164167 -0.113455 0.267
0.006815 333.061 0.232918 164167 0.0329712 1.71033
0.000815 2088.48 0.126815 164166 0.0210245 0.267518
0.006565 333.218 0.232917 164167 0.0426178 1.70952
0.005895 335.18 0.232801 164167 0.0686054 1.69927
0.001505 2224.67 0.104471 164166 0.00571103 0.251487
0.002655 2426.49 0.0578522 164166 -0.0531776 0.230956
0.007175 333.905 0.232918 164167 0.0192182 1.706
4.5e-05 2017.43 0.137534 164166 0.0239158 0.276748
0.007445 336.041 0.232918 164167 0.00900174 1.69516
0.003535 2402.1 0.0202061 164166 -0.0863988 0.233228
0.004035 2088.4 0.0270319 164167 -0.112852 0.268088
0.001655 2256.62 0.0986996 164166 0.000156333 0.248004
0.002325 2382.64 0.0714759 164166 -0.0333279 0.235147
0.000825 2090.12 0.126561 164166 0.0209125 0.267312
0.006575 333.195 0.232917 164167 0.0422336 1.70964
0.005905 335.196 0.232811 164167 0.0682353 1.6992
0.001035 2127.66 0.120673 164166 0.0178785 0.262696
0.001515 2226.81 0.104093 164166 0.00536585 0.251251
0.007185 333.962 0.232918 164167 0.0188407 1.70571
0.002665 2427.59 0.0574394 164166 -0.0537994 0.230852
5.5e-05 2017.54 0.137517 164166 0.0239144 0.276733
0.002955 2426.17 0.0454115 164166 -0.070007 0.230996
0.006825 333.108 0.232918 164167 0.0325699 1.71009
0.004045 2079.9 0.0273893 164167 -0.111704 0.269181
0.000835 2091.78 0.126304 164166 0.0207976 0.267105
0.006585 333.163 0.232917 164167 0.0418458 1.7098
0.005915 335.205 0.23282 164167 0.0678571 1.69917
0.007455 336.115 0.232918 164167 0.00861493 1.69479
0.001525 2228.95 0.103714 164166 0.00501705 0.251015
0.007195 334.011 0.232918 164167 0.0184627 1.70546
6.5e-05 2017.68 0.137497 164166 0.023913 0.276714
0.003545 2401.92 0.0197472 164166 -0.0865703 0.233243
0.001665 2258.73 0.0983079 164166 -0.000242375 0.247777
0.002675 2428.67 0.0570267 164166 -0.0544223 0.23075
0.002335 2384.17 0.071063 164166 -0.0339097 0.234998
0.004055 2071.16 0.027765 164146 -0.12438 0.270282
0.001045 2129.57 0.120368 164166 0.0176997 0.262465
0.006595 333.122 0.232917 164167 0.0414753 1.71001
0.000845 2093.45 0.126045 164166 0.02068 0.266896
0.005925 335.208 0.232828 164167 0.0674735 1.69917
0.001535 2231.08 0.103334 164166 0.00466463 0.25078
0.002965 2425.71 0.0449931 164166 -0.0704828 0.231039
0.007205 334.053 0.232918 164167 0.0180842 1.70524
7.5e-05 2017.84 0.137473 164166 0.0239116 0.276693
0.006835 333.147 0.232918 164167 0.032211 1.70988
0.007465 336.289 0.232918 164167 0.00823032 1.69391
0.002685 2429.74 0.0566139 164166 -0.0550502 0.230649
0.004065 2055.4 0.0288436 164167 -0.136582 0.272384
0.003555 2401.76 0.0192877 164166 -0.0867432 0.233257
0.006605 333.071 0.232917 164167 0.0410691 1.71027
0.005935 335.203 0.232836 164167 0.0670855 1.69921
0.001545 2233.22 0.102953 164166 0.00430861 0.250545
0.000855 2095.14 0.125783 164166 0.0205595 0.266686
0.007215 334.088 0.232918 164167 0.0177056 1.70507
0.001675 2260.84 0.0979154 164166 -0.000644575 0.247551
0.002345 2385.7 0.0706501 164166 -0.034493 0.23485
8.5e-05 2018.02 0.137447 164166 0.0239101 0.276669
0.002695 2430.77 0.0562013 164164 -0.0556811 0.23055
0.001055 2131.49 0.120061 164166 0.0175176 0.262234
0.004075 2039.36 0.0299417 164167 -0.134717 0.274522
0.002975 2425.25 0.0445744 164166 -0.0709524 0.231083
0.006845 333.179 0.232918 164167 0.0318303 1.70972
0.007475 336.456 0.232918 164167 0.00786202 1.69307
0.006615 333.108 0.232917 164167 0.0406691 1.71009
0.005945 335.19 0.232843 164167 0.0667132 1.69929
0.000865 2096.84 0.125519 164166 0.0204362 0.266474
0.007225 334.116 0.232918 164167 0.0173266 1.70492
0.001555 2235.36 0.102571 164166 0.00394899 0.250311
0.003565 2401.61 0.0188276 164166 -0.0866566 0.233269
9.5e-05 2018.22 0.137416 164166 0.0239086 0.276641
0.002705 2431.16 0.0557884 164166 -0.0562842 0.230516
0.004085 2023.33 0.0310383 164167 -0.133427 0.276695
0.001685 2262.95 0.0975222 164166 -0.00105026 0.247326
0.002355 2387.21 0.0702372 164166 -0.0350777 0.234704
0.006625 333.137 0.232917 164167 0.0403102 1.70993
0.005955 335.171 0.232849 164167 0.0663378 1.6994
0.001065 2133.43 0.119752 164166 0.0173321 0.262001
0.000875 2098.55 0.125253 164166 0.02031 0.266261
0.007235 334.136 0.232918 164167 0.0169551 1.70482
0.001565 2237.49 0.102188 164166 0.00358577 0.250077
0.002985 2424.78 0.0441553 164166 -0.0714157 0.231127
0.000105 2018.45 0.137383 164166 0.023907 0.276611
0.002715 2431.51 0.0553755 164166 -0.0568894 0.230484
0.004095 2007.29 0.0321333 164167 -0.132094 0.278902
0.006855 333.203 0.232918 164167 0.0314509 1.7096
0.007485 336.617 0.232918 164167 0.00748362 1.69226
0.006635 333.159 0.232917 164167 0.0399306 1.70982
0.005965 335.145 0.232855 164167 0.0659614 1.69954
0.003575 2401.25 0.0183833 164152 -0.096838 0.233283
0.007245 334.149 0.232918 164167 0.0165629 1.70476
0.000885 2100.28 0.124984 164166 0.0201808 0.266047
0.001575 2239.63 0.101804 164166 0.00321897 0.249844
0.002365 2388.71 0.0698243 164166 -0.0356638 0.234559
0.000115 2018.7 0.137346 164166 0.0239053 0.276577
0.004105 1991.26 0.0332265 164167 -0.13074 0.281144
0.001695 2265.05 0.0971283 164166 -0.0014594 0.247101
0.002725 2431.85 0.0549625 164166 -0.0574946 0.230453
0.001075 2135.37 0.119441 164166 0.0171434 0.261768
0.006645 333.173 0.232917 164167 0.0395562 1.70975
0.005975 335.111 0.232861 164167 0.0655846 1.69972
0.002995 2424.31 0.043736 164166 -0.0718728 0.231171
0.000895 2102.02 0.124713 164166 0.0200488 0.265831
0.007255 334.258 0.232918 164167 0.0161708 1.7042
0.001585 2241.76 0.101419 164166 0.00284858 0.249612
0.006865 333.219 0.232918 164167 0.0310768 1.70951
0.007495 336.77 0.232918 164167 0.00710496 1.69149
0.000125 2018.97 0.137306 164166 0.0239033 0.27654
0.004115 1975.23 0.0343178 164167 -0.129363 0.283422
0.002735 2432.16 0.0545496 164165 -0.0581014 0.230423
0.003585 2396.7 0.0183535 164167 -0.106927 0.233741
0.006655 333.18 0.232917 164167 0.0391632 1.70971
0.005985 335.07 0.232866 164167 0.0652079 1.69994
0.007265 334.36 0.232918 164167 0.0158125 1.70368
0.000905 2103.78 0.124439 164166 0.0199137 0.265614
0.001595 2243.89 0.101033 164166 0.00247462 0.24938
0.002375 2390.2 0.0694113 164166 -0.0362512 0.234415
0.001705 2267.15 0.0967337 164166 -0.001872 0.246878
0.000135 2019.27 0.137262 164166 0.0239012 0.276501
0.004125 1959.21 0.0354072 164167 -0.127961 0.285738
0.002745 2432.16 0.0541364 164166 -0.0586929 0.230424
0.001085 2137.32 0.119128 164166 0.0169513 0.261534
0.003005 2423.84 0.0433162 164166 -0.0723236 0.231216
0.007275 334.456 0.232918 164167 0.0154358 1.70319
0.005995 335.023 0.232871 164167 0.0648312 1.70019
0.006665 333.178 0.232917 164167 0.0387765 1.70972
0.000915 2105.54 0.124163 164166 0.0197757 0.265396
0.000325 2029.12 0.135802 164166 0.0237612 0.275183
0.000925 2107.32 0.123884 164166 0.0196347 0.265177
0.005445 351.416 0.229212 164167 0.0806277 1.61762
0.000935 2109.11 0.123604 164166 0.0194907 0.264956
0.000335 2029.86 0.135692 164166 0.0237458 0.275085
0.004165 1895.21 0.0397418 164167 -0.122082 0.295379
0.000945 2110.91 0.123321 164166 0.0193436 0.264735
0.005455 350.313 0.229446 164167 0.0805848 1.62287
0.000345 2030.62 0.135579 164166 0.0237292 0.274984
0.000955 2112.73 0.123035 164166 0.0191934 0.264512
0.004175 1879.24 0.040819 164167 -0.120537 0.297887
0.000355 2031.41 0.135463 164166 0.0237115 0.27488
0.005465 349.262 0.229667 164167 0.0805181 1.62791
0.004805 754.358 0.163983 164168 0.0137333 0.745103
0.004485 1310.91 0.0932378 164168 -0.0771717 0.427252
0.004815 741.557 0.165904 164168 0.0159544 0.758094
0.005125 451.569 0.211167 164167 0.0682853 1.25265
0.004825 728.917 0.1678 164168 0.0185442 0.771376
0.003205 2413.9 0.0348331 164166 -0.0798882 0.232148
0.004835 716.438 0.169669 164168 0.020809 0.784952
0.004495 1289.93 0.0955928 164168 -0.0741694 0.434223
0.001925 2311.93 0.0879056 164166 -0.0117906 0.242198
0.004845 704.117 0.171511 164168 0.023098 0.798831
0.005135 445.998 0.212135 164167 0.0691774 1.26855
0.007505 336.917 0.232918 164167 0.00672525 1.69075
0.004855 691.955 0.173327 164168 0.0253317 0.813021
0.004505 1268.98 0.0979428 164168 -0.0711665 0.441418
0.001715 2269.24 0.0963384 164166 -0.00228804 0.246655
0.007515 337.056 0.232918 164167 0.0063448 1.69006
0.003215 2413.41 0.0344035 164166 -0.080187 0.232194
0.004865 679.949 0.175115 164168 0.0275144 0.827532
0.005145 440.576 0.213072 164167 0.0700542 1.28441
0.001935 2313.88 0.0874991 164166 -0.0122779 0.241997
0.007525 337.187 0.232918 164167 0.00596364 1.6894
0.001725 2271.33 0.0959424 164166 -0.00270751 0.246433
0.004875 668.097 0.176876 164168 0.0296431 0.842371
0.004515 1248.04 0.100288 164168 -0.0681624 0.448851
0.007535 337.311 0.232918 164167 0.00558182 1.68878
0.001735 2273.41 0.0955457 164166 -0.00313039 0.246212
0.006875 333.227 0.232918 164167 0.0306815 1.70947
0.004885 656.397 0.178609 164168 0.0317164 0.85755
0.003225 2412.92 0.0339732 164166 -0.0804775 0.232239
0.005155 435.304 0.213979 164167 0.0709037 1.30022
0.007545 337.427 0.232918 164167 0.00519938 1.6882
0.001945 2315.83 0.0870922 164166 -0.0127683 0.241797
0.001745 2275.49 0.0951484 164166 -0.00355666 0.245992
0.006885 333.226 0.232918 164167 0.0302959 1.70948
0.004895 644.847 0.180314 164168 0.0337323 0.873079
0.004525 1227.11 0.102627 164168 -0.0651565 0.456533
0.007555 337.535 0.232918 164167 0.00481639 1.68766
0.001755 2277.57 0.0947505 164166 -0.00398632 0.245773
0.006895 333.217 0.232918 164167 0.0299033 1.70952
0.003235 2412.45 0.0335423 164166 -0.0807597 0.232283
0.004905 633.443 0.181991 164168 0.0356894 0.888971
0.007565 337.635 0.232918 164167 0.00443288 1.68716
0.001765 2279.64 0.094352 164166 -0.00441934 0.245554
0.006905 333.2 0.232918 164167 0.0295246 1.70961
0.005165 430.18 0.214856 164167 0.0717144 1.31597
0.001955 2317.77 0.086685 164166 -0.0132616 0.241599
0.004915 622.182 0.18364 164168 0.0375891 0.90524
0.007575 337.727 0.232918 164167 0.00404892 1.68669
0.001775 2281.7 0.0939529 164166 -0.00485571 0.245337
0.004535 1206.21 0.10496 164168 -0.0621485 0.464476
0.006915 333.173 0.232918 164167 0.0291566 1.70975
0.003245 2411.97 0.0331107 164166 -0.0810336 0.232328
0.004925 611.06 0.18526 164168 0.0394824 0.921901
0.007585 337.811 0.232918 164167 0.00366454 1.68628
0.001785 2283.76 0.0935532 164166 -0.00529541 0.245121
0.005175 425.2 0.215704 164167 0.0724777 1.33163
0.006925 333.137 0.232918 164167 0.0287549 1.70993
0.001965 2319.71 0.0862774 164166 -0.0137579 0.241402
0.004935 600.078 0.186851 164169 0.0415692 0.93897
0.007595 337.887 0.232918 164167 0.00327982 1.6859
0.001795 2285.81 0.093153 164166 -0.00573842 0.244905
0.006935 333.191 0.232918 164167 0.0283542 1.70966
0.004545 1185.32 0.107286 164168 -0.0591363 0.472694
0.003255 2411.5 0.0326783 164166 -0.0812992 0.232371
0.007605 337.954 0.232918 164167 0.00289479 1.68556
0.001805 2287.86 0.0927522 164166 -0.00618473 0.244691
0.006945 333.237 0.232918 164167 0.0279958 1.70942
0.004945 590.538 0.188412 164168 0.0429878 0.954323
0.005185 420.358 0.216523 164167 0.0731886 1.34722
0.007615 338.014 0.232918 164167 0.00250953 1.68527
0.001815 2289.9 0.0923509 164166 -0.00663432 0.244477
0.001975 2321.63 0.0858696 164166 -0.0142571 0.241206
0.006955 333.275 0.232918 164167 0.0276154 1.70923
0.004955 581.178 0.189942 164168 0.0447438 0.96989
0.004555 1164.45 0.109606 164168 -0.0561234 0.481203
0.003265 2411.04 0.0322453 164166 -0.0815564 0.232414
0.007625 338.064 0.232918 164167 0.00212412 1.68501
0.001825 2291.94 0.091949 164166 -0.00708717 0.244265
0.006965 333.306 0.232918 164167 0.027237 1.70907
0.004965 571.993 0.191441 164168 0.0464498 0.985667
0.000145 2019.58 0.137215 164166 0.0238987 0.276458
0.005195 415.649 0.217313 164167 0.0738442 1.36274
0.007635 338.107 0.232918 164167 0.00173867 1.6848
0.006975 333.329 0.232918 164167 0.0268593 1.70895
0.001835 2293.97 0.0915467 164166 -0.00754326 0.244053
0.004975 562.981 0.192908 164168 0.0481203 1.00165
0.001985 2323.55 0.0854614 164166 -0.0147593 0.241011
0.007645 338.141 0.232918 164167 0.00135353 1.68463
0.006985 333.345 0.232918 164167 0.0264862 1.70887
0.003275 2410.58 0.0318114 164166 -0.0818052 0.232457
0.004565 1143.59 0.111919 164168 -0.0529023 0.490018
0.001845 2295.99 0.0911439 164166 -0.00800257 0.243843
0.004985 554.141 0.194344 164167 0.049746 1.01784
0.007655 338.166 0.232918 164167 0.000968942 1.6845
0.005205 411.067 0.218076 164167 0.0744944 1.37819
0.006995 333.354 0.232918 164167 0.026106 1.70882
0.000155 2019.92 0.137165 164166 0.023896 0.276412
0.001995 2325.46 0.085053 164166 -0.0152643 0.240817
0.001855 2298.01 0.0907406 164166 -0.00846509 0.243633
0.004995 545.473 0.195749 164167 0.051327 1.03423
0.007665 338.183 0.232918 164167 0.000591475 1.68442
0.007005 333.356 0.232918 164167 0.0257226 1.70881
0.003285 2410.13 0.0313768 164166 -0.0820459 0.232498
0.004575 1122.8 0.114224 164174 -0.0496971 0.499152
0.001865 2300.02 0.0903369 164166 -0.00893078 0.243425
0.005005 536.976 0.197123 164167 0.0528651 1.05081
0.007675 338.192 0.232918 164167 0.000193134 1.68438
0.007015 333.351 0.232918 164167 0.0253336 1.70884
0.005215 407.146 0.218809 164167 0.0750571 1.39171
0.001875 2302.02 0.0899327 164166 -0.00939964 0.243218
0.002005 2327.35 0.0846442 164166 -0.0157721 0.240625
0.000165 2020.29 0.137111 164166 0.0238929 0.276364
0.004135 1943.2 0.0364944 164167 -0.126533 0.28809
0.007285 334.546 0.232918 164167 0.0150611 1.70274
0.000175 2020.67 0.137054 164166 0.0238894 0.276312
0.006675 333.168 0.232917 164167 0.0383906 1.70977
0.004145 1927.19 0.0375793 164167 -0.125078 0.290481
0.006005 334.968 0.232875 164167 0.0644544 1.70048
0.000185 2021.08 0.136994 164166 0.0238854 0.276257
0.007295 334.628 0.232918 164167 0.0146879 1.70231
0.004155 1911.19 0.0386618 164167 -0.123595 0.29291
0.006685 333.15 0.232917 164167 0.0380121 1.70987
0.000195 2021.51 0.136931 164166 0.023881 0.2762
0.006015 334.907 0.232879 164167 0.0640776 1.7008
0.007305 334.706 0.232918 164167 0.0143176 1.70192
0.006695 333.124 0.232917 164167 0.0376275 1.71
0.002755 2432.14 0.053723 164166 -0.059281 0.230427
0.003595 2391.95 0.0183384 164166 -0.106635 0.234202
0.002765 2432.11 0.0533095 164166 -0.0598662 0.230431
0.002385 2391.67 0.0689984 164166 -0.03684 0.234273
0.003605 2387.21 0.0183219 164166 -0.106619 0.234664
0.001095 2139.28 0.118813 164166 0.0167558 0.2613
0.002775 2432.06 0.0528958 164166 -0.0604478 0.230435
0.003015 2423.35 0.0428962 164166 -0.0727679 0.231261
0.002395 2393.13 0.0685854 164166 -0.0374301 0.234132
0.003615 2382.49 0.018304 164166 -0.106607 0.235126
0.004185 1863.29 0.0418934 164167 -0.118959 0.300437
0.001105 2141.25 0.118496 164166 0.016557 0.261065
0.002785 2432.01 0.0524819 164166 -0.0610256 0.230441
0.002405 2394.58 0.0681725 164166 -0.0380215 0.233993
0.000365 2032.21 0.135343 164166 0.0236927 0.274774
0.003625 2377.78 0.0182848 164166 -0.106596 0.235589
0.003025 2422.87 0.0424757 164166 -0.0732057 0.231307
0.002795 2431.94 0.0520678 164166 -0.0615995 0.230448
0.005475 348.259 0.229876 164167 0.0804327 1.63274
0.001115 2143.23 0.118177 164166 0.0163548 0.260829
0.004195 1847.36 0.0429648 164167 -0.117346 0.303027
0.002415 2396.02 0.0677596 164166 -0.038614 0.233855
0.003635 2373.08 0.0182642 164166 -0.106585 0.236052
0.003035 2422.38 0.0420549 164166 -0.073637 0.231353
0.000375 2033.03 0.13522 164166 0.0236726 0.274664
0.002805 2431.86 0.0516535 164166 -0.0621686 0.230456
0.001125 2145.21 0.117857 164166 0.0161492 0.260593
0.005485 347.302 0.230073 164167 0.0803308 1.63739
0.002425 2397.44 0.0673466 164166 -0.0392078 0.233718
0.004205 1831.44 0.0440329 164167 -0.115696 0.305659
0.003645 2368.4 0.0182423 164166 -0.106575 0.236516
0.003045 2421.89 0.0416337 164166 -0.0740616 0.231399
0.000385 2033.88 0.135094 164166 0.0236513 0.274552
0.002815 2431.76 0.0512393 164166 -0.0627377 0.230464
0.001135 2147.21 0.117534 164166 0.0159402 0.260356
0.005495 346.388 0.230258 164167 0.0802148 1.64185
0.002435 2398.85 0.0669337 164166 -0.0398027 0.233583
0.003055 2421.4 0.0412121 164166 -0.0744796 0.231445
0.004215 1815.56 0.0450976 164167 -0.114008 0.308334
0.003655 2363.73 0.0182191 164166 -0.106566 0.23698
0.000395 2034.75 0.134965 164166 0.0236287 0.274438
0.005015 528.648 0.198465 164167 0.0543666 1.06759
0.002825 2431.43 0.0508246 164166 -0.0632928 0.230497
0.001145 2149.21 0.11721 164166 0.0157278 0.260119
0.005505 345.513 0.230433 164167 0.0800855 1.64613
0.002445 2400.25 0.0665208 164166 -0.0403988 0.233449
0.003065 2420.9 0.0407902 164166 -0.0748908 0.231492
0.004225 1799.7 0.0461588 164167 -0.112278 0.311051
0.003665 2359.07 0.0181946 164166 -0.106556 0.237444
0.000405 2035.63 0.134833 164166 0.0236047 0.27432
0.002835 2431.07 0.0504097 164166 -0.0638408 0.230531
0.001155 2151.22 0.116883 164166 0.0155119 0.259881
0.005025 520.49 0.199775 164167 0.055844 1.08455
0.002455 2401.63 0.0661079 164166 -0.040996 0.233317
0.003075 2420.4 0.0403678 164166 -0.0752952 0.231539
0.004235 1783.87 0.0472162 164167 -0.110505 0.313812
0.005515 344.677 0.230597 164167 0.079942 1.65025
0.003675 2354.43 0.0181688 164166 -0.106545 0.23791
0.000415 2036.54 0.134697 164166 0.0235794 0.2742
0.002845 2430.71 0.0499946 164166 -0.0643854 0.230565
0.001165 2153.23 0.116555 164166 0.0152925 0.259643
0.002465 2403 0.065695 164166 -0.0415943 0.233186
0.003085 2419.9 0.0399449 164166 -0.0756927 0.231586
0.004245 1768.07 0.0482697 164167 -0.108686 0.316617
0.005035 512.504 0.201055 164167 0.0573125 1.10168
0.005525 343.876 0.230752 164167 0.0797821 1.65422
0.003685 2349.8 0.0181418 164166 -0.106533 0.238375
0.000425 2037.47 0.134558 164166 0.0235527 0.274078
0.002855 2430.34 0.0495793 164166 -0.0649247 0.230601
0.001175 2155.26 0.116225 164166 0.0150697 0.259404
0.002475 2404.36 0.0652821 164166 -0.0421937 0.233056
0.003095 2419.4 0.0395217 164166 -0.0760831 0.231633
0.004255 1752.31 0.0493189 164167 -0.10682 0.319465
0.003695 2345.19 0.0181135 164166 -0.106519 0.238841
0.005535 343.106 0.230898 164167 0.0796023 1.65805
0.005045 504.698 0.202303 164167 0.0587948 1.11895
0.000435 2038.42 0.134416 164166 0.0235245 0.273953
0.002485 2405.7 0.0648692 164166 -0.0427943 0.232927
0.002865 2429.96 0.0491637 164166 -0.0654585 0.230637
0.001185 2157.29 0.115893 164166 0.0148434 0.259165
0.003105 2418.89 0.0390979 164166 -0.0764665 0.23168
0.004265 1736.6 0.0503638 164167 -0.104903 0.322358
0.003705 2340.58 0.0180839 164166 -0.106503 0.239308
0.005545 342.365 0.231035 164167 0.0794081 1.66175
0.005055 497.076 0.20352 164167 0.0602096 1.13634
0.000445 2039.39 0.134271 164166 0.0234948 0.273825
0.002495 2407.03 0.0644563 164166 -0.0433959 0.232801
0.002875 2429.57 0.0487479 164166 -0.0659868 0.230674
0.001195 2159.33 0.11556 164166 0.0146135 0.258926
0.003115 2418.39 0.0386738 164166 -0.0768426 0.231728
0.004275 1720.93 0.0514041 164167 -0.102934 0.325295
0.003715 2336 0.0180532 164166 -0.106483 0.239774
0.005555 341.821 0.231163 164167 0.0792095 1.6645
0.005065 489.646 0.204706 164167 0.0618733 1.15383
0.007025 333.337 0.232918 164167 0.0249719 1.70891
0.003295 2409.69 0.0309414 164166 -0.0822784 0.232539
0.005075 482.405 0.205861 164167 0.0630543 1.17139
0.007035 333.316 0.232918 164167 0.0245764 1.70902
0.001885 2304.02 0.0895281 164166 -0.00987163 0.243011
0.003305 2409.25 0.0305051 164166 -0.0825029 0.23258
0.004585 1105.3 0.116563 164168 -0.0477431 0.507077
0.005225 403.365 0.219515 164167 0.0756527 1.40501
0.002015 2329.24 0.0842353 164166 -0.0162828 0.240434
0.004595 1087.94 0.118889 164168 -0.0448247 0.515215
0.000205 2021.96 0.136864 164166 0.0238761 0.276139
0.005235 399.717 0.220194 164167 0.0762079 1.41807
0.006025 334.838 0.232882 164167 0.0637003 1.70115
0.002025 2331.12 0.083826 164166 -0.0167963 0.240244
0.004605 1070.67 0.121203 164168 -0.0419347 0.523573
0.006705 333.088 0.232917 164167 0.0372584 1.71018
0.005245 396.2 0.220846 164167 0.0767283 1.43091
0.000215 2022.44 0.136793 164166 0.0238706 0.276075
0.007315 334.777 0.232918 164167 0.01395 1.70156
0.002035 2332.99 0.0834165 164166 -0.0173125 0.240055
0.004615 1053.5 0.123502 164168 -0.0390299 0.532158
0.006035 334.762 0.232885 164167 0.0633222 1.70155
0.000455 2040.38 0.134123 164166 0.0234636 0.273694
0.005255 392.809 0.221471 164167 0.0772141 1.44351
0.000225 2022.93 0.13672 164166 0.0238645 0.276009
0.006715 333.044 0.232917 164167 0.0368523 1.71041
0.002045 2334.85 0.0830068 164166 -0.0178315 0.239868
0.007325 334.845 0.232918 164167 0.0135841 1.70121
0.004625 1036.43 0.125788 164168 -0.0361222 0.540978
0.006045 334.679 0.232888 164167 0.0629431 1.70198
0.005265 389.54 0.222072 164167 0.077667 1.45586
0.000465 2041.39 0.133972 164166 0.0234309 0.273562
0.002505 2408.35 0.0640435 164166 -0.0439986 0.232675
0.004285 1705.31 0.0524395 164167 -0.100909 0.328277
0.000475 2042.43 0.133817 164166 0.0233965 0.273426
0.001205 2161.37 0.115224 164166 0.0143802 0.258687
0.002515 2409.65 0.0636307 164166 -0.0446024 0.232551
0.003125 2417.89 0.0382491 164166 -0.0772115 0.231775
0.000485 2043.48 0.13366 164166 0.0233605 0.273288
0.004295 1689.74 0.0534699 164167 -0.0988269 0.331304
0.003725 2331.42 0.0180212 164166 -0.10646 0.240242
0.002525 2410.94 0.0632178 164166 -0.0452073 0.232428
0.001215 2163.42 0.114887 164166 0.0141434 0.258447
0.005565 341.305 0.231283 164167 0.0790072 1.66712
0.000495 2044.55 0.133499 164166 0.0233228 0.273148
0.004305 1674.24 0.054495 164167 -0.09668 0.334375
0.003135 2417.38 0.037824 164166 -0.077573 0.231822
0.005085 475.341 0.206985 164168 0.0644558 1.18905
0.002535 2412.22 0.062805 164166 -0.0458134 0.232306
0.001225 2165.48 0.114549 164166 0.013903 0.258207
0.003735 2326.87 0.017988 164166 -0.106433 0.240709
0.000505 2045.64 0.133336 164166 0.0232835 0.273005
0.003145 2416.88 0.0373984 164166 -0.077927 0.231869
0.004315 1658.8 0.0555144 164167 -0.0945532 0.337491
0.005575 340.813 0.231396 164167 0.0787859 1.66963
0.002545 2413.49 0.0623922 164166 -0.0464205 0.232186
0.001235 2167.54 0.114208 164166 0.0136591 0.257966
0.003745 2322.32 0.0179535 164166 -0.106401 0.241177
0.005095 469.163 0.208078 164167 0.0654431 1.20494
0.000515 2046.75 0.133169 164166 0.0232423 0.27286
0.003155 2416.38 0.0369722 164166 -0.0782735 0.231916
0.004325 1643.44 0.0565281 164167 -0.0912865 0.340652
0.005585 340.342 0.231503 164167 0.0785517 1.67203
0.002555 2414.74 0.0619795 164166 -0.0470288 0.232067
0.001245 2169.61 0.113867 164166 0.0134116 0.257726
0.003755 2317.79 0.0179179 164166 -0.106364 0.241645
0.005105 463.15 0.209139 164167 0.066452 1.22084
0.000525 2047.88 0.132999 164166 0.0231994 0.272712
0.001895 2306 0.0891231 164166 -0.0103467 0.242806
0.003315 2408.83 0.030068 164166 -0.0827197 0.232619
0.000535 2049.03 0.132826 164166 0.0231547 0.272562
0.000235 2023.45 0.136643 164166 0.0238577 0.275939
0.001905 2307.99 0.0887176 164166 -0.010825 0.242602
0.004635 1019.46 0.128059 164168 -0.0332127 0.55004
0.003325 2408.41 0.02963 164166 -0.0829288 0.232658
0.000545 2050.2 0.13265 164166 0.0231081 0.27241
0.000245 2024 0.136562 164166 0.0238503 0.275867
0.001915 2309.96 0.0883118 164166 -0.0113062 0.242399
0.003335 2408 0.0291911 164166 -0.0831307 0.232696
0.004645 1002.6 0.130315 164168 -0.0303006 0.559352
0.000255 2024.56 0.136479 164166 0.0238421 0.275792
0.002055 2336.71 0.0825969 164166 -0.0183532 0.239681
0.000265 2025.15 0.136392 164166 0.0238332 0.275713
0.007335 334.907 0.232918 164167 0.0132162 1.7009
0.006055 334.588 0.232891 164167 0.0625616 1.70244
0.000275 2025.75 0.136302 164166 0.0238235 0.275632
0.002065 2338.55 0.0821867 164166 -0.0188775 0.239496
0.005275 386.391 0.222647 164167 0.0780883 1.46796
0.007345 334.964 0.232918 164167 0.0128521 1.70061
0.000285 2026.38 0.136208 164166 0.0238129 0.275548
0.006065 334.489 0.232894 164167 0.062192 1.70296
0.002075 2340.38 0.0817763 164166 -0.0194045 0.239313
0.003165 2415.88 0.0365455 164166 -0.0786122 0.231963
0.005285 383.356 0.223198 164167 0.0784772 1.47982
0.007355 335.015 0.232918 164167 0.012462 1.70035
0.000295 2027.04 0.136112 164166 0.0238014 0.275461
0.006075 334.381 0.232896 164167 0.0617966 1.70351
0.004335 1628 0.0575623 164154 -0.106536 0.343859
0.002085 2342.2 0.0813658 164166 -0.0199341 0.23913
0.005595 339.891 0.231602 164167 0.0783079 1.67435
0.001255 2171.69 0.113523 164166 0.0131606 0.257485
0.003765 2313.28 0.0178811 164166 -0.106321 0.242113
0.005605 339.458 0.231695 164167 0.0780594 1.67657
0.005115 457.286 0.210168 164167 0.0673815 1.23674
0.001265 2173.77 0.113178 164166 0.012906 0.257244
0.000555 2051.39 0.132471 164166 0.0230596 0.272256
0.005615 339.042 0.231782 164167 0.0778121 1.67871
0.003775 2308.79 0.017843 164166 -0.106275 0.242581
0.001275 2175.85 0.112831 164166 0.0126478 0.257003
0.004655 985.842 0.132555 164168 -0.0273791 0.568922
0.003345 2407.6 0.0287512 164166 -0.0833256 0.232732
0.000305 2027.71 0.136012 164166 0.023789 0.275371
0.004665 969.197 0.134779 164168 -0.0244742 0.57876
0.005295 380.433 0.223725 164167 0.078831 1.49142
0.003355 2407.21 0.0283105 164166 -0.0835139 0.232768
0.003175 2415.38 0.0361183 164166 -0.0789432 0.23201
0.000315 2028.41 0.135908 164166 0.0237756 0.275279
0.004675 952.664 0.136987 164168 -0.021578 0.588875
0.005305 377.616 0.224229 164167 0.0791454 1.50277
0.003365 2406.83 0.0278687 164166 -0.0836959 0.232803
0.004345 1606.82 0.0599286 164168 -0.120808 0.348424
0.004685 936.246 0.139178 164168 -0.0186917 0.599277
0.005315 374.899 0.22471 164167 0.0794129 1.51389
0.003185 2414.88 0.0356905 164166 -0.0792662 0.232056
0.003375 2406.46 0.0274259 164166 -0.0838723 0.232837
0.004695 919.943 0.141352 164168 -0.0158187 0.609975
0.002095 2344.01 0.080955 164166 -0.0204663 0.238949
0.000565 2052.59 0.132289 164166 0.0230092 0.272099
0.004705 903.757 0.143508 164168 -0.0129633 0.620981
0.002105 2345.82 0.0805441 164166 -0.021001 0.238769
0.005625 338.644 0.231863 164167 0.0775706 1.68076
0.000575 2053.82 0.132105 164166 0.0229568 0.271939
0.004715 887.689 0.145646 164168 -0.0101303 0.632308
0.002115 2347.61 0.0801331 164166 -0.0215383 0.23859
0.003785 2304.31 0.0178038 164167 -0.105953 0.24305
0.004355 1585.52 0.0623201 164167 -0.116555 0.353108
0.000585 2055.06 0.131917 164166 0.0229025 0.271778
0.004725 871.739 0.147765 164168 -0.00732506 0.643967
0.005635 338.266 0.231939 164167 0.0773318 1.68272
0.002125 2349.39 0.0797218 164166 -0.022078 0.238413
0.003795 2299.65 0.0177784 164153 -0.115243 0.24352
0.004365 1564.25 0.0647108 164167 -0.11354 0.357915
0.000595 2056.33 0.131726 164166 0.0228461 0.271615
0.004735 855.907 0.149865 164168 -0.00455324 0.655973
0.005645 337.908 0.232011 164167 0.0770817 1.68457
0.002135 2351.16 0.0793104 164166 -0.0226201 0.238237
0.003805 2290.83 0.0181714 164167 -0.124352 0.244473
0.000605 2057.61 0.131532 164166 0.0227876 0.271449
0.004375 1543 0.0671004 164167 -0.110452 0.362849
0.004745 840.193 0.151946 164168 -0.00181939 0.66834
0.002145 2352.92 0.0788989 164166 -0.0231647 0.238062
0.005655 337.563 0.232077 164167 0.076796 1.68636
0.003815 2281.83 0.0185779 164167 -0.123704 0.245433
0.000615 2058.91 0.131335 164166 0.022727 0.271281
0.004385 1521.79 0.0694887 164167 -0.107384 0.367915
0.005325 372.275 0.22517 164167 0.0796567 1.52478
0.004755 824.593 0.154006 164168 0.000875754 0.681087
0.002155 2354.67 0.0784873 164166 -0.0237116 0.237889
0.005665 337.362 0.232138 164167 0.0764856 1.68743
0.003825 2272.84 0.0189828 164167 -0.123334 0.2464
0.000625 2060.23 0.131136 164166 0.0226643 0.271111
0.004395 1500.6 0.0718754 164167 -0.104328 0.373119
0.004765 809.107 0.156047 164168 0.00362549 0.69423
0.005335 370.08 0.225608 164167 0.0798669 1.53404
0.002165 2356.4 0.0780755 164166 -0.0242608 0.237717
0.005675 337.166 0.232196 164167 0.0761701 1.68848
0.003835 2263.86 0.0193861 164167 -0.122951 0.247373
0.000635 2061.56 0.130933 164166 0.0225995 0.270939
0.004405 1479.43 0.0742602 164167 -0.101284 0.378467
0.004775 793.746 0.158067 164171 0.0067135 0.70779
0.005345 367.98 0.226026 164167 0.0800724 1.54301
0.002175 2358.13 0.0776636 164166 -0.0248123 0.237546
0.003195 2414.39 0.0352621 164166 -0.0795812 0.232102
0.002185 2359.85 0.0772516 164166 -0.025366 0.237377
0.003385 2406.1 0.0269822 164166 -0.0840434 0.23287
0.005685 336.973 0.23225 164167 0.0758464 1.6895
0.003395 2405.75 0.0265374 164166 -0.0842098 0.232902
0.004415 1458.29 0.0766428 164167 -0.0982496 0.383965
0.004785 780.445 0.160064 164168 0.00869238 0.719956
0.003405 2405.41 0.0260916 164166 -0.084372 0.232933
0.005695 336.783 0.2323 164167 0.0755267 1.69051
0.004425 1437.17 0.0790231 164168 -0.0952237 0.389619
0.003415 2405.09 0.0256448 164166 -0.0845308 0.232962
0.004795 767.32 0.162036 164168 0.0112 0.732392
0.005355 365.969 0.226423 164167 0.0802417 1.55169
0.002195 2361.55 0.0768395 164166 -0.025922 0.237209
0.005705 336.598 0.232347 164167 0.0752089 1.69149
0.003425 2404.77 0.025197 164166 -0.0846867 0.232991
0.002205 2363.24 0.0764273 164166 -0.02648 0.237042
0.004435 1416.07 0.0814007 164168 -0.0922049 0.395437
0.005715 336.418 0.23239 164167 0.0748891 1.69245
0.003435 2404.47 0.0247481 164166 -0.0848403 0.233018
0.005365 364.043 0.226802 164167 0.0803813 1.56011
0.002215 2364.92 0.076015 164166 -0.0270402 0.236877
0.003445 2404.18 0.0242982 164166 -0.0849924 0.233044
0.004445 1395 0.0837754 164168 -0.0891917 0.401425
0.005725 336.24 0.232431 164167 0.0745645 1.69339
0.002225 2366.59 0.0756027 164166 -0.0276025 0.236712
0.005375 362.196 0.227162 164167 0.0804943 1.56826
0.003455 2403.9 0.0238472 164166 -0.0851437 0.233069
0.005735 336.066 0.232468 164167 0.0742332 1.69432
0.004455 1373.95 0.0861467 164168 -0.086183 0.407593
0.002235 2368.25 0.0751902 164166 -0.0281668 0.23655
0.005385 360.425 0.227503 164167 0.0805838 1.57616
0.003465 2403.63 0.0233953 164166 -0.0852947 0.233093
0.005745 335.892 0.232503 164167 0.0739036 1.69524
0.004465 1352.91 0.0885144 164168 -0.0831775 0.413947
0.003475 2403.38 0.0229424 164166 -0.0854462 0.233116
0.005755 335.718 0.232535 164167 0.0735549 1.69616
0.005395 358.726 0.227828 164167 0.0806506 1.58381
0.004475 1331.9 0.0908782 164168 -0.0801741 0.420497
0.003485 2403.14 0.0224886 164166 -0.0855988 0.233137
0.005405 357.096 0.228135 164167 0.0806936 1.59122
0.003495 2402.9 0.0220338 164166 -0.0857531 0.233158
0.005415 355.531 0.228427 164167 0.0807106 1.5984
0.003505 2402.69 0.0215781 164166 -0.0859097 0.233177
0.003515 2402.48 0.0211216 164166 -0.0860692 0.233195
0.005425 354.026 0.228704 164167 0.0806969 1.60537
0.005435 352.576 0.228965 164167 0.0806669 1.61214
