0.001605 2444.62 0.0104192 588252 -0.00172375 0.814525
0.001615 2444.22 0.0104746 588252 -0.00191296 0.814655
0.001625 2443.82 0.0105299 588252 -0.00205923 0.814786
0.001635 2443.42 0.0105851 588252 -0.00214993 0.814917
0.001645 2443.02 0.0106403 588252 -0.00218504 0.815048
0.001655 2442.62 0.0106953 588252 -0.0021729 0.815179
0.001665 2442.21 0.0107502 588252 -0.0021225 0.815311
0.001675 2441.81 0.0108051 588252 -0.00203724 0.815442
0.001685 2441.41 0.0108598 588252 -0.00191424 0.815574
0.001695 2441 0.0109145 588252 -0.00174958 0.815706
0.001705 2440.6 0.0109691 588252 -0.00154609 0.815838
0.001715 2440.19 0.0110235 588252 -0.00131837 0.815971
0.001725 2439.79 0.0110779 588252 -0.00109169 0.816103
0.001735 2439.38 0.0111322 588252 -0.000894902 0.816236
0.001745 2438.97 0.0111864 588252 -0.000751094 0.816369
0.001755 2438.57 0.0112405 588252 -0.000670595 0.816502
0.001765 2438.16 0.0112945 588252 -0.0006493 0.816636
0.001775 2437.76 0.0113484 588254 -0.000672522 0.816769
0.001785 2437.36 0.0114022 588252 -0.000722234 0.816896
0.001795 2436.97 0.0114558 588252 -0.0007844 0.817023
0.001805 2436.59 0.0115094 588252 -0.0008538 0.81715
0.001815 2436.2 0.0115629 588252 -0.00093461 0.817278
0.001825 2435.81 0.0116163 588252 -0.0010369 0.817405
0.001835 2435.42 0.0116696 588252 -0.00117027 0.817533
0.001845 2435.03 0.0117228 588252 -0.00133742 0.817661
0.001855 2434.64 0.0117759 588252 -0.00153036 0.817789
0.001865 2434.25 0.0118288 588252 -0.00173109 0.817917
0.001875 2433.86 0.0118817 588252 -0.00191662 0.818045
0.001885 2433.46 0.0119345 588252 -0.00206605 0.818173
0.001895 2433.07 0.0119871 588252 -0.00216641 0.818302
0.001905 2432.68 0.0120397 588252 -0.00221445 0.818431
0.001915 2432.29 0.0120921 588252 -0.00221382 0.81856
5e-06 2514 0.00124574 588252 -8.57108e-05 0.792299
0.001285 2457.83 0.00860437 588252 -0.000773061 0.810231
1.5e-05 2513.96 0.00124903 588244 -0.000250849 0.792299
0.001295 2457.4 0.00866222 588252 -0.000849384 0.810371
0.006725 2313.71 0.0167068 588252 -0.00116197 0.85687
2.5e-05 2513.91 0.00125514 588252 -0.000404263 0.792325
0.001305 2456.97 0.00872 588252 -0.000950352 0.810511
0.009925 2302.6 0.00029366 588252 -0.00131756 0.858101
3.5e-05 2513.79 0.00126804 588243 -0.000538516 0.792351
0.006735 2313.55 0.0166674 588252 -0.00128534 0.856918
0.001315 2456.54 0.00877772 588252 -0.00109 0.810651
0.000325 2500.56 0.0028326 588252 -0.00188105 0.79654
0.009935 2302.5 0.000291441 588251 -0.00185112 0.858136
4.5e-05 2513.66 0.00128392 588252 -0.000652117 0.792404
0.001325 2456.12 0.00883537 588255 -0.00127168 0.810792
0.006745 2313.39 0.0166278 588252 -0.00144013 0.856966
0.000965 2471.59 0.00672189 588252 -0.000431186 0.80579
0.000335 2500.08 0.00289413 588252 -0.00179664 0.796692
0.009945 2302.4 0.000289224 588251 -0.0021933 0.858171
5.5e-05 2513.45 0.00130716 588241 -0.000739941 0.792458
0.001335 2455.7 0.00889295 588252 -0.00148378 0.810922
0.006755 2313.22 0.016588 588252 -0.00162131 0.857014
0.000345 2499.6 0.00295565 588252 -0.00160779 0.796844
0.000975 2471.16 0.00678153 588252 -0.000409792 0.805927
0.009955 2302.3 0.000287009 588251 -0.0021666 0.858206
6.5e-05 2513.22 0.00133373 588252 -0.000797931 0.792543
0.001345 2455.3 0.00895046 588252 -0.00170077 0.811053
0.006765 2313.06 0.016548 588252 -0.00181434 0.857062
0.000355 2499.12 0.00301715 588252 -0.00146356 0.796996
0.000985 2470.73 0.00684113 588252 -0.000443101 0.806065
0.009965 2302.2 0.000284796 588251 -0.00172832 0.85824
7.5e-05 2512.89 0.00136871 588239 -0.000816487 0.792628
0.001355 2454.89 0.0090079 588252 -0.00189157 0.811184
0.006775 2312.9 0.0165079 588252 -0.00199893 0.857111
0.000995 2470.3 0.00690068 588252 -0.000506901 0.806203
0.000365 2498.64 0.00307864 588252 -0.00146146 0.797149
0.009975 2302.11 0.000282585 588252 -0.000991079 0.858273
0.006085 2324.2 0.0188291 588252 -0.00165929 0.853743
0.003845 2368.52 0.0194658 588252 -0.000662593 0.839688
8.5e-05 2512.56 0.0014076 588252 -0.000779547 0.792751
0.001365 2454.49 0.00906527 588252 -0.00203019 0.811315
0.006785 2312.74 0.0164676 588252 -0.00215416 0.857159
0.001005 2469.87 0.00696018 588252 -0.000579388 0.806341
0.000375 2498.16 0.00314011 588252 -0.001512 0.797301
0.009985 2302.02 0.000280377 588252 -0.000168811 0.858305
0.006095 2324.04 0.0188022 588252 -0.00141707 0.853792
9.5e-05 2512.16 0.00145102 588252 -0.000682257 0.792875
0.003855 2368.26 0.0194867 588252 -0.000683463 0.839772
0.006795 2312.57 0.0164271 588252 -0.00226273 0.857207
0.001375 2454.08 0.00912257 588252 -0.00210505 0.811447
0.000385 2497.68 0.00320156 588251 -0.00142809 0.797455
0.001015 2469.44 0.00701963 588252 -0.000647565 0.80648
0.009995 2301.94 0.00027817 588252 0.000531083 0.858335
0.006105 2323.87 0.0187751 588252 -0.00117659 0.85384
0.000105 2511.77 0.00149444 588252 -0.000553576 0.792999
0.003865 2368.01 0.0195074 588252 -0.000734651 0.839856
0.006805 2312.41 0.0163864 588252 -0.00231307 0.857256
0.000395 2497.19 0.003263 588252 -0.00114754 0.797608
0.001385 2453.67 0.0091798 588252 -0.00212099 0.811579
0.001025 2469.01 0.00707904 588252 -0.000711731 0.806619
0.010005 2301.85 0.000275966 588252 0.00100135 0.858364
0.006115 2323.71 0.0187478 588251 -0.000962157 0.853889
0.000115 2511.29 0.00154426 588232 -0.000455573 0.793124
0.003875 2367.75 0.0195279 588252 -0.000808882 0.839941
0.006815 2312.25 0.0163455 588253 -0.00229919 0.857305
0.000405 2496.72 0.00332442 588255 -0.000795982 0.797763
0.001395 2453.27 0.00923695 588252 -0.00209285 0.811711
0.001035 2468.58 0.00713839 588252 -0.000785026 0.806758
0.010015 2301.77 0.000273764 588251 0.00124239 0.858393
0.006125 2323.55 0.0187203 588251 -0.000794373 0.853938
0.000125 2510.81 0.00159959 588255 -0.000447618 0.793305
0.000415 2496.25 0.00338582 588252 -0.000523308 0.797909
0.006825 2312.09 0.0163044 588252 -0.00221972 0.857351
0.003885 2367.5 0.0195482 588252 -0.000902055 0.840025
0.001405 2452.86 0.00929404 588252 -0.00203419 0.811843
0.001045 2468.15 0.00719769 588252 -0.000886854 0.806898
0.006135 2323.38 0.0186926 588251 -0.000686069 0.853987
0.010025 2301.7 0.000271564 588251 0.00129549 0.85842
0.000135 2510.25 0.00166132 588252 -0.000509959 0.793478
0.000425 2495.79 0.0034472 588252 -0.00036029 0.798055
0.006835 2311.93 0.0162632 588252 -0.00207739 0.857398
0.003895 2367.24 0.0195683 588252 -0.00101318 0.840109
0.001055 2467.71 0.00725695 588252 -0.00103275 0.807038
0.001415 2452.45 0.00935104 588252 -0.00194855 0.811976
0.006145 2323.22 0.0186647 588251 -0.000639739 0.854036
0.010035 2301.62 0.000269366 588251 0.00118837 0.858447
0.000145 2509.7 0.00172304 588252 -0.000539913 0.79365
0.000435 2495.33 0.00350857 588252 -0.000261798 0.798201
0.006845 2311.77 0.0162218 588252 -0.00187986 0.857445
0.003905 2366.99 0.0195881 588252 -0.00114286 0.840194
0.001065 2467.28 0.00731615 588252 -0.00122518 0.807178
0.001425 2452.04 0.00940798 588252 -0.00182897 0.812109
0.006155 2323.05 0.0186366 588251 -0.000647744 0.854085
0.010045 2301.55 0.000267171 588251 0.000943561 0.858473
0.000155 2509.15 0.00178476 588252 -0.000438026 0.793823
0.004805 2346.73 0.0205176 588252 -0.00160645 0.846786
0.000445 2494.86 0.00356991 588252 -0.000213384 0.798348
0.006855 2311.61 0.0161802 588252 -0.0016414 0.857492
0.003915 2366.73 0.0196078 588252 -0.00129108 0.840278
0.001075 2466.84 0.0073753 588252 -0.00144904 0.807318
0.001435 2451.63 0.00946483 588252 -0.00166631 0.812242
0.006165 2322.89 0.0186083 588252 -0.000695502 0.854134
0.010055 2301.48 0.000264978 588252 0.000611532 0.858498
0.000165 2508.6 0.00184647 588252 -0.000230759 0.793997
0.000455 2494.4 0.00363124 588252 -0.000234148 0.798495
0.006865 2311.45 0.0161384 588252 -0.00138374 0.857539
0.004815 2346.54 0.0205182 588252 -0.00137524 0.846848
0.003925 2366.48 0.0196273 588252 -0.0014552 0.840362
0.001085 2466.41 0.00743439 588252 -0.0016739 0.807459
0.001445 2451.22 0.00952161 588252 -0.00146067 0.812376
0.006175 2322.73 0.0185798 588252 -0.000766705 0.854184
0.010065 2301.41 0.000262788 588252 0.000271985 0.858523
0.000175 2508.07 0.00190818 588255 -6.18121e-05 0.794171
0.000465 2493.94 0.00369254 588252 -0.000315839 0.798642
0.006875 2311.29 0.0160964 588251 -0.00113472 0.857586
0.004825 2346.34 0.0205185 588252 -0.00114883 0.84691
0.003935 2366.22 0.0196466 588252 -0.00162883 0.840447
0.001095 2465.97 0.00749344 588252 -0.00186336 0.8076
0.001455 2450.81 0.00957832 588252 -0.00122809 0.812509
0.006185 2322.56 0.018551 588252 -0.000848695 0.854233
0.010075 2301.35 0.0002606 588252 -9.04193e-07 0.858546
0.003525 2377.22 0.0186916 588252 -0.00150975 0.836804
0.000185 2507.53 0.00196988 588252 -4.59168e-05 0.794336
0.000475 2493.47 0.00375383 588252 -0.000413636 0.79879
0.006885 2311.13 0.0160543 588251 -0.000923678 0.857634
0.004835 2346.15 0.0205187 588251 -0.000947559 0.846972
0.003945 2365.97 0.0196656 588252 -0.00180191 0.840531
0.001105 2465.53 0.00755243 588252 -0.00198854 0.807741
0.001465 2450.4 0.00963495 588252 -0.00099811 0.812643
0.006195 2322.39 0.0185221 588252 -0.000936028 0.854283
0.010085 2301.28 0.000258414 588252 -0.000171336 0.858568
0.000195 2507.01 0.00203157 588252 -0.000157526 0.794501
0.000485 2493.01 0.00381509 588252 -0.000490155 0.798938
0.003535 2376.94 0.0187189 588252 -0.00128538 0.836897
0.006895 2310.97 0.016012 588251 -0.000774487 0.857681
0.004845 2345.95 0.0205186 588251 -0.000787593 0.847035
0.003955 2365.71 0.0196845 588252 -0.0019617 0.840615
0.001115 2465.09 0.00761137 588252 -0.00203977 0.807883
0.001475 2449.98 0.0096915 588252 -0.000803603 0.812778
0.006205 2322.23 0.018493 588252 -0.00103089 0.854333
0.010095 2301.23 0.000256231 588252 -0.000244287 0.858589
0.000495 2492.54 0.00387634 588252 -0.00054212 0.799087
0.003545 2376.66 0.0187459 588252 -0.00107803 0.836991
0.000205 2506.48 0.00209325 588252 -0.000287169 0.794666
0.006905 2310.81 0.0159695 588251 -0.000698904 0.857729
0.004855 2345.75 0.0205183 588251 -0.000678534 0.847097
0.003965 2365.45 0.0197031 588252 -0.00209447 0.8407
0.001125 2464.65 0.00767025 588252 -0.00202911 0.808024
0.001485 2449.57 0.00974797 588252 -0.000668946 0.812912
0.006215 2322.06 0.0184637 588252 -0.00114041 0.854383
0.010105 2301.17 0.00025405 588252 -0.000243129 0.858609
0.000505 2492.07 0.00393756 588252 -0.000590196 0.799236
0.003555 2376.37 0.0187728 588252 -0.000905273 0.837085
0.006915 2310.64 0.0159268 588251 -0.00069314 0.857777
0.004865 2345.56 0.0205177 588251 -0.000622462 0.84716
0.003975 2365.2 0.0197216 588252 -0.00218718 0.840784
0.001135 2464.21 0.00772907 588252 -0.00198072 0.808167
0.000215 2505.96 0.00215492 588252 -0.000369257 0.794832
0.001495 2449.16 0.00980436 588252 -0.000602554 0.813047
0.006225 2321.9 0.0184341 588252 -0.00127192 0.854432
0.010115 2301.12 0.000251872 588252 -0.000190926 0.858628
0.000515 2491.6 0.00399876 588252 -0.000660863 0.799385
0.003565 2376.09 0.0187994 588252 -0.0007789 0.837179
0.006925 2310.48 0.0158839 588251 -0.00073973 0.857825
0.004875 2345.36 0.020517 588251 -0.000614712 0.847222
0.003985 2364.95 0.0197398 588253 -0.00222927 0.840869
0.001145 2463.78 0.00778784 588254 -0.00191388 0.808309
0.000225 2505.45 0.00221658 588255 -0.000418 0.794998
0.001505 2448.74 0.00986067 588252 -0.000596595 0.813182
0.006235 2321.73 0.0184044 588252 -0.00142834 0.854482
0.000525 2491.13 0.00405994 588252 -0.000776533 0.799535
0.010125 2301.07 0.000249697 588252 -0.000116768 0.858646
0.006935 2310.32 0.0158409 588252 -0.00081439 0.857873
0.003575 2375.81 0.0188259 588252 -0.000703298 0.837273
0.004165 2360.59 0.0200328 588252 -0.0011646 0.8423
0.004885 2345.17 0.020516 588252 -0.0006462 0.847285
0.003995 2364.7 0.0197579 588252 -0.00221366 0.840948
0.001155 2463.35 0.00784656 588252 -0.00183051 0.808445
0.000235 2504.93 0.00227824 588252 -0.000464249 0.795156
0.002885 2396.93 0.0165639 588252 -0.00138933 0.830249
0.001515 2448.32 0.0099169 588252 -0.000632766 0.813317
0.000535 2490.68 0.00412109 588256 -0.000948205 0.799685
0.005765 2329.57 0.01958 588252 -0.00209507 0.852119
0.006245 2321.56 0.0183745 588252 -0.00160521 0.854532
0.010135 2301.02 0.000247524 588253 -7.51433e-05 0.858663
0.006945 2310.16 0.0157977 588252 -0.000895252 0.857921
0.003585 2375.52 0.0188521 588252 -0.000675823 0.837367
0.004895 2344.97 0.0205148 588252 -0.000706592 0.847348
0.004175 2360.34 0.0200471 588252 -0.00131539 0.842379
0.000245 2504.44 0.00233988 588252 -0.000517529 0.795313
0.004005 2364.46 0.0197757 588252 -0.00213805 0.841027
0.001165 2462.93 0.00790521 588252 -0.00171592 0.80858
0.001525 2447.91 0.00997305 588252 -0.000690783 0.813453
0.002895 2396.61 0.0166027 588252 -0.00156664 0.830356
0.000545 2490.23 0.00418223 588252 -0.00117041 0.799824
0.006255 2321.4 0.0183443 588252 -0.00179046 0.854583
0.005775 2329.4 0.0195598 588252 -0.00218742 0.852172
0.003595 2375.24 0.0188782 588252 -0.000688997 0.837461
0.006955 2310 0.0157543 588252 -0.000970631 0.857969
0.004905 2344.77 0.0205134 588252 -0.000787315 0.84741
0.010145 2300.97 0.000245353 588252 -0.00014039 0.85868
0.004185 2360.1 0.0200612 588252 -0.00148092 0.842459
0.000255 2503.94 0.00240151 588252 -0.000591067 0.795471
0.004015 2364.22 0.0197933 588252 -0.00200555 0.841107
0.001175 2462.51 0.00796381 588252 -0.00155314 0.808716
0.001535 2447.49 0.0100291 588252 -0.000756175 0.813589
0.000555 2489.79 0.00424333 588252 -0.00141902 0.799964
0.002905 2396.28 0.0166413 588252 -0.00174904 0.830464
0.006265 2321.23 0.018314 588252 -0.00196674 0.854633
0.005785 2329.23 0.0195394 588253 -0.00222197 0.852225
0.003605 2374.96 0.0189041 588252 -0.000733667 0.837556
0.006965 2309.83 0.0157108 588252 -0.00104212 0.858018
0.004915 2344.58 0.0205118 588252 -0.000883452 0.847473
0.010155 2300.93 0.000243186 588252 -0.000361396 0.858694
0.004195 2359.86 0.020075 588252 -0.00165444 0.842538
0.000265 2503.44 0.00246314 588252 -0.000719231 0.79563
0.004025 2363.98 0.0198108 588252 -0.00182535 0.841186
0.001185 2462.09 0.00802235 588252 -0.00134012 0.808852
0.001545 2447.07 0.0100851 588252 -0.000824872 0.813725
0.000565 2489.34 0.00430441 588252 -0.0016552 0.800104
0.006275 2321.06 0.0182834 588252 -0.00211504 0.854684
0.002915 2395.96 0.0166798 588252 -0.00192213 0.830571
0.003615 2374.68 0.0189298 588253 -0.000802353 0.83765
0.003205 2386.78 0.0177202 588252 -0.0022502 0.833625
0.006975 2309.67 0.0156671 588252 -0.00112181 0.858066
0.005795 2329.06 0.0195188 588252 -0.00219169 0.852275
0.004925 2344.38 0.02051 588252 -0.00099397 0.847536
0.010165 2300.89 0.000241021 588252 -0.000717778 0.858708
0.000275 2502.95 0.00252475 588255 -0.00092104 0.795788
0.004205 2359.62 0.0200887 588252 -0.00182548 0.842618
0.004035 2363.73 0.019828 588252 -0.00161216 0.841265
0.001195 2461.67 0.00808083 588252 -0.00109771 0.808989
0.001555 2446.66 0.010141 588252 -0.000903354 0.813861
0.000575 2488.9 0.00436547 588252 -0.00183237 0.800245
0.006285 2320.89 0.0182527 588253 -0.00221841 0.854734
0.003625 2374.41 0.0189552 588252 -0.00089062 0.837739
0.002925 2395.64 0.0167181 588252 -0.00207129 0.830679
0.006985 2309.51 0.0156232 588252 -0.00122517 0.858114
0.003215 2386.47 0.0177535 588252 -0.00226239 0.833729
0.005805 2328.89 0.0194979 588252 -0.00209579 0.852326
0.004935 2344.18 0.0205079 588252 -0.00112034 0.847598
0.000285 2502.46 0.00258634 588252 -0.0011705 0.795938
0.010175 2300.85 0.000238858 588252 -0.00112917 0.858721
0.004215 2359.37 0.0201022 588252 -0.00198091 0.842698
0.004045 2363.49 0.019845 588252 -0.00138489 0.841345
0.001205 2461.25 0.00813925 588252 -0.000863156 0.809126
0.001565 2446.24 0.0101968 588252 -0.00100445 0.813998
0.000585 2488.46 0.0044265 588252 -0.00191148 0.800386
0.006295 2320.73 0.0182218 588252 -0.0022641 0.854783
0.003635 2374.14 0.0189805 588252 -0.000997451 0.837828
0.002935 2395.31 0.0167562 588252 -0.00218407 0.830787
0.006995 2309.34 0.0155791 588252 -0.00136276 0.858163
0.004945 2343.98 0.0205057 588252 -0.00126414 0.847661
0.003225 2386.15 0.0177865 588252 -0.0022191 0.833833
0.005815 2328.73 0.0194768 588252 -0.00193997 0.852376
0.000295 2501.99 0.00264793 588252 -0.0014204 0.796088
0.010185 2300.83 0.000237347 588253 -0.0014934 0.858733
0.004055 2363.25 0.0198618 588252 -0.00116424 0.841424
0.004225 2359.13 0.0201154 588252 -0.0021066 0.842778
0.001215 2460.82 0.00819761 588252 -0.000674248 0.809263
0.001575 2445.83 0.0102526 588254 -0.00113998 0.814135
0.000595 2488.02 0.00448751 588252 -0.00188426 0.800527
0.006305 2320.57 0.0181906 588252 -0.00224486 0.854831
0.003645 2373.87 0.0190056 588252 -0.00112347 0.837916
0.004955 2343.79 0.0205032 588252 -0.00142452 0.847724
0.002945 2394.99 0.0167941 588252 -0.00225146 0.830895
0.007005 2309.18 0.0155348 588252 -0.0015345 0.858212
0.003235 2385.84 0.0178194 588252 -0.00212053 0.833937
0.000305 2501.51 0.0027095 588252 -0.00164231 0.796238
0.005825 2328.56 0.0194556 588252 -0.00173646 0.852427
0.004065 2363.01 0.0198784 588252 -0.000969604 0.841504
0.010195 2300.81 0.000236685 588251 -0.00172927 0.858737
0.001225 2460.4 0.00825591 588252 -0.000554732 0.8094
0.004235 2358.9 0.0201284 588253 -0.00218951 0.842857
0.000605 2487.57 0.00454849 588252 -0.00178828 0.800669
0.001585 2445.42 0.0103082 588252 -0.0013133 0.814265
0.006315 2320.4 0.0181593 588252 -0.00215909 0.85488
0.004965 2343.59 0.0205005 588253 -0.00159652 0.847786
0.003655 2373.6 0.0190305 588252 -0.00126906 0.838005
0.004485 2353.34 0.0203851 588252 -0.00212128 0.844662
0.007015 2309.02 0.0154904 588252 -0.00172843 0.858261
0.002955 2394.66 0.0168319 588252 -0.0022679 0.831003
0.007045 2308.54 0.0153561 588252 -0.0022339 0.858404
0.000315 2501.04 0.00277106 588252 -0.00181334 0.796389
0.003245 2385.53 0.017852 588252 -0.00197111 0.834041
0.005835 2328.39 0.0194341 588252 -0.00150318 0.852477
0.004075 2362.77 0.0198947 588251 -0.000815965 0.841583
0.010205 2300.8 0.000236674 588251 -0.0017638 0.858741
0.001235 2459.97 0.00831414 588252 -0.000508216 0.809538
0.000615 2487.13 0.00460944 588252 -0.00168857 0.800811
0.004245 2358.66 0.0201413 588252 -0.00221905 0.842932
0.001595 2445.02 0.0103638 588252 -0.00151497 0.814395
0.006325 2320.24 0.0181278 588252 -0.00201115 0.854929
0.005445 2335.05 0.0201143 588252 -0.00108075 0.850443
0.006335 2320.08 0.018096 588252 -0.00181139 0.854978
0.000645 2485.79 0.00479213 588252 -0.00149098 0.801239
0.005455 2334.88 0.0201009 588252 -0.0012151 0.850496
0.006345 2319.91 0.0180641 588252 -0.00157634 0.855026
0.006355 2319.75 0.018032 588252 -0.00132812 0.855075
0.005465 2334.7 0.0200873 588252 -0.00136864 0.85055
0.006365 2319.58 0.0179996 588251 -0.00109216 0.855124
0.005475 2334.53 0.0200735 588252 -0.00153835 0.850604
0.000655 2485.34 0.00485297 588252 -0.00130225 0.801382
0.006375 2319.42 0.0179671 588251 -0.00089318 0.855174
0.001925 2431.89 0.0121444 588252 -0.00216982 0.818689
0.005485 2334.36 0.0200595 588252 -0.00171562 0.850657
0.000665 2484.89 0.00491378 588252 -0.0010332 0.801526
0.006385 2319.25 0.0179344 588251 -0.000750262 0.855223
0.005495 2334.18 0.0200453 588252 -0.00188689 0.850711
0.000675 2484.44 0.00497456 588252 -0.00075131 0.80167
0.006395 2319.08 0.0179015 588251 -0.000672444 0.855273
0.005505 2334.01 0.0200308 588252 -0.00203577 0.850765
0.000685 2483.99 0.00503531 588252 -0.000523199 0.801814
0.001935 2431.5 0.0121967 588252 -0.00208504 0.818818
0.006405 2318.92 0.0178683 588251 -0.000656882 0.855322
0.001945 2431.1 0.0122488 588252 -0.00195882 0.818948
0.001955 2430.71 0.0123008 588252 -0.00179084 0.819077
0.001965 2430.31 0.0123527 588252 -0.00158649 0.819207
0.006415 2318.75 0.017835 588251 -0.000690549 0.855372
0.005125 2340.67 0.0204275 588251 -0.000608589 0.8487
0.001975 2429.92 0.0124044 588252 -0.00136038 0.819337
0.006425 2318.59 0.0178015 588252 -0.000755194 0.855422
0.001985 2429.52 0.0124561 588252 -0.00113553 0.819467
0.006435 2318.42 0.0177678 588252 -0.000833826 0.855473
0.001995 2429.13 0.0125077 588252 -0.000937832 0.819597
0.006445 2318.25 0.0177339 588252 -0.000916253 0.855523
0.005135 2340.5 0.0204211 588252 -0.000618294 0.848755
0.002005 2428.73 0.0125591 588252 -0.000788653 0.819728
0.009605 2306.72 0.000666431 588252 -0.000940599 0.856663
0.006455 2318.08 0.0176998 588252 -0.00100154 0.855573
0.002015 2428.33 0.0126104 588252 -0.000698694 0.819858
0.002245 2419.55 0.0137576 588254 -0.00114873 0.822754
0.005145 2340.32 0.0204144 588252 -0.00066347 0.848811
0.006465 2317.91 0.0176655 588252 -0.0010965 0.855623
0.009285 2303.83 0.00206761 588252 -0.000200081 0.857895
0.002025 2427.94 0.0126616 588254 -0.000665929 0.819989
0.006475 2317.75 0.017631 588252 -0.00121105 0.855674
0.005155 2340.14 0.0204076 588252 -0.000733354 0.848867
0.002255 2419.18 0.013806 588252 -0.000953528 0.822875
0.009615 2306.61 0.00064654 588252 -0.000933194 0.856699
0.002035 2427.56 0.0127127 588252 -0.000678548 0.820113
0.009295 2304.12 0.00199996 588252 -0.000482352 0.85778
0.006485 2317.58 0.0175964 588252 -0.00135237 0.855724
0.005165 2339.96 0.0204005 588252 -0.000820025 0.848922
0.002265 2418.81 0.0138542 588252 -0.000804179 0.822995
0.009625 2306.51 0.000626648 588252 -0.000896104 0.856735
0.002045 2427.18 0.0127637 588252 -0.00072077 0.820237
0.009305 2304.42 0.00193229 588252 -0.000756489 0.857664
0.006495 2317.41 0.0175615 588252 -0.00152037 0.855775
0.005175 2339.78 0.0203932 588252 -0.000919948 0.848978
0.002275 2418.45 0.0139023 588252 -0.000711004 0.823116
0.002565 2407.87 0.0152373 588252 -0.000734604 0.826616
0.002055 2426.8 0.0128145 588252 -0.000779625 0.820362
0.009315 2304.71 0.00186461 588252 -0.00098124 0.857548
0.006505 2317.24 0.0175264 588252 -0.00170606 0.855826
0.005185 2339.61 0.0203857 588252 -0.00103364 0.849033
0.002285 2418.08 0.0139503 588252 -0.000673042 0.823238
0.002065 2426.42 0.0128653 588252 -0.000849333 0.820487
0.009325 2305.01 0.00179691 588252 -0.00113513 0.85743
0.006515 2317.07 0.0174912 588252 -0.00189306 0.855877
0.005195 2339.43 0.020378 588252 -0.00116367 0.849089
0.002295 2417.71 0.0139981 588252 -0.000680413 0.823359
0.009635 2306.4 0.000606753 588252 -0.000775756 0.85677
0.002075 2426.04 0.0129159 588252 -0.000932378 0.820611
0.009335 2305.32 0.00172921 588252 -0.00121866 0.857312
0.005205 2339.25 0.02037 588252 -0.00131186 0.849144
0.002305 2417.34 0.0140458 588252 -0.000719326 0.82348
0.001245 2459.54 0.00837231 588252 -0.000521264 0.809676
0.002575 2407.51 0.0152811 588252 -0.000792623 0.826734
0.009645 2306.3 0.000586856 588252 -0.000567838 0.856804
0.002085 2425.66 0.0129664 588252 -0.00103649 0.820736
0.006525 2316.9 0.0174557 588253 -0.00206183 0.855928
0.009345 2305.62 0.00166151 588252 -0.00124665 0.857194
0.005215 2339.07 0.0203619 588252 -0.00147658 0.8492
0.004975 2343.4 0.0204975 588252 -0.00177044 0.847845
0.002315 2416.98 0.0140934 588252 -0.000777923 0.823602
0.002095 2425.28 0.0130168 588252 -0.00116922 0.820862
0.009655 2306.2 0.000566958 588252 -0.000409404 0.856837
0.000625 2486.68 0.00467036 588252 -0.00162703 0.800953
0.002585 2407.16 0.0153248 588252 -0.000866912 0.826853
0.009355 2305.93 0.00159379 588252 -0.00123775 0.857074
0.005225 2338.89 0.0203535 588252 -0.00165128 0.849256
0.003665 2373.33 0.0190552 588252 -0.0014319 0.838094
0.006535 2316.74 0.0174201 588252 -0.00219333 0.855976
0.002325 2416.61 0.0141408 588252 -0.000850431 0.823724
0.004985 2343.22 0.0204944 588252 -0.00193275 0.847904
0.007025 2308.86 0.0154458 588253 -0.00192437 0.85831
0.002105 2424.9 0.013067 588252 -0.00133242 0.820987
0.009665 2306.1 0.000547058 588252 -0.000560281 0.856869
0.002595 2406.8 0.0153684 588252 -0.000957853 0.826972
0.000635 2486.24 0.00473126 588252 -0.00158312 0.801096
0.001255 2459.12 0.00843042 588252 -0.000571706 0.809814
0.002965 2394.34 0.0168695 588252 -0.00223067 0.831111
0.009365 2306.24 0.00152607 588252 -0.0012038 0.856954
0.005235 2338.71 0.0203449 588252 -0.0018245 0.849312
0.006545 2316.58 0.0173842 588252 -0.00227254 0.856023
0.004495 2353.13 0.0203926 588252 -0.00219205 0.844732
0.006555 2316.42 0.0173482 588252 -0.00228959 0.856071
0.003255 2385.22 0.0178845 588252 -0.00178035 0.834144
0.006565 2316.26 0.017312 588252 -0.00224048 0.856118
0.007055 2308.38 0.015311 588252 -0.00231395 0.858451
0.006575 2316.1 0.0172756 588252 -0.00212629 0.856166
0.004505 2352.91 0.0203999 588252 -0.00220642 0.844802
0.006585 2315.94 0.017239 588253 -0.00195312 0.856214
0.004515 2352.69 0.020407 588252 -0.00215911 0.844872
0.003265 2384.91 0.0179169 588252 -0.00156309 0.834248
0.006595 2315.78 0.0172022 588252 -0.00173324 0.85626
0.007065 2308.22 0.0152657 588252 -0.00233247 0.858498
0.004525 2352.48 0.0204138 588252 -0.00205071 0.844942
0.003275 2384.6 0.017949 588253 -0.00133817 0.834352
0.004255 2358.43 0.0201539 588252 -0.00218884 0.843006
0.006605 2315.62 0.0171652 588252 -0.00148546 0.856306
0.007075 2308.06 0.0152202 588252 -0.00228686 0.858545
0.004535 2352.26 0.0204204 588252 -0.0018882 0.845012
0.003285 2384.3 0.0179809 588252 -0.00112635 0.834451
0.007085 2307.9 0.0151746 588252 -0.00217753 0.858592
0.004545 2352.04 0.0204268 588252 -0.00168471 0.845082
0.003295 2384 0.0180127 588252 -0.000946321 0.834549
0.006615 2315.46 0.017128 588252 -0.00123458 0.856352
0.004265 2358.21 0.0201663 588252 -0.00209767 0.843081
0.007095 2307.74 0.0151288 588252 -0.00200798 0.858639
0.004555 2351.83 0.020433 588252 -0.00145837 0.845152
0.003305 2383.7 0.0180443 588252 -0.000811565 0.834648
0.004085 2362.53 0.0199109 588251 -0.000711737 0.841662
0.006625 2315.3 0.0170907 588251 -0.0010079 0.856399
0.004275 2357.98 0.0201784 588252 -0.00195058 0.843155
0.007105 2307.58 0.0150829 588252 -0.00178699 0.858686
0.004565 2351.61 0.020439 588253 -0.00122974 0.845222
0.003315 2383.41 0.0180757 588252 -0.000727744 0.834746
0.005845 2328.22 0.0194124 588252 -0.00126227 0.852528
0.006635 2315.15 0.0170531 588251 -0.000830223 0.856445
0.004285 2357.75 0.0201904 588252 -0.00175862 0.843229
0.007115 2307.42 0.0150367 588252 -0.00153138 0.858733
0.004575 2351.4 0.0204448 588252 -0.00101963 0.845288
0.003325 2383.11 0.0181069 588252 -0.000693058 0.834845
0.006645 2314.99 0.0170154 588251 -0.000717908 0.856492
0.004295 2357.52 0.0202022 588252 -0.00153823 0.843304
0.007125 2307.26 0.0149904 588252 -0.00126697 0.858781
0.004585 2351.2 0.0204503 588251 -0.000845512 0.845354
0.003335 2382.81 0.0181379 588252 -0.000700197 0.834943
0.004095 2362.28 0.0199269 588251 -0.000658147 0.841742
0.004305 2357.29 0.0202137 588252 -0.00130939 0.843378
0.006655 2314.83 0.0169775 588251 -0.000674617 0.856539
0.007135 2307.1 0.0149439 588251 -0.00102562 0.858828
0.004595 2350.99 0.0204557 588251 -0.000719306 0.84542
0.003345 2382.52 0.0181688 588252 -0.000739732 0.835042
0.005855 2328.06 0.0193905 588251 -0.00103734 0.852578
0.004105 2362.04 0.0199426 588252 -0.000650389 0.841822
0.004315 2357.06 0.0202251 588252 -0.00109296 0.843453
0.010215 2300.79 0.000236665 588251 -0.00154057 0.858745
0.007145 2306.94 0.0148973 588251 -0.000838237 0.858876
0.004605 2350.79 0.0204608 588251 -0.000645281 0.845486
0.003355 2382.22 0.0181994 588252 -0.000803522 0.835141
0.004115 2361.8 0.0199582 588252 -0.000680106 0.841901
0.005865 2327.89 0.0193684 588251 -0.000849858 0.852629
0.006665 2314.67 0.0169394 588251 -0.000690821 0.856586
0.004325 2356.84 0.0202362 588252 -0.000907505 0.843527
0.007155 2306.78 0.0148505 588251 -0.00072588 0.858923
0.004615 2350.58 0.0204657 588251 -0.000620935 0.845552
0.003365 2381.92 0.0182299 588252 -0.000886907 0.83524
0.004125 2361.56 0.0199735 588252 -0.000738403 0.841981
0.005875 2327.72 0.0193461 588251 -0.000715299 0.85268
0.006675 2314.51 0.0169011 588252 -0.000747693 0.856633
0.004335 2356.61 0.0202471 588251 -0.000766436 0.843601
0.007165 2306.61 0.0148035 588251 -0.000692905 0.858971
0.004625 2350.38 0.0204704 588252 -0.000638695 0.845618
0.003375 2381.63 0.0182601 588252 -0.000988967 0.835339
0.004135 2361.31 0.0199887 588252 -0.000818362 0.842061
0.005885 2327.55 0.0193235 588251 -0.000640333 0.852731
0.006685 2314.35 0.0168626 588252 -0.000824175 0.85668
0.010225 2300.78 0.00023666 588252 -0.00104746 0.858747
0.004345 2356.38 0.0202578 588251 -0.000676217 0.843676
0.007175 2306.45 0.0147564 588251 -0.000725653 0.859019
0.004635 2350.17 0.0204748 588252 -0.000688852 0.845684
0.008965 2296.78 0.00422093 588252 -0.000447363 0.860743
0.003385 2381.33 0.0182902 588252 -0.00111096 0.835438
0.004145 2361.07 0.0200036 588252 -0.000916306 0.84214
0.005895 2327.38 0.0193008 588251 -0.000622036 0.852782
0.006695 2314.19 0.0168239 588252 -0.000904492 0.856728
0.004355 2356.16 0.0202683 588253 -0.000636356 0.843751
0.010235 2300.78 0.000236657 588252 -0.00037162 0.858749
0.007185 2306.29 0.0147091 588252 -0.000798005 0.859067
0.004645 2349.97 0.0204791 588252 -0.000762554 0.84575
0.003395 2381.03 0.0183201 588252 -0.00125374 0.835537
0.004155 2360.83 0.0200183 588252 -0.00103151 0.84222
0.005905 2327.21 0.0192778 588251 -0.000649723 0.852834
0.006705 2314.03 0.0167851 588252 -0.00098309 0.856775
0.004365 2355.93 0.0202786 588252 -0.000640767 0.843821
0.007195 2306.13 0.0146616 588252 -0.00088181 0.859116
0.004655 2349.76 0.0204831 588252 -0.000853943 0.845817
0.003405 2380.73 0.0183499 588252 -0.00141535 0.835636
0.008975 2296.92 0.00415413 588252 -0.000572286 0.86068
0.007365 2303.54 0.01383 588252 -0.0016678 0.859877
0.005915 2327.04 0.0192547 588252 -0.000708918 0.852885
0.008645 2293.22 0.0063321 588252 -0.00115858 0.862343
0.004375 2355.72 0.0202886 588252 -0.000680478 0.843891
0.007205 2305.97 0.014614 588252 -0.000957811 0.859164
0.004665 2349.56 0.020487 588252 -0.000960802 0.845883
0.003415 2380.44 0.0183794 588252 -0.00158964 0.835735
0.006715 2313.87 0.016746 588252 -0.00106505 0.856823
0.008985 2297.07 0.00408728 588252 -0.000484977 0.860617
0.005925 2326.87 0.0192313 588252 -0.000786189 0.852937
0.008325 2292.79 0.00837346 588252 -0.00208996 0.862814
0.004385 2355.5 0.0202985 588252 -0.000746504 0.843961
0.007215 2305.81 0.0145662 588252 -0.00102215 0.859212
0.007685 2298.78 0.0121448 588251 -0.00071307 0.861274
0.007225 2305.65 0.0145183 588252 -0.00108582 0.859258
0.008005 2294.84 0.0103189 588252 -0.00107815 0.862383
0.005515 2333.83 0.0200162 588252 -0.00214575 0.850819
0.007235 2305.5 0.0144702 588252 -0.00116767 0.859303
0.000695 2483.54 0.00509602 588252 -0.000378896 0.801959
0.007245 2305.34 0.0144219 588252 -0.00128438 0.859349
0.007695 2298.63 0.0120898 588252 -0.000808742 0.861317
0.005525 2333.66 0.0200013 588252 -0.00220289 0.850873
0.003675 2373.06 0.0190797 588252 -0.00160578 0.838183
0.007255 2305.19 0.0143734 588252 -0.00144199 0.859395
0.008015 2294.74 0.0102598 588253 -0.00122935 0.862413
0.007705 2298.48 0.0120346 588252 -0.000899495 0.86136
0.005535 2333.48 0.0199862 588253 -0.00219793 0.850927
0.003685 2372.8 0.019104 588252 -0.00178075 0.838272
0.007265 2305.03 0.0143248 588252 -0.00163227 0.859441
0.008025 2294.64 0.0102006 588252 -0.00143285 0.862436
0.007715 2298.34 0.0119793 588252 -0.0009631 0.861404
0.005545 2333.31 0.0199709 588252 -0.00212745 0.850978
0.003695 2372.53 0.0191281 588252 -0.00194416 0.838361
0.000705 2483.08 0.00515671 588252 -0.00031587 0.802103
0.007275 2304.88 0.0142761 588253 -0.00183566 0.859487
0.008035 2294.55 0.0101413 588252 -0.00165859 0.862459
0.005555 2333.15 0.0199554 588252 -0.00199466 0.851029
0.003705 2372.26 0.019152 588252 -0.00208248 0.83845
0.007285 2304.73 0.0142271 588252 -0.00202722 0.85953
0.007725 2298.19 0.0119239 588252 -0.00100193 0.861447
0.000715 2482.63 0.00521737 588252 -0.000319312 0.802249
0.008045 2294.46 0.0100818 588252 -0.00187085 0.862482
0.005565 2332.98 0.0199397 588252 -0.00180935 0.85108
0.003715 2371.99 0.0191758 588252 -0.00218294 0.838539
0.007295 2304.58 0.014178 588252 -0.00218411 0.859574
0.007735 2298.05 0.0118683 588252 -0.00103888 0.86149
0.000725 2482.17 0.00527799 588252 -0.000371027 0.802394
0.008055 2294.37 0.0100222 588252 -0.00204106 0.862505
0.005575 2332.81 0.0199237 588252 -0.00158741 0.851131
0.003725 2371.72 0.0191993 588252 -0.00223504 0.838628
0.007305 2304.43 0.0141288 588252 -0.00229015 0.859617
0.007745 2297.9 0.0118126 588252 -0.00110407 0.861533
0.008065 2294.28 0.00996257 588252 -0.00215366 0.862528
0.005585 2332.64 0.0199075 588252 -0.00134936 0.851182
0.003735 2371.45 0.0192226 588252 -0.00223152 0.838717
0.002335 2416.24 0.0141881 588252 -0.000938082 0.823846
0.000735 2481.72 0.00533858 588252 -0.000447799 0.80254
0.007315 2304.28 0.0140794 588252 -0.00233727 0.859661
0.007755 2297.75 0.0117567 588252 -0.00121926 0.861576
0.008075 2294.2 0.00990278 588254 -0.00220709 0.86255
0.005595 2332.47 0.0198912 588252 -0.00111805 0.851234
0.003745 2371.18 0.0192457 588252 -0.00216927 0.838807
0.004995 2343.03 0.020491 588252 -0.0020679 0.847964
0.007325 2304.13 0.0140298 588252 -0.00232278 0.859704
0.002115 2424.52 0.0131172 588252 -0.00151896 0.821112
0.007765 2297.61 0.0117008 588253 -0.00138799 0.861619
0.008085 2294.13 0.00984287 588252 -0.00220698 0.862565
0.005605 2332.3 0.0198746 588251 -0.000915345 0.851285
0.003755 2370.91 0.0192686 588252 -0.0020501 0.838896
0.009675 2305.98 0.000530273 588244 -0.0011604 0.8569
0.005005 2342.84 0.0204875 588252 -0.00216087 0.848023
0.000745 2481.27 0.00539914 588254 -0.000525525 0.802686
0.007335 2303.98 0.0139801 588252 -0.00224627 0.859747
0.007035 2308.69 0.015401 588252 -0.00209946 0.858357
0.007775 2297.48 0.0116446 588253 -0.00159492 0.861656
0.008095 2294.06 0.00978286 588252 -0.00215877 0.86258
0.002345 2415.87 0.0142353 588252 -0.00104664 0.823968
0.005615 2332.14 0.0198578 588251 -0.00075864 0.851336
0.003765 2370.64 0.0192913 588252 -0.00188133 0.838985
0.005015 2342.65 0.0204837 588252 -0.00219931 0.848082
0.002605 2406.44 0.0154118 588252 -0.00106964 0.827091
0.005025 2342.47 0.0204796 588252 -0.00217559 0.848141
0.002615 2406.08 0.0154551 588252 -0.00120632 0.827211
0.005035 2342.28 0.0204754 588252 -0.00208812 0.8482
0.002625 2405.72 0.0154982 588252 -0.00136787 0.82733
0.005045 2342.1 0.020471 588253 -0.00194168 0.848259
0.001265 2458.69 0.00848847 588252 -0.000637815 0.809953
0.002635 2405.36 0.0155412 588252 -0.0015479 0.827449
0.005055 2341.91 0.0204663 588252 -0.00174772 0.848314
0.009375 2306.55 0.00145834 588252 -0.00113688 0.856833
0.005245 2338.53 0.0203361 588252 -0.00198123 0.849367
0.002645 2405 0.015584 588252 -0.00173406 0.827569
0.005065 2341.74 0.0204614 588252 -0.00152325 0.848369
0.009385 2306.86 0.0013906 588252 -0.00100963 0.856711
0.002975 2394.01 0.016907 588252 -0.00213978 0.831219
0.002655 2404.65 0.0156266 588254 -0.00191056 0.827688
0.005075 2341.56 0.0204563 588252 -0.00128926 0.848424
0.004675 2349.35 0.0204906 588252 -0.00108365 0.845949
0.009395 2307.18 0.00132286 588252 -0.000813191 0.856589
0.001275 2458.26 0.00854645 588252 -0.000705645 0.810092
0.003425 2380.14 0.0184087 588252 -0.00176645 0.835834
0.002665 2404.31 0.0156691 588252 -0.00206175 0.8278
0.008655 2293.28 0.00626704 588251 -0.000759895 0.862309
0.002985 2393.69 0.0169443 588252 -0.00199854 0.831328
0.005085 2341.38 0.020451 588252 -0.00106753 0.848479
0.005935 2326.7 0.0192077 588252 -0.000873119 0.852989
0.008995 2297.24 0.0040204 588256 -0.000299078 0.860552
0.005095 2341.21 0.0204454 588251 -0.000877775 0.848534
0.007375 2303.39 0.0137797 588252 -0.00139648 0.859921
0.005945 2326.53 0.0191839 588252 -0.000968009 0.85304
0.005105 2341.03 0.0204397 588251 -0.000734525 0.848589
0.004395 2355.29 0.0203081 588252 -0.00083235 0.844031
0.009005 2297.42 0.00395348 588252 -0.000164695 0.860472
0.008335 2292.76 0.00831099 588252 -0.00210424 0.862815
0.005955 2326.36 0.0191599 588252 -0.00107477 0.853092
0.007385 2303.24 0.0137292 588251 -0.00112972 0.859964
0.005115 2340.85 0.0204337 588251 -0.00064499 0.848645
0.007345 2303.83 0.0139302 588252 -0.00210828 0.859791
0.009015 2297.61 0.00388652 588251 -0.000172245 0.860391
0.004405 2355.07 0.0203175 588252 -0.000934945 0.844101
0.005965 2326.19 0.0191357 588252 -0.00119958 0.853144
0.007395 2303.09 0.0136785 588251 -0.000904063 0.860007
0.000755 2480.83 0.00545967 588252 -0.000590471 0.802825
0.007785 2297.36 0.0115884 588252 -0.00181147 0.861689
0.007405 2302.94 0.0136277 588251 -0.000750595 0.860051
0.008105 2293.99 0.00972274 588252 -0.00206057 0.862595
0.000765 2480.39 0.00552015 588252 -0.000647774 0.802964
0.002125 2424.14 0.0131672 588252 -0.00171325 0.821237
0.007415 2302.79 0.0135768 588251 -0.000684288 0.860095
0.007795 2297.24 0.011532 588252 -0.0020067 0.861722
0.005625 2331.97 0.0198407 588251 -0.000657852 0.851388
0.008115 2293.92 0.0096625 588252 -0.00190357 0.862609
0.000775 2479.96 0.00558061 588252 -0.000717298 0.803103
0.002355 2415.5 0.0142823 588252 -0.0011818 0.82409
0.007425 2302.64 0.0135256 588251 -0.000698346 0.860138
0.007805 2297.12 0.0114755 588252 -0.00215667 0.861755
0.002135 2423.76 0.0132171 588252 -0.00189526 0.821363
0.003775 2370.38 0.0193138 588252 -0.00167591 0.839074
0.008125 2293.85 0.00960216 588252 -0.00167879 0.862623
0.000785 2479.52 0.00564103 588252 -0.000822466 0.803243
0.005635 2331.8 0.0198235 588251 -0.000614046 0.85144
0.009685 2305.84 0.000517522 588251 -0.00202413 0.856958
0.007435 2302.49 0.0134744 588251 -0.00076697 0.860182
0.007815 2297.01 0.0114189 588252 -0.00224986 0.861788
0.002365 2415.13 0.0143292 588252 -0.00134445 0.824212
0.002145 2423.38 0.0132668 588252 -0.0020462 0.821489
0.008135 2293.79 0.00954171 588252 -0.00139129 0.862637
0.003785 2370.11 0.0193361 588252 -0.00145153 0.839163
0.000795 2479.09 0.00570141 588252 -0.000978432 0.803383
0.005645 2331.63 0.0198061 588251 -0.00062025 0.851492
0.007445 2302.34 0.013423 588252 -0.000856025 0.860226
0.002375 2414.76 0.014376 588252 -0.00152798 0.824335
0.007825 2296.89 0.0113621 588252 -0.0022847 0.86182
0.009695 2305.68 0.000507885 588251 -0.00263916 0.857015
0.008145 2293.72 0.00948115 588251 -0.00107135 0.86265
0.003795 2369.84 0.0193582 588252 -0.0012285 0.839252
0.005655 2331.46 0.0197884 588252 -0.00066437 0.851544
0.002155 2423 0.0133165 588252 -0.00215317 0.821615
0.007455 2302.19 0.0133714 588252 -0.000937085 0.86027
0.002385 2414.39 0.0144226 588252 -0.00171855 0.824457
0.009405 2307.49 0.00125512 588252 -0.000607002 0.856465
0.000805 2478.65 0.00576176 588252 -0.00118461 0.803523
0.003805 2369.57 0.0193802 588252 -0.00102681 0.839341
0.007835 2296.77 0.0113052 588252 -0.00226426 0.861853
0.008155 2293.66 0.00942048 588251 -0.000773194 0.862664
0.005665 2331.29 0.0197705 588252 -0.00073332 0.851596
0.009705 2305.52 0.000498248 588251 -0.00256 0.857072
0.007465 2302.04 0.0133197 588252 -0.000998434 0.860314
0.002395 2414.02 0.014469 588252 -0.00189842 0.82458
0.002165 2422.62 0.013366 588252 -0.00221074 0.821741
0.000815 2478.21 0.00582207 588252 -0.00142172 0.803663
0.009415 2307.81 0.00118738 588252 -0.000504361 0.856341
0.003815 2369.3 0.0194019 588252 -0.000862811 0.83943
0.007845 2296.65 0.0112482 588252 -0.00218978 0.861885
0.005675 2331.12 0.0197524 588252 -0.000817013 0.851648
0.008165 2293.59 0.00935971 588251 -0.000557748 0.862677
0.009715 2305.36 0.00048861 588252 -0.00178 0.857129
0.007475 2301.89 0.0132678 588252 -0.00104803 0.860358
0.002405 2413.65 0.0145154 588252 -0.00205052 0.824702
0.002175 2422.23 0.0134154 588252 -0.00221919 0.821867
0.000825 2477.77 0.00588234 588252 -0.00165414 0.803803
0.009425 2308.14 0.00111963 588252 -0.000574942 0.856217
0.007855 2296.54 0.011191 588252 -0.00205797 0.861917
0.003825 2369.03 0.0194234 588253 -0.000746579 0.83952
0.005685 2330.95 0.0197341 588252 -0.000910805 0.8517
0.008175 2293.53 0.00929883 588251 -0.000466204 0.86269
0.007485 2301.74 0.0132158 588252 -0.00110742 0.860401
0.002415 2413.28 0.0145616 588252 -0.00216218 0.824825
0.009725 2305.2 0.000478971 588252 -0.000750686 0.857185
0.002185 2421.85 0.0134647 588252 -0.00218085 0.821993
0.000835 2477.33 0.00594257 588252 -0.00183956 0.803944
0.009435 2308.46 0.00105188 588252 -0.000750992 0.856092
0.007865 2296.42 0.0111338 588252 -0.00186425 0.861949
0.003835 2368.77 0.0194447 588251 -0.00068105 0.839604
0.005695 2330.77 0.0197156 588252 -0.00101562 0.851752
0.007495 2301.6 0.0131636 588252 -0.00119987 0.860445
0.002425 2412.91 0.0146076 588252 -0.00222652 0.824948
0.008185 2293.47 0.00923785 588251 -0.000499103 0.862703
0.002195 2421.47 0.0135138 588252 -0.00209735 0.82212
0.000845 2476.89 0.00600277 588252 -0.00194516 0.804086
0.009445 2308.6 0.000998713 588203 -0.000907615 0.855967
0.007875 2296.31 0.0110764 588252 -0.00161141 0.86198
0.005705 2330.6 0.0196969 588252 -0.00113581 0.851804
0.007505 2301.45 0.0131113 588252 -0.00133872 0.860489
0.002435 2412.53 0.0146535 588252 -0.00224132 0.825072
0.008195 2293.41 0.00917676 588251 -0.000614158 0.862716
0.005255 2338.35 0.0203271 588252 -0.00210529 0.849423
0.004685 2349.14 0.0204939 588252 -0.00122371 0.846015
0.008205 2293.34 0.00911557 588252 -0.000745982 0.862729
0.003435 2379.84 0.0184379 588252 -0.0019329 0.835933
0.005265 2338.18 0.0203178 588252 -0.00218188 0.849479
0.002675 2403.97 0.0157115 588252 -0.00217513 0.827912
0.008215 2293.28 0.00905427 588252 -0.000837959 0.862741
0.004695 2348.94 0.0204971 588252 -0.00138052 0.846081
0.002995 2393.36 0.0169814 588252 -0.00181475 0.831436
0.005275 2338 0.0203084 588252 -0.0021999 0.849535
0.003445 2379.54 0.0184668 588252 -0.00207541 0.836032
0.008225 2293.22 0.00899288 588252 -0.000868849 0.862753
0.002685 2403.63 0.0157537 588252 -0.00224257 0.828023
0.004705 2348.73 0.0205001 588252 -0.00155007 0.846147
0.005285 2337.82 0.0202987 588252 -0.00215367 0.849591
0.003005 2393.03 0.0170183 588252 -0.00160161 0.831544
0.008665 2293.35 0.00620192 588251 -0.000361551 0.862275
0.003455 2379.25 0.0184956 588252 -0.00218144 0.836131
0.008235 2293.17 0.00893138 588252 -0.000859511 0.862765
0.002695 2403.29 0.0157957 588252 -0.00225989 0.828135
0.004715 2348.53 0.0205028 588252 -0.001724 0.846214
0.005295 2337.64 0.0202888 588253 -0.00204381 0.849647
0.003015 2392.71 0.0170551 588252 -0.00137729 0.831653
0.008345 2292.73 0.00824843 588252 -0.00207385 0.862814
0.003465 2378.95 0.0185242 588252 -0.00224083 0.83623
0.008675 2293.42 0.00613672 588251 -8.67474e-05 0.86224
0.008245 2293.11 0.00886978 588252 -0.000857242 0.862776
0.009025 2297.81 0.00381953 588252 -0.000328878 0.86031
0.004725 2348.32 0.0205053 588252 -0.00189009 0.84628
0.002705 2402.96 0.0158376 588252 -0.0022255 0.828247
0.005305 2337.46 0.0202787 588252 -0.00187771 0.8497
0.003025 2392.38 0.0170917 588252 -0.00116269 0.831761
0.007355 2303.68 0.0138802 588252 -0.00191205 0.859834
0.003475 2378.65 0.0185526 588252 -0.0022465 0.836329
0.008685 2293.49 0.00607147 588251 -2.52477e-05 0.862206
0.008355 2292.71 0.00818577 588252 -0.00200402 0.862814
0.008255 2293.05 0.00880808 588252 -0.000908432 0.862787
0.004735 2348.11 0.0205076 588252 -0.00203371 0.846346
0.002715 2402.62 0.0158793 588252 -0.00213963 0.828359
0.005315 2337.29 0.0202683 588252 -0.00166904 0.849752
0.009035 2298.01 0.0037525 588252 -0.000580975 0.860229
0.003035 2392.06 0.0171281 588253 -0.000977504 0.83187
0.004415 2354.86 0.0203267 588252 -0.00105406 0.844171
0.005975 2326.02 0.0191113 588252 -0.00134659 0.853196
0.003045 2391.75 0.0171643 588252 -0.000836619 0.831972
0.009735 2305.04 0.000469331 588252 5.68253e-05 0.85724
0.004425 2354.64 0.0203357 588252 -0.00119056 0.844241
0.005985 2325.85 0.0190867 588252 -0.00151451 0.853248
0.003055 2391.44 0.0172004 588252 -0.000747069 0.832075
0.000855 2476.45 0.00606292 588252 -0.00196367 0.804227
0.009455 2308.64 0.000964319 588252 -0.000913987 0.856016
0.004435 2354.42 0.0203445 588252 -0.00134414 0.844311
0.005995 2325.68 0.0190619 588253 -0.00169522 0.8533
0.003065 2391.13 0.0172363 588252 -0.000707833 0.832178
0.002205 2421.08 0.0135628 588252 -0.00196931 0.822246
0.000865 2476.01 0.00612304 588252 -0.00191782 0.804369
0.009745 2304.89 0.000459692 588252 0.00050809 0.857293
0.004445 2354.21 0.020353 588252 -0.00151144 0.844381
0.009465 2308.5 0.000944496 588252 -0.00074266 0.856065
0.006005 2325.51 0.0190368 588252 -0.00187444 0.85335
0.003075 2390.82 0.017272 588252 -0.000711428 0.832281
0.000875 2475.57 0.00618311 588252 -0.00184603 0.804512
0.009755 2304.74 0.000450052 588252 0.000734159 0.857345
0.005715 2330.43 0.0196779 588252 -0.00127563 0.851857
0.009475 2308.35 0.000924667 588252 -0.000429968 0.856113
0.004455 2353.99 0.0203614 588252 -0.0016851 0.844451
0.006015 2325.35 0.0190116 588252 -0.00203447 0.8534
0.002215 2420.7 0.0136117 588252 -0.00179906 0.822373
0.003085 2390.51 0.0173075 588252 -0.000747859 0.832384
0.000885 2475.12 0.00624315 588252 -0.00177547 0.804654
0.009485 2308.21 0.000904832 588252 -7.91991e-05 0.856159
0.005725 2330.26 0.0196588 588252 -0.00143574 0.851909
0.004465 2353.77 0.0203695 588252 -0.00185393 0.844521
0.006025 2325.18 0.0189861 588252 -0.00215742 0.85345
0.002225 2420.31 0.0136605 588252 -0.00159426 0.8225
0.003095 2390.2 0.0173429 588252 -0.000808348 0.832487
0.000895 2474.68 0.00630314 588252 -0.00170235 0.804797
0.009765 2304.6 0.000440411 588251 0.000851423 0.857396
0.009495 2308.08 0.000884991 588252 0.000231008 0.856205
0.007885 2296.19 0.0110188 588252 -0.00131862 0.862012
0.007515 2301.3 0.0130588 588252 -0.00152088 0.860533
0.005735 2330.09 0.0196394 588252 -0.00161097 0.851961
0.004475 2353.56 0.0203774 588252 -0.00200416 0.844591
0.006035 2325.01 0.0189605 588252 -0.00222838 0.8535
0.003105 2389.89 0.0173781 588252 -0.000887936 0.83259
0.009775 2304.45 0.000430771 588251 0.000853581 0.857447
0.002235 2419.93 0.0137091 588252 -0.00137024 0.822627
0.000905 2474.23 0.00636309 588252 -0.00159664 0.80494
0.009505 2307.94 0.000865144 588252 0.000442607 0.85625
0.007895 2296.08 0.0109612 588251 -0.00102413 0.862043
0.005745 2329.92 0.0196198 588252 -0.00179004 0.852014
0.007525 2301.15 0.0130062 588252 -0.00172792 0.860577
0.006045 2324.85 0.0189346 588253 -0.00223729 0.853551
0.002445 2412.16 0.0146993 588252 -0.00220668 0.825195
0.003485 2378.36 0.0185808 588254 -0.00219502 0.836429
0.006055 2324.68 0.0189086 588252 -0.00217983 0.853599
0.008695 2293.56 0.00600614 588251 -0.000171064 0.862171
0.002455 2411.8 0.0147449 588254 -0.00212331 0.825318
0.004745 2347.91 0.0205097 588253 -0.0021401 0.846413
0.006065 2324.52 0.0188823 588252 -0.00205787 0.853647
0.003495 2378.07 0.0186088 588252 -0.00208717 0.836522
0.008265 2292.99 0.00874628 588252 -0.00103467 0.862798
0.002465 2411.43 0.0147904 588252 -0.00199275 0.825436
0.008705 2293.63 0.00594076 588252 -0.00041837 0.862136
0.002725 2402.28 0.0159208 588252 -0.00200463 0.828472
0.006075 2324.36 0.0188558 588252 -0.00187955 0.853695
0.004755 2347.71 0.0205116 588252 -0.0021962 0.846475
0.003505 2377.79 0.0186366 588252 -0.00192868 0.836616
0.008365 2292.68 0.00812303 588252 -0.00188722 0.862813
0.002475 2411.08 0.0148358 588252 -0.00181933 0.825553
0.005325 2337.12 0.0202578 588252 -0.00143672 0.849805
0.009045 2298.21 0.00368544 588252 -0.000861743 0.860147
0.002485 2410.72 0.014881 588252 -0.00161279 0.825671
0.003115 2389.58 0.0174131 588252 -0.000985948 0.832694
0.005335 2336.95 0.020247 588252 -0.00120259 0.849858
0.009785 2304.31 0.000421131 588251 0.000706263 0.857497
0.002495 2410.37 0.014926 588252 -0.00138936 0.825788
0.009055 2298.41 0.00361834 588252 -0.00111697 0.860064
0.000915 2473.78 0.006423 588252 -0.00142907 0.805083
0.003125 2389.27 0.017448 588252 -0.00110432 0.832797
0.005345 2336.78 0.020236 588251 -0.000988666 0.84991
0.009515 2307.81 0.000845292 588251 0.000517432 0.856295
0.002505 2410.01 0.0149709 588252 -0.00117032 0.825906
0.009065 2298.62 0.0035512 588252 -0.00131415 0.859981
0.005755 2329.74 0.0196 588252 -0.00195722 0.852067
0.009795 2304.17 0.000411492 588252 0.000433972 0.857546
0.003135 2388.96 0.0174826 588252 -0.00124471 0.8329
0.000925 2473.34 0.00648287 588252 -0.00119885 0.805227
0.005355 2336.61 0.0202248 588251 -0.000813696 0.849963
0.007905 2295.96 0.0109034 588251 -0.000777376 0.862074
0.007535 2301 0.0129535 588252 -0.00193292 0.860621
0.005365 2336.44 0.0202134 588251 -0.000690164 0.850016
0.008715 2293.7 0.0058753 588252 -0.000623964 0.8621
0.007915 2295.85 0.0108455 588251 -0.000621848 0.862105
0.008275 2292.95 0.00868439 588254 -0.00123019 0.862808
0.007545 2300.85 0.0129006 588252 -0.00210942 0.860665
0.005375 2336.26 0.0202018 588251 -0.000622479 0.850069
0.004765 2347.52 0.0205132 588252 -0.0021929 0.846537
0.008725 2293.78 0.00580979 588252 -0.000693057 0.862063
0.007925 2295.74 0.0107875 588251 -0.000576765 0.862137
0.003515 2377.5 0.0186642 588252 -0.00173077 0.83671
0.008285 2292.91 0.0086224 588252 -0.00146363 0.86281
0.007555 2300.7 0.0128475 588252 -0.00223829 0.860708
0.005385 2336.09 0.0201899 588251 -0.000607046 0.850122
0.002735 2401.94 0.0159622 588252 -0.00182665 0.828584
0.004775 2347.32 0.0205146 588252 -0.00212637 0.846599
0.008735 2293.85 0.00574422 588252 -0.000629527 0.862026
0.007935 2295.62 0.0107293 588251 -0.000627639 0.862168
0.008375 2292.66 0.00806019 588252 -0.00170516 0.862812
0.002515 2409.66 0.0150157 588252 -0.000977865 0.826024
0.007945 2295.51 0.0106711 588252 -0.000732047 0.8622
0.009075 2298.82 0.00348404 588252 -0.00144209 0.859897
0.008385 2292.64 0.00799726 588252 -0.00144329 0.86281
0.009525 2307.68 0.000825435 588251 0.000443046 0.856339
0.002525 2409.3 0.0150603 588252 -0.000829859 0.826142
0.009805 2304.03 0.000401852 588252 0.000109179 0.857595
0.007955 2295.4 0.0106127 588252 -0.000838879 0.862231
0.008395 2292.61 0.00793424 588252 -0.00111229 0.862808
0.009085 2299.03 0.00341684 588252 -0.00150705 0.859812
0.003145 2388.64 0.0175171 588252 -0.00140565 0.833004
0.002535 2408.94 0.0151047 588252 -0.000735664 0.82626
0.009535 2307.55 0.000805574 588252 0.000239085 0.856382
0.007965 2295.29 0.0105542 588252 -0.000911593 0.862261
0.008405 2292.59 0.00787114 588251 -0.000761606 0.862805
0.000935 2472.89 0.00654269 588252 -0.000939746 0.805371
0.009095 2299.24 0.00334962 588252 -0.00152376 0.859727
0.009815 2303.9 0.000392213 588252 -0.000192505 0.857642
0.002545 2408.59 0.0151491 588252 -0.000694707 0.826379
0.003155 2388.33 0.0175514 588252 -0.00158103 0.833107
0.009545 2307.43 0.000785708 588252 -4.60521e-05 0.856425
0.007975 2295.17 0.0104955 588252 -0.00094351 0.862292
0.008415 2292.57 0.00780794 588251 -0.000469531 0.862802
0.008295 2292.87 0.0085603 588252 -0.00169484 0.862812
0.009105 2299.45 0.00328236 588252 -0.0014991 0.859641
0.000945 2472.45 0.00660247 588254 -0.000702004 0.805516
0.009825 2303.77 0.000382575 588252 -0.000419039 0.857689
0.002555 2408.23 0.0151932 588252 -0.000698407 0.826497
0.003165 2388.02 0.0175855 588252 -0.00176023 0.833211
0.009555 2307.3 0.000765837 588252 -0.000349724 0.856467
0.007985 2295.06 0.0104368 588252 -0.000957572 0.862322
0.008425 2292.56 0.00774466 588251 -0.000309454 0.862799
0.009115 2299.67 0.00321507 588252 -0.00142618 0.859554
0.008305 2292.84 0.00849812 588252 -0.00188673 0.862813
0.007565 2300.55 0.0127943 588252 -0.00231004 0.860752
0.005395 2335.92 0.0201779 588252 -0.000634324 0.850176
0.008315 2292.82 0.00843584 588252 -0.00201991 0.862814
0.002745 2401.6 0.0160035 588252 -0.0016172 0.828696
0.007575 2300.4 0.012741 588252 -0.00232254 0.860796
0.004785 2347.13 0.0205159 588252 -0.00199933 0.846661
0.008745 2293.94 0.00567858 588255 -0.000513521 0.861988
0.000955 2472.01 0.0066622 588252 -0.00052672 0.805653
0.004795 2346.93 0.0205169 588252 -0.00182098 0.846724
0.009835 2303.64 0.000372938 588252 -0.000552336 0.857734
0.008755 2294.04 0.00561288 588252 -0.000448579 0.861937
0.003175 2387.71 0.0176195 588252 -0.00192981 0.833314
0.009565 2307.18 0.000745963 588252 -0.000614336 0.856508
0.008765 2294.16 0.00554713 588252 -0.000500065 0.861885
0.007995 2294.95 0.0103779 588252 -0.000991672 0.862353
0.003185 2387.4 0.0176532 588252 -0.00207581 0.833418
0.008435 2292.54 0.0076813 588251 -0.000310541 0.862796
0.009575 2307.06 0.000726085 588252 -0.000802619 0.856548
0.009125 2299.88 0.00314776 588252 -0.00131246 0.859467
0.005405 2335.75 0.0201656 588252 -0.000692277 0.850229
0.009585 2306.95 0.000706203 588252 -0.000904826 0.856587
0.007585 2300.26 0.0126875 588252 -0.00227632 0.86084
0.009135 2300.1 0.00308042 588252 -0.0012004 0.859379
0.002755 2401.27 0.0160446 588252 -0.00139348 0.828809
0.009595 2306.83 0.000686318 588252 -0.00093902 0.856625
0.005415 2335.57 0.0201531 588252 -0.000770136 0.850282
0.009845 2303.51 0.000363301 588252 -0.000606136 0.857779
0.007595 2300.11 0.0126338 588252 -0.00217099 0.860883
0.009145 2300.32 0.00301305 588252 -0.00109992 0.85929
0.002765 2400.93 0.0160855 588252 -0.00117652 0.828921
0.005425 2335.4 0.0201404 588252 -0.000861235 0.850336
0.008775 2294.27 0.00548132 588252 -0.000674643 0.861833
0.003195 2387.09 0.0176868 588252 -0.00218583 0.833522
0.005435 2335.23 0.0201274 588252 -0.000963985 0.850389
0.008445 2292.52 0.00761784 588251 -0.000438505 0.862793
0.008785 2294.39 0.00541544 588252 -0.000926738 0.861781
0.007605 2299.96 0.0125801 588252 -0.00200534 0.860927
0.007615 2299.81 0.0125262 588252 -0.00178204 0.86097
0.007625 2299.66 0.0124721 588252 -0.00151426 0.861013
0.007635 2299.51 0.0124179 588252 -0.00122968 0.861057
0.009155 2300.54 0.00294566 588252 -0.000893554 0.8592
0.007645 2299.37 0.0123636 588251 -0.000967783 0.8611
0.009855 2303.39 0.000353665 588252 -0.0006085 0.857822
0.007655 2299.22 0.0123091 588251 -0.00076945 0.861143
0.007665 2299.07 0.0122545 588251 -0.000662702 0.861186
0.009865 2303.27 0.000344031 588252 -0.000578958 0.857865
0.009165 2300.77 0.00287824 588252 -0.000421256 0.85911
0.007675 2298.92 0.0121997 588251 -0.000651359 0.86123
0.002775 2400.59 0.0161262 588252 -0.000987253 0.829034
0.008455 2292.51 0.00755431 588252 -0.000611057 0.862789
0.008795 2294.51 0.00534952 588252 -0.00119601 0.861728
0.009875 2303.15 0.000334398 588252 -0.000521732 0.857907
0.002785 2400.25 0.0161668 588252 -0.000842014 0.829146
0.008805 2294.63 0.00528354 588252 -0.00143253 0.861675
0.009175 2300.99 0.0028108 588251 0.00025521 0.859018
0.009885 2303.03 0.000324766 588253 -0.000448031 0.857948
0.008815 2294.75 0.0052175 588252 -0.00160876 0.861621
0.002795 2399.91 0.0162073 588252 -0.000749084 0.829259
0.008465 2292.49 0.00749069 588252 -0.000740987 0.862785
0.009185 2301.22 0.00274333 588250 0.000766828 0.858926
0.009895 2302.92 0.000315136 588253 -0.000410894 0.857988
0.008825 2294.87 0.00515141 588252 -0.00171788 0.861567
0.002805 2399.57 0.0162476 588252 -0.000707732 0.829372
0.008475 2292.48 0.00742698 588252 -0.000781642 0.862781
0.009195 2301.45 0.00267584 588251 0.000757387 0.858834
0.009905 2302.81 0.000305508 588252 -0.000507242 0.858027
0.008835 2295 0.00508526 588252 -0.00176447 0.861512
0.002815 2399.23 0.0162877 588252 -0.000710145 0.829485
0.008485 2292.47 0.00736319 588252 -0.000747195 0.862775
0.009205 2301.68 0.00260834 588251 0.00027286 0.858743
0.008845 2295.13 0.00501907 588252 -0.00175673 0.861456
0.002825 2398.89 0.0163276 588252 -0.000745347 0.829599
0.008495 2292.46 0.00729932 588252 -0.000699628 0.86277
0.009915 2302.7 0.000298123 588252 -0.000817268 0.858064
0.009215 2301.91 0.00254081 588252 -0.000269044 0.858651
0.008855 2295.25 0.00495282 588252 -0.00170637 0.8614
0.002835 2398.56 0.0163674 588254 -0.000803894 0.829712
0.008505 2292.47 0.00723538 588257 -0.000698526 0.862764
0.009225 2302.15 0.00247326 588252 -0.000489149 0.858557
0.008865 2295.38 0.00488652 588252 -0.00163022 0.861343
0.002845 2398.22 0.016407 588252 -0.000880498 0.829819
0.009235 2302.4 0.00240569 588257 -0.000344199 0.858462
0.008515 2292.49 0.00717135 588252 -0.000788671 0.862736
0.008875 2295.52 0.00482017 588252 -0.0015383 0.861286
0.002855 2397.9 0.0164465 588252 -0.000974959 0.829926
0.009245 2302.67 0.00233811 588252 -5.53404e-05 0.85835
0.008525 2292.54 0.00710724 588252 -0.000971921 0.862709
0.008885 2295.65 0.00475377 588252 -0.00140826 0.861228
0.009255 2302.96 0.00227051 588252 0.000148814 0.858237
0.002865 2397.58 0.0164858 588252 -0.00109001 0.830034
0.008535 2292.59 0.00704305 588252 -0.00121914 0.862681
0.008895 2295.78 0.00468733 588252 -0.00117915 0.861169
0.009265 2303.24 0.00220289 588251 0.000173499 0.858123
0.002875 2397.26 0.0165249 588252 -0.0012284 0.830141
0.008545 2292.64 0.00697879 588252 -0.00147314 0.862653
0.008905 2295.92 0.00462083 588252 -0.000800185 0.861109
0.009275 2303.53 0.00213526 588251 3.79798e-05 0.858009
0.008555 2292.69 0.00691445 588252 -0.0016908 0.862624
0.008915 2296.06 0.00455429 588251 -0.000311815 0.861049
0.008565 2292.75 0.00685004 588252 -0.00184713 0.862595
0.008925 2296.2 0.00448771 588251 0.000126779 0.860988
0.008575 2292.8 0.00678555 588252 -0.00193532 0.862565
0.008935 2296.34 0.00442108 588251 0.000323826 0.860927
0.008585 2292.86 0.00672098 588252 -0.00196173 0.862535
0.008945 2296.48 0.00435441 588251 0.000201394 0.860866
0.008595 2292.91 0.00665635 588252 -0.00194046 0.862504
0.008955 2296.63 0.00428769 588251 -0.00013034 0.860805
0.008605 2292.97 0.00659164 588252 -0.00188634 0.862473
0.008615 2293.03 0.00652686 588252 -0.00180405 0.862441
0.008625 2293.09 0.00646201 588252 -0.00167723 0.862409
0.008635 2293.15 0.00639709 588252 -0.00147107 0.862376
