0.002565 2044.97 0.0494083 101323 -0.248445 0.168098
0.002575 2044.97 0.0494123 101323 -0.248554 0.168098
0.002585 2044.97 0.0494164 101323 -0.248671 0.168097
0.002595 2044.98 0.0494205 101323 -0.248803 0.168097
0.002605 2044.98 0.0494247 101323 -0.248944 0.168097
0.002615 2044.98 0.049429 101323 -0.249083 0.168097
0.002625 2044.98 0.0494334 101323 -0.249218 0.168096
0.002635 2044.98 0.0494379 101323 -0.249354 0.168096
0.002645 2044.99 0.0494425 101323 -0.249495 0.168096
0.002655 2044.99 0.0494471 101323 -0.249651 0.168096
0.002665 2044.99 0.0494519 101323 -0.249818 0.168096
0.002675 2044.98 0.0494567 101323 -0.249995 0.168096
0.002685 2044.98 0.0494616 101323 -0.25017 0.168096
0.002695 2044.98 0.0494666 101323 -0.250347 0.168096
0.002705 2044.98 0.0494717 101323 -0.250532 0.168096
0.002715 2044.98 0.0494768 101323 -0.250723 0.168096
0.002725 2044.97 0.0494821 101324 -0.250919 0.168096
0.002735 2044.97 0.0494874 101324 -0.251118 0.168096
0.002745 2044.97 0.0494928 101324 -0.251318 0.168096
0.002755 2044.96 0.0494983 101324 -0.251524 0.168097
0.002765 2044.96 0.0495039 101324 -0.251735 0.168097
0.002775 2044.95 0.0495096 101324 -0.251949 0.168097
0.002785 2044.95 0.0495153 101324 -0.252165 0.168097
0.002795 2044.94 0.0495211 101324 -0.25238 0.168098
0.002805 2044.93 0.049527 101324 -0.252595 0.168098
0.002815 2044.93 0.049533 101324 -0.25281 0.168099
0.002825 2044.92 0.049539 101324 -0.253026 0.168099
0.002835 2044.91 0.0495452 101324 -0.253239 0.1681
0.002845 2044.9 0.0495514 101324 -0.253447 0.1681
0.002855 2044.89 0.0495577 101324 -0.253649 0.168101
0.003205 2044.1 0.0498163 101324 -0.252216 0.168154
0.002865 2044.88 0.0495641 101324 -0.253844 0.168102
0.003215 2044.07 0.0498244 101324 -0.252023 0.168157
0.002875 2044.87 0.0495705 101324 -0.254033 0.168103
0.002885 2044.85 0.049577 101324 -0.254214 0.168103
0.002895 2044.84 0.0495836 101324 -0.254385 0.168104
0.003225 2044.03 0.0498326 101324 -0.25184 0.168159
0.002245 2044.67 0.0493251 101322 -0.246558 0.168125
0.002905 2044.83 0.0495902 101324 -0.254543 0.168105
0.001925 2044.14 0.0493152 101322 -0.246177 0.168169
0.003235 2043.99 0.0498407 101324 -0.251663 0.168162
0.002915 2044.82 0.049597 101324 -0.254687 0.168106
0.002255 2044.68 0.0493265 101323 -0.246576 0.168124
0.001605 2043.5 0.0493548 101323 -0.244858 0.168224
0.003245 2043.95 0.0498489 101324 -0.251487 0.168165
0.001935 2044.16 0.0493146 101322 -0.2462 0.168168
0.002925 2044.8 0.0496038 101324 -0.254817 0.168107
0.002265 2044.69 0.0493279 101323 -0.246601 0.168123
0.003525 2042 0.0500675 101324 -0.247775 0.168311
0.003255 2043.91 0.049857 101324 -0.251311 0.168167
0.001945 2044.18 0.0493141 101322 -0.24622 0.168166
0.001615 2043.52 0.049353 101323 -0.244904 0.168222
0.002935 2044.79 0.0496106 101324 -0.254932 0.168108
0.002275 2044.71 0.0493295 101323 -0.246626 0.168121
0.001285 2042.82 0.0494186 101323 -0.243576 0.168282
0.003265 2043.87 0.0498652 101324 -0.25114 0.16817
0.001955 2044.2 0.0493136 101322 -0.246239 0.168165
0.003535 2041.84 0.0500744 101324 -0.247591 0.168323
0.002945 2044.77 0.0496176 101324 -0.255032 0.168109
0.002285 2044.72 0.0493311 101323 -0.246644 0.16812
0.001625 2043.54 0.0493513 101323 -0.244957 0.16822
0.003275 2043.83 0.0498733 101324 -0.25098 0.168173
0.001965 2044.22 0.0493132 101322 -0.246258 0.168163
0.003545 2041.69 0.0500813 101325 -0.247407 0.168335
0.001295 2042.84 0.0494165 101323 -0.243624 0.16828
0.002955 2044.75 0.0496246 101324 -0.255114 0.16811
0.002295 2044.73 0.0493327 101323 -0.246659 0.168119
0.001635 2043.56 0.0493497 101323 -0.245011 0.168218
0.003285 2043.79 0.0498815 101324 -0.250835 0.168176
0.001975 2044.24 0.0493128 101322 -0.246278 0.168162
0.000965 2042.15 0.0494862 101323 -0.242107 0.16834
0.003555 2041.53 0.050088 101325 -0.247233 0.168348
0.001305 2042.86 0.0494143 101323 -0.243666 0.168278
0.002965 2044.74 0.0496316 101324 -0.255176 0.168111
0.002305 2044.75 0.0493345 101323 -0.24668 0.168118
0.003295 2043.75 0.0498896 101324 -0.250694 0.168179
0.001645 2043.58 0.049348 101323 -0.245061 0.168217
0.001985 2044.25 0.0493125 101322 -0.246296 0.16816
0.003565 2041.37 0.0500946 101325 -0.24706 0.16836
0.001315 2042.88 0.0494122 101323 -0.243694 0.168276
0.000975 2042.17 0.0494842 101323 -0.24216 0.168338
0.002975 2044.72 0.0496387 101324 -0.255219 0.168112
0.002315 2044.76 0.0493363 101323 -0.246713 0.168117
0.003305 2043.71 0.0498978 101324 -0.250551 0.168182
0.001995 2044.27 0.0493122 101322 -0.246311 0.168159
0.001655 2043.61 0.0493464 101323 -0.245105 0.168215
0.003575 2041.21 0.0501011 101325 -0.246872 0.168372
0.001325 2042.9 0.0494101 101323 -0.243717 0.168275
0.000985 2042.19 0.0494822 101323 -0.242214 0.168336
0.002985 2044.7 0.0496459 101324 -0.255244 0.168114
0.002325 2044.77 0.0493382 101323 -0.246754 0.168116
0.003315 2043.66 0.0499059 101324 -0.250405 0.168185
0.002005 2044.29 0.049312 101322 -0.246324 0.168157
0.001665 2043.63 0.0493448 101322 -0.245149 0.168213
0.001335 2042.92 0.0494079 101323 -0.24375 0.168273
0.003585 2041.05 0.0501075 101325 -0.246668 0.168385
0.000995 2042.21 0.0494801 101323 -0.242268 0.168334
0.000645 2041.4 0.0495436 101323 -0.240198 0.168404
0.002335 2044.78 0.0493402 101323 -0.246791 0.168115
0.002995 2044.68 0.0496532 101324 -0.25525 0.168115
0.003325 2043.62 0.049914 101324 -0.250266 0.168188
0.002015 2044.31 0.0493119 101322 -0.246336 0.168156
0.001675 2043.65 0.0493432 101322 -0.245198 0.168211
0.001345 2042.94 0.0494058 101323 -0.2438 0.168271
0.003595 2040.89 0.0501137 101325 -0.246456 0.168398
0.001005 2042.23 0.0494781 101323 -0.242324 0.168332
0.002345 2044.8 0.0493423 101323 -0.246819 0.168114
0.003005 2044.66 0.0496605 101324 -0.255238 0.168116
0.002025 2044.32 0.0493118 101322 -0.246349 0.168154
0.000655 2041.42 0.049542 101323 -0.240262 0.168402
0.003335 2043.57 0.0499221 101324 -0.250143 0.168191
0.001685 2043.67 0.0493417 101322 -0.245251 0.168209
0.001355 2042.96 0.0494037 101323 -0.243852 0.16827
0.003605 2040.73 0.0501198 101325 -0.246249 0.16841
0.001015 2042.26 0.049476 101323 -0.242378 0.16833
0.002355 2044.81 0.0493444 101323 -0.246843 0.168113
0.003015 2044.64 0.0496679 101324 -0.255205 0.168118
0.002035 2044.34 0.0493117 101322 -0.246363 0.168153
0.000665 2041.45 0.0495405 101323 -0.240325 0.1684
0.003345 2043.53 0.0499302 101324 -0.250031 0.168195
5e-06 2039.28 0.0495961 101323 -0.238236 0.168581
0.001695 2043.69 0.0493402 101322 -0.245303 0.168208
0.001365 2042.98 0.0494016 101323 -0.243886 0.168268
0.003615 2040.57 0.0501258 101325 -0.246049 0.168423
0.001025 2042.28 0.049474 101323 -0.24243 0.168328
0.002365 2044.82 0.0493467 101323 -0.246881 0.168112
0.003025 2044.62 0.0496753 101324 -0.255153 0.168119
0.000675 2041.47 0.0495389 101323 -0.240383 0.168397
0.002045 2044.36 0.0493117 101322 -0.246375 0.168151
0.003355 2043.48 0.0499382 101324 -0.24992 0.168198
0.001705 2043.71 0.0493387 101322 -0.24535 0.168206
0.001375 2043 0.0493995 101323 -0.243908 0.168266
1.5e-05 2039.32 0.0495961 101323 -0.238236 0.168578
0.003625 2040.41 0.0501316 101325 -0.245849 0.168436
0.001035 2042.3 0.0494719 101323 -0.242479 0.168326
0.002375 2044.83 0.049349 101323 -0.246938 0.168111
0.000685 2041.49 0.0495373 101323 -0.240438 0.168395
0.000325 2040.5 0.049582 101323 -0.238741 0.16848
0.003035 2044.6 0.0496827 101324 -0.255082 0.168121
0.002055 2044.37 0.0493118 101322 -0.246384 0.16815
0.003365 2043.43 0.0499463 101324 -0.249798 0.168201
0.001715 2043.73 0.0493372 101322 -0.245394 0.168204
0.001385 2043.02 0.0493974 101323 -0.243932 0.168264
2.5e-05 2039.36 0.049596 101323 -0.238238 0.168574
0.003635 2040.25 0.0501373 101325 -0.24564 0.168448
0.001045 2042.32 0.0494698 101323 -0.242529 0.168325
0.002385 2044.84 0.0493513 101323 -0.246998 0.16811
0.000695 2041.52 0.0495357 101323 -0.240496 0.168393
0.003045 2044.57 0.0496903 101325 -0.254994 0.168122
0.002065 2044.39 0.0493119 101322 -0.246392 0.168148
0.003375 2043.39 0.0499542 101324 -0.249669 0.168205
0.000335 2040.54 0.0495811 101323 -0.238771 0.168476
0.001395 2043.04 0.0493953 101323 -0.243961 0.168263
0.001725 2043.75 0.0493358 101322 -0.245439 0.168202
3.5e-05 2039.4 0.0495959 101323 -0.238245 0.168571
0.003645 2040.09 0.0501428 101325 -0.245425 0.168461
0.001055 2042.34 0.0494677 101323 -0.242581 0.168323
0.002395 2044.85 0.0493538 101323 -0.247047 0.168109
0.000705 2041.54 0.049534 101323 -0.240558 0.168391
0.003055 2044.55 0.0496979 101325 -0.254892 0.168124
0.002075 2044.41 0.0493121 101322 -0.246399 0.168147
0.003385 2043.34 0.0499622 101324 -0.24955 0.168208
0.000345 2040.57 0.0495803 101323 -0.238785 0.168473
0.001405 2043.06 0.0493933 101323 -0.243989 0.168261
0.001735 2043.77 0.0493344 101322 -0.245487 0.168201
4.5e-05 2039.44 0.0495958 101323 -0.238254 0.168568
0.003655 2039.92 0.0501482 101325 -0.245211 0.168474
0.001065 2042.36 0.0494657 101323 -0.242634 0.168321
0.002405 2044.86 0.0493564 101323 -0.247088 0.168108
0.003065 2044.52 0.0497055 101324 -0.254774 0.168125
0.000715 2041.57 0.0495324 101323 -0.240622 0.168389
0.002085 2044.42 0.0493123 101322 -0.246409 0.168146
0.003395 2043.29 0.0499701 101324 -0.24945 0.168212
0.000355 2040.61 0.0495794 101323 -0.238803 0.16847
0.001415 2043.08 0.0493912 101323 -0.244022 0.168259
0.001745 2043.79 0.0493331 101322 -0.245536 0.168199
5.5e-05 2039.48 0.0495957 101323 -0.238261 0.168564
0.003665 2039.76 0.0501534 101325 -0.245008 0.168487
0.001075 2042.38 0.0494636 101323 -0.242684 0.168319
0.002415 2044.87 0.049359 101323 -0.247133 0.168107
0.003075 2044.5 0.0497132 101324 -0.254641 0.168127
0.002095 2044.44 0.0493126 101322 -0.246419 0.168144
0.000725 2041.59 0.0495307 101323 -0.240684 0.168387
0.003405 2043.24 0.049978 101324 -0.249357 0.168216
0.000365 2040.65 0.0495784 101323 -0.238826 0.168467
0.001755 2043.81 0.0493317 101322 -0.245583 0.168197
0.001425 2043.1 0.0493891 101323 -0.244064 0.168258
6.5e-05 2039.52 0.0495955 101323 -0.238266 0.168561
0.003675 2039.59 0.0501585 101325 -0.244816 0.1685
0.001085 2042.41 0.0494614 101323 -0.242732 0.168317
0.002425 2044.88 0.0493617 101323 -0.247186 0.168106
0.003085 2044.47 0.0497209 101324 -0.254492 0.168129
0.002105 2044.46 0.049313 101322 -0.246429 0.168143
0.000735 2041.62 0.049529 101323 -0.240743 0.168385
0.003415 2043.18 0.0499858 101324 -0.24925 0.168219
0.000375 2040.68 0.0495775 101323 -0.23885 0.168464
0.001765 2043.83 0.0493304 101322 -0.245626 0.168196
0.001435 2043.13 0.0493871 101323 -0.244111 0.168256
7.5e-05 2039.56 0.0495953 101323 -0.238272 0.168558
0.003685 2039.43 0.0501633 101325 -0.244628 0.168513
0.001095 2042.43 0.0494593 101323 -0.242777 0.168315
0.002435 2044.89 0.0493645 101323 -0.24724 0.168105
0.003095 2044.45 0.0497286 101324 -0.254332 0.168131
0.002115 2044.47 0.0493134 101322 -0.246435 0.168141
0.000745 2041.64 0.0495273 101323 -0.240801 0.168383
0.003425 2043.13 0.0499936 101324 -0.249128 0.168223
0.000385 2040.71 0.0495765 101322 -0.23888 0.168461
0.001775 2043.85 0.0493292 101322 -0.245667 0.168194
0.001445 2043.15 0.0493851 101323 -0.244157 0.168254
8.5e-05 2039.6 0.0495951 101323 -0.238281 0.168555
0.003695 2039.26 0.050168 101325 -0.24444 0.168526
0.002445 2044.9 0.0493673 101323 -0.247303 0.168105
0.001105 2042.45 0.0494572 101323 -0.242823 0.168314
0.003105 2044.42 0.0497364 101324 -0.254163 0.168133
0.002125 2044.49 0.0493139 101322 -0.246439 0.16814
0.000755 2041.66 0.0495256 101323 -0.240861 0.168381
0.000395 2040.74 0.0495755 101323 -0.238924 0.168459
0.003435 2043.08 0.0500013 101324 -0.249 0.168227
0.001785 2043.87 0.049328 101322 -0.245708 0.168192
0.001455 2043.17 0.0493831 101323 -0.244209 0.168252
9.5e-05 2039.64 0.0495948 101323 -0.238294 0.168551
0.003705 2039.1 0.0501725 101325 -0.244257 0.168539
0.002455 2044.91 0.0493703 101323 -0.247378 0.168104
0.001115 2042.47 0.0494551 101323 -0.242872 0.168312
0.003115 2044.39 0.0497443 101324 -0.253987 0.168135
0.002135 2044.51 0.0493145 101322 -0.246446 0.168139
0.000405 2040.77 0.0495745 101323 -0.238972 0.168457
0.000765 2041.69 0.0495239 101323 -0.240924 0.168379
0.003445 2043.03 0.0500089 101324 -0.248872 0.168231
0.001795 2043.89 0.0493268 101322 -0.245751 0.16819
0.001465 2043.19 0.0493811 101323 -0.244263 0.16825
0.003715 2038.93 0.0501769 101325 -0.244086 0.168552
0.002465 2044.91 0.0493733 101323 -0.247461 0.168103
0.001125 2042.49 0.049453 101323 -0.242922 0.16831
0.003125 2044.36 0.0497522 101324 -0.253804 0.168137
0.000105 2039.68 0.0495946 101323 -0.238306 0.168548
0.000415 2040.8 0.0495734 101323 -0.239022 0.168455
0.001805 2043.91 0.0493257 101322 -0.245794 0.168189
0.003725 2038.77 0.050181 101325 -0.243931 0.168565
0.002475 2044.92 0.0493765 101323 -0.247547 0.168103
0.001135 2042.51 0.0494508 101323 -0.242969 0.168308
0.002145 2044.52 0.0493151 101322 -0.246455 0.168137
0.000775 2041.71 0.0495222 101323 -0.240988 0.168377
0.003135 2044.33 0.0497601 101324 -0.253611 0.168139
0.003455 2042.97 0.0500165 101324 -0.248738 0.168235
0.001475 2043.22 0.0493791 101323 -0.244305 0.168248
0.000425 2040.83 0.0495724 101323 -0.239077 0.168452
0.002485 2044.93 0.0493797 101323 -0.24764 0.168102
0.001145 2042.53 0.0494487 101323 -0.24301 0.168306
0.003735 2038.6 0.0501849 101325 -0.243791 0.168578
0.001815 2043.93 0.0493246 101322 -0.245833 0.168187
0.000115 2039.71 0.0495943 101323 -0.238315 0.168545
0.003145 2044.3 0.049768 101324 -0.253413 0.168141
0.002155 2044.54 0.0493158 101322 -0.246467 0.168136
0.000435 2040.85 0.0495713 101323 -0.239136 0.16845
0.001155 2042.55 0.0494465 101323 -0.243051 0.168304
0.002495 2044.93 0.0493829 101323 -0.247739 0.168102
0.003745 2038.44 0.0501886 101325 -0.243661 0.168591
0.001825 2043.95 0.0493235 101322 -0.24587 0.168185
0.003155 2044.27 0.049776 101324 -0.253212 0.168143
0.000785 2041.73 0.0495204 101323 -0.241049 0.168375
0.003465 2042.87 0.050024 101322 -0.248607 0.168239
0.001485 2043.24 0.0493771 101323 -0.24433 0.168246
0.001165 2042.58 0.0494444 101323 -0.243094 0.168303
0.003755 2038.27 0.0501921 101325 -0.243541 0.168604
0.000445 2040.88 0.0495702 101323 -0.23918 0.168448
0.003165 2044.24 0.049784 101324 -0.253012 0.168145
0.001835 2043.97 0.0493225 101322 -0.245905 0.168184
0.002505 2044.94 0.0493863 101323 -0.24783 0.168101
0.000125 2039.75 0.0495939 101323 -0.238321 0.168542
0.001175 2042.6 0.0494423 101323 -0.243141 0.168301
0.003765 2038.1 0.0501953 101325 -0.243433 0.168617
0.002165 2044.55 0.0493166 101322 -0.246476 0.168135
0.000455 2040.91 0.049569 101323 -0.239205 0.168445
0.000795 2041.76 0.0495186 101323 -0.241108 0.168373
0.003175 2044.21 0.0497921 101324 -0.252815 0.168147
0.001845 2043.99 0.0493215 101322 -0.24594 0.168182
0.002515 2044.95 0.0493898 101323 -0.247909 0.1681
0.001185 2042.62 0.0494401 101323 -0.243189 0.168299
0.003775 2037.94 0.0501984 101325 -0.243343 0.16863
0.003475 2042.76 0.0500315 101324 -0.248482 0.168251
0.001495 2043.26 0.0493751 101323 -0.244357 0.168244
0.000135 2039.79 0.0495936 101323 -0.238331 0.168539
0.003185 2044.17 0.0498001 101324 -0.252617 0.16815
0.000465 2040.93 0.0495679 101323 -0.239233 0.168443
0.002525 2044.95 0.0493933 101323 -0.247995 0.1681
0.001195 2042.64 0.049438 101323 -0.24323 0.168297
0.001855 2044.01 0.0493205 101322 -0.245975 0.16818
0.003785 2037.77 0.0502012 101325 -0.243271 0.168643
0.002175 2044.57 0.0493174 101322 -0.246482 0.168134
0.000805 2041.78 0.0495168 101323 -0.241167 0.168371
0.003195 2044.14 0.0498082 101324 -0.252416 0.168152
0.002535 2044.96 0.049397 101323 -0.2481 0.168099
0.001865 2044.03 0.0493196 101322 -0.24601 0.168179
0.001205 2042.66 0.0494358 101323 -0.243266 0.168296
0.000475 2040.96 0.0495667 101323 -0.239283 0.168441
0.003795 2037.6 0.0502037 101325 -0.243216 0.168656
0.003485 2042.61 0.0500388 101324 -0.248358 0.168263
0.001505 2043.28 0.0493732 101323 -0.244401 0.168242
0.001215 2042.68 0.0494337 101323 -0.243301 0.168294
0.001875 2044.05 0.0493188 101322 -0.246041 0.168177
0.002545 2044.96 0.0494007 101323 -0.248219 0.168099
0.000145 2039.83 0.0495932 101323 -0.238348 0.168535
0.003845 2036.77 0.0502127 101325 -0.243147 0.168721
0.000155 2039.87 0.0495928 101323 -0.238367 0.168532
0.004485 2028.66 0.0493754 101324 -0.245007 0.169346
0.000165 2039.91 0.0495924 101323 -0.238382 0.168529
0.003855 2036.6 0.0502137 101325 -0.243178 0.168734
0.004495 2028.61 0.0493419 101324 -0.244893 0.169349
0.000175 2039.94 0.0495919 101323 -0.238392 0.168526
0.003865 2036.44 0.0502144 101325 -0.243219 0.168747
0.004505 2028.55 0.0493076 101324 -0.244806 0.169354
0.000185 2039.98 0.0495914 101323 -0.238401 0.168523
0.003875 2036.27 0.0502148 101325 -0.24327 0.16876
0.004515 2028.5 0.0492724 101324 -0.244735 0.169358
0.000195 2040.02 0.0495909 101323 -0.238418 0.16852
0.003885 2036.1 0.0502149 101325 -0.243332 0.168773
0.004525 2028.44 0.0492364 101324 -0.244652 0.169362
0.000205 2040.06 0.0495904 101323 -0.238444 0.168516
0.003895 2035.94 0.0502147 101325 -0.243405 0.168786
0.004535 2028.4 0.0491996 101324 -0.24454 0.169365
0.000215 2040.1 0.0495898 101323 -0.238469 0.168513
0.003905 2035.77 0.0502141 101325 -0.243487 0.168799
0.004545 2028.35 0.0491619 101324 -0.244406 0.169368
0.000225 2040.13 0.0495892 101323 -0.238486 0.16851
0.003915 2035.61 0.0502133 101325 -0.243576 0.168812
0.004555 2028.32 0.0491233 101324 -0.24426 0.169371
0.000235 2040.17 0.0495886 101323 -0.238495 0.168507
0.003925 2035.45 0.0502121 101325 -0.24367 0.168824
0.004565 2028.29 0.0490838 101324 -0.244124 0.169373
0.000245 2040.21 0.049588 101323 -0.238509 0.168504
0.003935 2035.28 0.0502106 101325 -0.243768 0.168837
0.004575 2028.26 0.0490434 101324 -0.244003 0.169375
0.000255 2040.24 0.0495873 101323 -0.238537 0.168501
0.004165 2031.77 0.0500657 101325 -0.245777 0.16911
0.003945 2035.12 0.0502088 101325 -0.243871 0.16885
0.004585 2028.24 0.0490021 101324 -0.243874 0.169376
0.000265 2040.28 0.0495866 101323 -0.238573 0.168498
0.004595 2028.23 0.04896 101324 -0.243706 0.169376
0.003955 2034.96 0.0502066 101325 -0.243977 0.168863
0.000275 2040.32 0.0495859 101323 -0.238603 0.168495
0.004605 2028.23 0.0489169 101324 -0.243495 0.169376
0.003965 2034.8 0.050204 101325 -0.244086 0.168875
0.000285 2040.36 0.0495852 101323 -0.238619 0.168492
0.004615 2028.23 0.048873 101324 -0.243301 0.169375
0.003975 2034.63 0.0502011 101325 -0.244196 0.168888
0.000295 2040.39 0.0495844 101323 -0.238628 0.168489
0.004625 2028.24 0.048828 101324 -0.243166 0.169374
0.003985 2034.47 0.0501978 101325 -0.244305 0.1689
0.000305 2040.43 0.0495836 101323 -0.23865 0.168486
0.004635 2028.26 0.0487821 101324 -0.243062 0.169372
0.003995 2034.31 0.0501941 101325 -0.244413 0.168913
0.000315 2040.46 0.0495828 101323 -0.238694 0.168483
0.004645 2028.28 0.0487352 101324 -0.242895 0.16937
0.004005 2034.16 0.05019 101325 -0.24452 0.168925
0.004805 2029.95 0.0478463 101324 -0.239214 0.169226
0.004015 2034 0.0501856 101325 -0.244626 0.168937
0.005445 2076.44 0.0411279 101332 -0.232903 0.165483
0.004025 2033.84 0.0501807 101325 -0.24473 0.168949
0.005125 2043.57 0.0451741 101323 -0.223936 0.168102
0.004035 2033.69 0.0501754 101325 -0.244831 0.168961
0.005455 2077.75 0.0409849 101323 -0.208577 0.165366
0.007365 410.408 0.211959 101323 -0.0190184 0.847557
0.005135 2044.29 0.045069 101324 -0.224836 0.168044
0.004815 2030.15 0.0477816 101325 -0.239015 0.16921
0.005465 2079.07 0.0408418 101314 -0.186401 0.165248
0.004045 2033.53 0.0501697 101325 -0.244928 0.168974
0.005145 2045.02 0.0449624 101325 -0.227618 0.167987
0.005475 2080.39 0.0406986 101317 -0.191674 0.16515
0.007375 408.19 0.212328 101323 -0.0182889 0.852236
0.004825 2030.36 0.0477158 101324 -0.238457 0.169192
0.004055 2033.38 0.0501636 101325 -0.245021 0.168985
0.005155 2045.77 0.0448544 101326 -0.228701 0.167926
0.005485 2081.72 0.0405557 101327 -0.217663 0.165061
0.007385 406.039 0.212685 101323 -0.0175259 0.856823
0.004835 2030.58 0.0476488 101324 -0.237796 0.169173
0.004065 2033.22 0.050157 101325 -0.245111 0.168997
0.005165 2046.54 0.044745 101325 -0.22598 0.167862
0.005495 2083.05 0.040413 101332 -0.238231 0.164966
0.004845 2030.81 0.0475807 101324 -0.237442 0.169153
0.007395 403.954 0.213029 101323 -0.0167886 0.861316
0.004075 2033.07 0.05015 101325 -0.245197 0.169009
0.005175 2047.33 0.0446341 101323 -0.221514 0.167796
0.005505 2084.38 0.0402707 101331 -0.243948 0.164859
0.004855 2031.06 0.0475115 101324 -0.237496 0.169133
0.006085 1446.11 0.0942627 101325 -0.20885 0.237809
0.007405 401.935 0.213361 101323 -0.0160593 0.865713
0.005185 2048.15 0.0445218 101323 -0.219706 0.167729
0.004085 2032.92 0.0501426 101325 -0.245279 0.169021
0.005515 2085.71 0.0401291 101326 -0.242893 0.164747
0.004865 2031.32 0.0474411 101325 -0.237582 0.169111
0.007415 399.98 0.213681 101323 -0.0153397 0.870011
0.006095 1434.35 0.0952085 101324 -0.207161 0.239765
0.005195 2048.98 0.044408 101324 -0.22247 0.167663
0.005525 2081.32 0.0403765 101041 -0.241847 0.16464
0.004095 2032.77 0.0501347 101325 -0.245357 0.169032
0.007425 398.09 0.213988 101323 -0.014631 0.874208
0.004875 2031.6 0.0473695 101325 -0.237224 0.169088
0.006105 1422.59 0.0961507 101324 -0.205654 0.241754
0.005535 2075.86 0.0409553 101328 -0.240266 0.165534
0.005205 2049.84 0.0442927 101326 -0.226613 0.167596
0.004105 2032.63 0.0501263 101325 -0.24543 0.169044
0.005765 1817.28 0.0632053 101325 -0.243908 0.189127
0.007435 396.264 0.214283 101323 -0.0139325 0.8783
0.006115 1410.82 0.0970891 101324 -0.204487 0.243778
0.004885 2031.89 0.0472967 101324 -0.236392 0.169064
0.005545 2064.65 0.0419233 101332 -0.238439 0.16644
0.005215 2050.71 0.0441759 101326 -0.226854 0.167526
0.004115 2032.48 0.0501174 101325 -0.245498 0.169055
0.007445 394.501 0.214566 101323 -0.0132439 0.882286
0.006125 1399.05 0.0980233 101325 -0.20329 0.245836
0.005775 1805.89 0.0641785 101326 -0.239603 0.190323
0.005555 2053.45 0.0428905 101333 -0.244137 0.167351
0.004895 2032.19 0.0472228 101324 -0.235607 0.169039
0.004125 2032.34 0.0501081 101325 -0.245562 0.169066
0.005225 2051.61 0.0440577 101324 -0.221735 0.167451
0.006135 1387.28 0.0989532 101325 -0.201413 0.247929
0.007455 392.802 0.214837 101323 -0.0125657 0.886163
0.005785 1794.5 0.0651524 101325 -0.243851 0.191531
0.005565 2042.26 0.043857 101327 -0.265265 0.16826
0.005235 2052.53 0.043938 101323 -0.215875 0.167373
0.004135 2032.19 0.0500982 101325 -0.245622 0.169077
0.004905 2032.51 0.0471476 101324 -0.235406 0.169013
0.006145 1375.51 0.0998784 101324 -0.199005 0.250058
0.007465 391.165 0.215095 101323 -0.0118982 0.889929
0.005575 2031.07 0.0448229 101317 -0.290637 0.169172
0.005795 1783.08 0.0661269 101323 -0.249484 0.192756
0.005245 2053.48 0.0438168 101323 -0.215431 0.167297
0.004145 2032.05 0.0500879 101325 -0.245679 0.169088
0.006155 1363.74 0.100799 101324 -0.197209 0.252223
0.004915 2032.84 0.0470713 101324 -0.235707 0.168985
0.007475 389.59 0.215342 101322 -0.0112415 0.893582
0.005585 2019.88 0.0457883 101315 -0.292719 0.170106
0.005255 2054.44 0.0436942 101325 -0.221087 0.167223
0.005805 1771.65 0.0671019 101323 -0.248756 0.194003
0.004155 2031.91 0.0500771 101325 -0.24573 0.169099
0.006165 1351.97 0.101713 101325 -0.196561 0.254428
0.004925 2033.18 0.0469937 101325 -0.235815 0.168957
0.007485 388.077 0.215577 101322 -0.0105961 0.897119
0.005265 2055.42 0.0435701 101327 -0.22647 0.167147
0.005595 2008.69 0.0467535 101325 -0.266167 0.171071
0.005815 1760.2 0.0680775 101324 -0.242274 0.19527
0.006175 1340.2 0.102622 101325 -0.19574 0.25667
0.004935 2033.54 0.0469149 101325 -0.235152 0.168927
0.007495 386.626 0.215799 101322 -0.00996243 0.900539
0.005275 2056.43 0.0434445 101326 -0.224622 0.167065
0.005605 1997.5 0.0477185 101333 -0.240946 0.172045
0.005825 1748.74 0.0690534 101326 -0.23715 0.196555
0.006185 1328.45 0.103525 101325 -0.19314 0.25895
0.004945 2033.92 0.0468349 101324 -0.233961 0.168895
0.007505 385.235 0.21601 101322 -0.00934043 0.903839
0.005285 2057.46 0.0433176 101323 -0.216061 0.166978
0.005615 1986.31 0.0486834 101330 -0.244599 0.173011
0.007045 537.722 0.193695 101323 -0.0516091 0.644592
0.005625 1975.12 0.0496483 101322 -0.267732 0.173981
0.005635 1963.91 0.0506135 101318 -0.280847 0.174968
0.007055 531.976 0.194448 101323 -0.050328 0.651635
0.005645 1952.7 0.0515788 101321 -0.271369 0.175978
0.007065 526.293 0.19519 101323 -0.0490549 0.658751
0.005655 1941.48 0.0525445 101327 -0.250984 0.177007
0.007075 520.675 0.195922 101323 -0.0477743 0.665941
0.005665 1930.26 0.0535106 101330 -0.24105 0.178044
0.005675 1919.02 0.0544772 101326 -0.250476 0.179082
0.007085 515.12 0.196643 101323 -0.0465159 0.673204
0.005685 1907.77 0.0554444 101321 -0.265307 0.180131
0.007095 509.63 0.197352 101323 -0.0452893 0.680539
0.005695 1896.51 0.0564121 101320 -0.267402 0.181201
0.007105 504.249 0.198051 101331 -0.0440147 0.687941
0.005705 1885.23 0.0573805 101324 -0.255198 0.182293
0.007115 499.698 0.198738 101323 -0.0429309 0.694234
0.006725 765.238 0.16431 101324 -0.100138 0.451263
0.005715 1873.95 0.0583495 101327 -0.242888 0.1834
0.007125 495.259 0.199413 101323 -0.0417968 0.700542
0.006405 1079.02 0.125954 101325 -0.159206 0.319145
0.005725 1862.64 0.0593193 101327 -0.242862 0.184514
0.007135 490.89 0.200076 101323 -0.0407001 0.706861
0.000485 2040.99 0.0495655 101323 -0.239348 0.168439
0.005735 1851.32 0.0602897 101324 -0.252444 0.185638
0.007145 486.593 0.200727 101323 -0.039607 0.713189
0.006415 1068.52 0.127316 101324 -0.161713 0.322298
0.003805 2037.44 0.050206 101325 -0.243173 0.168669
0.005745 1839.99 0.0612609 101321 -0.258611 0.18678
0.006735 756.106 0.165368 101324 -0.0984194 0.456761
0.000495 2041.01 0.0495643 101323 -0.239405 0.168436
0.007155 482.367 0.201366 101323 -0.0385169 0.719522
0.006425 1058.08 0.128664 101324 -0.159811 0.325502
0.005755 1828.64 0.0622327 101323 -0.253839 0.187944
0.003815 2037.27 0.0502081 101325 -0.243143 0.168682
0.006745 747.013 0.166418 101324 -0.0967287 0.46237
0.000505 2041.04 0.0495631 101323 -0.239448 0.168434
0.007165 478.212 0.201993 101323 -0.0374453 0.725859
0.006435 1047.68 0.129998 101325 -0.15444 0.328757
0.003825 2037.1 0.0502099 101325 -0.243128 0.168695
0.006755 737.961 0.16746 101324 -0.0949739 0.468091
0.000515 2041.07 0.0495618 101323 -0.239484 0.168432
0.001885 2044.07 0.049318 101322 -0.24607 0.168176
0.000525 2041.09 0.0495605 101323 -0.239528 0.16843
0.002555 2044.96 0.0494045 101323 -0.248336 0.168099
0.002185 2044.58 0.0493183 101322 -0.246487 0.168132
0.001225 2042.7 0.0494315 101323 -0.243343 0.168292
0.002195 2044.6 0.0493192 101322 -0.246496 0.168131
0.000815 2041.8 0.049515 101323 -0.241228 0.168369
0.003495 2042.46 0.0500461 101324 -0.248226 0.168275
0.002205 2044.61 0.0493203 101322 -0.246511 0.16813
0.001235 2042.72 0.0494293 101323 -0.24339 0.16829
0.001515 2043.3 0.0493713 101323 -0.244458 0.16824
0.000825 2041.83 0.0495132 101323 -0.24129 0.168367
0.002215 2044.63 0.0493214 101322 -0.246527 0.168129
0.003505 2042.31 0.0500533 101324 -0.248088 0.168287
0.001245 2042.74 0.0494272 101323 -0.243435 0.168289
0.000835 2041.85 0.0495113 101323 -0.241352 0.168365
0.004655 2028.31 0.0486873 101324 -0.242625 0.169367
0.001525 2043.33 0.0493694 101323 -0.24451 0.168239
0.002225 2044.64 0.0493225 101322 -0.246539 0.168127
0.003515 2042.15 0.0500605 101324 -0.247941 0.168299
0.001255 2042.76 0.049425 101323 -0.24347 0.168287
0.000845 2041.87 0.0495095 101323 -0.241412 0.168363
0.001535 2043.35 0.0493675 101323 -0.244548 0.168237
0.004665 2028.35 0.0486385 101324 -0.242327 0.169363
0.002235 2044.65 0.0493238 101322 -0.246548 0.168126
0.004175 2031.64 0.0500538 101325 -0.245819 0.16912
0.005835 1737.26 0.0700298 101325 -0.237883 0.197856
0.004185 2031.5 0.0500414 101325 -0.245856 0.169131
0.005845 1725.77 0.0710065 101324 -0.241514 0.199174
0.004195 2031.37 0.0500284 101325 -0.245891 0.169141
0.004955 2034.31 0.0467536 101324 -0.233139 0.168863
0.005855 1714.26 0.0719834 101323 -0.242148 0.200513
0.006195 1316.69 0.104422 101324 -0.189656 0.261269
0.004205 2031.24 0.0500149 101325 -0.245922 0.169151
0.005865 1702.73 0.0729604 101324 -0.238258 0.201876
0.004965 2034.72 0.0466711 101324 -0.233274 0.168829
0.004215 2031.11 0.0500008 101325 -0.245948 0.169161
0.006205 1304.95 0.105311 101324 -0.188041 0.26363
0.005875 1691.19 0.0739375 101325 -0.233826 0.203258
0.007515 383.904 0.216209 101322 -0.00873027 0.907018
0.004975 2035.14 0.0465874 101325 -0.233901 0.168795
0.004225 2030.98 0.0499861 101325 -0.245969 0.169171
0.005885 1679.64 0.0749146 101325 -0.232831 0.20466
0.006215 1293.21 0.106193 101325 -0.188607 0.266034
0.004985 2035.58 0.0465023 101325 -0.233898 0.168759
0.004235 2030.86 0.0499709 101325 -0.245984 0.169181
0.007525 382.634 0.216396 101322 -0.0081325 0.910074
0.005895 1668.07 0.0758915 101324 -0.23455 0.206081
0.006225 1281.49 0.107066 101325 -0.187826 0.268478
0.004995 2036.04 0.0464161 101324 -0.232714 0.168721
0.004245 2030.74 0.0499551 101325 -0.245997 0.16919
0.005905 1656.48 0.0768682 101324 -0.235144 0.207525
0.007535 381.423 0.216571 101322 -0.00754677 0.913005
0.006235 1269.78 0.107932 101325 -0.183308 0.270963
0.004255 2030.62 0.0499386 101325 -0.246007 0.169199
0.005005 2036.51 0.0463285 101324 -0.231108 0.168681
0.005915 1644.89 0.0778446 101324 -0.232721 0.208992
0.007545 380.271 0.216734 101322 -0.00697191 0.915809
0.004265 2030.5 0.0499216 101325 -0.246013 0.169208
0.006245 1258.08 0.108788 101324 -0.178419 0.273489
0.005015 2037 0.0462396 101324 -0.230441 0.168641
0.005925 1633.28 0.0788205 101325 -0.229274 0.210483
0.007555 379.179 0.216886 101322 -0.00640854 0.918484
0.004275 2030.38 0.049904 101325 -0.246013 0.169217
0.006255 1246.41 0.109634 101324 -0.178467 0.276064
0.005025 2037.51 0.0461494 101324 -0.231162 0.1686
0.005935 1621.66 0.0797959 101325 -0.227659 0.211996
0.007565 378.144 0.217026 101322 -0.00586308 0.92103
0.005295 2058.51 0.0431892 101321 -0.209235 0.166891
0.004285 2030.27 0.0498857 101325 -0.246007 0.169226
0.006265 1234.75 0.11047 101326 -0.181363 0.278685
0.005035 2038.03 0.046058 101325 -0.232134 0.168557
0.005945 1610.02 0.0807705 101324 -0.228015 0.213531
0.007575 377.179 0.217154 101325 -0.00531838 0.923444
0.004295 2030.16 0.0498668 101325 -0.245997 0.169234
0.005305 2059.57 0.0430595 101322 -0.211815 0.166807
0.006275 1223.12 0.111295 101326 -0.178441 0.281346
0.005955 1598.38 0.0817444 101324 -0.228072 0.21509
0.005045 2038.58 0.0459652 101325 -0.231751 0.168513
0.007585 376.592 0.21727 101322 -0.00478223 0.924885
0.004305 2030.05 0.0498473 101325 -0.245984 0.169242
0.005315 2060.66 0.0429284 101326 -0.221521 0.166725
0.006285 1211.52 0.112108 101323 -0.170623 0.284043
0.005965 1586.72 0.0827173 101324 -0.226319 0.216675
0.005055 2039.14 0.045871 101324 -0.229764 0.168466
0.007595 376.074 0.217374 101322 -0.0042663 0.926185
0.004315 2029.95 0.0498271 101325 -0.245969 0.16925
0.005325 2061.77 0.042796 101328 -0.22741 0.16664
0.005975 1575.05 0.0836891 101325 -0.223691 0.218285
0.006295 1199.95 0.112908 101323 -0.16524 0.286797
0.007605 375.614 0.217467 101322 -0.00375233 0.927342
0.005065 2039.71 0.0457756 101324 -0.227772 0.168418
0.004325 2029.85 0.0498062 101325 -0.245951 0.169258
0.005335 2062.9 0.0426624 101326 -0.221559 0.166547
0.005985 1563.37 0.0846598 101325 -0.221966 0.219921
0.007175 474.129 0.202608 101323 -0.03639 0.732196
0.006305 1188.41 0.113695 101325 -0.16981 0.289599
0.007615 375.212 0.217549 101322 -0.00324335 0.928356
0.004335 2029.75 0.0497847 101325 -0.245925 0.169266
0.005075 2040.31 0.0456788 101324 -0.22761 0.168369
0.005345 2064.05 0.0425275 101322 -0.208568 0.166448
0.005995 1551.68 0.085629 101324 -0.221444 0.221581
0.006445 1037.34 0.131319 101325 -0.151411 0.332061
0.006315 1176.92 0.114467 101327 -0.174501 0.292446
0.007185 470.117 0.20321 101323 -0.0353444 0.73853
0.007625 374.868 0.217618 101322 -0.00273846 0.929227
0.005355 2065.22 0.0423915 101320 -0.201955 0.166352
0.005085 2040.92 0.0455806 101325 -0.229214 0.16832
0.004345 2029.65 0.0497625 101325 -0.245892 0.169273
0.006005 1539.98 0.0865967 101324 -0.220901 0.223269
0.006455 1027.04 0.132628 101325 -0.15126 0.335413
0.006325 1165.47 0.115223 101327 -0.173871 0.295334
0.007195 466.177 0.2038 101323 -0.0343112 0.744859
0.005365 2066.41 0.0422544 101322 -0.209965 0.166262
0.007635 374.581 0.217676 101322 -0.0022376 0.929953
0.005095 2041.56 0.0454811 101325 -0.230417 0.168269
0.004355 2029.56 0.0497396 101325 -0.245855 0.16928
0.006015 1528.28 0.0875628 101324 -0.219407 0.224985
0.006465 1016.79 0.133925 101324 -0.150159 0.338819
0.006335 1154.14 0.116062 101332 -0.170331 0.298265
0.007205 462.308 0.204378 101323 -0.0332927 0.751178
0.005375 2067.61 0.0421163 101328 -0.22489 0.166175
0.007645 374.351 0.217722 101322 -0.00174023 0.930534
0.005105 2042.21 0.0453801 101325 -0.229202 0.168215
0.004365 2029.47 0.0497161 101325 -0.245818 0.169287
0.006025 1516.56 0.088527 101325 -0.217369 0.226729
0.006475 1006.59 0.135209 101325 -0.146917 0.342281
0.006345 1143.16 0.117445 101327 -0.166708 0.301128
0.007215 458.511 0.204944 101323 -0.0322874 0.757484
0.005385 2068.83 0.0419772 101330 -0.229543 0.166081
0.007655 374.179 0.217757 101322 -0.00124578 0.93097
0.005115 2042.88 0.0452778 101324 -0.2261 0.168159
0.006035 1504.84 0.0894892 101325 -0.215689 0.228501
0.004375 2029.38 0.0496918 101325 -0.245779 0.169293
0.006485 996.43 0.136483 101325 -0.143978 0.345798
0.006355 1132.32 0.118907 101327 -0.165978 0.304028
0.003835 2036.93 0.0502114 101325 -0.24313 0.168708
0.006765 728.951 0.168494 101324 -0.0931762 0.473929
0.006365 1121.54 0.120351 101325 -0.170734 0.306963
0.000535 2041.12 0.0495592 101323 -0.239585 0.168428
0.001895 2044.09 0.0493172 101322 -0.246097 0.168174
0.000545 2041.14 0.0495579 101323 -0.239649 0.168425
0.001265 2042.78 0.0494229 101323 -0.243499 0.168285
0.000855 2041.9 0.0495076 101323 -0.24147 0.168361
0.001905 2044.11 0.0493165 101322 -0.246124 0.168172
0.000555 2041.17 0.0495565 101323 -0.239706 0.168423
0.001275 2042.8 0.0494207 101323 -0.243532 0.168283
0.001545 2043.37 0.0493656 101323 -0.244581 0.168235
0.001915 2044.13 0.0493158 101322 -0.246151 0.168171
0.004675 2028.4 0.0485886 101324 -0.242117 0.169358
0.007225 454.785 0.205498 101323 -0.0312958 0.763776
0.005395 2070.07 0.0418373 101325 -0.216718 0.165976
0.004685 2028.46 0.0485378 101324 -0.242018 0.169353
0.007665 374.065 0.21778 101322 -0.000761001 0.931261
0.007235 451.13 0.206039 101323 -0.0303192 0.770049
0.004695 2028.53 0.0484859 101324 -0.241915 0.169347
0.005405 2071.32 0.0416965 101319 -0.19914 0.165867
0.007675 374.007 0.217792 101322 -0.000250219 0.931407
0.007245 447.546 0.206568 101323 -0.0293585 0.7763
0.004705 2028.61 0.0484331 101324 -0.241671 0.16934
0.005415 2072.58 0.0415551 101318 -0.194849 0.165766
0.004385 2029.3 0.0496668 101325 -0.245735 0.1693
0.004715 2028.7 0.0483792 101324 -0.241289 0.169333
0.007255 444.033 0.207085 101323 -0.028413 0.782527
0.006045 1493.1 0.0904491 101324 -0.214558 0.230301
0.006495 986.317 0.137746 101325 -0.142592 0.349371
0.007265 440.59 0.20759 101323 -0.0274833 0.788726
0.006375 1110.83 0.121776 101323 -0.17463 0.309938
0.006055 1481.37 0.0914067 101324 -0.213487 0.232131
0.007275 437.217 0.208082 101323 -0.0265712 0.794895
0.006505 976.248 0.138999 101324 -0.14128 0.353002
0.006065 1469.62 0.0923616 101324 -0.212119 0.233992
0.006385 1100.17 0.123185 101324 -0.169351 0.312963
0.007285 433.913 0.208562 101323 -0.0256749 0.80103
0.006515 966.222 0.140241 101324 -0.138966 0.356694
0.006775 719.982 0.169521 101324 -0.0914471 0.479885
0.006075 1457.87 0.0933137 101325 -0.210526 0.235885
0.006395 1089.57 0.124577 101326 -0.160722 0.316035
0.007295 430.679 0.209029 101323 -0.0247917 0.807128
0.006525 956.24 0.141474 101325 -0.13649 0.360448
0.000565 2041.19 0.0495552 101323 -0.239753 0.168421
0.000865 2041.92 0.0495057 101323 -0.241528 0.168359
0.001555 2043.39 0.0493637 101323 -0.24462 0.168233
0.000575 2041.22 0.0495538 101323 -0.239798 0.168419
0.005425 2073.86 0.0414132 101323 -0.211131 0.165673
0.000875 2041.94 0.0495038 101323 -0.241588 0.168357
0.004395 2029.22 0.049641 101324 -0.245683 0.169306
0.000585 2041.25 0.0495524 101323 -0.239852 0.168417
0.001565 2043.41 0.0493619 101323 -0.24467 0.168231
0.000885 2041.97 0.0495019 101323 -0.241648 0.168355
0.005435 2075.15 0.0412707 101330 -0.232659 0.165583
0.004405 2029.14 0.0496146 101324 -0.245622 0.169311
0.000595 2041.27 0.049551 101323 -0.239914 0.168414
0.004725 2028.79 0.0483242 101324 -0.24093 0.169324
0.007305 427.512 0.209485 101323 -0.0239258 0.813188
0.000605 2041.3 0.0495495 101323 -0.239977 0.168412
0.006535 946.301 0.142697 101325 -0.134684 0.364264
0.004735 2028.9 0.0482682 101324 -0.240746 0.169315
0.007315 424.414 0.209928 101323 -0.0230959 0.819205
0.000615 2041.32 0.0495481 101323 -0.240034 0.16841
0.006785 711.057 0.170539 101324 -0.0897495 0.485962
0.004745 2029.02 0.0482112 101324 -0.240697 0.169305
0.006545 936.405 0.14391 101324 -0.133097 0.368145
0.007325 421.383 0.210359 101323 -0.0222241 0.825177
0.000625 2041.35 0.0495466 101323 -0.240086 0.168408
0.004755 2029.14 0.0481531 101324 -0.24057 0.169294
0.006555 926.55 0.145115 101324 -0.13112 0.372092
0.006795 702.302 0.17155 101341 -0.0878993 0.492158
0.007335 418.42 0.210777 101323 -0.0220103 0.8311
0.000635 2041.37 0.0495451 101323 -0.240139 0.168406
0.004765 2029.28 0.0480939 101324 -0.240202 0.169283
0.006565 916.738 0.14631 101324 -0.128978 0.376108
0.001575 2043.43 0.0493601 101323 -0.244726 0.168229
0.006805 694.857 0.172552 101324 -0.086475 0.497402
0.000895 2041.99 0.0495 101323 -0.241708 0.168353
0.004415 2029.07 0.0495874 101324 -0.245561 0.169317
0.006815 687.591 0.173545 101324 -0.0848722 0.502714
0.004775 2029.43 0.0480336 101324 -0.239687 0.16927
0.000905 2042.01 0.0494981 101323 -0.241766 0.168351
0.004425 2029 0.0495594 101324 -0.245503 0.169322
0.006825 680.383 0.174529 101324 -0.0833634 0.508097
0.000915 2042.03 0.0494961 101323 -0.241823 0.168349
0.004785 2029.59 0.0479723 101324 -0.239298 0.169256
0.004435 2028.93 0.0495307 101324 -0.245443 0.169327
0.006575 906.967 0.147497 101324 -0.127097 0.380193
0.000925 2042.06 0.0494942 101323 -0.241879 0.168347
0.004795 2029.77 0.0479098 101324 -0.239195 0.169241
0.004445 2028.87 0.0495012 101324 -0.245372 0.169331
0.006835 673.235 0.175503 101324 -0.0818672 0.513551
0.006585 897.237 0.148675 101324 -0.125367 0.38435
0.007345 415.522 0.211183 101321 -0.0193544 0.836962
0.001585 2043.46 0.0493583 101323 -0.244776 0.168227
0.006595 887.549 0.149844 101324 -0.123503 0.388581
0.004455 2028.81 0.049471 101324 -0.245296 0.169336
0.007355 412.708 0.211577 101327 -0.0203408 0.842791
0.006605 877.901 0.151005 101324 -0.121552 0.392887
0.001595 2043.48 0.0493565 101323 -0.244818 0.168226
0.004465 2028.76 0.0494399 101324 -0.245217 0.169339
0.006615 868.294 0.152158 101324 -0.119701 0.397271
0.004475 2028.71 0.049408 101324 -0.245122 0.169343
0.000935 2042.08 0.0494922 101323 -0.241936 0.168345
0.006845 666.147 0.176468 101324 -0.0803181 0.519075
0.000945 2042.1 0.0494902 101323 -0.241994 0.168343
0.006625 858.727 0.153303 101324 -0.11793 0.401734
0.000955 2042.12 0.0494882 101323 -0.242052 0.168342
0.006855 659.12 0.177423 101324 -0.0787698 0.524669
0.006635 849.2 0.154439 101324 -0.116117 0.40628
0.006865 652.154 0.178368 101324 -0.0772592 0.530335
0.006645 839.714 0.155568 101324 -0.11427 0.410909
0.006875 645.251 0.179305 101324 -0.0757514 0.536072
0.006655 830.267 0.156688 101324 -0.112468 0.415625
0.006885 638.41 0.180231 101324 -0.0742329 0.54188
0.006665 820.859 0.1578 101324 -0.110708 0.420429
0.006895 631.633 0.181148 101324 -0.0727251 0.547759
0.006675 811.491 0.158905 101324 -0.108932 0.425325
0.006685 802.162 0.160002 101324 -0.107143 0.430314
0.006905 624.919 0.182055 101324 -0.0712332 0.553709
0.006695 792.872 0.161091 101324 -0.105386 0.4354
0.006915 618.27 0.182952 101324 -0.0697469 0.55973
0.006705 783.621 0.162172 101324 -0.103657 0.440585
0.006925 611.685 0.183839 101324 -0.0682671 0.565823
0.006715 774.41 0.163245 101324 -0.101905 0.445871
0.006935 605.165 0.184716 101324 -0.0668004 0.571988
0.006945 598.711 0.185584 101324 -0.0653474 0.578224
0.006955 592.321 0.186441 101324 -0.0639061 0.584532
0.006965 585.996 0.187288 101324 -0.0624781 0.590913
0.006975 579.736 0.188125 101324 -0.0610657 0.597366
0.006985 573.541 0.188952 101323 -0.0596693 0.603892
0.006995 567.411 0.189769 101323 -0.0582872 0.610491
0.007005 561.345 0.190575 101323 -0.05692 0.617163
0.007015 555.343 0.191371 101323 -0.0555711 0.62391
0.007025 549.405 0.192156 101323 -0.0542385 0.63073
0.007035 543.532 0.192931 101323 -0.0529157 0.637624
