0.007365 299.992 0.232917 101312 -0.000869637 1.17184
0.007375 299.992 0.232917 101312 -0.000916396 1.17184
0.007385 299.992 0.232917 101312 -0.000983175 1.17184
0.007395 299.992 0.232917 101312 -0.00106049 1.17184
0.007405 299.992 0.232917 101312 -0.00114677 1.17184
0.007415 299.992 0.232917 101312 -0.00123783 1.17184
0.007425 299.992 0.232917 101312 -0.00132837 1.17184
0.007435 299.992 0.232917 101312 -0.00141494 1.17184
0.007445 299.992 0.232917 101312 -0.00149834 1.17184
0.007455 299.992 0.232917 101312 -0.00157222 1.17184
0.007465 299.992 0.232917 101312 -0.00162937 1.17184
0.007475 299.992 0.232917 101312 -0.00165604 1.17184
0.007485 299.992 0.232917 101312 -0.0016716 1.17184
0.007495 299.992 0.232917 101312 -0.00167713 1.17184
0.007505 299.992 0.232917 101312 -0.00166117 1.17184
0.007515 299.992 0.232917 101312 -0.00162388 1.17184
0.007525 299.992 0.232917 101312 -0.00156629 1.17184
0.007535 299.992 0.232917 101312 -0.00147973 1.17184
0.007045 299.995 0.232917 101312 -0.00161197 1.17183
0.007055 299.995 0.232917 101312 -0.001621 1.17183
0.007545 299.992 0.232917 101312 -0.00139089 1.17184
0.007065 299.995 0.232917 101312 -0.00166569 1.17183
0.007075 299.994 0.232917 101312 -0.00173342 1.17183
0.007085 299.994 0.232917 101312 -0.0018093 1.17183
0.007555 299.992 0.232917 101312 -0.00128291 1.17184
0.007095 299.994 0.232917 101312 -0.00188434 1.17183
0.007105 299.994 0.232917 101312 -0.00195711 1.17183
0.007115 299.994 0.232917 101312 -0.00203006 1.17183
0.007565 299.992 0.232917 101312 -0.00117324 1.17184
0.007125 299.994 0.232917 101312 -0.00210422 1.17183
0.007135 299.994 0.232917 101312 -0.00217583 1.17183
0.007145 299.993 0.232917 101312 -0.00223707 1.17183
0.007155 299.993 0.232917 101312 -0.00227884 1.17183
0.007575 299.992 0.232917 101312 -0.00105073 1.17184
0.007165 299.993 0.232917 101312 -0.002297 1.17184
0.007175 299.993 0.232917 101312 -0.00229333 1.17184
0.007185 299.993 0.232917 101312 -0.00227552 1.17184
0.007195 299.993 0.232917 101312 -0.00225039 1.17184
0.007585 299.992 0.232917 101312 -0.000940949 1.17184
0.007205 299.993 0.232917 101312 -0.00221906 1.17184
0.007215 299.993 0.232917 101312 -0.00217485 1.17184
0.007225 299.993 0.232917 101312 -0.00210353 1.17184
0.007235 299.993 0.232917 101312 -0.0019894 1.17184
0.007595 299.992 0.232917 101312 -0.000842483 1.17184
0.007245 299.993 0.232917 101312 -0.00182544 1.17184
0.007255 299.993 0.232917 101312 -0.00162311 1.17184
0.007265 299.992 0.232917 101312 -0.00140992 1.17184
0.007275 299.992 0.232917 101312 -0.00121338 1.17184
0.007605 299.992 0.232917 101312 -0.00073972 1.17184
0.007285 299.992 0.232917 101312 -0.00104994 1.17184
0.007295 299.992 0.232917 101312 -0.000926143 1.17184
0.006405 300.122 0.232893 101310 -0.0077929 1.17126
0.007305 299.992 0.232917 101312 -0.000842911 1.17184
0.007615 299.992 0.232917 101312 -0.000629553 1.17184
0.007315 299.992 0.232917 101312 -0.000796312 1.17184
0.006415 300.116 0.232894 101310 -0.0076391 1.17129
0.007325 299.992 0.232917 101312 -0.000778421 1.17184
0.006425 300.111 0.232895 101310 -0.00750349 1.17131
0.007335 299.992 0.232917 101312 -0.000781383 1.17184
0.006435 300.105 0.232896 101310 -0.00737557 1.17134
0.007345 299.992 0.232917 101312 -0.000796993 1.17184
0.007625 299.992 0.232917 101312 -0.000517155 1.17184
0.006445 300.099 0.232897 101310 -0.00724722 1.17136
0.007355 299.992 0.232917 101312 -0.000833011 1.17184
0.006455 300.093 0.232898 101310 -0.00717739 1.17139
0.006465 300.088 0.232899 101310 -0.00709915 1.17141
0.007635 299.992 0.232917 101312 -0.000413856 1.17184
0.006475 300.082 0.2329 101310 -0.00698685 1.17143
0.006725 300.015 0.232912 101311 -0.00489712 1.17172
0.006485 300.077 0.232901 101310 -0.00692142 1.17145
0.006085 300.602 0.23281 101312 -0.00954036 1.1693
0.006495 300.072 0.232902 101310 -0.00694634 1.17147
0.001605 1818.97 0.0898223 101322 -0.426019 0.190281
0.006735 300.013 0.232913 101311 -0.0047515 1.17173
0.006505 300.068 0.232902 101310 -0.00698886 1.17149
0.007645 299.992 0.232917 101312 -0.000302789 1.17184
0.006095 300.576 0.232815 101312 -0.00947461 1.1694
0.006745 300.012 0.232913 101311 -0.00461964 1.17174
0.006515 300.064 0.232903 101310 -0.00695577 1.17151
0.007655 299.992 0.232917 101312 -0.000208527 1.17184
0.001615 1819.3 0.0897265 101322 -0.425841 0.190244
0.006105 300.55 0.232819 101312 -0.0093603 1.16951
0.006755 300.011 0.232913 101311 -0.00448372 1.17174
0.006525 300.06 0.232904 101310 -0.00687958 1.17152
0.007665 299.992 0.232917 101312 -0.000114006 1.17184
0.001285 1812.32 0.0921248 101322 -0.429465 0.191071
0.006765 300.009 0.232913 101311 -0.00433822 1.17175
0.001625 1819.63 0.0896292 101322 -0.425669 0.190206
0.006115 300.525 0.232823 101312 -0.00984347 1.16961
0.006535 300.057 0.232904 101310 -0.00687013 1.17154
0.007675 299.992 0.232917 101312 -3.66429e-05 1.17184
0.000965 1810.25 0.0932869 101323 -0.427562 0.191371
0.006775 300.008 0.232914 101311 -0.00419254 1.17175
0.001635 1819.97 0.0895302 101322 -0.425499 0.190167
0.006125 300.502 0.232828 101310 -0.00807765 1.16969
0.006545 300.054 0.232905 101310 -0.00686088 1.17155
0.001925 1834.49 0.0858828 101323 -0.419206 0.188582
0.006555 300.051 0.232906 101310 -0.00663343 1.17156
0.006565 300.047 0.232906 101310 -0.00636239 1.17158
0.006575 300.045 0.232907 101310 -0.00625673 1.17159
0.006585 300.042 0.232907 101310 -0.00624548 1.1716
0.001935 1835.17 0.085728 101323 -0.418952 0.18851
0.000645 1810.53 0.093757 101322 -0.428088 0.191402
0.006595 300.039 0.232908 101311 -0.00405964 1.17162
0.001945 1835.86 0.0855712 101323 -0.418739 0.188436
0.005765 302.597 0.232488 101314 -0.0103433 1.16127
0.006605 300.039 0.232908 101313 -0.00660564 1.17164
0.001955 1836.56 0.0854123 101323 -0.418524 0.188362
0.006615 300.029 0.232909 101310 -0.00660325 1.17165
0.001965 1837.28 0.0852513 101323 -0.418284 0.188285
0.006625 300.028 0.232909 101310 -0.00579482 1.17166
0.000655 1810.51 0.093749 101322 -0.428029 0.191402
0.006635 300.026 0.23291 101310 -0.00596025 1.17167
0.001975 1838.21 0.0850883 101333 -0.418003 0.188208
0.000665 1810.49 0.0937407 101322 -0.427979 0.191403
0.005775 302.486 0.232506 101314 -0.0103621 1.16171
0.006645 300.025 0.23291 101310 -0.00591554 1.17167
0.001985 1839.3 0.0849231 101323 -0.417668 0.188074
0.006655 300.023 0.23291 101310 -0.00575844 1.17168
5e-06 1810.33 0.0939004 101322 -0.428288 0.191476
0.000675 1810.47 0.093732 101322 -0.427923 0.191403
0.005785 302.38 0.232522 101314 -0.0103778 1.16214
0.001995 1840.6 0.0847558 101323 -0.417296 0.187939
0.006665 300.022 0.232911 101310 -0.00575401 1.17169
0.000685 1810.45 0.093723 101322 -0.427857 0.191404
0.006675 300.02 0.232911 101310 -0.0056967 1.17169
0.005795 302.277 0.232539 101314 -0.0103836 1.16255
0.002005 1841.92 0.0845864 101323 -0.416904 0.187802
0.006685 300.019 0.232911 101310 -0.00553176 1.1717
0.000695 1810.44 0.0937136 101322 -0.427791 0.191404
0.005805 302.177 0.232554 101314 -0.0103723 1.16295
0.002015 1843.25 0.0844148 101323 -0.416505 0.187664
0.006695 300.018 0.232912 101311 -0.00536629 1.1717
1.5e-05 1810.37 0.0939004 101322 -0.428295 0.191472
0.000705 1810.42 0.0937039 101322 -0.427743 0.191404
0.005815 302.081 0.232569 101314 -0.0103616 1.16333
0.000325 1810.91 0.0938854 101322 -0.429228 0.1914
0.002025 1844.6 0.0842412 101323 -0.41613 0.187524
0.006705 300.017 0.232912 101311 -0.00521856 1.17171
2.5e-05 1810.4 0.0939004 101322 -0.428309 0.191468
0.000715 1810.4 0.0936938 101322 -0.427711 0.191405
0.002245 1879.34 0.0798655 101324 -0.401972 0.184015
0.005825 301.987 0.232584 101314 -0.0102811 1.16371
0.006715 300.016 0.232912 101311 -0.00505805 1.17172
0.005445 309.862 0.231353 101317 -0.00855656 1.13323
0.002035 1845.97 0.0840654 101323 -0.415781 0.187383
3.5e-05 1810.44 0.0939004 101322 -0.428339 0.191465
0.000725 1810.38 0.0936832 101322 -0.427676 0.191405
0.002565 1951.09 0.0715386 101328 -0.351225 0.177223
0.000735 1810.36 0.0936723 101323 -0.427626 0.191405
0.005125 334.586 0.227803 101318 -0.0149873 1.04775
0.000745 1810.34 0.093661 101323 -0.427571 0.191406
0.000755 1810.32 0.0936493 101323 -0.427538 0.191406
0.002575 1953.82 0.0712426 101328 -0.349484 0.176976
0.000765 1810.3 0.0936371 101323 -0.427533 0.191406
0.005135 333.323 0.227979 101318 -0.0147345 1.0518
0.002885 2053.88 0.0626669 101330 -0.313761 0.16842
0.002585 1956.57 0.0709449 101328 -0.347835 0.176726
0.000775 1810.28 0.0936245 101323 -0.42753 0.191406
0.005145 332.093 0.22815 101318 -0.0144912 1.05577
0.002595 1959.36 0.0706455 101329 -0.346255 0.176475
0.000785 1810.26 0.0936114 101323 -0.427503 0.191406
0.005155 330.895 0.228315 101318 -0.0142569 1.05966
0.002605 1962.18 0.0703446 101329 -0.344659 0.176222
0.000795 1810.25 0.0935979 101323 -0.427463 0.191406
0.002895 2057.53 0.06251 101330 -0.312862 0.168125
0.005165 329.728 0.228476 101318 -0.0140305 1.06348
0.004805 403.309 0.218454 101321 -0.0280754 0.866653
0.002615 1965.04 0.0700423 101329 -0.343002 0.175966
0.000805 1810.23 0.0935839 101323 -0.427445 0.191406
0.002905 2061.2 0.0623704 101330 -0.312249 0.16783
0.002625 1967.92 0.0697388 101329 -0.341343 0.175709
0.000815 1810.21 0.0935694 101323 -0.427464 0.191406
0.005175 328.593 0.228631 101318 -0.0138079 1.06723
0.002915 2064.88 0.0622491 101330 -0.312268 0.167535
0.002635 1970.84 0.0694343 101329 -0.339789 0.175449
0.000825 1810.2 0.0935544 101323 -0.427499 0.191406
0.005185 327.487 0.228781 101318 -0.0136056 1.0709
0.002925 2068.56 0.0621471 101330 -0.312626 0.167241
0.003205 1980.01 0.0700025 101330 -0.311372 0.174758
0.004815 400.191 0.218879 101321 -0.0276448 0.873502
0.002645 1973.79 0.0691289 101329 -0.338361 0.175188
0.000835 1810.18 0.093539 101323 -0.427497 0.191405
0.005195 326.41 0.228927 101318 -0.013355 1.0745
0.002935 2072.25 0.0620656 101330 -0.312659 0.166948
0.004825 397.138 0.219293 101321 -0.0272798 0.880313
0.002655 1976.78 0.0688229 101329 -0.336959 0.174925
0.000845 1810.17 0.093523 101323 -0.427457 0.191405
0.005205 325.362 0.229069 101318 -0.0137231 1.07803
0.002945 2075.94 0.0620054 101330 -0.312114 0.166654
0.004835 394.15 0.219698 101320 -0.0269508 0.887084
0.002665 1979.79 0.0685165 101329 -0.335477 0.174659
0.000855 1810.15 0.0935065 101323 -0.427442 0.191404
0.005215 324.344 0.229205 101320 -0.0117373 1.0815
0.002955 2079.64 0.0619677 101329 -0.31153 0.166362
0.003215 1967.73 0.0707062 101330 -0.310465 0.175847
0.004165 817.132 0.170233 101323 -0.118632 0.424696
0.004845 391.224 0.220093 101320 -0.026635 0.893814
0.002675 1982.84 0.06821 101329 -0.333934 0.174392
0.000865 1810.14 0.0934894 101323 -0.42748 0.191404
0.005225 323.476 0.229337 101318 -0.0133385 1.08444
0.002965 2083.33 0.0619533 101329 -0.311652 0.166071
0.003225 1955.42 0.0714367 101330 -0.310104 0.176951
0.002685 1985.92 0.0679037 101329 -0.332474 0.174122
0.004855 388.36 0.220478 101320 -0.0263137 0.9005
0.000875 1810.13 0.0934718 101323 -0.427528 0.191403
0.002975 2087.01 0.0619631 101329 -0.312537 0.165782
0.003235 1943.1 0.0721929 101330 -0.309446 0.17807
0.005235 322.636 0.229465 101317 -0.0125591 1.08732
0.002695 1989.04 0.067598 101329 -0.331196 0.173851
0.004865 385.558 0.220855 101320 -0.0259739 0.907141
0.000885 1810.11 0.0934536 101323 -0.427565 0.191402
0.002985 2090.68 0.061998 101330 -0.313531 0.165494
0.003245 1930.76 0.072974 101330 -0.308068 0.179206
0.005245 321.822 0.229589 101317 -0.0124128 1.09014
0.003525 1578.95 0.100774 101329 -0.264342 0.219125
0.004175 807.763 0.171256 101323 -0.116716 0.429659
0.002705 1992.18 0.0672933 101330 -0.330026 0.173579
0.004875 382.815 0.221222 101320 -0.0256083 0.913735
0.000895 1810.1 0.0934349 101323 -0.427599 0.191401
0.002995 2094.34 0.0620587 101330 -0.313777 0.165209
0.003255 1918.41 0.0737789 101330 -0.306407 0.180358
0.005255 321.032 0.229709 101317 -0.0122198 1.09288
0.002715 1995.36 0.06699 101330 -0.328788 0.173304
0.004185 798.449 0.172272 101323 -0.114821 0.434709
0.004885 380.131 0.221579 101320 -0.025213 0.920281
0.000905 1810.11 0.0934157 101323 -0.427622 0.1914
0.003005 2097.98 0.062146 101329 -0.313404 0.164925
0.003265 1906.03 0.0746067 101330 -0.305149 0.181526
0.005265 320.265 0.229825 101317 -0.0120543 1.09556
0.002725 1998.57 0.0666885 101330 -0.327416 0.173027
0.004195 789.192 0.173282 101323 -0.112928 0.439847
0.004895 377.505 0.221928 101319 -0.0247869 0.926778
0.004485 555.219 0.199309 101323 -0.0625771 0.627126
0.003845 1168.33 0.135703 101324 -0.182891 0.296415
0.003535 1566.21 0.10186 101329 -0.262188 0.220912
0.000915 1810.12 0.0933958 101323 -0.427623 0.191396
0.003015 2101.59 0.0622603 101329 -0.313491 0.164643
0.003275 1893.64 0.0754561 101330 -0.304412 0.182711
0.005275 319.522 0.229937 101317 -0.0118936 1.09816
0.002735 2001.81 0.0663894 101330 -0.326051 0.172749
0.004205 779.992 0.174286 101323 -0.111031 0.445075
0.004905 374.936 0.222268 101319 -0.0243328 0.933224
0.003545 1553.46 0.102948 101329 -0.259943 0.222729
0.000925 1810.14 0.0933753 101323 -0.427613 0.191391
0.003025 2105.18 0.0624024 101329 -0.314756 0.164365
0.003285 1881.23 0.0763262 101330 -0.303672 0.183913
0.005285 318.801 0.230045 101317 -0.0117359 1.1007
0.002745 2005.09 0.0660932 101330 -0.324895 0.172469
0.004215 770.85 0.175282 101323 -0.109144 0.450395
0.004915 372.422 0.2226 101319 -0.0238551 0.939617
0.003555 1540.69 0.104037 101329 -0.257592 0.224578
0.000935 1810.17 0.0933541 101323 -0.427597 0.191386
0.004495 549.158 0.200073 101323 -0.0611921 0.634124
0.003035 2108.74 0.0625725 101329 -0.316701 0.164091
0.006785 300.007 0.232914 101311 -0.00405905 1.17176
0.003295 1868.81 0.0772158 101330 -0.302442 0.185134
0.003855 1155.45 0.136785 101324 -0.180808 0.299734
0.005295 318.102 0.23015 101317 -0.0115783 1.10318
0.002755 2008.39 0.0658005 101330 -0.323961 0.172188
0.004925 369.962 0.222922 101319 -0.0233593 0.945957
0.004225 761.766 0.176272 101323 -0.107271 0.455808
0.003565 1527.92 0.105127 101329 -0.255206 0.226459
0.000945 1810.19 0.0933324 101323 -0.427566 0.191381
0.003045 2112.26 0.0627712 101329 -0.318189 0.16382
0.004505 543.175 0.200826 101323 -0.0598197 0.641185
0.003305 1856.37 0.0781237 101330 -0.300842 0.186373
0.005305 317.424 0.230251 101317 -0.0114162 1.10559
0.002765 2011.73 0.0655119 101330 -0.323036 0.171905
0.003865 1142.56 0.137864 101324 -0.17831 0.303129
0.004935 367.556 0.223237 101319 -0.0228528 0.952243
0.004235 752.742 0.177256 101323 -0.105403 0.461316
0.003575 1515.15 0.106218 101328 -0.252832 0.228373
0.000955 1810.22 0.09331 101323 -0.42754 0.191376
0.003055 2115.74 0.0629986 101329 -0.318812 0.163552
0.004515 537.273 0.201569 101323 -0.0584672 0.648307
0.003315 1843.91 0.0790489 101330 -0.299385 0.18763
0.005315 316.766 0.230349 101317 -0.0112462 1.10794
0.002775 2015.1 0.0652282 101330 -0.321919 0.171621
0.004945 365.202 0.223543 101319 -0.02234 0.958474
0.006135 300.479 0.232832 101312 -0.00972704 1.1698
0.004955 362.899 0.223841 101319 -0.0218185 0.964648
0.004965 360.646 0.224131 101319 -0.0212931 0.970764
0.004975 358.444 0.224414 101319 -0.0207748 0.97682
0.006145 300.458 0.232835 101312 -0.00910687 1.16988
0.004985 356.298 0.224688 101321 -0.0202583 0.982811
0.001645 1820.32 0.0894296 101322 -0.425323 0.190128
0.006155 300.438 0.232839 101312 -0.00912709 1.16997
0.004995 354.463 0.224955 101319 -0.0197596 0.987967
0.000975 1810.28 0.0932632 101323 -0.427604 0.191366
0.006165 300.418 0.232842 101312 -0.00911698 1.17005
0.005005 352.682 0.225215 101319 -0.0192764 0.993044
0.001295 1812.44 0.0920726 101322 -0.429509 0.191055
0.006175 300.398 0.232846 101312 -0.00913472 1.17013
0.005015 350.946 0.225467 101319 -0.0188102 0.998043
0.005455 309.488 0.231413 101317 -0.00841237 1.13464
0.001655 1820.68 0.0893273 101322 -0.425136 0.190087
0.006185 300.38 0.232849 101312 -0.0091495 1.17021
0.005835 301.897 0.232598 101314 -0.0107845 1.16407
0.005025 349.255 0.225712 101319 -0.0183588 1.00296
0.000985 1810.31 0.0932388 101323 -0.427603 0.19136
0.002255 1881.17 0.0796407 101324 -0.400924 0.183835
0.005465 309.126 0.231471 101317 -0.00829821 1.136
0.006195 300.362 0.232852 101311 -0.00916328 1.17028
0.001665 1821.06 0.0892233 101322 -0.424947 0.190045
0.005035 347.607 0.22595 101318 -0.0179264 1.0078
0.000335 1810.91 0.0938839 101322 -0.429224 0.191399
0.005845 301.809 0.232611 101312 -0.00903387 1.1644
0.001305 1812.56 0.0920193 101322 -0.429525 0.191039
0.006205 300.344 0.232855 101311 -0.00917146 1.17035
0.005475 308.777 0.231526 101317 -0.00821699 1.13732
0.002045 1847.35 0.0838874 101323 -0.415391 0.18724
0.001675 1821.44 0.0891176 101322 -0.424765 0.190003
0.005045 346.002 0.226182 101318 -0.0175172 1.01256
0.000995 1810.34 0.0932137 101323 -0.427559 0.191354
4.5e-05 1810.47 0.0939003 101322 -0.428387 0.191461
0.002265 1883.02 0.0794137 101324 -0.399824 0.183653
0.005855 301.725 0.232624 101314 -0.0106708 1.16476
0.001315 1812.69 0.0919649 101322 -0.429515 0.191023
0.006215 300.328 0.232858 101311 -0.00913895 1.17042
0.000345 1810.91 0.0938824 101322 -0.429218 0.191399
0.005485 308.438 0.23158 101317 -0.00817066 1.13861
0.001685 1821.82 0.0890102 101322 -0.424589 0.189959
0.005055 344.439 0.226406 101318 -0.0171321 1.01724
0.002055 1848.76 0.0837073 101323 -0.414914 0.187095
0.001005 1810.37 0.0931879 101323 -0.427527 0.191348
0.005865 301.645 0.232636 101314 -0.0100227 1.16508
0.002275 1884.89 0.0791843 101324 -0.398674 0.183468
0.001325 1812.83 0.0919093 101322 -0.429483 0.191006
5.5e-05 1810.51 0.0939002 101322 -0.428443 0.191457
0.006225 300.312 0.23286 101311 -0.0090109 1.17048
0.000355 1810.91 0.0938807 101322 -0.429212 0.191398
0.005495 308.111 0.231631 101316 -0.00815915 1.13985
0.001695 1822.22 0.0889011 101322 -0.424405 0.189915
0.005065 342.917 0.226624 101318 -0.0167707 1.02184
0.002065 1850.19 0.0835251 101323 -0.414401 0.186949
0.001015 1810.41 0.0931613 101323 -0.427528 0.191342
0.005875 301.576 0.232648 101313 -0.00999837 1.16535
0.002285 1886.79 0.0789527 101324 -0.397475 0.183282
0.001335 1812.96 0.0918526 101322 -0.429428 0.190989
0.006235 300.296 0.232863 101311 -0.00878703 1.17055
6.5e-05 1810.54 0.0939001 101322 -0.428486 0.191454
0.000365 1810.9 0.093879 101322 -0.429205 0.191397
0.005505 307.794 0.231681 101316 -0.00817875 1.14106
0.001705 1822.63 0.0887903 101322 -0.424205 0.189869
0.005075 341.434 0.226836 101318 -0.0164317 1.02635
0.002075 1851.63 0.0833406 101323 -0.413917 0.186801
0.001025 1810.45 0.0931341 101323 -0.427546 0.191336
0.005885 301.511 0.232659 101313 -0.00994485 1.16562
0.002295 1888.72 0.0787187 101324 -0.396227 0.183094
0.001345 1813.11 0.0917947 101322 -0.429351 0.190971
0.006245 300.281 0.232866 101311 -0.00858483 1.17061
7.5e-05 1810.57 0.0939 101322 -0.428514 0.19145
0.005515 307.488 0.231729 101316 -0.00824728 1.14223
0.000375 1810.9 0.0938771 101322 -0.429194 0.191397
0.001715 1823.05 0.0886777 101322 -0.423997 0.189823
0.005085 339.991 0.227041 101318 -0.0161129 1.03079
0.002085 1853.1 0.083154 101323 -0.413461 0.186651
0.005895 301.447 0.23267 101313 -0.00992748 1.16587
0.001035 1810.48 0.0931061 101323 -0.427547 0.19133
0.002305 1890.67 0.0784825 101324 -0.39493 0.182904
0.006255 300.267 0.232868 101311 -0.0085585 1.17066
0.001355 1813.26 0.0917355 101322 -0.429254 0.190953
8.5e-05 1810.6 0.0938999 101322 -0.428546 0.191447
0.005525 307.192 0.231775 101316 -0.00829082 1.14336
0.001725 1823.48 0.0885633 101322 -0.423796 0.189775
0.000385 1810.9 0.093875 101322 -0.429182 0.191397
0.005095 338.585 0.22724 101318 -0.0158113 1.03515
0.002095 1854.59 0.0829652 101323 -0.412983 0.186499
0.005905 301.386 0.23268 101313 -0.00992602 1.16612
0.001045 1810.53 0.0930773 101323 -0.427522 0.191323
0.002315 1892.65 0.0782439 101325 -0.393589 0.182711
0.006265 300.254 0.23287 101311 -0.0086965 1.17072
0.001365 1813.41 0.0916752 101322 -0.429144 0.190934
9.5e-05 1810.62 0.0938998 101322 -0.428595 0.191444
0.005535 306.906 0.231819 101316 -0.00897077 1.14445
0.001735 1823.92 0.0884472 101322 -0.423607 0.189726
0.000395 1810.89 0.0938729 101322 -0.429169 0.191396
0.005105 337.216 0.227433 101318 -0.0155244 1.03943
0.005915 301.328 0.23269 101313 -0.00993665 1.16636
0.002105 1856.09 0.0827742 101323 -0.412451 0.186345
0.001055 1810.57 0.0930478 101323 -0.4275 0.191316
0.006275 300.24 0.232872 101311 -0.00876299 1.17078
0.002325 1894.65 0.078003 101325 -0.392203 0.182517
0.001375 1813.57 0.0916136 101322 -0.429029 0.190914
0.000105 1810.65 0.0938996 101322 -0.42865 0.191441
0.005545 306.629 0.231862 101317 -0.00737718 1.14554
0.001745 1824.38 0.0883293 101322 -0.423411 0.189677
0.000405 1810.88 0.0938706 101322 -0.429155 0.191396
0.005115 335.884 0.227621 101318 -0.0152502 1.04363
0.005925 301.271 0.2327 101313 -0.00995006 1.16659
0.006285 300.228 0.232874 101311 -0.00857098 1.17083
0.001065 1810.61 0.0930175 101323 -0.427506 0.191309
0.002115 1857.62 0.082581 101323 -0.411875 0.18619
0.002335 1896.68 0.0777598 101325 -0.390769 0.182321
0.001385 1813.73 0.0915508 101322 -0.428913 0.190894
0.005555 306.36 0.231903 101316 -0.00924866 1.14655
0.003875 1129.66 0.138942 101324 -0.175906 0.306604
0.006795 300.006 0.232914 101311 -0.00394906 1.17176
0.005565 306.101 0.231943 101315 -0.00879485 1.14755
0.003325 1831.43 0.0799901 101330 -0.29832 0.188906
0.003885 1116.75 0.140018 101324 -0.174122 0.310164
0.005575 305.85 0.231981 101315 -0.00898097 1.14852
0.006805 300.005 0.232914 101311 -0.00387248 1.17177
0.004245 743.777 0.178232 101323 -0.103541 0.46692
0.003585 1502.36 0.10731 101328 -0.250433 0.230321
0.003895 1103.84 0.141092 101324 -0.172415 0.313809
0.003335 1818.94 0.0809464 101330 -0.297361 0.190201
0.006815 300.005 0.232914 101311 -0.0038288 1.17177
0.005585 305.607 0.232018 101315 -0.00911632 1.14946
0.005325 316.128 0.230443 101317 -0.0110663 1.11022
0.004255 734.872 0.179202 101323 -0.10169 0.472624
0.003905 1090.91 0.142163 101324 -0.169937 0.317544
0.006825 300.004 0.232914 101311 -0.00379622 1.17177
0.003065 2119.17 0.0632549 101329 -0.318997 0.163287
0.003345 1806.43 0.0819167 101330 -0.296097 0.191516
0.003595 1489.57 0.108402 101328 -0.247955 0.232304
0.005595 305.371 0.232054 101315 -0.00926988 1.15037
0.004265 726.028 0.180164 101323 -0.0998502 0.478428
0.004525 531.449 0.202301 101323 -0.0571418 0.65549
0.005335 315.509 0.230535 101317 -0.0108757 1.11245
0.006835 300.003 0.232915 101311 -0.00373733 1.17178
0.003915 1077.97 0.143232 101324 -0.167261 0.321372
0.003355 1793.91 0.0828998 101330 -0.294494 0.192852
0.003075 2122.54 0.0635399 101328 -0.319141 0.163028
0.002785 2018.49 0.06495 101330 -0.320677 0.171335
0.003605 1476.77 0.109495 101328 -0.245412 0.234323
0.005605 305.144 0.232088 101315 -0.00941703 1.15125
0.004275 717.245 0.181119 101323 -0.0980174 0.484334
0.000115 1810.67 0.0938994 101322 -0.428697 0.191438
0.006845 300.002 0.232915 101311 -0.00362226 1.17178
0.005345 314.909 0.230623 101317 -0.0106747 1.11462
0.003925 1065.02 0.144298 101324 -0.16541 0.325297
0.004535 525.706 0.203022 101322 -0.0558378 0.662732
0.003365 1781.37 0.0838947 101330 -0.292889 0.194209
0.003085 2118.81 0.0638539 100992 -0.319337 0.162775
0.003615 1463.96 0.110589 101328 -0.242856 0.236378
0.005615 304.923 0.232121 101315 -0.00955553 1.15211
0.002795 2021.92 0.0646782 101330 -0.319598 0.171048
0.006855 300.002 0.232915 101311 -0.00344828 1.17179
0.004285 708.524 0.182067 101323 -0.0961911 0.490345
0.000125 1810.7 0.0938992 101322 -0.428733 0.191435
0.005355 314.327 0.230708 101317 -0.0104645 1.11674
0.003935 1052.07 0.145362 101324 -0.164032 0.329321
0.004545 520.041 0.203733 101322 -0.0545524 0.670032
0.003375 1768.82 0.0849006 101330 -0.291532 0.195586
0.003095 2113.87 0.0641976 101330 -0.319598 0.163702
0.005625 304.709 0.232153 101315 -0.00968053 1.15294
0.003625 1451.15 0.111683 101328 -0.240298 0.238471
0.006865 300.001 0.232915 101311 -0.00323906 1.17179
0.002805 2025.37 0.0644136 101330 -0.318859 0.170759
0.004295 699.866 0.183007 101323 -0.0943753 0.496461
0.000135 1810.72 0.0938989 101322 -0.428768 0.191432
0.005365 313.762 0.23079 101317 -0.0102468 1.1188
0.003945 1039.11 0.146423 101324 -0.162251 0.333446
0.004555 514.455 0.204433 101322 -0.0532874 0.677389
0.003385 1756.25 0.0859163 101330 -0.290288 0.196985
0.005635 304.502 0.232183 101314 -0.00978829 1.15375
0.003105 2101.81 0.0645723 101330 -0.320011 0.164641
0.006875 300.001 0.232915 101312 -0.00302637 1.17179
0.003635 1438.33 0.112778 101328 -0.237697 0.240602
0.005375 313.214 0.23087 101317 -0.0100236 1.1208
0.002815 2028.85 0.064157 101330 -0.31829 0.17047
0.000145 1810.74 0.0938987 101322 -0.428812 0.19143
0.004305 691.271 0.18394 101323 -0.0925681 0.502686
0.003955 1026.52 0.147489 101358 -0.15996 0.337671
0.003395 1743.67 0.0869411 101330 -0.288849 0.198406
0.004565 508.949 0.205122 101322 -0.0520419 0.684802
0.005645 304.302 0.232212 101314 -0.00987828 1.15453
0.003115 2089.73 0.0649779 101330 -0.320462 0.165593
0.006885 300 0.232915 101312 -0.00283041 1.1718
0.003645 1425.51 0.113872 101327 -0.235037 0.242772
0.005385 312.682 0.230946 101317 -0.00979759 1.12275
0.002825 2032.36 0.0639094 101330 -0.317547 0.170179
0.000155 1810.76 0.0938984 101322 -0.428862 0.191427
0.004315 682.739 0.184866 101323 -0.0907624 0.50902
0.003965 1015.75 0.148613 101324 -0.157959 0.341155
0.003405 1731.07 0.0879742 101330 -0.287135 0.19985
0.004575 503.52 0.205801 101322 -0.0508141 0.692269
0.005655 304.108 0.23224 101314 -0.0099579 1.15529
0.006895 300 0.232915 101312 -0.00265446 1.1718
0.003125 2077.62 0.0654145 101330 -0.320366 0.166557
0.003655 1412.68 0.114967 101327 -0.232358 0.244984
0.002835 2035.89 0.0636717 101330 -0.316519 0.169888
0.000165 1810.78 0.093898 101322 -0.428907 0.191425
0.004325 674.271 0.185783 101323 -0.0889619 0.515467
0.005395 312.166 0.23102 101317 -0.00957127 1.12465
0.003975 1005.36 0.149741 101324 -0.15606 0.344702
0.003415 1718.46 0.0890146 101330 -0.285358 0.201317
0.005665 303.945 0.232268 101314 -0.0100174 1.15593
0.004585 498.17 0.206468 101322 -0.0496041 0.699789
0.006905 299.999 0.232916 101312 -0.00249499 1.1718
0.003135 2065.49 0.0658822 101330 -0.319124 0.167535
0.003665 1399.84 0.116062 101327 -0.229691 0.247236
0.002845 2039.45 0.0634449 101330 -0.315495 0.169595
0.000175 1810.79 0.0938977 101322 -0.428944 0.191423
0.004335 665.867 0.186693 101323 -0.0871781 0.522028
0.005405 311.665 0.231092 101317 -0.00934693 1.12651
0.003425 1705.84 0.0900617 101330 -0.283721 0.202807
0.005675 303.788 0.232294 101314 -0.0100757 1.15655
0.003985 995.001 0.150864 101323 -0.154726 0.348311
0.006915 299.999 0.232916 101312 -0.00235291 1.17181
0.003145 2053.34 0.0663807 101330 -0.317194 0.168527
0.004595 492.898 0.207125 101322 -0.048412 0.70736
0.002855 2043.03 0.0632299 101330 -0.314861 0.169302
0.000185 1810.81 0.0938972 101322 -0.428976 0.191421
0.003675 1387 0.117157 101327 -0.22701 0.249532
0.004345 657.528 0.187595 101323 -0.0854012 0.528704
0.005415 311.179 0.231161 101317 -0.00912823 1.12831
0.003435 1693.2 0.0911148 101330 -0.28216 0.204321
0.006925 299.998 0.232916 101312 -0.00223341 1.17181
0.005685 303.636 0.232319 101314 -0.0101314 1.15715
0.003995 984.682 0.151983 101323 -0.15321 0.351983
0.003155 2041.17 0.0669099 101330 -0.315818 0.169531
0.004605 487.704 0.207771 101322 -0.0472376 0.714981
0.002865 2046.63 0.0630279 101330 -0.314635 0.169008
0.000195 1810.82 0.0938968 101322 -0.429011 0.191419
0.003685 1374.16 0.118252 101327 -0.224277 0.251871
0.004355 649.255 0.188488 101323 -0.083614 0.535499
0.006935 299.998 0.232916 101312 -0.00214311 1.17181
0.005425 310.706 0.231227 101317 -0.00892099 1.13007
0.005695 303.489 0.232343 101314 -0.0101828 1.15773
0.003445 1680.55 0.0921733 101330 -0.280463 0.20586
0.003165 2028.97 0.0674695 101330 -0.315539 0.170548
0.004005 974.406 0.153096 101323 -0.150775 0.355718
0.004615 482.587 0.208407 101322 -0.0460815 0.722651
0.002875 2050.25 0.0628399 101330 -0.314397 0.168714
0.000205 1810.84 0.0938963 101322 -0.429049 0.191417
0.006945 299.997 0.232916 101312 -0.00207039 1.17181
0.003695 1361.31 0.119347 101326 -0.221522 0.254256
0.004365 641.049 0.189374 101323 -0.0818423 0.542414
0.005705 303.348 0.232366 101314 -0.0102268 1.15829
0.005435 310.25 0.231291 101317 -0.0087294 1.13178
0.002125 1859.16 0.0823855 101323 -0.411295 0.186034
0.001755 1824.84 0.0882095 101322 -0.423191 0.189626
0.000415 1810.88 0.0938682 101322 -0.429139 0.191396
0.005935 301.217 0.232709 101313 -0.00995727 1.16681
0.001765 1825.31 0.0880879 101322 -0.422954 0.189574
0.006295 300.215 0.232876 101311 -0.00827792 1.17088
0.000425 1810.87 0.0938656 101322 -0.429119 0.191395
0.005945 301.164 0.232718 101313 -0.00995553 1.16702
0.001075 1810.66 0.0929864 101323 -0.427535 0.191301
0.001775 1825.8 0.0879645 101322 -0.422725 0.189521
0.006305 300.205 0.232878 101311 -0.00819619 1.17092
0.000435 1810.86 0.0938629 101322 -0.429096 0.191395
0.002345 1898.73 0.0775143 101325 -0.389283 0.182122
0.005955 301.113 0.232727 101313 -0.00994929 1.16722
0.001395 1813.9 0.0914867 101322 -0.428798 0.190873
0.001785 1826.29 0.0878392 101322 -0.422517 0.189466
0.006315 300.195 0.23288 101311 -0.00840785 1.17096
0.001085 1810.71 0.0929545 101323 -0.427565 0.191294
0.000445 1810.85 0.09386 101322 -0.429073 0.191395
0.002355 1900.81 0.0772665 101325 -0.38775 0.181922
0.005965 301.065 0.232735 101313 -0.0099463 1.16742
0.006325 300.186 0.232882 101311 -0.00866057 1.171
0.001795 1826.8 0.0877121 101322 -0.42231 0.189411
0.001405 1814.08 0.0914213 101322 -0.428686 0.190852
0.001095 1810.76 0.0929217 101323 -0.427585 0.191286
0.005975 301.018 0.232743 101313 -0.00995204 1.16761
0.002365 1902.92 0.0770164 101325 -0.386185 0.181719
0.000455 1810.84 0.0938569 101322 -0.429049 0.191395
0.006335 300.177 0.232883 101311 -0.00859064 1.17104
0.001805 1827.32 0.0875831 101322 -0.422074 0.189354
0.003175 2016.76 0.0680591 101330 -0.315531 0.171579
0.001415 1814.26 0.0913547 101322 -0.428579 0.19083
0.001105 1810.82 0.0928882 101323 -0.427609 0.191278
0.005985 300.972 0.23275 101313 -0.0099656 1.1678
0.003455 1667.89 0.0932365 101330 -0.278556 0.207424
0.006345 300.169 0.232885 101311 -0.00796246 1.17107
0.000465 1810.83 0.0938536 101322 -0.429023 0.191395
0.002375 1905.05 0.076764 101325 -0.384593 0.181515
0.001815 1827.85 0.0874521 101322 -0.42181 0.189296
0.001425 1814.44 0.0912867 101322 -0.428479 0.190808
0.003185 2004.53 0.0686782 101330 -0.314688 0.172624
0.005995 300.929 0.232757 101313 -0.00997991 1.16797
0.001115 1810.87 0.0928537 101323 -0.427657 0.191269
0.006355 300.16 0.232886 101310 -0.00718261 1.17111
0.000475 1810.81 0.0938502 101322 -0.428992 0.191395
0.002385 1907.22 0.0765092 101325 -0.382967 0.181308
0.003465 1655.21 0.094304 101330 -0.276578 0.209014
0.001825 1828.4 0.0873193 101322 -0.421554 0.189237
0.001435 1814.64 0.0912174 101322 -0.428384 0.190785
0.003195 1992.28 0.0693262 101330 -0.313019 0.173684
0.006005 300.886 0.232764 101313 -0.00998584 1.16814
0.006365 300.151 0.232888 101310 -0.00744487 1.17114
0.001125 1810.93 0.0928185 101323 -0.42773 0.19126
0.000485 1810.8 0.0938466 101322 -0.428957 0.191395
0.002395 1909.41 0.0762522 101326 -0.381295 0.181099
0.003475 1642.53 0.0953752 101330 -0.274671 0.21063
0.001835 1828.95 0.0871845 101322 -0.421337 0.189177
0.001445 1814.83 0.0911468 101322 -0.428289 0.190761
0.006015 300.846 0.232771 101313 -0.00997686 1.16831
0.000215 1810.85 0.0938957 101322 -0.429084 0.191415
0.004625 477.547 0.209031 101322 -0.0449441 0.730367
0.004015 964.177 0.154206 101323 -0.148269 0.359516
0.006025 300.806 0.232777 101313 -0.00995112 1.16847
0.000225 1810.86 0.0938951 101322 -0.42911 0.191413
0.006955 299.997 0.232916 101312 -0.00201347 1.17181
0.004635 472.583 0.209645 101322 -0.0438251 0.738129
0.006035 300.769 0.232783 101313 -0.00990989 1.16862
0.003705 1348.46 0.120441 101326 -0.218808 0.256687
0.004025 953.997 0.15531 101323 -0.146449 0.363377
0.000235 1810.87 0.0938945 101322 -0.429131 0.191411
0.006965 299.997 0.232916 101312 -0.00196548 1.17182
0.004375 632.908 0.190252 101323 -0.080107 0.54945
0.006045 300.732 0.232789 101313 -0.00985483 1.16877
0.004645 467.695 0.210248 101322 -0.0427252 0.745934
0.005715 303.211 0.232389 101314 -0.0102608 1.15883
0.006975 299.996 0.232916 101312 -0.00192468 1.17182
0.000245 1810.88 0.0938938 101322 -0.429151 0.19141
0.004035 943.869 0.15641 101323 -0.144645 0.367301
0.003715 1335.61 0.121536 101326 -0.216126 0.259165
0.006055 300.697 0.232795 101312 -0.00978772 1.16891
0.004655 462.882 0.21084 101322 -0.0416456 0.753781
0.004385 624.836 0.191121 101323 -0.0783547 0.556611
0.006985 299.996 0.232916 101312 -0.00188906 1.17182
0.005725 303.08 0.23241 101314 -0.0102843 1.15935
0.000255 1810.89 0.093893 101322 -0.429172 0.191408
0.006065 300.663 0.2328 101312 -0.0097113 1.16905
0.003725 1322.75 0.12263 101326 -0.213405 0.261692
0.004045 933.794 0.157505 101323 -0.142377 0.371289
0.004665 458.145 0.211422 101322 -0.0405841 0.761669
0.006995 299.996 0.232916 101312 -0.00185303 1.17182
0.004395 616.832 0.191981 101323 -0.0765605 0.563897
0.005735 302.952 0.232431 101314 -0.0102998 1.15986
0.006075 300.63 0.232805 101312 -0.00963154 1.16918
0.000265 1810.89 0.0938921 101322 -0.429191 0.191407
0.003735 1309.89 0.123724 101326 -0.210638 0.26427
0.004055 923.775 0.158596 101323 -0.140109 0.375343
0.007005 299.996 0.232916 101312 -0.00180919 1.17182
0.004675 453.481 0.211993 101322 -0.0395403 0.769595
0.002135 1860.73 0.0821879 101323 -0.410723 0.185875
0.006375 300.144 0.232889 101312 -0.0050091 1.17119
0.004685 448.891 0.212553 101322 -0.0385208 0.777558
0.000495 1810.79 0.0938428 101322 -0.428921 0.191396
0.002145 1862.31 0.081988 101323 -0.410131 0.185715
0.001135 1811 0.0927823 101323 -0.427812 0.191251
0.006385 300.135 0.232891 101310 -0.00785679 1.17121
0.004695 444.374 0.213103 101322 -0.0375218 0.785556
0.002405 1911.63 0.0759928 101326 -0.379581 0.180888
0.002155 1863.92 0.0817859 101323 -0.409488 0.185553
0.000505 1810.77 0.0938388 101322 -0.428886 0.191396
0.006395 300.127 0.232892 101310 -0.00809147 1.17124
0.003485 1629.84 0.0964498 101329 -0.272799 0.212273
0.004705 439.93 0.213642 101322 -0.0365242 0.793587
0.001145 1811.06 0.0927452 101323 -0.427892 0.191242
0.001845 1829.52 0.0870478 101322 -0.42114 0.189116
0.001455 1815.04 0.0910749 101322 -0.428192 0.190736
0.004405 608.898 0.192833 101323 -0.0748063 0.571309
0.001855 1830.1 0.0869092 101323 -0.420913 0.189053
0.005745 302.83 0.232451 101314 -0.0103122 1.16034
0.001465 1815.25 0.0910015 101322 -0.428091 0.190711
0.000275 1810.9 0.0938912 101322 -0.429205 0.191405
0.001865 1830.69 0.0867685 101322 -0.420644 0.188989
0.004415 601.035 0.193677 101323 -0.0731049 0.578849
0.003745 1297.03 0.124817 101326 -0.207924 0.2669
0.005755 302.711 0.23247 101314 -0.0103261 1.16081
0.001475 1815.47 0.0909268 101322 -0.427986 0.190685
0.007015 299.995 0.232916 101312 -0.00175412 1.17182
0.001875 1831.3 0.0866259 101322 -0.420376 0.188924
0.000285 1810.9 0.0938902 101322 -0.429213 0.191404
0.004065 913.81 0.159681 101323 -0.138155 0.379464
0.002165 1865.54 0.0815816 101323 -0.408793 0.185389
0.000295 1810.91 0.0938891 101322 -0.429219 0.191403
0.002415 1913.87 0.0757312 101326 -0.377847 0.180675
0.004075 903.9 0.160762 101323 -0.136242 0.383652
0.000515 1810.76 0.0938346 101322 -0.428847 0.191396
0.002175 1867.19 0.081375 101323 -0.408068 0.185224
0.000305 1810.91 0.093888 101322 -0.429225 0.191402
0.004715 435.558 0.21417 101322 -0.0355316 0.801649
0.002425 1916.15 0.0754672 101326 -0.376112 0.18046
0.004085 894.044 0.161837 101323 -0.134167 0.38791
0.003495 1617.13 0.0975273 101329 -0.27082 0.213943
0.002185 1868.86 0.0811661 101323 -0.407324 0.185057
0.000525 1810.75 0.0938301 101322 -0.4288 0.191396
0.000315 1810.91 0.0938867 101322 -0.429229 0.191401
0.001155 1811.13 0.0927073 101323 -0.427977 0.191232
0.002435 1918.45 0.0752009 101326 -0.37437 0.180243
0.004725 431.258 0.214688 101322 -0.0345558 0.809738
0.004095 884.242 0.162906 101323 -0.132101 0.39224
0.004425 593.32 0.194511 101335 -0.0713124 0.586512
0.002195 1870.55 0.080955 101323 -0.406551 0.184888
0.001485 1815.7 0.0908507 101322 -0.427874 0.190659
0.002205 1872.26 0.0807417 101323 -0.405729 0.184717
0.001495 1815.93 0.0907731 101322 -0.427752 0.190632
0.002215 1874 0.080526 101324 -0.404853 0.184544
0.001505 1816.17 0.0906941 101322 -0.427619 0.190604
0.002225 1875.75 0.0803081 101324 -0.403931 0.18437
0.003755 1284.16 0.125909 101325 -0.205327 0.269582
0.001515 1816.41 0.0906137 101322 -0.42748 0.190575
0.002235 1877.53 0.0800879 101324 -0.402971 0.184193
0.001525 1816.67 0.0905318 101322 -0.427335 0.190545
0.007025 299.995 0.232916 101312 -0.00169304 1.17182
0.001535 1816.93 0.0904485 101322 -0.427185 0.190515
0.001885 1831.91 0.0864814 101322 -0.42016 0.188858
0.003505 1604.41 0.0986074 101329 -0.268688 0.215642
0.000535 1810.73 0.0938255 101322 -0.428749 0.191397
0.001895 1832.54 0.0863347 101323 -0.419992 0.188791
0.002445 1920.78 0.0749324 101326 -0.372596 0.180023
0.001545 1817.19 0.0903636 101322 -0.427027 0.190484
0.003515 1591.69 0.0996898 101329 -0.266498 0.217369
0.001165 1811.2 0.0926684 101323 -0.428078 0.191222
0.007035 299.995 0.232917 101312 -0.00163987 1.17183
0.004735 427.053 0.215196 101326 -0.0335699 0.817847
0.000545 1810.71 0.0938206 101322 -0.428697 0.191397
0.001905 1833.18 0.0861861 101323 -0.419793 0.188722
0.004105 874.494 0.16397 101323 -0.130175 0.396643
0.001915 1833.83 0.0860355 101323 -0.419511 0.188652
0.004115 864.799 0.165029 101323 -0.128273 0.401121
0.004435 586.713 0.195336 101323 -0.0698735 0.593114
0.004125 855.158 0.166082 101323 -0.126309 0.405676
0.004135 845.57 0.167129 101323 -0.124353 0.410309
0.004145 836.037 0.16817 101323 -0.122452 0.415022
0.004445 580.257 0.196151 101323 -0.0683337 0.599783
0.004155 826.557 0.169205 101323 -0.120554 0.419817
0.004455 573.879 0.196956 101323 -0.0668836 0.60652
0.003765 1271.3 0.127001 101325 -0.202733 0.27232
0.004465 567.58 0.197751 101323 -0.0654439 0.613323
0.004475 561.36 0.198535 101323 -0.0639945 0.620192
0.003775 1258.43 0.128093 101325 -0.200037 0.275114
0.002455 1923.14 0.0746616 101327 -0.370784 0.179801
0.003785 1245.57 0.129183 101325 -0.197365 0.277966
0.001555 1817.47 0.0902773 101322 -0.426863 0.190452
0.003795 1232.7 0.130273 101325 -0.19488 0.280879
0.001175 1811.27 0.0926286 101323 -0.428199 0.191211
0.003805 1219.83 0.131361 101325 -0.192426 0.283853
0.002465 1925.53 0.0743885 101327 -0.368961 0.179578
0.003815 1206.96 0.132449 101325 -0.189742 0.286892
0.001565 1817.75 0.0901894 101322 -0.426696 0.19042
0.002475 1927.95 0.0741132 101327 -0.367163 0.179352
0.003825 1194.09 0.133535 101326 -0.18815 0.29
0.002485 1930.4 0.0738357 101327 -0.365391 0.179124
0.001575 1818.05 0.0901 101322 -0.426532 0.190386
0.001185 1811.35 0.0925878 101323 -0.428328 0.1912
0.003835 1181.21 0.13462 101324 -0.184762 0.29317
0.002495 1932.88 0.0735559 101327 -0.363612 0.178894
0.001585 1818.35 0.090009 101322 -0.426366 0.190352
0.000555 1810.7 0.0938154 101322 -0.428648 0.191397
0.000565 1810.68 0.09381 101322 -0.428596 0.191398
0.004745 423.435 0.215693 101322 -0.0326214 0.824894
0.000575 1810.66 0.0938044 101322 -0.428538 0.191398
0.001195 1811.43 0.0925461 101323 -0.428455 0.191189
0.002505 1935.39 0.073274 101327 -0.361796 0.178661
0.000585 1810.65 0.0937985 101322 -0.428473 0.191399
0.001595 1818.65 0.0899164 101322 -0.426195 0.190317
0.001205 1811.51 0.0925033 101323 -0.428581 0.191178
0.000595 1810.63 0.0937923 101322 -0.428409 0.191399
0.002515 1937.93 0.0729899 101327 -0.359965 0.178427
0.004755 419.908 0.216179 101321 -0.0322718 0.831918
0.000605 1810.61 0.0937858 101322 -0.428351 0.1914
0.001215 1811.6 0.0924596 101323 -0.428711 0.191166
0.002525 1940.5 0.0727037 101328 -0.358173 0.17819
0.004765 416.451 0.216655 101323 -0.0296231 0.838934
0.000615 1810.59 0.0937791 101322 -0.428295 0.1914
0.001225 1811.69 0.0924149 101323 -0.428847 0.191154
0.002535 1943.1 0.0724154 101328 -0.356442 0.177952
0.004775 413.064 0.21712 101321 -0.0305631 0.8459
0.000625 1810.57 0.0937721 101322 -0.428231 0.191401
0.002545 1945.73 0.0721251 101328 -0.354736 0.177711
0.001235 1811.79 0.0923692 101323 -0.428982 0.191141
0.004785 409.745 0.217575 101321 -0.0292244 0.852849
0.000635 1810.55 0.0937647 101322 -0.428159 0.191401
0.002555 1948.4 0.0718328 101328 -0.352998 0.177468
0.001245 1811.89 0.0923225 101323 -0.429105 0.191128
0.004795 406.494 0.21802 101321 -0.0286167 0.859768
0.001255 1811.99 0.0922746 101323 -0.429214 0.191114
0.001265 1812.1 0.0922258 101323 -0.429311 0.1911
0.001275 1812.21 0.0921758 101322 -0.429397 0.191086
