0.002565 1866.61 0.0819527 101324 -0.35761 0.184973
0.002575 1866.55 0.0819714 101324 -0.357675 0.184979
0.002585 1866.49 0.0819903 101324 -0.35774 0.184985
0.002595 1866.43 0.0820094 101324 -0.357804 0.184991
0.002605 1866.37 0.0820286 101324 -0.357868 0.184997
0.002615 1866.31 0.0820481 101324 -0.357933 0.185003
0.002625 1866.24 0.0820677 101324 -0.357999 0.185009
0.002635 1866.17 0.0820874 101324 -0.358064 0.185016
0.002645 1866.11 0.0821074 101324 -0.358128 0.185022
0.002655 1866.03 0.0821275 101324 -0.358191 0.185029
0.002665 1865.96 0.0821477 101324 -0.358253 0.185036
0.002675 1865.89 0.0821681 101324 -0.358317 0.185043
0.002685 1865.81 0.0821887 101324 -0.358381 0.18505
0.002695 1865.74 0.0822094 101324 -0.358446 0.185058
0.002705 1865.66 0.0822303 101324 -0.358509 0.185065
0.002715 1865.57 0.0822513 101324 -0.358571 0.185073
0.002725 1865.49 0.0822724 101324 -0.358634 0.185081
0.002735 1865.41 0.0822936 101324 -0.358699 0.185089
0.002745 1865.32 0.082315 101324 -0.358766 0.185098
0.002755 1865.23 0.0823365 101324 -0.358833 0.185106
0.002765 1865.14 0.0823582 101324 -0.358897 0.185115
0.002775 1865.05 0.0823799 101324 -0.358961 0.185123
0.002785 1864.96 0.0824017 101324 -0.359026 0.185132
0.002795 1864.86 0.0824237 101324 -0.359096 0.185141
0.002805 1864.76 0.0824457 101324 -0.359169 0.18515
0.002815 1864.66 0.0824678 101324 -0.359242 0.18516
0.002825 1864.56 0.08249 101324 -0.359313 0.185169
0.002835 1864.46 0.0825123 101324 -0.359384 0.185179
0.002845 1864.36 0.0825347 101324 -0.359459 0.185189
0.002855 1864.25 0.0825571 101324 -0.359541 0.185199
0.002865 1864.14 0.0825796 101324 -0.359626 0.185209
0.002875 1864.03 0.0826022 101324 -0.359709 0.18522
0.001925 1867.57 0.0811876 101324 -0.354491 0.184863
0.003205 1857.74 0.0833267 101324 -0.360494 0.185816
0.001935 1867.58 0.081193 101324 -0.354499 0.184862
0.003215 1857.44 0.0833463 101324 -0.360336 0.185845
0.001945 1867.59 0.0811986 101324 -0.354509 0.184861
0.003225 1857.13 0.0833656 101324 -0.360171 0.185875
0.001955 1867.6 0.0812045 101324 -0.35452 0.184861
0.003235 1856.82 0.0833846 101324 -0.359988 0.185905
0.001965 1867.61 0.0812105 101324 -0.354529 0.18486
0.003245 1856.51 0.0834033 101324 -0.359784 0.185935
0.001975 1867.62 0.0812167 101324 -0.35454 0.184859
0.003255 1856.19 0.0834217 101324 -0.359563 0.185965
0.001985 1867.63 0.0812231 101324 -0.354552 0.184859
0.003265 1855.88 0.0834399 101324 -0.359335 0.185995
0.002885 1863.92 0.0826248 101324 -0.359789 0.18523
0.001995 1867.64 0.0812297 101324 -0.354565 0.184858
0.003275 1855.57 0.0834576 101325 -0.359105 0.186025
0.003285 1855.25 0.0834751 101325 -0.358869 0.186055
0.002005 1867.65 0.0812365 101324 -0.354579 0.184857
0.003295 1854.93 0.0834922 101325 -0.358624 0.186086
0.002015 1867.66 0.0812434 101324 -0.354599 0.184857
0.003305 1854.61 0.0835089 101325 -0.358367 0.186116
0.002025 1867.67 0.0812506 101324 -0.35463 0.184857
0.003315 1854.29 0.0835253 101325 -0.358104 0.186147
0.002035 1867.68 0.081258 101324 -0.354664 0.184856
0.003325 1853.97 0.0835412 101325 -0.357841 0.186178
0.002045 1867.68 0.0812656 101324 -0.354692 0.184856
0.003335 1853.65 0.0835568 101325 -0.357583 0.186208
0.002055 1867.69 0.0812734 101324 -0.354717 0.184856
0.002245 1867.64 0.0814611 101324 -0.355593 0.184866
0.002895 1863.81 0.0826474 101324 -0.359868 0.185241
0.003345 1853.33 0.0835719 101325 -0.357326 0.186239
0.002065 1867.69 0.0812814 101324 -0.354745 0.184856
0.002075 1867.7 0.0812896 101324 -0.354779 0.184855
0.003355 1853.01 0.0835866 101325 -0.357069 0.18627
0.002085 1867.7 0.081298 101324 -0.354819 0.184855
0.003365 1852.68 0.0836008 101325 -0.356811 0.186301
0.002905 1863.69 0.0826701 101324 -0.359953 0.185252
0.002095 1867.71 0.0813066 101324 -0.354859 0.184855
0.003375 1852.36 0.0836146 101325 -0.356557 0.186332
0.002105 1867.71 0.0813154 101324 -0.354897 0.184856
0.003385 1852.03 0.0836279 101325 -0.356312 0.186363
0.002915 1863.57 0.0826928 101324 -0.360045 0.185263
0.002115 1867.71 0.0813244 101324 -0.354931 0.184856
0.003395 1851.71 0.0836407 101325 -0.356077 0.186395
0.001605 1866.98 0.0811013 101324 -0.355584 0.184909
0.002125 1867.71 0.0813336 101324 -0.35497 0.184856
0.003405 1851.38 0.083653 101325 -0.355851 0.186426
0.002255 1867.63 0.0814731 101324 -0.355651 0.184868
0.001285 1866.11 0.0811421 101323 -0.357844 0.184985
0.002925 1863.46 0.0827155 101324 -0.36014 0.185274
0.002135 1867.71 0.081343 101324 -0.355017 0.184856
0.003415 1851.05 0.0836647 101325 -0.355633 0.186457
0.001295 1866.14 0.0811396 101323 -0.357781 0.184983
0.002145 1867.71 0.0813527 101324 -0.355069 0.184857
0.003425 1850.72 0.083676 101325 -0.355422 0.186489
0.001615 1867 0.0811017 101324 -0.355517 0.184907
0.002265 1867.62 0.0814854 101324 -0.355711 0.184869
0.001305 1866.17 0.0811371 101323 -0.357717 0.18498
0.002155 1867.71 0.0813625 101324 -0.355121 0.184857
0.002935 1863.33 0.0827382 101324 -0.360231 0.185285
0.003435 1850.4 0.0836866 101325 -0.355221 0.18652
0.001625 1867.03 0.0811023 101324 -0.355452 0.184905
0.001315 1866.2 0.0811346 101323 -0.357652 0.184977
0.002165 1867.7 0.0813726 101324 -0.35517 0.184858
0.003445 1850.07 0.0836967 101325 -0.355033 0.186551
0.001635 1867.05 0.081103 101324 -0.355388 0.184903
0.002275 1867.61 0.0814978 101324 -0.355771 0.184871
0.001325 1866.23 0.0811323 101323 -0.357586 0.184975
0.002175 1867.7 0.0813829 101324 -0.355219 0.184859
0.002945 1863.21 0.082761 101324 -0.360314 0.185296
0.003455 1849.74 0.0837062 101325 -0.354859 0.186583
0.001645 1867.07 0.0811038 101324 -0.355325 0.184901
0.001335 1866.26 0.08113 101323 -0.357519 0.184972
0.002185 1867.69 0.0813934 101324 -0.355269 0.18486
0.003525 1847.43 0.0837549 101325 -0.353953 0.186802
0.003465 1849.41 0.0837151 101325 -0.354697 0.186614
0.002285 1867.59 0.0815105 101324 -0.355831 0.184873
0.001655 1867.09 0.0811047 101324 -0.355263 0.184899
0.001345 1866.29 0.0811278 101323 -0.357451 0.184969
0.002195 1867.69 0.0814042 101324 -0.355321 0.18486
0.002955 1863.09 0.0827837 101324 -0.360397 0.185308
0.003475 1849.08 0.0837234 101325 -0.354545 0.186645
0.001665 1867.12 0.0811058 101324 -0.355202 0.184898
0.001355 1866.32 0.0811256 101323 -0.357383 0.184967
0.002205 1867.68 0.0814151 101324 -0.355375 0.184861
0.003485 1848.75 0.083731 101325 -0.354403 0.186677
0.002295 1867.57 0.0815234 101324 -0.35589 0.184875
0.001675 1867.14 0.081107 101324 -0.355145 0.184896
0.001365 1866.35 0.0811236 101323 -0.357313 0.184964
0.002215 1867.67 0.0814263 101324 -0.355429 0.184862
0.002965 1862.96 0.0828064 101324 -0.360487 0.18532
0.003495 1848.42 0.083738 101325 -0.354272 0.186708
0.003535 1847.11 0.0837591 101325 -0.353866 0.186834
0.001685 1867.16 0.0811084 101324 -0.355092 0.184894
0.001375 1866.37 0.0811216 101323 -0.357242 0.184962
0.002225 1867.67 0.0814377 101324 -0.355482 0.184864
0.002305 1867.55 0.0815366 101324 -0.355951 0.184877
0.003505 1848.09 0.0837443 101325 -0.354154 0.18674
0.003545 1846.78 0.0837625 101325 -0.353786 0.186865
0.001695 1867.18 0.0811099 101324 -0.355041 0.184892
0.001385 1866.4 0.0811197 101323 -0.35717 0.184959
0.002235 1867.66 0.0814493 101324 -0.355537 0.184865
0.002975 1862.83 0.0828291 101324 -0.360583 0.185332
0.000965 1865.11 0.0812468 101323 -0.35613 0.18508
0.003515 1847.76 0.08375 101325 -0.354049 0.186771
0.003555 1846.45 0.0837652 101325 -0.353715 0.186896
0.000645 1864.07 0.0813631 101323 -0.357857 0.18518
0.000655 1864.1 0.0813597 101323 -0.35783 0.185176
0.003565 1846.12 0.0837672 101325 -0.353652 0.186927
0.000665 1864.13 0.0813563 101323 -0.357807 0.185173
0.003575 1845.8 0.0837683 101325 -0.353598 0.186958
0.000675 1864.17 0.0813529 101323 -0.357785 0.18517
0.003585 1845.47 0.0837686 101325 -0.353549 0.186989
0.000685 1864.2 0.0813494 101323 -0.357759 0.185167
0.003595 1845.14 0.0837681 101325 -0.353503 0.18702
0.000695 1864.23 0.0813459 101323 -0.357727 0.185164
0.000325 1862.98 0.0814528 101321 -0.366827 0.185284
0.003605 1844.82 0.0837668 101325 -0.353459 0.187051
0.000705 1864.26 0.0813424 101323 -0.357694 0.185161
5e-06 1861.79 0.0814884 101322 -0.356891 0.185405
0.003615 1844.5 0.0837645 101325 -0.353418 0.187081
0.000715 1864.3 0.0813388 101323 -0.357663 0.185158
0.003845 1837.61 0.0834301 101325 -0.351882 0.187731
0.003625 1844.18 0.0837614 101325 -0.353382 0.187112
1.5e-05 1861.83 0.0814883 101322 -0.356892 0.185401
0.000725 1864.33 0.0813353 101323 -0.357638 0.185154
0.000335 1863.02 0.0814507 101321 -0.367244 0.185281
0.003635 1843.85 0.0837574 101325 -0.353347 0.187142
0.003855 1837.34 0.0834012 101325 -0.351754 0.187755
2.5e-05 1861.87 0.0814881 101322 -0.356891 0.185398
0.000735 1864.36 0.0813317 101323 -0.357615 0.185151
0.000345 1863.05 0.0814485 101321 -0.36747 0.185277
0.003645 1843.54 0.0837525 101325 -0.353313 0.187173
0.003865 1837.08 0.083371 101325 -0.351624 0.187779
3.5e-05 1861.91 0.0814879 101322 -0.356892 0.185394
0.000745 1864.39 0.0813281 101323 -0.357585 0.185148
0.000355 1863.09 0.0814463 101321 -0.367495 0.185274
0.003655 1843.22 0.0837466 101325 -0.353277 0.187203
0.003875 1836.83 0.0833393 101325 -0.351489 0.187803
4.5e-05 1861.95 0.0814876 101322 -0.356895 0.18539
0.000755 1864.42 0.0813245 101323 -0.357546 0.185145
0.000365 1863.12 0.081444 101321 -0.36732 0.18527
0.003665 1842.9 0.0837398 101325 -0.353238 0.187233
0.003885 1836.58 0.0833063 101325 -0.351343 0.187826
5.5e-05 1861.99 0.0814873 101322 -0.356899 0.185386
0.000765 1864.45 0.0813209 101323 -0.357506 0.185142
0.000375 1863.16 0.0814417 101321 -0.366957 0.185267
0.003675 1842.59 0.083732 101325 -0.353198 0.187263
0.004165 1832.16 0.0817206 101325 -0.345166 0.188212
0.003895 1836.33 0.0832718 101325 -0.351185 0.187849
6.5e-05 1862.03 0.0814868 101322 -0.356905 0.185382
0.000775 1864.49 0.0813172 101323 -0.357473 0.185139
0.000385 1863.19 0.0814394 101321 -0.366431 0.185264
0.003685 1842.27 0.0837232 101325 -0.353158 0.187292
0.004485 1837.64 0.0779342 101326 -0.331438 0.187586
0.003905 1836.09 0.0832359 101325 -0.351023 0.187871
7.5e-05 1862.06 0.0814863 101322 -0.356911 0.185378
0.000785 1864.52 0.0813136 101323 -0.357441 0.185136
0.003695 1841.96 0.0837134 101325 -0.353117 0.187322
0.000395 1863.23 0.081437 101321 -0.365773 0.18526
0.003915 1835.86 0.0831985 101325 -0.350861 0.187893
8.5e-05 1862.1 0.0814858 101322 -0.356915 0.185374
0.000795 1864.55 0.0813099 101323 -0.357402 0.185133
0.004495 1838.16 0.0777752 101326 -0.330914 0.187532
0.003705 1841.65 0.0837025 101325 -0.353072 0.187351
0.000405 1863.26 0.0814345 101321 -0.365021 0.185257
0.004175 1832.12 0.0816373 101325 -0.344874 0.188213
0.003925 1835.63 0.0831596 101325 -0.3507 0.187914
9.5e-05 1862.14 0.0814851 101322 -0.356918 0.185371
0.000805 1864.58 0.0813062 101323 -0.357354 0.18513
0.004505 1838.7 0.0776135 101326 -0.330809 0.187475
0.003715 1841.35 0.0836906 101325 -0.35302 0.18738
0.000415 1863.3 0.081432 101322 -0.364214 0.185254
0.004185 1832.1 0.0815519 101325 -0.344546 0.188214
0.003935 1835.4 0.0831192 101325 -0.350532 0.187934
0.000105 1862.18 0.0814844 101322 -0.356924 0.185367
0.000815 1864.61 0.0813025 101323 -0.357298 0.185127
0.004515 1839.27 0.0774492 101326 -0.330612 0.187416
0.003725 1841.04 0.0836776 101325 -0.352962 0.187409
0.000425 1863.33 0.0814294 101322 -0.363391 0.185251
0.004195 1832.08 0.0814646 101325 -0.344211 0.188213
0.003945 1835.18 0.0830772 101325 -0.350349 0.187954
0.000115 1862.22 0.0814836 101322 -0.356933 0.185363
0.004525 1839.87 0.0772822 101326 -0.329833 0.187353
0.000825 1864.64 0.0812988 101323 -0.357233 0.185124
0.003735 1840.74 0.0836635 101325 -0.352901 0.187437
0.000435 1863.37 0.0814268 101322 -0.362585 0.185247
0.004205 1832.07 0.0813752 101325 -0.343906 0.188211
0.003955 1834.97 0.0830337 101325 -0.350155 0.187974
0.000125 1862.26 0.0814828 101322 -0.356946 0.185359
0.004535 1840.5 0.0771125 101326 -0.32857 0.187287
0.000835 1864.68 0.0812951 101323 -0.357154 0.185121
0.003745 1840.44 0.0836483 101325 -0.352838 0.187465
0.000445 1863.4 0.0814242 101322 -0.361821 0.185244
0.004215 1832.07 0.0812838 101325 -0.343643 0.188209
0.003965 1834.76 0.0829886 101325 -0.349957 0.187993
0.000135 1862.29 0.0814819 101322 -0.356966 0.185355
0.004545 1841.16 0.0769401 101326 -0.327475 0.187218
0.000845 1864.71 0.0812914 101323 -0.357065 0.185118
0.003755 1840.14 0.0836319 101325 -0.352771 0.187493
0.000455 1863.44 0.0814215 101322 -0.361121 0.185241
0.004805 1870.48 0.0714723 101328 -0.30861 0.184264
0.004225 1832.07 0.0811902 101325 -0.343384 0.188208
0.003975 1834.56 0.0829419 101325 -0.349765 0.188011
0.000145 1862.33 0.0814809 101322 -0.356995 0.185352
0.004555 1841.86 0.076765 101326 -0.327076 0.187147
0.000855 1864.74 0.0812877 101323 -0.356968 0.185114
0.003765 1839.85 0.0836144 101325 -0.352697 0.187521
0.000465 1863.47 0.0814188 101322 -0.360497 0.185238
0.004235 1832.06 0.0810944 101325 -0.343062 0.188206
0.003985 1834.37 0.0828936 101325 -0.349574 0.188028
0.000155 1862.37 0.0814799 101322 -0.357046 0.185348
0.004565 1842.58 0.0765872 101326 -0.327155 0.187073
0.000865 1864.78 0.081284 101323 -0.356861 0.185111
0.003775 1839.56 0.0835957 101325 -0.352614 0.187548
0.000475 1863.51 0.081416 101322 -0.359959 0.185234
0.004245 1832.07 0.0809964 101325 -0.34266 0.188203
0.003995 1834.18 0.0828436 101325 -0.349373 0.188045
0.000165 1862.41 0.0814788 101322 -0.357129 0.185344
0.004575 1843.33 0.0764066 101326 -0.326899 0.186995
0.000875 1864.81 0.0812803 101323 -0.356746 0.185108
0.003785 1839.27 0.0835758 101325 -0.352524 0.187575
0.004815 1872.14 0.0712232 101327 -0.306161 0.184101
0.000485 1863.54 0.0814132 101322 -0.359511 0.185231
0.004255 1832.1 0.0808961 101325 -0.342252 0.188198
0.004005 1834 0.0827919 101325 -0.349155 0.188061
0.000175 1862.44 0.0814776 101322 -0.357254 0.18534
0.004585 1844.11 0.0762232 101326 -0.325752 0.186914
0.000885 1864.84 0.0812765 101323 -0.356633 0.185105
0.003795 1838.98 0.0835547 101325 -0.352431 0.187602
0.000495 1863.57 0.0814103 101322 -0.359146 0.185228
0.004825 1873.83 0.0709711 101326 -0.301264 0.183931
0.004265 1832.14 0.0807935 101325 -0.341932 0.188192
0.004015 1833.82 0.0827386 101325 -0.348924 0.188077
0.000185 1862.48 0.0814763 101322 -0.357431 0.185337
0.004595 1844.93 0.0760371 101326 -0.324091 0.18683
0.000895 1864.88 0.0812728 101323 -0.356529 0.185102
0.003805 1838.7 0.0835323 101325 -0.352336 0.187629
0.000505 1863.61 0.0814074 101323 -0.358856 0.185225
0.004835 1875.57 0.070716 101326 -0.297883 0.183759
0.004275 1832.19 0.0806887 101325 -0.34169 0.188185
0.004025 1833.65 0.0826836 101325 -0.348697 0.188092
0.000195 1862.52 0.0814751 101322 -0.357672 0.185333
0.004605 1845.78 0.0758482 101326 -0.322914 0.186742
0.000905 1864.91 0.0812691 101323 -0.356429 0.185098
0.003815 1838.42 0.0835087 101325 -0.352236 0.187655
0.007365 326.267 0.228267 101326 -0.00495642 1.07396
0.000515 1863.64 0.0814045 101323 -0.358629 0.185221
0.004845 1877.36 0.0704581 101326 -0.29875 0.183586
0.005125 1945.63 0.0620917 101320 -0.244449 0.17715
0.004285 1832.25 0.0805815 101325 -0.341407 0.188176
0.004615 1846.67 0.0756565 101326 -0.322777 0.186652
0.004035 1833.49 0.0826268 101325 -0.348481 0.188106
0.000205 1862.56 0.0814737 101322 -0.357992 0.185329
0.000915 1864.94 0.0812654 101323 -0.35633 0.185095
0.003825 1838.15 0.0834838 101325 -0.352128 0.18768
0.000525 1863.67 0.0814015 101323 -0.358455 0.185218
0.004855 1879.18 0.0701972 101328 -0.302124 0.18341
0.004295 1832.34 0.0804722 101325 -0.34098 0.188165
0.004625 1847.59 0.075462 101327 -0.323098 0.186559
0.004045 1833.34 0.0825682 101325 -0.348266 0.188119
0.000215 1862.59 0.0814723 101322 -0.358407 0.185325
0.005135 1948.76 0.0617526 101322 -0.247501 0.17687
0.007375 325.594 0.228378 101327 -0.00469348 1.07623
0.000925 1864.98 0.0812616 101323 -0.356239 0.185092
0.003835 1837.87 0.0834576 101325 -0.352009 0.187706
0.000535 1863.71 0.0813985 101323 -0.358323 0.185215
0.004865 1881.06 0.0699334 101328 -0.303199 0.183229
0.004305 1832.44 0.0803605 101325 -0.340449 0.188153
0.004635 1848.54 0.0752647 101327 -0.322673 0.186462
0.004055 1833.2 0.0825079 101325 -0.348035 0.188132
0.000225 1862.63 0.0814708 101322 -0.358922 0.185322
0.005445 1830.04 0.0714242 101335 -0.272705 0.188432
0.000235 1862.66 0.0814692 101322 -0.359537 0.185318
0.000245 1862.7 0.0814676 101322 -0.360248 0.185314
0.000255 1862.74 0.081466 101322 -0.361045 0.18531
0.000265 1862.77 0.0814643 101322 -0.361915 0.185307
0.000275 1862.81 0.0814625 101322 -0.362834 0.185303
0.007045 369.995 0.221841 101326 -0.0172847 0.944763
0.005455 1816.77 0.0726043 101334 -0.272723 0.18981
0.000285 1862.84 0.0814607 101322 -0.363769 0.185299
0.000295 1862.88 0.0814588 101321 -0.364675 0.185295
0.005465 1803.46 0.0737876 101326 -0.296094 0.191198
0.000305 1862.91 0.0814568 101321 -0.365512 0.185292
0.007055 367.819 0.222144 101327 -0.0170324 0.950447
0.000315 1862.95 0.0814548 101321 -0.36624 0.185288
0.005475 1790.14 0.0749735 101321 -0.313934 0.192613
0.007065 365.691 0.22244 101327 -0.0166652 0.956072
0.006725 476.724 0.207296 101329 -0.0474097 0.730467
0.006735 472.092 0.207908 101329 -0.0464204 0.737732
0.006745 467.534 0.20851 101329 -0.0454528 0.745022
0.006755 463.049 0.209101 101329 -0.0445014 0.752337
0.006085 987.679 0.147602 101329 -0.160229 0.350017
0.006765 458.637 0.209681 101329 -0.0435629 0.759674
0.005765 1403.61 0.109724 101329 -0.230947 0.245861
0.006775 454.296 0.21025 101329 -0.0426376 0.767033
0.006405 681.882 0.181933 101329 -0.095228 0.508579
0.006785 450.027 0.210809 101329 -0.0417252 0.77441
0.001705 1867.2 0.0811115 101324 -0.35499 0.184891
0.005775 1390.37 0.110925 101329 -0.227646 0.248211
0.006095 974.891 0.14875 101329 -0.158444 0.354636
0.006415 673.735 0.182881 101329 -0.0933685 0.51479
0.006795 445.828 0.211357 101329 -0.0408261 0.781805
0.001395 1866.43 0.0811178 101323 -0.357097 0.184956
0.005785 1377.15 0.112126 101328 -0.227255 0.250604
0.006425 665.66 0.18382 101329 -0.0915256 0.521097
0.006105 962.108 0.149895 101329 -0.15652 0.359377
0.006805 441.698 0.211894 101329 -0.039947 0.789217
0.002315 1867.54 0.0815499 101324 -0.356012 0.184879
0.005795 1363.93 0.113327 101328 -0.226963 0.253041
0.006435 657.659 0.18475 101329 -0.0896948 0.5275
0.001405 1866.46 0.0811161 101324 -0.357023 0.184954
0.006115 949.69 0.151039 101366 -0.154332 0.364238
0.006815 437.636 0.212421 101329 -0.0390899 0.796644
0.002985 1862.71 0.0828518 101324 -0.36068 0.185344
0.001715 1867.22 0.0811133 101324 -0.35494 0.184889
0.006445 649.729 0.18567 101329 -0.0878735 0.534003
0.005805 1350.73 0.114527 101328 -0.224294 0.255525
0.001415 1866.49 0.0811144 101324 -0.356949 0.184952
0.006125 939.152 0.152195 101329 -0.152508 0.368219
0.006825 433.642 0.212937 101329 -0.0382375 0.804084
0.006455 641.873 0.186582 101329 -0.0860717 0.540606
0.005815 1337.54 0.115727 101328 -0.22016 0.258057
0.001725 1867.24 0.0811152 101324 -0.354892 0.184887
0.001425 1866.51 0.0811128 101324 -0.356875 0.184949
0.006135 929.01 0.153347 101329 -0.150345 0.37227
0.006835 429.714 0.213444 101329 -0.0373691 0.811536
0.002325 1867.52 0.0815635 101324 -0.356074 0.184881
0.006465 634.089 0.187484 101329 -0.0842933 0.54731
0.005825 1324.36 0.116926 101329 -0.217155 0.260636
0.001735 1867.26 0.0811173 101324 -0.354849 0.184886
0.001435 1866.54 0.0811113 101324 -0.356801 0.184947
0.006145 918.921 0.154494 101329 -0.148346 0.376389
0.006845 425.852 0.21394 101329 -0.0364872 0.818998
0.006475 626.378 0.188377 101329 -0.0825209 0.554116
0.002995 1862.57 0.0828745 101324 -0.360765 0.185356
0.002335 1867.49 0.0815773 101324 -0.356135 0.184883
0.005835 1311.2 0.118124 101328 -0.215985 0.263264
0.001745 1867.28 0.0811195 101324 -0.354809 0.184884
0.001445 1866.57 0.0811099 101324 -0.356727 0.184944
0.006155 908.895 0.155635 101329 -0.146484 0.380573
0.006485 618.74 0.18926 101329 -0.0807521 0.561028
0.006855 422.054 0.214426 101329 -0.0354996 0.826471
0.003005 1862.44 0.0828971 101324 -0.360838 0.185368
0.002345 1867.47 0.0815913 101324 -0.356197 0.184886
0.005845 1298.05 0.119321 101328 -0.214885 0.265942
0.001755 1867.3 0.0811219 101324 -0.354771 0.184883
0.001455 1866.6 0.0811086 101324 -0.356654 0.184942
0.006165 898.937 0.15677 101329 -0.144321 0.384823
0.006495 611.173 0.190133 101329 -0.0790202 0.568045
0.006865 418.34 0.214902 101333 -0.0349422 0.833946
0.000975 1865.14 0.0812431 101323 -0.356173 0.185076
0.003015 1862.31 0.0829197 101324 -0.360908 0.185381
0.002355 1867.45 0.0816055 101324 -0.356259 0.184889
0.005855 1284.91 0.120518 101328 -0.212301 0.268673
0.001765 1867.32 0.0811245 101324 -0.354732 0.184881
0.001465 1866.62 0.0811074 101324 -0.356581 0.184939
0.006175 889.052 0.157899 101329 -0.14186 0.389136
0.006505 603.68 0.190997 101329 -0.0773241 0.57517
0.006875 415.132 0.215367 101327 -0.0319853 0.840444
0.003025 1862.17 0.0829422 101324 -0.360986 0.185394
0.002365 1867.42 0.0816199 101324 -0.356322 0.184891
0.005865 1271.8 0.121714 101329 -0.208879 0.271458
0.001775 1867.34 0.0811272 101324 -0.354695 0.18488
0.001475 1866.65 0.0811063 101324 -0.356508 0.184937
0.006185 879.244 0.159023 101329 -0.139533 0.393512
0.000985 1865.17 0.0812395 101323 -0.356245 0.185073
0.006515 596.259 0.191851 101329 -0.0756088 0.582403
0.006885 412.007 0.215823 101328 -0.0323372 0.846933
0.003035 1862.03 0.0829646 101324 -0.361071 0.185406
0.002375 1867.39 0.0816346 101324 -0.356386 0.184894
0.005875 1258.69 0.122908 101329 -0.206226 0.274297
0.001785 1867.36 0.08113 101324 -0.354662 0.184878
0.001485 1866.68 0.0811052 101324 -0.356435 0.184935
0.006195 869.514 0.16014 101329 -0.137415 0.397951
0.006525 588.91 0.192695 101329 -0.073878 0.589747
0.000995 1865.21 0.0812358 101323 -0.356349 0.18507
0.006895 408.945 0.216269 101328 -0.0301145 0.853374
0.003045 1861.89 0.082987 101324 -0.361146 0.185419
0.002385 1867.37 0.0816495 101324 -0.35645 0.184897
0.005885 1245.61 0.124102 101328 -0.204616 0.277192
0.001795 1867.37 0.081133 101324 -0.354635 0.184877
0.001495 1866.7 0.0811043 101324 -0.356362 0.184933
0.006205 859.862 0.161251 101329 -0.135237 0.402455
0.005145 1951.94 0.0614098 101330 -0.268744 0.176596
0.006535 581.633 0.193529 101329 -0.072207 0.597202
0.006905 405.945 0.216705 101327 -0.0283309 0.859779
0.001005 1865.24 0.0812322 101323 -0.356484 0.185067
0.003055 1861.75 0.0830093 101324 -0.361201 0.185433
0.002395 1867.34 0.0816645 101324 -0.356515 0.1849
0.005895 1232.54 0.125294 101328 -0.202812 0.280145
0.001805 1867.39 0.0811362 101324 -0.354613 0.184876
0.001505 1866.73 0.0811035 101324 -0.356289 0.18493
0.006545 574.43 0.194354 101329 -0.0705845 0.604771
0.006215 850.286 0.162355 101329 -0.13295 0.407026
0.006915 403.008 0.217131 101327 -0.0263784 0.866145
0.001015 1865.27 0.0812285 101323 -0.356642 0.185064
0.003065 1861.6 0.0830315 101324 -0.361243 0.185446
0.002405 1867.31 0.0816798 101324 -0.356579 0.184903
0.005155 1955.19 0.0610632 101336 -0.28523 0.176316
0.006555 567.37 0.195168 101341 -0.068875 0.612447
0.005905 1219.49 0.126485 101328 -0.200074 0.283158
0.001815 1867.41 0.0811395 101324 -0.354591 0.184874
0.001515 1866.76 0.0811028 101324 -0.356216 0.184928
0.006225 840.785 0.163453 101329 -0.130734 0.411665
0.006925 400.131 0.217547 101326 -0.0244198 0.87247
0.001025 1865.3 0.0812249 101323 -0.356815 0.185061
0.006565 561.339 0.195971 101329 -0.0674701 0.619036
0.003075 1861.46 0.0830535 101324 -0.361276 0.18546
0.002415 1867.27 0.0816954 101324 -0.356642 0.184907
0.005165 1958.5 0.0607123 101334 -0.275894 0.176015
0.005915 1206.46 0.127675 101327 -0.19809 0.286228
0.001825 1867.42 0.081143 101324 -0.354567 0.184873
0.001525 1866.78 0.0811022 101324 -0.356144 0.184926
0.006935 397.314 0.217954 101326 -0.0225429 0.878755
0.006235 831.356 0.164544 101329 -0.128654 0.416373
0.001035 1865.33 0.0812213 101323 -0.356996 0.185058
0.006575 555.455 0.196763 101329 -0.0659716 0.625676
0.003085 1861.25 0.0830755 101321 -0.361301 0.185473
0.002425 1867.24 0.0817111 101324 -0.356706 0.18491
0.005175 1961.88 0.0603569 101324 -0.246376 0.175695
0.005925 1193.45 0.128864 101329 -0.194711 0.289368
0.001835 1867.44 0.0811467 101324 -0.354544 0.184872
0.006945 394.555 0.218352 101326 -0.0208521 0.884996
0.004315 1832.55 0.0802464 101325 -0.339963 0.188139
0.001535 1866.81 0.0811016 101324 -0.356071 0.184924
0.006245 821.999 0.165629 101329 -0.126602 0.421154
0.001045 1865.37 0.0812178 101323 -0.35718 0.185055
0.006585 549.653 0.197544 101329 -0.0645554 0.632365
0.003095 1861.02 0.0830973 101324 -0.361314 0.185501
0.002435 1867.2 0.081727 101324 -0.35677 0.184914
0.001845 1867.46 0.0811505 101324 -0.354527 0.184871
0.005185 1965.34 0.0599967 101318 -0.225261 0.175376
0.006955 391.855 0.21874 101325 -0.0194438 0.891194
0.005935 1180.45 0.13005 101329 -0.192972 0.292569
0.001545 1866.83 0.0811012 101324 -0.355999 0.184921
0.006255 812.713 0.166706 101329 -0.124514 0.426008
0.006595 543.93 0.198314 101328 -0.063159 0.639102
0.001055 1865.4 0.0812142 101323 -0.357364 0.185052
0.003105 1860.73 0.0831191 101324 -0.361316 0.185529
0.002445 1867.17 0.0817432 101324 -0.356834 0.184918
0.001855 1867.47 0.0811545 101324 -0.354517 0.18487
0.005195 1968.87 0.0596314 101321 -0.231252 0.17507
0.006965 389.211 0.219119 101325 -0.0183789 0.897346
0.004325 1832.68 0.08013 101325 -0.339633 0.188123
0.001555 1866.86 0.081101 101324 -0.355928 0.184919
0.006265 803.497 0.167776 101329 -0.122448 0.430938
0.005945 1167.48 0.131236 101329 -0.190978 0.295837
0.006605 538.288 0.199073 101328 -0.0617537 0.645887
0.001065 1865.43 0.0812107 101323 -0.357544 0.185049
0.007385 324.947 0.228485 101326 -0.00507062 1.07843
0.003115 1860.44 0.0831406 101324 -0.361305 0.185557
0.002455 1867.13 0.0817595 101324 -0.356898 0.184921
0.001865 1867.49 0.0811587 101324 -0.35451 0.184868
0.005205 1972.48 0.0592607 101331 -0.260953 0.174768
0.006975 386.624 0.219489 101325 -0.0176704 0.903451
0.004335 1832.84 0.0800113 101325 -0.339397 0.188106
0.001565 1866.88 0.0811008 101324 -0.355858 0.184917
0.006275 794.35 0.168838 101329 -0.120445 0.435944
0.000935 1865.01 0.0812579 101323 -0.356168 0.185089
0.006615 532.726 0.19982 101328 -0.0603793 0.652717
0.005955 1154.53 0.132419 101329 -0.188436 0.299173
0.001075 1865.46 0.0812072 101323 -0.357713 0.185046
0.003125 1860.14 0.0831621 101324 -0.361274 0.185586
0.002465 1867.09 0.0817761 101324 -0.356962 0.184925
0.001875 1867.5 0.0811631 101324 -0.354501 0.184867
0.000545 1863.74 0.0813955 101323 -0.358227 0.185212
0.005215 1976.17 0.0588847 101340 -0.28382 0.174458
0.006985 384.091 0.219851 101325 -0.017288 0.909508
0.001575 1866.91 0.0811007 101324 -0.355789 0.184915
0.004345 1833 0.0798902 101326 -0.339065 0.188086
0.006625 527.244 0.200556 101328 -0.0590505 0.659592
0.006285 785.273 0.169893 101329 -0.118462 0.441029
0.000945 1865.04 0.0812542 101323 -0.356125 0.185086
0.005965 1141.6 0.133601 101329 -0.185836 0.30258
0.001085 1865.49 0.0812037 101323 -0.357865 0.185042
0.003135 1859.85 0.0831833 101324 -0.361216 0.185614
0.002475 1867.05 0.0817928 101324 -0.357026 0.18493
0.007395 324.327 0.228587 101328 -0.00313722 1.08055
0.001885 1867.51 0.0811676 101324 -0.354488 0.184866
0.005225 1979.94 0.0585033 101337 -0.268542 0.174124
0.006995 381.613 0.220203 101325 -0.0171642 0.915516
0.001585 1866.93 0.0811008 101324 -0.355721 0.184913
0.006635 521.841 0.20128 101328 -0.0577447 0.66651
0.004355 1833.19 0.0797667 101326 -0.33852 0.188065
0.000955 1865.07 0.0812505 101323 -0.356113 0.185083
0.006295 776.265 0.170941 101329 -0.116463 0.446193
0.005975 1128.69 0.13478 101329 -0.183557 0.306059
0.001095 1865.53 0.0812003 101323 -0.357996 0.185039
0.003145 1859.55 0.0832044 101324 -0.361143 0.185642
0.002485 1867.01 0.0818098 101324 -0.357091 0.184934
0.007405 323.72 0.228685 101327 -0.00466491 1.08261
0.000555 1863.77 0.0813924 101323 -0.358157 0.185208
0.004875 1882.97 0.0696667 101328 -0.299146 0.183041
0.000565 1863.81 0.0813893 101323 -0.358104 0.185205
0.004645 1849.53 0.0750645 101327 -0.320975 0.186361
0.004065 1833.06 0.0824458 101325 -0.34778 0.188143
0.000575 1863.84 0.0813861 101323 -0.35806 0.185202
0.007075 363.609 0.222728 101327 -0.0162108 0.96164
0.004655 1850.55 0.0748616 101326 -0.318846 0.186256
0.004075 1832.93 0.0823818 101325 -0.347515 0.188154
0.000585 1863.87 0.0813829 101323 -0.358022 0.185199
0.004885 1884.93 0.0693971 101326 -0.292547 0.182847
0.004665 1851.61 0.0746558 101326 -0.317712 0.186148
0.007085 361.572 0.223008 101327 -0.0156995 0.967148
0.000595 1863.91 0.0813797 101323 -0.357989 0.185195
0.004085 1832.81 0.082316 101325 -0.347262 0.188164
0.004895 1886.94 0.0691245 101325 -0.289156 0.182652
0.004675 1852.71 0.0744471 101326 -0.318027 0.186038
0.007095 359.58 0.223281 101327 -0.0151634 0.972598
0.000605 1863.94 0.0813764 101323 -0.357962 0.185192
0.004095 1832.69 0.0822483 101325 -0.347025 0.188174
0.004905 1888.99 0.0688491 101326 -0.291817 0.182456
0.004685 1853.84 0.0742356 101327 -0.318628 0.185924
0.007105 357.631 0.223547 101327 -0.0146285 0.977988
0.000615 1863.97 0.0813732 101323 -0.357938 0.185189
0.004105 1832.59 0.0821788 101325 -0.346788 0.188182
0.004915 1891.08 0.0685708 101329 -0.296919 0.182258
0.004695 1855.01 0.0740212 101327 -0.317851 0.185806
0.007115 355.732 0.223805 101329 -0.0140969 0.983316
0.000625 1864 0.0813698 101323 -0.357914 0.185186
0.005485 1776.79 0.0761617 101323 -0.306867 0.194066
0.004925 1893.22 0.0682896 101329 -0.297652 0.182053
0.004115 1832.5 0.0821073 101325 -0.346525 0.188189
0.007125 354.108 0.224057 101327 -0.0135919 0.987893
0.001895 1867.53 0.0811723 101324 -0.354478 0.184865
0.004705 1856.22 0.073804 101327 -0.315373 0.185684
0.000635 1864.04 0.0813665 101323 -0.357886 0.185183
0.004125 1832.41 0.0820339 101325 -0.346233 0.188196
0.004935 1895.41 0.0680055 101327 -0.29126 0.181841
0.005495 1763.44 0.0773517 101329 -0.283566 0.195552
0.007135 352.533 0.224301 101327 -0.0131054 0.992393
0.005235 1983.78 0.0581167 101321 -0.225931 0.173761
0.007005 379.187 0.220548 101326 -0.0172065 0.921473
0.007145 350.999 0.224539 101327 -0.0126363 0.996817
0.003155 1859.25 0.0832253 101324 -0.361071 0.185671
0.005245 1987.69 0.0577251 101312 -0.199783 0.173404
0.007015 376.813 0.220883 101326 -0.0173158 0.927377
0.007155 349.505 0.22477 101327 -0.0121806 1.00116
0.003165 1858.95 0.083246 101324 -0.360998 0.1857
0.007025 374.491 0.221211 101326 -0.0174041 0.933228
0.005255 1991.68 0.0573292 101321 -0.216877 0.173075
0.007165 348.05 0.224994 101327 -0.0117364 1.00543
0.003175 1858.65 0.0832665 101324 -0.360907 0.185729
0.007035 372.218 0.22153 101326 -0.017406 0.939023
0.005265 1995.72 0.0569296 101335 -0.254051 0.17275
0.001595 1866.95 0.081101 101324 -0.355652 0.184911
0.005275 1999.81 0.0565271 101340 -0.275236 0.172408
0.002495 1866.96 0.081827 101324 -0.357156 0.184938
0.006645 516.517 0.201994 101328 -0.0564602 0.67347
0.006655 511.272 0.202696 101328 -0.0552102 0.68047
0.006665 506.105 0.203386 101328 -0.0539954 0.687509
0.006675 501.016 0.204066 101328 -0.052812 0.694585
0.006685 496.005 0.204734 101328 -0.0516626 0.701697
0.004365 1833.4 0.0796407 101326 -0.337861 0.188042
0.006695 491.07 0.205391 101328 -0.0505496 0.708843
0.006705 486.212 0.206037 101328 -0.0494715 0.716021
0.006715 481.43 0.206672 101329 -0.0484256 0.723229
0.004375 1833.63 0.0795123 101326 -0.337323 0.188016
0.006305 767.328 0.171981 101329 -0.114469 0.451438
0.005985 1115.8 0.135958 101329 -0.181453 0.309613
0.004385 1833.88 0.0793815 101326 -0.33702 0.187989
0.004395 1834.15 0.0792482 101326 -0.336803 0.187959
0.005995 1102.93 0.137134 101329 -0.179242 0.313245
0.004405 1834.44 0.0791124 101326 -0.336392 0.187928
0.006315 758.461 0.173013 101329 -0.112501 0.456764
0.006005 1090.08 0.138307 101329 -0.176923 0.316958
0.004415 1834.76 0.0789741 101326 -0.335679 0.187893
0.006015 1077.25 0.139479 101329 -0.174641 0.320755
0.006325 749.665 0.174037 101329 -0.110547 0.462173
0.001105 1865.56 0.0811968 101323 -0.358107 0.185036
0.004425 1835.09 0.0788332 101326 -0.334876 0.187857
0.006025 1064.43 0.140647 101329 -0.172443 0.324638
0.006335 740.941 0.175054 101329 -0.108592 0.467667
0.004435 1835.46 0.0786898 101326 -0.334316 0.187818
0.006035 1051.63 0.141813 101329 -0.170355 0.328614
0.006345 732.287 0.176062 101329 -0.106646 0.473246
0.004445 1835.84 0.0785439 101326 -0.334085 0.187777
0.006045 1038.83 0.142977 101329 -0.168419 0.332685
0.006355 723.706 0.177061 101329 -0.104716 0.478911
0.001115 1865.59 0.0811934 101323 -0.358199 0.185033
0.004455 1836.25 0.0783953 101326 -0.333889 0.187733
0.006055 1026.04 0.144138 101329 -0.166485 0.336856
0.006365 715.196 0.178053 101329 -0.102798 0.484664
0.007415 323.14 0.228779 101326 -0.0038994 1.0846
0.004465 1836.69 0.0782442 101326 -0.333341 0.187687
0.001125 1865.62 0.0811901 101323 -0.358273 0.185031
0.006065 1013.26 0.145295 101329 -0.164348 0.341132
0.006375 706.759 0.179036 101329 -0.100887 0.490506
0.004715 1857.46 0.0735839 101326 -0.312749 0.185557
0.004475 1837.15 0.0780905 101326 -0.332393 0.187638
0.001905 1867.54 0.0811772 101324 -0.354478 0.184865
0.004135 1832.33 0.0819586 101325 -0.345937 0.188201
0.001135 1865.65 0.0811868 101323 -0.358326 0.185028
0.006075 1000.47 0.14645 101329 -0.162171 0.345517
0.006385 698.394 0.18001 101329 -0.0989878 0.496438
0.004725 1858.75 0.0733609 101326 -0.311884 0.185428
0.007425 322.583 0.228869 101326 -0.00375172 1.08651
0.004945 1897.64 0.0677186 101325 -0.282624 0.181623
0.007435 322.048 0.228955 101326 -0.00354572 1.08836
0.007445 321.534 0.229036 101326 -0.00338091 1.09014
0.007455 321.041 0.229114 101326 -0.00322484 1.09185
0.004955 1899.92 0.0674289 101324 -0.279721 0.181404
0.007465 320.569 0.229189 101327 -0.00306859 1.0935
0.005505 1750.08 0.0785433 101333 -0.268429 0.197057
0.007475 320.116 0.229259 101327 -0.0029184 1.09508
0.004965 1902.24 0.0671364 101327 -0.285091 0.181187
0.007485 319.684 0.229326 101327 -0.0027745 1.0966
0.004975 1904.61 0.066841 101330 -0.292346 0.180968
0.007495 319.27 0.229389 101327 -0.00263289 1.09805
0.004985 1907.03 0.066543 101330 -0.292227 0.18074
0.005515 1736.71 0.0797361 101331 -0.274767 0.198572
0.007505 318.876 0.229448 101327 -0.00249342 1.09944
0.003185 1858.35 0.0832868 101324 -0.360789 0.185758
0.004995 1909.49 0.0662422 101327 -0.282569 0.180503
0.007175 346.633 0.225212 101327 -0.0113028 1.00962
0.007515 318.501 0.229504 101327 -0.00235622 1.10076
0.005525 1723.34 0.08093 101325 -0.291449 0.200105
0.005285 2003.94 0.0561228 101337 -0.277385 0.172049
0.005005 1911.99 0.0659387 101324 -0.271555 0.180261
0.007525 318.143 0.229556 101327 -0.00222015 1.10203
0.005535 1709.97 0.0821247 101323 -0.297179 0.201669
0.007185 345.254 0.225423 101327 -0.010878 1.01373
0.005015 1914.54 0.0656326 101324 -0.269867 0.180021
0.005295 2008.1 0.0557182 101329 -0.274513 0.171684
0.007535 317.804 0.229605 101327 -0.00208458 1.10323
0.005545 1696.6 0.0833201 101326 -0.284929 0.203269
0.003195 1858.05 0.0833069 101324 -0.360647 0.185787
0.007195 343.912 0.225628 101327 -0.0104614 1.01777
0.005025 1917.14 0.0653238 101327 -0.279113 0.179785
0.007545 317.483 0.22965 101327 -0.00194917 1.10437
0.002505 1866.92 0.0818443 101324 -0.357221 0.184943
0.007555 317.18 0.229692 101327 -0.001815 1.10545
0.007565 316.895 0.229731 101327 -0.00167575 1.10647
0.007575 316.708 0.229766 101327 -0.00153844 1.10713
0.002515 1866.87 0.0818619 101324 -0.357287 0.184948
0.007585 316.541 0.229798 101327 -0.00140038 1.10773
0.001145 1865.68 0.0811835 101323 -0.358359 0.185025
0.002525 1866.82 0.0818797 101324 -0.357352 0.184952
0.007595 316.39 0.229827 101327 -0.00125971 1.10828
0.007605 316.256 0.229852 101327 -0.00111759 1.10876
0.002535 1866.77 0.0818976 101324 -0.357417 0.184957
0.007615 316.139 0.229875 101327 -0.000973903 1.10918
0.002545 1866.72 0.0819158 101324 -0.357481 0.184963
0.007625 316.039 0.229894 101327 -0.000828248 1.10955
0.001155 1865.71 0.0811802 101323 -0.358373 0.185022
0.002555 1866.66 0.0819341 101324 -0.357545 0.184968
0.001915 1867.55 0.0811823 101324 -0.354484 0.184864
0.007635 315.955 0.22991 101327 -0.000680096 1.10985
0.001165 1865.75 0.081177 101323 -0.358372 0.185019
0.004145 1832.27 0.0818813 101325 -0.345667 0.188206
0.004155 1832.21 0.0818019 101325 -0.345421 0.188209
0.006395 690.102 0.180976 101329 -0.0971018 0.502462
0.004735 1860.08 0.073135 101327 -0.312902 0.185297
0.005305 2004.45 0.0558541 100926 -0.272901 0.171325
0.005315 1999.38 0.0564483 101332 -0.270444 0.17244
0.005325 1986.48 0.0575839 101338 -0.266621 0.173572
0.004745 1861.44 0.0729062 101327 -0.31378 0.185161
0.005335 1973.6 0.0587194 101340 -0.269638 0.174712
0.004755 1862.84 0.0726745 101327 -0.312371 0.185021
0.005345 1960.7 0.0598559 101334 -0.293764 0.175851
0.004765 1864.29 0.0724399 101326 -0.308838 0.184876
0.005555 1683.23 0.0845162 101331 -0.268016 0.204897
0.005355 1947.8 0.0609944 101319 -0.332896 0.176993
0.004775 1865.78 0.0722024 101326 -0.305761 0.184727
0.005365 1934.87 0.0621359 101312 -0.348191 0.178164
0.004785 1867.3 0.0719619 101326 -0.305512 0.184576
0.005375 1921.91 0.0632811 101323 -0.317563 0.179387
0.004795 1868.87 0.0717186 101327 -0.307536 0.184422
0.005565 1669.87 0.0857128 101331 -0.263209 0.206542
0.007205 342.605 0.225827 101327 -0.0100538 1.02173
0.005385 1908.91 0.0644305 101338 -0.273949 0.180638
0.005575 1656.51 0.08691 101328 -0.272017 0.208206
0.005395 1895.88 0.0655845 101338 -0.265414 0.181883
0.005585 1643.15 0.0881077 101325 -0.280729 0.209897
0.005405 1882.79 0.0667433 101328 -0.295231 0.183131
0.005595 1629.8 0.0893059 101325 -0.277348 0.211622
0.007215 341.335 0.22602 101327 -0.0096557 1.02561
0.005415 1869.67 0.0679069 101319 -0.325526 0.184403
0.005035 1919.78 0.0650124 101331 -0.288967 0.179545
0.005605 1616.45 0.0905045 101328 -0.264847 0.213382
0.005425 1856.5 0.0690751 101318 -0.326853 0.185711
0.007225 340.098 0.226207 101327 -0.0092676 1.02941
0.007645 315.889 0.229922 101327 -0.000529653 1.11009
0.001175 1865.78 0.0811738 101323 -0.35836 0.185016
0.005615 1603.11 0.0917036 101330 -0.256079 0.215167
0.005435 1843.29 0.0702477 101326 -0.300261 0.187059
0.007235 338.895 0.226389 101327 -0.00888975 1.03314
0.007655 315.839 0.229932 101327 -0.000378099 1.11027
0.005625 1589.77 0.0929031 101329 -0.25805 0.216976
0.005635 1576.43 0.0941031 101327 -0.264668 0.218812
0.005645 1563.1 0.0953034 101326 -0.265323 0.220682
0.001185 1865.81 0.0811707 101323 -0.358339 0.185013
0.005655 1549.78 0.0965041 101328 -0.257635 0.22259
0.007245 337.725 0.226564 101327 -0.0085223 1.03679
0.007665 315.805 0.229938 101327 -0.000229181 1.11039
0.005665 1536.45 0.0977051 101329 -0.249169 0.22453
0.005045 1922.47 0.0646985 101331 -0.287232 0.179295
0.007255 336.588 0.226735 101327 -0.00816529 1.04036
0.005675 1523.14 0.0989065 101329 -0.24736 0.226499
0.007675 315.789 0.229941 101327 -7.40948e-05 1.11045
0.007265 335.482 0.226899 101327 -0.00781888 1.04386
0.005055 1925.2 0.064382 101327 -0.273085 0.179034
0.001195 1865.84 0.0811676 101323 -0.358309 0.18501
0.005685 1509.83 0.100108 101328 -0.250838 0.228499
0.007275 334.407 0.227059 101327 -0.00748324 1.04729
0.005695 1496.52 0.10131 101327 -0.252206 0.230536
0.005065 1927.98 0.0640629 101322 -0.259236 0.178769
0.007285 333.362 0.227213 101327 -0.00715823 1.05063
0.001205 1865.87 0.0811646 101323 -0.358272 0.185007
0.005705 1483.23 0.102512 101327 -0.247596 0.232612
0.007295 332.346 0.227362 101327 -0.00684385 1.05391
0.005075 1930.8 0.0637413 101323 -0.259596 0.17851
0.001215 1865.9 0.0811616 101323 -0.358228 0.185005
0.005715 1469.94 0.103714 101329 -0.240785 0.234726
0.007305 331.359 0.227505 101327 -0.00654081 1.05711
0.005085 1933.67 0.063417 101328 -0.274095 0.178256
0.005725 1456.65 0.104916 101329 -0.237612 0.236875
0.001225 1865.93 0.0811586 101323 -0.358181 0.185002
0.007315 330.401 0.227644 101327 -0.00624874 1.06024
0.005095 1936.58 0.06309 101333 -0.286927 0.177997
0.005735 1443.38 0.106118 101328 -0.238672 0.239059
0.001235 1865.96 0.0811558 101323 -0.358131 0.184999
0.007325 329.469 0.227778 101326 -0.00596598 1.0633
0.005105 1939.55 0.0627602 101332 -0.282315 0.177724
0.005745 1430.11 0.10732 101327 -0.239349 0.241283
0.001245 1865.99 0.0811529 101323 -0.358079 0.184996
0.007335 328.565 0.227908 101326 -0.00569601 1.06628
0.005115 1942.56 0.0624275 101326 -0.261915 0.177438
0.005755 1416.86 0.108522 101328 -0.236189 0.243551
0.001255 1866.02 0.0811501 101323 -0.358024 0.184993
0.007345 327.69 0.228032 101327 -0.00543886 1.0692
0.001265 1866.05 0.0811474 101323 -0.357966 0.184991
0.007355 326.964 0.228152 101326 -0.00518944 1.07162
0.001275 1866.08 0.0811447 101323 -0.357906 0.184988
