5e-06 2502.57 0.0310332 327810 -0.00256239 0.447235
1.5e-05 2502.55 0.0310362 327808 -0.00722011 0.447237
2.5e-05 2502.51 0.031042 327805 -0.0106399 0.44724
3.5e-05 2502.33 0.0310507 327787 -0.0120808 0.447247
4.5e-05 2502.11 0.0310623 327797 -0.0117416 0.447299
5.5e-05 2501.65 0.0310769 327779 -0.00942425 0.447357
6.5e-05 2501.14 0.0310943 327791 -0.00609754 0.447463
7.5e-05 2500.51 0.0311147 327790 -0.00219429 0.447575
8.5e-05 2499.85 0.031138 327791 0.00136862 0.447693
9.5e-05 2499.17 0.0311641 327793 0.00393593 0.447818
0.000105 2498.46 0.0311932 327797 0.00495781 0.447949
0.000115 2497.74 0.0312252 327801 0.00416912 0.448084
0.000125 2496.99 0.0312601 327805 0.00163204 0.448223
0.000135 2496.22 0.0312978 327808 -0.00228802 0.448364
0.000145 2495.31 0.0313385 327795 -0.00699344 0.448508
0.000155 2494.37 0.0313821 327810 -0.0117075 0.448696
0.000165 2493.3 0.0314285 327808 -0.0156768 0.448886
0.000175 2492.2 0.0314779 327805 -0.0182611 0.449077
0.000185 2491.08 0.0315301 327801 -0.0191109 0.449272
0.000195 2489.94 0.0315852 327796 -0.0181543 0.44947
0.000205 2488.78 0.0316432 327793 -0.0156329 0.449673
0.000215 2487.6 0.0317041 327790 -0.0120699 0.449882
0.000225 2486.39 0.0317678 327789 -0.00818991 0.450097
0.000235 2485.17 0.0318344 327791 -0.00478696 0.450318
0.000245 2483.92 0.0319039 327793 -0.0025691 0.450545
0.000255 2482.66 0.0319762 327797 -0.00202293 0.450778
0.000265 2481.37 0.0320513 327801 -0.00332821 0.451016
0.000275 2480.06 0.0321293 327805 -0.0063294 0.451257
0.000285 2478.73 0.0322102 327808 -0.0105663 0.451501
0.000295 2477.39 0.0322938 327810 -0.0153601 0.451746
0.000305 2476.02 0.0323803 327810 -0.0199365 0.451993
0.000315 2474.63 0.0324696 327808 -0.023562 0.452242
0.004485 429.11 0.227681 327805 0.011098 2.64245
0.003845 1266.46 0.136068 327788 -0.141012 0.884485
0.003855 1240.94 0.138529 327813 -0.102078 0.90283
0.004495 426.735 0.22801 327808 0.0141857 2.65756
0.003865 1215.67 0.140973 327833 -0.0706338 0.921742
0.000325 2473.22 0.0325617 327804 -0.0256886 0.452492
0.004505 424.477 0.22832 327808 0.0143129 2.67206
0.003875 1190.66 0.1434 327841 -0.0615475 0.941226
0.003885 1165.9 0.145809 327834 -0.0595661 0.961296
0.004515 422.328 0.228613 327805 0.0117175 2.68599
0.003895 1141.41 0.148198 327832 -0.0594082 0.982031
0.000335 2471.71 0.0326566 327789 -0.02597 0.452745
0.004525 420.281 0.228888 327802 0.00893701 2.69938
0.000645 2412.27 0.0369359 327793 -0.0353581 0.463792
0.000345 2470.16 0.0327543 327796 -0.0244519 0.453036
0.003905 1117.18 0.150567 327827 -0.0626951 1.00343
0.004535 418.331 0.229148 327801 0.0076255 2.71228
0.000355 2468.5 0.0328548 327792 -0.021457 0.453332
0.004545 416.471 0.229392 327798 0.0112802 2.72469
0.003915 1093.22 0.152914 327815 -0.0759953 1.02551
0.000365 2466.83 0.0329581 327790 -0.0176454 0.453633
0.004555 414.701 0.229622 327811 0.0118273 2.73673
0.003925 1069.54 0.155238 327799 -0.0954251 1.0483
0.000655 2410.02 0.037115 327790 -0.0315208 0.464215
0.004165 640.315 0.2015 327819 -0.00201951 1.75927
0.000375 2465.14 0.0330641 327789 -0.0137726 0.453941
0.004565 413.236 0.229837 327807 0.0132311 2.7467
0.003935 1046.14 0.157538 327788 -0.106788 1.07186
0.000385 2463.43 0.0331729 327791 -0.0106298 0.454255
0.000665 2407.75 0.0372964 327789 -0.0274785 0.464645
0.004575 411.853 0.23004 327806 0.0119373 2.7562
0.003945 1023.02 0.159812 327792 -0.0982827 1.09625
0.000395 2461.7 0.0332845 327794 -0.00887663 0.454575
0.000675 2405.48 0.0374803 327790 -0.0240688 0.465082
0.004585 410.542 0.230231 327803 0.00981281 2.76525
0.004175 628.702 0.202922 327805 -0.0151 1.79211
0.000405 2459.95 0.0333988 327798 -0.00891718 0.454901
0.003955 1000.19 0.16206 327809 -0.0730112 1.1215
0.003525 1636.6 0.111608 327821 -0.152636 0.683678
0.000685 2403.18 0.0376666 327792 -0.0220171 0.465524
0.004595 409.299 0.230409 327802 0.00861123 2.77391
0.000415 2458.18 0.0335158 327802 -0.0108258 0.455231
0.004185 617.417 0.204299 327794 -0.0251268 1.82524
0.003965 977.654 0.164279 327827 -0.0461377 1.14759
0.000695 2400.87 0.0378552 327796 -0.021795 0.465972
0.000425 2456.39 0.0336356 327806 -0.0143357 0.455564
0.004605 408.118 0.230577 327803 0.00914888 2.78219
0.004195 606.454 0.20563 327792 -0.02514 1.85867
0.003975 955.411 0.166469 327837 -0.0300213 1.17453
0.000705 2398.55 0.0380461 327800 -0.0235296 0.466425
0.003535 1631.79 0.111491 327823 -0.153955 0.685704
0.000435 2454.59 0.033758 327809 -0.0188902 0.455899
0.000965 2333.64 0.0437752 327790 -0.0359157 0.479247
0.004615 406.996 0.230734 327805 0.0106392 2.79013
0.004205 595.808 0.206918 327801 -0.0146289 1.89238
0.003985 933.463 0.168629 327838 -0.026146 1.20234
0.001285 2245.37 0.0524709 327804 -0.0505559 0.497934
0.000715 2396.21 0.0382394 327805 -0.0269803 0.466882
0.003545 1627.19 0.111355 327822 -0.153349 0.687648
0.000445 2452.77 0.0338832 327810 -0.0237453 0.456236
0.004625 405.928 0.230882 327806 0.0115684 2.79771
0.004215 585.472 0.208161 327813 8.61374e-05 1.92632
0.003995 912.036 0.170758 327907 -0.0312121 1.23106
0.003555 1622.8 0.111198 327820 -0.154284 0.68951
0.000455 2450.93 0.0340111 327809 -0.0281046 0.456575
0.000725 2393.86 0.038435 327808 -0.0315879 0.467341
0.004225 575.441 0.20936 327822 0.0100273 1.96042
0.004635 404.909 0.23102 327805 0.0110763 2.80498
0.000975 2331.05 0.0440225 327792 -0.0341752 0.479777
0.004005 892.93 0.172887 327817 -0.0440322 1.25728
0.003565 1618.65 0.11102 327818 -0.155512 0.691282
0.000465 2449.07 0.0341416 327807 -0.0312612 0.456914
0.004235 565.706 0.210517 327820 0.0096701 1.99462
0.000735 2391.49 0.0386329 327810 -0.0365813 0.467801
0.004645 403.94 0.231149 327807 0.0096111 2.81194
0.000985 2328.45 0.0442715 327796 -0.0344302 0.480314
0.003575 1614.75 0.110821 327811 -0.149371 0.692947
0.000475 2447.19 0.0342748 327803 -0.0327247 0.457256
0.001295 2242.45 0.0527646 327809 -0.0555164 0.498583
0.001925 2056.87 0.0724003 327790 -0.0750164 0.543284
0.004015 874.392 0.17498 327802 -0.0595299 1.2841
0.004245 556.259 0.211631 327810 0.000652691 2.02891
0.000745 2389.11 0.0388331 327810 -0.0411202 0.468263
0.004655 403.166 0.23127 327803 0.00847319 2.8175
0.001605 2152.97 0.0622786 327812 -0.0801439 0.519166
0.000995 2325.84 0.0445224 327801 -0.0367157 0.480855
0.003585 1611.11 0.110599 327796 -0.130671 0.694491
0.002245 1964.06 0.0821118 327807 -0.0892493 0.568992
0.000485 2445.3 0.0344107 327799 -0.0323089 0.4576
0.001305 2239.53 0.0530595 327812 -0.0608441 0.499234
0.004255 547.093 0.212703 327798 -0.0095823 2.06331
0.004025 856.206 0.177035 327791 -0.0697677 1.31158
0.000755 2386.71 0.0390355 327808 -0.0444461 0.468725
0.004665 402.438 0.231383 327803 0.00840569 2.8228
0.001005 2323.21 0.044775 327806 -0.0406739 0.4814
0.003595 1607.74 0.110356 327780 -0.107909 0.695922
0.001615 2150.01 0.0625942 327809 -0.0806539 0.519869
0.000495 2443.39 0.0345492 327795 -0.0301627 0.457948
0.002255 1961.09 0.0824035 327812 -0.0959532 0.569864
0.004265 538.237 0.213735 327816 -0.012881 2.09786
0.001315 2236.59 0.0533554 327813 -0.0655593 0.499886
0.004035 838.371 0.179052 327792 -0.0661597 1.33974
0.001935 2054.03 0.0727132 327788 -0.070703 0.544031
0.000765 2384.3 0.0392402 327805 -0.0460206 0.469189
0.004675 401.747 0.231489 327804 0.00919987 2.82785
0.001015 2320.58 0.0450294 327809 -0.0456259 0.481946
0.003605 1604.67 0.110089 327776 -0.097745 0.697259
0.000505 2441.46 0.0346904 327791 -0.026747 0.458301
0.001625 2147.06 0.0629101 327803 -0.0788195 0.520573
0.002265 1958.12 0.0826945 327815 -0.101656 0.570737
0.004275 530.534 0.214725 327798 -0.00727011 2.1287
0.001325 2233.65 0.0536523 327812 -0.0688046 0.500537
0.004045 820.884 0.181029 327804 -0.0483958 1.3686
0.001945 2051.18 0.0730257 327789 -0.0684549 0.544785
0.000775 2381.88 0.0394471 327800 -0.0456264 0.469656
0.001025 2317.93 0.0452854 327811 -0.0507042 0.482494
0.004685 401.092 0.231588 327805 0.00991999 2.83266
0.003615 1601.89 0.1098 327787 -0.106434 0.698504
0.000515 2439.51 0.0348342 327789 -0.0227605 0.45866
0.001635 2144.09 0.0632263 327798 -0.0750739 0.521279
0.002275 1955.14 0.0829847 327815 -0.105218 0.571609
0.004285 523.148 0.215675 327808 0.00386436 2.15932
0.001335 2230.7 0.0539502 327808 -0.0700101 0.501188
0.002565 1889.75 0.0911186 327801 -0.110404 0.591535
0.004055 803.744 0.182966 327821 -0.025748 1.39814
0.001955 2048.34 0.0733377 327793 -0.0688599 0.545548
0.001035 2315.27 0.0455432 327811 -0.0550177 0.483043
0.000785 2379.44 0.0396562 327796 -0.0434114 0.470126
0.003625 1599.43 0.109489 327805 -0.123725 0.699634
0.000525 2437.55 0.0349806 327789 -0.0190188 0.459026
0.004695 400.468 0.23168 327805 0.00980625 2.83724
0.001645 2141.12 0.0635427 327793 -0.0702432 0.521991
0.002285 1952.16 0.0832742 327812 -0.10599 0.572481
0.004295 516.037 0.216585 327816 0.0127143 2.18962
0.001345 2227.75 0.0542491 327803 -0.0690039 0.501841
0.004065 786.948 0.184862 327832 -0.00974348 1.42832
0.001045 2312.6 0.0458026 327809 -0.0578201 0.483592
0.001965 2045.48 0.0736492 327799 -0.0719163 0.546317
0.003635 1597.28 0.109155 327819 -0.136046 0.700619
0.000795 2376.99 0.0398675 327792 -0.0398633 0.4706
0.000535 2435.57 0.0351296 327791 -0.0162999 0.459397
0.001655 2138.15 0.0638593 327790 -0.0653902 0.522708
0.004705 399.873 0.231767 327804 0.00891405 2.84162
0.002295 1949.16 0.083563 327806 -0.103865 0.573353
0.004305 509.193 0.217456 327816 0.0137048 2.21955
0.001355 2224.78 0.0545489 327798 -0.0660526 0.502497
0.002885 1832.79 0.0998643 327801 -0.112153 0.610233
0.001055 2309.92 0.0460637 327805 -0.0586502 0.484143
0.004075 770.494 0.186717 327833 -0.00654237 1.45913
0.002575 1888.09 0.0913915 327793 -0.103514 0.592049
0.003645 1595.47 0.108799 327825 -0.139276 0.701446
0.001975 2042.63 0.0739601 327805 -0.0770276 0.54709
0.000545 2433.58 0.0352811 327794 -0.0151927 0.459775
0.001665 2135.17 0.0641761 327789 -0.0616028 0.523433
0.000805 2374.52 0.040081 327790 -0.0357236 0.47108
0.004715 399.305 0.231847 327803 0.00796468 2.84581
0.002305 1946.17 0.083851 327800 -0.0993047 0.574228
0.004315 502.607 0.21829 327809 0.00728649 2.24907
0.001365 2221.88 0.0548497 327804 -0.0617877 0.503156
0.001065 2307.22 0.0463264 327801 -0.0574196 0.484695
0.004085 754.378 0.188531 327823 -0.0151994 1.49057
0.002585 1886.43 0.0916642 327788 -0.0967503 0.592569
0.003655 1593.99 0.108422 327825 -0.137534 0.702118
0.001985 2039.76 0.0742706 327810 -0.0831428 0.547865
0.000555 2431.57 0.0354353 327799 -0.0159851 0.460157
0.001675 2132.18 0.0644931 327791 -0.0597629 0.524166
0.000815 2372.04 0.0402966 327789 -0.0318528 0.471567
0.004725 398.761 0.231922 327803 0.00764154 2.84984
0.002315 1943.16 0.0841384 327793 -0.093338 0.575109
0.004325 496.273 0.219087 327799 -0.000691304 2.27821
0.001375 2219.02 0.0551514 327790 -0.0571247 0.503779
0.001075 2304.52 0.0465906 327796 -0.0544314 0.485252
0.004805 395.851 0.232367 327805 0.00736573 2.87176
0.002895 1830.81 0.100141 327809 -0.120581 0.610917
0.002595 1884.77 0.0919367 327785 -0.0919117 0.593096
0.003665 1592.85 0.108024 327823 -0.135465 0.702637
0.001995 2036.9 0.0745804 327814 -0.0890063 0.548641
0.004095 738.596 0.190302 327808 -0.0298516 1.52268
0.000565 2429.54 0.035592 327803 -0.0186125 0.460543
0.001685 2129.19 0.0648102 327795 -0.0603499 0.524906
0.000825 2369.54 0.0405143 327790 -0.0290696 0.47206
0.004735 398.241 0.231993 327806 0.00802248 2.85373
0.002325 1940.14 0.084425 327788 -0.0874043 0.575998
0.004335 490.182 0.219848 327795 -0.00365087 2.30699
0.001385 2216.23 0.0554539 327789 -0.0530798 0.504409
0.001085 2301.8 0.0468565 327792 -0.0503269 0.485813
0.002905 1828.82 0.100417 327815 -0.128353 0.611604
0.002605 1883.1 0.092209 327787 -0.090336 0.593634
0.003675 1592.05 0.107606 327821 -0.134796 0.703005
0.002005 2034.03 0.0748898 327815 -0.0934419 0.549415
0.004105 723.145 0.192031 327795 -0.0421606 1.5555
0.000575 2427.49 0.0357512 327807 -0.0226732 0.460932
0.001695 2126.19 0.0651274 327800 -0.0633288 0.525651
0.000835 2367.04 0.0407341 327794 -0.02799 0.47256
0.004745 397.852 0.232058 327805 0.00847904 2.85664
0.002335 1937.12 0.0847109 327786 -0.083013 0.576898
0.004345 484.325 0.220574 327799 0.000724943 2.3354
0.001395 2213.42 0.0557573 327791 -0.0505628 0.505045
0.001095 2299.08 0.047124 327790 -0.0459706 0.48638
0.004815 395.556 0.232407 327807 0.00746043 2.87402
0.003205 1769.63 0.108356 327799 -0.142426 0.632208
0.002915 1826.81 0.100694 327818 -0.134127 0.612292
0.002615 1881.42 0.0924812 327791 -0.0924891 0.59418
0.003685 1591.6 0.10717 327818 -0.13534 0.703218
0.002015 2031.16 0.0751985 327813 -0.0955887 0.550188
0.004115 708.019 0.193718 327791 -0.0443848 1.58906
0.000585 2425.4 0.035913 327805 -0.0275099 0.461323
0.001705 2123.18 0.0654447 327806 -0.0681562 0.526401
0.002925 1824.9 0.100971 327839 -0.136992 0.612979
0.000845 2364.52 0.0409561 327798 -0.028906 0.473065
0.004755 397.484 0.232119 327805 0.00851536 2.85942
0.002345 1934.09 0.0849962 327788 -0.0813293 0.577809
0.004355 478.693 0.221267 327807 0.00900459 2.36342
0.001405 2210.61 0.0560615 327794 -0.0501589 0.505687
0.001105 2296.34 0.0473929 327789 -0.0422883 0.486954
0.004825 395.364 0.232443 327805 0.00717941 2.87548
0.002625 1879.74 0.0927532 327799 -0.0978524 0.594734
0.002355 1931.05 0.0852807 327792 -0.0828538 0.57873
0.003695 1591.5 0.106715 327815 -0.135788 0.703279
0.002025 2028.28 0.0755066 327809 -0.0950542 0.55096
0.004125 693.213 0.195362 327799 -0.0338671 1.62341
0.000595 2423.28 0.0360772 327810 -0.0323161 0.46173
0.001715 2120.17 0.065762 327811 -0.0738968 0.527153
0.003215 1767.19 0.108585 327790 -0.132389 0.633063
0.002935 1823.19 0.101247 327812 -0.136247 0.613516
0.002365 1928.01 0.0855647 327799 -0.0873035 0.579661
0.003705 1591.75 0.106243 327811 -0.134732 0.703186
0.000855 2361.98 0.0411801 327803 -0.031728 0.473574
0.004765 397.133 0.232176 327804 0.00799642 2.86207
0.004365 473.276 0.221928 327813 0.0150205 2.391
0.001415 2207.79 0.0563664 327799 -0.0520364 0.506335
0.001115 2293.59 0.0476634 327791 -0.0400844 0.487535
0.004835 395.181 0.232478 327805 0.00671874 2.8769
0.002635 1878.05 0.0930251 327806 -0.105152 0.595292
0.002035 2025.4 0.0758142 327803 -0.0919878 0.551733
0.004135 678.723 0.196962 327813 -0.0155736 1.65852
0.000605 2421.11 0.036244 327809 -0.0362964 0.462138
0.001725 2117.15 0.0660794 327814 -0.0794211 0.527905
0.003225 1764.72 0.108809 327782 -0.122823 0.633937
0.002945 1821.57 0.101524 327805 -0.131794 0.614056
0.002375 1924.95 0.0858479 327806 -0.0937163 0.580597
0.003715 1592.35 0.105755 327809 -0.132332 0.702941
0.000865 2359.43 0.0414061 327807 -0.0360049 0.474086
0.004775 396.795 0.232229 327804 0.00730648 2.86461
0.004375 468.081 0.222557 327824 0.0146812 2.41809
0.001425 2204.97 0.0566722 327804 -0.0558966 0.506987
0.001125 2290.84 0.0479354 327795 -0.0398764 0.488122
0.004845 395.003 0.23251 327804 0.00638347 2.87827
0.002645 1876.36 0.093297 327813 -0.112778 0.595851
0.002045 2022.51 0.0761211 327796 -0.087078 0.552509
0.004145 664.631 0.19852 327867 0.000567841 1.69436
0.000615 2418.92 0.0364133 327806 -0.0387987 0.462547
0.001735 2114.13 0.0663968 327814 -0.0836465 0.528657
0.003235 1762.22 0.109029 327779 -0.117691 0.634835
0.002955 1819.93 0.101801 327797 -0.124407 0.614601
0.002385 1921.9 0.0861306 327812 -0.100715 0.581537
0.003725 1586.86 0.105773 326464 -0.128292 0.70255
0.000875 2356.87 0.0416342 327810 -0.0410122 0.4746
0.004785 396.47 0.232278 327804 0.00693691 2.86707
0.004385 463.589 0.223155 327806 0.00932429 2.44186
0.001435 2202.14 0.0569787 327809 -0.0610357 0.507642
0.001135 2288.07 0.0482088 327800 -0.0417887 0.488714
0.004855 394.83 0.232539 327805 0.00634238 2.87961
0.002395 1918.83 0.0864126 327816 -0.106888 0.582477
0.002655 1874.66 0.0935689 327817 -0.119174 0.596408
0.002055 2019.63 0.0764273 327791 -0.0814431 0.55329
0.004155 652.261 0.200033 327827 0.00496133 1.72668
0.000625 2416.72 0.036585 327802 -0.0394478 0.462959
0.001745 2111.1 0.0667142 327812 -0.0857678 0.529408
0.003245 1759.68 0.109243 327783 -0.119339 0.635759
0.002965 1818.27 0.102077 327789 -0.115892 0.615156
0.003735 1564.55 0.107915 327829 -0.12361 0.71553
0.000885 2354.3 0.0418644 327811 -0.0458906 0.475115
0.004795 396.156 0.232324 327804 0.00704587 2.86945
0.004395 459.313 0.223724 327799 0.0039338 2.465
0.001445 2199.3 0.0572859 327812 -0.066491 0.508297
0.001145 2285.29 0.0484837 327805 -0.0455285 0.48931
0.004865 394.66 0.232566 327805 0.00648222 2.88093
0.002405 1916.2 0.0866939 327890 -0.111039 0.583414
0.002665 1872.95 0.0938407 327817 -0.123088 0.596962
0.002415 1914.18 0.0869746 327813 -0.112181 0.583899
0.002065 2016.73 0.0767329 327788 -0.0764033 0.554078
0.002675 1871.23 0.0941126 327814 -0.123724 0.597513
0.002425 1912.58 0.0872548 327807 -0.110017 0.584383
0.000635 2414.5 0.0367592 327798 -0.0382001 0.463373
0.002075 2013.84 0.0770379 327788 -0.073177 0.554874
0.002685 1869.51 0.0943846 327808 -0.120887 0.598063
0.001755 2108.07 0.0670316 327808 -0.0854183 0.53016
0.002435 1910.98 0.0875343 327800 -0.105122 0.584867
0.003255 1757.11 0.109452 327792 -0.12698 0.636707
0.001155 2282.5 0.04876 327809 -0.0504449 0.489909
0.002975 1816.58 0.102353 327783 -0.108811 0.615725
0.003265 1754.5 0.109655 327802 -0.137322 0.637672
0.003745 1536.03 0.110564 327832 -0.117992 0.728851
0.001165 2279.7 0.0490377 327812 -0.055658 0.490509
0.000895 2351.71 0.0420965 327810 -0.0498057 0.475631
0.003275 1751.87 0.109852 327811 -0.146835 0.638649
0.002985 1814.87 0.102629 327782 -0.105555 0.616312
0.001175 2276.89 0.0493168 327812 -0.060232 0.49111
0.004405 455.228 0.224264 327798 0.00301836 2.48757
0.003755 1507.82 0.113192 327834 -0.112272 0.742527
0.001455 2196.46 0.0575937 327813 -0.0712378 0.508953
0.003285 1749.21 0.110043 327816 -0.153729 0.639632
0.000905 2349.12 0.0423305 327807 -0.0521016 0.476148
0.002995 1813.13 0.102904 327786 -0.107276 0.616917
0.001185 2274.07 0.0495972 327811 -0.0633563 0.491711
0.003765 1479.91 0.115801 327834 -0.107334 0.756574
0.004415 451.325 0.224776 327802 0.00716397 2.50956
0.004875 394.492 0.232592 327805 0.00653997 2.88222
0.003295 1746.52 0.110226 327818 -0.158089 0.640622
0.001465 2193.6 0.0579023 327812 -0.0743949 0.509608
0.000915 2346.5 0.0425666 327803 -0.0524247 0.476666
0.003005 1811.37 0.103179 327794 -0.11338 0.61754
0.001195 2271.24 0.049879 327807 -0.0644973 0.492313
0.003775 1452.29 0.118393 327833 -0.103735 0.771007
0.004425 447.595 0.225263 327808 0.0128409 2.53096
0.002695 1867.78 0.0946566 327800 -0.115133 0.598614
0.003305 1743.8 0.110403 327817 -0.160348 0.641618
0.004885 394.327 0.232615 327805 0.00634888 2.88349
0.001475 2190.74 0.0582115 327809 -0.0753989 0.510263
0.002085 2010.94 0.0773421 327791 -0.0725895 0.555679
0.000925 2343.92 0.0428045 327804 -0.0507759 0.477187
0.003015 1809.58 0.103453 327803 -0.121944 0.618175
0.001205 2268.41 0.0501621 327802 -0.0634987 0.492916
0.003785 1424.95 0.120966 327831 -0.100808 0.785847
0.004435 444.031 0.225723 327811 0.0155885 2.55173
0.003315 1741.06 0.110572 327813 -0.159797 0.642621
0.002705 1866.04 0.0949287 327792 -0.107805 0.599168
0.004895 394.162 0.232637 327805 0.00597211 2.88475
0.001485 2187.88 0.0585213 327804 -0.0741152 0.51092
0.000935 2341.34 0.0430444 327794 -0.047538 0.477694
0.002095 2008.03 0.0776457 327796 -0.0748701 0.556491
0.003025 1807.76 0.103726 327811 -0.130738 0.618818
0.001215 2265.56 0.0504464 327797 -0.0606152 0.493523
0.003795 1397.88 0.123523 327830 -0.0980244 0.801115
0.004445 440.622 0.226159 327808 0.0136992 2.57188
0.002715 1864.29 0.095201 327787 -0.100814 0.59973
0.003325 1738.29 0.110733 327805 -0.154868 0.643629
0.004905 394.001 0.232657 327807 0.00563391 2.886
0.000945 2338.78 0.0432861 327791 -0.0433974 0.478205
0.002105 2005.13 0.0779486 327802 -0.0795895 0.557309
0.001495 2185 0.0588317 327798 -0.0708652 0.511578
0.001225 2262.7 0.050732 327793 -0.0564735 0.494134
0.003035 1805.91 0.103999 327816 -0.138074 0.619468
0.003805 1371.08 0.126064 327827 -0.0998551 0.816824
0.002725 1862.53 0.0954734 327784 -0.0961257 0.600303
0.004455 437.36 0.226572 327803 0.0093504 2.59143
0.003335 1735.5 0.110886 327795 -0.145159 0.644644
0.004915 393.923 0.232676 327805 0.00545402 2.88661
0.000955 2336.22 0.0435297 327789 -0.0392308 0.478723
0.002115 2002.22 0.0782508 327809 -0.0857603 0.55813
0.001235 2259.83 0.0510189 327790 -0.0519568 0.494752
0.003815 1344.54 0.128588 327814 -0.115073 0.832977
0.003045 1804.04 0.10427 327818 -0.142979 0.620122
0.004465 434.246 0.226963 327807 0.00656498 2.61045
0.002735 1860.76 0.095746 327786 -0.0951162 0.600887
0.002445 1909.37 0.0878131 327793 -0.0986674 0.585354
0.001765 2105.03 0.0673489 327802 -0.0827314 0.530913
0.002745 1858.98 0.0960188 327792 -0.0981044 0.601482
0.002455 1907.75 0.0880913 327788 -0.0922424 0.585847
0.003825 1318.26 0.131097 327793 -0.141823 0.849596
0.001245 2256.96 0.0513069 327789 -0.0480332 0.495375
0.002755 1857.19 0.0962919 327799 -0.104306 0.602085
0.002465 1906.13 0.0883689 327786 -0.0875131 0.586348
0.001775 2101.99 0.0676662 327796 -0.0783136 0.53167
0.001505 2182.12 0.0591427 327794 -0.0663656 0.512242
0.003835 1292.24 0.13359 327779 -0.157568 0.866743
0.003345 1732.69 0.11103 327785 -0.133249 0.645669
0.002765 1855.39 0.0965651 327807 -0.112194 0.602694
0.001255 2254.08 0.0515962 327791 -0.0455614 0.496006
0.002475 1904.51 0.088646 327787 -0.085755 0.586857
0.001785 2098.94 0.0679833 327792 -0.0731403 0.532431
0.001515 2179.24 0.0594543 327790 -0.0615922 0.51291
0.003355 1729.86 0.111165 327778 -0.124103 0.646711
0.003365 1727.02 0.111291 327779 -0.121885 0.647775
0.004925 393.847 0.232693 327805 0.00541734 2.88722
0.003375 1723.32 0.111406 327624 -0.127349 0.648861
0.003385 1717.86 0.111512 327800 -0.138507 0.651274
0.003395 1711.56 0.111606 327811 -0.149429 0.653693
0.004935 393.77 0.232709 327806 0.00535925 2.88783
0.003405 1705.29 0.11169 327818 -0.156597 0.656109
0.002125 1999.3 0.0785522 327813 -0.0920812 0.558952
0.004945 393.692 0.232723 327806 0.00515606 2.88844
0.003415 1699.07 0.111762 327820 -0.16018 0.658516
0.004955 393.612 0.232736 327806 0.00481343 2.88906
0.003425 1692.9 0.111821 327820 -0.162209 0.660915
0.004965 393.53 0.232748 327805 0.00445116 2.8897
0.003435 1686.8 0.111868 327818 -0.16339 0.663304
0.002135 1996.39 0.078853 327815 -0.0972498 0.559773
0.004975 393.445 0.23276 327805 0.00418202 2.89035
0.003055 1802.13 0.104541 327816 -0.144819 0.62078
0.003445 1680.77 0.111901 327813 -0.161285 0.665674
0.002145 1993.47 0.079153 327814 -0.100242 0.560593
0.004985 393.357 0.23277 327806 0.00402841 2.89103
0.002155 1990.54 0.0794522 327811 -0.100495 0.561411
0.003455 1674.82 0.11192 327803 -0.152583 0.66802
0.004995 393.268 0.232779 327807 0.00386768 2.89173
0.002165 1987.61 0.0797508 327805 -0.0980008 0.562229
0.003465 1668.97 0.111925 327791 -0.137877 0.670338
0.005005 393.251 0.232787 327806 0.00360111 2.89187
0.003065 1800.2 0.10481 327811 -0.143027 0.621444
0.004475 431.608 0.227332 327801 0.00749323 2.62675
0.002175 1984.68 0.0800485 327798 -0.0933207 0.563049
0.003475 1663.23 0.111914 327781 -0.12351 0.672633
0.005015 393.233 0.232794 327806 0.00327888 2.89203
0.003075 1798.23 0.105078 327803 -0.137419 0.622114
0.002185 1981.75 0.0803456 327792 -0.0875203 0.563874
0.002775 1853.58 0.0968386 327814 -0.120015 0.603305
0.002195 1978.81 0.0806418 327788 -0.0819733 0.564706
0.002205 1975.87 0.0809373 327787 -0.0780469 0.565547
0.002215 1972.92 0.0812321 327789 -0.0767535 0.566397
0.002785 1851.76 0.0971124 327817 -0.126221 0.603916
0.002225 1969.97 0.0815261 327794 -0.0784962 0.567256
0.002795 1849.92 0.0973864 327817 -0.129675 0.604525
0.001265 2251.18 0.0518866 327794 -0.0451166 0.496644
0.002235 1967.02 0.0818193 327800 -0.0829753 0.568121
0.002805 1848.07 0.0976607 327813 -0.129707 0.605133
0.002485 1902.88 0.0889225 327792 -0.0874807 0.587375
0.002815 1846.21 0.0979352 327807 -0.126199 0.605741
0.001525 2176.34 0.0597663 327789 -0.0575913 0.513586
0.002825 1844.34 0.0982101 327799 -0.119773 0.606351
0.002835 1842.45 0.0984852 327791 -0.111925 0.606968
0.002495 1901.25 0.0891985 327798 -0.0923119 0.587898
0.002845 1840.55 0.0987605 327785 -0.104809 0.607595
0.001535 2173.44 0.0600789 327791 -0.0552694 0.514269
0.002505 1899.61 0.089474 327806 -0.0991467 0.588425
0.002855 1838.63 0.0990361 327783 -0.100589 0.608234
0.001545 2170.54 0.0603919 327794 -0.0551976 0.514959
0.001795 2095.88 0.0683003 327789 -0.0683704 0.5332
0.002515 1897.98 0.0897491 327812 -0.106511 0.588951
0.002865 1836.7 0.099312 327786 -0.100608 0.608888
0.003485 1657.61 0.111887 327778 -0.117388 0.674912
0.001555 2167.63 0.0607053 327799 -0.0574815 0.515655
0.002875 1834.75 0.0995881 327792 -0.104874 0.609556
0.002525 1896.34 0.0900237 327816 -0.112907 0.589475
0.001565 2164.71 0.0610192 327805 -0.0617335 0.516355
0.003495 1652.12 0.111844 327786 -0.122442 0.677173
0.002535 1894.69 0.0902979 327817 -0.11705 0.589995
0.001805 2092.83 0.0686172 327789 -0.0651029 0.533977
0.001575 2161.78 0.0613335 327810 -0.0671557 0.517057
0.003505 1646.78 0.111783 327800 -0.134452 0.6794
0.002545 1893.05 0.0905718 327814 -0.118059 0.59051
0.005025 393.209 0.232801 327806 0.00291972 2.89222
0.001815 2089.76 0.0689339 327792 -0.0641295 0.534761
0.003085 1796.23 0.105344 327794 -0.128891 0.622795
0.003515 1641.61 0.111705 327813 -0.146108 0.681574
0.001585 2158.85 0.0616482 327813 -0.0727085 0.51776
0.002555 1891.4 0.0908453 327808 -0.115673 0.591023
0.001275 2248.28 0.0521782 327799 -0.0468709 0.497287
0.001825 2086.69 0.0692505 327796 -0.0657492 0.535552
0.005035 393.181 0.232807 327806 0.00259497 2.89244
0.001595 2155.91 0.0619632 327814 -0.0773279 0.518463
0.003095 1794.2 0.105609 327786 -0.119769 0.62349
0.001835 2083.62 0.0695668 327802 -0.0696955 0.536349
0.005045 393.148 0.232812 327806 0.00232648 2.89271
0.003105 1792.13 0.105872 327781 -0.113209 0.624204
0.001845 2080.54 0.0698828 327808 -0.0751959 0.53715
0.005055 393.109 0.232817 327806 0.0020811 2.89301
0.003115 1790.04 0.106133 327782 -0.11175 0.624941
0.001855 2077.46 0.0701987 327812 -0.0811478 0.537951
0.005065 393.064 0.23282 327806 0.00182258 2.89335
0.003125 1787.91 0.106391 327788 -0.115971 0.625702
0.001865 2074.38 0.0705142 327815 -0.0863619 0.538752
0.005075 393.015 0.232823 327807 0.00147124 2.89373
0.003135 1785.74 0.106648 327797 -0.124238 0.626481
0.001875 2071.29 0.0708295 327814 -0.0898268 0.539552
0.005085 393.037 0.232826 327806 0.0011111 2.89357
0.003145 1783.54 0.106901 327806 -0.133785 0.627275
0.001885 2068.29 0.0711444 327825 -0.0908715 0.540351
0.005095 393.055 0.232828 327806 0.000776563 2.89344
0.003155 1781.31 0.107152 327814 -0.142249 0.628078
0.001895 2065.37 0.071459 327806 -0.0893033 0.54108
0.005105 393.066 0.232829 327806 0.000461922 2.89336
0.003165 1779.04 0.1074 327818 -0.148469 0.628889
0.001905 2062.54 0.0717732 327800 -0.0855108 0.54181
0.005115 393.072 0.23283 327806 0.000152744 2.89332
0.003175 1776.74 0.107644 327818 -0.15211 0.629707
0.001915 2059.71 0.0720869 327794 -0.0803634 0.542544
0.003185 1774.41 0.107885 327815 -0.152763 0.630532
0.003195 1772.04 0.108123 327808 -0.14965 0.631365
