0.003845 307.669 0.232918 112157 -0.0120626 1.26491
0.003855 307.663 0.232918 112157 -0.0127341 1.26493
0.003865 307.651 0.232918 112157 -0.0132623 1.26499
0.003875 307.633 0.232918 112158 -0.0137832 1.26506
0.003885 307.608 0.232918 112158 -0.0142972 1.26517
0.003895 307.576 0.232918 112158 -0.0148068 1.2653
0.003905 307.537 0.232918 112159 -0.0152985 1.26547
0.003915 307.492 0.232918 112159 -0.0156078 1.26567
0.003925 307.528 0.232918 112159 -0.0163393 1.26552
0.003935 307.561 0.232918 112160 -0.0167866 1.26538
0.003945 307.592 0.232918 112160 -0.0172607 1.26526
0.003955 307.618 0.232918 112160 -0.0177249 1.26515
0.003965 307.64 0.232918 112160 -0.0181878 1.26507
0.003975 307.656 0.232918 112161 -0.0186419 1.265
0.003985 307.668 0.232918 112161 -0.0190715 1.26496
0.003995 307.673 0.232918 112161 -0.0193914 1.26494
0.004005 307.673 0.232918 112162 -0.0198631 1.26494
0.004015 307.668 0.232918 112162 -0.0205087 1.26497
0.004025 307.656 0.232918 112162 -0.0209996 1.26502
0.004035 307.638 0.232918 112163 -0.0214828 1.2651
0.004045 307.613 0.232918 112163 -0.0219595 1.26521
0.004055 307.581 0.232918 112163 -0.0224319 1.26534
0.004065 307.541 0.232918 112164 -0.0228899 1.26551
0.004075 307.496 0.232918 112165 -0.0231473 1.26571
0.004085 307.532 0.232918 112164 -0.0238577 1.26556
0.004095 307.566 0.232918 112165 -0.0242737 1.26542
0.004105 307.596 0.232918 112165 -0.0247159 1.2653
0.004115 307.622 0.232918 112165 -0.0251485 1.2652
0.004125 307.644 0.232918 112166 -0.0255802 1.26511
0.004135 307.661 0.232918 112166 -0.0260039 1.26505
0.004145 307.672 0.232918 112166 -0.0264041 1.265
0.004155 307.678 0.232918 112167 -0.0266898 1.26498
0.003525 307.661 0.232918 112147 0.00647356 1.26483
0.007365 307.712 0.232918 112200 -0.0211033 1.26521
0.003535 307.655 0.232918 112148 0.00569548 1.26486
0.007375 307.704 0.232918 112199 -0.0204491 1.26525
0.003205 307.654 0.232918 112140 0.0278906 1.26477
0.003545 307.643 0.232918 112148 0.00503928 1.26492
0.007385 307.69 0.232918 112199 -0.0198057 1.2653
0.004165 307.678 0.232918 112167 -0.027127 1.26499
0.003555 307.625 0.232918 112148 0.00438677 1.26499
0.007395 307.67 0.232918 112199 -0.0191583 1.26538
0.003215 307.648 0.232918 112140 0.0270881 1.2648
0.007045 307.717 0.232918 112202 -0.0403137 1.26522
0.003565 307.6 0.232918 112149 0.00373925 1.2651
0.007405 307.644 0.232918 112199 -0.018509 1.26549
0.004175 307.672 0.232918 112167 -0.0277572 1.26501
0.003225 307.636 0.232918 112140 0.0263849 1.26486
0.007055 307.709 0.232918 112202 -0.039734 1.26526
0.003575 307.568 0.232918 112149 0.00309505 1.26523
0.003235 307.618 0.232918 112140 0.0256862 1.26493
0.007415 307.612 0.232918 112199 -0.0178567 1.26562
0.004185 307.66 0.232918 112168 -0.0282261 1.26507
0.007065 307.695 0.232918 112202 -0.0391742 1.26531
0.004485 307.688 0.232918 112178 -0.0411881 1.26507
0.003245 307.593 0.232918 112141 0.024993 1.26504
0.003585 307.529 0.232918 112149 0.00247668 1.2654
0.007425 307.575 0.232918 112199 -0.0172354 1.26577
0.004195 307.642 0.232918 112168 -0.0286862 1.26514
0.007075 307.675 0.232918 112202 -0.038612 1.26539
0.004495 307.682 0.232918 112179 -0.0418468 1.2651
0.003255 307.562 0.232918 112141 0.0243025 1.26517
0.003595 307.484 0.232918 112150 0.00200851 1.26559
0.007435 307.534 0.232918 112200 -0.0165805 1.26595
0.004205 307.617 0.232918 112168 -0.0291394 1.26525
0.007085 307.649 0.232918 112202 -0.0380475 1.2655
0.004505 307.67 0.232918 112179 -0.0423447 1.26515
0.003265 307.522 0.232918 112141 0.0236415 1.26533
0.003605 307.52 0.232918 112150 0.00115718 1.26544
0.007445 307.575 0.232918 112199 -0.0158495 1.26577
0.004215 307.585 0.232918 112169 -0.0295883 1.26539
0.002885 307.648 0.232918 112134 0.0531305 1.26473
0.004515 307.652 0.232918 112179 -0.0428329 1.26523
0.003275 307.478 0.232918 112142 0.023088 1.26553
0.007095 307.617 0.232918 112202 -0.037481 1.26563
0.007455 307.613 0.232918 112199 -0.0152194 1.26561
0.003615 307.553 0.232918 112150 0.000586985 1.26531
0.004225 307.546 0.232918 112169 -0.0300249 1.26555
0.004525 307.627 0.232918 112180 -0.0433123 1.26534
0.003285 307.513 0.232918 112142 0.0222134 1.26538
0.002895 307.642 0.232918 112134 0.0522334 1.26476
0.007105 307.578 0.232918 112202 -0.0369407 1.26579
0.007465 307.645 0.232918 112199 -0.0145543 1.26548
0.003625 307.584 0.232918 112150 -1.47295e-05 1.26518
0.004235 307.501 0.232918 112170 -0.0302469 1.26575
0.004535 307.595 0.232918 112180 -0.0437842 1.26547
0.003295 307.547 0.232918 112142 0.0215872 1.26524
0.002905 307.63 0.232918 112134 0.0514124 1.26481
0.007115 307.536 0.232918 112202 -0.03641 1.26597
0.007475 307.672 0.232918 112199 -0.0138903 1.26537
0.003635 307.61 0.232918 112151 -0.000605083 1.26508
0.004245 307.537 0.232918 112170 -0.0309452 1.2656
0.004545 307.555 0.232918 112180 -0.0442416 1.26564
0.003305 307.577 0.232918 112142 0.0209211 1.26512
0.002915 307.612 0.232918 112134 0.0505937 1.26489
0.007125 307.576 0.232918 112202 -0.0357302 1.26579
0.007485 307.692 0.232918 112199 -0.0132246 1.26529
0.004255 307.57 0.232918 112170 -0.0313403 1.26546
0.003645 307.632 0.232918 112151 -0.0011925 1.26499
0.004555 307.51 0.232918 112181 -0.0444688 1.26584
0.003315 307.603 0.232918 112142 0.0202581 1.26501
0.006405 307.72 0.232918 112210 -0.0687216 1.2653
0.002925 307.587 0.232918 112134 0.0497812 1.26499
0.007135 307.613 0.232918 112201 -0.0351758 1.26564
0.007495 307.708 0.232918 112199 -0.0125609 1.26522
0.004265 307.601 0.232918 112171 -0.0317609 1.26534
0.004565 307.547 0.232918 112181 -0.0451897 1.26568
0.003655 307.648 0.232918 112151 -0.00176912 1.26493
0.003325 307.625 0.232918 112142 0.0195898 1.26493
0.006415 307.713 0.232918 112210 -0.0683872 1.26533
0.007145 307.644 0.232918 112201 -0.03459 1.26551
0.002935 307.556 0.232918 112135 0.0489738 1.26512
0.007505 307.718 0.232918 112199 -0.0119052 1.26518
0.004275 307.627 0.232918 112171 -0.0321718 1.26524
0.004575 307.58 0.232918 112181 -0.0455939 1.26555
0.003665 307.659 0.232918 112151 -0.00231766 1.26489
0.003335 307.641 0.232918 112143 0.0189244 1.26486
0.007155 307.669 0.232918 112201 -0.0340055 1.26541
0.006425 307.699 0.232918 112210 -0.0680759 1.26538
0.002945 307.517 0.232918 112135 0.0482068 1.26528
0.007515 307.722 0.232918 112199 -0.0112293 1.26516
0.004285 307.649 0.232918 112171 -0.0325817 1.26515
0.004585 307.611 0.232918 112182 -0.0460212 1.26543
0.003675 307.665 0.232918 112152 -0.00277545 1.26487
0.003345 307.652 0.232918 112143 0.01828 1.26482
0.007165 307.69 0.232918 112201 -0.033419 1.26532
0.006435 307.68 0.232918 112210 -0.0677611 1.26546
0.002955 307.472 0.232918 112135 0.0475153 1.26547
0.007525 307.72 0.232918 112199 -0.0105332 1.26517
0.004295 307.665 0.232918 112172 -0.0329838 1.26509
0.004595 307.637 0.232918 112182 -0.0464347 1.26533
0.003685 307.665 0.232918 112152 -0.00337568 1.26487
0.007175 307.704 0.232918 112201 -0.0328363 1.26526
0.003355 307.658 0.232918 112143 0.0176915 1.2648
0.002965 307.508 0.232918 112135 0.0465643 1.26533
0.006445 307.654 0.232918 112210 -0.067441 1.26557
0.007535 307.713 0.232918 112199 -0.00984608 1.2652
0.004305 307.677 0.232918 112172 -0.0333633 1.26505
0.004605 307.658 0.232918 112183 -0.0468439 1.26524
0.003695 307.659 0.232918 112152 -0.00410497 1.2649
0.007185 307.713 0.232918 112201 -0.0322631 1.26522
0.003365 307.657 0.232918 112143 0.0169802 1.2648
0.002975 307.542 0.232918 112135 0.0458476 1.26519
0.006455 307.621 0.232918 112210 -0.0671181 1.2657
0.007545 307.7 0.232918 112199 -0.0091762 1.26525
0.004315 307.683 0.232918 112172 -0.0336275 1.26503
0.004615 307.675 0.232918 112183 -0.0472429 1.26518
0.003705 307.647 0.232918 112153 -0.00469743 1.26495
0.007195 307.716 0.232918 112201 -0.0316871 1.26521
0.003375 307.651 0.232918 112144 0.0161836 1.26483
0.002985 307.572 0.232918 112135 0.0450895 1.26507
0.006465 307.582 0.232918 112210 -0.0668084 1.26586
0.007555 307.681 0.232918 112199 -0.00850122 1.26533
0.004625 307.687 0.232918 112183 -0.047617 1.26513
0.004325 307.683 0.232918 112173 -0.0340425 1.26503
0.003715 307.629 0.232918 112153 -0.00528211 1.26503
0.007205 307.714 0.232918 112201 -0.0310416 1.26522
0.003385 307.639 0.232918 112144 0.0154917 1.26488
0.002995 307.598 0.232918 112136 0.0443345 1.26496
0.006475 307.539 0.232918 112210 -0.0665346 1.26604
0.007565 307.657 0.232918 112199 -0.00782593 1.26543
0.004635 307.693 0.232918 112184 -0.0478692 1.26511
0.003725 307.604 0.232918 112153 -0.00585866 1.26513
0.004335 307.677 0.232918 112173 -0.0346614 1.26506
0.007215 307.706 0.232918 112201 -0.0304233 1.26525
0.003395 307.621 0.232918 112144 0.0148028 1.26496
0.003005 307.62 0.232918 112136 0.0435705 1.26487
0.006085 307.72 0.232918 112212 -0.0754162 1.26532
0.006485 307.579 0.232918 112209 -0.066095 1.26587
0.004645 307.693 0.232918 112184 -0.0482734 1.26512
0.007575 307.626 0.232918 112199 -0.00714838 1.26555
0.002565 307.644 0.232918 112129 0.0812064 1.26469
0.005445 307.714 0.232918 112207 -0.0732984 1.26529
0.003735 307.572 0.232918 112153 -0.0064294 1.26527
0.004345 307.665 0.232918 112173 -0.0351183 1.26511
0.007225 307.691 0.232918 112201 -0.0298191 1.26531
0.005765 307.718 0.232918 112211 -0.0765444 1.26532
0.003405 307.596 0.232918 112144 0.0141192 1.26506
0.003015 307.636 0.232918 112136 0.0428022 1.26481
0.006495 307.614 0.232918 112209 -0.0657555 1.26572
0.006095 307.713 0.232918 112212 -0.0752858 1.26535
0.004655 307.687 0.232918 112184 -0.0488983 1.26514
0.007585 307.59 0.232918 112199 -0.00650428 1.2657
0.003745 307.533 0.232918 112154 -0.00697705 1.26543
0.005455 307.708 0.232918 112207 -0.0735559 1.26532
0.002575 307.638 0.232918 112129 0.0802381 1.26472
0.004355 307.647 0.232918 112174 -0.0355675 1.26519
0.007235 307.671 0.232918 112201 -0.0292128 1.26539
0.003415 307.565 0.232918 112145 0.0134394 1.2652
0.003025 307.647 0.232918 112136 0.0420439 1.26477
0.005775 307.712 0.232918 112211 -0.0766137 1.26535
0.006505 307.645 0.232918 112209 -0.0653955 1.26559
0.004665 307.675 0.232918 112185 -0.0493521 1.2652
0.006105 307.7 0.232918 112212 -0.0751596 1.2654
0.007595 307.551 0.232918 112199 -0.00580317 1.26587
0.003755 307.488 0.232918 112155 -0.00735708 1.26563
0.005465 307.695 0.232918 112207 -0.0737335 1.26537
0.004365 307.622 0.232918 112174 -0.0360124 1.26529
0.002585 307.626 0.232918 112129 0.0793215 1.26478
0.007245 307.645 0.232918 112200 -0.0286048 1.2655
0.003425 307.526 0.232918 112145 0.0127887 1.26536
0.003035 307.652 0.232918 112136 0.041293 1.26475
0.006515 307.671 0.232918 112209 -0.0650337 1.26549
0.004675 307.657 0.232918 112185 -0.0497948 1.26528
0.006115 307.681 0.232918 112212 -0.0750289 1.26548
0.005785 307.699 0.232918 112211 -0.0766534 1.2654
0.007605 307.594 0.232918 112199 -0.00507483 1.26569
0.003765 307.524 0.232918 112154 -0.00813663 1.26548
0.005475 307.677 0.232918 112208 -0.0739029 1.26545
0.004375 307.59 0.232918 112174 -0.0364563 1.26543
0.002595 307.607 0.232918 112129 0.0784009 1.26485
0.007255 307.613 0.232918 112200 -0.0279949 1.26563
0.003435 307.481 0.232918 112146 0.0122675 1.26556
0.006525 307.691 0.232918 112209 -0.0646679 1.2654
0.004685 307.632 0.232918 112186 -0.05023 1.26538
0.003045 307.651 0.232918 112137 0.0404338 1.26475
0.006125 307.655 0.232918 112212 -0.0748921 1.26559
0.007615 307.634 0.232918 112199 -0.0044289 1.26552
0.005795 307.68 0.232918 112211 -0.0766879 1.26548
0.003775 307.557 0.232918 112155 -0.00863415 1.26534
0.004385 307.55 0.232918 112175 -0.0368915 1.2656
0.005485 307.651 0.232918 112208 -0.0740638 1.26556
0.002605 307.583 0.232918 112130 0.0774805 1.26495
0.007265 307.574 0.232918 112200 -0.0274141 1.26579
0.003445 307.516 0.232918 112145 0.011398 1.26541
0.006535 307.707 0.232918 112209 -0.0643031 1.26534
0.004695 307.6 0.232918 112186 -0.0506604 1.26552
0.003055 307.645 0.232918 112137 0.0395221 1.26478
5e-06 2131.87 0.00524513 112132 0.00178584 0.178996
0.006135 307.623 0.232918 112212 -0.074752 1.26572
0.007625 307.667 0.232918 112199 -0.00374816 1.26538
0.002245 307.646 0.232917 112127 0.11147 1.26466
0.005805 307.654 0.232918 112211 -0.0767162 1.26558
0.000325 2115.79 0.00896754 112129 -0.0257332 0.18041
0.004395 307.505 0.232918 112176 -0.037118 1.26579
0.003785 307.587 0.232918 112155 -0.00915965 1.26522
0.005495 307.618 0.232918 112208 -0.0742197 1.26569
0.001605 366.06 0.225266 112128 0.130585 1.05942
0.002615 307.552 0.232918 112130 0.0765585 1.26508
0.001925 308.967 0.232817 112126 0.139461 1.2591
0.007275 307.532 0.232918 112201 -0.0268222 1.26597
0.003455 307.55 0.232918 112146 0.0107932 1.26527
0.006545 307.717 0.232918 112209 -0.0639485 1.2653
0.004705 307.56 0.232918 112186 -0.0510813 1.26569
0.003065 307.633 0.232918 112137 0.0386794 1.26483
0.006145 307.583 0.232918 112212 -0.0746182 1.26588
0.007635 307.696 0.232918 112199 -0.00306934 1.26527
1.5e-05 2131.88 0.00524444 112129 0.00372372 0.17899
0.002255 307.639 0.232917 112127 0.110509 1.26469
0.005815 307.622 0.232918 112212 -0.0767415 1.26572
0.000965 1347.26 0.0897314 112132 -0.0639713 0.284084
0.003795 307.614 0.232918 112155 -0.00967398 1.26512
0.004405 307.542 0.232918 112176 -0.0378266 1.26564
0.000335 2114.22 0.00926361 112126 -0.0258233 0.180543
0.005505 307.578 0.232918 112208 -0.0743732 1.26586
0.001615 361.194 0.225988 112128 0.132294 1.07393
0.007285 307.573 0.232918 112200 -0.0261164 1.26579
0.002625 307.513 0.232918 112130 0.07568 1.26524
0.003465 307.58 0.232918 112146 0.0101535 1.26515
0.006555 307.721 0.232918 112209 -0.0636118 1.26528
0.001935 308.777 0.232833 112126 0.138775 1.2599
0.004715 307.515 0.232918 112187 -0.0512717 1.26588
0.003075 307.615 0.232918 112137 0.0378289 1.26491
0.006155 307.539 0.232918 112213 -0.0744876 1.26607
0.007645 307.718 0.232918 112199 -0.0023899 1.26517
2.5e-05 2131.91 0.00524306 112127 0.00358998 0.178984
0.002265 307.626 0.232917 112127 0.109557 1.26475
0.005825 307.582 0.232918 112212 -0.0767688 1.26588
0.000975 1320.72 0.0922856 112258 -0.0698652 0.290145
0.003805 307.635 0.232918 112156 -0.0101858 1.26503
0.004415 307.575 0.232918 112176 -0.0382363 1.26551
0.000345 2112.67 0.00955855 112127 -0.0216991 0.18068
0.005515 307.534 0.232918 112209 -0.0744152 1.26605
0.007295 307.61 0.232918 112200 -0.0255245 1.26564
0.001625 356.58 0.226657 112128 0.133896 1.08805
0.002635 307.469 0.232918 112130 0.0748108 1.26543
0.006565 307.719 0.232918 112208 -0.0631885 1.26528
0.003475 307.606 0.232918 112146 0.00952204 1.26504
0.001945 308.603 0.232847 112126 0.138065 1.26062
0.004725 307.552 0.232918 112187 -0.0519652 1.26573
0.006165 307.578 0.232918 112212 -0.0742869 1.2659
0.003085 307.59 0.232918 112137 0.0369781 1.26501
0.007655 307.735 0.232918 112199 -0.00171159 1.2651
3.5e-05 2131.96 0.00524099 112127 6.4424e-05 0.178981
0.002275 307.607 0.232917 112127 0.108598 1.26482
0.005835 307.538 0.232918 112212 -0.0767456 1.26607
0.006725 307.718 0.232918 112206 -0.0564381 1.26526
0.000985 1298.34 0.094885 112130 -0.0643881 0.294836
0.003815 307.652 0.232918 112156 -0.0106877 1.26497
0.004425 307.606 0.232918 112176 -0.0386777 1.26539
0.000355 2111.14 0.00985232 112131 -0.018192 0.180822
0.005525 307.572 0.232918 112208 -0.0746646 1.26589
0.007305 307.641 0.232918 112200 -0.0248993 1.26551
0.001635 352.209 0.227275 112128 0.13538 1.10177
0.002645 307.504 0.232918 112130 0.0737727 1.26529
0.003485 307.628 0.232918 112146 0.0088899 1.26496
0.006575 307.712 0.232918 112208 -0.0627622 1.26531
0.004735 307.586 0.232918 112187 -0.0523432 1.26559
0.001955 308.444 0.232858 112126 0.137331 1.26129
0.004805 307.698 0.232918 112190 -0.0548737 1.26516
0.006175 307.614 0.232918 112212 -0.0741179 1.26576
0.007665 307.747 0.232918 112199 -0.00104572 1.26506
0.003095 307.559 0.232918 112137 0.0361293 1.26514
4.5e-05 2132.02 0.00523822 112129 -0.00414223 0.17898
0.002285 307.582 0.232917 112127 0.107635 1.26493
0.005845 307.576 0.232918 112212 -0.0767895 1.26591
0.000995 1277.41 0.0974952 112133 -0.052611 0.299703
0.006735 307.711 0.232918 112206 -0.0559496 1.26529
0.004435 307.632 0.232918 112177 -0.0391149 1.26528
0.003825 307.663 0.232918 112156 -0.0111636 1.26492
0.000365 2109.62 0.0101449 112133 -0.0187022 0.18096
0.005535 307.607 0.232918 112209 -0.0747752 1.26575
0.007315 307.667 0.232918 112200 -0.0242751 1.2654
0.000645 1984.48 0.0272065 112121 -0.0550099 0.192511
0.003495 307.645 0.232918 112147 0.00826477 1.26489
0.006585 307.698 0.232918 112208 -0.062364 1.26536
0.001645 348.074 0.227845 112128 0.136724 1.11507
0.004745 307.616 0.232918 112188 -0.0527459 1.26547
0.002655 307.538 0.232918 112130 0.0729313 1.26515
0.001965 308.296 0.232868 112126 0.136573 1.26191
0.006185 307.644 0.232918 112212 -0.0739384 1.26563
0.007675 307.752 0.232918 112199 -0.000342348 1.26504
0.004815 307.692 0.232918 112190 -0.0554516 1.26519
0.003105 307.52 0.232918 112138 0.0353221 1.2653
5.5e-05 2132.09 0.00523477 112132 -0.00581978 0.178978
0.002295 307.55 0.232917 112127 0.106665 1.26506
0.005855 307.611 0.232918 112212 -0.0767797 1.26576
0.001005 1256.4 0.100108 112133 -0.0479075 0.304747
0.004445 307.654 0.232918 112177 -0.0395565 1.2652
0.006745 307.697 0.232918 112206 -0.0554899 1.26535
0.003835 307.669 0.232918 112156 -0.0115403 1.2649
0.000375 2108.13 0.0104363 112132 -0.0225149 0.18109
0.000385 2106.65 0.0107264 112129 -0.0256257 0.181216
0.000395 2105.2 0.0110152 112127 -0.0248954 0.181343
0.000405 2103.76 0.0113027 112127 -0.0200851 0.181471
0.000415 2102.34 0.0115889 112129 -0.0166348 0.181601
0.000425 2100.95 0.0118736 112132 -0.0234128 0.181732
0.000435 2099.57 0.012157 112135 -0.0384554 0.18186
0.000445 2096.89 0.0125501 112062 -0.0470845 0.181982
0.000455 2093.89 0.0130458 112131 -0.0386597 0.182357
0.000465 2089.58 0.0136515 112127 -0.0202068 0.182731
0.000475 2085.29 0.0142561 112127 -0.0114953 0.183112
0.000485 2081.02 0.0148593 112131 -0.0251431 0.1835
0.000495 2076.76 0.0154612 112133 -0.0537161 0.183885
0.000505 2072.53 0.0160617 112133 -0.069868 0.184266
0.005125 307.707 0.232918 112200 -0.0657955 1.26524
0.000515 2068.31 0.0166608 112130 -0.0536433 0.184643
0.005545 307.637 0.232918 112209 -0.0748932 1.26562
0.000525 2064.12 0.0172582 112125 -0.0199568 0.185015
0.007325 307.687 0.232918 112200 -0.0236486 1.26532
0.000535 2059.94 0.0178541 112123 -0.00490651 0.185393
0.005555 307.663 0.232918 112209 -0.0750026 1.26552
0.007335 307.702 0.232918 112200 -0.023025 1.26526
0.005135 307.701 0.232918 112200 -0.0662399 1.26526
0.000545 2055.79 0.0184483 112129 -0.0246895 0.185783
0.005565 307.684 0.232918 112209 -0.0751077 1.26543
0.007345 307.711 0.232918 112200 -0.022408 1.26522
0.004455 307.67 0.232918 112177 -0.0399954 1.26513
0.000555 2051.66 0.0190408 112136 -0.0564674 0.186174
0.005145 307.689 0.232918 112200 -0.0665551 1.26532
0.005575 307.7 0.232918 112209 -0.0752072 1.26537
0.007355 307.714 0.232918 112200 -0.0217805 1.2652
0.004465 307.682 0.232918 112178 -0.0404157 1.26509
0.000565 2047.55 0.0196315 112136 -0.0692349 0.186554
0.000655 1974.31 0.028368 112120 -0.0587324 0.193507
0.003505 307.656 0.232918 112147 0.00766435 1.26485
0.003515 307.661 0.232918 112147 0.00713938 1.26483
0.000575 2043.46 0.0202204 112131 -0.0575603 0.186927
0.006595 307.679 0.232918 112208 -0.0619638 1.26544
0.000585 2039.39 0.0208073 112127 -0.0386139 0.187299
0.006755 307.677 0.232918 112206 -0.0550293 1.26543
0.000595 2032.76 0.0215796 111983 -0.0333139 0.187678
0.001655 344.163 0.228368 112128 0.137928 1.12795
0.000605 2025.17 0.0225554 112133 -0.0469 0.188636
0.006765 307.651 0.232918 112206 -0.0545663 1.26553
0.004755 307.642 0.232918 112188 -0.0531365 1.26537
0.001665 340.463 0.228848 112128 0.139031 1.1404
0.006775 307.619 0.232918 112206 -0.0541024 1.26566
0.000615 2015 0.0237187 112138 -0.0649571 0.189604
0.006785 307.58 0.232918 112206 -0.0536598 1.26582
0.001675 336.972 0.229287 112132 0.140061 1.15245
0.000625 2004.83 0.0248817 112138 -0.0693223 0.190573
0.000635 1994.65 0.0260444 112131 -0.0605377 0.191539
0.006795 307.537 0.232918 112206 -0.0532564 1.266
0.001685 334.255 0.229685 112128 0.14095 1.16195
0.004765 307.664 0.232918 112188 -0.0535236 1.26529
0.002665 307.568 0.232918 112130 0.0720434 1.26502
0.001975 308.157 0.232876 112126 0.135789 1.26249
0.006195 307.67 0.232918 112212 -0.0737547 1.26552
0.004825 307.68 0.232918 112191 -0.0558665 1.26524
0.003115 307.475 0.232918 112138 0.0345857 1.2655
0.006205 307.691 0.232918 112212 -0.0735663 1.26544
0.001985 308.025 0.232883 112126 0.135019 1.26304
6.5e-05 2132.18 0.00523064 112133 -0.0051278 0.178972
0.004835 307.662 0.232918 112191 -0.0562682 1.26532
0.002675 307.594 0.232918 112130 0.0711611 1.26492
0.003125 307.51 0.232918 112138 0.0336165 1.26535
0.006215 307.706 0.232918 112212 -0.0733765 1.26537
0.001995 307.898 0.232889 112127 0.134188 1.26358
0.002305 307.512 0.232917 112127 0.105741 1.26522
0.004845 307.637 0.232918 112191 -0.056659 1.26543
0.002685 307.616 0.232918 112131 0.0702765 1.26483
0.005865 307.642 0.232918 112212 -0.0767698 1.26564
0.003135 307.544 0.232918 112138 0.0328843 1.26521
0.006225 307.717 0.232918 112212 -0.0731901 1.26533
0.002005 307.869 0.232894 112126 0.133356 1.26369
0.001015 1235.31 0.102722 112131 -0.0518792 0.309976
0.004855 307.605 0.232918 112192 -0.0570422 1.26556
0.002315 307.467 0.232917 112127 0.104779 1.26541
0.002695 307.632 0.232918 112131 0.0693984 1.26476
0.003145 307.574 0.232918 112138 0.0321227 1.26509
7.5e-05 2132.29 0.00522581 112131 -0.00390223 0.178961
0.006235 307.721 0.232918 112212 -0.0730117 1.26531
0.002015 307.848 0.232898 112126 0.13257 1.26378
0.005875 307.667 0.232918 112212 -0.0767541 1.26553
0.004865 307.565 0.232918 112192 -0.0574151 1.26573
0.002325 307.502 0.232917 112127 0.103744 1.26526
0.002705 307.643 0.232918 112131 0.0685432 1.26472
0.001025 1214.14 0.105337 112131 -0.0550917 0.315415
0.003155 307.6 0.232918 112139 0.0313801 1.26498
0.001285 705.725 0.172119 112132 0.0374572 0.544971
0.006245 307.72 0.232918 112211 -0.0727915 1.26531
0.005885 307.689 0.232918 112212 -0.076734 1.26545
0.002025 307.832 0.232901 112126 0.131763 1.26386
0.004875 307.52 0.232918 112193 -0.0575746 1.26593
0.002335 307.536 0.232917 112127 0.10287 1.26512
8.5e-05 2132.08 0.00526646 112111 -0.0027668 0.178949
0.003165 307.622 0.232918 112139 0.0306476 1.2649
0.001035 1192.88 0.107955 112131 -0.0477675 0.321069
0.002715 307.647 0.232918 112131 0.0676998 1.2647
0.006255 307.713 0.232918 112211 -0.0725578 1.26534
0.005895 307.705 0.232918 112212 -0.0767106 1.26538
0.004885 307.557 0.232918 112193 -0.0581838 1.26577
0.002035 307.817 0.232904 112126 0.130947 1.26392
0.002345 307.566 0.232917 112127 0.101964 1.265
0.003175 307.638 0.232918 112139 0.029932 1.26483
9.5e-05 2131.82 0.0053459 112128 -0.00328499 0.178998
0.002725 307.646 0.232918 112131 0.066783 1.26471
0.001045 1171.55 0.110573 112133 -0.0396301 0.326958
0.006265 307.7 0.232918 112211 -0.0723399 1.26539
0.005905 307.715 0.232918 112212 -0.0766833 1.26534
0.004895 307.591 0.232918 112193 -0.0585073 1.26564
0.005155 307.67 0.232918 112201 -0.0668602 1.26539
0.002045 307.804 0.232906 112126 0.130109 1.26398
0.001295 689.263 0.17449 112132 0.0411124 0.558115
0.003185 307.649 0.232918 112139 0.0292493 1.26479
0.005585 307.711 0.232918 112209 -0.0752961 1.26533
0.002355 307.593 0.232918 112127 0.101077 1.26489
0.000105 2131.24 0.0054708 112129 -0.00519575 0.17905
0.002735 307.64 0.232918 112131 0.0658428 1.26474
0.001055 1150.12 0.113192 112132 -0.0371695 0.333087
0.006275 307.681 0.232918 112211 -0.0721182 1.26547
0.004905 307.621 0.232918 112193 -0.0588511 1.26552
0.005915 307.72 0.232918 112212 -0.0766405 1.26532
0.002055 307.79 0.232908 112126 0.129241 1.26404
0.005165 307.645 0.232918 112201 -0.0671553 1.2655
0.001305 672.857 0.176834 112132 0.0446644 0.571857
0.003195 307.654 0.232918 112139 0.0286264 1.26477
0.002365 307.614 0.232918 112127 0.100199 1.2648
0.005595 307.717 0.232918 112209 -0.0753367 1.2653
0.000115 2130.68 0.00559499 112132 -0.00826676 0.179102
0.001065 1128.61 0.115812 112131 -0.0385272 0.339473
0.002745 307.628 0.232918 112131 0.0649657 1.26479
0.004475 307.688 0.232918 112178 -0.0407308 1.26507
0.002755 307.609 0.232918 112132 0.0640866 1.26487
0.000665 1964.15 0.0295288 112129 -0.0662866 0.194532
0.002765 307.585 0.232918 112132 0.0632092 1.26497
0.006605 307.653 0.232918 112208 -0.0615602 1.26555
0.002775 307.554 0.232918 112132 0.0623319 1.2651
0.006805 307.578 0.232918 112205 -0.0526631 1.26583
0.002785 307.515 0.232918 112132 0.0614957 1.26526
0.001695 331.757 0.230047 112128 0.141772 1.17087
0.006815 307.614 0.232918 112205 -0.0522023 1.26568
0.002795 307.47 0.232918 112133 0.0606945 1.26545
0.001705 329.451 0.230374 112127 0.142503 1.17923
0.004775 307.68 0.232918 112189 -0.0539009 1.26522
0.006825 307.645 0.232918 112205 -0.0517154 1.26555
0.002805 307.505 0.232918 112132 0.0596865 1.2653
0.001715 327.323 0.23067 112127 0.143179 1.18705
0.004785 307.692 0.232918 112189 -0.0542543 1.26518
0.006835 307.671 0.232918 112205 -0.0512296 1.26544
0.002815 307.539 0.232918 112132 0.0588917 1.26517
0.004795 307.698 0.232918 112190 -0.0544927 1.26516
0.001725 325.362 0.230935 112127 0.14316 1.19435
0.006845 307.691 0.232918 112205 -0.0507417 1.26536
0.002825 307.57 0.232918 112133 0.0580534 1.26504
0.006285 307.655 0.232918 112211 -0.0718909 1.26558
0.004915 307.647 0.232918 112194 -0.0591826 1.26541
0.006295 307.622 0.232918 112211 -0.0716606 1.26571
0.005925 307.719 0.232918 112212 -0.0766167 1.26532
0.004925 307.669 0.232918 112194 -0.0595101 1.26533
0.006305 307.583 0.232918 112211 -0.07144 1.26587
0.004935 307.685 0.232918 112194 -0.0598286 1.26526
0.005935 307.713 0.232918 112212 -0.0765929 1.26535
0.002065 307.774 0.23291 112126 0.12834 1.26411
0.006315 307.539 0.232918 112212 -0.0712415 1.26606
0.004945 307.697 0.232918 112195 -0.0601259 1.26522
0.005175 307.613 0.232918 112201 -0.0674439 1.26564
0.005945 307.7 0.232918 112212 -0.0765572 1.2654
0.006325 307.579 0.232918 112211 -0.0709201 1.26589
0.004955 307.703 0.232918 112195 -0.0603174 1.2652
0.005605 307.716 0.232918 112210 -0.0754511 1.26531
0.002075 307.757 0.232911 112126 0.127417 1.26418
0.005955 307.681 0.232918 112212 -0.0765163 1.26548
0.005185 307.573 0.232918 112201 -0.0677255 1.26581
0.006335 307.614 0.232918 112211 -0.0706668 1.26574
0.004965 307.703 0.232918 112195 -0.0606469 1.2652
0.001315 656.503 0.17915 112132 0.0480468 0.586242
0.005615 307.71 0.232918 112210 -0.0756083 1.26534
0.005965 307.655 0.232918 112212 -0.0764688 1.26559
0.002085 307.737 0.232912 112126 0.126485 1.26427
0.006345 307.645 0.232918 112211 -0.0703979 1.26561
0.005195 307.528 0.232918 112202 -0.0678395 1.266
0.004975 307.697 0.232918 112195 -0.0611497 1.26523
0.005625 307.697 0.232918 112210 -0.0757132 1.26539
0.001325 640.197 0.181436 112132 0.0513932 0.601321
0.005975 307.622 0.232918 112212 -0.0764177 1.26572
0.002095 307.715 0.232913 112126 0.125552 1.26436
0.006355 307.671 0.232918 112211 -0.0701257 1.26551
0.005205 307.565 0.232918 112202 -0.0682944 1.26584
0.004985 307.685 0.232918 112196 -0.0615082 1.26528
0.005635 307.679 0.232918 112210 -0.0758115 1.26547
0.005985 307.583 0.232918 112212 -0.0763699 1.26589
0.001335 623.931 0.183691 112132 0.0549968 0.61715
0.002105 307.689 0.232914 112126 0.124626 1.26447
0.006365 307.691 0.232918 112211 -0.069849 1.26542
0.004995 307.667 0.232918 112196 -0.0618574 1.26536
0.005215 307.599 0.232918 112202 -0.0685292 1.2657
0.005645 307.653 0.232918 112210 -0.0759027 1.26557
0.005995 307.539 0.232918 112213 -0.0763001 1.26607
0.001345 607.923 0.185914 112173 0.0592402 0.633792
0.002115 307.659 0.232915 112126 0.123702 1.2646
0.006375 307.707 0.232918 112210 -0.0695717 1.26536
0.005005 307.641 0.232918 112196 -0.0621992 1.26547
0.005655 307.62 0.232918 112210 -0.0759901 1.26571
0.005225 307.63 0.232918 112202 -0.0687789 1.26558
0.006005 307.578 0.232918 112212 -0.0762252 1.26591
0.001355 595.183 0.188098 112131 0.0613035 0.647288
0.002375 307.63 0.232918 112127 0.0993279 1.26474
0.006385 307.717 0.232918 112210 -0.0693011 1.26531
0.005015 307.609 0.232918 112197 -0.062537 1.2656
0.005665 307.58 0.232918 112210 -0.0760777 1.26587
0.002125 307.625 0.232915 112126 0.122777 1.26474
0.005235 307.656 0.232918 112203 -0.0690179 1.26548
0.006015 307.613 0.232918 112212 -0.0761395 1.26576
0.001365 582.849 0.190238 112131 0.0644759 0.661158
0.006395 307.721 0.232918 112210 -0.0690448 1.2653
0.002385 307.64 0.232918 112128 0.0984636 1.2647
0.005025 307.569 0.232918 112197 -0.0628684 1.26577
0.005675 307.536 0.232918 112211 -0.0760855 1.26606
0.005245 307.677 0.232918 112203 -0.0692524 1.26539
0.002135 307.586 0.232916 112126 0.121842 1.2649
0.006025 307.643 0.232918 112212 -0.0760485 1.26564
0.001375 570.699 0.192333 112131 0.0678251 0.675411
0.000125 2130.14 0.00571844 112133 -0.0106094 0.17915
0.001385 558.736 0.194381 112131 0.0712907 0.690056
0.000135 2129.61 0.00584114 112130 -0.0113837 0.179193
0.001075 1107.01 0.118433 112131 -0.036832 0.346139
0.001395 546.961 0.19638 112131 0.0747421 0.705102
0.000145 2129.1 0.00596308 112127 -0.0100371 0.179232
0.000675 1953.99 0.0306887 112140 -0.0730121 0.195571
0.001085 1085.32 0.121054 112132 -0.03095 0.353108
0.001405 535.375 0.19833 112131 0.0781475 0.720557
0.000155 2128.6 0.00608423 112126 -0.00759604 0.179274
0.006615 307.62 0.232918 112208 -0.0611551 1.26568
0.000685 1943.83 0.0318476 112140 -0.071314 0.196601
0.001095 1063.52 0.123675 112132 -0.025846 0.360395
0.001415 523.977 0.200228 112131 0.0814924 0.736432
0.000165 2128.12 0.00620459 112129 -0.0066889 0.179321
0.006625 307.581 0.232918 112208 -0.0607681 1.26584
0.001105 1041.62 0.126295 112132 -0.0241787 0.368021
0.000695 1933.68 0.0330055 112128 -0.0560141 0.197619
0.001425 512.768 0.202074 112131 0.0847291 0.752737
0.000175 2127.65 0.00632413 112132 -0.00958898 0.179366
0.006635 307.538 0.232918 112208 -0.0604241 1.26602
0.001115 1019.61 0.128915 112132 -0.0229698 0.376017
0.001735 323.556 0.231174 112126 0.145285 1.20113
0.000185 2127.2 0.00644283 112133 -0.0136338 0.179408
0.001435 501.749 0.203865 112130 0.0878398 0.769482
0.000705 1923.53 0.0341622 112118 -0.0426681 0.198651
0.006645 307.578 0.232918 112207 -0.0598911 1.26585
0.001125 997.487 0.131534 112132 -0.0192458 0.384414
0.001745 321.899 0.231387 112127 0.143902 1.20746
0.006855 307.706 0.232918 112205 -0.0502575 1.26529
0.000195 2126.77 0.0065607 112131 -0.0136954 0.179444
0.001445 490.922 0.205602 112130 0.0908626 0.786671
0.000715 1913.39 0.0353175 112121 -0.0497888 0.199719
0.006655 307.614 0.232918 112207 -0.0594819 1.2657
0.001135 975.243 0.134152 112132 -0.0144391 0.393243
0.001755 320.377 0.231577 112127 0.144747 1.21331
0.006865 307.716 0.232918 112205 -0.0497862 1.26525
0.000205 2126.35 0.0066777 112127 -0.00942612 0.179475
0.002835 307.596 0.232918 112133 0.0572221 1.26494
0.001455 480.294 0.207283 112130 0.0938695 0.804304
0.001145 952.873 0.136769 112133 -0.0111267 0.402538
0.001765 318.983 0.231747 112127 0.144894 1.21872
0.000725 1903.26 0.0364715 112133 -0.066547 0.200812
0.006665 307.645 0.232918 112207 -0.0590495 1.26557
0.006875 307.72 0.232918 112204 -0.0493276 1.26524
0.000215 2125.95 0.00679383 112126 -0.00589333 0.179509
0.002845 307.618 0.232918 112133 0.0563897 1.26485
0.001465 469.874 0.208907 112130 0.0969392 0.822371
0.001155 930.37 0.139383 112132 -0.00853486 0.41234
0.001775 317.707 0.231897 112127 0.145016 1.22371
0.000735 1893.13 0.037624 112140 -0.0745455 0.201909
0.006675 307.671 0.232918 112207 -0.0586175 1.26547
0.006885 307.718 0.232918 112204 -0.0487777 1.26524
0.000225 2125.57 0.00690908 112128 -0.0069586 0.179548
0.002855 307.634 0.232918 112133 0.0555652 1.26478
0.001475 459.68 0.210472 112130 0.100078 0.840843
0.001165 908.372 0.141996 112211 -0.00431665 0.422693
0.001785 316.542 0.23203 112127 0.145046 1.22831
0.006685 307.691 0.232918 112207 -0.0581831 1.26538
0.000745 1883.01 0.0387748 112139 -0.0778316 0.203
0.006895 307.71 0.232918 112204 -0.0482406 1.26527
0.000235 2125.2 0.00702343 112132 -0.0113043 0.179587
0.002865 307.644 0.232918 112133 0.0547653 1.26474
0.001485 449.734 0.211979 112130 0.103199 0.859679
0.001175 890.629 0.144601 112132 -0.00145789 0.430882
0.001795 315.477 0.232147 112127 0.145004 1.23254
0.006695 307.706 0.232918 112207 -0.0577519 1.26532
0.000755 1872.89 0.0399239 112132 -0.0845859 0.204094
0.006905 307.696 0.232918 112204 -0.04773 1.26533
0.000245 2124.85 0.00713686 112133 -0.0154252 0.179621
0.002875 307.649 0.232918 112133 0.0539923 1.26472
0.001495 440.054 0.213426 112130 0.106229 0.878833
0.001185 873.567 0.147192 112132 0.00213839 0.439375
0.001805 314.504 0.232251 112127 0.144882 1.23643
0.006705 307.716 0.232918 112207 -0.0573335 1.26527
0.006915 307.677 0.232918 112204 -0.0472182 1.26541
0.005035 307.524 0.232918 112198 -0.0630154 1.26597
0.005685 307.574 0.232918 112210 -0.0762289 1.2659
0.006925 307.651 0.232918 112204 -0.0467044 1.26551
0.005045 307.561 0.232918 112198 -0.0635568 1.26581
0.006935 307.618 0.232918 112204 -0.0461897 1.26564
0.005695 307.609 0.232918 112211 -0.0762779 1.26576
0.005055 307.595 0.232918 112198 -0.0638483 1.26567
0.002395 307.644 0.232918 112128 0.0975491 1.26468
0.005705 307.639 0.232918 112211 -0.076331 1.26564
0.006945 307.58 0.232918 112204 -0.0456989 1.2658
0.005065 307.626 0.232918 112198 -0.0641598 1.26555
0.002405 307.643 0.232918 112128 0.0965621 1.26468
0.005255 307.694 0.232918 112203 -0.069479 1.26533
0.006955 307.537 0.232918 112204 -0.0452345 1.26598
0.005715 307.665 0.232918 112211 -0.0763776 1.26553
0.005075 307.652 0.232918 112198 -0.0644612 1.26545
0.002415 307.636 0.232918 112128 0.0955514 1.26471
0.005265 307.705 0.232918 112203 -0.0696885 1.26528
0.006965 307.578 0.232918 112203 -0.0445973 1.26581
0.005725 307.686 0.232918 112211 -0.0764205 1.26544
0.005085 307.673 0.232918 112199 -0.0647594 1.26536
0.002425 307.624 0.232918 112128 0.094556 1.26476
0.005275 307.71 0.232918 112204 -0.0698131 1.26526
0.002145 307.541 0.232916 112126 0.12095 1.26508
0.006975 307.614 0.232918 112203 -0.0440909 1.26566
0.005735 307.703 0.232918 112211 -0.0764597 1.26538
0.005095 307.69 0.232918 112199 -0.0650496 1.2653
0.002435 307.606 0.232918 112128 0.0935391 1.26484
0.005285 307.71 0.232918 112204 -0.0700538 1.26527
0.006985 307.645 0.232918 112203 -0.0435556 1.26553
0.005745 307.713 0.232918 112211 -0.0764922 1.26534
0.002155 307.491 0.232916 112127 0.119982 1.2653
0.005105 307.701 0.232918 112199 -0.0653204 1.26525
0.002445 307.581 0.232918 112128 0.0925169 1.26494
0.005295 307.704 0.232918 112204 -0.0704086 1.26529
0.006995 307.671 0.232918 112203 -0.0430215 1.26542
0.005755 307.719 0.232918 112211 -0.076494 1.26532
0.006035 307.669 0.232918 112212 -0.0759521 1.26553
0.005115 307.707 0.232918 112199 -0.0654952 1.26523
0.002455 307.55 0.232918 112128 0.0914985 1.26507
0.002165 307.522 0.232917 112126 0.118981 1.26517
0.001815 313.613 0.232341 112127 0.144684 1.24001
0.002175 307.552 0.232917 112126 0.118099 1.26504
0.001825 312.794 0.232421 112127 0.144429 1.24332
0.000765 1857.76 0.0414011 111822 -0.08948 0.205205
0.002185 307.58 0.232917 112126 0.117167 1.26493
0.000255 2124.52 0.00724938 112132 -0.0177581 0.179651
0.001835 312.042 0.23249 112128 0.144118 1.24639
0.001505 430.641 0.214813 112130 0.10924 0.898288
0.002195 307.603 0.232917 112126 0.116233 1.26483
0.000775 1838.73 0.0434068 112132 -0.0848336 0.207905
0.001845 311.519 0.232551 112127 0.14376 1.24852
0.000265 2124.2 0.00736096 112129 -0.0177616 0.179677
0.002205 307.623 0.232917 112126 0.11529 1.26475
0.001515 421.531 0.216139 112145 0.111694 0.918081
0.000785 1814.51 0.0457533 112138 -0.0738189 0.2107
0.001195 856.547 0.149768 112132 0.00516548 0.448187
0.002215 307.637 0.232917 112126 0.11435 1.2647
0.001855 311.058 0.232603 112126 0.143366 1.25042
0.000275 2123.29 0.00753817 112094 -0.015934 0.179703
0.001525 414.315 0.217401 112128 0.115582 0.934177
0.000795 1790.13 0.0481095 112140 -0.0715062 0.213584
0.001205 839.57 0.152328 112132 0.00838768 0.457334
0.002225 307.645 0.232917 112126 0.113415 1.26466
0.001865 310.648 0.232649 112126 0.142931 1.25211
0.000285 2122.25 0.00777272 112129 -0.0143894 0.179848
0.001535 407.414 0.2186 112129 0.116007 0.950266
0.000805 1765.59 0.0504755 112134 -0.0921039 0.21655
0.001215 822.642 0.154872 112132 0.0121451 0.466834
0.002235 307.649 0.232917 112126 0.112456 1.26465
0.001875 310.285 0.232688 112126 0.142449 1.25362
0.000295 2120.61 0.00807294 112131 -0.0147316 0.179994
0.001545 400.748 0.219735 112129 0.118752 0.966323
0.000815 1740.89 0.0528513 112123 -0.123175 0.219612
0.001225 805.765 0.157397 112132 0.0158956 0.476705
0.001885 309.96 0.232723 112126 0.14192 1.25496
0.000305 2118.98 0.00837217 112133 -0.0171661 0.180138
0.001555 394.32 0.220808 112129 0.120791 0.98233
0.006715 307.72 0.232918 112207 -0.0569329 1.26526
0.005305 307.692 0.232918 112204 -0.0706556 1.26535
0.001565 388.14 0.221818 112129 0.122834 0.99822
0.007005 307.691 0.232918 112203 -0.0424851 1.26533
0.006045 307.69 0.232918 112212 -0.0758507 1.26545
0.007015 307.706 0.232918 112203 -0.0419521 1.26527
0.002465 307.512 0.232918 112128 0.0905403 1.26523
0.006055 307.706 0.232918 112212 -0.0757467 1.26538
0.007025 307.716 0.232918 112203 -0.0414305 1.26523
0.000825 1716.02 0.0552369 112121 -0.126927 0.222802
0.002475 307.467 0.232918 112129 0.0895766 1.26542
0.006065 307.716 0.232918 112212 -0.0756422 1.26534
0.007035 307.719 0.232918 112203 -0.0409135 1.26522
0.001895 309.671 0.232752 112126 0.141353 1.25617
0.002485 307.502 0.232918 112128 0.088515 1.26527
0.000835 1690.98 0.0576326 112131 -0.0939759 0.226135
0.006075 307.721 0.232918 112212 -0.0755357 1.26532
0.001905 309.411 0.232777 112126 0.140752 1.25725
0.002495 307.536 0.232918 112128 0.0876334 1.26513
0.000845 1665.76 0.0600385 112140 -0.0656192 0.229587
0.000315 2117.38 0.00867039 112132 -0.0213165 0.180276
0.001235 788.943 0.159904 112132 0.0193472 0.486967
0.000855 1640.36 0.0624545 112136 -0.0727813 0.233148
0.001245 772.178 0.162391 112132 0.022835 0.49764
0.005315 307.674 0.232918 112204 -0.0708938 1.26542
0.001255 755.473 0.164858 112132 0.0265553 0.508751
0.001575 382.222 0.222768 112129 0.124856 1.01393
0.001265 738.829 0.167302 112132 0.0302774 0.520323
0.005325 307.648 0.232918 112205 -0.0711231 1.26553
0.001915 309.178 0.232799 112126 0.140121 1.25822
0.001585 376.57 0.223658 112129 0.126851 1.02939
0.001275 722.247 0.169723 112132 0.0338626 0.532386
0.005335 307.616 0.232918 112205 -0.071347 1.26567
0.002505 307.567 0.232918 112128 0.0867094 1.26501
0.000865 1614.77 0.0648808 112128 -0.0976081 0.23684
0.001595 371.184 0.224491 112129 0.128768 1.04457
0.005345 307.576 0.232918 112205 -0.0715667 1.26584
0.000875 1588.99 0.0673175 112124 -0.108147 0.240689
0.002515 307.593 0.232918 112129 0.0857922 1.2649
0.000885 1563.01 0.0697647 112128 -0.0928442 0.244714
0.002525 307.614 0.232918 112129 0.0848717 1.26481
0.000895 1536.83 0.0722225 112135 -0.0691506 0.248915
0.005355 307.531 0.232918 112206 -0.0716446 1.26603
0.002535 307.631 0.232918 112129 0.0839559 1.26475
0.000905 1510.44 0.074691 112136 -0.0636983 0.253284
0.005365 307.569 0.232918 112206 -0.0720023 1.26587
0.002545 307.641 0.232918 112129 0.0830597 1.26471
0.000915 1483.82 0.0771703 112131 -0.0777409 0.257833
0.005375 307.603 0.232918 112206 -0.0721778 1.26573
0.002555 307.646 0.232918 112129 0.0821616 1.26469
0.000925 1456.99 0.0796604 112127 -0.0883047 0.262592
0.005385 307.634 0.232918 112206 -0.0723647 1.26561
0.000935 1429.92 0.0821615 112129 -0.0802721 0.267587
0.005395 307.66 0.232918 112206 -0.0725419 1.2655
0.000945 1402.62 0.0846736 112134 -0.0633863 0.27283
0.005405 307.681 0.232918 112206 -0.0727146 1.26542
0.000955 1375.07 0.0871969 112135 -0.0568272 0.278323
0.005415 307.697 0.232918 112207 -0.0728805 1.26535
0.005425 307.708 0.232918 112207 -0.0730321 1.26531
0.005435 307.714 0.232918 112207 -0.0731165 1.26529
