5e-06 908.376 0.200302 309827 0.0362003 1.16989
1.5e-05 908.429 0.200297 309827 0.0362005 1.16982
2.5e-05 908.536 0.200288 309827 0.0362037 1.16968
3.5e-05 908.697 0.200274 309827 0.036209 1.16947
4.5e-05 908.912 0.200256 309827 0.0362164 1.16919
5.5e-05 909.182 0.200233 309827 0.036226 1.16884
6.5e-05 909.508 0.200205 309827 0.0362377 1.16842
7.5e-05 909.889 0.200173 309827 0.0362515 1.16793
8.5e-05 910.326 0.200135 309827 0.0362674 1.16737
9.5e-05 910.82 0.200093 309827 0.0362854 1.16673
0.000105 911.37 0.200046 309827 0.0363055 1.16602
0.000115 911.977 0.199994 309827 0.0363276 1.16524
0.000125 912.642 0.199938 309827 0.0363518 1.16439
0.000135 913.365 0.199876 309827 0.036378 1.16346
0.000145 914.145 0.199809 309827 0.0364062 1.16246
0.000155 914.984 0.199738 309827 0.0364363 1.16139
0.000165 915.882 0.199661 309827 0.0364684 1.16025
0.000325 938.368 0.19773 309827 0.0372064 1.13232
0.000335 940.287 0.197564 309827 0.0372638 1.13
0.000175 916.838 0.199579 309827 0.0365023 1.15903
0.000345 942.266 0.197394 309827 0.0373221 1.12762
0.000355 944.306 0.197218 309827 0.0373813 1.12517
0.000365 946.406 0.197036 309827 0.0374413 1.12266
0.000375 948.566 0.19685 309827 0.0375021 1.1201
0.000185 917.853 0.199492 309827 0.0365381 1.15774
0.000385 950.786 0.196658 309827 0.0375635 1.11747
0.000395 953.067 0.196461 309827 0.0376255 1.11478
0.000405 955.406 0.196258 309827 0.037688 1.11204
0.000415 957.805 0.196051 309827 0.0377509 1.10925
0.000195 918.928 0.1994 309827 0.0365758 1.15638
0.000425 960.264 0.195838 309827 0.0378142 1.1064
0.000435 962.781 0.19562 309827 0.0378778 1.10349
0.000445 965.357 0.195396 309827 0.0379416 1.10054
0.000455 967.992 0.195168 309827 0.0380055 1.09753
0.000205 920.062 0.199303 309827 0.0366151 1.15495
0.000465 970.684 0.194934 309827 0.0380695 1.09447
0.000475 973.434 0.194695 309827 0.0381335 1.09137
0.000485 976.242 0.194451 309827 0.0381974 1.08822
0.000495 979.107 0.194201 309827 0.0382611 1.08502
0.000215 921.256 0.1992 309827 0.0366562 1.15345
0.000505 982.029 0.193947 309827 0.0383246 1.08178
0.000515 985.006 0.193688 309827 0.0383877 1.0785
0.000525 988.04 0.193423 309827 0.0384505 1.07518
0.002885 2145.75 0.0858315 309827 -0.00622832 0.494912
0.000535 991.129 0.193154 309827 0.0385129 1.07182
0.000225 922.51 0.199093 309827 0.036699 1.15187
0.000545 994.273 0.192879 309827 0.0385747 1.06842
0.002895 2148.98 0.0854827 309827 -0.00666115 0.494166
0.000555 997.472 0.1926 309827 0.0386359 1.06498
0.002905 2152.19 0.0851359 309827 -0.00709553 0.493426
0.000565 1000.73 0.192316 309827 0.0386966 1.0615
0.002915 2155.37 0.0847912 309827 -0.00753106 0.492693
0.000235 923.824 0.19898 309827 0.0367434 1.15023
0.000575 1004.03 0.192026 309827 0.0387564 1.058
0.002925 2158.54 0.0844486 309827 -0.00796773 0.491968
0.000585 1007.39 0.191732 309827 0.0388154 1.05446
0.002935 2161.68 0.084108 309827 -0.00840551 0.491249
0.003205 2235.92 0.0756951 309827 -0.0205193 0.474806
0.000595 1010.8 0.191433 309827 0.0388736 1.05089
0.002945 2164.81 0.0837696 309827 -0.00884437 0.490536
0.000245 925.198 0.198862 309827 0.0367894 1.14851
0.000605 1014.27 0.19113 309827 0.0389308 1.04729
0.002955 2167.91 0.0834332 309827 -0.00928428 0.489831
0.000615 1017.78 0.190821 309827 0.0389871 1.04366
0.002965 2170.99 0.0830989 309827 -0.0097252 0.489132
0.000625 1021.35 0.190508 309827 0.0390423 1.04
0.002975 2174.05 0.0827667 309827 -0.0101671 0.48844
0.003215 2238.22 0.0754121 309827 -0.0209769 0.474309
0.000635 1024.97 0.190191 309827 0.0390964 1.03632
0.000255 926.632 0.198739 309827 0.0368368 1.14672
0.002985 2177.09 0.0824365 309827 -0.01061 0.487755
0.002995 2180.1 0.0821084 309827 -0.0110538 0.487076
0.003225 2240.25 0.075131 309827 -0.0214285 0.473874
0.000265 928.127 0.198611 309827 0.0368857 1.14487
0.003005 2183.1 0.0817824 309827 -0.0114985 0.486404
0.002565 2018.5 0.0980885 309827 0.00688856 0.526152
0.003235 2242.26 0.0748519 309827 -0.0218816 0.473444
0.004485 2296.76 0.0522657 309827 -0.0700944 0.460755
0.003015 2186.07 0.0814585 309827 -0.0119441 0.485738
0.000275 929.683 0.198477 309827 0.0369361 1.14294
0.001285 1337.99 0.161939 309827 0.0383116 0.793471
0.003245 2244.24 0.0745747 309827 -0.0223352 0.473019
0.002575 2022.96 0.0976737 309827 0.00650174 0.524993
0.003025 2189.02 0.0811367 309827 -0.0123906 0.485079
0.000285 931.299 0.198338 309827 0.0369877 1.14095
0.004495 2296.81 0.0521692 309827 -0.0703834 0.460735
0.000965 1168.56 0.177405 309827 0.0399346 0.908678
0.003255 2246.2 0.0742995 309827 -0.0227889 0.472598
0.002585 2027.39 0.097261 309827 0.00611315 0.523845
0.001295 1343.54 0.161426 309827 0.0382172 0.790189
0.002245 1865.87 0.112357 309827 0.0181711 0.569143
0.000295 932.975 0.198194 309827 0.0370406 1.13889
0.003035 2191.95 0.0808169 309827 -0.0128378 0.484426
0.004505 2296.86 0.0520747 309827 -0.0706724 0.460715
0.000645 1028.63 0.189868 309827 0.0391493 1.03261
0.003265 2248.14 0.0740262 309827 -0.0232427 0.472183
0.002595 2031.8 0.0968502 309827 0.00572282 0.522707
0.001305 1349.11 0.160911 309827 0.0381201 0.786927
0.000975 1173.51 0.176959 309827 0.0399238 0.904833
0.000305 934.712 0.198045 309827 0.0370948 1.13677
0.003045 2194.86 0.0804992 309827 -0.0132859 0.483779
0.004515 2296.91 0.0519823 309827 -0.0709617 0.460696
0.002255 1870.91 0.111884 309827 0.0178526 0.567611
0.004805 2297.7 0.0504985 309829 -0.0800353 0.460359
0.003275 2250.06 0.0737549 309827 -0.0236968 0.471772
0.002605 2036.2 0.0964415 309827 0.00533082 0.52158
0.000655 1032.35 0.189541 309827 0.0392009 1.02888
0.000985 1178.5 0.176509 309827 0.0399105 0.900999
0.001315 1354.68 0.160395 309827 0.0380204 0.783687
0.000315 936.51 0.19789 309827 0.0371501 1.13458
0.003055 2197.75 0.0801836 309827 -0.0137347 0.483139
0.004525 2296.96 0.0518919 309827 -0.0712512 0.460677
0.002265 1875.94 0.111412 309827 0.0175318 0.566093
0.003285 2251.96 0.0734856 309827 -0.0241511 0.471366
0.002615 2040.57 0.0960347 309827 0.00493718 0.520462
0.005445 2210.19 0.0628122 309827 -0.128717 0.47819
0.002625 2044.92 0.09563 309827 0.00454197 0.519354
0.003525 2285.35 0.0675801 309827 -0.0350019 0.464265
0.002635 2049.25 0.0952273 309827 0.00414523 0.518257
0.005455 2202.86 0.063214 309827 -0.129505 0.479769
0.001605 1518.5 0.145109 309827 0.0340044 0.699145
0.003535 2286.22 0.0673563 309827 -0.0354475 0.464077
0.002645 2053.56 0.0948267 309827 0.00374702 0.517169
0.005465 2195.46 0.0636213 309827 -0.130277 0.481375
0.004165 2300.63 0.0561415 309827 -0.060451 0.460356
0.001615 1524.17 0.144577 309827 0.0338297 0.696549
0.003545 2287.07 0.0671342 309827 -0.0358923 0.463894
0.002655 2057.85 0.0944281 309827 0.00334739 0.51609
0.005475 2187.98 0.064034 309827 -0.131033 0.483008
0.001625 1529.83 0.144045 309827 0.0336527 0.693972
0.004175 2300.44 0.0560016 309827 -0.0607791 0.460381
0.003555 2287.91 0.0669137 309827 -0.0363364 0.463714
0.002665 2062.12 0.0940315 309827 0.00294639 0.515022
0.005125 2304.59 0.053319 309827 -0.0984922 0.45886
0.005485 2180.43 0.0644518 309828 -0.131771 0.484668
0.001635 1535.49 0.143512 309827 0.0334735 0.691416
0.004185 2300.24 0.0558628 309827 -0.0611048 0.460408
0.003565 2288.73 0.0666949 309827 -0.0367797 0.463538
0.002675 2066.36 0.0936371 309827 0.00254406 0.513963
0.005495 2172.8 0.0648746 309828 -0.132491 0.486355
0.001645 1541.15 0.14298 309827 0.033292 0.68888
0.005135 2304.16 0.0535108 309827 -0.0993064 0.45894
0.004195 2300.03 0.055725 309827 -0.0614281 0.460436
0.003575 2289.53 0.0664778 309827 -0.0372223 0.463365
0.002685 2070.59 0.0932446 309827 0.00214046 0.512913
0.005505 2165.11 0.0653022 309828 -0.133192 0.48807
0.001655 1546.8 0.142448 309827 0.0331082 0.686365
0.005145 2303.68 0.0537095 309827 -0.100137 0.459032
0.004205 2299.82 0.0555883 309827 -0.0617491 0.460465
0.003585 2290.31 0.0662623 309827 -0.0376641 0.463196
0.002695 2074.79 0.0928542 309827 0.00173562 0.511873
0.005515 2157.35 0.0657344 309828 -0.133874 0.489812
0.001665 1552.45 0.141916 309827 0.0329221 0.683869
0.005155 2303.13 0.0539151 309827 -0.100983 0.459135
0.004215 2299.61 0.0554527 309827 -0.0620678 0.460494
0.003595 2291.07 0.0660484 309827 -0.0381051 0.46303
0.002705 2078.98 0.0924659 309827 0.00132957 0.510842
0.005525 2149.52 0.066171 309828 -0.134535 0.491582
0.001675 1558.09 0.141385 309827 0.0327336 0.681393
0.005165 2302.53 0.0541276 309827 -0.101847 0.459251
0.004225 2299.39 0.0553182 309827 -0.0623842 0.460525
0.003605 2291.82 0.0658362 309827 -0.0385452 0.462868
0.002715 2083.14 0.0920797 309827 0.000922364 0.50982
0.005535 2141.63 0.0666118 309828 -0.135176 0.49338
0.001685 1563.73 0.140853 309827 0.0325427 0.678937
0.005175 2301.86 0.054347 309827 -0.102726 0.459378
0.004235 2299.17 0.0551848 309827 -0.0626983 0.460556
0.003615 2292.55 0.0656255 309827 -0.0389845 0.462709
0.002725 2087.28 0.0916956 309827 0.000513851 0.508808
0.005545 2133.67 0.0670566 309828 -0.135795 0.495205
0.001695 1569.37 0.140322 309827 0.0323494 0.676501
0.005185 2301.13 0.0545734 309827 -0.103622 0.459519
0.004245 2298.95 0.0550525 309827 -0.0630102 0.460588
0.003625 2293.26 0.0654165 309827 -0.0394229 0.462554
0.002735 2091.4 0.0913135 309827 0.00010218 0.507804
0.005555 2125.66 0.0675052 309828 -0.136391 0.497059
0.001705 1575 0.139792 309827 0.0321536 0.674084
0.005195 2300.33 0.0548067 309827 -0.104534 0.459672
0.004255 2298.72 0.0549213 309827 -0.0633199 0.460621
0.003635 2293.96 0.065209 309827 -0.0398604 0.462402
0.002745 2095.4 0.0909335 309827 -0.000308769 0.506833
0.005565 2117.58 0.0679572 309828 -0.136965 0.49894
0.001715 1580.63 0.139261 309827 0.0319552 0.671687
0.005205 2299.46 0.0550469 309827 -0.105463 0.45984
0.004265 2298.49 0.0547912 309827 -0.0636275 0.460654
0.003645 2294.64 0.0650031 309827 -0.040297 0.462253
0.003845 2301.93 0.061194 309827 -0.0486901 0.460536
0.003655 2295.3 0.0647987 309827 -0.0407327 0.462108
0.001725 1586.25 0.138731 309827 0.0317542 0.669309
0.002755 2099.28 0.0905556 309827 -0.000719178 0.505895
0.005575 2109.44 0.0684125 309828 -0.137515 0.500849
0.004275 2298.26 0.0546623 309827 -0.0639329 0.460688
0.005215 2298.52 0.0552941 309827 -0.106408 0.460021
0.003665 2295.94 0.0645959 309827 -0.0411674 0.461966
0.001735 1591.87 0.138201 309827 0.0315507 0.66695
0.005585 2101.25 0.0688708 309828 -0.138042 0.502786
0.002765 2103.14 0.0901798 309827 -0.00113341 0.504967
0.004285 2298.02 0.0545346 309827 -0.0642362 0.460723
0.005225 2297.52 0.0555482 309827 -0.10737 0.460216
0.001745 1597.48 0.137672 309827 0.0313445 0.66461
0.003675 2296.57 0.0643947 309827 -0.0416011 0.461828
0.005595 2093.01 0.0693318 309828 -0.138543 0.504751
0.003855 2302.08 0.061018 309827 -0.0490904 0.460492
0.002775 2106.97 0.089806 309827 -0.00155154 0.504046
0.004295 2297.78 0.0544081 309827 -0.0645375 0.460758
0.005235 2296.43 0.0558091 309827 -0.108348 0.460426
0.001755 1603.08 0.137143 309827 0.0311357 0.662289
0.003685 2297.19 0.0641949 309827 -0.0420338 0.461692
0.005605 2084.72 0.0697953 309828 -0.13902 0.506744
0.003865 2302.22 0.0608432 309827 -0.0494888 0.460451
0.002785 2110.62 0.0894343 309827 -0.00196779 0.503173
0.004305 2297.54 0.0542828 309827 -0.0648368 0.460793
0.005245 2295.28 0.056077 309827 -0.109342 0.460651
0.001765 1608.68 0.136615 309827 0.0309243 0.659987
0.003695 2297.78 0.0639967 309827 -0.0424665 0.46156
0.005615 2076.38 0.0702609 309828 -0.139472 0.508765
0.002795 2114.24 0.0890647 309827 -0.00238689 0.502308
0.003875 2302.35 0.0606697 309827 -0.0498854 0.460412
0.001925 1697.21 0.128253 309827 0.0272139 0.625605
0.004315 2297.3 0.0541587 309827 -0.0651342 0.46083
0.001775 1614.27 0.136087 309827 0.0307103 0.657703
0.003705 2298.36 0.0638 309827 -0.042899 0.461432
0.005255 2294.04 0.0563516 309827 -0.110352 0.460892
0.005625 2067.99 0.0707284 309828 -0.139897 0.510813
0.002805 2117.85 0.0886972 309827 -0.00280787 0.501451
0.003885 2302.47 0.0604974 309827 -0.05028 0.460376
0.004325 2297.06 0.0540358 309827 -0.0654296 0.460866
0.001785 1619.86 0.13556 309827 0.0304937 0.655438
0.001935 1702.67 0.127738 309827 0.0269637 0.623603
0.003715 2298.71 0.0636047 309827 -0.0433224 0.461349
0.005265 2292.73 0.0566331 309827 -0.111378 0.461148
0.005635 2059.56 0.0711975 309828 -0.140296 0.512889
0.002815 2121.43 0.0883317 309827 -0.00323037 0.500602
0.004335 2296.82 0.0539142 309827 -0.0657233 0.460903
0.003895 2302.57 0.0603264 309827 -0.0506729 0.460341
0.001795 1625.43 0.135033 309827 0.0302745 0.653192
0.003725 2299.05 0.0634109 309827 -0.0437453 0.46127
0.001945 1708.11 0.127223 309827 0.0267114 0.621617
0.005275 2291.34 0.0569214 309827 -0.112419 0.461421
0.005645 2051.09 0.0716678 309828 -0.140668 0.514991
0.002825 2125 0.0879683 309827 -0.00365436 0.49976
0.004345 2296.57 0.0537939 309827 -0.0660152 0.46094
0.003905 2302.66 0.0601567 309827 -0.0510638 0.46031
0.001805 1631.01 0.134507 309827 0.0300528 0.650963
0.003735 2299.37 0.0632185 309827 -0.0441672 0.461193
0.001955 1713.55 0.12671 309827 0.0264572 0.619648
0.005285 2289.86 0.0572163 309827 -0.113476 0.461711
0.005655 2042.58 0.072139 309828 -0.141013 0.517121
0.002835 2128.54 0.0876069 309827 -0.00407983 0.498926
0.004355 2296.33 0.053675 309827 -0.0663025 0.460978
0.003915 2302.74 0.0599881 309827 -0.0514529 0.46028
0.001815 1636.57 0.133982 309827 0.0298287 0.648753
0.003745 2299.67 0.0630276 309827 -0.0445873 0.461119
0.001965 1718.98 0.126197 309827 0.0262009 0.617695
0.005295 2288.3 0.0575179 309827 -0.114548 0.462018
0.005665 2034.04 0.0726107 309828 -0.141329 0.519278
0.002845 2132.06 0.0872477 309827 -0.00450676 0.4981
0.004365 2296.09 0.0535576 309828 -0.066596 0.461016
0.003925 2302.81 0.0598207 309827 -0.05184 0.460253
0.001825 1642.12 0.133457 309827 0.0296021 0.646561
0.003755 2299.96 0.062838 309827 -0.0450057 0.461049
0.001975 1724.39 0.125686 309827 0.0259426 0.615759
0.005305 2286.65 0.0578262 309827 -0.115634 0.462342
0.005675 2025.46 0.0730827 309828 -0.141616 0.521462
0.002855 2135.56 0.0868905 309827 -0.00493509 0.497281
0.004375 2296.15 0.0534414 309827 -0.0668914 0.460992
0.003935 2302.86 0.0596546 309827 -0.0522253 0.460227
0.001835 1647.67 0.132933 309827 0.0293732 0.644387
0.003765 2300.23 0.0626499 309827 -0.0454223 0.460981
0.001985 1729.8 0.125175 309827 0.0256824 0.613838
0.005315 2284.92 0.0581409 309827 -0.116735 0.462685
0.005685 2016.86 0.0735545 309828 -0.141873 0.523671
0.002865 2139.04 0.0865354 309827 -0.00536506 0.49647
0.004385 2296.21 0.0533266 309827 -0.0671848 0.460969
0.003945 2302.91 0.0594896 309827 -0.0526087 0.460204
0.001845 1653.21 0.13241 309827 0.0291419 0.642231
0.003775 2300.5 0.0624632 309827 -0.0458371 0.460916
0.001995 1735.19 0.124666 309827 0.02542 0.611933
0.005325 2283.09 0.0584621 309827 -0.117849 0.463046
0.005695 2008.23 0.0740258 309828 -0.142099 0.525906
0.002875 2142.49 0.0861824 309827 -0.00579812 0.495666
0.004395 2296.26 0.0532133 309827 -0.0674788 0.460946
0.003955 2302.95 0.0593258 309827 -0.0529901 0.460184
0.001855 1658.74 0.131888 309827 0.0289084 0.640092
0.003785 2300.74 0.0622779 309827 -0.0462501 0.460854
0.002005 1740.57 0.124158 309827 0.0251557 0.610044
0.005765 1945.97 0.0772773 309828 -0.14257 0.542628
0.002015 1745.94 0.123651 309827 0.0248893 0.608171
0.006085 1693.44 0.0870899 309828 -0.109032 0.623444
0.002025 1751.3 0.123145 309827 0.0246208 0.606313
0.005775 1936.56 0.0777301 309828 -0.142436 0.545252
0.006405 1004.94 0.154538 309831 -0.0522136 1.05336
0.002035 1756.65 0.122641 309827 0.0243502 0.604471
0.006095 1688.7 0.0871706 309828 -0.107216 0.625206
0.005785 1927.16 0.0781787 309828 -0.142254 0.547898
0.002045 1761.98 0.122137 309827 0.0240776 0.602643
0.006725 547.08 0.208633 309829 0.0010547 1.94818
0.006415 985.972 0.156716 309831 -0.0498383 1.07379
0.006105 1684.24 0.087237 309828 -0.10547 0.626878
0.005795 1917.78 0.0786225 309828 -0.142022 0.550563
0.002055 1767.3 0.121635 309827 0.0238028 0.600832
0.007365 383.354 0.232483 309828 0.0088245 2.80308
0.006425 967.224 0.158867 309831 -0.047522 1.09478
0.006115 1680.06 0.0872896 309829 -0.102497 0.628459
0.006735 538.124 0.209748 309829 0.00204997 1.98108
0.002065 1772.61 0.121134 309827 0.023526 0.599035
0.005805 1908.44 0.0790611 309828 -0.141736 0.553247
0.007375 383.195 0.232513 309828 0.00856727 2.80431
0.006435 948.69 0.16099 309831 -0.0452518 1.11636
0.006125 1675.83 0.0873569 309772 -0.11878 0.629949
0.002075 1777.91 0.120635 309827 0.023247 0.597253
0.005815 1899.12 0.079494 309828 -0.141395 0.555948
0.006745 529.386 0.210827 309830 0.00312639 2.01426
0.007385 383.035 0.232542 309828 0.00829594 2.80555
0.006445 930.368 0.163086 309831 -0.0430248 1.13854
0.006135 1649.55 0.089896 309830 -0.133906 0.640124
0.002085 1783.19 0.120136 309827 0.0229658 0.595486
0.005825 1889.85 0.0799205 309828 -0.140996 0.558663
0.006755 521.73 0.211871 309829 0.00381367 2.04429
0.007395 382.953 0.232568 309828 0.00801893 2.80622
0.006145 1623.15 0.0924493 309830 -0.128759 0.650557
0.006455 912.258 0.165154 309831 -0.0408417 1.16135
0.002095 1788.47 0.119639 309827 0.0226826 0.593733
0.005835 1880.63 0.0803403 309828 -0.140536 0.561391
0.007045 402.358 0.228981 309828 0.014558 2.66514
0.007405 382.866 0.232592 309828 0.0077462 2.80691
0.006765 514.305 0.21288 309829 0.0046577 2.07429
0.006155 1596.95 0.0949902 309830 -0.125242 0.661257
0.002105 1793.72 0.119144 309827 0.0223971 0.591996
0.006465 894.356 0.167193 309831 -0.0387027 1.18481
0.005845 1871.47 0.0807528 309828 -0.140013 0.564128
0.007415 382.774 0.232615 309828 0.00746665 2.80764
0.001325 1360.27 0.159879 309827 0.037918 0.780469
0.006775 507.105 0.213853 309829 0.00545747 2.10423
0.007055 400.966 0.229228 309828 0.0145258 2.67471
0.006165 1570.94 0.0975189 309830 -0.1217 0.672235
0.006475 876.661 0.169203 309831 -0.0366083 1.20895
0.002115 1798.97 0.11865 309827 0.0221095 0.590273
0.005855 1862.38 0.0811573 309828 -0.139426 0.566873
0.007425 382.676 0.232636 309828 0.00718611 2.80842
0.006785 500.126 0.214792 309829 0.00622888 2.13408
0.001335 1365.86 0.159361 309827 0.037813 0.777273
0.006175 1545.12 0.100036 309830 -0.118239 0.683502
0.002125 1804.2 0.118157 309827 0.0218198 0.588564
0.006485 859.171 0.171183 309831 -0.0345585 1.2338
0.007065 399.644 0.229461 309828 0.0144859 2.68387
0.005865 1853.36 0.0815533 309828 -0.138772 0.569622
0.007435 382.572 0.232656 309828 0.0069121 2.80923
0.006795 493.363 0.215697 309829 0.00688925 2.16383
0.001345 1371.46 0.158842 309827 0.0377053 0.774098
0.006185 1519.48 0.102541 309830 -0.11485 0.695071
0.002135 1809.42 0.117665 309827 0.0215279 0.586869
0.006495 841.881 0.173133 309831 -0.0325533 1.25938
0.007075 398.389 0.229681 309828 0.0144294 2.69262
0.005875 1844.43 0.0819403 309828 -0.138052 0.572372
0.007445 382.462 0.232674 309828 0.00662719 2.81009
0.006805 486.811 0.216568 309828 0.00777891 2.19345
0.001355 1377.07 0.158322 309827 0.037595 0.770944
0.006195 1494.02 0.105035 309830 -0.11153 0.706956
0.002145 1814.62 0.117175 309827 0.0212338 0.585189
0.006505 824.791 0.175052 309832 -0.0305906 1.28574
0.005885 1835.59 0.0823176 309828 -0.137263 0.57512
0.007085 397.194 0.229887 309828 0.0143572 2.70101
0.007455 382.423 0.232691 309828 0.00634272 2.81042
0.006815 480.464 0.217406 309829 0.00824568 2.22292
0.001365 1382.68 0.157801 309827 0.037482 0.767813
0.006205 1468.74 0.107518 309830 -0.108277 0.71917
0.002155 1819.81 0.116687 309827 0.0209375 0.583523
0.005895 1826.85 0.0826847 309828 -0.136405 0.577862
0.006515 807.897 0.176941 309832 -0.0286673 1.31289
0.007095 396.056 0.230081 309828 0.0142694 2.70904
0.007465 382.377 0.232707 309828 0.00607063 2.8108
0.006825 474.317 0.218211 309829 0.00900228 2.25223
0.001375 1388.3 0.157279 309827 0.0373665 0.764703
0.006215 1443.62 0.10999 309830 -0.105088 0.73173
0.002165 1824.99 0.1162 309827 0.020639 0.58187
0.005905 1818.23 0.083041 309828 -0.135479 0.580595
0.006525 791.195 0.178799 309832 -0.026656 1.34088
0.007105 394.969 0.230263 309828 0.0141671 2.71676
0.007475 382.326 0.232721 309828 0.00579269 2.81121
0.006835 469.003 0.218984 309828 0.0094888 2.27824
0.006225 1418.67 0.112451 309830 -0.101959 0.74465
0.001385 1393.93 0.156756 309827 0.0372482 0.761615
0.002175 1830.15 0.115714 309827 0.0203383 0.580232
0.004815 2298.27 0.0505017 309827 -0.0804139 0.460237
0.006535 774.697 0.180624 309834 -0.0243299 1.36974
0.005915 1809.73 0.083386 309828 -0.134484 0.583315
0.007485 382.269 0.232735 309828 0.0055148 2.81167
0.006845 463.893 0.219725 309828 0.0100431 2.30383
0.007115 393.929 0.230434 309828 0.0140517 2.72419
0.001395 1399.56 0.156232 309827 0.0371274 0.758549
0.006235 1393.89 0.114901 309830 -0.0988846 0.757948
0.002185 1835.3 0.11523 309827 0.0200353 0.578607
0.006545 760.151 0.182417 309831 -0.0231793 1.39623
0.000995 1183.51 0.176056 309827 0.0398948 0.897177
0.005925 1801.37 0.083719 309828 -0.133421 0.586018
0.004825 2298.84 0.0505095 309827 -0.0808072 0.460119
0.007495 382.204 0.232747 309828 0.00523573 2.81218
0.006855 458.98 0.220435 309828 0.0105605 2.32898
0.000665 1036.11 0.18921 309827 0.0392513 1.02513
0.007125 393.084 0.230595 309828 0.0139206 2.73029
0.001405 1405.2 0.155708 309827 0.0370039 0.755505
0.006245 1369.26 0.117341 309830 -0.0958605 0.771641
0.002195 1840.43 0.114747 309827 0.0197302 0.576996
0.006555 745.838 0.184176 309831 -0.0214889 1.42334
0.001005 1188.55 0.175601 309827 0.0398766 0.893367
0.005935 1793.15 0.0840395 309828 -0.132291 0.5887
0.004835 2299.4 0.050522 309827 -0.0812131 0.460002
0.007505 382.134 0.232759 309828 0.00496611 2.81273
0.006865 454.259 0.221114 309828 0.0110462 2.35367
0.000675 1039.93 0.188874 309827 0.0393004 1.02136
0.007135 392.279 0.230746 309828 0.0137828 2.73612
0.001415 1410.84 0.155183 309827 0.0368778 0.752483
0.006255 1344.79 0.119769 309830 -0.0928818 0.785748
0.002205 1845.55 0.114266 309827 0.0194229 0.575399
0.006565 731.75 0.185899 309831 -0.0197781 1.45106
0.001015 1193.61 0.175143 309827 0.0398559 0.889571
0.005945 1785.09 0.084347 309828 -0.131096 0.591357
0.004845 2299.95 0.0505392 309827 -0.08163 0.459889
0.007515 382.056 0.232769 309828 0.00467729 2.81334
0.006875 449.723 0.221763 309828 0.0114972 2.37789
0.000685 1043.79 0.188534 309827 0.039348 1.01758
0.007145 391.511 0.230887 309828 0.0136328 2.74171
0.001425 1416.49 0.154656 309827 0.0367491 0.749482
0.006265 1320.47 0.122186 309830 -0.0899436 0.800287
0.002215 1850.65 0.113786 309827 0.0191133 0.573815
0.006575 717.885 0.187588 309831 -0.0183745 1.47942
0.001025 1198.7 0.174682 309827 0.0398327 0.885787
0.005955 1777.19 0.084641 309828 -0.129836 0.593983
0.004855 2300.49 0.0505614 309827 -0.082058 0.459779
0.007525 382.044 0.232779 309828 0.00439029 2.81345
0.006885 445.365 0.222383 309828 0.0119131 2.40163
0.000695 1047.7 0.188189 309827 0.0393942 1.01377
0.007155 390.776 0.23102 309828 0.0134755 2.74708
0.001435 1422.14 0.15413 309827 0.0366178 0.746503
0.006275 1296.3 0.124591 309831 -0.0870411 0.815279
0.002225 1855.74 0.113308 309827 0.0188015 0.572244
0.006585 704.241 0.189241 309831 -0.0166007 1.50842
0.005965 1769.46 0.084921 309828 -0.128515 0.596576
0.001035 1203.81 0.174219 309827 0.0398069 0.882018
0.007535 382.026 0.232787 309828 0.00411743 2.81361
0.004865 2301 0.0505885 309827 -0.0824972 0.459672
0.006895 441.178 0.222974 309828 0.0122972 2.4249
0.000705 1051.65 0.18784 309827 0.0394389 1.00995
0.001445 1427.8 0.153602 309827 0.0364839 0.743546
0.007165 390.073 0.231145 309828 0.0133218 2.75224
0.006285 1272.29 0.126983 309831 -0.0841703 0.830745
0.002235 1860.81 0.112832 309827 0.0184874 0.570687
0.005975 1761.92 0.0851866 309828 -0.127135 0.599131
0.006595 690.818 0.190859 309831 -0.0151416 1.53808
0.001045 1208.95 0.173753 309827 0.0397786 0.878263
0.007545 382.002 0.232795 309828 0.00384187 2.81381
0.004875 2301.5 0.0506207 309827 -0.082948 0.459568
0.006905 437.155 0.223538 309828 0.0126688 2.44768
0.003065 2200.61 0.0798701 309827 -0.0141843 0.482505
0.002275 1880.95 0.110942 309827 0.0172088 0.564588
0.006915 433.696 0.224075 309828 0.0129481 2.46766
0.003075 2203.45 0.0795586 309827 -0.0146346 0.481878
0.006925 430.393 0.224586 309828 0.0132338 2.48705
0.002285 1885.94 0.110474 309827 0.0168835 0.563096
0.004535 2297.01 0.0518036 309827 -0.0715411 0.460659
0.003085 2206.28 0.0792492 309827 -0.0150862 0.481256
0.006935 427.237 0.225071 309828 0.013487 2.50586
0.002295 1890.92 0.110007 309827 0.016556 0.561616
0.003295 2253.85 0.0732181 309827 -0.0246057 0.470965
0.005335 2281.18 0.0587897 309827 -0.118977 0.463425
0.003095 2209.07 0.0789419 309827 -0.0155399 0.480641
0.006945 424.222 0.225532 309828 0.0137099 2.52411
0.002305 1895.88 0.109542 309827 0.0162262 0.560149
0.004545 2297.06 0.0517175 309827 -0.0718316 0.46064
0.003305 2255.71 0.0729526 309827 -0.0250607 0.470569
0.003105 2211.62 0.0786366 309827 -0.0159886 0.480083
0.005345 2279.06 0.0591232 309813 -0.120075 0.463825
0.006955 421.339 0.225969 309828 0.0139023 2.5418
0.002315 1900.82 0.109079 309827 0.0158942 0.558694
0.004555 2297.11 0.0516337 309827 -0.0721227 0.460622
0.003315 2257.55 0.072689 309827 -0.0255161 0.470177
0.003115 2214.15 0.0783333 309827 -0.0164393 0.47953
0.005355 2272.63 0.0594635 309827 -0.121036 0.465148
0.006965 418.581 0.226383 309828 0.0140667 2.55897
0.002325 1905.75 0.108618 309827 0.01556 0.557252
0.004565 2297.16 0.0515523 309827 -0.0724147 0.460604
0.003325 2259.37 0.0724274 309827 -0.025973 0.46979
0.003125 2216.65 0.0780321 309827 -0.0168909 0.478983
0.005365 2266.02 0.0598105 309827 -0.121927 0.466496
0.006975 415.939 0.226776 309828 0.0142139 2.57563
0.002335 1910.65 0.108158 309827 0.0152235 0.555822
0.004575 2297.21 0.0514732 309827 -0.0727075 0.460587
0.003335 2261.16 0.0721676 309826 -0.0264313 0.469408
0.003135 2219.13 0.0777329 309827 -0.0173428 0.478441
0.005375 2259.32 0.0601639 309827 -0.122817 0.467869
0.006985 413.704 0.227147 309828 0.0143126 2.58994
0.002345 1915.55 0.1077 309827 0.0148849 0.554404
0.004585 2297.25 0.0513966 309827 -0.0730013 0.46057
0.003345 2262.66 0.0719097 309827 -0.0268824 0.469092
0.003145 2221.59 0.0774357 309827 -0.0177951 0.477906
0.005385 2252.54 0.0605238 309827 -0.123696 0.469267
0.006995 411.578 0.227498 309828 0.0144063 2.6037
0.002355 1920.42 0.107244 309827 0.014544 0.552999
0.004595 2297.3 0.0513225 309827 -0.0732964 0.460553
0.003355 2264.12 0.0716537 309827 -0.0273348 0.468779
0.003155 2224.03 0.0771406 309827 -0.0182478 0.477375
0.007005 409.554 0.22783 309828 0.0144772 2.61694
0.002365 1925.28 0.106789 309827 0.0142009 0.551606
0.005395 2245.68 0.0608899 309827 -0.124564 0.47069
0.004605 2297.35 0.051251 309827 -0.0735927 0.460537
0.003365 2265.57 0.0713996 309827 -0.0277875 0.468472
0.003165 2226.45 0.0768475 309827 -0.018701 0.476851
0.003965 2302.97 0.0591632 309827 -0.0533695 0.460165
0.007015 407.626 0.228143 309828 0.0145269 2.62968
0.002375 1930.12 0.106336 309827 0.0138556 0.550224
0.004615 2297.39 0.0511822 309827 -0.0738905 0.460521
0.005405 2238.74 0.0612624 309827 -0.125421 0.472138
0.003175 2228.85 0.0765564 309827 -0.0191546 0.476331
0.003375 2267 0.0711473 309827 -0.0282398 0.468168
0.007025 405.788 0.228439 309828 0.0145555 2.64195
0.003975 2302.98 0.0590018 309827 -0.0537474 0.460148
0.002385 1934.94 0.105885 309827 0.0135081 0.548855
0.004625 2297.43 0.0511162 309827 -0.0741899 0.460506
0.005415 2231.72 0.0616409 309827 -0.126265 0.473612
0.003185 2231.23 0.0762673 309827 -0.0196087 0.475818
0.003385 2268.4 0.0708969 309827 -0.028692 0.467869
0.007035 404.034 0.228718 309828 0.0145642 2.65376
0.003985 2302.99 0.0588416 309827 -0.0541237 0.460133
0.002395 1939.74 0.105436 309827 0.0131584 0.547498
0.004635 2297.47 0.051053 309827 -0.074491 0.460491
0.005425 2224.62 0.0620255 309827 -0.127096 0.475112
0.003195 2233.58 0.0759802 309827 -0.0200634 0.475309
0.005705 1999.58 0.0744962 309828 -0.142292 0.528167
0.004405 2296.32 0.0531015 309827 -0.0677719 0.460923
0.001865 1664.27 0.131366 309827 0.0286726 0.637971
0.004415 2296.38 0.0529912 309827 -0.0680641 0.460901
0.003795 2300.97 0.0620939 309827 -0.0466613 0.460794
0.001875 1669.78 0.130845 309827 0.0284347 0.635867
0.004425 2296.44 0.0528825 309827 -0.0683556 0.460879
0.001055 1214.11 0.173284 309827 0.0397478 0.874523
0.001885 1675.28 0.130325 309827 0.0281947 0.633781
0.004435 2296.49 0.0527754 309827 -0.0686465 0.460858
0.003805 2301.19 0.0619112 309827 -0.0470707 0.460737
0.001065 1219.3 0.172813 309827 0.0397143 0.870799
0.000715 1055.65 0.187487 309827 0.0394821 1.00611
0.001895 1680.78 0.129806 309827 0.0279526 0.631711
0.004445 2296.55 0.0526699 309827 -0.0689368 0.460837
0.003815 2301.4 0.06173 309827 -0.0474783 0.460683
0.001075 1224.51 0.17234 309827 0.0396783 0.86709
0.001455 1433.46 0.153074 309827 0.0363475 0.740611
0.001905 1686.27 0.129287 309827 0.0277084 0.629659
0.004455 2296.6 0.0525662 309827 -0.0692266 0.460816
0.000725 1059.69 0.187129 309827 0.0395236 1.00226
0.003825 2301.59 0.06155 309827 -0.0478841 0.460632
0.001085 1229.74 0.171864 309827 0.0396397 0.863398
0.001465 1439.12 0.152546 309827 0.0362084 0.737697
0.004465 2296.65 0.0524642 309827 -0.0695161 0.460795
0.001915 1691.74 0.12877 309827 0.0274622 0.627624
0.007175 389.415 0.231262 309828 0.0132904 2.75709
0.003835 2301.77 0.0613714 309827 -0.048288 0.460583
0.000735 1063.78 0.186767 309827 0.0395635 0.998397
0.001095 1234.99 0.171386 309827 0.0395984 0.859722
0.007555 381.973 0.232803 309828 0.00356985 2.81405
0.006295 1248.43 0.129363 309831 -0.0813276 0.846706
0.001105 1240.26 0.170906 309827 0.0395546 0.856064
0.007565 381.939 0.232809 309828 0.00329872 2.81431
0.004885 2301.99 0.0506581 309827 -0.0834104 0.459468
0.006305 1224.72 0.13173 309831 -0.0785103 0.863186
0.001115 1245.55 0.170424 309827 0.0395081 0.852423
0.007575 381.901 0.232815 309828 0.00303709 2.81461
0.005985 1754.56 0.0854374 309828 -0.125698 0.601642
0.006315 1201.17 0.134082 309831 -0.0757166 0.880208
0.004895 2302.45 0.0507007 309827 -0.0838846 0.459372
0.007585 381.857 0.232821 309828 0.00274007 2.81495
0.001125 1250.86 0.16994 309827 0.039459 0.8488
0.006325 1177.77 0.136419 309831 -0.0729452 0.897798
0.005995 1747.42 0.085673 309828 -0.124207 0.604106
0.004905 2302.89 0.0507487 309827 -0.0843708 0.45928
0.007595 381.875 0.232825 309828 0.00244926 2.81483
0.001135 1256.18 0.169453 309827 0.0394072 0.845195
0.006335 1154.53 0.138741 309831 -0.070196 0.915983
0.006005 1740.48 0.0858932 309828 -0.122667 0.606518
0.007605 381.881 0.232829 309828 0.00215454 2.8148
0.004915 2303.31 0.0508021 309827 -0.0848693 0.459193
0.006345 1131.44 0.141045 309831 -0.0674673 0.934792
0.001145 1261.53 0.168964 309827 0.0393528 0.841608
0.006605 677.612 0.192442 309831 -0.0136488 1.56841
0.007615 381.875 0.232833 309828 0.00185465 2.81486
0.004925 2303.71 0.050861 309827 -0.0853801 0.459111
0.006355 1108.5 0.143333 309831 -0.0647614 0.954254
0.006015 1733.76 0.0860978 309828 -0.12108 0.608874
0.001155 1266.9 0.168474 309827 0.0392957 0.83804
0.006615 664.623 0.193989 309831 -0.012199 1.59944
0.007625 381.857 0.232836 309828 0.00156711 2.815
0.004935 2304.09 0.0509255 309827 -0.0859036 0.459033
0.006365 1085.73 0.145602 309832 -0.0618834 0.974402
0.006025 1727.26 0.0862867 309828 -0.119452 0.611169
0.001165 1272.28 0.167981 309827 0.039236 0.834491
0.006625 651.848 0.195501 309831 -0.0107834 1.63117
0.007635 381.83 0.232838 309828 0.00129378 2.81521
0.004945 2304.43 0.0509958 309827 -0.0864398 0.45896
0.006375 1063.14 0.147851 309836 -0.058773 0.995256
0.003395 2269.79 0.0706483 309827 -0.029144 0.467574
0.006035 1721 0.0864597 309828 -0.117786 0.6134
0.001175 1277.67 0.167487 309827 0.0391737 0.830962
0.006635 639.284 0.196978 309831 -0.00932773 1.66361
0.007645 381.794 0.23284 309828 0.000997824 2.81548
0.006385 1043.51 0.150105 309831 -0.0570509 1.01411
0.004955 2304.75 0.0510718 309827 -0.086989 0.458893
0.006045 1714.99 0.0866169 309828 -0.116087 0.615562
0.003405 2271.16 0.0704015 309827 -0.029596 0.467283
0.003995 2302.98 0.0586825 309827 -0.0544991 0.460121
0.004965 2305.04 0.0511537 309827 -0.0875513 0.458832
0.007655 381.82 0.232842 309828 0.00070433 2.81529
0.006395 1024.12 0.152334 309831 -0.0546059 1.03347
0.001185 1283.09 0.166991 309827 0.0391086 0.827452
0.006645 626.936 0.198419 309832 -0.00765677 1.69679
0.006055 1709.21 0.0867583 309828 -0.114358 0.617651
0.003415 2272.51 0.0701566 309827 -0.0300478 0.466996
0.004975 2305.3 0.0512415 309827 -0.088127 0.458777
0.004005 2302.91 0.0585244 309827 -0.0548688 0.460122
0.007665 381.837 0.232843 309828 0.000435849 2.81517
0.001195 1288.52 0.166493 309827 0.039041 0.823962
0.006655 616.13 0.199824 309830 -0.00679036 1.72695
0.002405 1944.53 0.104989 309827 0.0128065 0.546152
0.004645 2297.51 0.0509928 309827 -0.074794 0.460477
0.006665 605.566 0.201192 309830 -0.00555186 1.7575
0.002415 1949.29 0.104544 309827 0.0124525 0.544818
0.005435 2217.45 0.0624159 309827 -0.127914 0.476638
0.006675 595.238 0.202524 309830 -0.00436105 1.78842
0.002425 1954.04 0.1041 309827 0.0120963 0.543495
0.004655 2297.55 0.0509355 309827 -0.0750991 0.460463
0.002435 1958.77 0.103658 309827 0.0117379 0.542184
0.006685 585.145 0.203818 309830 -0.00320018 1.8197
0.004665 2297.58 0.0508814 309827 -0.0754062 0.46045
0.002445 1963.48 0.103218 309827 0.0113774 0.540885
0.005715 1990.9 0.0749654 309828 -0.142451 0.530452
0.006695 575.286 0.205076 309830 -0.00207781 1.85134
0.004475 2296.71 0.052364 309827 -0.0698053 0.460775
0.002455 1968.18 0.10278 309827 0.0110147 0.539596
0.004675 2297.61 0.0508304 309827 -0.0757158 0.460437
0.005725 1982.22 0.0754328 309828 -0.142575 0.532762
0.006705 565.657 0.206297 309830 -0.000994469 1.8833
0.002465 1972.85 0.102344 309827 0.0106499 0.538319
0.004685 2297.64 0.0507827 309827 -0.0760278 0.460425
0.005735 1973.52 0.0758981 309828 -0.142662 0.535095
0.001475 1444.79 0.152017 309827 0.0360668 0.734805
0.007185 388.848 0.231371 309828 0.013119 2.7613
0.005745 1964.81 0.0763608 309826 -0.142712 0.53745
0.001485 1450.45 0.151487 309827 0.0359226 0.731934
0.005755 1955.39 0.0768207 309828 -0.142663 0.540027
0.007195 388.363 0.231474 309828 0.0127966 2.76492
0.001495 1456.12 0.150957 309827 0.035776 0.729085
0.000745 1067.91 0.186401 309827 0.0396017 0.994523
0.006065 1703.69 0.0868841 309828 -0.112603 0.619663
0.003425 2273.84 0.0699135 309827 -0.0304995 0.466713
0.000755 1072.09 0.186031 309827 0.0396381 0.990639
0.007675 381.846 0.232843 309828 0.000142546 2.8151
0.006075 1698.43 0.0869945 309828 -0.110827 0.621596
0.000765 1076.31 0.185657 309827 0.0396728 0.986746
0.003435 2275.16 0.0696722 309827 -0.0309512 0.466435
0.004985 2305.53 0.0513354 309827 -0.0887163 0.458728
0.000775 1080.57 0.185279 309827 0.0397056 0.982846
0.004015 2302.82 0.0583674 309827 -0.0552351 0.460125
0.001205 1293.96 0.165993 309827 0.0389706 0.820492
0.004025 2302.73 0.0582115 309827 -0.0556003 0.460129
0.006715 556.256 0.207483 309829 4.93728e-05 1.91559
0.001215 1299.42 0.165492 309827 0.0388976 0.817042
0.004035 2302.63 0.0580567 309827 -0.0559629 0.460135
0.002475 1977.5 0.10191 309827 0.010283 0.537054
0.004695 2297.67 0.0507384 309827 -0.0763424 0.460414
0.002485 1982.14 0.101477 309827 0.00991393 0.535799
0.007205 387.884 0.23157 309828 0.012585 2.76851
0.004705 2297.7 0.0506975 309827 -0.0766599 0.460404
0.002495 1986.75 0.101047 309827 0.0095428 0.534555
0.001505 1461.79 0.150427 309827 0.0356268 0.726257
0.003445 2276.45 0.0694326 309827 -0.0314029 0.46616
0.004715 2297.72 0.0506601 309827 -0.0769803 0.460394
0.007215 387.421 0.23166 309828 0.012377 2.77198
0.002505 1991.35 0.100619 309827 0.0091696 0.533323
0.001515 1467.46 0.149896 309827 0.0354752 0.723451
0.004725 2297.73 0.0506263 309827 -0.0773039 0.460386
0.003455 2277.72 0.0691949 309827 -0.0318546 0.46589
0.007225 386.974 0.231744 309828 0.0121659 2.77534
0.002515 1995.92 0.100192 309827 0.00879436 0.532101
0.001525 1473.14 0.149365 309827 0.0353211 0.720666
0.004735 2297.74 0.0505963 309827 -0.0776307 0.460378
0.003465 2278.98 0.068959 309827 -0.0323063 0.465623
0.004995 2305.73 0.0514353 309827 -0.0893193 0.458685
0.002525 2000.48 0.0997673 309827 0.0084171 0.53089
0.007235 386.542 0.231823 309828 0.0119508 2.77859
0.001535 1478.81 0.148834 309827 0.0351646 0.717903
0.004745 2297.75 0.0505701 309827 -0.0779609 0.460372
0.003475 2280.22 0.0687248 309827 -0.0327579 0.465361
0.005005 2305.89 0.0515415 309827 -0.0899361 0.458649
0.002535 2005.01 0.0993447 309827 0.00803785 0.529689
0.004755 2297.76 0.0505479 309827 -0.0782958 0.460366
0.001545 1484.48 0.148302 309827 0.0350058 0.71516
0.007245 386.123 0.231897 309828 0.0117281 2.78175
0.003485 2281.43 0.0684924 309827 -0.0332105 0.465103
0.002545 2009.53 0.098924 309827 0.00765665 0.5285
0.005015 2306.02 0.0516538 309827 -0.0905671 0.458621
0.000785 1084.87 0.184897 309827 0.0397366 0.97894
0.004765 2297.75 0.0505296 309827 -0.0786341 0.460362
0.001555 1490.15 0.14777 309827 0.0348446 0.712439
0.007255 385.819 0.231966 309828 0.0115007 2.78407
0.003495 2282.63 0.0682618 309827 -0.033664 0.464849
0.002555 2014.03 0.0985053 309827 0.00727354 0.52732
0.005025 2306.11 0.0517725 309827 -0.0912119 0.458599
0.004775 2297.75 0.0505154 309827 -0.078976 0.460359
0.000795 1089.21 0.184511 309827 0.0397657 0.975028
0.001565 1495.83 0.147238 309827 0.0346811 0.709738
0.007265 385.526 0.23203 309828 0.0112735 2.78631
0.003505 2283.56 0.0680328 309827 -0.0341093 0.46465
0.005035 2306.16 0.0518974 309827 -0.0918722 0.458586
0.004785 2297.73 0.0505054 309827 -0.0793219 0.460357
0.000805 1093.59 0.184121 309827 0.0397928 0.971112
0.001575 1501.5 0.146706 309827 0.0345153 0.707059
0.001225 1304.89 0.164989 309827 0.0388219 0.813612
0.007275 385.242 0.232091 309828 0.0110403 2.78849
0.003515 2284.46 0.0678056 309827 -0.0345557 0.464456
0.004795 2297.71 0.0504998 309827 -0.079671 0.460357
0.005045 2306.17 0.0520287 309827 -0.0925473 0.45858
0.000815 1098.01 0.183728 309827 0.0398179 0.967193
0.001585 1507.17 0.146174 309827 0.0343472 0.7044
0.004045 2302.52 0.057903 309827 -0.0563231 0.460144
0.001235 1310.38 0.164484 309827 0.0387435 0.810203
0.001595 1512.84 0.145642 309827 0.0341769 0.701762
0.004055 2302.4 0.0577503 309827 -0.0566808 0.460153
0.007285 384.966 0.232147 309828 0.0108033 2.79061
0.001245 1315.88 0.163978 309827 0.0386625 0.806815
0.004065 2302.28 0.0575988 309827 -0.0570359 0.460165
0.005055 2306.14 0.0521666 309827 -0.0932377 0.458583
0.004075 2302.14 0.0574483 309827 -0.0573886 0.460177
0.000825 1102.47 0.18333 309827 0.039841 0.963272
0.007295 384.696 0.2322 309828 0.0105629 2.79268
0.005065 2306.06 0.0523111 309827 -0.0939411 0.458594
0.004085 2302 0.0572988 309827 -0.0577388 0.460192
0.001255 1321.39 0.16347 309827 0.0385787 0.803447
0.000835 1106.97 0.182929 309827 0.039862 0.95935
0.007305 384.43 0.232249 309828 0.0103222 2.79471
0.005075 2305.94 0.0524623 309827 -0.0946604 0.458614
0.004095 2301.85 0.0571505 309827 -0.0580864 0.460208
0.001265 1326.91 0.162961 309827 0.0384924 0.800101
0.000845 1111.5 0.182525 309827 0.039881 0.955427
0.007315 384.169 0.232295 309828 0.0100746 2.79671
0.005085 2305.77 0.0526201 309827 -0.0953953 0.458643
0.004105 2301.7 0.0570032 309827 -0.0584316 0.460225
0.001275 1332.44 0.162451 309827 0.0384033 0.796775
0.000855 1116.07 0.182116 309827 0.0398978 0.951506
0.007325 384 0.232338 309828 0.00982585 2.79803
0.005095 2305.55 0.0527847 309827 -0.0961458 0.458682
0.004115 2301.53 0.0568569 309827 -0.0587743 0.460244
0.000865 1120.67 0.181705 309827 0.0399125 0.947586
0.007335 383.835 0.232378 309828 0.00958145 2.79932
0.004125 2301.37 0.0567117 309827 -0.0591145 0.460264
0.005105 2305.28 0.052956 309827 -0.0969121 0.458731
0.000875 1125.32 0.181289 309827 0.039925 0.943669
0.004135 2301.19 0.0565676 309827 -0.0594523 0.460285
0.007345 383.672 0.232415 309828 0.00933235 2.80059
0.005115 2304.97 0.0531341 309827 -0.0976942 0.45879
0.000885 1129.99 0.180871 309827 0.0399353 0.939756
0.004145 2301.01 0.0564245 309827 -0.0597877 0.460307
0.007355 383.512 0.23245 309828 0.00908061 2.80184
0.000895 1134.7 0.180449 309827 0.0399433 0.935847
0.004155 2300.83 0.0562825 309827 -0.0601205 0.460331
0.000905 1139.44 0.180024 309827 0.0399491 0.931944
0.000915 1144.22 0.179595 309827 0.0399525 0.928046
0.000925 1149.02 0.179163 309827 0.0399537 0.924156
0.000935 1153.86 0.178728 309827 0.0399525 0.920273
0.000945 1158.73 0.17829 309827 0.0399489 0.916399
0.000955 1163.63 0.177849 309827 0.0399429 0.912533
