0.007365 304.793 0.232918 107557 0.0244116 1.22448
0.007375 304.792 0.232918 107557 0.0236249 1.22449
0.007385 304.785 0.232918 107557 0.0228537 1.22451
0.007395 304.774 0.232918 107557 0.0220877 1.22456
0.007405 304.758 0.232918 107557 0.0213151 1.22462
0.007415 304.737 0.232918 107557 0.020541 1.2247
0.007425 304.711 0.232918 107557 0.0197631 1.22481
0.007435 304.68 0.232918 107557 0.0190244 1.22494
0.007445 304.643 0.232918 107557 0.0182025 1.22508
0.007455 304.678 0.232918 107557 0.0173866 1.22494
0.007465 304.709 0.232918 107557 0.0166524 1.22482
0.007475 304.734 0.232918 107557 0.0158775 1.22472
0.007485 304.755 0.232918 107557 0.0151058 1.22463
0.007495 304.771 0.232918 107557 0.0143348 1.22457
0.007505 304.783 0.232918 107557 0.0135687 1.22452
0.007515 304.79 0.232918 107557 0.0128023 1.22449
0.007525 304.792 0.232918 107557 0.0120118 1.22448
0.007535 304.79 0.232918 107557 0.0112223 1.22449
0.007545 304.783 0.232918 107557 0.0104559 1.22452
0.007555 304.771 0.232918 107557 0.00968911 1.22457
0.007565 304.755 0.232918 107557 0.00891718 1.22463
0.007575 304.733 0.232918 107557 0.00814406 1.22472
0.007585 304.707 0.232918 107557 0.00736741 1.22483
0.007595 304.675 0.232918 107557 0.00663021 1.22496
0.007605 304.638 0.232918 107557 0.00581091 1.2251
0.007615 304.672 0.232918 107557 0.00499396 1.22497
0.007625 304.702 0.232918 107557 0.00425788 1.22485
0.007635 304.727 0.232918 107557 0.00348225 1.22475
0.007645 304.746 0.232918 107557 0.00271033 1.22467
0.007655 304.76 0.232918 107557 0.0019396 1.22461
0.007665 304.77 0.232918 107557 0.00118439 1.22457
0.007675 304.775 0.232918 107557 0.000386436 1.22455
0.004805 304.777 0.232918 107558 0.226057 1.22455
0.006405 304.79 0.232918 107558 0.0993996 1.22449
0.004815 304.783 0.232918 107558 0.225283 1.22453
0.006725 304.792 0.232918 107558 0.074248 1.22449
0.006415 304.79 0.232918 107558 0.0986122 1.22449
0.004825 304.786 0.232918 107558 0.224478 1.22452
0.003205 1153.66 0.13854 107559 0.182357 0.319617
0.006735 304.791 0.232918 107558 0.0734607 1.22449
0.006425 304.786 0.232918 107558 0.0978037 1.22451
0.007045 304.793 0.232918 107557 0.0492448 1.22448
0.004835 304.784 0.232918 107558 0.223675 1.22453
0.006745 304.786 0.232918 107558 0.0726682 1.22451
0.003215 1138.19 0.140236 107559 0.18264 0.323977
0.006435 304.776 0.232918 107558 0.0970307 1.22455
0.004845 304.777 0.232918 107558 0.222887 1.22455
0.007055 304.791 0.232918 107557 0.0484597 1.22449
0.005125 304.778 0.232918 107558 0.200794 1.22455
0.006755 304.776 0.232918 107558 0.0718969 1.22455
0.006445 304.761 0.232918 107558 0.0962419 1.22461
0.003225 1122.62 0.141934 107559 0.182964 0.328488
0.004855 304.764 0.232918 107558 0.222097 1.22461
0.007065 304.786 0.232918 107557 0.0476807 1.22451
0.006765 304.76 0.232918 107558 0.0711136 1.22462
0.006085 304.789 0.232918 107558 0.124714 1.2245
0.006455 304.741 0.232918 107558 0.0954501 1.2247
0.007075 304.775 0.232918 107557 0.0469141 1.22455
0.004865 304.745 0.232918 107558 0.221297 1.22468
0.006775 304.74 0.232918 107558 0.0703276 1.2247
0.003235 1106.95 0.143634 107559 0.183331 0.333156
0.005135 304.785 0.232918 107558 0.200014 1.22452
0.006465 304.714 0.232918 107558 0.0946528 1.2248
0.007085 304.76 0.232918 107557 0.0461387 1.22462
0.006095 304.79 0.232918 107558 0.123914 1.2245
0.006785 304.713 0.232918 107558 0.0695364 1.2248
0.004875 304.718 0.232918 107558 0.220489 1.22479
0.005145 304.787 0.232918 107558 0.199211 1.22451
0.006475 304.681 0.232918 107558 0.0938936 1.22494
0.003245 1091.18 0.145335 107559 0.183738 0.33799
0.007095 304.739 0.232918 107557 0.0453613 1.2247
0.006795 304.681 0.232918 107558 0.0687838 1.22494
0.006105 304.786 0.232918 107558 0.1231 1.22452
0.004885 304.683 0.232918 107558 0.219714 1.22493
0.005155 304.784 0.232918 107558 0.198405 1.22452
0.006485 304.641 0.232918 107558 0.093048 1.2251
0.007105 304.712 0.232918 107557 0.0445797 1.22481
0.003255 1075.31 0.147038 107559 0.184184 0.342998
0.006805 304.642 0.232918 107558 0.0679438 1.22509
0.006115 304.776 0.232918 107558 0.122321 1.22455
0.004895 304.639 0.232918 107558 0.218852 1.22511
0.005165 304.776 0.232918 107558 0.197621 1.22456
0.006495 304.673 0.232918 107558 0.0922231 1.22497
0.007115 304.68 0.232918 107557 0.0438369 1.22493
0.003265 1059.33 0.148741 107559 0.184667 0.348192
0.006815 304.675 0.232918 107558 0.0671237 1.22496
0.001605 2057.06 0.0595331 107559 0.463754 0.178891
0.006125 304.762 0.232918 107558 0.121529 1.22461
0.002245 2371.9 0.0282739 107558 0.36629 0.155265
0.001925 2373.94 0.0272987 107559 0.416064 0.155065
0.000325 390.002 0.226125 107559 0.0901042 0.95447
0.004905 304.666 0.232918 107558 0.218025 1.225
0.005175 304.763 0.232918 107558 0.19683 1.22461
0.006505 304.703 0.232918 107558 0.0914878 1.22485
0.007125 304.643 0.232918 107557 0.0430094 1.22509
0.003275 1043.25 0.150446 107559 0.185187 0.353582
0.006825 304.705 0.232918 107558 0.0663885 1.22484
0.000965 1015.18 0.163389 107560 0.224979 0.363818
0.006135 304.742 0.232918 107558 0.120732 1.22469
0.001615 2076.04 0.0576495 107559 0.468189 0.177255
0.000645 635.5 0.202091 107560 0.14714 0.583336
0.002255 2369.88 0.0285263 107558 0.365478 0.1554
0.001285 1491.49 0.115598 107559 0.329045 0.246983
0.001935 2376.56 0.0270304 107559 0.416143 0.154896
0.004915 304.693 0.232918 107558 0.217302 1.22489
0.000335 394.972 0.225673 107559 0.0913644 0.942352
0.005185 304.743 0.232918 107558 0.196031 1.22469
0.006515 304.728 0.232918 107558 0.0907057 1.22475
0.007135 304.677 0.232918 107557 0.0421943 1.22495
0.003285 1027.07 0.152151 107559 0.18574 0.359178
0.006835 304.73 0.232918 107558 0.0656086 1.22474
0.000975 1028.67 0.162021 107560 0.227769 0.359012
0.006145 304.715 0.232918 107558 0.119929 1.2248
0.001625 2095.08 0.0557585 107559 0.472617 0.175644
0.002265 2367.85 0.0287796 107558 0.364665 0.155536
0.000655 645.671 0.201059 107560 0.1493 0.574074
0.001295 1507.84 0.113972 107559 0.332825 0.244291
0.001945 2379.21 0.0267601 107559 0.416218 0.154726
0.004925 304.716 0.232918 107558 0.216526 1.2248
0.005195 304.717 0.232918 107558 0.195224 1.2248
0.000345 400.129 0.225202 107559 0.09267 0.930098
0.006525 304.749 0.232918 107558 0.0899267 1.22466
0.007145 304.707 0.232918 107557 0.0414626 1.22483
0.003295 1010.77 0.153856 107559 0.186324 0.364995
0.006845 304.751 0.232918 107558 0.0648319 1.22465
0.006155 304.681 0.232918 107558 0.119164 1.22494
0.000985 1042.25 0.160644 107560 0.230585 0.354299
0.002275 2365.81 0.0290337 107558 0.363849 0.155671
0.001635 2114.2 0.0538604 107559 0.477037 0.174056
0.000665 655.967 0.200013 107560 0.151476 0.564991
0.001305 1524.28 0.112339 107559 0.336638 0.241642
0.001955 2381.89 0.026488 107559 0.416288 0.154554
0.004935 304.736 0.232918 107558 0.215752 1.22472
0.005205 304.682 0.232918 107558 0.194451 1.22493
0.000355 405.473 0.22471 107559 0.09402 0.917728
0.007155 304.733 0.232918 107557 0.0406881 1.22472
0.006535 304.766 0.232918 107558 0.0891475 1.2246
0.003305 994.359 0.155561 107559 0.186947 0.371046
0.006855 304.768 0.232918 107558 0.0640553 1.22458
0.006165 304.641 0.232918 107558 0.118313 1.2251
0.000995 1055.92 0.159259 107560 0.233429 0.349678
0.002285 2363.78 0.0292886 107558 0.363032 0.155807
0.001645 2133.37 0.0519552 107559 0.481448 0.172493
0.000675 666.386 0.198954 107560 0.153667 0.556087
0.004945 304.753 0.232918 107558 0.214976 1.22465
0.001965 2384.6 0.026214 107559 0.416355 0.154381
0.001315 1540.81 0.110697 107559 0.340485 0.239036
0.005215 304.639 0.232918 107558 0.193592 1.22511
0.007165 304.754 0.232918 107557 0.0399167 1.22464
0.000365 411.006 0.224198 107559 0.0954133 0.905266
0.006545 304.778 0.232918 107558 0.0883696 1.22454
0.003315 977.833 0.157266 107559 0.187591 0.377345
0.006865 304.78 0.232918 107558 0.063281 1.22453
0.006175 304.672 0.232918 107558 0.117484 1.22497
0.001005 1069.68 0.157866 107560 0.236301 0.345146
0.002295 2361.75 0.0295443 107558 0.362212 0.155943
0.000685 676.925 0.197881 107560 0.155874 0.54736
0.001655 2152.61 0.050043 107559 0.485847 0.170952
0.004955 304.767 0.232918 107558 0.2142 1.22459
0.001975 2387.34 0.0259382 107559 0.416417 0.154206
0.001325 1557.42 0.109047 107559 0.344366 0.236473
0.005225 304.667 0.232918 107558 0.192765 1.22499
0.007175 304.77 0.232918 107557 0.0391457 1.22457
0.000375 416.725 0.223666 107559 0.0968488 0.892733
0.006555 304.787 0.232918 107558 0.0876048 1.22451
0.003325 961.187 0.15897 107559 0.188249 0.383911
0.006875 304.788 0.232918 107558 0.0625169 1.2245
0.006185 304.7 0.232918 107558 0.116748 1.22486
0.001015 1083.54 0.156465 107560 0.2392 0.3407
0.002305 2359.71 0.0298008 107558 0.36139 0.15608
0.000695 687.582 0.196796 107560 0.158096 0.538808
0.001665 2171.92 0.0481239 107559 0.490229 0.169435
0.004965 304.778 0.232918 107558 0.213427 1.22455
0.001335 1574.12 0.10739 107559 0.348281 0.233952
0.001985 2390.11 0.0256605 107559 0.416477 0.154029
0.005235 304.694 0.232918 107558 0.192039 1.22489
0.007185 304.782 0.232918 107557 0.0383776 1.22452
0.006565 304.791 0.232918 107558 0.0867948 1.22449
0.003335 944.416 0.160674 107559 0.188923 0.39076
0.000385 422.63 0.223113 107559 0.0983253 0.88015
0.006885 304.792 0.232918 107557 0.0617124 1.22449
0.006195 304.725 0.232918 107558 0.115964 1.22476
0.001025 1097.48 0.155056 107560 0.242129 0.336339
0.002315 2357.68 0.030058 107558 0.360565 0.156217
0.000705 698.357 0.195698 107560 0.160337 0.530429
0.001675 2191.28 0.046198 107559 0.494639 0.167939
0.004975 304.784 0.232918 107558 0.21265 1.22452
0.001345 1590.91 0.105724 107559 0.352229 0.231471
0.001995 2392.91 0.0253809 107559 0.416532 0.153852
0.007195 304.79 0.232918 107557 0.0376161 1.22449
0.005245 304.718 0.232918 107558 0.191259 1.22479
0.006575 304.791 0.232918 107558 0.0860078 1.22449
0.003345 927.515 0.162376 107559 0.189609 0.397915
0.000395 428.721 0.22254 107559 0.0998415 0.867537
0.006205 304.746 0.232918 107558 0.115182 1.22467
0.006895 304.791 0.232918 107558 0.0609256 1.22449
0.001035 1111.51 0.153638 107560 0.245086 0.332061
0.002325 2355.64 0.030316 107558 0.359738 0.156354
0.000715 709.247 0.194587 107560 0.162521 0.52222
0.001685 2210.7 0.0442656 107559 0.499763 0.166466
0.004985 304.786 0.232918 107558 0.211845 1.22451
0.001355 1607.79 0.10405 107559 0.356211 0.229029
0.007205 304.793 0.232918 107557 0.0368203 1.22448
0.002005 2395.73 0.0250995 107559 0.416584 0.153673
0.005255 304.738 0.232918 107558 0.190483 1.22471
0.006585 304.786 0.232918 107558 0.0852087 1.22451
0.003355 910.478 0.164077 107559 0.190303 0.405397
0.000405 434.995 0.221947 107559 0.101396 0.854915
0.001045 1125.64 0.152212 107560 0.248073 0.327864
0.006905 304.786 0.232918 107558 0.0601397 1.22451
0.006215 304.763 0.232918 107558 0.1144 1.22461
0.002335 2353.6 0.0305746 107558 0.358908 0.156492
0.000725 720.25 0.193465 107560 0.164996 0.514178
0.004995 304.784 0.232918 107558 0.211041 1.22452
0.001695 2229.46 0.0423786 107527 0.470716 0.165019
0.007215 304.792 0.232918 107557 0.0360347 1.22449
0.001365 1624.75 0.102367 107559 0.360225 0.226627
0.002015 2398.58 0.0248163 107559 0.416633 0.153493
0.005265 304.755 0.232918 107558 0.189705 1.22464
0.006595 304.776 0.232918 107558 0.0844375 1.22455
0.003365 893.299 0.165776 107559 0.190998 0.413231
0.006915 304.775 0.232918 107558 0.0593705 1.22455
0.001055 1139.86 0.150778 107560 0.251089 0.323745
0.000415 441.453 0.221334 107559 0.102988 0.842301
0.006225 304.776 0.232918 107558 0.113619 1.22455
0.002345 2351.55 0.030834 107558 0.358075 0.15663
0.005005 304.777 0.232918 107558 0.210255 1.22455
0.000735 731.365 0.19233 107560 0.167077 0.506302
0.001705 2238.45 0.0414545 107559 0.439673 0.164406
0.007225 304.786 0.232918 107557 0.03526 1.22451
0.001375 1641.8 0.100677 107559 0.364273 0.224263
0.002025 2401.47 0.0245311 107559 0.416675 0.153311
0.006605 304.761 0.232918 107558 0.083653 1.22461
0.005275 304.769 0.232918 107558 0.188926 1.22458
0.003375 875.969 0.167472 107559 0.191689 0.421447
0.006925 304.76 0.232918 107558 0.0585913 1.22462
0.006235 304.785 0.232918 107558 0.112851 1.22452
0.001065 1154.16 0.149336 107560 0.254135 0.319704
0.000425 448.092 0.2207 107560 0.104615 0.829715
0.002355 2349.51 0.031094 107558 0.357239 0.156769
0.005015 304.763 0.232918 107558 0.209464 1.22461
0.000745 742.59 0.191184 107560 0.169449 0.498588
0.001715 2246.8 0.0405764 107559 0.44179 0.163796
0.007235 304.775 0.232918 107557 0.034494 1.22455
0.001385 1658.94 0.0989778 107559 0.368353 0.221936
0.006615 304.74 0.232918 107558 0.0828658 1.2247
0.002035 2404.38 0.0242441 107559 0.416756 0.153128
0.005285 304.779 0.232918 107558 0.188151 1.22454
0.006935 304.739 0.232918 107558 0.0578101 1.2247
0.006245 304.79 0.232918 107558 0.112041 1.2245
0.003385 858.48 0.169167 107560 0.192369 0.430076
0.001075 1168.56 0.147886 107560 0.257211 0.315737
0.002365 2347.46 0.0313546 107558 0.3564 0.156908
0.000435 454.91 0.220047 107560 0.106277 0.817173
0.005025 304.744 0.232918 107558 0.208665 1.22469
0.000755 753.925 0.190026 107560 0.171765 0.491033
0.001725 2255.21 0.0396929 107559 0.443387 0.163186
0.007245 304.759 0.232918 107557 0.0337203 1.22462
0.001395 1676.17 0.0972707 107559 0.372464 0.219646
0.006625 304.714 0.232918 107558 0.0820734 1.2248
0.002045 2407.31 0.0239553 107559 0.417051 0.152944
0.005295 304.785 0.232918 107558 0.187367 1.22452
0.006945 304.713 0.232918 107558 0.0570243 1.2248
0.006255 304.79 0.232918 107558 0.11125 1.2245
0.003395 840.821 0.170859 107560 0.193031 0.439154
0.001085 1183.04 0.146429 107560 0.260317 0.311843
0.002375 2345.41 0.0316159 107558 0.355559 0.157047
0.000445 461.906 0.219373 107560 0.107973 0.804691
0.005035 304.717 0.232918 107558 0.207857 1.22479
0.000765 765.366 0.188857 107560 0.174102 0.483635
0.001735 2263.68 0.038804 107559 0.444935 0.162577
0.006635 304.681 0.232918 107558 0.0813195 1.22494
0.007255 304.738 0.232918 107557 0.0329449 1.2247
0.001405 1693.48 0.0955554 107559 0.376605 0.217391
0.002055 2409.92 0.0236934 107543 0.39929 0.15276
0.006955 304.68 0.232918 107558 0.0562775 1.22493
0.005305 304.787 0.232918 107558 0.186563 1.22451
0.006265 304.786 0.232918 107558 0.110439 1.22452
0.003405 822.982 0.172547 107560 0.193673 0.448721
0.002385 2343.36 0.0318778 107558 0.354714 0.157187
0.000455 469.078 0.21868 107560 0.109701 0.792284
0.001095 1197.62 0.144963 107560 0.263454 0.308021
0.005045 304.683 0.232918 107558 0.207084 1.22493
0.000775 776.914 0.187677 107560 0.176455 0.47639
0.007265 304.712 0.232918 107557 0.0321654 1.22481
0.001745 2272.22 0.0379097 107559 0.446486 0.161968
0.006645 304.641 0.232918 107558 0.0804789 1.22509
0.001415 1710.88 0.0938318 107559 0.380777 0.215172
0.002065 2408.27 0.0238969 107558 0.380587 0.152887
0.006965 304.642 0.232918 107558 0.0554449 1.22509
0.005315 304.784 0.232918 107558 0.185755 1.22452
0.006275 304.776 0.232918 107558 0.109664 1.22455
0.002395 2341.31 0.0321402 107558 0.353866 0.157327
0.003415 804.95 0.174233 107560 0.194306 0.458824
0.000465 476.423 0.217967 107560 0.111455 0.779966
0.005055 304.639 0.232918 107558 0.206223 1.22511
0.001105 1212.29 0.143489 107560 0.266621 0.304269
0.000785 788.566 0.186487 107560 0.178825 0.469295
0.007275 304.68 0.232918 107557 0.0314249 1.22493
0.006655 304.674 0.232918 107558 0.0796587 1.22496
0.001755 2280.82 0.0370101 107559 0.448031 0.161359
0.001425 1728.36 0.0921 107559 0.384977 0.212987
0.002075 2406.25 0.0241308 107558 0.379885 0.153017
0.006975 304.676 0.232918 107558 0.0546285 1.22495
0.005325 304.776 0.232918 107558 0.18497 1.22456
0.006285 304.761 0.232918 107558 0.108873 1.22461
0.002405 2339.25 0.0324032 107558 0.353015 0.157468
0.003425 786.711 0.175914 107560 0.195221 0.469516
0.005065 304.667 0.232918 107558 0.205396 1.225
0.000475 483.939 0.217235 107560 0.113311 0.76775
0.001115 1227.04 0.142007 107560 0.269819 0.300584
0.007285 304.643 0.232918 107557 0.0306003 1.22508
0.000795 800.322 0.185285 107560 0.181213 0.462347
0.006665 304.704 0.232918 107558 0.0789255 1.22484
0.001765 2289.47 0.0361053 107559 0.449571 0.160751
0.001435 1745.93 0.0903598 107559 0.389206 0.210836
0.002085 2404.24 0.024366 107558 0.379128 0.153147
0.006985 304.706 0.232918 107558 0.0538962 1.22483
0.006295 304.741 0.232918 107558 0.108079 1.22469
0.005335 304.762 0.232918 107558 0.184177 1.22461
0.002415 2337.19 0.0326667 107558 0.352155 0.157609
0.003435 768.306 0.177592 107568 0.197522 0.480855
0.005075 304.693 0.232918 107558 0.204673 1.22489
0.000485 491.625 0.216483 107560 0.114925 0.755649
0.007295 304.678 0.232918 107557 0.0297851 1.22494
0.001125 1241.89 0.140517 107560 0.273048 0.296967
0.006675 304.729 0.232918 107558 0.0781464 1.22474
0.000805 812.18 0.184074 107560 0.183619 0.455544
0.001775 2298.19 0.0351953 107559 0.451106 0.160143
0.001445 1763.58 0.0886114 107559 0.39346 0.208719
0.002095 2402.22 0.0246023 107558 0.378327 0.153278
0.006995 304.731 0.232918 107558 0.0531203 1.22473
0.006305 304.714 0.232918 107558 0.107279 1.2248
0.005345 304.743 0.232918 107558 0.183377 1.22469
0.002425 2335.13 0.0329307 107558 0.351344 0.157751
0.005085 304.717 0.232918 107558 0.203895 1.2248
0.003445 754.852 0.179259 107559 0.197483 0.489448
0.000495 499.477 0.215713 107560 0.116968 0.74367
0.007305 304.708 0.232918 107557 0.0290524 1.22482
0.001135 1256.82 0.139019 107560 0.276308 0.293414
0.006685 304.75 0.232918 107558 0.0773704 1.22466
0.000815 824.14 0.182852 107560 0.186043 0.448881
0.001785 2306.97 0.0342801 107559 0.452633 0.159536
0.001455 1781.32 0.0868548 107559 0.39774 0.206634
0.002105 2400.21 0.0248397 107558 0.37753 0.153408
0.007005 304.752 0.232918 107558 0.0523475 1.22465
0.006315 304.681 0.232918 107558 0.106516 1.22494
0.005355 304.716 0.232918 107558 0.182569 1.2248
0.002435 2333.06 0.0331951 107559 0.35091 0.157893
0.005095 304.737 0.232918 107558 0.203121 1.22471
0.003455 741.479 0.180916 107559 0.199437 0.498339
0.000505 507.492 0.214924 107560 0.118767 0.731826
0.007315 304.734 0.232918 107557 0.0282778 1.22472
0.001145 1271.84 0.137513 107560 0.279599 0.289924
0.006695 304.767 0.232918 107558 0.076594 1.22459
0.000825 836.201 0.18162 107560 0.188487 0.442356
0.001795 2315.81 0.0333598 107559 0.454154 0.15893
0.001465 1799.15 0.0850898 107559 0.402043 0.20458
0.002115 2398.19 0.0250783 107558 0.376732 0.153539
0.007015 304.769 0.232918 107558 0.051575 1.22458
0.006325 304.641 0.232918 107558 0.105668 1.2251
0.005365 304.682 0.232918 107558 0.181796 1.22494
0.002445 2330.38 0.0335021 107531 0.323811 0.158038
0.005105 304.754 0.232918 107558 0.202344 1.22464
0.003465 728.129 0.18256 107559 0.201095 0.507542
0.000515 515.67 0.214117 107560 0.120664 0.720125
0.007325 304.755 0.232918 107557 0.0275064 1.22463
0.001155 1286.96 0.136 107560 0.282922 0.286497
0.006705 304.779 0.232918 107558 0.075819 1.22454
0.000835 848.361 0.180378 107560 0.19095 0.435966
0.001805 2324.7 0.0324345 107559 0.455663 0.158324
0.002125 2396.17 0.0253179 107558 0.375933 0.15367
0.007025 304.781 0.232918 107558 0.0508051 1.22453
0.001475 1817.05 0.0833167 107559 0.406368 0.202558
0.006335 304.673 0.232918 107558 0.10484 1.22497
0.005375 304.639 0.232918 107558 0.180936 1.22511
0.002455 2319.82 0.0345358 107558 0.295467 0.158798
0.005115 304.768 0.232918 107558 0.201567 1.22459
0.003475 714.805 0.18419 107559 0.203207 0.517073
0.007335 304.771 0.232918 107557 0.0267356 1.22457
0.000525 524.006 0.213292 107560 0.122579 0.708574
0.006715 304.788 0.232918 107558 0.0750553 1.22451
0.001165 1302.16 0.134478 107560 0.286276 0.28313
0.000845 860.619 0.179126 107560 0.193433 0.429708
0.001815 2333.65 0.0315042 107559 0.45721 0.157719
0.007035 304.789 0.232918 107557 0.0500436 1.2245
0.002135 2394.16 0.0255587 107558 0.375134 0.153801
0.001485 1835.04 0.0815353 107559 0.410714 0.200567
0.006345 304.701 0.232918 107558 0.104105 1.22485
0.005385 304.668 0.232918 107558 0.180106 1.22499
0.002465 2308.54 0.0356206 107558 0.293603 0.159574
0.007345 304.783 0.232918 107557 0.0259683 1.22452
0.005445 304.78 0.232918 107558 0.175478 1.22454
0.007355 304.791 0.232918 107557 0.0252054 1.22449
0.005765 304.781 0.232918 107558 0.150119 1.22453
0.004485 304.79 0.232916 107558 0.251315 1.2245
0.004165 306.489 0.232751 107558 0.275125 1.21748
0.005775 304.786 0.232918 107558 0.149306 1.22452
0.004495 304.795 0.232917 107558 0.250528 1.22448
0.002565 2190.78 0.0468869 107558 0.274231 0.168161
0.005785 304.786 0.232918 107558 0.148515 1.22451
0.004175 306.295 0.232773 107558 0.274511 1.21827
0.004505 304.796 0.232917 107558 0.249732 1.22447
0.005795 304.782 0.232918 107558 0.147701 1.22453
0.002575 2178.48 0.048056 107558 0.272321 0.169111
0.004185 306.12 0.232791 107558 0.273878 1.21899
0.004515 304.793 0.232917 107558 0.248925 1.22449
0.005805 304.772 0.232918 107558 0.146925 1.22457
0.002585 2166.09 0.049233 107558 0.270418 0.17008
0.004195 305.959 0.232808 107558 0.273227 1.21965
0.002885 1741.36 0.0883394 107558 0.217992 0.211592
0.005815 304.758 0.232918 107558 0.146133 1.22463
0.004525 304.785 0.232917 107558 0.248145 1.22452
0.002595 2153.59 0.0504179 107558 0.268522 0.171067
0.004205 305.812 0.232822 107558 0.27256 1.22026
0.005825 304.738 0.232918 107558 0.145337 1.22471
0.002895 1725.15 0.0897731 107558 0.216449 0.213581
0.004535 304.772 0.232917 107558 0.247353 1.22457
0.004215 305.675 0.232835 107558 0.271877 1.22082
0.002605 2140.99 0.0516108 107558 0.266633 0.172075
0.005835 304.712 0.232918 107558 0.144534 1.22481
0.002905 1708.79 0.0912154 107558 0.214922 0.215628
0.004545 304.752 0.232917 107558 0.246553 1.22465
0.004225 305.547 0.232846 107558 0.271179 1.22135
0.005845 304.679 0.232918 107558 0.143767 1.22494
0.002615 2128.3 0.0528115 107558 0.264752 0.173102
0.004555 304.724 0.232917 107558 0.245742 1.22476
0.002915 1692.27 0.0926663 107558 0.213412 0.217736
0.004235 305.426 0.232856 107558 0.270466 1.22185
0.005855 304.639 0.232918 107558 0.142911 1.22511
0.002625 2115.49 0.0540203 107558 0.262878 0.17415
0.004565 304.688 0.232917 107558 0.244965 1.22491
0.003525 648.573 0.192106 107559 0.212707 0.570296
0.004245 305.309 0.232864 107558 0.269733 1.22233
0.005865 304.671 0.232918 107558 0.142081 1.22498
0.002925 1675.58 0.0941258 107558 0.211917 0.219906
0.002635 2102.58 0.0552371 107558 0.261013 0.17522
0.004575 304.643 0.232917 107558 0.2441 1.22509
0.004255 305.193 0.232872 107558 0.26901 1.2228
0.003535 635.396 0.193637 107559 0.214571 0.582215
0.005875 304.7 0.232918 107558 0.141346 1.22486
0.002935 1658.73 0.0955939 107558 0.21044 0.222143
0.002645 2089.57 0.056462 107558 0.259157 0.176312
0.004585 304.669 0.232917 107558 0.243273 1.22499
0.004265 305.076 0.232878 107558 0.268222 1.22328
0.005885 304.725 0.232918 107558 0.140558 1.22476
0.003545 622.237 0.195149 107559 0.216395 0.594624
0.002655 2076.45 0.0576949 107558 0.257309 0.177427
0.002945 1641.71 0.0970706 107558 0.208979 0.224448
0.004595 304.694 0.232917 107558 0.242553 1.22489
0.004275 305.049 0.232884 107558 0.267473 1.2234
0.005895 304.746 0.232918 107558 0.139773 1.22467
0.003555 609.091 0.196641 107559 0.218169 0.607559
0.002665 2063.22 0.058936 107558 0.255471 0.178565
0.002955 1624.51 0.0985559 107558 0.207535 0.226827
0.004605 304.716 0.232917 107558 0.241778 1.2248
0.004285 305.027 0.232888 107558 0.266766 1.22349
0.005905 304.763 0.232918 107558 0.138985 1.22461
0.003565 595.951 0.198113 107559 0.219881 0.621062
0.002675 2049.88 0.0601852 107558 0.253642 0.179728
0.002965 1607.14 0.10005 107558 0.206108 0.229281
0.004615 304.736 0.232917 107558 0.241006 1.22472
0.004295 305.008 0.232893 107558 0.26603 1.22357
0.005915 304.776 0.232918 107558 0.138201 1.22456
0.003575 582.809 0.199563 107559 0.221517 0.635177
0.002685 2036.42 0.0614425 107558 0.251823 0.180916
0.002975 1589.59 0.101553 107558 0.204699 0.231816
0.004625 304.753 0.232917 107558 0.240231 1.22465
0.004305 304.991 0.232896 107558 0.265286 1.22365
0.005925 304.783 0.232918 107558 0.137418 1.22453
0.003585 569.655 0.200992 107559 0.223064 0.649958
0.002695 2022.86 0.0627081 107558 0.250014 0.18213
0.002985 1571.85 0.103064 107559 0.203308 0.234435
0.004635 304.767 0.232917 107558 0.239457 1.2246
0.004315 304.976 0.232899 107558 0.264538 1.22372
0.005935 304.786 0.232918 107558 0.136605 1.22451
0.003595 556.479 0.202397 107559 0.224525 0.665469
0.002705 2009.18 0.0639818 107558 0.248216 0.183371
0.002995 1553.92 0.104584 107559 0.201935 0.237143
0.004645 304.777 0.232917 107558 0.238684 1.22455
0.004325 304.96 0.232902 107558 0.263783 1.22379
0.005945 304.784 0.232918 107558 0.135798 1.22452
0.002715 1995.38 0.0652639 107558 0.246429 0.184639
0.003605 543.266 0.203779 107559 0.226019 0.68178
0.004335 304.943 0.232904 107558 0.263021 1.22386
0.004655 304.784 0.232917 107558 0.237911 1.22453
0.003005 1535.8 0.106113 107559 0.20058 0.239945
0.005955 304.777 0.232918 107558 0.135011 1.22455
0.003615 530.019 0.205136 107563 0.228361 0.698977
0.002725 1981.47 0.0665541 107558 0.244653 0.185937
0.004345 304.926 0.232906 107558 0.262255 1.22393
0.004665 304.786 0.232917 107558 0.237106 1.22452
0.003015 1517.49 0.10765 107559 0.199243 0.242845
0.005965 304.766 0.232918 107558 0.13423 1.22459
0.003625 520.04 0.206461 107559 0.229612 0.712498
0.002735 1967.44 0.0678527 107558 0.242888 0.187263
0.004355 304.906 0.232908 107558 0.261484 1.22401
0.004675 304.784 0.232917 107558 0.236304 1.22452
0.003025 1498.96 0.109196 107559 0.197926 0.245851
0.005975 304.75 0.232918 107558 0.133444 1.22466
0.003635 510.252 0.207759 107559 0.232116 0.726306
0.002745 1953.28 0.0691596 107558 0.241135 0.188621
0.004365 304.884 0.232909 107558 0.26071 1.22411
0.004685 304.777 0.232917 107558 0.235515 1.22455
0.003035 1480.23 0.110751 107559 0.196628 0.248966
0.005985 304.73 0.232918 107558 0.132659 1.22474
0.003645 500.642 0.209024 107559 0.234497 0.740394
0.002755 1939 0.0704748 107558 0.239394 0.190011
0.004375 304.858 0.232911 107558 0.259934 1.22421
0.004695 304.765 0.232917 107558 0.234725 1.2246
0.003045 1461.28 0.112315 107559 0.195349 0.252199
0.005995 304.706 0.232918 107558 0.131867 1.22484
0.003655 491.215 0.210256 107559 0.237156 0.754754
0.004385 304.83 0.232912 107558 0.259156 1.22433
0.002765 1924.6 0.0717984 107558 0.237666 0.191433
0.004705 304.746 0.232917 107558 0.233925 1.22468
0.003055 1442.12 0.113888 107559 0.19409 0.255557
0.006005 304.676 0.232918 107558 0.131109 1.22496
0.003665 481.975 0.211454 107559 0.239388 0.769375
0.004395 304.798 0.232913 107558 0.258379 1.22445
0.004715 304.719 0.232917 107558 0.233116 1.22479
0.002775 1910.08 0.0731303 107558 0.23595 0.19289
0.003065 1422.72 0.115469 107559 0.192851 0.259046
0.006015 304.64 0.232918 107558 0.130257 1.2251
0.004405 304.763 0.232913 107558 0.257595 1.2246
0.003675 472.927 0.212617 107559 0.24186 0.784252
0.004725 304.684 0.232918 107558 0.232339 1.22493
0.002785 1895.42 0.0744707 107558 0.234247 0.194382
5e-06 318.783 0.232128 107559 0.0727937 1.17002
0.006025 304.675 0.232918 107558 0.129425 1.22496
0.004415 304.723 0.232914 107558 0.256843 1.22476
0.003075 1403.09 0.117059 107559 0.191632 0.262676
0.003685 464.074 0.213746 107559 0.244214 0.799375
0.004735 304.64 0.232918 107558 0.231476 1.22511
0.002795 1880.64 0.0758194 107558 0.232558 0.195911
0.006035 304.708 0.232918 107558 0.128681 1.22483
1.5e-05 318.886 0.23212 107559 0.0728165 1.16964
0.004425 304.677 0.232915 107558 0.255986 1.22495
0.003085 1383.23 0.118659 107559 0.190435 0.266456
0.003695 455.418 0.214838 107559 0.246521 0.814734
0.004745 304.666 0.232918 107558 0.230649 1.225
0.006045 304.735 0.232918 107558 0.127884 1.22472
0.002805 1865.72 0.0771766 107558 0.230882 0.197479
2.5e-05 319.096 0.232105 107559 0.0728694 1.16886
0.004435 304.703 0.232915 107558 0.255166 1.22484
0.003095 1363.11 0.120267 107559 0.189258 0.270396
0.003845 356.937 0.226803 107558 0.272084 1.04256
0.004755 304.692 0.232918 107558 0.229929 1.2249
0.006055 304.756 0.232918 107558 0.12709 1.22463
0.003705 446.96 0.215895 107559 0.24876 0.830321
0.002815 1850.67 0.0785422 107558 0.229219 0.199086
0.004445 304.729 0.232915 107558 0.25444 1.22474
3.5e-05 319.417 0.232081 107559 0.0729453 1.16767
0.003105 1342.73 0.121884 107559 0.188103 0.274506
0.004765 304.715 0.232918 107558 0.229153 1.2248
0.003855 352.928 0.22731 107558 0.27337 1.05458
0.006065 304.772 0.232918 107558 0.126298 1.22457
0.003715 438.7 0.216916 107559 0.25092 0.846128
0.002825 1835.48 0.0799163 107558 0.227571 0.200734
0.004455 304.75 0.232916 107558 0.253652 1.22465
4.5e-05 319.852 0.232048 107559 0.0730452 1.16607
0.004775 304.735 0.232918 107558 0.22838 1.22472
0.003115 1322.1 0.123511 107559 0.18697 0.2788
0.003865 349.135 0.227784 107558 0.274549 1.06621
0.006075 304.783 0.232918 107558 0.125517 1.22453
0.003725 430.635 0.217899 107559 0.252985 0.862149
0.002835 1820.15 0.0812989 107558 0.225938 0.202426
0.004465 304.768 0.232916 107558 0.252869 1.22459
0.004785 304.752 0.232918 107558 0.227605 1.22465
5.5e-05 320.403 0.232007 107559 0.0731695 1.16404
0.003125 1301.18 0.125147 107559 0.185859 0.283289
0.003875 345.55 0.228227 107558 0.275619 1.07744
0.003735 422.762 0.218846 107559 0.254938 0.878384
0.002845 1804.69 0.08269 107558 0.224318 0.204162
0.004475 304.781 0.232916 107558 0.252087 1.22453
0.004795 304.766 0.232918 107558 0.22683 1.2246
6.5e-05 321.073 0.231956 107559 0.0733186 1.16159
0.003135 1279.99 0.126791 107559 0.184771 0.28799
0.003885 342.163 0.228639 107558 0.276577 1.08827
0.003485 701.507 0.185806 107559 0.205056 0.526948
0.003895 338.965 0.229021 107558 0.277418 1.0987
0.006355 304.726 0.232918 107558 0.103321 1.22475
0.003495 688.236 0.187406 107559 0.206983 0.537187
0.003905 335.943 0.229376 107558 0.278144 1.10873
0.005395 304.695 0.232918 107558 0.179377 1.22488
0.006365 304.747 0.232918 107558 0.10254 1.22467
0.003505 674.99 0.188989 107559 0.208904 0.547809
0.003915 333.085 0.229705 107558 0.278676 1.1184
0.001175 1317.45 0.132948 107560 0.289662 0.279823
0.005405 304.719 0.232918 107558 0.178595 1.22479
0.006375 304.764 0.232918 107558 0.101759 1.2246
0.000535 532.499 0.212449 107560 0.124518 0.69718
0.003515 661.77 0.190556 107559 0.210815 0.558837
0.003925 330.376 0.230008 107558 0.279315 1.12771
0.001185 1332.83 0.131411 107560 0.29308 0.276573
0.005415 304.739 0.232918 107558 0.177815 1.2247
0.006385 304.777 0.232918 107558 0.100979 1.22455
0.000545 541.145 0.211589 107560 0.126479 0.685949
0.003935 327.8 0.230288 107558 0.279432 1.13671
0.000855 872.976 0.177865 107560 0.195936 0.423578
0.003945 325.34 0.230545 107559 0.279743 1.14544
0.002475 2297.18 0.0367129 107558 0.291687 0.160365
0.000865 885.43 0.176594 107560 0.198461 0.417574
0.003955 323.476 0.230779 107558 0.280066 1.15217
0.001825 2342.66 0.030569 107559 0.459074 0.157116
0.000875 897.98 0.175314 107560 0.201006 0.411693
0.002485 2285.72 0.0378128 107558 0.289724 0.16117
0.003965 321.757 0.230994 107558 0.280416 1.15844
0.001835 2351.25 0.0296656 107539 0.437623 0.156516
0.002145 2392.14 0.0258005 107558 0.374334 0.153933
0.000885 910.626 0.174024 107560 0.203574 0.405931
0.003975 320.175 0.23119 107558 0.280685 1.16428
0.002495 2274.18 0.0389203 107558 0.287769 0.161989
0.001845 2354.06 0.0293778 107559 0.414978 0.156359
0.000895 923.367 0.172726 107560 0.206164 0.400287
0.003985 318.72 0.231369 107558 0.280882 1.16971
0.002155 2390.12 0.0260434 107558 0.373534 0.154065
0.002505 2262.54 0.0400353 107558 0.285819 0.162823
0.001855 2356.44 0.0291246 107559 0.41535 0.156203
0.001495 1853.11 0.0797457 107559 0.415078 0.198606
0.003995 317.383 0.231532 107558 0.281006 1.17473
0.000905 936.203 0.171418 107560 0.208778 0.394756
0.002165 2388.1 0.0262873 107558 0.372733 0.154197
0.002515 2250.82 0.041158 107558 0.283874 0.163672
0.001865 2358.84 0.0288695 107559 0.415502 0.156046
0.005455 304.785 0.232918 107558 0.174688 1.22452
0.004005 316.156 0.231679 107558 0.28106 1.17939
0.001505 1871.27 0.0779479 107559 0.419459 0.196675
0.000915 949.133 0.170102 107560 0.211414 0.389337
0.002175 2386.08 0.0265323 107558 0.371932 0.15433
0.002525 2239 0.0422883 107558 0.281934 0.164537
0.001875 2361.28 0.0286125 107559 0.415603 0.155886
0.003745 415.074 0.219755 107559 0.25676 0.894836
0.004015 315.031 0.231813 107558 0.281047 1.18369
0.005465 304.787 0.232918 107558 0.173885 1.22451
0.001515 1889.5 0.076142 107559 0.423854 0.194773
0.000925 962.157 0.168776 107560 0.214075 0.384027
0.002535 2227.09 0.0434264 107558 0.279999 0.165418
0.002185 2384.05 0.0267782 107558 0.371129 0.154462
0.001885 2363.75 0.0283535 107559 0.415705 0.155725
0.004025 313.999 0.231934 107558 0.280971 1.18766
0.003755 407.561 0.220628 107559 0.258427 0.911515
0.005475 304.784 0.232918 107558 0.173074 1.22453
0.000935 975.274 0.167442 107560 0.21676 0.378822
0.001525 1907.81 0.0743281 107559 0.428263 0.1929
0.002545 2215.08 0.0445721 107558 0.278071 0.166315
0.002195 2382.03 0.0270252 107558 0.370326 0.154596
0.004035 313.053 0.232042 107558 0.280833 1.19133
0.001895 2366.25 0.0280926 107559 0.415801 0.155563
0.003765 400.21 0.221463 107559 0.259924 0.928442
0.005485 304.775 0.232918 107558 0.172291 1.22456
0.000945 988.484 0.1661 107560 0.219471 0.373721
0.001535 1926.2 0.0725061 107559 0.432682 0.191055
0.002555 2202.98 0.0457256 107558 0.276148 0.167229
0.002205 2380.01 0.0272731 107558 0.369521 0.154729
0.004045 312.185 0.232141 107558 0.280638 1.19472
0.001905 2368.78 0.0278299 107559 0.415893 0.155398
0.003775 393.006 0.222261 107559 0.261217 0.945648
0.005495 304.762 0.232918 107558 0.171497 1.22461
0.000955 1001.79 0.164749 107560 0.222215 0.36872
0.001545 1944.67 0.0706762 107559 0.437111 0.189238
0.002215 2377.98 0.0275219 107558 0.368715 0.154863
0.004055 311.388 0.232229 107558 0.280386 1.19785
0.002855 1789.08 0.0840895 107558 0.222714 0.205944
7.5e-05 321.866 0.231896 107559 0.0734934 1.15869
0.003145 1258.5 0.128446 107559 0.183715 0.292918
0.002865 1773.32 0.0854976 107558 0.221125 0.207775
8.5e-05 322.784 0.231826 107559 0.0736949 1.15536
0.001195 1348.3 0.129865 107560 0.296529 0.27338
0.002875 1757.42 0.0869142 107558 0.219551 0.209657
9.5e-05 323.829 0.231746 107559 0.0739242 1.15159
0.003155 1236.7 0.130109 107559 0.1829 0.298092
0.001205 1363.85 0.128312 107560 0.300011 0.270241
0.005425 304.756 0.232918 107558 0.177034 1.22464
0.006395 304.786 0.232918 107558 0.100213 1.22451
0.005435 304.77 0.232918 107558 0.176253 1.22458
0.000555 549.942 0.210711 107560 0.128462 0.674886
0.001915 2371.35 0.0275653 107559 0.415981 0.155233
0.003785 385.932 0.223023 107560 0.262641 0.963183
0.000565 558.888 0.209817 107560 0.130464 0.663995
0.005505 304.742 0.232918 107558 0.170697 1.22469
0.001555 1963.22 0.0688383 107559 0.441546 0.187447
0.005515 304.715 0.232918 107558 0.16989 1.2248
0.002225 2375.96 0.0277717 107558 0.367908 0.154997
0.004065 310.654 0.232308 107558 0.280079 1.20074
0.001565 1981.84 0.0669926 107559 0.445986 0.185684
0.005525 304.681 0.232918 107558 0.169118 1.22494
0.002235 2373.93 0.0280223 107558 0.3671 0.155131
0.000105 325.005 0.231656 107559 0.0741825 1.14738
0.004075 309.977 0.232379 107558 0.279715 1.20342
0.001575 2000.54 0.0651392 107559 0.450428 0.183947
0.005535 304.639 0.232918 107558 0.168259 1.22511
0.000115 326.315 0.231555 107559 0.0744732 1.14273
0.003165 1214.76 0.131783 107574 0.182896 0.30353
0.001215 1379.5 0.126751 107560 0.303525 0.267157
0.000575 567.98 0.208905 107560 0.132486 0.65328
0.003175 1199.5 0.133467 107559 0.18177 0.307361
0.001225 1395.23 0.125181 107560 0.307072 0.264126
0.003795 380.483 0.223743 107559 0.264134 0.977154
0.005545 304.668 0.232918 107558 0.16743 1.22499
0.003185 1184.31 0.135155 107559 0.18193 0.311315
0.000585 577.215 0.207978 107560 0.134527 0.642743
0.001235 1411.05 0.123604 107560 0.310651 0.261146
0.003805 375.288 0.224428 107558 0.265919 0.990867
0.005555 304.696 0.232918 107558 0.166699 1.22488
0.003195 1169.03 0.136846 107559 0.182117 0.315398
0.000595 586.591 0.207035 107560 0.136586 0.632386
0.004085 309.347 0.232442 107558 0.279302 1.20593
0.001585 2019.31 0.0632781 107559 0.454872 0.182236
0.004095 308.759 0.232498 107558 0.278767 1.20827
0.000125 327.762 0.231442 107559 0.0747899 1.13763
0.001595 2038.15 0.0614093 107559 0.459314 0.180551
0.004105 308.204 0.232549 107558 0.278453 1.2105
0.001245 1426.97 0.122019 107560 0.314264 0.258217
0.003815 370.341 0.225076 107558 0.267601 1.00429
0.005565 304.72 0.232918 107558 0.165916 1.22478
0.001255 1442.96 0.120426 107559 0.317909 0.255337
0.000605 596.106 0.206076 107560 0.138663 0.62221
0.003825 365.637 0.225687 107558 0.269196 1.01739
0.001265 1459.05 0.118824 107559 0.321588 0.252506
0.005575 304.74 0.232918 107558 0.165135 1.2247
0.003835 361.171 0.226263 107558 0.270691 1.03016
0.000615 605.756 0.205102 107560 0.140757 0.612218
0.005585 304.758 0.232918 107558 0.164354 1.22463
0.000135 329.348 0.231318 107559 0.0752092 1.13209
0.005595 304.771 0.232918 107558 0.163572 1.22458
0.004115 307.834 0.232593 107558 0.277763 1.212
0.000145 331.078 0.231181 107559 0.0754111 1.12612
0.005605 304.78 0.232918 107558 0.162798 1.22454
0.004125 307.503 0.232633 107558 0.277345 1.21334
0.001275 1475.23 0.117215 107559 0.3253 0.249722
0.005615 304.786 0.232918 107558 0.162002 1.22452
0.000155 332.952 0.231032 107559 0.076025 1.11971
0.004135 307.207 0.232668 107558 0.276826 1.21454
0.005625 304.787 0.232918 107558 0.161203 1.22451
0.000625 615.54 0.204113 107560 0.142869 0.602408
0.005635 304.783 0.232918 107558 0.160391 1.22453
0.000165 334.976 0.23087 107559 0.07643 1.11288
0.000635 625.456 0.20311 107560 0.144996 0.592781
0.004145 306.941 0.232699 107558 0.276285 1.21563
0.005645 304.774 0.232918 107558 0.159611 1.22456
0.000175 337.152 0.230694 107559 0.0769422 1.10562
0.005655 304.76 0.232918 107558 0.158817 1.22462
0.000185 339.484 0.230504 107559 0.0774903 1.09795
0.004155 306.703 0.232727 107558 0.275717 1.2166
0.005665 304.741 0.232918 107558 0.158019 1.2247
0.000195 341.974 0.2303 107559 0.0780836 1.08988
0.005675 304.714 0.232918 107558 0.157213 1.2248
0.000205 344.625 0.230081 107559 0.0787214 1.08141
0.005685 304.68 0.232918 107558 0.156443 1.22494
0.000215 347.441 0.229847 107559 0.0794051 1.07256
0.005695 304.639 0.232918 107558 0.155586 1.22511
0.000225 350.425 0.229596 107559 0.0801355 1.06334
0.005705 304.669 0.232918 107558 0.154756 1.22499
0.000235 353.578 0.22933 107559 0.0809136 1.05376
0.005715 304.697 0.232918 107558 0.154023 1.22487
0.000245 356.905 0.229046 107559 0.0817399 1.04385
0.005725 304.722 0.232918 107558 0.153238 1.22477
0.000255 360.408 0.228745 107559 0.082615 1.0336
0.005735 304.742 0.232918 107558 0.152456 1.22469
0.000265 364.088 0.228427 107559 0.0835389 1.02306
0.005745 304.759 0.232918 107558 0.151673 1.22462
0.000275 367.948 0.22809 107559 0.0845119 1.01222
0.005755 304.772 0.232918 107558 0.150889 1.22457
0.000285 371.989 0.227735 107559 0.0855339 1.00112
0.000295 376.214 0.227361 107559 0.0866046 0.989777
0.000305 380.624 0.226969 107559 0.0877236 0.978204
0.000315 385.22 0.226556 107559 0.0888904 0.966428
