5e-06 1558.14 0.159022 533383 0.0556445 1.16909
1.5e-05 1558.16 0.159021 533383 0.0556446 1.16907
2.5e-05 1558.2 0.159017 533383 0.0556456 1.16905
3.5e-05 1558.26 0.159012 533383 0.0556473 1.169
4.5e-05 1558.34 0.159005 533383 0.0556497 1.16894
5.5e-05 1558.43 0.158997 533383 0.0556527 1.16887
6.5e-05 1558.55 0.158986 533383 0.0556564 1.16878
7.5e-05 1558.69 0.158974 533383 0.0556606 1.16868
8.5e-05 1558.85 0.15896 533383 0.0556656 1.16856
9.5e-05 1559.03 0.158945 533383 0.0556711 1.16843
0.000105 1559.23 0.158927 533383 0.0556772 1.16828
0.000115 1559.45 0.158908 533383 0.0556839 1.16811
0.000125 1559.69 0.158887 533383 0.0556913 1.16793
0.000135 1559.96 0.158864 533383 0.0556991 1.16774
0.000145 1560.24 0.158839 533383 0.0557076 1.16752
0.000155 1560.55 0.158812 533383 0.0557166 1.1673
0.000165 1560.87 0.158784 533383 0.0557261 1.16705
0.000175 1561.22 0.158753 533383 0.0557362 1.1668
0.000185 1561.59 0.158721 533383 0.0557468 1.16652
0.000195 1561.99 0.158686 533383 0.0557579 1.16623
0.000205 1562.4 0.15865 533383 0.0557695 1.16592
0.000215 1562.84 0.158612 533383 0.0557816 1.1656
0.000225 1563.3 0.158572 533383 0.0557941 1.16526
0.000235 1563.78 0.15853 533383 0.0558071 1.1649
0.000245 1564.28 0.158486 533383 0.0558205 1.16453
0.000255 1564.81 0.15844 533383 0.0558344 1.16414
0.000265 1565.35 0.158392 533383 0.0558487 1.16374
0.000275 1565.93 0.158342 533383 0.0558633 1.16332
0.000285 1566.52 0.15829 533383 0.0558784 1.16288
0.000295 1567.14 0.158236 533383 0.0558938 1.16242
0.000305 1567.77 0.15818 533383 0.0559096 1.16195
0.000315 1568.44 0.158122 533383 0.0559257 1.16147
0.007045 2319.86 0.00399917 533383 -0.00209001 0.772034
0.007365 2254.26 0.00126804 533383 -0.00268655 0.793514
0.007055 2317.89 0.00385722 533383 -0.0021164 0.772652
0.006725 2351.54 0.0118721 533383 0.00193038 0.763005
0.007065 2315.94 0.00371517 533383 -0.00214003 0.773268
0.007375 2252.48 0.0012316 533383 -0.00261564 0.794121
0.006735 2350.91 0.0115941 533383 0.00182224 0.763161
0.005765 2343.66 0.0376616 533383 0.0144317 0.770387
0.006085 2360.34 0.0293097 533383 0.0105288 0.763372
0.006745 2350.28 0.0113159 533383 0.00171622 0.763319
0.007075 2313.99 0.00357306 533383 -0.00216082 0.773883
0.007385 2250.73 0.00119518 533383 -0.00254224 0.794719
0.005125 2297.09 0.0530821 533383 0.0204082 0.788852
0.007085 2312.05 0.00343088 533383 -0.00217869 0.774496
0.006755 2349.65 0.0110375 533383 0.00161245 0.763478
0.005775 2344.32 0.0374062 533383 0.0143203 0.770122
0.006095 2360.67 0.0290434 533383 0.0103964 0.763217
0.007395 2249 0.00115878 533383 -0.00246637 0.795309
0.005135 2297.76 0.0528555 533383 0.0203265 0.788582
0.007095 2310.12 0.00328864 533383 -0.00219355 0.775106
0.003845 2229.62 0.0800094 533383 0.0318289 0.816847
0.006765 2348.99 0.0107588 533383 0.00151069 0.763643
0.005785 2344.98 0.0371504 533383 0.0142082 0.769858
0.006105 2360.98 0.0287768 533383 0.0102635 0.763064
0.007405 2247.3 0.0011224 533383 -0.00238807 0.795891
0.005145 2298.43 0.0526284 533383 0.0202443 0.788312
0.007105 2308.2 0.00314636 533383 -0.0022053 0.775714
0.003855 2230.22 0.0798009 533383 0.0317189 0.816605
0.006775 2348.34 0.0104799 533383 0.00141173 0.763809
0.005795 2345.63 0.0368943 533383 0.0140955 0.769597
0.007115 2306.3 0.00300404 533383 -0.00221478 0.77632
0.007415 2245.63 0.00108603 533383 -0.00230737 0.796463
0.006115 2361.29 0.02851 533383 0.0101301 0.762915
0.005155 2299.1 0.0524009 533383 0.0201616 0.788043
0.003865 2230.81 0.0795926 533383 0.0316093 0.816365
0.005805 2346.27 0.0366377 533383 0.0139821 0.769337
0.006785 2347.68 0.0102007 533383 0.0013154 0.763977
0.007125 2304.41 0.00286169 533383 -0.00220198 0.776923
0.007425 2243.99 0.00104968 533383 -0.0022243 0.797026
0.005165 2299.76 0.0521729 533383 0.0200784 0.787773
0.006125 2361.59 0.0282429 533383 0.00999619 0.762769
0.003875 2231.4 0.0793845 533383 0.0315 0.816126
0.006795 2347.02 0.00992127 533383 0.00122168 0.764145
0.005815 2346.91 0.0363808 533383 0.0138681 0.76908
0.007135 2302.52 0.00272004 533382 -0.00265271 0.777523
0.007435 2242.39 0.00101334 533383 -0.00213888 0.79758
0.005175 2300.43 0.0519446 533383 0.0199947 0.787504
0.006135 2361.87 0.0279756 533383 0.00986181 0.762626
0.003885 2231.98 0.0791766 533383 0.0313911 0.81589
0.006805 2346.36 0.00964155 533383 0.00113057 0.764315
0.005825 2347.54 0.0361234 533383 0.0137535 0.768824
0.007145 2300.21 0.0026467 533383 -0.00309891 0.778271
0.007445 2240.81 0.000977017 533383 -0.00205146 0.798124
0.005185 2301.1 0.0517157 533383 0.0199107 0.787236
0.006145 2362.15 0.027708 533383 0.00972694 0.762486
0.004805 2277.12 0.0601234 533383 0.0229067 0.796987
0.003895 2232.56 0.0789689 533383 0.0312826 0.815656
0.006815 2345.7 0.00936156 533383 0.00104206 0.764486
0.005835 2348.17 0.0358657 533383 0.0136381 0.768571
0.007155 2297.91 0.00257408 533383 -0.00307533 0.779016
0.004165 2246.52 0.0734112 533383 0.0285039 0.80989
0.007455 2239.26 0.000940705 533383 -0.00195599 0.798659
0.006155 2362.42 0.0274401 533383 0.00959161 0.762349
0.005195 2301.76 0.0514864 533383 0.0198263 0.786967
0.004815 2277.7 0.059909 533383 0.0228288 0.79675
0.003905 2233.13 0.0787614 533383 0.0311744 0.815423
0.006825 2345.03 0.0090813 533383 0.000956143 0.764657
0.005845 2348.77 0.0356076 533383 0.0135221 0.768327
0.007165 2295.63 0.00250148 533383 -0.00306813 0.779759
0.007465 2237.75 0.00090461 533384 -0.00198993 0.799184
0.004175 2246.99 0.0732065 533383 0.0284064 0.809695
0.006165 2362.67 0.027172 533383 0.00945583 0.762215
0.005205 2302.43 0.0512567 533383 0.0197414 0.786699
0.004825 2278.28 0.0596943 533383 0.022751 0.796512
0.003915 2233.69 0.078554 533383 0.0310667 0.815193
0.006835 2344.37 0.00880077 533383 0.000872807 0.764829
0.005855 2349.36 0.0353492 533383 0.0134053 0.768085
0.007175 2293.36 0.00242889 533383 -0.00305704 0.780498
0.007475 2236.58 0.000888754 533383 -0.00202298 0.799587
0.006175 2362.92 0.0269037 533383 0.00931959 0.762085
0.004185 2247.45 0.0730018 533383 0.0283093 0.8095
0.005215 2303.18 0.0510265 533383 0.0196569 0.7864
0.004835 2278.85 0.0594792 533383 0.0226732 0.796275
0.003925 2234.25 0.0783468 533383 0.0309594 0.814964
0.006845 2343.7 0.00851996 533383 0.000792048 0.765001
0.005865 2349.94 0.0350903 533383 0.0132878 0.767845
0.007185 2291.11 0.00235632 533383 -0.00304297 0.781234
0.006185 2363.16 0.0266351 533383 0.00918291 0.761957
0.007485 2235.44 0.000873123 533383 -0.00192214 0.79998
0.004195 2247.91 0.0727971 533383 0.0282126 0.809307
0.005225 2303.94 0.0507959 533383 0.0195721 0.786101
0.004845 2279.43 0.0592638 533383 0.0225955 0.796037
0.006855 2343.04 0.00823888 533383 0.000713857 0.765174
0.003935 2234.81 0.0781398 533383 0.0308525 0.814737
0.007195 2288.87 0.00228377 533383 -0.00302584 0.781966
0.005875 2350.52 0.0348311 533383 0.0131695 0.767607
0.006195 2363.38 0.0263663 533383 0.00904581 0.761833
0.007495 2234.33 0.00085751 533383 -0.00182535 0.800363
0.004205 2248.37 0.0725925 533383 0.0281164 0.809115
0.005235 2304.69 0.0505648 533383 0.0194864 0.785802
0.004855 2280 0.059048 533383 0.0225178 0.795799
0.006865 2342.37 0.00795753 533383 0.000638229 0.765347
0.003945 2235.36 0.0779329 533383 0.030746 0.814512
0.007205 2286.65 0.00221124 533383 -0.00300561 0.782694
0.005885 2351.09 0.0345715 533383 0.0130504 0.767372
0.007505 2233.26 0.000841916 533383 -0.00172677 0.800734
0.006205 2363.6 0.0260973 533383 0.00890828 0.761713
0.004215 2248.82 0.0723878 533383 0.0280206 0.808923
0.005245 2305.45 0.0503333 533383 0.0194002 0.785504
0.004865 2280.58 0.0588319 533383 0.0224401 0.795562
0.006875 2341.71 0.00767592 533383 0.000565162 0.76552
0.003955 2235.9 0.0777262 533383 0.03064 0.814289
0.007215 2284.45 0.00213873 533383 -0.00298225 0.783419
0.005895 2351.66 0.0343116 533383 0.0129306 0.76714
0.006215 2363.81 0.0258281 533383 0.00877035 0.761595
0.007515 2232.22 0.000826341 533383 -0.00162675 0.801094
0.004225 2249.27 0.0721832 533383 0.0279253 0.808733
0.005255 2306.2 0.0501013 533383 0.0193135 0.785206
0.004875 2281.16 0.0586155 533383 0.0223624 0.795323
0.006885 2341.05 0.00739404 533383 0.000494655 0.765693
0.007225 2282.26 0.00206624 533383 -0.00295573 0.784138
0.003965 2236.44 0.0775196 533383 0.0305345 0.814068
0.005905 2352.21 0.0340513 533383 0.0128101 0.766909
0.006225 2364 0.0255586 533383 0.00863201 0.761481
0.007525 2231.22 0.000810784 533383 -0.0015253 0.801443
0.004235 2249.72 0.0719785 533383 0.0278304 0.808544
0.005265 2306.95 0.0498688 533383 0.0192265 0.784909
0.004885 2281.74 0.0583987 533383 0.0222848 0.795085
0.006895 2340.39 0.00711191 533383 0.00042671 0.765865
0.007235 2280.1 0.00199378 533383 -0.00292604 0.784854
0.003975 2236.98 0.0773132 533383 0.0304294 0.813848
0.004485 2261.11 0.0668445 533383 0.025567 0.803716
0.005915 2352.76 0.0337906 533383 0.0126889 0.766681
0.006235 2364.19 0.0252889 533383 0.00849329 0.761371
0.007535 2230.25 0.000795245 533383 -0.00142247 0.80178
0.004245 2250.16 0.0717739 533383 0.0277361 0.808355
0.005275 2307.7 0.0496359 533383 0.0191392 0.784612
0.004895 2282.31 0.0581816 533383 0.0222072 0.794847
0.006905 2339.73 0.00682953 533383 0.000361335 0.766037
0.003985 2237.51 0.0771069 533383 0.0303249 0.81363
0.007245 2277.95 0.00192134 533383 -0.00289315 0.785564
0.005925 2353.3 0.0335296 533383 0.0125671 0.766456
0.004495 2261.55 0.0666377 533383 0.0254789 0.803529
0.006245 2364.36 0.0250191 533383 0.0083542 0.761264
0.007545 2229.32 0.000779724 533383 -0.0013183 0.802106
0.004255 2250.6 0.0715692 533383 0.0276422 0.808168
0.005285 2308.45 0.0494026 533383 0.0190517 0.784317
0.004905 2282.89 0.0579641 533383 0.0221297 0.794608
0.006915 2339.08 0.0065469 533383 0.000298539 0.766209
0.003995 2238.04 0.0769008 533383 0.0302207 0.813413
0.007255 2275.83 0.00184892 533383 -0.00285706 0.78627
0.005935 2353.83 0.0332683 533383 0.0124445 0.766233
0.006255 2364.53 0.024749 533383 0.00821474 0.76116
0.007555 2228.42 0.000764222 533383 -0.00121281 0.80242
0.004505 2261.99 0.0664308 533383 0.0253909 0.803342
0.004265 2251.04 0.0713645 533383 0.0275485 0.807981
0.005295 2309.19 0.0491688 533383 0.0189641 0.784021
0.004915 2283.47 0.0577463 533383 0.0220521 0.79437
0.006925 2338.43 0.00626405 533383 0.000238333 0.766379
0.007265 2273.72 0.00177652 533383 -0.00281776 0.78697
0.004005 2238.57 0.0766947 533383 0.0301173 0.813194
0.005945 2354.36 0.0330066 533383 0.0123213 0.766012
0.006265 2364.68 0.0244787 533383 0.0080754 0.761059
0.007565 2227.56 0.000748737 533383 -0.00110606 0.802722
0.004275 2251.52 0.0711598 533383 0.027456 0.80778
0.004515 2262.42 0.0662237 533383 0.0253029 0.803155
0.005305 2309.94 0.0489345 533383 0.0188763 0.783726
0.004925 2284.05 0.0575281 533383 0.0219746 0.794131
0.006935 2337.78 0.00598097 533383 0.00018081 0.766549
0.007275 2271.64 0.00170415 533383 -0.00277523 0.787664
0.004015 2239.1 0.0764888 533383 0.0300141 0.812977
0.005955 2354.88 0.0327446 533383 0.0121974 0.765795
0.006275 2364.82 0.0242082 533382 0.0079346 0.760962
0.007575 2226.73 0.000733271 533383 -0.000998075 0.803012
0.004285 2252 0.070955 533383 0.0273639 0.80758
0.005315 2310.68 0.0486997 533383 0.0187884 0.783432
0.004525 2262.93 0.0660165 533383 0.025216 0.802943
0.004935 2284.63 0.0573095 533383 0.0218971 0.793892
0.006945 2337.14 0.00569769 533383 0.000124137 0.766718
0.007285 2269.58 0.00163179 533383 -0.00272999 0.788353
0.004025 2239.62 0.0762831 533383 0.0299111 0.812761
0.006285 2364.84 0.0239376 533383 0.00779395 0.760905
0.005965 2355.39 0.0324822 533383 0.0120728 0.765579
0.007585 2225.94 0.000717822 533383 -0.000889111 0.803291
0.004295 2252.47 0.0707502 533383 0.0272718 0.807381
0.005325 2311.42 0.0484645 533383 0.0187004 0.783139
0.004945 2285.21 0.0570906 533383 0.0218197 0.793653
0.004535 2263.44 0.0658091 533383 0.0251294 0.802731
0.006955 2336.51 0.00541421 533383 0.000111059 0.766886
0.007295 2267.54 0.00155945 533383 -0.00267179 0.789036
0.004035 2240.14 0.0760774 533383 0.0298084 0.812547
0.006295 2364.85 0.0236668 533383 0.00765295 0.760851
0.005975 2355.89 0.0322196 533383 0.0119476 0.765367
0.004305 2252.95 0.0705454 533383 0.02718 0.807182
0.007595 2225.18 0.000702392 533383 -0.000774884 0.803557
0.005335 2312.16 0.0482289 533383 0.0186124 0.782846
0.004955 2285.79 0.0568712 533383 0.0217423 0.793414
0.004545 2263.94 0.0656015 533383 0.0250425 0.80252
0.006965 2335.86 0.00513206 533379 -0.000882826 0.767052
0.007305 2265.52 0.00148748 533383 -0.00284281 0.789712
0.004045 2240.65 0.0758718 533383 0.0297059 0.812335
0.006305 2364.85 0.0233958 533383 0.0075118 0.760801
0.005985 2356.38 0.0319566 533383 0.0118218 0.765157
0.004315 2253.42 0.0703405 533383 0.0270885 0.806984
0.007605 2224.47 0.00068713 533384 -0.000755864 0.80381
0.005345 2312.9 0.0479927 533383 0.0185243 0.782553
0.004965 2286.37 0.0566515 533383 0.0216647 0.793174
0.004555 2264.44 0.0653937 533383 0.0249557 0.802309
0.006975 2333.85 0.00498964 533383 -0.00187295 0.767677
0.007315 2263.58 0.00145055 533383 -0.00301137 0.790363
0.004055 2241.16 0.0756664 533383 0.0296038 0.812123
0.006315 2364.84 0.0231246 533383 0.00737074 0.760754
0.005995 2356.87 0.0316932 533383 0.0116953 0.76495
0.004325 2253.88 0.0701356 533383 0.0269973 0.806787
0.007615 2224.2 0.000686837 533383 -0.000736296 0.803899
0.005355 2313.63 0.0477561 533383 0.0184362 0.782261
0.004975 2287.04 0.0564315 533383 0.0215879 0.792905
0.006985 2331.83 0.00484857 533383 -0.00187666 0.768301
0.004565 2264.95 0.0651857 533383 0.0248691 0.802098
0.004065 2241.67 0.075461 533383 0.0295019 0.811914
0.007325 2261.67 0.001414 533383 -0.00294414 0.791008
0.006325 2364.81 0.0228532 533383 0.00722985 0.760711
0.006005 2357.34 0.0314296 533383 0.0115683 0.764745
0.004335 2254.35 0.0699306 533383 0.0269063 0.806591
0.007625 2223.98 0.000686714 533383 -0.000620414 0.803975
0.004985 2287.71 0.056211 533383 0.0215113 0.792635
0.005365 2314.37 0.0475191 533383 0.018348 0.78197
0.006995 2329.82 0.00470734 533383 -0.00191965 0.768925
0.004075 2242.17 0.0752557 533383 0.0294004 0.811705
0.004575 2265.45 0.0649775 533383 0.0247827 0.801888
0.007335 2259.78 0.00137747 533383 -0.00288399 0.791646
0.006335 2364.78 0.0225817 533383 0.00708873 0.760671
0.006015 2357.81 0.0311657 533383 0.0114405 0.764544
0.004345 2254.81 0.0697255 533383 0.0268156 0.806395
0.007635 2223.8 0.000686612 533383 -0.000508085 0.804039
0.004995 2288.38 0.0559901 533383 0.0214343 0.792365
0.005375 2315.1 0.0472816 533383 0.0182596 0.78168
0.007005 2327.82 0.00456596 533383 -0.00195854 0.769549
0.004085 2242.67 0.0750505 533383 0.0292993 0.811498
0.007345 2257.91 0.00134097 533383 -0.00282074 0.792276
0.006345 2364.73 0.0223099 533383 0.00694755 0.760635
0.004585 2265.95 0.0647692 533383 0.0246966 0.801678
0.006025 2358.2 0.0309014 533383 0.0113119 0.764368
0.007645 2223.65 0.00068653 533383 -0.000395398 0.804089
0.004355 2255.27 0.0695204 533383 0.0267252 0.8062
0.005005 2289.05 0.0557689 533383 0.0213571 0.792095
0.005385 2315.83 0.0470436 533383 0.0181711 0.78139
0.007015 2325.82 0.00442444 533383 -0.00199514 0.770172
0.007355 2256.08 0.00130449 533383 -0.00275492 0.792899
0.004095 2243.17 0.0748454 533383 0.0291985 0.811293
0.006355 2364.67 0.022038 533383 0.00680633 0.760602
0.004595 2266.45 0.0645606 533383 0.0246109 0.801469
0.006035 2358.58 0.0306369 533383 0.0111828 0.764195
0.007655 2223.54 0.000686468 533383 -0.000282601 0.804128
0.004365 2255.73 0.0693152 533383 0.026635 0.806005
0.005015 2289.72 0.0555472 533383 0.0212797 0.791825
0.005395 2316.56 0.0468051 533383 0.0180825 0.7811
0.003525 2206.79 0.0868174 533383 0.0354909 0.825973
0.005405 2317.29 0.0465662 533383 0.0179936 0.780812
0.001605 1819.27 0.13531 533383 0.055791 1.00259
0.005415 2318.06 0.0463268 533383 0.0179048 0.780506
0.000325 1569.12 0.158062 533383 0.0559422 1.16096
0.005425 2318.84 0.0460869 533383 0.0178158 0.780202
0.003535 2207.61 0.0865999 533383 0.0353729 0.825646
0.000965 1659.89 0.149994 533383 0.0569478 1.098
0.005435 2319.61 0.0458466 533383 0.0177262 0.779898
0.001615 1822.02 0.13505 533383 0.0557412 1.00109
0.003205 2174.8 0.0939801 533383 0.0391403 0.838639
0.001285 1734.22 0.143234 533383 0.0567135 1.05134
0.001925 1907.83 0.126782 533383 0.0537461 0.956359
0.003215 2176.01 0.0937499 533382 0.0390188 0.838159
0.000645 1603.27 0.155051 533383 0.0565464 1.13643
0.001295 1736.76 0.143001 533383 0.0566924 1.04982
0.003225 2177.14 0.0935201 533383 0.0388972 0.837711
0.001935 1910.59 0.126511 533383 0.0536675 0.954989
0.001305 1739.3 0.142767 533383 0.0566697 1.0483
0.000655 1604.71 0.154923 533383 0.0565646 1.13542
0.003235 2178.26 0.0932907 533383 0.0387751 0.837266
0.001945 1913.34 0.126241 533383 0.0535881 0.953625
0.002245 1993.68 0.11812 533383 0.0508269 0.915357
0.001315 1741.86 0.142532 533383 0.0566459 1.04677
0.003245 2179.37 0.0930617 533383 0.0386529 0.836825
0.000665 1606.18 0.154793 533383 0.0565827 1.13439
0.001955 1916.08 0.12597 533383 0.0535077 0.952265
0.002885 2130.3 0.101588 533383 0.0430607 0.8565
0.001325 1744.42 0.142295 533383 0.0566226 1.04525
0.003255 2180.47 0.0928332 533383 0.0385307 0.836388
0.000675 1607.67 0.154661 533383 0.0566005 1.13335
0.001965 1918.83 0.125699 533383 0.0534265 0.950911
0.002565 2070.16 0.109658 533383 0.0467919 0.881548
0.001335 1747 0.142058 533383 0.0566029 1.04372
0.003265 2181.57 0.0926051 533383 0.0384085 0.835954
0.000685 1609.18 0.154526 533383 0.056618 1.13229
0.001975 1921.57 0.125427 533383 0.0533445 0.949563
0.001345 1749.58 0.14182 533383 0.0565901 1.04219
0.003275 2182.65 0.0923774 533383 0.0382863 0.835523
0.002255 1996.26 0.117851 533383 0.0507209 0.914176
0.002575 2072.31 0.1094 533383 0.0466776 0.880635
0.001985 1924.3 0.125156 533383 0.0532616 0.94822
0.000695 1610.71 0.15439 533383 0.0566353 1.13122
0.001355 1752.17 0.14158 533383 0.0565866 1.04067
0.003285 2183.73 0.0921501 533383 0.0381642 0.835096
0.006405 2364.23 0.0206759 533383 0.00610055 0.760492
0.001995 1927.03 0.124885 533383 0.0531779 0.946883
0.002585 2074.44 0.109141 533383 0.0465637 0.879727
0.000705 1612.27 0.154252 533383 0.0566523 1.13014
0.002895 2131.88 0.101343 533383 0.0429392 0.855858
0.001365 1754.77 0.14134 533383 0.0565915 1.03914
0.003295 2184.8 0.0919233 533383 0.0380421 0.834673
0.002005 1929.76 0.124614 533383 0.0530933 0.945551
0.002595 2076.56 0.108883 533383 0.0464503 0.878825
0.000715 1613.85 0.154112 533383 0.056669 1.12905
0.006415 2364.1 0.020403 533383 0.00595959 0.76048
0.002265 1998.83 0.117583 533383 0.0506136 0.913001
0.005445 2320.38 0.0456058 533383 0.017636 0.779594
0.001375 1757.38 0.141098 533383 0.0566008 1.03761
0.002015 1932.49 0.124342 533383 0.0530079 0.944225
0.003305 2185.86 0.0916969 533383 0.0379202 0.834253
0.002605 2078.68 0.108626 533383 0.0463375 0.877927
0.000725 1615.44 0.15397 533383 0.0566854 1.12794
0.006425 2363.97 0.02013 533383 0.00581876 0.760472
0.007025 2323.82 0.0042828 533383 -0.0020293 0.770793
0.002905 2133.45 0.101099 533383 0.0428174 0.855219
0.001385 1760 0.140856 533383 0.0566079 1.03608
0.002025 1935.21 0.124071 533383 0.0529217 0.942904
0.003315 2186.91 0.0914709 533383 0.0377984 0.833836
0.002615 2080.78 0.108369 533383 0.046225 0.877035
0.000735 1617.06 0.153826 533383 0.0567015 1.12682
0.006435 2363.83 0.0198568 533383 0.00567807 0.760468
0.002275 2001.4 0.117314 533383 0.0505049 0.911834
0.001395 1762.63 0.140612 533383 0.0566068 1.03454
0.002035 1937.92 0.1238 533383 0.0528347 0.94159
0.003325 2187.96 0.0912454 533383 0.0376771 0.833423
0.002625 2082.83 0.108112 533383 0.0461124 0.87617
0.000745 1618.7 0.15368 533383 0.0567172 1.12569
0.006365 2364.61 0.0217659 533383 0.00666511 0.760573
0.005455 2321.15 0.0453645 533383 0.0175454 0.779292
0.006445 2363.67 0.0195835 533383 0.00553771 0.760467
0.001405 1765.26 0.140368 533383 0.056594 1.03301
0.002045 1940.63 0.123528 533383 0.0527469 0.940281
0.003335 2188.99 0.0910202 533383 0.037556 0.833013
0.002635 2084.87 0.107856 533383 0.0459991 0.87531
0.000755 1620.37 0.153532 533383 0.0567325 1.12454
0.002915 2135.01 0.100855 533383 0.0426954 0.854585
0.007035 2321.84 0.00414104 533383 -0.00206095 0.771414
0.006455 2363.51 0.0193101 533382 0.00539716 0.760469
0.001415 1767.9 0.140123 533383 0.0565699 1.03148
0.002285 2003.95 0.117046 533383 0.0503949 0.910673
0.002055 1943.34 0.123257 533383 0.0526583 0.938977
0.003345 2190.02 0.0907955 533383 0.037435 0.832606
0.002645 2086.9 0.1076 533383 0.0458856 0.874454
0.000765 1622.05 0.153382 533383 0.0567475 1.12339
0.006465 2363.21 0.0190365 533383 0.00525682 0.760515
0.004105 2243.66 0.0746403 533383 0.0290981 0.811089
0.004605 2266.94 0.0643518 533383 0.0245255 0.801259
0.006475 2362.9 0.0187628 533383 0.00511737 0.760564
0.004115 2244.14 0.0744353 533383 0.028998 0.810886
0.006045 2358.95 0.030372 533383 0.0110531 0.764024
0.006485 2362.58 0.0184889 533383 0.00497842 0.760617
0.004125 2244.63 0.0742304 533383 0.0288984 0.810684
0.004615 2267.44 0.0641428 533383 0.0244406 0.801051
0.004375 2256.19 0.0691099 533383 0.0265451 0.805812
0.006055 2359.31 0.0301069 533383 0.0109228 0.763857
0.006495 2362.25 0.0182149 533383 0.00484015 0.760673
0.004135 2245.11 0.0740255 533383 0.0287991 0.810484
0.004625 2267.94 0.0639336 533383 0.0243561 0.800842
0.006505 2361.91 0.0179408 533383 0.00470259 0.760732
0.004385 2256.65 0.0689045 533383 0.0264554 0.805618
0.006065 2359.67 0.0298414 533383 0.010792 0.763693
0.004145 2245.58 0.0738207 533383 0.0287003 0.810285
0.004635 2268.43 0.0637241 533383 0.0242721 0.800634
0.006515 2361.56 0.0176665 533383 0.00456576 0.760795
0.007665 2223.46 0.000686427 533383 -0.000169904 0.804153
0.004395 2257.1 0.068699 533383 0.0263659 0.805426
0.004155 2246.05 0.0736159 533383 0.0286019 0.810087
0.006075 2360.01 0.0295757 533383 0.0106607 0.763531
0.004645 2268.92 0.0635144 533383 0.0241886 0.800426
0.006525 2361.19 0.0173921 533383 0.0044297 0.760862
0.004405 2257.55 0.0684935 533383 0.0262766 0.805234
0.007675 2223.42 0.000686407 533383 -5.65225e-05 0.804166
0.005025 2290.39 0.0553252 533383 0.021202 0.791555
0.003545 2208.43 0.0863828 533383 0.0352553 0.825322
0.000335 1569.83 0.157999 533383 0.0559589 1.16044
0.005035 2291.06 0.0551027 533383 0.0211242 0.791285
0.001625 1824.77 0.134789 533383 0.0556905 0.999589
0.003555 2209.24 0.086166 533383 0.0351379 0.825
0.005045 2291.73 0.0548799 533383 0.021046 0.791014
0.000345 1570.56 0.157935 533383 0.055976 1.15991
0.003565 2210.04 0.0859495 533383 0.0350206 0.824682
0.001635 1827.53 0.134528 533383 0.0556389 0.998092
0.005055 2292.4 0.0546566 533383 0.0209676 0.790744
0.000355 1571.31 0.157869 533383 0.0559933 1.15935
0.000975 1661.98 0.149806 533383 0.0569518 1.09663
0.003575 2210.84 0.0857334 533383 0.0349034 0.824366
0.001645 1830.29 0.134266 533383 0.0555863 0.996599
0.005465 2321.92 0.0451228 533383 0.0174543 0.77899
0.005065 2293.07 0.054433 533383 0.0208889 0.790473
0.000365 1572.09 0.157801 533383 0.0560109 1.15879
0.006375 2364.53 0.0214936 533383 0.0065239 0.760548
0.000985 1664.09 0.149616 533383 0.0569553 1.09525
0.003585 2211.63 0.0855176 533383 0.0347863 0.824052
0.001655 1833.05 0.134004 533383 0.0555328 0.995109
0.005075 2293.74 0.0542089 533383 0.0208098 0.790203
0.000375 1572.89 0.157731 533383 0.0560288 1.1582
0.005475 2322.68 0.0448806 533383 0.0173626 0.778689
0.002655 2088.92 0.107344 533383 0.0457719 0.873604
0.000995 1666.21 0.149425 533383 0.056958 1.09387
0.006385 2364.44 0.0212212 533383 0.00638272 0.760525
0.003595 2212.41 0.0853022 533383 0.0346693 0.823742
0.001665 1835.82 0.133741 533383 0.0554784 0.993622
0.005085 2294.41 0.0539844 533383 0.0207303 0.789933
0.005485 2323.45 0.044638 533383 0.0172704 0.778389
0.000385 1573.72 0.157658 533383 0.0560469 1.1576
0.001005 1668.35 0.149232 533383 0.0569601 1.09248
0.006395 2364.34 0.0209486 533383 0.0062416 0.760507
0.002665 2090.94 0.107089 533383 0.0456584 0.872758
0.005095 2295.08 0.0537595 533383 0.0206505 0.789662
0.003605 2213.18 0.085087 533383 0.0345525 0.823434
0.001675 1838.58 0.133478 533383 0.0554231 0.992139
0.005495 2324.21 0.0443949 533383 0.0171776 0.77809
0.000395 1574.56 0.157584 533383 0.0560652 1.15698
0.003355 2191.04 0.0905711 533383 0.0373135 0.832203
0.000405 1575.43 0.157507 533383 0.0560837 1.15635
0.001425 1770.55 0.139876 533383 0.0565376 1.02995
0.002065 1946.04 0.122986 533383 0.0525689 0.93768
0.000415 1576.33 0.157429 533383 0.0561024 1.1557
0.003365 2192.05 0.0903472 533383 0.0371909 0.831802
0.001435 1773.21 0.139629 533383 0.0565011 1.02842
0.000425 1577.24 0.157348 533383 0.0561213 1.15503
0.003375 2193.06 0.0901237 533383 0.0370674 0.831406
0.002075 1948.74 0.122715 533383 0.0524787 0.936388
0.001445 1775.87 0.139381 533383 0.0564637 1.02689
0.000775 1623.75 0.15323 533383 0.0567621 1.12222
0.000435 1578.18 0.157266 533383 0.0561403 1.15435
0.003385 2194.05 0.0899006 533383 0.0369441 0.831012
0.001455 1778.54 0.139133 533383 0.0564267 1.02536
0.002085 1951.43 0.122444 533383 0.0523878 0.935103
0.002925 2136.57 0.100611 533383 0.0425732 0.853955
0.000785 1625.48 0.153076 533383 0.0567763 1.12104
0.000445 1579.15 0.157181 533383 0.0561595 1.15365
0.001465 1781.22 0.138883 533383 0.0563903 1.02383
0.003395 2195.04 0.0896779 533383 0.0368237 0.830621
0.002095 1954.11 0.122172 533383 0.0522961 0.933823
0.002295 2006.5 0.116778 533383 0.0502837 0.909518
0.002935 2138.11 0.100368 533383 0.042451 0.853329
0.000795 1627.22 0.152921 533383 0.0567901 1.11984
0.000455 1580.13 0.157094 533383 0.0561787 1.15293
0.001475 1783.9 0.138633 533383 0.0563537 1.02231
0.003405 2196.02 0.0894555 533383 0.0367098 0.830234
0.002105 1956.8 0.121901 533383 0.0522037 0.932549
0.002305 2009.04 0.116511 533383 0.0501715 0.908371
0.002945 2139.65 0.100126 533383 0.0423287 0.852708
0.000805 1628.99 0.152763 533383 0.0568034 1.11864
0.000465 1581.14 0.157005 533383 0.0561981 1.1522
0.001485 1786.59 0.138381 533383 0.0563163 1.02078
0.002115 1959.47 0.12163 533383 0.0521105 0.931281
0.003415 2196.99 0.0892336 533383 0.0366056 0.82985
0.002315 2011.57 0.116243 533383 0.0500587 0.907231
0.002955 2141.17 0.0998837 533383 0.0422064 0.852091
0.000475 1582.18 0.156914 533383 0.0562176 1.15146
0.000815 1630.78 0.152604 533383 0.0568163 1.11743
0.001495 1789.29 0.138129 533383 0.0562778 1.01926
0.002125 1962.14 0.12136 533383 0.0520166 0.93002
0.003425 2197.96 0.0890121 533383 0.036512 0.829469
0.002325 2014.09 0.115976 533383 0.0499454 0.906097
0.002965 2142.69 0.099642 533383 0.0420842 0.851479
0.000485 1583.23 0.156821 533383 0.0562372 1.15069
0.000825 1632.58 0.152442 533383 0.0568288 1.1162
0.001505 1791.99 0.137877 533383 0.0562382 1.01773
0.002135 1964.8 0.121089 533383 0.051922 0.928764
0.003435 2198.92 0.0887909 533383 0.0364271 0.829091
0.002975 2144.2 0.0994009 533383 0.0419622 0.85087
0.002335 2016.6 0.115709 533383 0.0498309 0.90497
0.000495 1584.31 0.156726 533383 0.0562568 1.14992
0.000835 1634.41 0.152279 533383 0.0568407 1.11496
0.001515 1794.7 0.137623 533383 0.0561976 1.01621
0.006535 2360.82 0.0171176 533383 0.00429443 0.760931
0.002145 1967.46 0.120818 533383 0.0518267 0.927514
0.003445 2199.87 0.0885702 533383 0.036346 0.828715
0.002985 2145.7 0.0991601 533383 0.0418402 0.850266
0.000505 1585.41 0.156629 533383 0.0562764 1.14912
0.004655 2269.42 0.0633045 533383 0.0241056 0.800218
0.002345 2019.11 0.115443 533383 0.0497121 0.90385
0.001525 1797.41 0.137369 533383 0.0561561 1.01469
0.000845 1636.26 0.152114 533383 0.0568522 1.11372
0.002155 1970.11 0.120548 533383 0.0517306 0.926271
0.002995 2147.19 0.0989199 533383 0.0417185 0.849666
0.003455 2200.81 0.0883498 533383 0.0362625 0.828343
0.006545 2360.44 0.0168429 533383 0.00416 0.761004
0.000515 1586.54 0.15653 533383 0.0562961 1.14831
0.002355 2021.6 0.115176 533383 0.0495798 0.902738
0.004665 2269.91 0.0630943 533383 0.024023 0.80001
0.001535 1800.13 0.137114 533383 0.0561136 1.01317
0.004415 2258 0.0682878 533383 0.0261875 0.805042
0.000855 1638.12 0.151947 533383 0.0568632 1.11246
0.002165 1972.76 0.120277 533383 0.0516338 0.925033
0.003005 2148.67 0.0986801 533383 0.0415971 0.84907
0.003465 2201.69 0.0881298 533383 0.0361715 0.827996
0.000525 1587.69 0.156428 533383 0.0563157 1.14749
0.006555 2360.05 0.016568 533383 0.00402642 0.76108
0.002365 2024.05 0.11491 533383 0.0494189 0.901644
0.001545 1802.85 0.136858 533383 0.0560703 1.01165
0.004675 2270.4 0.0628839 533383 0.0239409 0.799802
0.004425 2258.45 0.068082 533383 0.0260985 0.804851
0.000865 1640.01 0.151778 533383 0.0568737 1.11119
0.003015 2150.15 0.0984408 533382 0.0414754 0.848478
0.002175 1975.4 0.120007 533383 0.0515362 0.923802
0.000535 1588.86 0.156325 533383 0.0563354 1.14665
0.003475 2202.55 0.0879101 533383 0.036071 0.827652
0.006565 2359.65 0.0162931 533383 0.00389374 0.761159
0.002375 2026.5 0.114644 533383 0.0492222 0.900558
0.001555 1805.58 0.136602 533383 0.0560261 1.01013
0.004435 2258.9 0.067876 533383 0.0260097 0.804661
0.004685 2270.9 0.0626733 533383 0.0238592 0.799595
0.000875 1641.91 0.151608 533383 0.0568836 1.10991
0.003025 2151.52 0.0982019 533383 0.0413531 0.847925
0.002185 1978.03 0.119737 533383 0.0514378 0.922577
0.000545 1590.06 0.156219 533383 0.056355 1.1458
0.006575 2359.24 0.016018 533383 0.00376198 0.761241
0.003485 2203.42 0.0876909 533383 0.0359618 0.82731
0.002385 2028.91 0.114379 533383 0.0490147 0.899488
0.001565 1808.31 0.136345 533383 0.0559809 1.00862
0.004445 2259.35 0.06767 533383 0.0259209 0.804471
0.000885 1643.84 0.151436 533383 0.0568931 1.10863
0.004695 2271.39 0.0624623 533383 0.0237779 0.799387
0.003035 2152.89 0.0979635 533383 0.0412301 0.847375
0.002195 1980.65 0.119467 533383 0.0513386 0.921357
0.000555 1591.28 0.156112 533383 0.0563746 1.14493
0.006585 2358.82 0.0157427 533383 0.00363118 0.761327
0.003495 2204.27 0.087472 533383 0.0358466 0.826972
0.002395 2031.31 0.114114 533383 0.0488326 0.898423
0.001575 1811.04 0.136087 533383 0.0559348 1.00711
0.004455 2259.79 0.0674638 533383 0.0258323 0.804281
0.001015 1670.5 0.149037 533383 0.0569615 1.09108
0.000895 1645.78 0.151261 533383 0.0569019 1.10733
0.003045 2154.25 0.0977255 533383 0.0411069 0.84683
0.004705 2271.88 0.0622511 533383 0.023697 0.79918
0.002205 1983.27 0.119197 533383 0.0512384 0.920145
0.006595 2358.4 0.0154673 533383 0.00350136 0.761415
0.000565 1592.52 0.156002 533383 0.0563942 1.14404
0.002405 2033.7 0.113849 533383 0.0486818 0.89737
0.003505 2205.12 0.0872534 533383 0.0357284 0.826636
0.001585 1813.78 0.135829 533383 0.0558878 1.0056
0.004465 2260.23 0.0672575 533383 0.0257438 0.804092
0.001025 1672.68 0.148841 533383 0.0569623 1.08968
0.000905 1647.74 0.151086 533383 0.0569103 1.10602
0.003055 2155.6 0.0974881 533383 0.0409836 0.846289
0.006605 2357.96 0.0151918 533383 0.00337257 0.761507
0.002215 1985.88 0.118928 533383 0.0511373 0.918938
0.004715 2272.37 0.0620396 533383 0.0236165 0.798972
0.000575 1593.78 0.15589 533383 0.0564136 1.14314
0.002415 2036.07 0.113585 533383 0.0485514 0.896325
0.001595 1816.52 0.13557 533383 0.0558398 1.00409
0.003515 2205.96 0.0870352 533383 0.0356095 0.826303
0.004475 2260.67 0.0670511 533383 0.0256554 0.803904
0.001035 1674.86 0.148643 533383 0.0569623 1.08827
0.000915 1649.72 0.150908 533383 0.056918 1.10471
0.003065 2156.94 0.097251 533383 0.0408601 0.845751
0.006615 2357.52 0.0149161 533383 0.00324483 0.761601
0.002225 1988.49 0.118658 533383 0.051035 0.917738
0.000585 1595.07 0.155777 533383 0.056433 1.14223
0.002675 2092.94 0.106834 533382 0.0455444 0.871917
0.005105 2295.75 0.0535341 533383 0.0205702 0.789392
0.002685 2094.86 0.10658 533383 0.0454296 0.871114
0.003615 2213.95 0.0848722 533383 0.0344359 0.823129
0.001685 1841.35 0.133214 533383 0.0553669 0.990658
0.005115 2296.42 0.0533083 533383 0.0204894 0.789122
0.005505 2324.96 0.0441513 533383 0.0170842 0.777792
0.003625 2214.71 0.0846577 533383 0.0343194 0.822826
0.002695 2096.78 0.106326 533383 0.0453139 0.870315
0.001695 1844.12 0.13295 533383 0.0553098 0.989182
0.003635 2215.46 0.0844435 533383 0.0342031 0.822526
0.005515 2325.72 0.0439073 533383 0.0169903 0.777494
0.002425 2038.43 0.11332 533383 0.04843 0.895287
0.005525 2326.47 0.0436628 533383 0.0168957 0.777198
0.004725 2272.86 0.0618279 533383 0.0235363 0.798765
0.002435 2040.78 0.113056 533383 0.0483117 0.894255
0.001045 1677.07 0.148444 533383 0.0569616 1.08685
0.005535 2327.22 0.0434179 533383 0.0168006 0.776903
0.002445 2043.11 0.112793 533383 0.0481943 0.893236
0.000925 1651.72 0.150728 533383 0.0569252 1.10338
0.004735 2273.35 0.0616159 533383 0.0234564 0.798558
0.005545 2327.97 0.0431725 533383 0.0167049 0.776609
0.001055 1679.29 0.148243 533383 0.0569603 1.08543
0.003075 2158.28 0.0970144 533383 0.0407366 0.845218
0.002455 2045.43 0.11253 533383 0.0480759 0.892224
0.000935 1653.74 0.150547 533383 0.0569317 1.10205
0.005555 2328.71 0.0429266 533383 0.0166085 0.776315
0.001065 1681.53 0.148041 533383 0.0569581 1.084
0.004745 2273.84 0.0614036 533383 0.0233768 0.79835
0.002465 2047.74 0.112267 533383 0.0479571 0.891217
0.003085 2159.6 0.0967783 533383 0.0406131 0.844689
0.005565 2329.45 0.0426803 533383 0.0165116 0.776023
0.000945 1655.77 0.150364 533383 0.0569377 1.10071
0.001075 1683.78 0.147837 533383 0.0569553 1.08256
0.002475 2050.04 0.112004 533383 0.0478382 0.890217
0.004755 2274.33 0.061191 533383 0.0232975 0.798143
0.003095 2160.92 0.0965426 533383 0.0404895 0.844163
0.005575 2330.19 0.0424335 533383 0.016414 0.775733
0.001085 1686.04 0.147632 533383 0.0569517 1.08112
0.000955 1657.82 0.15018 533383 0.056943 1.09936
0.002485 2052.33 0.111742 533383 0.0477194 0.889224
0.005585 2330.92 0.0421863 533383 0.0163159 0.775443
0.003105 2162.22 0.0963074 533383 0.040366 0.843642
0.004765 2274.83 0.0609781 533383 0.0232183 0.797935
0.001095 1688.32 0.147425 533383 0.0569474 1.07967
0.005595 2331.65 0.0419386 533383 0.0162171 0.775155
0.006625 2357.06 0.0146403 533383 0.00311817 0.761698
0.005605 2332.37 0.0416905 533383 0.0161178 0.774867
0.002235 1991.09 0.118389 533383 0.0509316 0.916544
0.005615 2333.1 0.041442 533383 0.0160177 0.774582
0.006635 2356.6 0.0143643 533383 0.00299263 0.761798
0.000595 1596.38 0.155661 533383 0.0564523 1.1413
0.005625 2333.83 0.041193 533383 0.0159172 0.774291
0.006645 2356.13 0.0140881 533383 0.00286822 0.761901
0.001705 1846.89 0.132686 533383 0.0552517 0.987708
0.003645 2216.21 0.0842296 533383 0.034087 0.822229
0.006655 2355.66 0.0138118 533383 0.00274505 0.762007
0.001715 1849.66 0.132421 533383 0.0551928 0.986238
0.002705 2098.68 0.106073 533383 0.0451976 0.869521
0.003655 2216.95 0.084016 533383 0.0339712 0.821934
0.006665 2355.17 0.0135353 533383 0.00262299 0.762115
0.002495 2054.6 0.11148 533383 0.0476009 0.888237
0.001725 1852.43 0.132155 533383 0.0551329 0.984773
0.003665 2217.68 0.0838028 533383 0.0338556 0.821642
0.002715 2100.57 0.10582 533383 0.0450812 0.868732
0.006675 2354.58 0.0132586 533383 0.00250232 0.762257
0.001735 1855.21 0.131889 533383 0.0550721 0.98331
0.002505 2056.87 0.111219 533383 0.0474831 0.887255
0.003675 2218.41 0.0835898 533383 0.0337402 0.821353
0.003115 2163.52 0.0960727 533383 0.0402425 0.843124
0.002725 2102.46 0.105568 533383 0.0449645 0.867947
0.006685 2353.99 0.0129817 533383 0.00238384 0.762402
0.001745 1857.98 0.131623 533383 0.0550104 0.981852
0.002515 2059.13 0.110958 533383 0.0473661 0.88628
0.003685 2219.13 0.0833771 533383 0.0336252 0.821066
0.001105 1690.62 0.147216 533383 0.0569423 1.07822
0.003125 2164.81 0.0958384 533383 0.0401192 0.842611
0.002735 2104.34 0.105316 533383 0.0448479 0.867167
0.006695 2353.38 0.0127046 533383 0.00226737 0.76255
0.003695 2219.84 0.0831646 533383 0.0335105 0.820781
0.002525 2061.38 0.110697 533383 0.0472499 0.885311
0.001755 1860.76 0.131356 533383 0.0549478 0.980398
0.001115 1692.93 0.147006 533383 0.0569364 1.07676
0.003135 2166.09 0.0956045 533383 0.039996 0.842101
0.002745 2106.21 0.105064 533383 0.0447313 0.866392
0.002535 2063.63 0.110437 533383 0.0471349 0.884348
0.003705 2220.55 0.0829525 533383 0.0333961 0.820499
0.001765 1863.53 0.131089 533383 0.0548843 0.978948
0.001125 1695.26 0.146795 533383 0.0569298 1.07529
0.003145 2167.36 0.0953711 533383 0.039873 0.841595
0.006705 2352.77 0.0124273 533383 0.00215296 0.762699
0.002755 2108.07 0.104813 533382 0.0446143 0.865622
0.002545 2065.86 0.110177 533383 0.0470205 0.88339
0.004775 2275.4 0.0607649 533383 0.0231402 0.797698
0.003715 2221.25 0.0827407 533383 0.0332821 0.820219
0.001775 1866.31 0.130822 533383 0.0548198 0.977502
0.001135 1697.6 0.146583 533383 0.0569224 1.07382
0.003155 2168.62 0.0951382 533383 0.0397502 0.841093
0.006715 2352.16 0.0121498 533383 0.00204062 0.762851
0.002555 2068.02 0.109918 533383 0.0469064 0.882466
0.002765 2109.84 0.104562 533383 0.0444967 0.864888
0.003725 2221.94 0.0825291 533383 0.0331685 0.819942
0.005635 2334.56 0.0409435 533383 0.015816 0.774002
0.000605 1597.71 0.155543 533383 0.0564714 1.14035
0.001785 1869.09 0.130555 533383 0.0547545 0.97606
0.005645 2335.29 0.0406936 533383 0.0157139 0.773714
0.000615 1599.07 0.155423 533383 0.0564904 1.13939
0.004785 2275.97 0.0605514 533383 0.0230625 0.797461
0.001795 1871.86 0.130287 533383 0.0546883 0.974622
0.005655 2336.02 0.0404433 533383 0.0156111 0.773428
0.000625 1600.44 0.155301 533383 0.0565092 1.13842
0.001805 1874.64 0.130018 533383 0.0546211 0.973189
0.004795 2276.55 0.0603376 533383 0.0229845 0.797224
0.000635 1601.84 0.155177 533383 0.0565279 1.13743
0.005665 2336.73 0.0401925 533383 0.0155075 0.773143
0.001815 1877.41 0.12975 533383 0.0545531 0.97176
0.001145 1699.95 0.146369 533383 0.0569142 1.07235
0.003165 2169.87 0.0949057 533383 0.0396276 0.840595
0.001825 1880.18 0.129481 533383 0.0544842 0.970336
0.001155 1702.32 0.146153 533383 0.0569052 1.07087
0.001835 1882.96 0.129212 533383 0.0544144 0.968917
0.003175 2171.11 0.0946736 533383 0.0395053 0.8401
0.002775 2111.61 0.104312 533383 0.044378 0.864159
0.001165 1704.7 0.145936 533383 0.0568954 1.06939
0.001845 1885.73 0.128943 533383 0.0543437 0.967502
0.003185 2172.35 0.094442 533383 0.0393833 0.839609
0.003735 2222.62 0.0823177 533383 0.0330553 0.819667
0.002785 2113.37 0.104062 533383 0.0442589 0.863434
0.001175 1707.09 0.145718 533383 0.0568848 1.06791
0.001855 1888.5 0.128674 533383 0.0542721 0.966092
0.003195 2173.58 0.0942109 533383 0.0392616 0.839122
0.003745 2223.3 0.0821067 533383 0.0329426 0.819395
0.001185 1709.5 0.145499 533383 0.0568734 1.06642
0.005675 2337.45 0.0399413 533383 0.0154032 0.77286
0.002795 2115.12 0.103812 533383 0.0441395 0.862714
0.001195 1711.92 0.145278 533383 0.0568612 1.06492
0.005685 2338.16 0.0396897 533383 0.0152982 0.772578
0.001865 1891.27 0.128404 533383 0.0541996 0.964686
0.001205 1714.35 0.145056 533383 0.0568481 1.06342
0.002805 2116.86 0.103563 533383 0.0440199 0.861998
0.005695 2338.87 0.0394377 533383 0.0151924 0.772299
0.001875 1894.03 0.128134 533383 0.0541262 0.963286
0.003755 2223.98 0.0818959 533383 0.0328302 0.819125
0.001215 1716.79 0.144832 533383 0.0568342 1.06192
0.002815 2118.59 0.103315 533383 0.0439002 0.861287
0.005705 2339.57 0.0391852 533383 0.0150858 0.77202
0.001885 1896.8 0.127864 533383 0.0540519 0.96189
0.001225 1719.25 0.144608 533383 0.0568195 1.06042
0.003765 2224.63 0.0816853 533383 0.0327183 0.818863
0.002825 2120.31 0.103067 533383 0.0437805 0.86058
0.005715 2340.26 0.0389323 533383 0.0149786 0.771744
0.001895 1899.56 0.127594 533383 0.0539768 0.9605
0.001235 1721.72 0.144382 533383 0.0568039 1.05891
0.003775 2225.28 0.081475 533383 0.0326064 0.818603
0.002835 2122.02 0.102819 533383 0.0436608 0.859878
0.005725 2340.95 0.038679 533383 0.0148706 0.771469
0.001905 1902.32 0.127323 533383 0.0539008 0.959115
0.001245 1724.19 0.144154 533383 0.0567875 1.0574
0.003785 2225.91 0.081265 533383 0.0324946 0.818346
0.002845 2123.73 0.102572 533383 0.0435412 0.859181
0.005735 2341.64 0.0384252 533383 0.0147619 0.771196
0.001915 1905.08 0.127053 533383 0.0538239 0.957734
0.001255 1726.69 0.143926 533383 0.0567703 1.05589
0.003795 2226.55 0.0810552 533383 0.032383 0.818091
0.002855 2125.43 0.102325 533383 0.0434218 0.858488
0.005745 2342.32 0.0381711 533383 0.0146525 0.770924
0.001265 1729.19 0.143697 533383 0.0567522 1.05438
0.003805 2227.17 0.0808456 533383 0.0322717 0.817838
0.002865 2127.11 0.102079 533382 0.0433021 0.857799
0.001275 1731.7 0.143466 533383 0.0567334 1.05286
0.003815 2227.8 0.0806362 533383 0.0321605 0.817587
0.005755 2342.99 0.0379165 533383 0.0145425 0.770655
0.002875 2128.71 0.101833 533383 0.0431818 0.857148
0.003825 2228.41 0.0804271 533383 0.0320497 0.817338
0.003835 2229.02 0.0802182 533383 0.0319391 0.817092
