0.007365 318.943 0.232918 131448 0.0215024 1.43007
0.007375 318.959 0.232918 131448 0.0207655 1.43
0.007385 318.965 0.232918 131448 0.0200125 1.42997
0.007395 318.961 0.232918 131448 0.0192353 1.42999
0.007405 318.947 0.232918 131448 0.0184863 1.43006
0.007415 318.923 0.232918 131448 0.0177551 1.43016
0.007425 318.889 0.232918 131448 0.0170279 1.43032
0.007435 318.845 0.232918 131448 0.0163062 1.43052
0.007445 318.791 0.232918 131449 0.0156273 1.43076
0.007455 318.726 0.232918 131449 0.0148991 1.43105
0.007465 318.791 0.232918 131449 0.0141523 1.43076
0.007475 318.847 0.232918 131449 0.0135042 1.43051
0.007485 318.894 0.232918 131449 0.012822 1.4303
0.007495 318.932 0.232918 131449 0.012148 1.43013
0.007505 318.96 0.232918 131449 0.0114786 1.43
0.007515 318.979 0.232918 131449 0.0108246 1.42991
0.007525 318.989 0.232918 131449 0.0101428 1.42987
0.007535 318.989 0.232918 131449 0.00947722 1.42987
0.007545 318.98 0.232918 131449 0.00879459 1.42991
0.007555 318.962 0.232918 131449 0.00815123 1.42999
0.007565 318.934 0.232918 131449 0.00749722 1.43012
0.007575 318.897 0.232918 131449 0.00684384 1.43029
0.007585 318.85 0.232918 131449 0.00618896 1.4305
0.007595 318.794 0.232918 131449 0.00556882 1.43075
0.007605 318.728 0.232918 131449 0.00488197 1.43104
0.007615 318.792 0.232918 131449 0.00419766 1.43075
0.007625 318.848 0.232918 131449 0.00358118 1.4305
0.007635 318.894 0.232918 131449 0.00293006 1.4303
0.007645 318.931 0.232918 131449 0.00228138 1.43013
0.007655 318.959 0.232918 131449 0.00163305 1.43
0.007665 318.978 0.232918 131449 0.000997341 1.42992
0.007675 318.987 0.232918 131449 0.00032541 1.42988
0.006725 318.719 0.232918 131448 0.0647399 1.43108
0.006405 318.887 0.232918 131448 0.0862883 1.43032
0.006735 318.778 0.232918 131448 0.0640448 1.43081
0.007045 318.866 0.232918 131448 0.0435354 1.43041
0.006745 318.83 0.232918 131448 0.0634313 1.43057
0.006415 318.841 0.232918 131448 0.08561 1.43052
0.000645 673.09 0.204121 131448 0.134904 0.672622
0.007055 318.914 0.232918 131448 0.0428433 1.4302
0.006755 318.875 0.232918 131448 0.0627747 1.43037
0.006425 318.784 0.232918 131448 0.0849608 1.43078
0.006085 318.95 0.232918 131447 0.105948 1.43003
0.007065 318.948 0.232918 131448 0.042164 1.43004
0.000655 682.236 0.203318 131448 0.136319 0.663538
0.006765 318.912 0.232918 131448 0.0621195 1.43021
0.006435 318.716 0.232918 131448 0.0842422 1.43109
0.007075 318.971 0.232918 131448 0.0415008 1.42994
0.006095 318.932 0.232918 131447 0.105299 1.43011
0.000665 691.491 0.202504 131448 0.137738 0.654591
0.006775 318.941 0.232918 131448 0.0614628 1.43008
0.006445 318.775 0.232918 131448 0.0835411 1.43082
0.007085 318.983 0.232918 131448 0.0408299 1.42989
0.006105 318.906 0.232918 131447 0.104642 1.43023
0.000675 700.852 0.201681 131448 0.139081 0.645782
0.006785 318.961 0.232918 131448 0.0608109 1.42999
0.007095 318.985 0.232918 131448 0.0401585 1.42988
0.006115 318.871 0.232918 131447 0.103986 1.43038
0.000685 710.317 0.200847 131448 0.140701 0.637115
0.006455 318.828 0.232918 131448 0.0829228 1.43058
0.006795 318.972 0.232918 131448 0.0601452 1.42994
0.007105 318.977 0.232918 131448 0.0394772 1.42991
0.006125 318.828 0.232918 131447 0.103329 1.43057
0.000695 719.883 0.200004 131448 0.141902 0.628586
0.006805 318.974 0.232918 131448 0.0594716 1.42993
0.006465 318.873 0.232918 131448 0.0822572 1.43038
0.006135 318.776 0.232918 131447 0.102698 1.43081
0.007115 318.96 0.232918 131448 0.0388271 1.42999
0.000705 729.548 0.199152 131448 0.14338 0.620198
0.005765 318.955 0.232917 131447 0.127443 1.43001
0.006815 318.968 0.232918 131448 0.0587892 1.42996
0.006475 318.91 0.232918 131448 0.081592 1.43022
0.006145 318.713 0.232918 131447 0.102006 1.43109
0.007125 318.934 0.232918 131448 0.0381688 1.43011
0.000715 739.309 0.198291 131448 0.144779 0.611951
0.005775 318.962 0.232917 131447 0.126749 1.42997
0.002885 2255.9 0.0370012 131447 0.0521636 0.199476
0.006825 318.952 0.232918 131448 0.0581335 1.43003
0.005445 318.913 0.232915 131447 0.148781 1.43019
0.006155 318.777 0.232918 131447 0.101325 1.4308
0.007135 318.897 0.232918 131448 0.0375091 1.43028
0.000725 749.163 0.197421 131448 0.146177 0.603844
0.006485 318.938 0.232918 131448 0.0809245 1.43009
0.003205 2083.44 0.0426001 131447 0.0517117 0.215881
0.005785 318.959 0.232917 131447 0.126067 1.42999
0.004485 415.306 0.216257 131447 0.187095 1.0923
0.004165 666.087 0.176611 131448 0.160772 0.677676
0.002895 2250.28 0.0372245 131447 0.0519155 0.199971
0.006835 318.926 0.232918 131448 0.0574692 1.43014
0.005455 318.94 0.232915 131447 0.148125 1.43007
0.006165 318.835 0.232918 131447 0.100735 1.43055
0.007145 318.85 0.232918 131448 0.0368466 1.43049
0.000735 759.108 0.196542 131448 0.147569 0.595876
0.006495 318.956 0.232918 131448 0.0802649 1.43001
0.003215 2078.45 0.0427016 131447 0.0520505 0.216395
0.005795 318.946 0.232917 131447 0.125391 1.43005
0.004495 410.322 0.217077 131447 0.187412 1.10575
0.006845 318.891 0.232918 131448 0.0568014 1.4303
0.002905 2244.68 0.0374456 131447 0.0516785 0.200467
0.005465 318.959 0.232916 131447 0.147474 1.42998
0.004175 654.789 0.178181 131448 0.161833 0.689461
0.006175 318.883 0.232918 131447 0.100105 1.43033
0.000745 769.141 0.195654 131448 0.148954 0.588048
0.003225 2073.5 0.0427966 131447 0.052421 0.216908
0.006505 318.964 0.232918 131448 0.0795704 1.42997
0.005805 318.923 0.232917 131447 0.124722 1.43015
0.007155 318.793 0.232918 131448 0.0362175 1.43074
0.006855 318.845 0.232918 131448 0.056129 1.43051
0.002915 2239.09 0.0376644 131447 0.0514526 0.200965
0.004505 405.415 0.217871 131447 0.187659 1.11932
0.005475 318.97 0.232916 131447 0.14681 1.42993
0.000755 779.26 0.194759 131448 0.150331 0.580359
0.006185 318.92 0.232918 131447 0.0994892 1.43016
0.003235 2068.6 0.0428851 131447 0.0528235 0.217419
0.004185 643.511 0.179734 131448 0.162817 0.701638
0.006515 318.963 0.232918 131448 0.0788908 1.42998
0.005815 318.888 0.232917 131447 0.124044 1.43031
0.007165 318.725 0.232918 131448 0.0355216 1.43105
0.006865 318.788 0.232918 131448 0.055488 1.43076
0.002925 2233.5 0.0378809 131447 0.0512381 0.201464
0.004515 400.575 0.218639 131447 0.187821 1.13303
0.005485 318.973 0.232916 131447 0.146134 1.42992
0.000765 789.463 0.193855 131448 0.151701 0.572806
0.006195 318.946 0.232918 131447 0.0988916 1.43005
0.003245 2063.73 0.0429667 131447 0.0532577 0.217928
0.005825 318.842 0.232918 131447 0.123358 1.43051
0.004195 632.246 0.181271 131448 0.163729 0.714237
0.006525 318.952 0.232918 131448 0.0782094 1.43003
0.007175 318.787 0.232918 131448 0.0348338 1.43077
0.006875 318.721 0.232918 131448 0.0547797 1.43107
0.003845 1121.43 0.116887 131449 0.100416 0.401163
0.002935 2227.92 0.0380949 131447 0.0510351 0.201966
0.004525 395.795 0.21938 131448 0.188053 1.1469
0.005495 318.967 0.232916 131447 0.145454 1.42995
0.000775 799.746 0.192944 131448 0.153063 0.56539
0.006205 318.962 0.232918 131447 0.0983174 1.42997
0.003255 2058.91 0.0430413 131447 0.0537233 0.218435
0.005835 318.783 0.232918 131447 0.122701 1.43078
0.004205 620.983 0.182791 131448 0.164651 0.727292
0.006535 318.932 0.232918 131448 0.0775535 1.43012
0.007185 318.841 0.232918 131448 0.0342193 1.43053
0.006885 318.782 0.232918 131448 0.0540816 1.43079
0.002945 2222.35 0.0383065 131447 0.0508438 0.202469
0.004535 392.069 0.22009 131447 0.188315 1.15798
0.005505 318.952 0.232916 131447 0.144796 1.43002
0.003855 1102.58 0.119057 131449 0.103595 0.40805
0.000785 810.108 0.192025 131448 0.154416 0.558109
0.006215 318.968 0.232918 131447 0.0977541 1.42995
0.003265 2054.14 0.0431086 131447 0.0542196 0.21894
0.005845 318.711 0.232918 131447 0.121975 1.4311
0.004215 609.727 0.184294 131451 0.166016 0.740839
0.006895 318.835 0.232918 131448 0.0534617 1.43055
0.006545 318.905 0.232918 131448 0.0768946 1.43024
0.007195 318.887 0.232918 131448 0.0335642 1.43032
0.002955 2216.79 0.0385155 131447 0.0506647 0.202973
0.004545 388.467 0.220777 131447 0.18872 1.1689
0.005515 318.927 0.232916 131447 0.144128 1.43013
0.003865 1083.76 0.121207 131449 0.106623 0.415167
0.000795 820.546 0.191098 131448 0.155759 0.550961
0.006225 318.964 0.232918 131447 0.0971674 1.42997
0.003275 2049.41 0.0431684 131447 0.0547458 0.219441
0.005855 318.765 0.232918 131447 0.121279 1.43086
0.004225 600.723 0.185776 131448 0.16656 0.752032
0.006905 318.88 0.232918 131448 0.0527991 1.43035
0.006555 318.87 0.232918 131448 0.0762392 1.4304
0.007205 318.924 0.232918 131448 0.0329088 1.43015
0.002965 2211.24 0.0387218 131447 0.0504982 0.203479
0.004555 384.98 0.221436 131447 0.18907 1.17967
0.005525 318.892 0.232917 131447 0.143454 1.43029
0.003875 1064.96 0.123338 131449 0.109603 0.422529
0.000805 831.057 0.190165 131448 0.157092 0.543945
0.006235 318.95 0.232918 131447 0.0966064 1.43003
0.003285 2044.73 0.0432204 131447 0.0553013 0.21994
0.005865 318.816 0.232918 131447 0.120672 1.43063
0.006915 318.917 0.232918 131448 0.0521378 1.43019
0.004235 591.833 0.18724 131448 0.167792 0.763438
0.006565 318.828 0.232918 131448 0.0755799 1.43058
0.007215 318.953 0.232918 131448 0.0322497 1.43003
0.002975 2205.71 0.0389255 131447 0.0503446 0.203987
0.004565 381.606 0.222069 131447 0.189378 1.19028
0.005535 318.845 0.232917 131447 0.142772 1.4305
0.000815 841.64 0.189224 131448 0.158414 0.53706
0.003885 1046.21 0.125449 131455 0.112835 0.430156
0.006245 318.925 0.232918 131447 0.0960575 1.43014
0.003295 2040.1 0.0432644 131447 0.0558858 0.220436
0.006925 318.943 0.232918 131448 0.051476 1.43007
0.005875 318.86 0.232918 131447 0.120016 1.43043
0.006575 318.779 0.232918 131448 0.074945 1.43081
0.004245 583.041 0.188683 131448 0.168967 0.775063
0.007225 318.972 0.232918 131448 0.0315947 1.42994
0.003525 1714.58 0.0623307 131448 0.0357068 0.262184
0.002985 2200.18 0.0391263 131447 0.0502046 0.204496
0.005545 318.786 0.232917 131447 0.142116 1.43076
0.004575 378.338 0.222677 131447 0.189641 1.20074
0.000825 852.292 0.188277 131448 0.159725 0.530303
0.006255 318.89 0.232918 131447 0.0955068 1.4303
0.003895 1030.94 0.127548 131448 0.114782 0.43654
0.003305 2035.53 0.0433001 131447 0.056499 0.220929
0.006935 318.961 0.232918 131448 0.0508195 1.42999
0.005885 318.896 0.232918 131447 0.11936 1.43027
0.006585 318.72 0.232918 131448 0.0742257 1.43107
0.007235 318.983 0.232918 131448 0.0309159 1.42989
0.004255 574.346 0.190105 131448 0.17012 0.786913
0.002995 2194.67 0.0393242 131447 0.0500786 0.205007
0.005555 318.714 0.232917 131447 0.141389 1.43109
0.003535 1696.89 0.0633542 131448 0.0379548 0.264914
0.004585 375.174 0.223259 131447 0.18986 1.21105
0.000835 863.01 0.187324 131448 0.161023 0.523674
0.006265 318.843 0.232918 131447 0.0949503 1.43051
0.003905 1015.82 0.129625 131448 0.117397 0.443078
0.005125 319.553 0.232807 131447 0.170151 1.42713
0.006945 318.968 0.232918 131448 0.0501333 1.42996
0.003315 2031 0.0433273 131447 0.0571413 0.221417
0.005895 318.925 0.232918 131447 0.118701 1.43014
0.006595 318.788 0.232918 131448 0.0735135 1.43076
0.007245 318.984 0.232918 131448 0.030234 1.42988
0.004265 565.747 0.191506 131448 0.171238 0.798993
0.005565 318.768 0.232917 131447 0.140697 1.43085
0.003005 2189.17 0.0395191 131447 0.0499673 0.205518
0.004595 372.108 0.223816 131447 0.19004 1.22121
0.003545 1679.22 0.0643623 131448 0.0403001 0.2677
0.000845 873.793 0.186364 131448 0.16231 0.517169
0.006275 318.785 0.232918 131447 0.0944139 1.43077
0.003915 1000.77 0.131678 131448 0.119828 0.44978
0.005135 319.53 0.232818 131447 0.169533 1.42725
0.006955 318.965 0.232918 131448 0.0494548 1.42997
0.005905 318.946 0.232918 131447 0.118045 1.43004
0.006605 318.848 0.232918 131448 0.0728717 1.43049
0.003325 2026.54 0.0433458 131447 0.0578121 0.221902
0.007255 318.976 0.232918 131448 0.0295235 1.42992
0.004275 557.242 0.192885 131448 0.172318 0.811309
0.005575 318.818 0.232917 131447 0.140095 1.43062
0.003015 2183.68 0.0397109 131447 0.0498712 0.206031
0.004605 369.136 0.224348 131447 0.190181 1.23122
0.000855 884.638 0.185398 131448 0.163584 0.510788
0.006285 318.714 0.232918 131448 0.0938398 1.43109
0.003555 1661.57 0.0653542 131448 0.042745 0.270542
0.005145 319.508 0.232828 131447 0.168879 1.42737
0.003925 985.784 0.133708 131448 0.122118 0.456659
0.006965 318.952 0.232918 131448 0.0487859 1.43003
0.006615 318.896 0.232918 131448 0.0721816 1.43028
0.005915 318.959 0.232918 131447 0.117382 1.42999
0.003335 2022.13 0.0433553 131447 0.0584845 0.222383
0.007265 318.959 0.232918 131448 0.028839 1.43
0.004285 548.829 0.194241 131448 0.17336 0.82387
0.005585 318.862 0.232917 131447 0.13944 1.43042
0.003025 2178.21 0.0398995 131447 0.0497912 0.206546
0.004615 366.254 0.224857 131447 0.190285 1.24108
0.000865 895.543 0.184426 131448 0.164844 0.504529
0.006295 318.771 0.232918 131448 0.0932123 1.43084
0.005155 319.484 0.232837 131447 0.168219 1.42749
0.003565 1643.95 0.0663289 131448 0.0452914 0.273441
0.003935 970.851 0.135715 131448 0.124265 0.463726
0.006975 318.931 0.232918 131448 0.0481345 1.43012
0.006625 318.932 0.232918 131448 0.0714964 1.43011
0.005925 318.963 0.232918 131447 0.116699 1.42997
0.003345 2017.78 0.0433554 131448 0.0602669 0.22286
0.007275 318.932 0.232918 131448 0.028136 1.43012
0.004295 540.507 0.195576 131448 0.17436 0.836684
0.005595 318.899 0.232917 131447 0.138784 1.43026
0.004625 363.458 0.225342 131447 0.19035 1.2508
0.003035 2172.76 0.0400848 131447 0.0497277 0.207061
0.000875 906.506 0.183448 131448 0.166091 0.498389
0.006305 318.823 0.232918 131448 0.0926828 1.43061
0.005165 319.458 0.232845 131447 0.167552 1.42762
0.003575 1626.36 0.0672857 131448 0.0479416 0.276397
0.006985 318.901 0.232918 131448 0.0474874 1.43025
0.003945 955.963 0.1377 131448 0.126304 0.470993
0.006635 318.957 0.232918 131448 0.0708194 1.43
0.005935 318.958 0.232918 131447 0.116017 1.42999
0.007285 318.895 0.232918 131448 0.0274228 1.43028
0.003355 2012.93 0.043385 131413 0.0352761 0.223335
0.004305 532.273 0.196888 131448 0.175317 0.84976
0.005605 318.927 0.232917 131447 0.138124 1.43013
0.004635 360.743 0.225805 131447 0.190373 1.26038
0.003045 2167.32 0.0402667 131447 0.0496815 0.207577
0.000885 917.524 0.182465 131448 0.167323 0.492366
0.006315 318.867 0.232918 131448 0.0920964 1.43041
0.005175 319.428 0.232853 131447 0.166881 1.42776
0.006995 318.866 0.232918 131448 0.0468519 1.43041
0.003585 1608.81 0.0682234 131448 0.0506979 0.279412
0.003955 941.112 0.139663 131448 0.12826 0.478472
0.006645 318.972 0.232918 131448 0.0701433 1.42994
0.005945 318.943 0.232918 131447 0.115354 1.43006
0.007295 318.848 0.232918 131448 0.0266983 1.4305
0.003365 1996.16 0.0445135 131448 0.0104654 0.225265
0.002245 2391.1 0.0416932 131447 0.166717 0.188348
0.004315 524.123 0.198178 131448 0.176226 0.863108
0.005615 318.947 0.232917 131447 0.13747 1.43004
0.004645 358.105 0.226246 131447 0.190349 1.26983
0.003055 2161.9 0.0404451 131447 0.0496533 0.208094
0.000895 928.596 0.181476 131448 0.168541 0.486459
0.006325 318.904 0.232918 131448 0.0914979 1.43024
0.005185 319.393 0.232859 131447 0.166208 1.42793
0.007005 318.826 0.232918 131448 0.0462194 1.43059
0.003595 1591.32 0.0691414 131448 0.0535626 0.282485
0.006655 318.976 0.232918 131448 0.0694554 1.42992
0.005955 318.919 0.232918 131447 0.114686 1.43017
0.003965 926.292 0.141605 131448 0.130155 0.486175
0.007305 318.791 0.232918 131448 0.026002 1.43075
0.003375 1978.79 0.0456778 131448 0.0125102 0.227237
0.004325 516.055 0.199445 131448 0.17708 0.876742
0.002255 2399.83 0.0407449 131447 0.165775 0.187663
0.005625 318.958 0.232917 131447 0.13679 1.42999
0.004655 355.536 0.226665 131447 0.190271 1.27917
0.003065 2156.5 0.0406198 131447 0.0496436 0.208612
0.000905 939.719 0.180482 131448 0.169744 0.480666
0.006335 318.933 0.232918 131448 0.090884 1.43011
0.005195 319.354 0.232865 131447 0.165534 1.42812
0.007015 318.782 0.232918 131448 0.0456094 1.43079
0.006665 318.97 0.232918 131448 0.0687667 1.42995
0.003605 1573.87 0.0700385 131448 0.0565383 0.285616
0.005965 318.884 0.232918 131447 0.114011 1.43032
0.007315 318.724 0.232918 131448 0.0252503 1.43105
0.003385 1961.37 0.0468384 131448 0.0134705 0.22925
0.003975 911.499 0.143526 131448 0.132002 0.494116
0.004335 508.062 0.200688 131448 0.177869 0.890676
0.005635 318.959 0.232917 131447 0.136117 1.42999
0.002265 2408.52 0.0397979 131447 0.164842 0.186985
0.004665 353.028 0.227064 131447 0.190125 1.28842
0.003075 2151.12 0.0407907 131447 0.0496529 0.209131
0.000915 950.891 0.179483 131448 0.170931 0.474984
0.006345 318.953 0.232918 131448 0.0902619 1.43002
0.005205 319.308 0.232871 131447 0.16486 1.42833
0.007025 318.729 0.232918 131448 0.0449049 1.43103
0.006675 318.954 0.232918 131448 0.0681024 1.43002
0.005975 318.839 0.232918 131447 0.113329 1.43053
0.003615 1556.49 0.070914 131448 0.0596276 0.288808
0.007325 318.786 0.232918 131448 0.0244473 1.43078
0.005645 318.951 0.232917 131447 0.135434 1.43002
0.002275 2417.17 0.038852 131447 0.163923 0.186315
0.004345 500.14 0.201908 131448 0.17859 0.90493
0.003985 896.729 0.145427 131448 0.133806 0.502307
0.003395 1943.91 0.0479946 131448 0.0145353 0.231304
0.004675 350.573 0.227442 131448 0.189985 1.29761
0.003085 2145.76 0.0409577 131447 0.0496817 0.209651
0.000925 962.111 0.17848 131448 0.172103 0.469412
0.006355 318.965 0.232918 131448 0.0896205 1.42997
0.005215 319.257 0.232876 131447 0.164187 1.42857
0.007035 318.804 0.232918 131448 0.0441899 1.43069
0.006685 318.929 0.232918 131448 0.0674347 1.43013
0.005985 318.781 0.232918 131447 0.112676 1.43079
0.005655 318.934 0.232917 131447 0.134783 1.4301
0.007335 318.839 0.232918 131448 0.0237437 1.43054
0.003625 1539.19 0.071767 131448 0.0628327 0.292058
0.002285 2425.79 0.0379071 131447 0.163023 0.185653
0.004355 492.279 0.203104 131448 0.179156 0.919529
0.003995 881.977 0.147308 131448 0.135568 0.510762
0.004685 348.72 0.227799 131447 0.189915 1.30466
0.003405 1926.41 0.0491459 131448 0.0156752 0.2334
0.003095 2140.42 0.0411206 131447 0.0497303 0.21017
0.000935 973.375 0.177472 131448 0.173258 0.463947
0.006365 318.968 0.232918 131448 0.0889567 1.42995
0.001925 2090.85 0.072917 131447 0.192822 0.21542
0.006375 318.962 0.232918 131448 0.0882801 1.42998
0.002565 2447.77 0.0290372 131447 0.0671399 0.183936
0.006385 318.947 0.232918 131448 0.0876247 1.43005
0.001935 2100.84 0.0719123 131447 0.192166 0.214394
0.001605 1751.64 0.106004 131447 0.206199 0.257201
0.002575 2441.72 0.0292999 131447 0.0663861 0.184388
0.006395 318.922 0.232918 131448 0.0869597 1.43016
0.001945 2110.79 0.0709096 131447 0.191499 0.213382
0.002585 2435.65 0.0295624 131447 0.065659 0.184845
0.000965 1007.42 0.174421 131448 0.176631 0.448177
0.004805 331.868 0.230797 131447 0.187494 1.37251
0.000975 1018.85 0.173396 131448 0.177719 0.443122
0.001285 1382.68 0.140414 131448 0.20178 0.326051
0.004815 330.792 0.230959 131447 0.187288 1.37708
0.000985 1030.31 0.172367 131448 0.178789 0.438164
0.002595 2429.57 0.0298246 131447 0.0649579 0.185304
5e-06 388.763 0.228472 131448 0.0804744 1.17002
0.004825 329.745 0.23111 131447 0.186706 1.38155
0.000995 1041.81 0.171335 131448 0.179841 0.433302
0.000325 452.398 0.223196 131448 0.0948785 1.00401
0.004835 329.023 0.23125 131447 0.186399 1.38468
0.001005 1053.34 0.170299 131448 0.180875 0.428534
0.002605 2423.47 0.0300865 131447 0.0642822 0.185767
0.004845 328.345 0.231381 131447 0.186048 1.38763
0.001015 1064.89 0.16926 131448 0.181891 0.423857
0.000335 456.867 0.222818 131448 0.0958237 0.994099
0.001295 1394.48 0.139331 131448 0.202227 0.323283
0.005225 319.2 0.23288 131447 0.163514 1.42883
0.004855 327.704 0.231503 131447 0.185665 1.39043
0.001025 1076.48 0.168217 131448 0.182887 0.419271
0.000345 461.505 0.222426 131448 0.0967968 0.984022
1.5e-05 388.85 0.228465 131448 0.0804955 1.16975
0.002615 2417.36 0.030348 131447 0.0636311 0.186234
0.004865 327.096 0.231616 131447 0.185255 1.3931
0.001035 1088.09 0.167172 131448 0.183865 0.414772
0.000355 466.309 0.222019 131448 0.0977969 0.973795
0.001305 1406.27 0.138249 131448 0.202654 0.320563
0.004875 326.519 0.231721 131447 0.184822 1.39564
0.001045 1099.73 0.166123 131448 0.184824 0.410359
0.000365 471.281 0.221597 131448 0.0988252 0.963433
0.005235 319.135 0.232884 131447 0.16284 1.42913
2.5e-05 389.029 0.228451 131448 0.0805411 1.16921
0.004885 325.968 0.231819 131447 0.184371 1.39808
0.001055 1111.4 0.165072 131448 0.185764 0.406031
0.000375 476.42 0.221161 131448 0.0998736 0.952952
0.002625 2411.24 0.0306089 131447 0.0630038 0.186703
0.004895 325.441 0.23191 131447 0.183904 1.40042
0.001315 1418.05 0.137166 131448 0.20306 0.317891
0.001065 1123.08 0.164018 131448 0.186684 0.401785
0.000385 481.725 0.220709 131448 0.101021 0.942368
0.004905 324.936 0.231994 131447 0.183422 1.40266
3.5e-05 389.303 0.228429 131448 0.0806078 1.16838
0.001075 1134.78 0.162962 131448 0.187585 0.397621
0.005245 319.063 0.232888 131447 0.16216 1.42946
0.000395 487.195 0.220243 131448 0.101922 0.931695
0.002635 2405.1 0.0308693 131447 0.0623994 0.187176
0.004915 324.451 0.232071 131447 0.182925 1.40482
0.001325 1429.81 0.136083 131448 0.203445 0.315265
0.001085 1146.51 0.161903 131448 0.188465 0.393535
0.000405 492.83 0.219762 131448 0.103248 0.920953
0.006695 318.893 0.232918 131448 0.066764 1.43029
0.004925 323.984 0.232143 131447 0.182419 1.40691
0.001095 1158.24 0.160843 131448 0.189326 0.389526
0.000415 498.629 0.219267 131448 0.104327 0.910152
4.5e-05 389.674 0.228399 131448 0.080697 1.16725
0.005255 318.982 0.232891 131447 0.161505 1.42983
0.004935 323.535 0.232209 131447 0.181909 1.40892
0.000425 504.59 0.218757 131448 0.105502 0.899309
0.001105 1170 0.15978 131448 0.190167 0.385594
0.002645 2398.96 0.031129 131447 0.0618171 0.187652
0.001335 1441.57 0.135 131448 0.20381 0.312686
0.005995 318.711 0.232918 131447 0.111952 1.4311
0.004945 323.103 0.232271 131447 0.181404 1.41086
0.001115 1181.77 0.158715 131448 0.190988 0.381736
0.000435 510.712 0.218232 131448 0.106691 0.888439
0.005665 318.909 0.232917 131447 0.134123 1.43022
5.5e-05 390.147 0.228361 131448 0.0808098 1.16583
0.006705 318.846 0.232918 131448 0.0660896 1.4305
0.004955 322.692 0.232327 131447 0.180899 1.41271
0.001125 1193.55 0.157648 131448 0.191788 0.37795
0.000445 516.994 0.217693 131448 0.107903 0.877553
0.005265 318.89 0.232894 131447 0.160778 1.43025
0.005675 318.874 0.232917 131447 0.13346 1.43037
0.002655 2392.81 0.031388 131447 0.0612557 0.188132
0.001345 1453.31 0.133918 131448 0.204154 0.310151
0.004965 322.298 0.232379 131447 0.180378 1.41449
0.001135 1205.34 0.156579 131448 0.192568 0.374235
0.000455 523.434 0.217139 131448 0.109133 0.866667
0.006005 318.768 0.232918 131447 0.111255 1.43084
6.5e-05 390.723 0.228315 131448 0.0809473 1.16409
0.005685 318.83 0.232917 131447 0.13279 1.43057
0.004975 321.917 0.232427 131447 0.179796 1.41621
0.001145 1217.15 0.155509 131448 0.193328 0.370589
0.000465 530.031 0.216572 131448 0.110382 0.855791
0.006715 318.788 0.232918 131448 0.0654476 1.43076
0.005275 318.929 0.232896 131447 0.160079 1.43008
0.004985 321.73 0.23247 131447 0.179196 1.41708
0.005695 318.776 0.232917 131447 0.132144 1.43081
0.001155 1228.96 0.154438 131448 0.194066 0.367012
0.002665 2386.65 0.0316462 131447 0.0607142 0.188614
0.000475 536.782 0.21599 131448 0.111648 0.84494
0.001355 1465.04 0.132835 131448 0.204477 0.30766
0.004995 321.549 0.23251 131447 0.1786 1.41791
0.005705 318.709 0.232917 131447 0.13142 1.43111
0.006015 318.821 0.232918 131447 0.110644 1.43061
0.007345 318.883 0.232918 131448 0.0229948 1.43034
0.000945 984.684 0.176459 131448 0.174397 0.458587
0.006025 318.866 0.232918 131447 0.109982 1.43041
0.002295 2434.37 0.0369633 131447 0.162141 0.184998
0.007355 318.918 0.232918 131448 0.0222473 1.43018
0.006035 318.903 0.232918 131447 0.109321 1.43024
0.000955 996.033 0.175442 131448 0.175522 0.453332
0.003635 1521.96 0.0725964 131448 0.0661641 0.295368
0.003415 1908.87 0.0502916 131448 0.0168912 0.235539
0.004365 484.47 0.204276 131448 0.179923 0.934502
0.003425 1891.31 0.0514311 131448 0.0181846 0.237722
0.004005 867.239 0.149171 131449 0.137279 0.519497
0.004375 476.707 0.205424 131449 0.180496 0.949891
0.003435 1873.71 0.0525638 131448 0.0195568 0.23995
0.004695 346.955 0.228138 131447 0.189894 1.31145
0.004015 852.51 0.151015 131449 0.13893 0.52853
0.004385 470.547 0.206543 131448 0.181071 0.962472
0.003445 1856.08 0.0536889 131448 0.0210091 0.242224
0.003105 2135.1 0.0412793 131447 0.0497989 0.21069
0.004705 345.269 0.228459 131447 0.189828 1.318
0.004395 464.519 0.207637 131448 0.181915 0.975123
0.004025 837.783 0.152842 131449 0.140513 0.537881
0.003455 1838.44 0.0548058 131448 0.0225432 0.244544
0.003115 2129.8 0.0414337 131447 0.0498878 0.211211
0.001615 1762.77 0.104945 131447 0.206027 0.255575
0.004715 343.659 0.228761 131447 0.189726 1.32432
0.004405 458.615 0.208705 131448 0.182691 0.987841
0.003465 1820.77 0.0559138 131448 0.0241606 0.246913
0.003125 2124.54 0.0415836 131447 0.0499972 0.211731
0.004035 823.049 0.154652 131449 0.142023 0.54757
0.001625 1773.87 0.103888 131447 0.205838 0.253973
0.004725 342.119 0.229047 131447 0.18959 1.33042
0.004415 452.829 0.209745 131448 0.183416 1.00063
0.003475 1803.09 0.057012 131448 0.0258628 0.24933
0.003135 2119.29 0.0417288 131447 0.0501277 0.212252
0.001635 1784.93 0.102832 131447 0.205632 0.252396
0.004045 808.3 0.156446 131449 0.14358 0.557626
0.004735 340.645 0.229316 131447 0.189422 1.33631
0.004425 447.157 0.210757 131448 0.184086 1.01349
0.003485 1785.39 0.0580998 131448 0.0276516 0.251797
0.003145 2114.08 0.0418692 131447 0.0502797 0.212772
0.004745 339.232 0.22957 131447 0.189226 1.34201
0.004435 441.596 0.211743 131448 0.184704 1.02642
0.001645 1795.96 0.101777 131447 0.205408 0.250843
0.004055 793.55 0.158224 131453 0.145675 0.568073
0.003495 1767.69 0.0591764 131448 0.0295286 0.254315
0.003155 2108.89 0.0420046 131447 0.0504542 0.213292
0.004755 337.878 0.229808 131447 0.189005 1.34752
0.004445 436.141 0.2127 131447 0.185275 1.03944
0.001655 1806.96 0.100724 131447 0.205168 0.249313
0.004065 781.611 0.159984 131448 0.146558 0.576798
0.003505 1749.98 0.0602409 131448 0.0314956 0.256885
0.004765 336.578 0.230032 131447 0.188763 1.35285
0.003165 2103.73 0.0421349 131447 0.0506523 0.213811
0.004455 430.788 0.21363 131447 0.185801 1.05253
0.001665 1817.93 0.099672 131447 0.204912 0.247806
0.001955 2120.71 0.0699087 131447 0.19082 0.212383
0.003515 1732.28 0.0612926 131448 0.0335544 0.259508
0.004775 335.331 0.230243 131447 0.188499 1.358
0.004075 769.776 0.161726 131448 0.148254 0.585735
7.5e-05 391.406 0.228259 131448 0.0811104 1.16203
0.004465 425.534 0.214533 131447 0.186282 1.0657
0.005005 321.372 0.232547 131447 0.177981 1.41874
0.004475 420.375 0.215408 131447 0.186716 1.07896
0.001165 1240.77 0.153365 131448 0.194785 0.3635
0.005715 318.77 0.232917 131447 0.130725 1.43084
0.005285 318.966 0.232899 131447 0.159474 1.42991
0.005725 318.825 0.232917 131447 0.130113 1.43059
0.000485 543.686 0.215395 131448 0.112931 0.834122
0.005735 318.872 0.232917 131447 0.129444 1.43038
0.005295 318.997 0.232901 131447 0.158814 1.42978
0.002675 2380.48 0.0319035 131447 0.0601916 0.1891
0.000495 550.74 0.214785 131448 0.114229 0.823351
0.005745 318.91 0.232917 131447 0.128776 1.43021
0.005305 319.021 0.232903 131447 0.158153 1.42968
0.000505 557.943 0.214162 131448 0.115542 0.812635
0.002685 2374.3 0.0321599 131447 0.0596865 0.189589
0.005755 318.937 0.232917 131447 0.128106 1.43009
0.005315 319.037 0.232904 131447 0.157498 1.42961
0.001365 1476.76 0.131753 131448 0.204781 0.305211
0.006045 318.931 0.232918 131447 0.108655 1.43011
0.002305 2442.89 0.0360203 131446 0.161245 0.184351
0.001375 1488.46 0.130672 131448 0.205063 0.302805
0.006055 318.95 0.232918 131447 0.108 1.43003
0.003645 1504.82 0.0734015 131448 0.0694807 0.298736
0.002315 2451 0.0350782 131447 0.160436 0.183742
0.001385 1500.14 0.12959 131448 0.205326 0.300439
0.006065 318.96 0.232918 131447 0.107306 1.42998
0.003175 2098.61 0.0422597 131447 0.0508756 0.21433
0.003655 1487.77 0.0741813 131448 0.0744794 0.302164
0.002325 2459.06 0.0341367 131447 0.159608 0.183139
0.001395 1511.81 0.128509 131448 0.205569 0.298114
0.006075 318.96 0.232918 131447 0.106636 1.42998
0.003185 2093.52 0.042379 131447 0.0511255 0.214848
0.001675 1828.87 0.0986218 131447 0.204638 0.246321
0.003195 2088.46 0.0424925 131447 0.0514037 0.215365
0.004785 334.132 0.23044 131447 0.188211 1.36299
0.001685 1839.77 0.0975732 131447 0.204349 0.244859
0.001965 2130.59 0.0689097 131447 0.190129 0.211398
0.004085 758.015 0.163449 131448 0.149872 0.594894
8.5e-05 392.2 0.228195 131448 0.0812999 1.15966
0.001975 2140.42 0.0679127 131447 0.189427 0.210426
0.005015 321.198 0.232581 131447 0.177366 1.41954
0.004095 746.324 0.165155 131448 0.151521 0.604285
0.001985 2150.22 0.0669176 131447 0.188714 0.209466
9.5e-05 393.109 0.228122 131448 0.0815167 1.15695
0.001175 1252.6 0.15229 131448 0.195482 0.360054
0.005025 321.029 0.232612 131447 0.176751 1.42033
0.001995 2159.98 0.0659244 131447 0.18799 0.208519
0.004105 734.7 0.166843 131448 0.152833 0.613922
0.000105 394.134 0.228039 131448 0.0817616 1.15391
0.005035 320.864 0.232641 131447 0.176132 1.42109
0.001185 1264.43 0.151215 131448 0.196159 0.356672
0.000515 565.293 0.213526 131448 0.116868 0.801984
0.002005 2169.7 0.0649331 131447 0.187256 0.207584
0.004115 723.138 0.168513 131448 0.1545 0.623814
0.000115 395.281 0.227946 131448 0.0820352 1.15053
0.005045 320.704 0.232667 131447 0.175506 1.42183
0.001195 1276.26 0.150138 131448 0.196815 0.353351
0.000525 572.787 0.212877 131448 0.118207 0.791407
0.002015 2179.38 0.0639438 131447 0.186512 0.206661
0.004125 711.633 0.170166 131448 0.155827 0.633977
0.005055 320.546 0.232691 131447 0.174871 1.42256
0.001205 1288.09 0.14906 131448 0.19745 0.350092
0.000125 396.551 0.227842 131448 0.0823381 1.14681
0.000535 580.423 0.212214 131448 0.119558 0.780912
0.002025 2189.02 0.0629563 131447 0.185759 0.20575
0.005065 320.39 0.232712 131447 0.174225 1.42328
0.004135 700.181 0.171803 131448 0.157165 0.644428
0.001215 1299.92 0.147982 131448 0.198065 0.346892
0.000135 397.949 0.227728 131448 0.0826707 1.14274
0.000545 588.199 0.211538 131448 0.120919 0.770506
0.002035 2198.62 0.0619708 131447 0.184996 0.204851
0.005075 320.235 0.232732 131447 0.17357 1.42399
0.004145 688.777 0.173422 131448 0.158435 0.655181
0.001225 1311.76 0.146902 131448 0.198658 0.34375
0.000145 399.478 0.227603 131448 0.0830335 1.13832
0.000555 596.112 0.21085 131448 0.12229 0.760197
0.005085 320.077 0.23275 131447 0.172904 1.42472
0.002045 2208.18 0.0609872 131447 0.184223 0.203963
0.004155 677.414 0.175025 131448 0.159638 0.666257
0.001235 1323.59 0.145822 131448 0.199231 0.340665
0.000155 401.141 0.227467 131448 0.0834269 1.13355
0.000565 604.16 0.21015 131448 0.123669 0.749991
0.005095 319.917 0.232766 131447 0.172224 1.42545
0.002695 2368.12 0.0324153 131447 0.0591977 0.190081
0.005105 319.751 0.232781 131447 0.171558 1.42621
0.005325 319.044 0.232906 131447 0.156807 1.42958
0.002335 2467.1 0.0331958 131447 0.15883 0.182542
0.005115 319.577 0.232795 131447 0.170847 1.42701
0.002705 2361.93 0.0326697 131447 0.058724 0.190576
0.005335 319.043 0.232907 131447 0.156131 1.42959
0.003665 1470.76 0.0749682 131442 0.0548989 0.305652
0.001405 1523.45 0.127429 131448 0.205791 0.295827
0.003675 1450.82 0.07738 131449 0.0360287 0.30987
0.001415 1535.08 0.126349 131448 0.205994 0.29358
0.001695 1850.64 0.0965262 131447 0.204043 0.243418
0.003685 1430.89 0.079816 131448 0.0416755 0.314192
0.001425 1546.69 0.12527 131448 0.206176 0.29137
0.001705 1861.48 0.0954808 131447 0.203721 0.241999
0.003695 1411.03 0.0822415 131448 0.0455974 0.318619
0.004795 332.979 0.230625 131447 0.187902 1.36782
0.001435 1558.29 0.124191 131448 0.206339 0.289196
0.001715 1872.28 0.0944369 131447 0.203383 0.2406
0.003705 1391.25 0.0846558 131448 0.0496025 0.323156
0.002055 2217.7 0.0600055 131447 0.183442 0.203087
0.003715 1371.55 0.0870579 131448 0.0535395 0.327806
0.001245 1335.42 0.144741 131448 0.199782 0.337635
0.002065 2227.19 0.0590258 131447 0.182652 0.202221
0.003725 1351.92 0.0894473 131448 0.0574188 0.332575
0.000165 402.941 0.22732 131448 0.0838511 1.12844
0.001255 1347.24 0.14366 131448 0.200313 0.334661
0.002075 2236.63 0.0580479 131447 0.181852 0.201367
0.003735 1332.36 0.091823 131448 0.0612414 0.337467
0.000175 404.881 0.22716 131448 0.0843064 1.12298
0.001265 1359.06 0.142578 131448 0.200823 0.331739
0.002085 2246.04 0.0570719 131447 0.181044 0.200523
0.003745 1312.88 0.0941846 131448 0.0650106 0.342487
0.000575 612.34 0.209437 131448 0.125056 0.739894
0.001275 1370.87 0.141496 131448 0.201312 0.32887
0.000185 406.964 0.226989 131448 0.0847931 1.11718
0.002095 2255.4 0.0560977 131447 0.180225 0.19969
0.002345 2475.1 0.0322553 131447 0.158409 0.181951
0.002105 2264.73 0.0551255 131447 0.179397 0.198867
0.002355 2482.63 0.0313454 131425 0.138292 0.181369
0.002115 2274.01 0.054155 131447 0.178559 0.198054
0.002715 2355.74 0.0329229 131447 0.058264 0.191074
0.002365 2483.65 0.0310222 131447 0.118085 0.181323
0.002125 2283.26 0.0531864 131447 0.17771 0.197251
0.002725 2349.54 0.0331749 131447 0.0578163 0.191575
0.005345 319.032 0.232908 131447 0.155454 1.42964
0.002375 2484.21 0.030729 131447 0.11724 0.181281
0.002135 2292.47 0.0522196 131447 0.176849 0.196458
0.002735 2343.34 0.0334258 131447 0.0573797 0.192078
0.005355 319.012 0.232909 131447 0.154792 1.42973
0.001725 1883.05 0.0933947 131447 0.203029 0.239222
0.002145 2301.63 0.0512545 131447 0.175977 0.195675
0.002385 2484.74 0.0304359 131447 0.116139 0.18124
0.002745 2337.13 0.0336753 131447 0.0569527 0.192585
0.005365 318.983 0.23291 131447 0.154119 1.42986
0.001735 1893.79 0.0923542 131447 0.202659 0.237864
0.001445 1569.86 0.123114 131448 0.206482 0.287059
0.002155 2310.76 0.0502912 131447 0.175094 0.194902
0.002395 2485.25 0.030143 131447 0.115042 0.181201
0.002755 2330.92 0.0339235 131447 0.0565339 0.193095
0.005375 318.942 0.232911 131447 0.153444 1.43005
0.001745 1904.49 0.0913153 131447 0.202274 0.236526
0.002165 2319.85 0.0493296 131447 0.174198 0.194138
0.001455 1581.4 0.122037 131448 0.206606 0.284957
0.003755 1293.46 0.0965312 131448 0.0687307 0.347642
0.002405 2485.74 0.02985 131447 0.113979 0.181163
0.002765 2324.71 0.0341703 131447 0.0561223 0.193608
0.005385 318.892 0.232912 131447 0.152784 1.43028
0.001755 1915.15 0.0902781 131447 0.201873 0.235207
0.002175 2328.9 0.0483697 131447 0.173291 0.193383
0.001465 1592.93 0.12096 131448 0.20671 0.28289
0.003765 1274.1 0.0988622 131448 0.0724069 0.352937
0.002415 2486.22 0.0295569 131447 0.112947 0.181127
0.002775 2318.49 0.0344156 131447 0.0557128 0.194124
0.005395 318.836 0.232913 131447 0.152178 1.43053
0.001765 1925.78 0.0892427 131447 0.201457 0.233907
0.002185 2337.9 0.0474113 131447 0.172373 0.192637
0.001475 1604.43 0.119885 131448 0.206795 0.280856
0.000585 620.65 0.208712 131448 0.12645 0.72991
0.002425 2486.68 0.0292636 131447 0.111947 0.181092
0.002785 2312.3 0.0346594 131449 0.0552852 0.194643
0.003775 1254.81 0.101177 131448 0.0760445 0.358379
0.005405 318.787 0.232913 131447 0.151677 1.43075
0.001775 1936.37 0.0882089 131447 0.201026 0.232625
0.002195 2346.87 0.0464546 131447 0.171444 0.191901
0.001485 1615.91 0.118811 131448 0.206861 0.278856
0.002435 2487.12 0.0289702 131447 0.110978 0.181057
0.000595 629.087 0.207975 131448 0.12785 0.720045
0.002795 2306.62 0.0349017 131447 0.0549324 0.195117
0.003785 1235.58 0.103475 131448 0.0796484 0.363973
0.005415 318.753 0.232914 131447 0.15096 1.4309
0.001785 1946.93 0.0871769 131447 0.20058 0.231362
0.002205 2355.8 0.0454994 131447 0.170507 0.191173
0.001495 1627.37 0.117737 131448 0.206907 0.276888
0.002445 2487.56 0.0286764 131447 0.11004 0.181024
0.000605 637.648 0.207226 131448 0.129254 0.710302
0.002805 2300.97 0.0351423 131447 0.0545748 0.195593
0.005425 318.826 0.232914 131447 0.15015 1.43057
0.003795 1216.41 0.105756 131448 0.0832213 0.369727
0.001795 1957.45 0.0861466 131447 0.200118 0.230117
0.002215 2364.68 0.0445458 131447 0.169563 0.190454
0.001505 1638.8 0.116665 131448 0.206935 0.274952
0.002455 2487.98 0.0283822 131447 0.109132 0.180991
0.000615 646.332 0.206466 131448 0.130663 0.700686
0.002815 2295.32 0.0353811 131447 0.0542278 0.196071
0.005435 318.877 0.232915 131447 0.149458 1.43035
0.003805 1197.31 0.108019 131448 0.0867631 0.375648
0.001805 1967.94 0.085118 131447 0.199642 0.228889
0.002225 2373.53 0.0435935 131447 0.168615 0.189744
0.001515 1650.21 0.115594 131448 0.206944 0.273047
0.002465 2488.39 0.0280876 131447 0.10825 0.18096
0.000625 655.135 0.205695 131448 0.132074 0.691199
0.002825 2289.68 0.0356183 131447 0.0538951 0.196552
0.000195 409.192 0.226805 131448 0.0853112 1.11104
0.003815 1178.26 0.110264 131448 0.0902683 0.381743
0.002835 2284.04 0.0358536 131447 0.0535759 0.197034
0.000205 411.569 0.226609 131448 0.0858609 1.10456
0.001815 1978.39 0.0840913 131447 0.199151 0.227679
0.002845 2278.4 0.0360871 131447 0.0532695 0.197519
0.003825 1159.26 0.112491 131448 0.0937256 0.388021
0.000215 414.096 0.2264 131448 0.0864421 1.09776
0.002855 2272.76 0.0363186 131447 0.0529755 0.198005
0.001825 1988.8 0.0830663 131447 0.198646 0.226486
0.003835 1140.32 0.114699 131449 0.0971168 0.394491
0.000225 416.777 0.226178 131448 0.0870549 1.09063
0.002865 2267.14 0.0365482 131447 0.0526934 0.198494
0.001835 1999.17 0.0820431 131447 0.198126 0.225309
0.002235 2382.34 0.0426427 131447 0.167665 0.189042
0.001525 1661.59 0.114523 131448 0.206934 0.271172
0.001845 2009.51 0.0810217 131447 0.197591 0.224148
0.002475 2488.79 0.0277924 131447 0.107422 0.180928
0.001855 2019.81 0.0800021 131447 0.197043 0.223004
0.000635 664.055 0.204913 131448 0.133488 0.681843
0.000235 419.613 0.225942 131448 0.0876992 1.08319
0.002875 2261.51 0.0367757 131447 0.0524228 0.198984
0.001535 1672.94 0.113454 131447 0.206906 0.269328
0.000245 422.606 0.225693 131448 0.0883748 1.07545
0.002485 2489.19 0.0274966 131447 0.106871 0.180898
0.000255 425.758 0.225431 131448 0.0890815 1.06741
0.001865 2030.07 0.0789844 131447 0.19648 0.221875
0.002495 2489.19 0.0272263 131428 0.0894531 0.18087
0.000265 429.071 0.225154 131448 0.0898192 1.05909
0.001545 1684.27 0.112386 131447 0.206859 0.267512
0.001875 2040.3 0.0779685 131447 0.195904 0.220762
0.002505 2483.67 0.0274617 131447 0.0719657 0.181295
0.000275 432.547 0.224864 131448 0.0905875 1.05051
0.001555 1695.57 0.111319 131447 0.206794 0.265725
0.001885 2050.48 0.0769545 131447 0.195314 0.219664
0.002515 2477.74 0.0277238 131447 0.0713092 0.181726
0.000285 436.186 0.224559 131448 0.0913862 1.04166
0.001565 1706.84 0.110254 131447 0.20671 0.263967
0.001895 2060.63 0.0759423 131447 0.194711 0.218582
0.002525 2471.79 0.0279862 131447 0.0704355 0.18216
0.000295 439.99 0.22424 131448 0.0922151 1.03258
0.001575 1718.09 0.109189 131447 0.206609 0.262235
0.001905 2070.74 0.074932 131447 0.194094 0.217513
0.002535 2465.81 0.0282488 131447 0.0695671 0.182599
0.000305 443.959 0.223906 131448 0.0930737 1.02326
0.001585 1729.3 0.108126 131447 0.20649 0.260531
0.001915 2080.81 0.0739235 131447 0.193464 0.216459
0.002545 2459.82 0.0285115 131447 0.0687298 0.183041
0.000315 448.095 0.223558 131448 0.0939616 1.01373
0.001595 1740.49 0.107065 131447 0.206353 0.258853
0.002555 2453.8 0.0287744 131447 0.0679209 0.183487
