0.007365 299.999 0.232915 101321 0.0020237 1.17191
0.007375 299.999 0.232915 101321 0.00207009 1.17191
0.007385 299.999 0.232915 101321 0.00210184 1.17191
0.007395 299.999 0.232916 101321 0.00211249 1.17191
0.007405 299.999 0.232916 101321 0.00210352 1.17191
0.007415 299.999 0.232916 101321 0.00208171 1.17191
0.007425 299.999 0.232916 101321 0.00205567 1.17191
0.007435 299.999 0.232916 101321 0.00203153 1.17191
0.007445 299.999 0.232916 101321 0.002011 1.17191
0.007455 299.999 0.232916 101321 0.00199181 1.17191
0.007465 299.998 0.232916 101321 0.0019696 1.17191
0.007475 299.998 0.232916 101321 0.00194037 1.17191
0.007485 299.998 0.232916 101321 0.00190272 1.17191
0.007495 299.998 0.232916 101321 0.001859 1.17191
0.007505 299.998 0.232916 101321 0.00181311 1.17191
0.007515 299.998 0.232916 101321 0.00176712 1.17191
0.007525 299.998 0.232916 101321 0.00172124 1.17191
0.007535 299.998 0.232916 101321 0.0016723 1.17191
0.007545 299.998 0.232916 101321 0.00161438 1.17191
0.007555 299.998 0.232916 101321 0.0015421 1.17191
0.007565 299.998 0.232916 101321 0.00145409 1.17191
0.007575 299.998 0.232916 101321 0.0013546 1.17191
0.007585 299.998 0.232917 101321 0.00125805 1.17191
0.007595 299.998 0.232917 101321 0.00116456 1.17191
0.007605 299.998 0.232917 101321 0.00107531 1.17191
0.007615 299.998 0.232917 101321 0.000984113 1.17191
0.007625 299.998 0.232917 101321 0.000878676 1.17191
0.007635 299.998 0.232917 101321 0.000759458 1.17191
0.007645 299.998 0.232917 101321 0.0006178 1.17191
0.007655 299.998 0.232917 101321 0.000450138 1.17191
0.007665 299.998 0.232917 101321 0.000273766 1.17191
0.007675 299.998 0.232917 101321 8.67674e-05 1.17191
0.007045 300.008 0.232908 101322 -0.000194606 1.17186
0.006725 300.057 0.232876 101321 0.00149437 1.17161
0.007055 300.007 0.232908 101322 -9.80736e-05 1.17187
0.006405 300.275 0.232759 101321 0.00295932 1.17059
0.006735 300.054 0.232878 101321 0.00147677 1.17162
0.007065 300.007 0.232908 101322 -1.05348e-05 1.17187
0.006415 300.263 0.232765 101321 0.00282231 1.17065
0.007075 300.006 0.232909 101322 4.88791e-05 1.17187
0.006745 300.051 0.23288 101321 0.00130461 1.17164
0.001285 2169.34 0.00115432 101323 -0.271596 0.158218
0.006425 300.251 0.232771 101321 0.00271587 1.1707
0.007085 300.006 0.232909 101322 8.4645e-05 1.17188
0.006755 300.048 0.232881 101321 0.00103448 1.17165
0.000965 2175.76 0.000866502 101323 -0.272623 0.157764
0.006435 300.24 0.232777 101321 0.00277221 1.17075
0.007095 300.005 0.23291 101322 0.000118404 1.17188
0.006765 300.046 0.232883 101321 0.000925486 1.17167
0.001295 2169.15 0.00116229 101323 -0.271181 0.158231
0.006445 300.229 0.232783 101321 0.00291557 1.1708
0.001605 2156.76 0.00192538 101324 -0.277498 0.159127
0.000975 2175.55 0.000876444 101323 -0.272571 0.157779
0.007105 300.005 0.23291 101322 0.000172403 1.17188
0.006775 300.043 0.232884 101321 0.00100565 1.17168
0.006455 300.219 0.232788 101321 0.00292122 1.17085
0.001305 2168.95 0.00117019 101323 -0.271272 0.158245
0.007115 300.004 0.23291 101322 0.000256552 1.17188
0.000985 2175.35 0.000886332 101323 -0.272625 0.157793
0.001615 2156.26 0.00195778 101324 -0.278956 0.159163
0.006785 300.041 0.232886 101321 0.0010454 1.17169
0.006465 300.209 0.232794 101321 0.00275386 1.17089
0.001315 2168.76 0.00117805 101323 -0.271923 0.158259
0.007125 300.004 0.232911 101322 0.000365244 1.17188
0.000645 2181.32 0.000595379 101323 -0.274793 0.157373
0.006795 300.039 0.232887 101321 0.00121765 1.1717
0.006475 300.199 0.232799 101321 0.00259595 1.17094
0.000995 2175.14 0.000896163 101323 -0.272663 0.157808
0.001625 2155.77 0.00199003 101324 -0.279925 0.1592
0.007135 300.004 0.232911 101322 0.000481989 1.17189
0.001325 2168.56 0.00118586 101323 -0.272315 0.158273
0.006805 300.039 0.232888 101321 1.50696e-06 1.1717
0.000655 2181.25 0.000597529 101322 -0.274576 0.157378
0.006485 300.19 0.232803 101321 0.00256151 1.17098
0.001005 2174.94 0.000905936 101323 -0.272584 0.157822
0.001635 2155.27 0.00202213 101324 -0.280152 0.159236
0.007145 300.003 0.232911 101321 0.000590359 1.17189
0.001335 2168.37 0.00119361 101323 -0.271894 0.158286
0.006815 300.03 0.23289 101320 0.00141483 1.17173
0.006495 300.18 0.232808 101321 0.00266865 1.17102
0.000665 2181.17 0.00059966 101322 -0.274258 0.157383
0.001015 2174.74 0.000915653 101323 -0.272423 0.157837
0.001645 2154.78 0.00205407 101324 -0.27979 0.159272
0.007155 300.003 0.232912 101321 0.000679332 1.17189
0.001345 2168.18 0.00120132 101323 -0.271157 0.1583
0.006825 300.039 0.232891 101323 0.00161458 1.17173
0.006505 300.172 0.232812 101321 0.00277165 1.17106
0.001025 2174.53 0.000925311 101323 -0.272311 0.157851
0.000675 2181.1 0.000601773 101322 -0.274143 0.157388
0.007165 300.003 0.232912 101321 0.000756022 1.17189
0.001355 2167.98 0.00120898 101323 -0.271012 0.158313
0.001655 2154.29 0.00208586 101324 -0.2791 0.159307
0.006835 300.03 0.232892 101321 0.000558931 1.17174
0.006515 300.163 0.232817 101321 0.00241193 1.1711
0.001035 2174.33 0.00093491 101323 -0.272331 0.157865
0.000685 2181.02 0.000603868 101322 -0.274298 0.157393
0.007175 300.002 0.232912 101321 0.000838084 1.17189
0.001365 2167.79 0.00121659 101323 -0.271665 0.158327
0.006845 300.029 0.232893 101321 0.00107338 1.17175
0.006525 300.155 0.232821 101321 0.00170101 1.17114
0.001665 2153.8 0.0021175 101324 -0.278122 0.159343
0.007185 300.002 0.232912 101321 0.000943834 1.17189
0.001045 2174.13 0.000944449 101323 -0.272414 0.15788
0.000695 2180.95 0.000605945 101323 -0.274465 0.157399
0.006855 300.027 0.232894 101321 0.000911682 1.17176
0.001375 2167.6 0.00122416 101323 -0.272354 0.158341
0.006535 300.148 0.232825 101321 0.00215102 1.17117
0.001675 2153.31 0.00214897 101323 -0.276686 0.159378
0.007195 300.002 0.232913 101321 0.00107977 1.17189
0.001055 2173.92 0.000953927 101323 -0.272415 0.157894
0.000705 2180.87 0.000608006 101323 -0.274474 0.157404
0.006865 300.026 0.232895 101321 0.000775378 1.17176
0.000325 2183.52 0.000514192 101322 -0.275464 0.157221
0.001385 2167.4 0.0012317 101323 -0.272575 0.158355
0.006545 300.144 0.232829 101322 0.00435922 1.17121
0.001685 2152.82 0.00218028 101323 -0.274727 0.159414
0.007205 300.002 0.232913 101321 0.00123509 1.1719
0.001065 2173.72 0.000963345 101323 -0.272277 0.157908
0.006875 300.024 0.232896 101321 0.000576498 1.17177
0.000715 2180.79 0.000610053 101322 -0.274401 0.157409
0.000335 2183.46 0.000517112 101322 -0.275449 0.157226
0.006555 300.135 0.232832 101320 0.00285389 1.17123
0.001395 2167.21 0.00123919 101323 -0.272546 0.158368
0.001695 2152.33 0.00221143 101323 -0.272538 0.159449
0.007215 300.001 0.232913 101321 0.00138467 1.1719
0.006885 300.023 0.232897 101321 0.000507777 1.17178
0.001075 2173.52 0.0009727 101323 -0.272106 0.157923
0.000725 2180.66 0.000615293 101320 -0.274328 0.157414
0.006565 300.128 0.232836 101321 0.00166625 1.17127
0.000345 2183.4 0.000520007 101322 -0.275451 0.15723
0.001405 2166.87 0.0012563 101316 -0.272526 0.158382
0.001705 2151.85 0.00224242 101323 -0.270658 0.159484
0.007225 300.001 0.232913 101321 0.00150109 1.1719
0.006895 300.021 0.232898 101321 0.000516746 1.17179
0.001085 2173.32 0.000981993 101323 -0.272057 0.157937
0.000735 2180.51 0.000623281 101323 -0.274237 0.157429
0.006575 300.122 0.232839 101321 0.0023706 1.17129
0.000355 2183.33 0.000522879 101322 -0.275492 0.157235
0.001415 2166.49 0.00128197 101323 -0.272482 0.15842
0.001715 2151.36 0.00227324 101322 -0.269466 0.159519
0.007235 300.001 0.232913 101321 0.00157269 1.1719
0.006905 300.02 0.232899 101321 0.000418855 1.17179
0.001095 2173.11 0.000991222 101323 -0.272153 0.157951
0.000745 2180.3 0.000634435 101323 -0.274136 0.157444
0.006585 300.116 0.232842 101321 0.00227559 1.17132
0.000365 2183.27 0.000525727 101322 -0.275544 0.157239
0.007245 300.001 0.232914 101321 0.00161323 1.1719
0.001425 2165.97 0.00131718 101323 -0.272412 0.158458
0.001725 2150.88 0.00230388 101322 -0.268882 0.159554
0.006915 300.019 0.2329 101321 0.000229069 1.1718
0.001105 2172.91 0.00100039 101323 -0.272239 0.157965
0.000755 2180.09 0.000645535 101323 -0.274122 0.157458
0.006595 300.111 0.232845 101321 0.00218243 1.17135
0.000375 2183.2 0.000528551 101322 -0.275562 0.157244
0.007255 300.001 0.232914 101321 0.00164978 1.1719
0.001435 2165.44 0.00135223 101323 -0.2726 0.158496
0.006925 300.018 0.2329 101321 0.000141469 1.17181
0.001735 2150.41 0.00233436 101322 -0.268509 0.159589
0.001115 2172.71 0.00100949 101323 -0.272158 0.15798
0.006605 300.105 0.232848 101321 0.00215541 1.17137
0.000765 2179.88 0.00065658 101323 -0.274264 0.157473
0.007265 300 0.232914 101321 0.00170233 1.1719
0.000385 2183.14 0.000531351 101322 -0.275533 0.157248
0.001445 2164.92 0.00138712 101323 -0.273259 0.158533
0.006935 300.017 0.232901 101321 0.000238085 1.17181
0.001745 2149.93 0.00236467 101322 -0.268069 0.159624
0.001125 2172.51 0.00101853 101323 -0.271941 0.157994
0.006615 300.1 0.232851 101321 0.00212619 1.1714
0.000775 2179.68 0.000667571 101322 -0.274389 0.157487
0.007275 300 0.232914 101321 0.0017731 1.1719
0.000395 2183.07 0.000534125 101322 -0.275493 0.157253
0.006945 300.016 0.232902 101321 0.000396065 1.17182
0.001455 2164.4 0.00142186 101323 -0.273862 0.158571
0.001755 2149.45 0.00239479 101322 -0.267689 0.159659
0.001135 2172.31 0.0010275 101323 -0.271794 0.158008
0.006625 300.095 0.232854 101321 0.0020706 1.17142
0.007285 300 0.232914 101321 0.00184761 1.1719
0.000785 2179.47 0.000678508 101322 -0.274251 0.157502
0.006955 300.015 0.232903 101322 0.000428439 1.17183
0.000405 2183.01 0.000536875 101322 -0.275492 0.157257
0.001465 2163.88 0.00145645 101323 -0.273658 0.158608
0.001765 2148.98 0.00242475 101322 -0.267694 0.159693
0.007295 300 0.232914 101321 0.00190433 1.1719
0.006635 300.09 0.232857 101321 0.00198049 1.17145
0.001145 2172.11 0.0010364 101323 -0.271861 0.158022
0.006965 300.014 0.232903 101322 0.000285308 1.17183
0.000795 2179.26 0.000689393 101323 -0.273922 0.157517
0.000415 2182.94 0.0005396 101322 -0.275534 0.157262
0.001475 2163.36 0.00149089 101323 -0.272867 0.158646
0.007305 300 0.232915 101321 0.0019293 1.17191
0.001775 2148.51 0.00245452 101322 -0.268134 0.159728
0.006645 300.085 0.232859 101321 0.00184303 1.17147
0.006975 300.013 0.232904 101322 7.9703e-05 1.17184
0.001155 2171.91 0.00104525 101323 -0.272036 0.158036
0.000425 2182.87 0.000542299 101322 -0.275564 0.157266
0.000805 2179.05 0.000700226 101323 -0.273695 0.157532
0.007315 300 0.232915 101321 0.00192665 1.17191
0.001485 2162.85 0.00152519 101323 -0.272408 0.158684
0.006655 300.081 0.232862 101321 0.00167407 1.17149
0.001785 2148.04 0.00248411 101322 -0.268596 0.159762
0.006985 300.012 0.232904 101322 -7.40607e-05 1.17184
0.007325 300 0.232915 101321 0.0019154 1.17191
0.001165 2171.71 0.00105402 101323 -0.272065 0.15805
0.000435 2182.8 0.000544974 101322 -0.275532 0.157271
0.000815 2178.85 0.000711006 101323 -0.273736 0.157546
0.006665 300.077 0.232864 101321 0.00153251 1.17151
0.006995 300.011 0.232905 101322 -0.000160239 1.17184
0.001495 2162.33 0.00155933 101323 -0.272773 0.158721
0.001795 2147.58 0.00251352 101322 -0.268592 0.159797
0.007335 299.999 0.232915 101321 0.00191498 1.17191
0.001175 2171.51 0.00106273 101323 -0.271846 0.158064
0.000445 2182.74 0.000547622 101322 -0.275455 0.157276
0.000825 2178.64 0.000721734 101323 -0.27387 0.157561
0.006675 300.074 0.232866 101321 0.00148741 1.17153
0.007005 300.01 0.232906 101322 -0.000217779 1.17185
0.007345 299.999 0.232915 101321 0.0019351 1.17191
0.001505 2161.82 0.00159333 101323 -0.273401 0.158758
0.001805 2147.11 0.00254275 101322 -0.268115 0.159831
0.001185 2171.31 0.00107137 101323 -0.271581 0.158078
0.000455 2182.67 0.000550245 101322 -0.275402 0.15728
0.000835 2178.43 0.000732411 101323 -0.273823 0.157575
0.006685 300.07 0.232868 101321 0.00155085 1.17155
0.007015 300.01 0.232906 101322 -0.000269224 1.17185
0.007355 299.999 0.232915 101321 0.0019744 1.17191
0.001515 2161.3 0.00162719 101323 -0.273482 0.158795
0.001815 2146.65 0.0025718 101322 -0.267709 0.159865
0.001195 2171.11 0.00107995 101323 -0.271564 0.158092
0.006695 300.066 0.23287 101321 0.00161849 1.17156
0.007025 300.009 0.232907 101322 -0.000292912 1.17186
0.000465 2182.6 0.000552843 101322 -0.275419 0.157285
0.000845 2178.23 0.000743037 101323 -0.2736 0.15759
5e-06 2184.96 0.000423814 101323 -0.274431 0.157121
0.000855 2178.02 0.000753611 101323 -0.273359 0.157605
1.5e-05 2185 0.000423807 101323 -0.274528 0.157118
0.006085 301.175 0.232357 101322 0.0036663 1.16668
0.000865 2177.81 0.000764134 101323 -0.273284 0.157619
2.5e-05 2185.04 0.000423794 101323 -0.274622 0.157115
0.001925 2141.69 0.00287928 101322 -0.266028 0.16023
0.000875 2177.61 0.000774605 101323 -0.273354 0.157634
3.5e-05 2185.08 0.000423775 101323 -0.274639 0.157113
0.000885 2177.4 0.000785025 101323 -0.273385 0.157648
0.002245 2112.63 0.00503021 101322 -0.269452 0.162423
4.5e-05 2185.07 0.000424992 101321 -0.274616 0.15711
0.001935 2141.25 0.00290617 101322 -0.266621 0.160263
0.000895 2177.2 0.000795394 101323 -0.273258 0.157663
0.006095 301.125 0.232378 101322 0.00359583 1.16689
5.5e-05 2185.06 0.00042726 101323 -0.274605 0.157113
0.002255 2111.28 0.00513527 101323 -0.268623 0.162527
0.001945 2140.82 0.0029329 101323 -0.26783 0.160296
0.002565 2072.51 0.00816201 101323 -0.263654 0.165566
0.000905 2176.99 0.00080571 101323 -0.273046 0.157677
0.006105 301.076 0.232398 101322 0.00352701 1.1671
6.5e-05 2185.01 0.000430754 101323 -0.274634 0.157117
0.002265 2109.94 0.00523991 101323 -0.267315 0.162631
0.001955 2140.38 0.00295947 101323 -0.268047 0.160328
0.000915 2176.78 0.000815975 101323 -0.272909 0.157692
0.002575 2071.37 0.00825145 101323 -0.263836 0.165658
0.006115 301.029 0.232418 101322 0.00348833 1.1673
7.5e-05 2184.96 0.000434226 101323 -0.274699 0.157121
0.002275 2108.61 0.00534414 101323 -0.266885 0.162734
0.000925 2176.58 0.000826187 101323 -0.272916 0.157706
0.001965 2139.95 0.00298587 101322 -0.266765 0.160359
0.006125 300.984 0.232437 101322 0.00348829 1.16749
0.002585 2070.24 0.00834037 101323 -0.261182 0.165747
8.5e-05 2184.91 0.000437675 101323 -0.27479 0.157124
0.000935 2176.37 0.000836346 101323 -0.272973 0.157721
0.001975 2139.52 0.00301213 101322 -0.265377 0.160391
0.002285 2107.27 0.00544794 101322 -0.267571 0.162836
0.006135 300.94 0.232455 101322 0.00350876 1.16768
9.5e-05 2184.86 0.000441104 101323 -0.274849 0.157128
0.002595 2069.11 0.00842878 101322 -0.258493 0.165836
0.000945 2176.17 0.000846452 101323 -0.272939 0.157735
0.002295 2105.95 0.00555132 101322 -0.26833 0.162938
0.001985 2139.09 0.00303823 101322 -0.265413 0.160423
0.006145 300.897 0.232473 101322 0.0035214 1.16786
0.000105 2184.8 0.000444511 101323 -0.274825 0.157132
0.002605 2067.99 0.0085167 101322 -0.259124 0.165926
0.000955 2175.96 0.000856504 101323 -0.272786 0.15775
0.002305 2104.63 0.00565427 101323 -0.268108 0.16304
0.006155 300.856 0.23249 101322 0.003508 1.16804
0.001995 2138.66 0.00306419 101323 -0.267155 0.160455
0.005765 304.576 0.231086 101323 0.00361453 1.15263
0.000115 2184.75 0.000447897 101323 -0.274764 0.157136
0.003205 1879.06 0.024565 101324 -0.250142 0.182649
0.000125 2184.7 0.000451261 101323 -0.274758 0.157139
0.005445 316.494 0.227414 101322 -0.000592916 1.10712
0.003215 1875.62 0.0248618 101324 -0.249907 0.182985
0.000135 2184.64 0.000454605 101323 -0.274831 0.157143
0.002885 1998.88 0.0143 101324 -0.26197 0.171674
0.000145 2184.59 0.000457928 101323 -0.274915 0.157147
0.003225 1872.2 0.0251569 101322 -0.243634 0.183318
0.005125 353.324 0.218054 101323 -0.00711969 0.988319
0.000155 2184.53 0.000461231 101323 -0.274933 0.157151
0.003235 1868.8 0.0254504 101321 -0.238534 0.18365
0.000165 2184.48 0.000464513 101323 -0.274908 0.157155
0.003245 1865.42 0.0257422 101322 -0.241565 0.183986
0.005455 315.889 0.227592 101322 -0.000423239 1.10933
0.005135 351.439 0.21848 101323 -0.00674343 0.993754
0.000175 2184.42 0.000467775 101323 -0.274896 0.157159
0.003255 1862.07 0.0260322 101325 -0.248779 0.184323
0.003525 1662.32 0.0439842 101322 -0.257888 0.206515
0.002895 1994.89 0.0146398 101323 -0.264255 0.172016
0.000185 2184.36 0.000471016 101323 -0.274941 0.157163
0.005145 349.59 0.218895 101323 -0.00637895 0.999139
0.003265 1858.74 0.0263202 101325 -0.248939 0.184656
0.005465 315.3 0.227765 101322 -0.000259093 1.11149
0.000195 2184.31 0.000474236 101323 -0.275022 0.157167
0.003275 1855.43 0.0266059 101322 -0.239419 0.184981
0.005155 347.783 0.2193 101325 -0.00602165 1.00448
0.003845 1293.54 0.0747422 101326 -0.193561 0.265596
0.000205 2184.25 0.000477437 101322 -0.27508 0.157171
0.003285 1852.16 0.0268888 101320 -0.23088 0.185305
0.005165 346.212 0.219695 101323 -0.00568958 1.00915
0.002905 1990.92 0.0149785 101322 -0.267213 0.172359
0.004485 630.581 0.166409 101324 -0.0651298 0.548327
0.003535 1650.5 0.0450443 101322 -0.256158 0.207997
0.000215 2184.19 0.000480616 101323 -0.27509 0.157175
0.005475 314.726 0.227933 101322 -0.000114627 1.1136
0.003855 1282.71 0.0755239 101323 -0.180306 0.267841
0.003295 1848.93 0.027168 101322 -0.234259 0.185633
0.005175 344.681 0.220081 101323 -0.00537193 1.01376
0.004495 622.768 0.167583 101324 -0.0635618 0.555287
0.004165 920.785 0.123541 101324 -0.121082 0.374005
0.003305 1845.75 0.0274423 101326 -0.245442 0.185961
0.003865 1271.97 0.0762884 101321 -0.170433 0.270109
0.000225 2184.13 0.000483775 101323 -0.275084 0.157179
0.005185 343.185 0.220457 101323 -0.00507198 1.0183
0.004505 615.071 0.168747 101334 -0.0619107 0.562377
0.002915 1986.95 0.0153162 101322 -0.266384 0.172703
0.003545 1638.68 0.046101 101324 -0.248194 0.209503
0.005485 314.167 0.228096 101322 4.30709e-06 1.11566
0.003315 1842.65 0.0277103 101327 -0.245882 0.186278
0.000235 2184.07 0.000486914 101322 -0.275109 0.157183
0.005195 341.723 0.220824 101323 -0.00479095 1.02279
0.003875 1261.32 0.0770351 101324 -0.177105 0.272408
0.004515 608.368 0.1699 101323 -0.0605995 0.568596
0.003325 1839.64 0.0279702 101322 -0.228868 0.186576
0.000245 2184.02 0.000490031 101322 -0.275176 0.157187
0.005205 340.293 0.221181 101323 -0.00452963 1.02721
0.003885 1250.77 0.0777631 101327 -0.187195 0.274727
0.004525 601.786 0.171043 101323 -0.0591701 0.574899
0.003335 1836.73 0.0282203 101319 -0.215079 0.186866
0.000255 2183.96 0.000493128 101322 -0.275249 0.157191
0.005215 338.896 0.221529 101323 -0.00428669 1.03157
0.004175 909.769 0.125044 101324 -0.118927 0.378574
0.002925 1983.01 0.0156528 101323 -0.262621 0.173048
0.005495 313.623 0.228254 101322 0.000107955 1.11768
0.003555 1626.88 0.047154 101324 -0.243738 0.211027
0.003895 1240.32 0.078472 101327 -0.188054 0.277054
0.004535 595.26 0.172175 101323 -0.0577562 0.581289
0.003345 1833.94 0.0284592 101322 -0.221089 0.187157
0.000265 2183.89 0.000496203 101322 -0.275287 0.157196
0.005225 337.53 0.221869 101323 -0.00405937 1.03587
0.003905 1229.51 0.0793316 101286 -0.184148 0.279397
0.004545 588.789 0.173296 101323 -0.0562703 0.587766
0.003355 1831.28 0.0286865 101327 -0.235005 0.18744
0.004805 447.432 0.19842 101323 -0.0263454 0.77666
0.005235 336.194 0.2222 101323 -0.00384456 1.0401
0.000275 2183.83 0.000499256 101322 -0.27529 0.1572
0.002935 1979.07 0.0159883 101323 -0.260272 0.173394
0.003915 1217 0.0811025 101328 -0.177443 0.282393
0.004555 582.371 0.174405 101323 -0.0547003 0.594333
0.003365 1828.73 0.0289027 101328 -0.241144 0.187704
0.005505 313.094 0.228408 101322 0.000225262 1.11966
0.004185 898.792 0.126536 101324 -0.117032 0.383238
0.003565 1615.08 0.0482031 101323 -0.245821 0.212569
0.005245 334.888 0.222522 101323 -0.00363899 1.04428
0.000285 2183.77 0.000502288 101322 -0.275296 0.157204
0.003925 1204.12 0.0830221 101328 -0.178459 0.285428
0.004565 576.008 0.175504 101323 -0.0531353 0.60099
0.003375 1826.28 0.0291099 101325 -0.240153 0.187954
0.001525 2160.79 0.0016609 101323 -0.273061 0.158832
0.000295 2183.71 0.000505298 101322 -0.275335 0.157208
0.005255 333.611 0.222836 101323 -0.00343953 1.04839
0.002945 1975.15 0.0163227 101323 -0.26139 0.173738
0.003935 1191.36 0.0849199 101324 -0.188525 0.288495
0.004575 569.697 0.176591 101323 -0.0517499 0.60774
0.004815 443.176 0.199222 101323 -0.0254487 0.784245
0.003385 1820.99 0.0295208 101160 -0.237888 0.1882
0.001535 2160.28 0.00169446 101323 -0.272648 0.15887
0.005515 312.577 0.228556 101322 0.000397215 1.12159
0.000305 2183.65 0.000508285 101322 -0.275401 0.157213
0.005265 332.363 0.223142 101323 -0.00324406 1.05245
0.004195 887.843 0.128016 101324 -0.115262 0.388006
0.003575 1603.3 0.0492482 101322 -0.24793 0.214133
0.003945 1178.69 0.0867962 101322 -0.193535 0.291606
0.004585 563.438 0.177668 101323 -0.0508071 0.614584
0.003395 1812.85 0.0303216 101325 -0.235992 0.189351
0.001545 2159.78 0.00172789 101323 -0.27281 0.158907
0.000315 2183.59 0.00051125 101322 -0.275453 0.157217
0.005275 331.141 0.22344 101323 -0.00305178 1.05645
0.002955 1971.25 0.0166561 101322 -0.263472 0.174082
0.004825 438.976 0.200013 101323 -0.024571 0.791878
0.003955 1166.13 0.0886514 101324 -0.181862 0.294772
0.001205 2170.92 0.00108847 101323 -0.271813 0.158106
0.003965 1153.67 0.0904859 101326 -0.169688 0.297983
0.007035 300.008 0.232907 101322 -0.000267919 1.17186
0.003975 1141.31 0.0923002 101325 -0.171565 0.301228
0.001825 2146.19 0.00260066 101322 -0.26786 0.159899
0.003985 1129.03 0.0940947 101323 -0.174723 0.304519
0.001215 2170.72 0.00109692 101323 -0.272012 0.158121
0.006705 300.063 0.232872 101321 0.00158722 1.17158
0.006715 300.06 0.232874 101321 0.00150998 1.17159
0.000475 2182.53 0.000555415 101322 -0.275464 0.15729
0.002615 2066.88 0.00860413 101323 -0.262519 0.166018
0.002005 2138.24 0.00309001 101323 -0.268325 0.160488
0.006165 300.82 0.232506 101322 0.00348205 1.1682
0.002625 2065.77 0.00869109 101324 -0.264204 0.166108
0.002015 2137.81 0.00311569 101323 -0.267098 0.160519
0.002315 2103.31 0.00575678 101323 -0.267033 0.163142
0.002635 2064.68 0.00877758 101323 -0.261362 0.166195
0.005775 304.382 0.23115 101323 0.00363694 1.15341
0.002025 2137.39 0.00314124 101322 -0.264772 0.160548
0.006175 300.786 0.232522 101322 0.00346061 1.16834
0.002325 2102 0.00585886 101323 -0.266174 0.163244
0.004595 557.232 0.178733 101323 -0.0505425 0.621524
0.002645 2063.58 0.00886363 101321 -0.256989 0.166281
0.002035 2136.97 0.00316667 101322 -0.264167 0.160579
0.006185 300.753 0.232537 101322 0.00346684 1.16849
0.005785 304.193 0.231213 101323 0.00363652 1.15417
0.005525 312.074 0.228701 101322 0.00066125 1.12347
0.002335 2100.7 0.00596049 101322 -0.26629 0.163344
0.002655 2062.5 0.00894925 101321 -0.256126 0.166368
0.004605 551.076 0.179787 101322 -0.0509454 0.628561
0.002045 2136.55 0.00319198 101322 -0.265999 0.160612
0.003405 1801.76 0.0313349 101327 -0.236533 0.190521
0.006195 300.721 0.232551 101322 0.0035025 1.16863
0.005795 304.031 0.231273 101323 0.00362819 1.15483
0.005535 311.584 0.22884 101322 0.00103009 1.12532
0.004205 876.91 0.129485 101324 -0.113584 0.392887
0.002665 2061.42 0.00903446 101323 -0.260637 0.166458
0.002345 2099.4 0.00606167 101322 -0.267009 0.163445
0.004615 544.971 0.180829 101322 -0.0516338 0.635697
0.002055 2136.13 0.00321718 101323 -0.26802 0.160644
0.001555 2159.27 0.00176117 101323 -0.27351 0.158943
0.003415 1790.61 0.0323537 101325 -0.245811 0.191707
0.006205 300.69 0.232565 101322 0.00355066 1.16876
0.005805 303.875 0.231331 101323 0.00362553 1.15547
0.005545 311.107 0.228976 101323 0.00149259 1.12712
0.005285 329.95 0.223729 101324 -0.00286269 1.06038
0.002675 2060.35 0.00911926 101324 -0.265017 0.166547
0.004215 865.972 0.130944 101324 -0.112071 0.397893
0.004625 538.917 0.181861 101321 -0.0519499 0.642936
0.003585 1591.53 0.050289 101323 -0.244676 0.215721
0.002355 2098.11 0.0061624 101323 -0.26729 0.163546
0.003425 1779.35 0.0333808 101320 -0.263454 0.192911
0.002065 2135.72 0.00324227 101323 -0.268666 0.160675
0.001565 2158.76 0.0017943 101323 -0.274253 0.15898
0.002965 1967.36 0.0169883 101322 -0.263051 0.174426
0.006215 300.66 0.232579 101322 0.00359145 1.16889
0.005815 303.723 0.231387 101323 0.00363574 1.15608
0.005555 310.696 0.229108 101323 0.0019644 1.12869
0.005295 328.92 0.224011 101323 -0.00267224 1.06381
0.004835 434.83 0.200791 101323 -0.023707 0.799557
0.002685 2059.28 0.00920369 101324 -0.262671 0.166633
0.004225 855.012 0.132392 101324 -0.110722 0.403039
0.003995 1116.85 0.0958699 101324 -0.168266 0.307867
0.004635 532.913 0.182881 101321 -0.0512692 0.650281
0.003435 1767.98 0.0344177 101317 -0.271787 0.194148
0.002365 2096.82 0.00626266 101323 -0.26661 0.163646
0.002075 2135.3 0.00326726 101323 -0.268531 0.160705
0.001835 2145.73 0.00262934 101322 -0.268386 0.159933
0.003595 1579.76 0.0513252 101324 -0.239137 0.217333
0.001575 2158.26 0.00182729 101323 -0.274748 0.159017
0.006225 300.631 0.232592 101322 0.00362359 1.16902
0.005825 303.575 0.231442 101323 0.0036585 1.15669
0.002975 1963.48 0.0173193 101322 -0.260191 0.174772
0.005565 310.296 0.229235 101323 0.00238653 1.13022
0.005305 327.919 0.224286 101323 -0.00248302 1.06716
0.002695 2058.22 0.00928775 101321 -0.255728 0.166715
0.001225 2170.52 0.0011053 101323 -0.271871 0.158134
0.004845 430.739 0.201557 101323 -0.0228634 0.807282
0.004645 526.96 0.18389 101321 -0.0493407 0.657733
0.003445 1756.49 0.0354646 101322 -0.259405 0.195428
0.004235 844.019 0.133829 101324 -0.109317 0.408336
0.004005 1104.75 0.0976264 101325 -0.160584 0.311265
0.002375 2095.54 0.00636246 101323 -0.265551 0.163746
0.002085 2134.44 0.00332148 101301 -0.268376 0.160736
0.001585 2157.76 0.00186013 101323 -0.27523 0.159054
0.003605 1568.01 0.0523568 101324 -0.237055 0.218965
0.001845 2145.27 0.00265784 101323 -0.268577 0.159967
0.006235 300.603 0.232604 101322 0.00363804 1.16914
0.005835 303.433 0.231494 101323 0.00369038 1.15727
0.005575 309.908 0.229358 101323 0.00268633 1.1317
0.002985 1959.62 0.0176492 101323 -0.258096 0.175118
0.005315 326.943 0.224553 101323 -0.00231404 1.07046
0.002705 2057.16 0.00937146 101320 -0.253063 0.166799
0.001235 2170.32 0.00111362 101323 -0.271497 0.158148
0.004855 426.703 0.20231 101323 -0.0220685 0.815051
0.004655 521.056 0.184888 101322 -0.0464193 0.665294
0.003455 1744.89 0.0365201 101326 -0.245982 0.196737
0.004245 833.185 0.135256 101346 -0.107598 0.413783
0.004015 1092.74 0.0993644 101325 -0.159114 0.314711
0.002385 2094.27 0.00646178 101322 -0.265135 0.163845
0.001595 2157.26 0.00189283 101324 -0.276119 0.15909
0.002095 2133.46 0.00340392 101323 -0.268151 0.160843
0.003615 1556.27 0.0533833 101323 -0.238191 0.220619
0.001855 2144.82 0.00268615 101322 -0.268034 0.16
0.006245 300.576 0.232617 101322 0.00373492 1.16926
0.005845 303.294 0.231545 101323 0.00372525 1.15784
0.005325 325.992 0.224812 101323 -0.00209521 1.07369
0.000485 2182.46 0.000557961 101322 -0.275451 0.157295
0.005335 325.064 0.225065 101322 -0.00251143 1.07687
0.000495 2182.4 0.000560482 101322 -0.275352 0.157299
0.003625 1544.55 0.0544045 101323 -0.23771 0.222297
0.005345 324.158 0.22531 101321 -0.000611908 1.07996
0.002715 2056.11 0.00945486 101322 -0.257946 0.166888
0.000505 2182.33 0.000562977 101322 -0.275239 0.157304
0.005355 323.275 0.225549 101323 -0.00222588 1.08303
0.003635 1532.83 0.0554202 101323 -0.233959 0.224
0.000515 2182.26 0.000565447 101322 -0.27521 0.157309
0.002725 2055.07 0.00953794 101324 -0.264067 0.166976
0.005365 322.414 0.225781 101322 -0.00149287 1.08603
0.003645 1521.14 0.05643 101324 -0.230378 0.225728
0.001865 2144.37 0.00271428 101322 -0.267225 0.160033
0.005375 321.574 0.226006 101322 -0.00142152 1.08897
0.000525 2182.19 0.000567892 101322 -0.275265 0.157314
0.002735 2054.03 0.00962073 101324 -0.266339 0.167061
0.003655 1509.46 0.0574335 101324 -0.22958 0.227479
0.002995 1955.77 0.0179779 101323 -0.258693 0.175463
0.001875 2143.91 0.00274222 101322 -0.267019 0.160066
0.005385 320.754 0.226225 101322 -0.0013075 1.09185
0.000535 2182.12 0.000570311 101322 -0.275293 0.157318
0.002745 2053 0.00970325 101323 -0.266009 0.167144
0.003665 1497.8 0.0584304 101323 -0.229462 0.229253
0.001885 2143.47 0.00276999 101322 -0.267621 0.160099
0.003005 1951.94 0.0183055 101323 -0.260227 0.175808
0.005395 319.954 0.226438 101322 -0.00121819 1.09468
0.000545 2182.04 0.000572706 101322 -0.275199 0.157323
0.005585 309.531 0.229478 101323 0.0028265 1.13315
0.002755 2050.68 0.00987118 101258 -0.265298 0.167227
0.003675 1486.15 0.0594204 101323 -0.227017 0.231054
0.003015 1948.13 0.0186317 101322 -0.259807 0.176152
0.001895 2143.02 0.00279758 101323 -0.268207 0.160133
0.005405 319.173 0.226645 101322 -0.0011239 1.09746
0.000555 2181.97 0.000575077 101322 -0.275027 0.157328
0.005595 309.164 0.229594 101323 0.00281806 1.13457
0.002765 2047.81 0.0101391 101323 -0.264467 0.167568
0.003685 1474.53 0.0604031 101323 -0.223233 0.23288
0.003025 1944.33 0.0189568 101322 -0.257294 0.176497
0.001905 2142.58 0.00282498 101323 -0.267859 0.160165
0.005415 318.412 0.226846 101323 -0.00101771 1.10018
0.000565 2181.9 0.000577424 101322 -0.274922 0.157333
0.005605 308.808 0.229706 101323 0.00271384 1.13594
0.002775 2043.65 0.010492 101325 -0.263971 0.167911
0.003695 1462.93 0.0613779 101324 -0.221245 0.234732
0.001915 2142.13 0.00285222 101322 -0.266733 0.160198
0.003035 1940.55 0.0192805 101323 -0.255394 0.176842
0.005425 317.754 0.227041 101322 -0.000896171 1.10255
0.000575 2181.83 0.000579746 101322 -0.274966 0.157338
0.005615 308.461 0.229815 101323 0.00258657 1.13729
0.006255 300.55 0.232628 101321 0.00325293 1.16937
0.005625 308.123 0.22992 101323 0.00250298 1.13859
0.001245 2170.13 0.00112188 101323 -0.271311 0.158162
0.006265 300.524 0.232639 101323 0.00555373 1.1695
0.004865 422.737 0.203051 101327 -0.0212336 0.822862
0.005635 307.795 0.230022 101323 0.00250497 1.13987
0.006275 300.499 0.23265 101320 0.00554832 1.16958
0.001255 2169.93 0.00113008 101323 -0.271571 0.158176
0.005645 307.475 0.230121 101323 0.00257595 1.14112
0.004875 419.29 0.20378 101323 -0.0211289 0.829727
0.006285 300.478 0.232661 101321 0.00316995 1.16969
0.004665 515.202 0.185874 101323 -0.0431259 0.672965
0.001265 2169.73 0.00113822 101323 -0.271991 0.15819
0.005655 307.164 0.230217 101323 0.00276119 1.14234
0.006295 300.458 0.232671 101321 0.00358239 1.16978
0.004885 415.915 0.204495 101325 -0.0185924 0.836607
0.005855 303.16 0.231594 101323 0.00375464 1.15839
0.001275 2169.54 0.0011463 101323 -0.272036 0.158204
0.005665 306.861 0.230309 101323 0.00237391 1.14352
0.004675 509.397 0.186849 101323 -0.0401484 0.680746
0.006305 300.439 0.23268 101321 0.00340036 1.16986
0.004895 412.594 0.205198 101323 -0.0197314 0.843463
0.003465 1733.21 0.0375824 101324 -0.251776 0.198062
0.004025 1080.81 0.101085 101324 -0.159147 0.318209
0.004905 409.328 0.205889 101323 -0.018431 0.850329
0.003475 1721.45 0.038649 101321 -0.265272 0.199409
0.004255 823.867 0.136676 101324 -0.106145 0.418421
0.004035 1068.95 0.102787 101324 -0.155332 0.321765
0.004915 406.114 0.206567 101323 -0.0177915 0.857193
0.003485 1709.65 0.0397179 101320 -0.266934 0.200786
0.004045 1057.17 0.104473 101324 -0.150369 0.32538
0.004265 814.774 0.138084 101324 -0.104265 0.423142
0.003495 1697.83 0.040787 101323 -0.256721 0.202192
0.004925 402.953 0.207232 101323 -0.0171195 0.864054
0.002395 2093 0.00656062 101322 -0.265656 0.163944
0.004055 1045.46 0.106143 101324 -0.14804 0.329052
0.004275 805.753 0.139481 101324 -0.102242 0.427931
0.002105 2132.03 0.00351537 101323 -0.267885 0.160951
0.003505 1685.99 0.041855 101325 -0.248735 0.203618
0.004935 399.844 0.207885 101323 -0.0164822 0.870909
0.002405 2091.74 0.00665897 101323 -0.266301 0.164043
0.004065 1033.82 0.107796 101324 -0.146658 0.332785
0.002785 2039.52 0.0108436 101324 -0.266263 0.168251
0.004285 796.822 0.140867 101324 -0.100027 0.432779
0.003515 1674.15 0.042921 101324 -0.251702 0.205057
0.002115 2130.61 0.00362637 101323 -0.268449 0.161058
0.004945 396.786 0.208525 101323 -0.0158597 0.877759
0.002415 2090.49 0.00675682 101323 -0.266046 0.164142
0.003705 1451.36 0.0623447 101324 -0.22102 0.23661
0.003045 1936.78 0.019603 101323 -0.255926 0.177187
0.002425 2089.24 0.00685418 101323 -0.264867 0.164239
0.003715 1439.81 0.0633028 101323 -0.219363 0.238512
0.005435 317.115 0.22723 101322 -0.000753781 1.10486
0.002435 2088 0.00695102 101322 -0.263859 0.164336
0.003055 1933.03 0.0199241 101323 -0.257332 0.177532
0.003725 1428.3 0.0642518 101323 -0.215369 0.24044
0.002445 2086.77 0.00704736 101322 -0.264013 0.164433
0.000585 2181.76 0.000582046 101322 -0.275055 0.157343
0.005865 303.029 0.231642 101323 0.00377271 1.15893
0.006315 300.42 0.23269 101321 0.00330609 1.16995
0.000595 2181.69 0.000584323 101322 -0.275008 0.157348
0.005875 302.902 0.231687 101323 0.00378164 1.15945
0.005675 306.601 0.230399 101324 0.00424517 1.14457
0.004685 503.642 0.187813 101324 -0.0378905 0.688639
0.005885 302.779 0.231732 101323 0.00378861 1.15995
0.006325 300.401 0.232699 101321 0.00320243 1.17003
0.000605 2181.61 0.000586577 101322 -0.274795 0.157353
0.005685 306.349 0.230486 101323 0.00258184 1.14555
0.005895 302.66 0.231775 101323 0.00379686 1.16045
0.004695 497.971 0.188765 101330 -0.0363074 0.69664
0.005695 306.104 0.23057 101323 0.00326202 1.14652
0.006335 300.384 0.232707 101321 0.00310279 1.17011
0.000615 2181.54 0.000588809 101322 -0.274595 0.157358
0.005905 302.544 0.231816 101322 0.00380261 1.16093
0.004705 493.066 0.189705 101324 -0.0353854 0.703637
0.005705 305.867 0.230651 101323 0.00325865 1.14746
0.006345 300.366 0.232715 101321 0.00302167 1.17019
0.000625 2181.47 0.00059102 101322 -0.274568 0.157363
0.005915 302.431 0.231856 101323 0.00379703 1.16139
0.005715 305.636 0.23073 101323 0.00330504 1.14838
0.004715 488.25 0.190633 101323 -0.0345776 0.710691
0.006355 300.35 0.232723 101321 0.00298393 1.17026
0.004075 1022.25 0.109434 101324 -0.143666 0.336583
0.005925 302.334 0.231894 101322 0.00377789 1.16179
0.000635 2181.39 0.00059321 101322 -0.274729 0.157368
0.005725 305.412 0.230806 101323 0.00334509 1.14928
0.004725 483.491 0.191548 101323 -0.0337714 0.717803
0.006365 300.334 0.232731 101321 0.00298641 1.17033
0.005935 302.241 0.231932 101322 0.00374709 1.16218
0.004085 1010.75 0.111057 101324 -0.140099 0.340447
0.005735 305.194 0.230879 101323 0.00340962 1.15015
0.004295 787.983 0.142242 101324 -0.0976783 0.437687
0.002795 2035.39 0.0111942 101323 -0.272315 0.168589
0.005745 304.982 0.230951 101323 0.00348831 1.151
0.002125 2129.2 0.00373692 101322 -0.270433 0.161164
0.004305 779.228 0.143606 101324 -0.0954353 0.442659
0.002805 2031.28 0.0115436 101321 -0.276603 0.168927
0.005755 304.776 0.231019 101323 0.00356259 1.15182
0.002135 2127.79 0.00384703 101322 -0.272169 0.161269
0.004315 770.544 0.14496 101324 -0.0934096 0.447703
0.002815 2027.18 0.0118919 101321 -0.272924 0.169271
0.004955 393.778 0.209154 101323 -0.0152552 0.884601
0.002455 2085.54 0.00714317 101323 -0.264977 0.164531
0.002825 2023.1 0.0122392 101324 -0.265323 0.169617
0.003735 1416.81 0.0651913 101323 -0.212273 0.242396
0.004965 390.82 0.20977 101323 -0.0146728 0.891434
0.003065 1929.3 0.0202439 101323 -0.256791 0.177875
0.002835 2019.03 0.0125853 101324 -0.263219 0.16996
0.002465 2084.32 0.00723846 101323 -0.265339 0.164627
0.004735 478.787 0.192451 101323 -0.0328805 0.724972
0.004975 387.91 0.210374 101323 -0.0141114 0.898258
0.003745 1405.36 0.0661207 101324 -0.212066 0.244378
0.002845 2014.97 0.0129304 101323 -0.267876 0.170299
0.003075 1925.59 0.0205623 101322 -0.25412 0.178219
0.002475 2083.11 0.00733322 101323 -0.264277 0.164723
0.006375 300.318 0.232739 101321 0.00300415 1.1704
0.004985 385.049 0.210966 101323 -0.0135664 0.90507
0.004745 474.14 0.193341 101323 -0.0319328 0.732196
0.003755 1393.95 0.0670396 101324 -0.211516 0.246386
0.002855 2010.93 0.0132744 101321 -0.271711 0.17064
0.003085 1921.89 0.0208793 101322 -0.252146 0.178562
0.002485 2081.9 0.00742746 101322 -0.262685 0.164818
0.006385 300.303 0.232746 101321 0.00302157 1.17047
0.004995 382.236 0.211547 101323 -0.0130356 0.91187
0.004755 469.549 0.194219 101323 -0.0309765 0.739476
0.003765 1382.58 0.0679474 101323 -0.207134 0.248418
0.002865 2006.9 0.0136173 101322 -0.269644 0.170983
0.003095 1918.22 0.0211948 101323 -0.252885 0.178906
0.002495 2080.7 0.00752115 101322 -0.262261 0.164912
0.006395 300.289 0.232752 101321 0.00302174 1.17053
0.005005 379.469 0.212115 101323 -0.0125186 0.918657
0.004765 465.013 0.195084 101323 -0.0300304 0.74681
0.005945 302.15 0.231967 101322 0.00373672 1.16256
0.004095 999.302 0.112665 101324 -0.137639 0.344378
0.002145 2126.39 0.00395671 101322 -0.271368 0.161375
0.005955 302.063 0.232002 101322 0.0037542 1.16293
0.004325 761.922 0.146302 101324 -0.0915213 0.452826
0.004105 987.919 0.114259 101324 -0.135667 0.348378
0.005965 301.978 0.232036 101322 0.00384539 1.16328
0.002155 2124.99 0.00406595 101323 -0.26885 0.161483
0.003105 1914.56 0.0215089 101323 -0.254602 0.17925
0.004115 976.595 0.115839 101324 -0.133115 0.352452
0.004335 753.354 0.147634 101324 -0.0897046 0.458033
0.005975 301.896 0.232068 101322 0.0032903 1.16362
0.002165 2123.59 0.00417477 101323 -0.267577 0.161589
0.002875 2002.88 0.0139592 101323 -0.264496 0.171329
0.003115 1910.92 0.0218215 101323 -0.253962 0.179592
0.004125 965.327 0.117405 101324 -0.130354 0.356602
0.005985 301.822 0.232099 101324 0.00508771 1.16396
0.002175 2122.21 0.00428316 101323 -0.268817 0.161693
0.004345 744.838 0.148956 101324 -0.0879434 0.46333
0.003125 1907.3 0.0221326 101322 -0.25068 0.179932
0.005995 301.739 0.232129 101322 0.00330122 1.16429
0.004135 954.114 0.118958 101324 -0.128024 0.360829
0.002185 2120.82 0.00439113 101322 -0.270577 0.161798
0.004355 736.371 0.150267 101324 -0.0862102 0.468718
0.003135 1903.7 0.0224422 101322 -0.248301 0.180273
0.006005 301.663 0.232158 101322 0.00389849 1.1646
0.004145 942.954 0.120498 101324 -0.125867 0.365136
0.002195 2119.44 0.00449868 101322 -0.270517 0.161902
0.003775 1371.25 0.0688435 101323 -0.201873 0.250476
0.004365 727.951 0.151568 101324 -0.0844901 0.4742
0.003145 1900.12 0.0227502 101323 -0.249537 0.180615
0.006015 301.589 0.232186 101322 0.00384955 1.16491
0.004155 931.845 0.122025 101324 -0.123494 0.369527
0.002205 2118.07 0.00460581 101323 -0.26892 0.162008
0.002505 2079.51 0.00761431 101323 -0.263421 0.165008
0.003155 1896.56 0.0230566 101323 -0.25219 0.180957
0.004375 719.58 0.152859 101324 -0.0828021 0.47978
0.003785 1359.98 0.0697275 101323 -0.20118 0.252562
0.006025 301.519 0.232214 101322 0.00384424 1.16521
0.002215 2116.7 0.00471253 101323 -0.267455 0.162113
0.003165 1893.02 0.0233615 101323 -0.251627 0.181296
0.002515 2078.32 0.00770693 101323 -0.264567 0.165102
0.004385 711.256 0.15414 101324 -0.0811557 0.485459
0.003795 1348.75 0.0705987 101325 -0.203018 0.254675
0.006035 301.45 0.23224 101322 0.00379109 1.1655
0.005015 376.757 0.212673 101326 -0.0119993 0.925428
0.006045 301.391 0.232265 101322 0.00374798 1.16575
0.004775 460.534 0.195936 101323 -0.0290965 0.754196
0.002225 2115.34 0.00481884 101323 -0.26762 0.162217
0.005025 374.401 0.213218 101323 -0.0115157 0.93137
0.006055 301.334 0.232289 101322 0.00373242 1.16599
0.003175 1889.5 0.0236648 101322 -0.247194 0.181633
0.004785 456.111 0.196777 101323 -0.0281731 0.761634
0.002235 2113.98 0.00492473 101322 -0.268866 0.16232
0.005035 372.099 0.213752 101323 -0.0110292 0.937269
0.006065 301.279 0.232313 101322 0.00372927 1.16623
0.004395 702.98 0.155411 101324 -0.0795281 0.49124
0.004795 451.744 0.197604 101323 -0.0272562 0.769122
0.002525 2077.15 0.00779902 101323 -0.263878 0.165196
0.003805 1337.58 0.0714566 101324 -0.199717 0.25681
0.003185 1886 0.0239665 101322 -0.243853 0.18197
0.002535 2075.98 0.00789057 101322 -0.261673 0.165288
0.006075 301.226 0.232335 101322 0.00371259 1.16646
0.003815 1326.47 0.0723005 101323 -0.190994 0.258966
0.002545 2074.81 0.00798158 101322 -0.260332 0.16538
0.005045 369.842 0.214274 101323 -0.0105493 0.943125
0.004405 694.75 0.156672 101324 -0.0778967 0.497126
0.003195 1882.52 0.0242665 101322 -0.245808 0.182309
0.005055 367.631 0.214785 101323 -0.010076 0.948936
0.004415 686.566 0.157923 101324 -0.076265 0.50312
0.003825 1315.42 0.0731298 101323 -0.187288 0.26115
0.002555 2073.66 0.00807206 101322 -0.261475 0.165473
0.004425 678.429 0.159164 101324 -0.0746417 0.509224
0.005065 365.462 0.215285 101323 -0.00961344 0.954703
0.003835 1304.44 0.0739439 101325 -0.192911 0.263364
0.004435 670.339 0.160396 101324 -0.0730295 0.515441
0.005075 363.337 0.215773 101323 -0.00916427 0.960423
0.004445 662.295 0.161618 101324 -0.0714451 0.521774
0.005085 361.254 0.216251 101323 -0.00872926 0.966098
0.004455 654.297 0.16283 101324 -0.0698952 0.528226
0.005095 359.211 0.216718 101323 -0.00830837 0.971725
0.004465 646.345 0.164033 101324 -0.0683326 0.5348
0.005105 357.21 0.217174 101323 -0.00790095 0.977304
0.004475 638.44 0.165226 101324 -0.0667257 0.541499
0.005115 355.248 0.217619 101323 -0.00750548 0.982836
