0.007365 299.996 0.232918 101319 -0.00330206 1.1719
0.007375 299.996 0.232918 101319 -0.00320398 1.1719
0.007385 299.996 0.232918 101319 -0.00310759 1.1719
0.007395 299.996 0.232918 101319 -0.00301093 1.1719
0.007405 299.996 0.232918 101319 -0.00291331 1.1719
0.007415 299.996 0.232918 101319 -0.00281587 1.1719
0.007425 299.996 0.232918 101319 -0.00271716 1.1719
0.007435 299.996 0.232918 101319 -0.00261937 1.1719
0.007445 299.996 0.232918 101319 -0.00252111 1.1719
0.007455 299.996 0.232918 101319 -0.00242202 1.1719
0.007465 299.996 0.232918 101319 -0.00232192 1.1719
0.007475 299.996 0.232918 101319 -0.00222165 1.1719
0.007485 299.996 0.232918 101319 -0.00212209 1.1719
0.007495 299.996 0.232918 101319 -0.00201438 1.1719
0.007505 299.996 0.232918 101319 -0.00191491 1.1719
0.007515 299.996 0.232918 101319 -0.00181032 1.1719
0.007525 299.996 0.232918 101319 -0.00170375 1.1719
0.007535 299.996 0.232918 101319 -0.00159807 1.1719
0.007545 299.996 0.232918 101319 -0.00149705 1.1719
0.007555 299.996 0.232918 101319 -0.00137217 1.1719
0.007565 299.996 0.232918 101319 -0.0012737 1.1719
0.007575 299.996 0.232918 101319 -0.00115874 1.17191
0.007585 299.996 0.232918 101319 -0.00105221 1.17191
0.007595 299.996 0.232918 101319 -0.000948754 1.17191
0.007605 299.996 0.232918 101319 -0.000842789 1.17191
0.007615 299.996 0.232918 101319 -0.000729899 1.17191
0.007625 299.996 0.232918 101319 -0.000620205 1.17191
0.007635 299.996 0.232918 101319 -0.000497125 1.17191
0.007645 299.996 0.232918 101319 -0.000387628 1.17191
0.007655 299.996 0.232918 101319 -0.000279658 1.17191
0.007665 299.996 0.232918 101319 -0.000169779 1.17191
0.007675 299.996 0.232918 101319 -5.95161e-05 1.17191
0.007045 299.995 0.232918 101317 -0.00534534 1.17188
0.006725 299.993 0.232918 101314 -0.00583779 1.17186
0.007055 299.995 0.232918 101317 -0.00531429 1.17188
0.006405 299.992 0.232918 101312 -0.00259136 1.17184
0.007065 299.995 0.232918 101317 -0.0052873 1.17189
0.006735 299.993 0.232918 101314 -0.00590703 1.17186
0.006415 299.992 0.232918 101312 -0.00272366 1.17184
0.007075 299.995 0.232918 101317 -0.00520791 1.17189
0.006085 299.991 0.232918 101310 0.00215819 1.17182
0.006425 299.992 0.232918 101312 -0.0028526 1.17184
0.007085 299.995 0.232918 101317 -0.00517476 1.17189
0.006745 299.993 0.232918 101314 -0.00596952 1.17186
0.006095 299.991 0.232918 101310 0.00204157 1.17182
0.006435 299.992 0.232918 101312 -0.00298013 1.17184
0.007095 299.995 0.232918 101317 -0.00516432 1.17189
0.005765 299.99 0.232918 101309 0.0074224 1.17181
0.007105 299.995 0.232918 101317 -0.00514484 1.17189
0.006105 299.991 0.232918 101310 0.00189842 1.17183
0.006755 299.993 0.232918 101314 -0.00602316 1.17186
0.006445 299.992 0.232918 101312 -0.0031063 1.17184
0.007115 299.995 0.232918 101317 -0.005111 1.17189
0.006115 299.991 0.232918 101310 0.00173771 1.17183
0.005775 299.99 0.232918 101309 0.00724901 1.17181
0.006765 299.993 0.232918 101314 -0.00606829 1.17186
0.006455 299.992 0.232918 101312 -0.00323039 1.17184
0.007125 299.995 0.232918 101317 -0.00506937 1.17189
0.006125 299.991 0.232918 101311 0.00154933 1.17183
0.005785 299.99 0.232918 101309 0.00707352 1.17181
0.006775 299.993 0.232918 101314 -0.00610405 1.17186
0.006465 299.992 0.232918 101312 -0.00335158 1.17184
0.006135 299.991 0.232918 101311 0.00140323 1.17183
0.005795 299.99 0.232918 101309 0.0068962 1.17181
0.007135 299.995 0.232918 101317 -0.00502337 1.17189
0.006785 299.993 0.232918 101315 -0.00612628 1.17186
0.006475 299.992 0.232918 101313 -0.00347056 1.17184
0.006145 299.991 0.232918 101311 0.00124591 1.17183
0.005805 299.99 0.232918 101309 0.00671718 1.17181
0.007145 299.995 0.232918 101318 -0.0049756 1.17189
0.006795 299.993 0.232918 101315 -0.00613779 1.17186
0.006485 299.992 0.232918 101313 -0.00358767 1.17185
0.006155 299.991 0.232918 101311 0.0010855 1.17183
0.006805 299.993 0.232918 101315 -0.00613917 1.17186
0.005815 299.99 0.232918 101309 0.00653931 1.17181
0.007155 299.995 0.232918 101318 -0.0049253 1.17189
0.006495 299.992 0.232918 101313 -0.0037031 1.17185
0.006165 299.991 0.232918 101311 0.000920202 1.17183
0.006815 299.994 0.232918 101315 -0.00613326 1.17187
0.005825 299.99 0.232918 101309 0.00636511 1.17181
0.007165 299.995 0.232918 101318 -0.00487294 1.17189
0.006505 299.992 0.232918 101313 -0.00381694 1.17185
0.006175 299.991 0.232918 101311 0.000751348 1.17183
0.006825 299.994 0.232918 101315 -0.00605784 1.17187
0.005835 299.99 0.232918 101309 0.00618362 1.17181
0.007175 299.995 0.232918 101318 -0.00481773 1.17189
0.006515 299.992 0.232918 101313 -0.00392917 1.17185
0.006185 299.991 0.232918 101311 0.000580691 1.17183
0.006835 299.994 0.232918 101315 -0.00604577 1.17187
0.005845 299.99 0.232918 101309 0.00600762 1.17181
0.007185 299.995 0.232918 101318 -0.00475919 1.17189
0.006525 299.992 0.232918 101313 -0.0040399 1.17185
0.006195 299.991 0.232918 101311 0.000409754 1.17183
0.006845 299.994 0.232918 101315 -0.00600459 1.17187
0.005855 299.99 0.232918 101309 0.00584668 1.17181
0.007195 299.996 0.232918 101318 -0.00469874 1.17189
0.006535 299.992 0.232918 101313 -0.00414937 1.17185
0.006205 299.991 0.232918 101311 0.00024036 1.17183
0.006855 299.994 0.232918 101315 -0.00595438 1.17187
0.005865 299.99 0.232918 101309 0.00567088 1.17182
0.007205 299.996 0.232918 101318 -0.00463436 1.17189
0.006545 299.992 0.232918 101313 -0.0042559 1.17185
0.006215 299.991 0.232918 101311 7.45096e-05 1.17183
0.006865 299.994 0.232918 101315 -0.00588943 1.17187
0.005875 299.99 0.232918 101309 0.00549003 1.17182
0.007215 299.996 0.232918 101318 -0.00456737 1.17189
0.006555 299.992 0.232918 101313 -0.00435499 1.17185
0.006225 299.991 0.232918 101311 -8.62394e-05 1.17183
0.006875 299.994 0.232918 101315 -0.00581822 1.17187
0.005885 299.99 0.232918 101309 0.00530336 1.17182
0.006565 299.992 0.232918 101313 -0.00445513 1.17185
0.007225 299.996 0.232918 101318 -0.0044969 1.17189
0.006235 299.991 0.232918 101311 -0.000241095 1.17183
0.006885 299.994 0.232918 101316 -0.0057535 1.17187
0.005895 299.99 0.232918 101309 0.00512917 1.17182
0.006575 299.992 0.232918 101313 -0.00455462 1.17185
0.007235 299.996 0.232918 101318 -0.00442285 1.17189
0.006245 299.991 0.232918 101311 -0.000389885 1.17183
0.006895 299.994 0.232918 101316 -0.00570068 1.17187
0.005905 299.99 0.232918 101309 0.00495976 1.17182
0.006585 299.993 0.232918 101313 -0.00461358 1.17185
0.007245 299.996 0.232918 101318 -0.00434701 1.1719
0.006255 299.991 0.232918 101311 -0.000533014 1.17183
0.006905 299.994 0.232918 101316 -0.00565835 1.17187
0.005915 299.99 0.232918 101309 0.00479091 1.17182
0.006595 299.993 0.232918 101313 -0.00470809 1.17185
0.007255 299.996 0.232918 101318 -0.00426616 1.1719
0.006265 299.991 0.232918 101311 -0.000671399 1.17183
0.006915 299.994 0.232918 101316 -0.00562537 1.17187
0.005925 299.99 0.232918 101310 0.0046222 1.17182
0.006605 299.993 0.232918 101313 -0.00483011 1.17185
0.007265 299.996 0.232918 101318 -0.00418871 1.1719
0.006275 299.991 0.232918 101311 -0.000806395 1.17183
0.006925 299.994 0.232918 101316 -0.00559904 1.17188
0.005935 299.99 0.232918 101310 0.00445415 1.17182
0.006615 299.993 0.232918 101313 -0.0049398 1.17185
0.007275 299.996 0.232918 101318 -0.00410638 1.1719
0.006285 299.991 0.232918 101311 -0.000939822 1.17183
0.006935 299.994 0.232918 101316 -0.00557751 1.17188
0.005945 299.99 0.232918 101310 0.00428699 1.17182
0.006625 299.993 0.232918 101313 -0.00503226 1.17185
0.007285 299.996 0.232918 101318 -0.00402128 1.1719
0.006295 299.991 0.232918 101311 -0.00107183 1.17184
0.006945 299.994 0.232918 101316 -0.00555916 1.17188
0.005955 299.99 0.232918 101310 0.00412095 1.17182
0.006635 299.993 0.232918 101314 -0.00512071 1.17185
0.007295 299.996 0.232918 101318 -0.00393577 1.1719
0.006305 299.991 0.232918 101311 -0.00119682 1.17184
0.006955 299.994 0.232918 101316 -0.00554249 1.17188
0.005965 299.99 0.232918 101310 0.00395596 1.17182
0.006645 299.993 0.232918 101314 -0.00520615 1.17185
0.007305 299.996 0.232918 101318 -0.00385492 1.1719
0.006965 299.994 0.232918 101316 -0.00552644 1.17188
0.006315 299.991 0.232918 101312 -0.00132841 1.17184
0.005975 299.99 0.232918 101310 0.00379282 1.17182
0.006655 299.993 0.232918 101314 -0.00529003 1.17186
0.007315 299.996 0.232918 101318 -0.0037365 1.1719
0.006975 299.995 0.232918 101316 -0.00550992 1.17188
0.006325 299.991 0.232918 101312 -0.00146193 1.17184
0.005985 299.99 0.232918 101310 0.00363191 1.17182
0.006665 299.993 0.232918 101314 -0.00537216 1.17186
0.007325 299.996 0.232918 101318 -0.00365498 1.1719
0.006985 299.995 0.232918 101316 -0.00549209 1.17188
0.006335 299.991 0.232918 101312 -0.0015715 1.17184
0.005995 299.99 0.232918 101310 0.00347371 1.17182
0.006675 299.993 0.232918 101314 -0.00545275 1.17186
0.007335 299.996 0.232918 101319 -0.00355545 1.1719
0.006995 299.995 0.232918 101317 -0.00547246 1.17188
0.006345 299.991 0.232918 101312 -0.00171007 1.17184
0.005445 299.989 0.232918 101308 0.0123736 1.17181
0.006005 299.99 0.232918 101310 0.00331848 1.17182
0.006685 299.993 0.232918 101314 -0.00553199 1.17186
0.007345 299.996 0.232918 101319 -0.0034781 1.1719
0.007005 299.995 0.232918 101317 -0.00545044 1.17188
0.006355 299.991 0.232918 101312 -0.00185878 1.17184
0.005455 299.989 0.232918 101308 0.0122031 1.17181
0.006695 299.993 0.232918 101314 -0.00561021 1.17186
0.006015 299.99 0.232918 101310 0.00316621 1.17182
0.007355 299.996 0.232918 101319 -0.00339349 1.1719
0.005465 299.989 0.232918 101308 0.0120201 1.17181
0.007015 299.995 0.232918 101317 -0.00542719 1.17188
0.006365 299.992 0.232918 101312 -0.00204083 1.17184
0.006705 299.993 0.232918 101314 -0.0056878 1.17186
0.006025 299.99 0.232918 101310 0.00301659 1.17182
0.005475 299.989 0.232918 101308 0.0118454 1.17181
0.006035 299.99 0.232918 101310 0.00286877 1.17182
0.006715 299.993 0.232918 101314 -0.0057642 1.17186
0.006045 299.99 0.232918 101310 0.0027219 1.17182
0.005485 299.989 0.232918 101308 0.0116672 1.17181
0.007025 299.995 0.232918 101317 -0.0054031 1.17188
0.006375 299.992 0.232918 101312 -0.00217561 1.17184
0.007035 299.995 0.232918 101317 -0.00537611 1.17188
0.006055 299.99 0.232918 101310 0.00257679 1.17182
0.006385 299.992 0.232918 101312 -0.00231871 1.17184
0.005495 299.989 0.232918 101308 0.0115002 1.17181
0.006395 299.992 0.232918 101312 -0.00245616 1.17184
0.005505 299.989 0.232918 101308 0.0113306 1.17181
0.005125 299.99 0.232917 101309 0.0169346 1.17181
0.005515 299.989 0.232918 101308 0.0111708 1.17181
0.004805 300.003 0.232916 101309 0.0195969 1.17176
0.005525 299.989 0.232918 101308 0.0110261 1.17181
0.005135 299.989 0.232917 101309 0.0167893 1.17181
0.004485 300.396 0.232885 101309 0.0193413 1.17017
0.005535 299.989 0.232918 101308 0.0108713 1.17181
0.004815 300.001 0.232917 101309 0.0196008 1.17176
0.005145 299.989 0.232917 101309 0.0166541 1.17181
0.004165 305.686 0.232381 101310 0.0160765 1.14948
0.005545 299.989 0.232918 101308 0.0107265 1.17181
0.004495 300.361 0.232888 101309 0.0194153 1.17031
0.004825 300 0.232917 101309 0.0196224 1.17177
0.005155 299.989 0.232917 101309 0.0165296 1.17181
0.001925 1574.54 0.160977 101313 -0.090877 0.222382
0.005555 299.989 0.232918 101308 0.0105939 1.17181
0.004175 305.294 0.232421 101310 0.0163307 1.15098
0.003845 345.36 0.228503 101311 -0.00353937 1.01589
0.004505 300.329 0.232891 101309 0.0194396 1.17044
0.004835 299.999 0.232917 101309 0.0196036 1.17178
0.002245 1418.75 0.163764 101313 -0.111461 0.246749
0.005165 299.989 0.232918 101309 0.0164062 1.17181
0.005565 299.989 0.232918 101308 0.0104477 1.17181
0.001935 1570.5 0.161009 101313 -0.0919981 0.222954
0.002565 1208.4 0.170329 101313 -0.121514 0.289581
0.004185 304.925 0.232459 101310 0.0165945 1.1524
0.004515 300.299 0.232894 101309 0.0193859 1.17056
0.003855 342.844 0.228734 101311 -0.00256063 1.02341
0.004845 299.997 0.232917 101309 0.0195281 1.17178
0.001605 1611.64 0.161684 101314 -0.0633464 0.217256
0.005175 299.989 0.232918 101309 0.0162783 1.17181
0.005575 299.989 0.232918 101308 0.0102913 1.17181
0.002255 1413 0.163911 101313 -0.111641 0.247751
0.003205 705.592 0.199067 101312 -0.0870765 0.49571
0.001945 1566.4 0.161045 101313 -0.0929206 0.223536
0.004195 304.579 0.232494 101310 0.0167972 1.15374
0.004525 300.271 0.232896 101309 0.0192472 1.17067
0.003525 480.129 0.21643 101312 -0.0439259 0.729215
0.002575 1200.99 0.170594 101313 -0.122401 0.291365
0.002885 966.434 0.182534 101313 -0.113478 0.361929
0.003865 340.408 0.228956 101311 -0.00161265 1.0308
0.004855 299.996 0.232917 101309 0.0194309 1.17179
0.005185 299.989 0.232918 101309 0.0161432 1.17181
0.001285 1462.16 0.165757 101316 -0.0451942 0.2394
0.001615 1615.51 0.161612 101314 -0.0641009 0.216735
0.005585 299.989 0.232918 101309 0.0101563 1.17181
0.002265 1407.19 0.164062 101313 -0.111992 0.24877
0.003215 697.215 0.19962 101312 -0.0859001 0.501672
0.001955 1562.24 0.161084 101313 -0.0937563 0.22413
0.000965 1271.39 0.173292 101317 -0.0413352 0.275185
0.004205 304.254 0.232526 101310 0.0169426 1.155
0.004535 300.246 0.232898 101309 0.0190569 1.17078
0.003535 474.119 0.216924 101312 -0.0425131 0.738498
0.002585 1193.52 0.170863 101313 -0.122452 0.293182
0.000645 1055.29 0.183821 101320 -0.0560486 0.331327
0.003875 338.051 0.22917 101311 -0.000700843 1.03806
0.002895 958.613 0.183007 101313 -0.112703 0.364879
0.004865 299.995 0.232917 101309 0.0193571 1.17179
0.005195 299.989 0.232918 101308 0.0159897 1.17181
0.005595 299.989 0.232918 101309 0.0100137 1.17181
0.001625 1617.86 0.161543 101222 -0.0648891 0.216224
0.000325 851.51 0.195242 101322 -0.0978079 0.410356
0.001295 1467.51 0.165577 101316 -0.0454531 0.238529
0.002275 1401.33 0.164217 101313 -0.112656 0.249808
0.001965 1558.04 0.161127 101313 -0.0946212 0.224734
0.003225 688.837 0.200175 101312 -0.0846008 0.507781
5e-06 750.007 0.20141 101327 -0.174965 0.465738
0.004215 303.95 0.232557 101310 0.0170398 1.15618
0.004545 300.222 0.2329 101309 0.0188873 1.17087
0.000975 1277.85 0.173006 101317 -0.0412368 0.273799
0.003545 468.167 0.217412 101311 -0.0410928 0.747927
0.002595 1186.01 0.171134 101313 -0.121219 0.295034
0.003885 335.772 0.229375 101311 0.000179811 1.04517
0.004875 299.995 0.232917 101309 0.0193224 1.17179
0.002905 950.766 0.183482 101312 -0.112634 0.367886
0.005205 299.989 0.232918 101308 0.0158331 1.17181
0.005605 299.989 0.232918 101309 0.00988059 1.17181
0.001635 1619.91 0.161478 101315 -0.0656478 0.21615
0.001305 1472.83 0.1654 101316 -0.0457841 0.237671
0.000335 856.985 0.194919 101322 -0.095832 0.407742
0.002285 1395.41 0.164375 101313 -0.113545 0.250865
0.000655 1062.14 0.18346 101319 -0.0552395 0.329195
0.001975 1553.78 0.161173 101313 -0.0955579 0.225349
0.003235 680.46 0.20073 101312 -0.0832389 0.514039
0.004225 303.665 0.232585 101310 0.0171095 1.15728
1.5e-05 750.255 0.201395 101326 -0.174094 0.46558
0.004555 300.201 0.232902 101309 0.0187281 1.17095
0.003555 462.275 0.217895 101311 -0.0397004 0.757501
0.000985 1284.28 0.172723 101317 -0.0411365 0.272432
0.002605 1178.45 0.171409 101312 -0.119912 0.296922
0.003895 333.582 0.229572 101314 0.0010552 1.05213
0.004885 299.994 0.232917 101309 0.0193082 1.17179
0.002915 942.894 0.183961 101312 -0.112686 0.370954
0.005215 299.989 0.232918 101308 0.0156879 1.17181
0.005615 299.989 0.232918 101309 0.00973575 1.17181
0.001645 1620.43 0.161415 101315 -0.0663174 0.216081
0.001315 1478.1 0.165227 101316 -0.0462246 0.236826
0.000345 862.549 0.19459 101322 -0.093989 0.40512
0.002295 1389.44 0.164538 101313 -0.114396 0.25194
0.004235 303.398 0.232611 101310 0.0171705 1.15832
0.001985 1549.46 0.161222 101313 -0.0965154 0.225975
0.003245 672.087 0.201287 101312 -0.0819113 0.520451
0.000665 1069.01 0.183101 101319 -0.0544557 0.327088
0.004565 300.181 0.232903 101309 0.0185171 1.17103
0.003565 456.444 0.218372 101311 -0.0383325 0.767222
2.5e-05 750.738 0.201365 101325 -0.172909 0.465279
0.000995 1290.69 0.172444 101317 -0.0410164 0.271085
0.004895 299.993 0.232917 101309 0.0192831 1.1718
0.002615 1170.84 0.171687 101313 -0.120338 0.298851
0.003905 331.788 0.22976 101311 0.00189567 1.05785
0.002925 934.996 0.184443 101312 -0.112199 0.374084
0.005225 299.989 0.232918 101308 0.0155412 1.17181
0.005625 299.989 0.232918 101309 0.00960112 1.17181
0.001655 1620.93 0.161356 101315 -0.0668972 0.216016
0.001325 1483.34 0.165058 101316 -0.0467459 0.235993
0.000355 868.199 0.194258 101322 -0.0923233 0.40249
0.002305 1383.42 0.164704 101313 -0.114944 0.253034
0.004245 303.148 0.232635 101310 0.017241 1.1593
0.001995 1545.1 0.161275 101313 -0.0973809 0.226613
0.003255 663.719 0.201845 101312 -0.080623 0.527021
0.000675 1075.88 0.182743 101319 -0.0536895 0.325007
0.004575 300.162 0.232905 101308 0.0180375 1.1711
0.003575 450.676 0.218843 101311 -0.0369403 0.777087
3.5e-05 751.45 0.201321 101325 -0.170765 0.464838
0.001005 1297.06 0.172167 101317 -0.0408908 0.269757
0.004905 299.993 0.232917 101309 0.0192263 1.1718
0.002625 1163.18 0.171968 101312 -0.120981 0.300812
0.003915 330.08 0.22994 101311 0.00271672 1.06339
0.002935 927.072 0.184928 101312 -0.111086 0.377278
0.005235 299.989 0.232918 101308 0.0154076 1.17181
0.005635 299.989 0.232918 101309 0.00943945 1.17181
0.001665 1621.38 0.1613 101314 -0.0674455 0.215955
0.001335 1488.53 0.164891 101316 -0.0472717 0.235173
0.000365 873.932 0.193921 101322 -0.0907344 0.399857
0.002315 1377.34 0.164873 101313 -0.115123 0.254147
0.004255 302.914 0.232658 101310 0.0173329 1.16021
0.002005 1540.68 0.161331 101313 -0.0980454 0.227262
0.003265 655.36 0.202404 101312 -0.0793071 0.533752
0.004585 300.145 0.232906 101310 0.0200506 1.17119
0.000685 1082.75 0.182386 101319 -0.0529376 0.322951
0.003585 444.972 0.219307 101311 -0.0355068 0.787095
4.5e-05 752.386 0.201263 101325 -0.167198 0.464261
0.001015 1303.41 0.171894 101317 -0.040796 0.268448
0.004915 299.993 0.232917 101309 0.0191356 1.1718
0.002635 1155.47 0.172253 101313 -0.121919 0.302816
0.003925 328.442 0.230112 101311 0.00350576 1.06875
0.005245 299.989 0.232918 101308 0.0152859 1.17181
0.002945 919.124 0.185417 101312 -0.109861 0.380539
0.005645 299.989 0.232918 101309 0.00930452 1.17181
0.001675 1621.81 0.161247 101314 -0.0680045 0.2159
0.001345 1493.68 0.164728 101316 -0.0477297 0.234365
0.000375 879.743 0.193582 101322 -0.0890995 0.397223
0.002325 1371.21 0.165047 101313 -0.115128 0.25528
0.004265 302.695 0.232679 101310 0.0174397 1.16107
0.002015 1536.21 0.161391 101313 -0.0984776 0.227922
0.003275 647.012 0.202963 101312 -0.0779223 0.54065
0.004595 300.13 0.232907 101309 0.0182439 1.17124
0.000695 1089.62 0.182032 101319 -0.0522087 0.320921
0.003595 439.334 0.219765 101311 -0.0340725 0.797244
5.5e-05 753.544 0.201192 101325 -0.162762 0.463551
0.001025 1309.73 0.171624 101317 -0.0407605 0.267157
0.004925 299.992 0.232917 101309 0.0190239 1.1718
0.002645 1147.71 0.17254 101313 -0.12218 0.304858
0.005255 299.989 0.232918 101308 0.0151569 1.17181
0.003935 326.874 0.230276 101311 0.00431292 1.07395
0.002955 911.152 0.185908 101312 -0.109082 0.383865
0.005655 299.989 0.232918 101309 0.00916065 1.17181
0.001685 1622.2 0.161198 101314 -0.0685606 0.215848
0.000385 885.629 0.193238 101322 -0.0873993 0.394591
0.001355 1498.78 0.164569 101316 -0.0480987 0.233569
0.002335 1365.03 0.165224 101313 -0.115284 0.256433
0.004275 302.49 0.232698 101310 0.0175444 1.16187
0.002025 1531.69 0.161455 101313 -0.0987589 0.228594
0.003285 638.82 0.203522 101334 -0.0764714 0.547711
0.004605 300.116 0.232908 101309 0.0185619 1.1713
0.000705 1096.49 0.181678 101319 -0.0515158 0.318916
0.003605 433.764 0.220216 101311 -0.0326823 0.80753
6.5e-05 754.918 0.201106 101325 -0.159017 0.462711
0.001035 1316.02 0.171357 101317 -0.0407818 0.265885
0.004935 299.992 0.232917 101309 0.018911 1.1718
0.005265 299.989 0.232918 101308 0.0150204 1.17181
0.002655 1139.91 0.17283 101313 -0.122008 0.30694
0.005665 299.989 0.232918 101309 0.00901416 1.17181
0.003945 325.372 0.230432 101310 0.00457299 1.07896
0.002965 903.155 0.186403 101312 -0.108804 0.387261
0.001695 1622.57 0.161151 101314 -0.0690782 0.2158
0.000395 891.587 0.192892 101322 -0.0857227 0.391962
0.002345 1358.79 0.165405 101313 -0.115818 0.257607
0.001365 1503.84 0.164413 101315 -0.0484243 0.232785
0.004285 302.298 0.232716 101309 0.0176229 1.16262
0.002035 1527.12 0.161522 101313 -0.0990445 0.229277
0.003295 631.663 0.204082 101312 -0.0753646 0.553808
0.004615 300.103 0.232909 101309 0.0191258 1.17135
0.000715 1103.36 0.181327 101319 -0.0508487 0.316936
0.003615 428.266 0.220661 101311 -0.0312908 0.817949
0.001045 1322.28 0.171093 101317 -0.0408288 0.264631
0.004945 299.991 0.232917 101309 0.0188143 1.1718
0.005275 299.989 0.232918 101308 0.0148864 1.17181
0.002665 1132.07 0.173124 101313 -0.12188 0.309062
7.5e-05 756.504 0.201008 101325 -0.156769 0.461742
0.005675 299.989 0.232918 101309 0.00886489 1.17181
0.003955 323.936 0.230581 101309 0.00686639 1.08379
0.002975 895.136 0.186901 101312 -0.108567 0.390728
0.001705 1622.9 0.161108 101315 -0.0695635 0.215756
0.000405 897.613 0.192543 101322 -0.0841628 0.389338
0.002355 1352.5 0.16559 101313 -0.116676 0.258803
0.001375 1508.87 0.16426 101315 -0.0487934 0.232013
0.004295 302.12 0.232733 101309 0.0177253 1.16333
0.002045 1522.49 0.161592 101313 -0.0994723 0.229972
0.003305 624.671 0.204641 101312 -0.0740293 0.56002
0.004625 300.092 0.23291 101309 0.0196262 1.1714
0.000725 1110.23 0.180977 101319 -0.0501926 0.314981
0.001055 1328.51 0.170832 101317 -0.0408625 0.263395
0.003625 422.894 0.221098 101323 -0.0303243 0.828488
0.004955 299.991 0.232917 101309 0.018742 1.1718
0.005285 299.989 0.232918 101308 0.0147446 1.17181
0.002675 1124.37 0.17344 101329 -0.12174 0.311225
8.5e-05 758.298 0.200897 101324 -0.155019 0.460651
0.005685 299.989 0.232918 101309 0.00871361 1.17181
0.003965 322.564 0.230723 101311 0.00601173 1.08848
0.001715 1623.21 0.161068 101315 -0.0700452 0.215716
0.002985 887.093 0.187401 101312 -0.1079 0.394268
0.000415 903.704 0.192191 101321 -0.0827231 0.386721
0.004305 301.952 0.232748 101309 0.0172995 1.16399
0.002365 1346.16 0.165778 101313 -0.117541 0.26002
0.001385 1513.84 0.164111 101315 -0.049276 0.231253
0.004635 300.081 0.232911 101309 0.019956 1.17144
0.002055 1517.81 0.161666 101313 -0.100084 0.23068
0.003315 617.705 0.2052 101312 -0.0726398 0.566348
0.001065 1334.7 0.170575 101317 -0.0408644 0.262177
0.000735 1117.1 0.180629 101319 -0.0495617 0.313052
0.004965 299.991 0.232917 101309 0.0186921 1.17181
0.005295 299.989 0.232918 101308 0.0145951 1.17181
0.003635 418.399 0.221528 101313 -0.0274802 0.837356
0.005695 299.99 0.232918 101309 0.00856093 1.17181
9.5e-05 760.294 0.200773 101324 -0.152392 0.459444
0.002685 1116.98 0.173819 101313 -0.121505 0.313227
0.003975 321.253 0.230858 101310 0.00723286 1.09297
0.001725 1623.5 0.161031 101314 -0.0705377 0.215678
0.000425 909.857 0.191837 101321 -0.0813249 0.384113
0.002995 879.028 0.187905 101312 -0.106793 0.397884
0.004645 300.072 0.232911 101309 0.020145 1.17148
0.004315 301.796 0.232762 101308 0.0189289 1.16459
0.002375 1339.76 0.165971 101313 -0.118049 0.261258
0.001395 1518.78 0.163965 101315 -0.0498715 0.230504
0.002065 1513.08 0.161744 101313 -0.100805 0.2314
0.003325 610.767 0.205758 101312 -0.071341 0.572796
0.001075 1340.87 0.170321 101317 -0.0408526 0.260976
0.004975 299.991 0.232917 101309 0.0186557 1.17181
0.000745 1123.96 0.180284 101319 -0.0489627 0.311148
0.005305 299.989 0.232918 101308 0.0144424 1.17181
0.005705 299.99 0.232918 101309 0.00840705 1.17181
0.003645 414.037 0.221949 101311 -0.0277121 0.846222
0.000105 762.489 0.200637 101324 -0.148813 0.458126
0.003985 320.003 0.230986 101310 0.00786724 1.0973
0.002695 1109.74 0.174221 101313 -0.121082 0.315266
0.001735 1623.75 0.160998 101314 -0.0710629 0.215645
0.000435 916.068 0.191481 101321 -0.0798931 0.381516
0.003005 870.94 0.188412 101312 -0.10566 0.401577
0.004655 300.064 0.232912 101309 0.0204391 1.17151
0.004325 301.65 0.232775 101310 0.0174494 1.16518
0.002385 1333.31 0.166167 101313 -0.118073 0.262518
0.001405 1523.66 0.163823 101315 -0.0505069 0.229766
0.002075 1508.29 0.161825 101313 -0.101493 0.232133
0.003335 603.858 0.206314 101312 -0.0701556 0.579365
0.001085 1347 0.17007 101317 -0.0408693 0.259792
0.004985 299.991 0.232917 101309 0.0186185 1.17181
0.005315 299.989 0.232918 101308 0.0142964 1.17181
0.005715 299.99 0.232918 101309 0.00824974 1.17181
0.000755 1130.81 0.17994 101319 -0.0483828 0.309268
0.003655 409.758 0.222362 101311 -0.0258522 0.855115
0.003995 318.81 0.231107 101310 0.00850903 1.10146
0.000115 764.879 0.200489 101325 -0.145282 0.4567
0.001745 1623.98 0.160967 101314 -0.0716594 0.215615
0.002705 1102.47 0.174625 101313 -0.1206 0.317341
0.000445 922.335 0.191123 101321 -0.0784256 0.378931
0.003015 862.831 0.188921 101312 -0.104875 0.405349
0.004665 300.056 0.232913 101309 0.0203883 1.17154
0.004335 301.514 0.232787 101309 0.0181074 1.16572
0.002395 1326.81 0.166366 101313 -0.117833 0.263801
0.001415 1528.51 0.163684 101315 -0.0510913 0.22904
0.002085 1503.45 0.16191 101313 -0.102035 0.232879
0.003345 596.978 0.206869 101312 -0.0689308 0.586057
0.004995 299.991 0.232917 101309 0.018564 1.17181
0.005325 299.989 0.232918 101308 0.0141556 1.17181
0.001095 1353.1 0.169823 101317 -0.0409489 0.258626
0.005725 299.99 0.232918 101309 0.00809141 1.17181
0.000765 1137.66 0.179598 101319 -0.0478326 0.307414
0.003665 405.563 0.222767 101311 -0.0245815 0.864018
0.004005 317.674 0.231222 101310 0.00910647 1.10545
0.000125 767.457 0.20033 101324 -0.14259 0.45517
0.001755 1624.17 0.16094 101314 -0.0723482 0.215589
0.002715 1095.17 0.175034 101313 -0.120624 0.319453
0.000455 928.654 0.190763 101321 -0.0769831 0.37636
0.003025 854.702 0.189433 101312 -0.104402 0.409203
0.004675 300.049 0.232913 101309 0.019599 1.17157
0.004345 301.386 0.232798 101309 0.0182066 1.16623
0.002405 1320.25 0.16657 101313 -0.117758 0.265107
0.001425 1533.31 0.163549 101315 -0.0515756 0.228325
0.002095 1498.56 0.161998 101313 -0.102419 0.233638
0.005005 299.99 0.232917 101309 0.01848 1.17181
0.005335 299.989 0.232918 101308 0.0140255 1.17181
0.003355 590.13 0.207423 101312 -0.0675744 0.592875
0.005735 299.99 0.232918 101309 0.00792854 1.17181
0.001105 1359.16 0.169579 101317 -0.0410901 0.257476
0.003675 401.454 0.223163 101311 -0.023282 0.87292
0.000775 1144.49 0.179259 101319 -0.0473282 0.305583
0.004015 316.591 0.231331 101310 0.00967225 1.10929
0.000135 770.22 0.20016 101324 -0.140561 0.45354
0.001765 1624.33 0.160916 101314 -0.0730875 0.215568
0.000465 935.023 0.190401 101321 -0.0756208 0.373804
0.002725 1087.83 0.175445 101312 -0.1216 0.321602
0.003035 846.552 0.189948 101312 -0.103874 0.413141
0.004685 300.042 0.232913 101309 0.0200438 1.1716
0.004355 301.267 0.232809 101309 0.0183382 1.1667
0.002415 1313.64 0.166777 101313 -0.118161 0.266437
0.001435 1538.06 0.163416 101315 -0.0519791 0.227621
0.002105 1493.62 0.162091 101313 -0.102757 0.234409
0.005345 299.989 0.232918 101308 0.0138773 1.17181
0.005015 299.99 0.232917 101309 0.0183672 1.17181
0.003365 583.316 0.207976 101312 -0.0661753 0.599819
0.005745 299.99 0.232918 101309 0.00776264 1.17181
0.001115 1365.19 0.169338 101317 -0.0412554 0.256342
0.003685 397.432 0.223551 101311 -0.0219626 0.881813
0.004025 315.561 0.231434 101310 0.0102143 1.11296
0.000785 1151.32 0.178922 101319 -0.046847 0.303777
0.000145 773.163 0.199978 101324 -0.138379 0.451818
0.001775 1624.46 0.160896 101314 -0.0738138 0.215552
0.000475 941.438 0.190038 101321 -0.0743355 0.371264
0.002735 1080.46 0.175861 101312 -0.122628 0.32379
0.003045 838.382 0.190466 101312 -0.103009 0.417166
0.004695 300.039 0.232914 101311 0.0218982 1.17163
0.004365 301.156 0.232818 101309 0.0184466 1.16714
0.002425 1306.98 0.166988 101313 -0.118998 0.267792
0.001445 1542.77 0.163288 101315 -0.0523826 0.226928
0.002115 1488.62 0.162186 101313 -0.10321 0.235194
0.005025 299.99 0.232917 101309 0.0182399 1.17181
0.005355 299.989 0.232918 101308 0.0137327 1.17181
0.005755 299.99 0.232918 101309 0.0075943 1.17181
0.003375 576.536 0.208526 101312 -0.0648402 0.606892
0.001125 1371.19 0.1691 101317 -0.0413977 0.255225
0.003695 393.5 0.223929 101311 -0.0206568 0.890686
0.004035 314.581 0.231531 101310 0.0107434 1.11648
0.000795 1158.14 0.178587 101318 -0.0464669 0.301996
0.001785 1623.05 0.160878 101221 -0.0745436 0.215541
0.000155 776.281 0.199786 101324 -0.135558 0.450009
0.000485 947.898 0.189674 101321 -0.0730779 0.368742
0.002745 1073.06 0.17628 101312 -0.122104 0.326019
0.003055 830.193 0.190986 101312 -0.10189 0.421281
0.004705 300.029 0.232914 101308 0.020533 1.17164
0.004375 301.052 0.232827 101309 0.018551 1.16755
0.006065 299.99 0.232918 101310 0.00243886 1.17182
0.004385 300.955 0.232835 101309 0.018665 1.16794
0.002435 1300.27 0.167203 101313 -0.119865 0.269171
0.004395 300.877 0.232842 101309 0.0187957 1.16825
0.006075 299.991 0.232918 101310 0.00229735 1.17182
0.002445 1293.5 0.167422 101313 -0.120279 0.270575
0.004405 300.806 0.232849 101309 0.0189232 1.16853
0.001455 1547.44 0.163162 101315 -0.0528886 0.226246
0.002455 1286.69 0.167644 101313 -0.120064 0.272004
0.005035 299.99 0.232917 101309 0.0181162 1.17181
0.004715 300.025 0.232915 101309 0.0196136 1.17167
0.002465 1279.82 0.16787 101313 -0.119531 0.273459
0.005045 299.99 0.232917 101309 0.0180071 1.17181
0.005365 299.989 0.232918 101308 0.0135831 1.17181
0.004725 300.022 0.232915 101309 0.0200088 1.17168
0.005055 299.99 0.232917 101309 0.0179124 1.17181
0.002475 1272.91 0.168099 101312 -0.119257 0.274941
0.005375 299.989 0.232918 101308 0.0134306 1.17181
0.004735 300.019 0.232915 101309 0.0199073 1.17169
0.005065 299.99 0.232917 101309 0.0178212 1.17181
0.003065 821.985 0.191509 101312 -0.100835 0.425487
0.005385 299.989 0.232918 101308 0.0132855 1.17181
0.004745 300.017 0.232915 101309 0.0199189 1.1717
0.002485 1265.94 0.168333 101312 -0.119622 0.276451
0.005075 299.99 0.232917 101309 0.017718 1.17181
0.005395 299.989 0.232918 101308 0.0131391 1.17181
0.003075 813.76 0.192035 101312 -0.10004 0.429788
0.004755 300.014 0.232916 101309 0.0199858 1.17171
0.005085 299.99 0.232917 101309 0.017592 1.17181
0.002495 1258.92 0.16857 101313 -0.120517 0.277988
0.002125 1483.57 0.162286 101313 -0.103883 0.235993
0.005405 299.989 0.232918 101308 0.012998 1.17181
0.004765 300.012 0.232916 101309 0.019956 1.17172
0.005095 299.99 0.232917 101309 0.0174373 1.17181
0.003085 805.517 0.192563 101312 -0.0993888 0.434185
0.002505 1251.85 0.16881 101313 -0.121407 0.279555
0.005415 299.989 0.232918 101308 0.0128407 1.17181
0.004775 300.009 0.232916 101309 0.0198615 1.17173
0.002135 1478.46 0.162388 101313 -0.104748 0.236807
0.003385 569.793 0.209075 101312 -0.0635477 0.614094
0.005105 299.99 0.232917 101309 0.0172438 1.17181
0.002515 1244.73 0.169055 101313 -0.121675 0.28115
0.003095 797.258 0.193094 101312 -0.0986139 0.438684
0.004785 300.007 0.232916 101309 0.019753 1.17174
0.005425 299.989 0.232918 101308 0.0126841 1.17181
0.002145 1473.3 0.162495 101313 -0.105651 0.237634
0.005115 299.99 0.232917 101309 0.0170826 1.17181
0.003395 563.088 0.209621 101312 -0.0622073 0.621427
0.002525 1237.56 0.169303 101313 -0.121116 0.282773
0.004795 300.005 0.232916 101309 0.0196523 1.17175
0.001135 1377.15 0.168866 101317 -0.041495 0.254124
0.003705 389.658 0.224299 101311 -0.019394 0.89953
0.004045 313.648 0.231623 101310 0.0112623 1.11984
0.001145 1383.08 0.168635 101316 -0.0415688 0.253039
0.003715 385.907 0.224659 101311 -0.0181509 0.908335
0.000805 1164.94 0.178254 101318 -0.0459769 0.300238
0.001155 1388.97 0.168407 101316 -0.0416708 0.251969
0.003725 382.249 0.225011 101311 -0.0169097 0.917093
0.001795 1621.37 0.160864 101314 -0.0752943 0.215963
0.004055 312.762 0.23171 101310 0.0117695 1.12306
0.000815 1171.73 0.177924 101317 -0.0450469 0.2985
0.000165 779.57 0.199584 101324 -0.132428 0.448116
0.001165 1394.83 0.168183 101316 -0.0418455 0.250915
0.003735 378.682 0.225353 101311 -0.0156834 0.925796
0.001805 1618.15 0.160853 101314 -0.0761449 0.216393
0.004065 311.92 0.231792 101310 0.0122628 1.12614
0.000495 954.399 0.189309 101321 -0.0718057 0.366237
0.000825 1178.51 0.177596 101318 -0.0451242 0.296793
0.001175 1400.65 0.167962 101316 -0.0420971 0.249877
0.003745 375.206 0.225686 101311 -0.0144844 0.934436
0.002755 1065.63 0.176703 101313 -0.120141 0.32829
0.000175 783.024 0.199372 101324 -0.129649 0.446145
0.001815 1614.87 0.160845 101314 -0.077121 0.216832
0.004075 311.12 0.231869 101310 0.01274 1.12908
0.000505 960.939 0.188943 101321 -0.0705231 0.363752
0.004415 300.739 0.232855 101309 0.0190302 1.1688
0.000835 1185.27 0.177271 101318 -0.0447871 0.295106
0.001185 1406.43 0.167745 101316 -0.0423841 0.248853
0.003755 371.823 0.226009 101311 -0.0133068 0.943005
0.001465 1552.06 0.16304 101315 -0.0535481 0.225575
0.000185 786.638 0.199151 101324 -0.127452 0.4441
0.002765 1058.16 0.17713 101313 -0.118567 0.330602
0.005435 299.989 0.232918 101308 0.0125317 1.17181
0.001825 1611.53 0.160841 101314 -0.0782717 0.217281
0.004085 310.36 0.231941 101310 0.0131974 1.13189
0.002155 1468.09 0.162605 101313 -0.10641 0.238476
0.000515 967.515 0.188577 101321 -0.06927 0.361287
0.004425 300.678 0.23286 101309 0.0190996 1.16904
0.001195 1412.17 0.167531 101316 -0.0426479 0.247844
0.003105 788.984 0.193626 101312 -0.0975961 0.443286
0.000845 1192.01 0.176948 101318 -0.0443271 0.293442
0.003765 368.53 0.226324 101311 -0.0121431 0.951497
0.001475 1556.63 0.162922 101315 -0.0543106 0.224915
0.003405 556.424 0.210165 101312 -0.0607912 0.628893
0.000195 790.409 0.19892 101323 -0.125458 0.441987
0.001835 1608.13 0.160839 101314 -0.0795438 0.21774
0.002775 1050.67 0.177561 101313 -0.118394 0.332955
0.002535 1230.35 0.169554 101312 -0.120243 0.284427
0.004095 309.639 0.23201 101310 0.0136279 1.13456
0.003415 549.801 0.210706 101312 -0.0593596 0.636492
0.004435 300.622 0.232866 101309 0.0191869 1.16927
0.000525 974.125 0.18821 101321 -0.0680798 0.358843
0.002165 1462.83 0.162719 101313 -0.106931 0.239333
0.001205 1417.88 0.16732 101316 -0.0428547 0.24685
0.003115 780.695 0.194162 101312 -0.0964649 0.447994
0.004445 300.569 0.23287 101309 0.018725 1.16948
0.000855 1198.74 0.176628 101318 -0.0439652 0.291801
0.003775 365.328 0.226629 101311 -0.0109977 0.959904
0.001485 1561.15 0.162806 101315 -0.0550582 0.224265
0.000205 794.331 0.19868 101323 -0.123182 0.43981
0.001845 1604.66 0.160841 101314 -0.0808127 0.21821
0.002785 1043.15 0.177995 101312 -0.119082 0.335349
0.002545 1223.08 0.169809 101312 -0.119917 0.286112
0.004105 308.954 0.232074 101310 0.0140285 1.13712
0.003425 543.221 0.211245 101312 -0.0579667 0.644226
0.000535 980.766 0.187842 101320 -0.0669488 0.35642
0.001215 1423.55 0.167113 101316 -0.0430211 0.24587
0.002175 1457.5 0.162837 101313 -0.107275 0.240204
0.004455 300.521 0.232875 101311 0.0203254 1.16969
0.003125 772.391 0.194699 101312 -0.0954242 0.452811
0.000865 1205.45 0.176311 101318 -0.0436106 0.290182
0.003785 362.215 0.226924 101311 -0.00987719 0.968221
0.001495 1565.63 0.162694 101315 -0.0557116 0.223625
0.001855 1601.13 0.160847 101314 -0.0819648 0.218692
0.002185 1452.13 0.162958 101313 -0.107625 0.241091
0.000215 798.4 0.198433 101323 -0.12056 0.437576
0.002795 1035.61 0.178433 101312 -0.119654 0.337788
0.002555 1215.77 0.170067 101312 -0.120475 0.28783
0.004115 308.305 0.232134 101310 0.0143914 1.13955
0.000545 987.437 0.187475 101320 -0.0658452 0.35402
0.003435 536.686 0.211781 101312 -0.0565925 0.652096
0.001225 1429.19 0.166909 101316 -0.0432049 0.244904
0.003445 530.197 0.212313 101312 -0.055191 0.660103
0.004465 300.476 0.232879 101309 0.0187376 1.16985
0.004125 307.688 0.23219 101310 0.0147772 1.14187
0.001235 1434.78 0.166708 101316 -0.0434644 0.243952
0.003455 523.757 0.212842 101312 -0.0537643 0.668249
0.004475 300.435 0.232882 101309 0.0193142 1.17002
0.003135 764.075 0.195238 101312 -0.0945294 0.457742
0.004135 307.103 0.232243 101310 0.0146065 1.14408
0.000555 994.135 0.187107 101320 -0.0647424 0.351642
0.004145 306.55 0.232292 101313 0.0165968 1.1462
0.000875 1212.14 0.175996 101318 -0.0432899 0.288586
0.000565 1000.86 0.18674 101320 -0.063642 0.349287
0.003795 359.191 0.22721 101311 -0.00877859 0.976441
0.004155 306.104 0.232338 101310 0.0152299 1.14788
0.001505 1570.06 0.162586 101315 -0.0562655 0.222996
0.000885 1218.82 0.175684 101318 -0.0430001 0.287011
0.001865 1597.52 0.160855 101314 -0.083008 0.219185
0.000575 1007.6 0.186373 101320 -0.0625692 0.346957
0.003805 356.254 0.227487 101311 -0.00769416 0.984557
0.002195 1446.7 0.163083 101313 -0.108164 0.241993
0.003815 353.404 0.227755 101311 -0.00662233 0.992566
0.000225 802.61 0.198177 101323 -0.11795 0.435287
0.002805 1028.03 0.178875 101312 -0.119301 0.340273
0.002205 1441.22 0.163212 101313 -0.108948 0.242911
0.003825 350.639 0.228013 101311 -0.00556967 1.00046
0.001245 1440.33 0.166511 101316 -0.0438159 0.243015
0.000235 806.957 0.197913 101323 -0.115694 0.432948
0.003465 517.366 0.213367 101312 -0.0523518 0.676534
0.002815 1020.43 0.17932 101312 -0.117914 0.342805
0.002215 1435.68 0.163344 101313 -0.109856 0.243846
0.003835 347.958 0.228263 101311 -0.00454219 1.00824
0.001255 1445.85 0.166318 101316 -0.0442204 0.242091
0.000245 811.437 0.197642 101323 -0.113756 0.430564
0.002825 1012.79 0.179769 101313 -0.116398 0.345385
0.003475 511.025 0.213889 101312 -0.0509655 0.684958
0.003145 755.747 0.19578 101312 -0.0936562 0.462788
0.001515 1574.44 0.162481 101315 -0.0567645 0.222377
0.003485 504.737 0.214406 101312 -0.0495746 0.693524
0.000895 1225.47 0.175375 101318 -0.042738 0.285459
0.003155 747.408 0.196323 101312 -0.0926605 0.467954
0.000585 1014.37 0.186006 101320 -0.0615444 0.34465
0.001525 1578.77 0.162379 101315 -0.0573064 0.221768
0.003495 498.502 0.214919 101312 -0.0481565 0.702232
0.000905 1232.1 0.175069 101318 -0.0425127 0.283929
0.001875 1593.85 0.160867 101314 -0.0840645 0.219689
0.003165 739.059 0.196869 101312 -0.0915271 0.473244
0.002225 1430.09 0.16348 101313 -0.110665 0.244797
0.001535 1583.06 0.16228 101315 -0.0580063 0.221169
0.003505 492.322 0.215428 101312 -0.0467304 0.711082
0.000915 1238.71 0.174765 101318 -0.042304 0.282419
0.000595 1021.15 0.18564 101320 -0.0605672 0.342367
0.003175 730.702 0.197416 101312 -0.0903565 0.478661
0.001885 1590.12 0.160883 101314 -0.085254 0.220205
0.001545 1587.29 0.162185 101315 -0.0588886 0.220581
0.002235 1424.45 0.16362 101313 -0.111199 0.245765
0.003515 486.197 0.215931 101312 -0.0453231 0.720076
0.000925 1245.29 0.174464 101318 -0.0420766 0.280931
0.003185 722.337 0.197965 101312 -0.0892362 0.484208
0.001265 1451.33 0.166127 101316 -0.0446094 0.241181
0.000255 816.045 0.197363 101323 -0.11182 0.42814
0.002835 1005.14 0.180222 101313 -0.115758 0.348013
0.001275 1456.76 0.16594 101316 -0.0449326 0.240284
0.001895 1586.32 0.160901 101313 -0.0866077 0.220732
0.000265 820.776 0.197078 101323 -0.109663 0.425679
0.002845 997.45 0.180677 101312 -0.116034 0.35069
0.000605 1027.95 0.185274 101320 -0.0596209 0.340109
0.001555 1591.47 0.162094 101315 -0.0598311 0.220002
0.000935 1251.85 0.174167 101318 -0.0418393 0.279464
0.000615 1034.77 0.18491 101320 -0.0586902 0.337876
0.003195 713.967 0.198515 101312 -0.0881639 0.48989
0.001565 1595.61 0.162005 101315 -0.0606768 0.219434
0.001905 1582.45 0.160923 101313 -0.0880713 0.221271
0.000945 1258.39 0.173872 101317 -0.0416278 0.278017
0.002855 989.736 0.181137 101312 -0.116397 0.353418
0.000275 825.626 0.196787 101323 -0.107372 0.423185
0.000955 1264.9 0.17358 101317 -0.0414602 0.276591
0.000625 1041.6 0.184546 101320 -0.0577763 0.335667
0.002865 981.996 0.181599 101312 -0.116028 0.3562
0.001575 1599.69 0.16192 101315 -0.0613827 0.218875
0.001915 1578.52 0.160949 101313 -0.0895378 0.221821
0.002875 974.228 0.182065 101312 -0.114837 0.359036
0.001585 1603.73 0.161838 101315 -0.0620159 0.218325
0.000285 830.591 0.196489 101323 -0.105207 0.420663
0.000635 1048.44 0.184183 101320 -0.0568928 0.333485
0.001595 1607.71 0.161759 101315 -0.0626564 0.217786
0.000295 835.666 0.196185 101323 -0.103307 0.418115
0.000305 840.847 0.195876 101322 -0.101559 0.415546
0.000315 846.13 0.195562 101322 -0.0997538 0.412958
