0.000965 1015.25 0.186412 243283 0.0647254 0.822555
0.000975 1020.93 0.185911 243283 0.0647608 0.817965
0.000985 1026.63 0.185407 243283 0.0647934 0.813402
0.000995 1032.36 0.184899 243283 0.0648232 0.808866
0.001005 1038.12 0.184388 243283 0.0648503 0.804359
0.001015 1043.91 0.183874 243283 0.0648745 0.79988
0.001025 1049.72 0.183356 243283 0.0648959 0.79543
0.001035 1055.56 0.182836 243283 0.0649143 0.791009
0.001045 1061.43 0.182312 243283 0.0649298 0.786618
0.001055 1067.32 0.181784 243283 0.0649423 0.782258
0.001065 1073.24 0.181254 243283 0.0649517 0.777927
0.001075 1079.18 0.180721 243283 0.0649581 0.773628
0.001085 1085.14 0.180185 243283 0.0649612 0.769359
0.001095 1091.12 0.179646 243283 0.0649612 0.765122
0.001105 1097.13 0.179104 243283 0.064958 0.760916
0.001115 1103.16 0.178559 243283 0.0649514 0.756741
0.001125 1109.2 0.178012 243283 0.0649416 0.752599
0.001135 1115.27 0.177462 243283 0.0649284 0.748488
0.001145 1121.36 0.176909 243283 0.0649118 0.744409
0.001155 1127.46 0.176353 243283 0.0648919 0.740363
0.001165 1133.58 0.175795 243283 0.0648685 0.736349
0.001175 1139.72 0.175234 243283 0.0648417 0.732367
0.001185 1145.87 0.174671 243283 0.0648114 0.728417
0.001195 1152.05 0.174106 243283 0.0647776 0.7245
0.001205 1158.23 0.173538 243283 0.0647404 0.720615
0.001215 1164.43 0.172968 243283 0.0646996 0.716763
0.001225 1170.65 0.172395 243283 0.0646554 0.712943
0.001235 1176.87 0.171821 243283 0.0646076 0.709156
0.001245 1183.11 0.171244 243283 0.0645563 0.7054
0.001255 1189.37 0.170665 243283 0.0645014 0.701677
0.001265 1195.63 0.170083 243283 0.064443 0.697986
0.001275 1201.91 0.1695 243283 0.0643811 0.694328
0.001605 1412.18 0.149359 243283 0.0603931 0.590604
0.004805 2302.39 0.0300185 243283 -0.100953 0.36051
0.001615 1418.56 0.148729 243283 0.0602157 0.587937
0.001625 1424.94 0.148098 243283 0.0600352 0.585296
0.001635 1431.32 0.147467 243283 0.0598515 0.582679
0.002245 1804.42 0.108608 243283 0.0434509 0.461879
0.004815 2297.34 0.0302712 243283 -0.1011 0.361289
0.001645 1437.69 0.146834 243283 0.0596647 0.580087
0.002565 1980.73 0.0889761 243283 0.0313746 0.420648
0.004485 2437.9 0.0240629 243283 -0.0847345 0.340848
0.001655 1444.06 0.146201 243283 0.0594747 0.57752
0.004825 2292.3 0.0305257 243283 -0.101216 0.362069
0.001285 1208.19 0.168915 243283 0.0643156 0.690701
0.002575 1985.97 0.0883806 243283 0.0309574 0.419535
0.004495 2435.93 0.0241653 243283 -0.0854507 0.341115
0.001295 1214.49 0.168328 243283 0.0642465 0.687106
0.002585 1991.19 0.0877864 243283 0.0305375 0.418431
0.004505 2433.92 0.0242739 243283 -0.0861698 0.341386
0.001665 1450.43 0.145568 243283 0.0592817 0.574978
0.004835 2287.27 0.0307816 243283 -0.1013 0.362851
0.001305 1220.8 0.167738 243283 0.0641739 0.683543
0.002595 1996.39 0.0871935 243283 0.030115 0.417337
0.002255 1810.16 0.10798 243283 0.0431092 0.460409
0.004515 2431.89 0.0243886 243283 -0.0868921 0.341661
0.001315 1227.11 0.167147 243283 0.0640978 0.680012
0.002605 2001.58 0.086602 243283 0.0296898 0.416252
0.004525 2429.82 0.0245094 243283 -0.0876178 0.341941
0.001325 1233.44 0.166554 243283 0.064018 0.676512
0.002615 2006.75 0.0860117 243283 0.0292619 0.415176
0.001675 1456.79 0.144934 243283 0.0590855 0.572459
0.004845 2282.26 0.0310386 243283 -0.101349 0.363634
0.004535 2427.72 0.0246362 243283 -0.0883468 0.342226
0.001335 1239.77 0.16596 243283 0.0639348 0.673044
0.002625 2011.9 0.0854228 243283 0.0288314 0.41411
0.002265 1815.9 0.107354 243283 0.0427654 0.458951
0.004545 2425.59 0.0247691 243283 -0.0890792 0.342516
0.001345 1246.11 0.165363 243283 0.063848 0.669607
0.002635 2017.03 0.0848353 243283 0.0283982 0.413053
0.001685 1463.14 0.144299 243283 0.0588863 0.569965
0.004555 2423.43 0.0249078 243283 -0.0898149 0.34281
0.002645 2022.14 0.0842492 243283 0.0279624 0.412005
0.001355 1252.46 0.164765 243283 0.0637577 0.666201
0.004855 2277.26 0.0312964 243283 -0.101365 0.364418
0.004565 2421.16 0.0250522 243275 -0.090536 0.34311
0.002275 1821.61 0.106727 243283 0.0424193 0.457506
0.004165 2485.96 0.0241402 243279 -0.0619197 0.33451
0.002655 2027.23 0.0836645 243283 0.0275241 0.410966
0.001365 1258.81 0.164165 243283 0.0636639 0.662826
0.004575 2416.52 0.0252025 243283 -0.0911988 0.343769
0.001695 1469.49 0.143663 243283 0.058684 0.567494
0.004865 2272.28 0.0315545 243283 -0.101346 0.365202
0.002285 1827.32 0.106102 243283 0.0420711 0.456074
0.002665 2032.31 0.0830812 243283 0.0270832 0.409936
0.001375 1265.17 0.163563 243283 0.0635666 0.659482
0.004585 2411.77 0.0253586 243283 -0.0918202 0.344434
0.005125 2061.62 0.0456678 243283 -0.119238 0.402143
0.002675 2037.37 0.0824994 243283 0.0266399 0.408915
0.001385 1271.54 0.16296 243283 0.0634657 0.656168
0.004595 2407 0.0255203 243283 -0.0924289 0.345106
0.003845 2466.45 0.0300592 243283 -0.0384392 0.337347
0.001705 1475.84 0.143028 243283 0.0584787 0.565047
0.004875 2267.33 0.0318128 243283 -0.101292 0.365985
0.002685 2042.4 0.081919 243283 0.0261943 0.407903
0.001395 1277.91 0.162356 243283 0.0633615 0.652885
0.004605 2402.19 0.0256877 243283 -0.0930218 0.345784
0.005135 2045.67 0.0468772 243283 -0.118618 0.405264
0.002295 1833.01 0.105478 243283 0.0417205 0.454654
0.003855 2468.22 0.0298005 243283 -0.0391576 0.337099
0.002695 2047.42 0.0813401 243283 0.0257463 0.4069
0.001405 1284.28 0.161749 243283 0.0632537 0.649632
0.004615 2397.36 0.0258605 243283 -0.0935985 0.346469
0.005145 2029.71 0.0480839 243283 -0.117971 0.408437
0.004175 2484.94 0.0240422 243283 -0.0626711 0.334645
0.002705 2052.42 0.0807627 243283 0.0252963 0.405905
0.003865 2469.94 0.0295461 243280 -0.039873 0.336856
0.001415 1290.66 0.161141 243283 0.0631425 0.646409
0.004625 2392.51 0.0260387 243283 -0.0941589 0.347161
0.001715 1482.18 0.142391 243283 0.0582704 0.562623
0.005155 2013.75 0.0492873 243283 -0.117289 0.411663
0.004885 2262.41 0.0320707 243283 -0.101205 0.366767
0.002715 2057.4 0.0801868 243283 0.0248442 0.404919
0.002305 1838.68 0.104854 243283 0.0413677 0.453247
0.001425 1297.05 0.160532 243283 0.0630279 0.643216
0.003875 2470.93 0.0292961 243283 -0.0405871 0.33672
0.004635 2387.63 0.0262223 243283 -0.0947027 0.347858
0.005165 1997.78 0.050487 243283 -0.116562 0.414942
0.002725 2062.36 0.0796124 243283 0.0243903 0.403942
0.004185 2483.86 0.0239499 243283 -0.0634042 0.334785
0.001435 1303.43 0.159922 243283 0.0629099 0.640053
0.004645 2382.73 0.026411 243283 -0.0952296 0.348561
0.003885 2471.86 0.0290505 243283 -0.041298 0.336588
0.005175 1981.8 0.0516823 243283 -0.115783 0.418274
0.002735 2067.31 0.0790396 243283 0.0239347 0.402973
0.001725 1488.51 0.141754 243283 0.0580591 0.560222
0.004895 2257.51 0.0323279 243283 -0.101086 0.367548
0.001445 1309.82 0.15931 243283 0.0627884 0.636919
0.004655 2377.81 0.0266048 243283 -0.0957392 0.349271
0.003895 2472.76 0.0288092 243283 -0.0420107 0.33646
0.005185 1965.83 0.0528726 243283 -0.114948 0.42166
0.002315 1844.34 0.104231 243283 0.0410127 0.451853
0.002745 2072.23 0.0784684 243283 0.0234775 0.402012
0.001455 1316.22 0.158696 243283 0.0626636 0.633814
0.004665 2372.86 0.0268035 243283 -0.0962312 0.349986
0.003905 2473.63 0.0285725 243283 -0.0427248 0.336336
0.005195 1949.87 0.0540572 243283 -0.11405 0.425101
0.004195 2482.74 0.0238635 243283 -0.0641381 0.334928
0.001735 1494.83 0.141117 243283 0.0578449 0.557844
0.004905 2252.65 0.032584 243283 -0.100937 0.368327
0.002885 2139.6 0.0706463 243283 0.0170071 0.389306
0.002755 2077.13 0.0778987 243283 0.0230191 0.401059
0.001465 1322.61 0.158082 243283 0.0625354 0.630739
0.004675 2367.9 0.0270071 243283 -0.0967052 0.350707
0.003915 2474.48 0.0283403 243283 -0.0434401 0.336216
0.005205 1933.92 0.0552352 243283 -0.113086 0.428595
0.001925 1613.51 0.12896 243283 0.0532365 0.516696
0.002325 1849.98 0.103609 243283 0.0406553 0.45047
0.001745 1501.15 0.140479 243283 0.0576277 0.555489
0.004685 2362.92 0.0272153 243283 -0.0971609 0.351433
0.001475 1329.01 0.157466 243283 0.0624039 0.627692
0.002765 2082.02 0.0773307 243283 0.0225596 0.400115
0.004915 2247.82 0.0328388 243283 -0.100761 0.369104
0.004205 2481.6 0.023783 243283 -0.0648697 0.335076
0.003925 2475.29 0.0281126 243283 -0.0441568 0.336099
0.005215 1917.99 0.0564059 243283 -0.112056 0.432144
0.001935 1619.66 0.12832 243283 0.0529671 0.514728
0.004695 2357.93 0.0274281 243283 -0.0975976 0.352165
0.001485 1335.41 0.156848 243283 0.062269 0.624674
0.002775 2086.88 0.0767643 243283 0.0220992 0.399179
0.003935 2476.08 0.0278895 243283 -0.0448749 0.335987
0.005225 1902.09 0.0575685 243283 -0.110957 0.435746
0.002335 1855.61 0.102988 243283 0.0402956 0.449099
0.001755 1507.47 0.139841 243283 0.0574075 0.553156
0.001945 1625.8 0.127679 243283 0.0526951 0.512778
0.004705 2352.92 0.0276453 243283 -0.0980148 0.352902
0.001495 1341.81 0.15623 243283 0.0621307 0.621684
0.002785 2091.73 0.0761995 243283 0.0216382 0.398251
0.004925 2243.04 0.0330917 243283 -0.100561 0.369878
0.003945 2476.84 0.0276711 243283 -0.0455946 0.335879
0.005235 1886.23 0.058722 243283 -0.109792 0.439401
0.004215 2480.43 0.0237084 243283 -0.0655989 0.335227
0.001955 1631.93 0.127039 243283 0.0524205 0.510846
0.004715 2347.89 0.0278667 243283 -0.0984121 0.353644
0.001505 1348.21 0.155611 243283 0.0619892 0.618722
0.002795 2096.55 0.0756364 243283 0.0211767 0.397331
0.002345 1861.23 0.102367 243283 0.0399337 0.447741
0.002895 2144.28 0.0701009 243283 0.0165311 0.388452
0.003955 2477.57 0.0274574 243283 -0.0463158 0.335774
0.005245 1870.41 0.0598657 243283 -0.108562 0.443109
0.001765 1513.77 0.139203 243283 0.0571845 0.550845
0.001965 1638.05 0.126398 243283 0.0521434 0.508932
0.004725 2342.86 0.0280921 243283 -0.0987888 0.354391
0.001515 1354.61 0.15499 243283 0.0618443 0.615789
0.002805 2101.36 0.0750749 243283 0.0207151 0.396418
0.004935 2238.29 0.0333427 243283 -0.100343 0.370649
0.004225 2479.22 0.0236398 243283 -0.0663257 0.335383
0.003965 2478.27 0.0272484 243283 -0.0470386 0.335674
0.005255 1854.63 0.0609985 243283 -0.107268 0.44687
0.004735 2337.82 0.0283215 243283 -0.099144 0.355142
0.001975 1644.16 0.125758 243283 0.0518638 0.507035
0.002355 1866.83 0.101748 243283 0.0395694 0.446394
0.001525 1361.01 0.154368 243283 0.0616961 0.612883
0.002815 2106.15 0.0745152 243283 0.0202535 0.395514
0.001775 1520.07 0.138564 243283 0.0569585 0.548555
0.002905 2148.95 0.0695574 243283 0.016054 0.387606
0.004945 2233.58 0.0335913 243283 -0.100112 0.371417
0.004235 2477.99 0.0235773 243283 -0.0670502 0.335543
0.003975 2478.94 0.0270442 243283 -0.0477632 0.335577
0.005265 1838.91 0.0621198 243283 -0.105915 0.450682
0.004745 2332.76 0.0285545 243283 -0.0994771 0.355898
0.002365 1872.41 0.10113 243283 0.0392027 0.445059
0.001985 1650.25 0.125118 243283 0.0515818 0.505157
0.001535 1367.41 0.153745 243283 0.0615446 0.610004
0.003525 2391.2 0.0404304 243283 -0.0173661 0.348117
0.002825 2110.92 0.0739571 243283 0.0197925 0.394617
0.001785 1526.36 0.137925 243283 0.0567297 0.546288
0.004955 2228.91 0.0338373 243283 -0.0998736 0.37218
0.002915 2153.59 0.0690158 243283 0.0155742 0.386767
0.004245 2476.73 0.0235208 243283 -0.0677723 0.335707
0.003985 2479.58 0.0268448 243283 -0.0484895 0.335484
0.005275 1823.26 0.0632285 243283 -0.104505 0.454546
0.004755 2327.71 0.028791 243283 -0.0997871 0.356658
0.002375 1877.98 0.100512 243283 0.0388338 0.443735
0.001995 1656.34 0.124478 243283 0.0512972 0.503295
0.001545 1373.81 0.153122 243283 0.0613899 0.607153
0.001795 1532.64 0.137286 243283 0.0564981 0.544042
0.002835 2115.67 0.0734008 243283 0.0193336 0.393727
0.004965 2224.29 0.0340805 243283 -0.0996342 0.37294
0.002925 2158.21 0.0684762 243283 0.0150918 0.385935
0.004255 2475.44 0.0234704 243283 -0.0684921 0.335875
0.005285 1807.67 0.0643239 243283 -0.103043 0.45846
0.003995 2480.2 0.0266504 243283 -0.0492176 0.335396
0.004765 2322.64 0.0290309 243283 -0.100073 0.357422
0.002385 1883.53 0.0998953 243283 0.0384625 0.442423
0.003535 2394.13 0.0400499 243283 -0.0179761 0.347687
0.002005 1662.42 0.123839 243283 0.0510103 0.501451
0.001555 1380.21 0.152497 243283 0.0612318 0.604328
0.001805 1538.91 0.136646 243283 0.0562636 0.541817
0.004975 2219.71 0.0343208 243283 -0.0994006 0.373697
0.002845 2120.48 0.0728463 243283 0.0188736 0.39283
0.002935 2162.82 0.0679384 243283 0.0146069 0.38511
0.004265 2474.12 0.0234263 243283 -0.0692097 0.336047
0.005295 1792.15 0.065405 243283 -0.101532 0.462424
0.004005 2480.78 0.0264608 243283 -0.0499476 0.335311
0.004775 2317.58 0.0292738 243283 -0.100334 0.358189
0.002395 1889.07 0.0992795 243283 0.0380889 0.441123
0.003545 2397.04 0.0396728 243283 -0.0185892 0.347261
0.002015 1668.48 0.123199 243283 0.0507209 0.499623
0.001565 1386.61 0.151871 243283 0.0610705 0.601531
0.001815 1545.18 0.136006 243283 0.0560263 0.539613
0.004985 2215.17 0.0345581 243283 -0.0991795 0.374449
0.002945 2167.4 0.0674027 243283 0.0141199 0.384292
0.004275 2472.77 0.0233883 243283 -0.0699251 0.336223
0.002855 2125.29 0.0722936 243283 0.0184092 0.391938
0.005305 1776.72 0.0664712 243283 -0.0999751 0.466437
0.004015 2481.33 0.0262763 243283 -0.0506796 0.335231
0.004785 2312.51 0.0295195 243283 -0.100568 0.35896
0.002405 1894.59 0.0986648 243283 0.0377129 0.439833
0.003555 2399.92 0.0392991 243283 -0.0192053 0.34684
0.002025 1674.53 0.12256 243283 0.0504291 0.497813
0.001575 1393 0.151244 243283 0.060906 0.59876
0.004995 2210.67 0.0347923 243283 -0.0989772 0.375198
0.002955 2171.97 0.0668689 243283 0.0136308 0.383481
0.001825 1551.44 0.135366 243283 0.0557862 0.53743
0.004285 2471.39 0.0233565 243283 -0.0706384 0.336403
0.002865 2130.08 0.0717427 243283 0.0179434 0.391053
0.005315 1761.37 0.0675215 243283 -0.0983768 0.470498
0.004025 2481.86 0.0260968 243283 -0.0514136 0.335154
0.002415 1900.1 0.0980511 243283 0.0373346 0.438555
0.004795 2307.45 0.0297679 243283 -0.100775 0.359733
0.003565 2402.78 0.0389287 243283 -0.0198245 0.346423
0.001585 1399.4 0.150617 243283 0.0607383 0.596015
0.002035 1680.57 0.121922 243283 0.050135 0.496019
0.002965 2176.51 0.0663371 243283 0.0131399 0.382677
0.005005 2206.22 0.0350235 243283 -0.0987997 0.375943
0.001835 1557.69 0.134726 243283 0.0555434 0.535268
0.004295 2469.98 0.0233311 243283 -0.0713496 0.336587
0.002875 2134.85 0.0711936 243283 0.0174756 0.390176
0.005325 1746.12 0.0685551 243283 -0.0967406 0.474606
0.002425 1905.59 0.0974384 243283 0.036954 0.437287
0.004035 2482.35 0.0259224 243283 -0.0521498 0.335081
0.003205 2278.32 0.054229 243283 0.000834034 0.365495
0.004045 2482.82 0.0257531 243283 -0.052888 0.335013
0.004055 2483.25 0.025589 243283 -0.0536285 0.334948
0.003215 2282.29 0.0537541 243283 0.000297579 0.364855
0.004065 2483.66 0.0254301 243283 -0.0543712 0.334888
0.003225 2286.24 0.0532819 243283 -0.000240691 0.364221
0.004075 2484.03 0.0252765 243283 -0.0551162 0.334831
0.004085 2484.37 0.0251282 243283 -0.0558636 0.334779
0.003235 2290.17 0.0528122 243283 -0.000780737 0.363593
0.004095 2484.69 0.0249853 243283 -0.0566133 0.334731
0.003245 2294.07 0.0523452 243283 -0.00132252 0.36297
0.004105 2484.97 0.0248479 243283 -0.0573653 0.334687
0.003255 2297.96 0.0518808 243283 -0.00186602 0.362352
0.004115 2485.22 0.0247159 243283 -0.0581198 0.334647
0.003265 2301.82 0.051419 243283 -0.0024112 0.36174
0.004125 2485.44 0.0245895 243283 -0.0588767 0.334611
0.003275 2305.67 0.05096 243283 -0.00295806 0.361134
0.004135 2485.63 0.0244687 243283 -0.059636 0.334579
0.003285 2309.49 0.0505037 243283 -0.00350658 0.360532
0.004145 2485.78 0.0243535 243283 -0.0603977 0.334552
0.003295 2313.29 0.0500501 243283 -0.00405676 0.359936
0.004155 2485.91 0.024244 243283 -0.0611601 0.334529
0.003305 2317.07 0.0495993 243283 -0.00460824 0.359346
0.005445 1571.91 0.0794157 243283 -0.0754668 0.527274
0.005765 978.073 0.14828 243285 -0.0279866 0.849717
5e-06 714.992 0.211667 243283 0.056622 1.17013
0.000645 854.243 0.200275 243283 0.0621479 0.978398
0.005775 960.512 0.15036 243285 -0.0257624 0.865386
0.005455 1558.24 0.0801781 243283 -0.073669 0.531916
1.5e-05 715.051 0.211662 243283 0.056625 1.17003
0.005785 943.096 0.152411 243286 -0.0234388 0.881505
0.000655 858.542 0.199914 243283 0.0622602 0.973473
0.005465 1544.71 0.0809176 243283 -0.0718667 0.536592
2.5e-05 715.172 0.211653 243283 0.0566339 1.16983
0.005795 925.842 0.154432 243289 -0.0207932 0.898091
0.000665 862.896 0.199548 243283 0.0623713 0.968536
0.005475 1531.33 0.0816345 243283 -0.0701688 0.5413
3.5e-05 715.353 0.211639 243283 0.0566469 1.16953
0.005805 911.058 0.156425 243285 -0.0193048 0.912799
0.000675 867.305 0.199176 243283 0.0624813 0.963588
0.005485 1518.09 0.0823288 243284 -0.0672732 0.546041
4.5e-05 715.597 0.211619 243283 0.0566638 1.16913
0.005815 896.479 0.158385 243285 -0.0172567 0.927798
0.000685 871.767 0.1988 243283 0.06259 0.958631
0.005495 1504.9 0.0830241 243267 -0.0811643 0.550813
5.5e-05 715.904 0.211595 243283 0.0566846 1.16863
0.005825 882.086 0.160313 243285 -0.0152561 0.943097
0.000695 876.282 0.198419 243283 0.0626973 0.953667
0.005505 1484 0.0856645 243285 -0.0938929 0.55863
6.5e-05 716.274 0.211566 243283 0.056709 1.16802
0.005835 867.878 0.162209 243285 -0.0132942 0.958702
0.000705 880.849 0.198032 243283 0.0628033 0.948698
0.005515 1463.1 0.0883105 243284 -0.0900945 0.566636
7.5e-05 716.708 0.211531 243283 0.0567371 1.16731
0.005845 853.852 0.164074 243285 -0.0113868 0.974621
0.000715 885.468 0.197641 243283 0.0629078 0.943726
0.000325 749.566 0.208901 243283 0.0584496 1.11582
0.005525 1442.29 0.0909401 243284 -0.0876897 0.574839
8.5e-05 717.206 0.211492 243283 0.0567686 1.16649
0.005855 840.005 0.165906 243285 -0.00953709 0.990863
0.000725 890.137 0.197244 243283 0.0630107 0.938751
0.005535 1421.58 0.0935535 243284 -0.0851929 0.583247
9.5e-05 717.77 0.211447 243283 0.0568036 1.16557
0.000735 894.855 0.196843 243283 0.0631118 0.933777
0.005865 826.335 0.167708 243285 -0.00774508 1.00744
0.005545 1400.96 0.0961505 243284 -0.0827137 0.591864
0.000105 718.399 0.211397 243283 0.056842 1.16454
0.000745 899.622 0.196438 243283 0.0632112 0.928805
0.005875 812.838 0.169479 243285 -0.00600789 1.02435
0.005555 1380.43 0.0987311 243284 -0.0802336 0.6007
0.000335 751.791 0.208722 243283 0.0585519 1.1125
0.000115 719.094 0.211342 243283 0.0568837 1.16341
0.000755 904.438 0.196027 243283 0.0633086 0.923835
0.005885 799.513 0.171219 243285 -0.00432167 1.04161
0.005565 1360.01 0.101295 243284 -0.0777494 0.60976
0.000125 719.856 0.211282 243283 0.0569286 1.16217
0.000345 754.086 0.208536 243283 0.058656 1.1091
0.000765 909.3 0.195612 243283 0.063404 0.918871
0.005895 786.355 0.17293 243285 -0.00268294 1.05924
0.005575 1339.69 0.103843 243284 -0.0752588 0.619051
0.000135 720.684 0.211216 243283 0.0569768 1.16082
0.000355 756.451 0.208345 243283 0.058762 1.10561
0.000775 914.21 0.195192 243283 0.0634971 0.913913
0.005905 773.362 0.174611 243285 -0.0010895 1.07723
0.005585 1319.48 0.106373 243284 -0.0727606 0.62858
0.000145 721.58 0.211145 243283 0.0570283 1.15937
0.000365 758.887 0.208147 243283 0.0588696 1.10204
0.000785 919.164 0.194768 243283 0.0635878 0.908963
0.005915 760.531 0.176262 243285 0.000461179 1.09562
0.005595 1299.37 0.108886 243284 -0.0702541 0.638354
0.000155 722.544 0.211068 243283 0.0570829 1.15782
0.000375 761.393 0.207944 243283 0.0589788 1.09839
0.000795 924.164 0.194339 243283 0.063676 0.904022
0.005925 747.858 0.177886 243285 0.00196319 1.11439
0.005605 1279.38 0.111381 243285 -0.067739 0.648381
0.000165 723.576 0.210986 243283 0.0571406 1.15615
0.000385 763.97 0.207735 243283 0.0590895 1.09467
0.000805 929.208 0.193906 243283 0.0637615 0.899092
0.005935 735.341 0.179481 243285 0.00349743 1.13358
0.005615 1259.51 0.113858 243285 -0.0652151 0.658667
0.000175 724.676 0.210898 243283 0.0572015 1.15439
0.000395 766.616 0.20752 243283 0.0592016 1.09087
0.000815 934.295 0.193468 243283 0.0638443 0.894173
0.005945 722.975 0.181048 243285 0.0047043 1.15319
0.005625 1239.76 0.116316 243285 -0.0626828 0.66922
0.000185 725.845 0.210805 243283 0.0572654 1.15252
0.000405 769.331 0.207299 243283 0.0593149 1.08699
0.000825 939.425 0.193026 243283 0.0639242 0.889267
0.005955 710.758 0.182588 243285 0.00628794 1.17324
0.005635 1220.13 0.118754 243285 -0.0601426 0.680047
0.000195 727.084 0.210706 243283 0.0573323 1.15054
0.000415 772.116 0.207072 243283 0.0594294 1.08305
0.000835 944.596 0.19258 243283 0.0640011 0.884376
0.005645 1200.64 0.121172 243285 -0.0575955 0.691156
0.005965 698.686 0.184101 243285 0.00754729 1.19374
0.000205 728.391 0.210602 243283 0.0574023 1.14846
0.000425 774.969 0.206839 243283 0.059545 1.07904
0.000845 949.808 0.192129 243283 0.0640749 0.8795
0.005655 1181.28 0.123568 243285 -0.0550427 0.702555
0.005975 686.755 0.185587 243285 0.00884458 1.21472
0.000215 729.768 0.210492 243283 0.0574751 1.14628
0.000435 777.891 0.206601 243283 0.0596615 1.07496
0.000855 955.06 0.191674 243283 0.0641457 0.874641
0.005665 1162.06 0.125942 243285 -0.052486 0.714251
0.005985 674.961 0.187047 243285 0.0101631 1.23618
0.006085 577.848 0.200191 243284 0.0210955 1.44681
0.000225 731.216 0.210376 243283 0.0575508 1.144
0.000865 960.352 0.191216 243283 0.0642134 0.8698
0.000445 780.882 0.206356 243283 0.0597789 1.07083
0.005675 1142.98 0.128293 243285 -0.0499281 0.726254
0.005995 663.306 0.188481 243287 0.0117013 1.25816
0.000235 732.733 0.210255 243283 0.0576293 1.14162
0.000875 965.682 0.190753 243283 0.064278 0.864977
0.000455 783.94 0.206106 243283 0.0598971 1.06663
0.005685 1124.05 0.13062 243285 -0.0473736 0.738571
0.006005 653.14 0.189889 243285 0.0125079 1.27799
0.000245 734.321 0.210127 243283 0.0577105 1.13913
0.000885 971.05 0.190286 243283 0.0643395 0.860173
0.000465 787.065 0.20585 243283 0.0600158 1.06237
0.005695 1105.26 0.132922 243285 -0.0448291 0.751213
0.006095 569.182 0.201362 243284 0.0220517 1.46913
0.006015 643.147 0.191269 243284 0.0136743 1.2981
0.000255 735.979 0.209995 243283 0.0577944 1.13655
0.000895 976.454 0.189815 243283 0.0643979 0.855391
0.000475 790.258 0.205588 243283 0.0601352 1.05805
0.005705 1086.63 0.135198 243285 -0.0423032 0.764188
0.006105 560.68 0.202507 243284 0.0229772 1.49171
0.006025 633.319 0.192623 243284 0.0148044 1.3185
0.000265 737.707 0.209856 243283 0.0578809 1.13387
0.000905 981.895 0.18934 243283 0.0644533 0.850629
0.000485 793.517 0.20532 243283 0.0602549 1.05368
0.005715 1068.15 0.137448 243285 -0.0398061 0.777508
0.006115 552.34 0.203627 243284 0.0238693 1.51453
0.006035 623.659 0.19395 243284 0.015916 1.33919
0.000275 739.507 0.209711 243283 0.0579699 1.13109
0.000915 987.371 0.188861 243283 0.0645057 0.84589
0.000495 796.841 0.205047 243283 0.060375 1.04926
0.005725 1049.83 0.13967 243285 -0.0373479 0.791184
0.006125 544.158 0.204721 243284 0.0247267 1.53761
0.006045 614.164 0.19525 243284 0.0170021 1.36017
0.000285 741.377 0.209561 243283 0.0580613 1.12822
0.000925 992.882 0.188379 243283 0.0645551 0.841174
0.000505 800.232 0.204768 243283 0.0604953 1.04479
0.005735 1031.66 0.141865 243285 -0.0349368 0.805229
0.006135 536.132 0.20579 243284 0.0255694 1.56094
0.000295 743.318 0.209405 243283 0.0581551 1.12526
0.006055 604.836 0.196524 243284 0.0180635 1.38142
0.000935 998.426 0.187893 243283 0.0646022 0.836482
0.000515 803.687 0.204483 243283 0.0606157 1.04028
0.005745 1013.64 0.144032 243285 -0.0325777 0.819656
0.006145 528.258 0.206834 243285 0.0264835 1.58453
0.000305 745.33 0.209243 243283 0.0582511 1.1222
0.006065 595.674 0.197772 243284 0.0191 1.40295
0.007365 367.54 0.232911 243283 0.0112307 2.29677
0.000525 807.207 0.204192 243283 0.0607362 1.03572
0.005755 995.783 0.14617 243285 -0.0302593 0.83448
0.006155 521.336 0.207851 243284 0.0270819 1.60589
0.000945 1004 0.187403 243283 0.0646463 0.831814
0.000315 747.413 0.209075 243283 0.0583493 1.11906
0.006075 586.678 0.198994 243284 0.020111 1.42475
0.000535 810.79 0.203896 243283 0.0608565 1.03111
0.006405 405.913 0.225233 243283 0.0370489 2.07174
0.000545 814.437 0.203595 243283 0.0609767 1.02647
0.007045 364.654 0.232819 243283 0.0223703 2.31467
0.000555 818.146 0.203287 243283 0.0610966 1.02179
0.006415 403.422 0.22564 243283 0.0371483 2.08482
0.006725 368.209 0.23185 243283 0.0328351 2.29059
0.007055 364.72 0.232826 243283 0.0220077 2.31427
0.000565 821.918 0.202974 243283 0.0612161 1.01708
0.006425 401.026 0.22603 243283 0.0372276 2.09757
0.005335 1730.96 0.0695713 243283 -0.0950699 0.478761
0.007065 364.781 0.232833 243283 0.0216834 2.3139
0.000575 825.751 0.202656 243283 0.0613351 1.01233
0.006435 398.721 0.226402 243283 0.037284 2.10998
0.005345 1715.9 0.0705693 243283 -0.0933683 0.482962
0.003575 2405.61 0.0385619 243283 -0.0204468 0.34601
0.007075 364.836 0.23284 243283 0.0213382 2.31357
0.000585 829.644 0.202332 243283 0.0614536 1.00756
0.006445 396.501 0.226757 243283 0.0373152 2.12208
0.005355 1700.95 0.0715485 243283 -0.0916394 0.487207
0.006735 367.911 0.231921 243283 0.0325485 2.29255
0.003585 2408.42 0.0381984 243283 -0.0210721 0.345602
0.007085 364.884 0.232846 243283 0.0209934 2.31328
0.000595 833.598 0.202002 243283 0.0615714 1.00276
0.006455 394.361 0.227096 243283 0.0373294 2.13387
0.001595 1405.79 0.149988 243283 0.0605673 0.593297
0.005365 1686.12 0.072508 243283 -0.0898865 0.491497
0.006745 367.62 0.231988 243283 0.0322555 2.29446
0.002045 1686.59 0.121283 243283 0.0498385 0.494241
0.003595 2411.2 0.0378385 243283 -0.0217004 0.345199
0.007095 364.925 0.232852 243283 0.0206476 2.31303
0.000605 837.611 0.201668 243283 0.0616885 0.997926
0.006465 392.559 0.227418 243283 0.0373111 2.14393
0.005375 1671.4 0.0734473 243283 -0.0881135 0.495829
0.006755 367.335 0.23205 243283 0.0319618 2.29634
0.002055 1692.61 0.120645 243283 0.0495397 0.49248
0.002435 1911.06 0.0968267 243283 0.036571 0.436031
0.002065 1698.61 0.120007 243283 0.0492386 0.490735
0.002975 2181.04 0.0658073 243283 0.0126473 0.38188
0.002445 1916.52 0.096216 243283 0.0361857 0.434786
0.002075 1704.6 0.11937 243283 0.0489353 0.489005
0.002455 1921.96 0.0956064 243283 0.0357981 0.433551
0.002985 2185.54 0.0652796 243283 0.0121533 0.381089
0.002085 1710.58 0.118733 243283 0.0486297 0.487292
0.005015 2201.8 0.0352517 243283 -0.0986514 0.376685
0.002465 1927.39 0.0949979 243283 0.0354081 0.432327
0.002995 2190.02 0.0647539 243283 0.0116579 0.380305
0.001845 1563.93 0.134086 243283 0.0552978 0.533126
0.002095 1716.54 0.118096 243283 0.0483219 0.485593
0.002475 1932.79 0.0943905 243283 0.0350158 0.431113
0.005025 2197.41 0.035477 243283 -0.0985633 0.377425
0.003005 2194.49 0.0642304 243283 0.0111617 0.379528
0.002105 1722.5 0.11746 243283 0.048012 0.483911
0.001855 1570.16 0.133445 243283 0.0550495 0.531004
0.002485 1938.19 0.0937842 243283 0.034621 0.42991
0.003015 2198.93 0.0637089 243282 0.0106663 0.378758
0.005035 2193.05 0.0356994 243283 -0.0978994 0.378162
0.004305 2468.55 0.0233119 243283 -0.072059 0.336774
0.001865 1576.38 0.132805 243283 0.0547985 0.528902
0.002115 1728.43 0.116824 243283 0.0476999 0.482243
0.002495 1943.56 0.0931791 243283 0.0342239 0.428717
0.003025 2203.29 0.0631896 243283 0.0101643 0.378005
0.005045 2188.42 0.03594 243250 -0.11124 0.378901
0.004315 2467.09 0.0232991 243283 -0.0727666 0.336966
0.003315 2320.82 0.0491513 243282 -0.00515905 0.35876
0.001875 1582.59 0.132164 243283 0.0545448 0.526819
0.002505 1948.92 0.0925751 243283 0.0338243 0.427534
0.002125 1734.36 0.116189 243283 0.0473856 0.480591
0.003035 2207.63 0.0626724 243283 0.00966219 0.377258
0.005055 2172.87 0.0371444 243283 -0.124196 0.381648
0.004325 2465.59 0.0232926 243283 -0.0734725 0.337162
0.001885 1588.79 0.131523 243283 0.0542884 0.524756
0.002515 1954.27 0.0919722 243283 0.0334223 0.426361
0.006165 514.584 0.208843 243284 0.0278199 1.62728
0.003325 2324.44 0.0487061 243283 -0.00571706 0.358199
0.002135 1740.27 0.115554 243283 0.0470692 0.478953
0.003045 2211.96 0.0621573 243283 0.00915824 0.376517
0.005065 2157.01 0.0383675 243283 -0.122877 0.38444
0.001895 1594.99 0.130882 243283 0.0540294 0.522713
0.004335 2464.08 0.0232925 243283 -0.074177 0.337362
0.002525 1959.59 0.0913706 243283 0.0330178 0.425199
0.003335 2328.03 0.0482638 243283 -0.00627537 0.357642
0.006175 507.996 0.209808 243284 0.0285168 1.64871
0.002145 1746.17 0.114919 243283 0.0467507 0.47733
0.003055 2216.26 0.0616445 243283 0.00865223 0.375783
0.005075 2141.14 0.0395888 243283 -0.122258 0.387275
0.001905 1601.17 0.130242 243283 0.0537677 0.520689
0.002535 1964.9 0.0907701 243283 0.0326109 0.424046
0.004345 2462.53 0.0232989 243283 -0.0748802 0.337566
0.003345 2331.6 0.0478243 243283 -0.00683615 0.35709
0.006185 501.569 0.210748 243284 0.0291886 1.67017
0.003065 2220.54 0.0611338 243283 0.00814424 0.375055
0.002155 1752.06 0.114286 243283 0.0464302 0.475722
0.005085 2125.26 0.0408083 243283 -0.121635 0.390154
0.001915 1607.34 0.129601 243283 0.0535034 0.518683
0.002545 1970.19 0.0901709 243283 0.0322014 0.422904
0.004355 2460.95 0.0233116 243283 -0.0755823 0.337774
0.003355 2335.15 0.0473877 243283 -0.00739965 0.356544
0.006195 495.3 0.211661 243284 0.0297499 1.69164
0.003075 2224.8 0.0606254 243283 0.00763432 0.374333
0.005095 2109.37 0.0420261 243283 -0.12103 0.39308
0.002165 1757.93 0.113652 243283 0.0461075 0.474128
0.002555 1975.47 0.0895729 243283 0.0317893 0.421771
0.004365 2459.35 0.0233308 243283 -0.0762835 0.337986
0.003365 2338.68 0.0469539 243283 -0.0079658 0.356002
0.006205 489.184 0.212549 243284 0.0305509 1.71312
0.000955 1009.61 0.186909 243283 0.0646872 0.827172
0.006215 483.218 0.213411 243284 0.0309086 1.73461
0.007375 367.65 0.232912 243283 0.0108831 2.29609
0.000615 841.682 0.201328 243283 0.0618047 0.993074
0.007105 364.96 0.232857 243283 0.020301 2.31283
0.007385 367.751 0.232912 243283 0.0105244 2.29545
0.003605 2413.96 0.0374821 243283 -0.0223317 0.3448
0.000625 845.812 0.200982 243283 0.0619201 0.9882
0.007115 364.988 0.232862 243283 0.0199618 2.31267
0.005385 1656.8 0.0743659 243283 -0.0863242 0.500203
0.007395 367.936 0.232913 243283 0.0101669 2.2943
0.006475 390.833 0.227726 243283 0.0372867 2.15366
0.000635 849.999 0.200631 243283 0.0620345 0.983307
0.007125 365.008 0.232866 243283 0.0196037 2.31255
0.003615 2416.7 0.0371293 243283 -0.022966 0.344405
0.005395 1642.32 0.0752631 243283 -0.0845223 0.504618
0.006765 367.056 0.232109 243283 0.0316633 2.29818
0.007405 368.112 0.232913 243283 0.00981904 2.29321
0.006485 389.176 0.228018 243283 0.0372409 2.16309
0.007135 365.112 0.23287 243283 0.0192475 2.31191
0.005105 2093.47 0.043242 243283 -0.120434 0.396052
0.003085 2229.04 0.0601192 243283 0.00712251 0.373618
0.007145 365.21 0.232874 243283 0.0189169 2.31129
0.004375 2457.72 0.0233564 243283 -0.0769842 0.338202
0.005115 2077.55 0.044456 243283 -0.11984 0.399073
0.002175 1763.79 0.11302 243283 0.0457828 0.472549
0.003375 2342.18 0.0465231 243283 -0.0085346 0.355465
0.006225 477.396 0.214248 243284 0.0315076 1.7561
0.002185 1769.64 0.112387 243283 0.0454559 0.470984
0.003385 2345.67 0.0460953 243283 -0.00910601 0.354934
0.002195 1775.47 0.111756 243283 0.045127 0.469432
0.006235 471.715 0.215059 243284 0.0319976 1.77759
0.003625 2419.41 0.03678 243283 -0.0236032 0.344015
0.003395 2349.13 0.0456705 243283 -0.00968 0.354407
0.005405 1627.97 0.0761385 243283 -0.0827121 0.509073
0.002205 1781.29 0.111125 243283 0.044796 0.467895
0.006245 466.17 0.215846 243283 0.0324697 1.79908
0.003635 2422.09 0.0364344 243283 -0.0242434 0.343629
0.003405 2352.56 0.0452486 243283 -0.0102565 0.353885
0.002215 1787.09 0.110495 243283 0.0444629 0.466371
0.006495 387.585 0.228296 243283 0.0371808 2.17222
0.005415 1613.76 0.0769917 243283 -0.0808977 0.513567
0.006255 460.756 0.216608 243284 0.0329639 1.82056
0.003645 2424.75 0.0360924 243283 -0.0248869 0.343248
0.003415 2355.98 0.0448298 243283 -0.0108356 0.353368
0.002225 1792.88 0.109865 243283 0.0441277 0.46486
0.005425 1599.67 0.0778224 243283 -0.079083 0.518099
0.006505 386.057 0.228561 243283 0.037115 2.18106
0.006265 456.075 0.217344 243283 0.0333128 1.83958
0.003655 2427.37 0.035754 243282 -0.0255298 0.342871
0.002235 1798.65 0.109236 243283 0.0437904 0.463363
0.003425 2359.37 0.0444141 243283 -0.0114172 0.352855
0.007415 368.28 0.232914 243283 0.00946382 2.29216
0.005435 1585.73 0.0786305 243283 -0.0772719 0.522669
0.006515 384.592 0.228812 243283 0.0370531 2.1896
0.003665 2429.68 0.0354193 243283 -0.0261788 0.342542
0.006275 451.538 0.218056 243283 0.0337234 1.85841
0.006775 366.783 0.232163 243283 0.0313519 2.29998
0.003095 2233.26 0.0596153 243283 0.00660884 0.372908
0.006285 447.139 0.218744 243283 0.0341055 1.87703
0.007155 365.302 0.232878 243283 0.0185713 2.31072
0.006785 366.514 0.232215 243283 0.0310255 2.30174
0.006295 442.877 0.219407 243283 0.0344632 1.89544
0.003105 2237.46 0.0591137 243283 0.00609332 0.372205
0.004385 2456.06 0.0233885 243283 -0.0776845 0.338422
0.007165 365.387 0.232881 243283 0.0182257 2.31019
0.006795 366.25 0.232263 243283 0.0306657 2.30349
0.006305 438.747 0.220047 243283 0.0347933 1.91362
0.003115 2241.64 0.0586144 243283 0.00557596 0.371507
0.004395 2454.37 0.023427 243283 -0.0783847 0.338646
0.007175 365.466 0.232884 243283 0.0178789 2.30971
0.006805 366.098 0.232308 243283 0.0303055 2.30452
0.006315 434.744 0.220663 243283 0.0350954 1.93157
0.003125 2245.8 0.0581175 243283 0.00505675 0.370816
0.004405 2452.65 0.023472 243283 -0.0790852 0.338874
0.007185 365.537 0.232887 243283 0.0175313 2.30926
0.006815 365.951 0.23235 243283 0.0299539 2.30552
0.006325 430.864 0.221257 243283 0.0353686 1.9493
0.003135 2249.94 0.0576229 243283 0.00453567 0.37013
0.004415 2450.91 0.0235235 243283 -0.0797863 0.339106
0.003435 2362.75 0.0440014 243283 -0.0120012 0.352348
0.006525 383.194 0.229051 243283 0.0369959 2.19782
0.007195 365.602 0.232889 243283 0.0171823 2.30887
0.006825 365.806 0.23239 243283 0.029611 2.3065
0.006335 427.102 0.221828 243283 0.0356267 1.9668
0.003145 2254.05 0.0571307 243283 0.00401268 0.369451
0.004425 2449.14 0.0235814 243283 -0.0804882 0.339342
0.003445 2366.09 0.0435918 243283 -0.0125877 0.351845
0.006535 381.862 0.229277 243283 0.0369237 2.20571
0.007205 365.659 0.232891 243283 0.0168391 2.30851
0.006835 365.663 0.232427 243283 0.0292891 2.30746
0.006345 423.458 0.222377 243283 0.0358962 1.98405
0.003155 2258.15 0.0566409 243283 0.00348777 0.368777
0.007425 368.438 0.232914 243283 0.00910808 2.29118
0.004435 2447.34 0.0236457 243283 -0.0811912 0.339582
0.003455 2369.42 0.0431854 243283 -0.0131766 0.351347
0.006545 380.589 0.229492 243283 0.0368094 2.21331
0.007215 365.708 0.232894 243283 0.0164803 2.30821
0.006845 365.521 0.232461 243283 0.028986 2.30842
0.006355 419.973 0.222904 243283 0.0367948 2.00085
0.003165 2262.22 0.0561536 243283 0.00296091 0.368109
0.004445 2445.51 0.0237164 243283 -0.0818958 0.339827
0.007435 368.588 0.232914 243283 0.00875174 2.29025
0.003465 2372.72 0.0427822 243283 -0.0137678 0.350854
0.006555 379.551 0.229695 243283 0.036645 2.21957
0.003675 2431.95 0.0350884 243283 -0.0268287 0.342218
0.007225 365.84 0.232896 243283 0.0161236 2.30738
0.006855 365.379 0.232493 243283 0.0286912 2.30938
0.006365 416.844 0.22341 243283 0.0370884 2.01619
0.003175 2266.28 0.0556687 243283 0.0024321 0.367447
0.004455 2443.65 0.0237936 243283 -0.0826021 0.340076
0.007445 368.727 0.232914 243283 0.00839497 2.28939
0.003475 2376 0.0423821 243283 -0.0143614 0.350366
0.006565 378.55 0.229887 243283 0.0364628 2.22564
0.003685 2434.19 0.0347611 243283 -0.0274822 0.341898
0.007235 365.967 0.232897 243283 0.0157838 2.30659
0.006865 365.235 0.232523 243283 0.0284021 2.31035
0.004465 2441.76 0.023877 243283 -0.0833105 0.340329
0.006375 413.985 0.223896 243283 0.0366863 2.03043
0.007455 368.858 0.232915 243283 0.00804214 2.28858
0.003185 2270.31 0.0551863 243283 0.00190133 0.366791
0.003485 2379.25 0.0419852 243282 -0.0149544 0.349882
0.006575 377.584 0.23007 243283 0.0362741 2.23153
0.003695 2436.41 0.0344377 243283 -0.0281394 0.341582
0.007245 366.085 0.232899 243283 0.0154331 2.30585
0.006875 365.09 0.232552 243283 0.0280862 2.31132
0.004475 2439.85 0.0239668 243283 -0.0840212 0.340587
0.006385 411.193 0.224361 243283 0.0368062 2.04453
0.007465 368.979 0.232915 243283 0.0076812 2.28783
0.003195 2274.33 0.0547063 243283 0.00136863 0.36614
0.006585 376.652 0.230242 243283 0.0360865 2.23724
0.003495 2382.28 0.0415916 243283 -0.0155547 0.349434
0.003705 2438.6 0.034118 243283 -0.0288003 0.34127
0.007255 366.196 0.232901 243283 0.0150822 2.30516
0.006885 365.044 0.232578 243283 0.0277583 2.31167
0.003505 2385.28 0.0412013 243283 -0.0161554 0.348991
0.006895 364.996 0.232602 243283 0.0274431 2.31201
0.003515 2388.25 0.0408142 243283 -0.0167592 0.348552
0.006395 408.502 0.224806 243283 0.0369309 2.0583
0.007475 369.179 0.232915 243283 0.00732231 2.28659
0.006595 375.754 0.230406 243283 0.0358958 2.24277
0.003715 2440.77 0.0338021 243283 -0.0294648 0.340962
0.006605 374.889 0.23056 243283 0.0356976 2.24812
0.007265 366.299 0.232902 243283 0.0147307 2.30451
0.006905 364.948 0.232625 243283 0.0271142 2.31237
0.006615 374.055 0.230706 243283 0.0354902 2.2533
0.003725 2442.91 0.0334901 243283 -0.030133 0.340658
0.007275 366.394 0.232903 243283 0.0143787 2.30392
0.007485 369.37 0.232915 243283 0.00697234 2.28541
0.006625 373.249 0.230843 243283 0.0352736 2.25834
0.006915 364.899 0.232646 243283 0.0267849 2.31272
0.007285 366.481 0.232905 243283 0.014032 2.30338
0.003735 2445.02 0.033182 243283 -0.0308049 0.340359
0.007495 369.553 0.232916 243283 0.00661718 2.28428
0.006635 372.627 0.230973 243283 0.0350513 2.26226
0.007295 366.56 0.232906 243283 0.0136742 2.30289
0.006925 364.847 0.232666 243283 0.0264555 2.31309
0.003745 2447.11 0.0328778 243283 -0.0314805 0.340064
0.006645 372.033 0.231095 243283 0.034829 2.26603
0.007505 369.726 0.232916 243283 0.00626209 2.28321
0.007305 366.721 0.232907 243283 0.0133194 2.30188
0.006935 364.794 0.232684 243283 0.0261262 2.31347
0.006655 371.464 0.231211 243283 0.0345981 2.26965
0.003755 2449.17 0.0325776 243283 -0.0321597 0.339773
0.007315 366.876 0.232908 243283 0.0129782 2.30091
0.007515 369.891 0.232916 243283 0.0059066 2.28219
0.006665 370.918 0.23132 243283 0.0343627 2.27313
0.006945 364.738 0.232702 243283 0.025794 2.31386
0.007325 367.023 0.232908 243283 0.0126294 2.29999
0.003765 2451.2 0.0322813 243283 -0.0328427 0.339486
0.007525 370.046 0.232916 243283 0.0055508 2.28124
0.006675 370.395 0.231422 243283 0.0341251 2.27647
0.007335 367.163 0.232909 243283 0.0122809 2.29912
0.006955 364.678 0.232718 243283 0.0254766 2.31427
0.003775 2453.21 0.0319891 243283 -0.0335293 0.339204
0.006685 369.895 0.231519 243283 0.0338861 2.27968
0.007345 367.297 0.23291 243283 0.0119316 2.29829
0.007535 370.192 0.232916 243283 0.00519466 2.28034
0.006965 364.614 0.232733 243283 0.0251209 2.31471
0.006695 369.416 0.231609 243283 0.0336426 2.28276
0.003785 2455.18 0.031701 243283 -0.0342196 0.338926
0.007355 367.422 0.232911 243283 0.0115818 2.2975
0.007545 370.329 0.232916 243283 0.00483816 2.27949
0.006975 364.639 0.232746 243283 0.0247684 2.31459
0.006705 368.958 0.231695 243283 0.0333903 2.28571
0.003795 2457.13 0.0314169 243283 -0.0349136 0.338652
0.006715 368.516 0.231775 243283 0.0331191 2.28857
0.007555 370.457 0.232916 243283 0.00448131 2.27871
0.006985 364.66 0.232759 243283 0.0244468 2.31448
0.003805 2459.05 0.031137 243283 -0.0356113 0.338382
0.007565 370.575 0.232916 243283 0.00412412 2.27799
0.006995 364.676 0.232771 243283 0.0241075 2.31441
0.003815 2460.94 0.0308612 243283 -0.0363127 0.338117
0.007575 370.683 0.232917 243283 0.00376661 2.27732
0.007005 364.685 0.232782 243283 0.0237645 2.31438
0.003825 2462.81 0.0305896 243283 -0.0370179 0.337856
0.007585 370.782 0.232917 243283 0.00340882 2.27671
0.007015 364.688 0.232792 243283 0.023412 2.31439
0.003835 2464.64 0.0303223 243283 -0.0377267 0.3376
0.007595 370.871 0.232917 243283 0.00305077 2.27617
0.007025 364.683 0.232802 243283 0.0230574 2.31444
0.007605 370.95 0.232917 243283 0.00269251 2.27568
0.007035 364.672 0.232811 243283 0.0227261 2.31453
0.007615 371.02 0.232917 243283 0.00233408 2.27525
0.007625 371.08 0.232917 243283 0.00197555 2.27489
0.007635 371.13 0.232917 243283 0.001617 2.27458
0.007645 371.17 0.232917 243283 0.00125876 2.27434
0.007655 371.199 0.232917 243283 0.000901033 2.27415
0.007665 371.219 0.232917 243283 0.000549736 2.27403
0.007675 371.229 0.232917 243283 0.000179616 2.27397
