0.006405 2272.45 0.0421761 448775 -0.348193 0.670716
0.006415 2274.31 0.0418983 448775 -0.348385 0.670147
0.006425 2276.19 0.0416212 448775 -0.348591 0.669574
0.006435 2278.09 0.0413452 448775 -0.348817 0.668995
0.006445 2280 0.0410708 448775 -0.349072 0.668412
0.006455 2281.93 0.0407985 448775 -0.349364 0.667826
0.006465 2283.86 0.0405291 448775 -0.349702 0.66724
0.006475 2285.78 0.0402634 448775 -0.350093 0.666656
0.006485 2287.7 0.0400024 448775 -0.350544 0.666076
0.006495 2289.59 0.039747 448775 -0.351061 0.665502
0.006505 2291.44 0.0394982 448775 -0.351659 0.664938
0.006515 2293.26 0.0392573 448775 -0.352057 0.664387
0.006525 2294.8 0.0390411 448738 -0.36085 0.663861
0.006535 2284.64 0.0398836 448775 -0.368737 0.666839
0.006545 2274.46 0.0407262 448775 -0.367348 0.669794
0.006555 2264.45 0.0415567 448775 -0.366467 0.672729
0.006565 2254.59 0.0423765 448775 -0.365674 0.675644
0.006575 2244.86 0.0431868 448775 -0.364974 0.678545
0.006585 2235.25 0.0439886 448775 -0.364355 0.681432
0.006595 2225.76 0.0447828 448775 -0.363803 0.68431
0.006605 2216.37 0.0455699 448775 -0.363302 0.687181
0.006615 2207.07 0.0463503 448775 -0.362829 0.690044
0.006625 2197.88 0.0471244 448775 -0.362361 0.6929
0.006635 2188.79 0.0478921 448775 -0.361871 0.695749
0.006645 2179.8 0.0486533 448775 -0.361332 0.698587
0.006655 2170.92 0.0494077 448775 -0.360721 0.70141
0.006665 2162.18 0.0501549 448775 -0.36003 0.704213
0.006675 2153.59 0.0508943 448775 -0.359271 0.706991
0.006685 2145.15 0.0516254 448775 -0.358489 0.70974
0.006695 2136.86 0.0523474 448775 -0.357757 0.712458
0.006705 2128.72 0.0530597 448775 -0.357168 0.71515
0.006715 2120.68 0.0537614 448775 -0.356839 0.717826
0.006085 2219.17 0.0507112 448775 -0.339009 0.687417
0.006095 2220.79 0.0504679 448775 -0.339361 0.686897
0.005125 2186.32 0.0657232 448775 -0.307671 0.699606
0.006105 2222.41 0.0502224 448775 -0.339708 0.686378
0.006115 2224.03 0.0499748 448775 -0.340051 0.685861
0.006125 2225.64 0.0497252 448775 -0.340389 0.685344
0.005135 2185.97 0.0656245 448775 -0.308069 0.699698
0.005765 2186.61 0.0573509 448775 -0.328802 0.698256
0.006135 2227.26 0.0494735 448775 -0.340724 0.684829
0.005145 2185.61 0.0655251 448775 -0.30843 0.699791
0.002565 2088.58 0.103576 448776 -0.198582 0.736101
0.006145 2228.88 0.0492199 448775 -0.341056 0.684313
0.005155 2185.26 0.065425 448775 -0.308771 0.699884
0.006155 2230.5 0.0489644 448775 -0.341384 0.683799
0.002575 2091.04 0.103306 448776 -0.199091 0.735233
0.005165 2184.91 0.0653242 448775 -0.309106 0.699978
0.005775 2187.05 0.057175 448775 -0.329103 0.698098
0.006165 2232.12 0.0487071 448775 -0.341711 0.683284
0.005175 2184.55 0.0652226 448775 -0.309443 0.700071
0.002585 2093.47 0.103037 448776 -0.1996 0.734377
0.001605 1781.51 0.133968 448776 -0.157809 0.862592
0.005785 2187.49 0.0569972 448775 -0.329399 0.697937
0.006175 2233.74 0.0484479 448775 -0.342034 0.682769
0.005185 2184.19 0.0651203 448775 -0.309784 0.700165
0.002595 2095.87 0.102769 448776 -0.20011 0.733533
0.004805 2199.76 0.0686187 448775 -0.296858 0.695972
0.005795 2187.95 0.0568176 448775 -0.329692 0.697773
0.006185 2235.37 0.048187 448775 -0.342356 0.682254
0.005195 2183.84 0.0650173 448775 -0.310128 0.700259
0.002605 2098.24 0.102502 448776 -0.20062 0.732702
0.005805 2188.42 0.0566368 448776 -0.330009 0.697607
0.006195 2237 0.0479245 448775 -0.342675 0.681739
0.005205 2183.48 0.0649134 448775 -0.310471 0.700353
0.002615 2100.58 0.102236 448776 -0.201132 0.731882
0.001615 1785.36 0.13362 448776 -0.158151 0.860743
0.005815 2189.39 0.0564534 448775 -0.330341 0.697275
0.006205 2238.63 0.0476603 448775 -0.342993 0.681224
0.005215 2183.13 0.0648087 448775 -0.310813 0.700447
0.002625 2102.89 0.101971 448776 -0.201644 0.731075
0.004815 2199.34 0.0685332 448775 -0.297236 0.696086
0.001625 1789.2 0.133272 448776 -0.158493 0.858905
0.003205 2197.13 0.0886133 448776 -0.230543 0.699329
0.005825 2190.37 0.056268 448775 -0.330694 0.696945
0.006215 2240.27 0.0473947 448775 -0.343309 0.680708
0.005225 2182.77 0.0647033 448775 -0.311153 0.700541
0.002635 2105.17 0.101708 448776 -0.202158 0.730279
0.004825 2198.91 0.0684474 448775 -0.297614 0.696202
0.001635 1793.03 0.132924 448776 -0.158836 0.857079
0.005835 2191.35 0.0560807 448775 -0.331042 0.696614
0.006225 2241.91 0.0471276 448775 -0.343624 0.680192
0.005235 2182.42 0.0645969 448775 -0.311491 0.700635
0.002645 2107.42 0.101445 448776 -0.202682 0.729495
0.004835 2198.48 0.0683616 448775 -0.297991 0.696319
0.001645 1796.86 0.132577 448776 -0.15918 0.855264
0.005845 2192.33 0.0558915 448775 -0.331384 0.696284
0.006235 2243.55 0.0468592 448775 -0.343938 0.679676
0.003215 2198.08 0.0884171 448776 -0.231008 0.699014
0.005245 2182.06 0.0644898 448775 -0.311828 0.700728
0.005445 2178.63 0.0621447 448775 -0.318498 0.701434
0.002655 2109.7 0.101184 448776 -0.203196 0.728703
0.004845 2198.04 0.0682755 448775 -0.298367 0.696437
0.001655 1800.68 0.13223 448776 -0.159525 0.853459
0.005855 2193.31 0.0557002 448775 -0.331721 0.695954
0.006245 2245.2 0.0465895 448775 -0.344251 0.679158
0.003225 2199.02 0.088222 448776 -0.231471 0.698706
0.005255 2181.71 0.0643817 448775 -0.312162 0.700821
0.002665 2111.95 0.100924 448776 -0.203715 0.727923
0.004855 2197.6 0.0681893 448775 -0.298744 0.696557
0.001665 1804.49 0.131883 448776 -0.159872 0.851666
0.005865 2194.29 0.055507 448775 -0.332053 0.695624
0.006255 2246.86 0.0463187 448775 -0.344564 0.678641
0.003235 2199.97 0.0880281 448776 -0.231907 0.698396
0.005265 2181.36 0.0642728 448775 -0.312495 0.700914
0.002675 2114.17 0.100665 448776 -0.204233 0.727155
0.004865 2197.16 0.0681028 448775 -0.299121 0.696678
0.001675 1808.29 0.131536 448776 -0.16022 0.849885
0.005875 2195.27 0.0553117 448775 -0.332381 0.695293
0.006265 2248.51 0.0460469 448775 -0.34488 0.678123
0.005455 2178.56 0.0620161 448775 -0.318823 0.701436
0.001925 1900.02 0.123033 448776 -0.169704 0.80904
0.005275 2181.01 0.064163 448775 -0.312826 0.701006
0.003245 2200.89 0.0878353 448776 -0.23233 0.698092
0.002685 2116.36 0.100408 448776 -0.20475 0.726399
0.004875 2196.71 0.0680161 448775 -0.299497 0.6968
0.001685 1812.08 0.13119 448776 -0.16057 0.848114
0.005885 2196.26 0.0551144 448775 -0.332705 0.694962
0.006275 2250.17 0.0457741 448775 -0.345202 0.677604
0.005465 2178.5 0.0618863 448775 -0.319146 0.701436
0.005285 2180.66 0.0640523 448775 -0.313155 0.701097
0.003255 2201.8 0.0876436 448776 -0.232731 0.697795
0.002695 2118.52 0.100151 448776 -0.205267 0.725654
0.004885 2196.26 0.0679291 448775 -0.29987 0.696924
0.001695 1815.87 0.130845 448776 -0.160922 0.846355
0.005895 2197.25 0.054915 448775 -0.333025 0.69463
0.006285 2251.8 0.0455004 448775 -0.345492 0.677096
0.005475 2178.44 0.0617553 448775 -0.319465 0.701435
0.005295 2180.32 0.0639406 448775 -0.313482 0.701187
0.003265 2202.68 0.087453 448776 -0.233107 0.697504
0.002705 2120.65 0.0998956 448776 -0.205783 0.724922
0.004895 2195.8 0.0678419 448775 -0.300236 0.697048
0.001705 1819.65 0.130499 448776 -0.161278 0.844607
0.001935 1903.53 0.122701 448776 -0.170106 0.807556
0.005905 2198.25 0.0547135 448775 -0.333339 0.694297
0.001285 1656.36 0.145142 448776 -0.14766 0.927394
0.006295 2253.44 0.0452259 448775 -0.345778 0.676586
0.005485 2178.38 0.0616231 448775 -0.319783 0.701433
0.005305 2179.98 0.063828 448775 -0.313798 0.701277
0.003275 2203.54 0.0872635 448775 -0.233457 0.69722
0.002715 2122.75 0.0996413 448776 -0.2063 0.7242
0.004905 2195.34 0.0677544 448775 -0.300593 0.697175
0.001715 1823.42 0.130154 448776 -0.161636 0.842871
0.001945 1907.02 0.12237 448776 -0.17051 0.806083
0.005915 2199.24 0.0545099 448775 -0.333649 0.693963
0.006305 2255.09 0.0449507 448775 -0.346053 0.676074
0.005495 2178.33 0.0614897 448775 -0.320097 0.70143
0.005315 2179.65 0.0637153 448776 -0.314139 0.701365
0.003285 2204.39 0.0870752 448775 -0.233781 0.696943
0.002725 2124.82 0.0993883 448776 -0.206825 0.72349
0.004915 2194.88 0.0676666 448775 -0.300949 0.697302
0.001725 1827.17 0.12981 448776 -0.161997 0.841145
0.001955 1910.49 0.122039 448776 -0.170915 0.804622
0.005925 2200.24 0.0543041 448775 -0.333955 0.693629
0.006315 2256.74 0.0446749 448775 -0.346315 0.675559
0.005505 2178.29 0.061355 448775 -0.320408 0.701425
0.005325 2179.57 0.0636007 448775 -0.314489 0.70137
0.003525 2219.37 0.0828826 448775 -0.244181 0.691953
0.003295 2205.21 0.0868879 448775 -0.23408 0.696671
0.002735 2126.9 0.0991364 448776 -0.207339 0.722778
0.004925 2194.41 0.0675785 448775 -0.301327 0.697431
0.001295 1660.28 0.144795 448776 -0.147953 0.925213
0.001735 1830.92 0.129466 448776 -0.162361 0.839432
0.001965 1913.95 0.121709 448776 -0.171322 0.803173
0.005935 2201.25 0.0540962 448775 -0.334257 0.693293
0.006325 2258.41 0.0443986 448775 -0.346564 0.675041
0.005515 2178.25 0.061219 448775 -0.320717 0.701418
0.005335 2179.49 0.0634852 448775 -0.314839 0.701376
0.003305 2206.01 0.0867018 448775 -0.234358 0.696406
0.002745 2128.94 0.0988856 448776 -0.207857 0.722078
0.004935 2193.94 0.06749 448775 -0.301773 0.697561
0.001305 1664.21 0.144449 448776 -0.148247 0.923042
0.001745 1834.66 0.129122 448776 -0.162728 0.837729
0.001975 1917.4 0.12138 448776 -0.171731 0.801736
0.005945 2202.26 0.0538861 448775 -0.334556 0.692956
0.006335 2260.1 0.0441217 448775 -0.346801 0.674519
0.005525 2178.22 0.0610818 448775 -0.321023 0.701409
0.005345 2179.4 0.0633687 448775 -0.315188 0.701382
0.003315 2206.8 0.0865168 448775 -0.234622 0.696147
0.002885 2154.96 0.0954983 448776 -0.214966 0.713283
0.002755 2130.96 0.0986361 448776 -0.208374 0.721389
0.004945 2193.46 0.0674012 448776 -0.302352 0.697692
0.003535 2219.81 0.0827212 448775 -0.244673 0.691804
0.001315 1668.14 0.144101 448776 -0.148542 0.92088
0.001755 1838.39 0.128779 448776 -0.163098 0.836038
0.001985 1920.83 0.121051 448776 -0.172142 0.80031
0.005955 2203.28 0.0536738 448775 -0.334853 0.692618
0.006345 2261.8 0.0438445 448775 -0.347026 0.673993
0.005535 2178.19 0.0609434 448775 -0.321326 0.701398
0.005355 2179.32 0.0632511 448775 -0.315531 0.701389
0.003325 2207.56 0.0863329 448775 -0.234878 0.695895
0.002765 2132.95 0.0983877 448776 -0.208889 0.720712
0.004955 2192.99 0.067312 448776 -0.303123 0.697824
0.003545 2220.23 0.0825609 448775 -0.245151 0.691659
0.001325 1672.07 0.143754 448776 -0.148838 0.918727
0.001765 1842.11 0.128437 448776 -0.163471 0.834358
0.001995 1924.24 0.120724 448776 -0.172554 0.798896
0.005965 2204.29 0.0534593 448775 -0.33515 0.692279
0.006355 2263.52 0.0435669 448775 -0.347239 0.673462
0.005545 2178.18 0.060805 448776 -0.32165 0.701385
0.005365 2179.24 0.0631325 448775 -0.315869 0.701395
0.003335 2208.31 0.0861501 448775 -0.235134 0.695648
0.002245 2003.41 0.112808 448776 -0.183407 0.76741
0.002775 2134.91 0.0981405 448776 -0.209404 0.720045
0.004965 2192.5 0.0672224 448776 -0.304115 0.697958
0.002895 2156.63 0.0952651 448776 -0.215466 0.712722
0.003555 2220.64 0.0824016 448775 -0.245616 0.69152
0.001335 1676.01 0.143406 448776 -0.149136 0.916584
0.001775 1845.82 0.128095 448776 -0.163846 0.83269
0.002005 1927.64 0.120397 448776 -0.172968 0.797493
0.005975 2205.32 0.0532425 448775 -0.335447 0.691939
0.006365 2265.26 0.043289 448775 -0.347442 0.672925
0.005555 2178.53 0.0606636 448775 -0.321981 0.70125
0.005375 2179.16 0.0630129 448775 -0.316203 0.701401
0.003345 2209.04 0.0859684 448775 -0.235399 0.695407
0.002785 2136.84 0.0978944 448776 -0.209917 0.719389
0.004975 2192.02 0.0671324 448777 -0.305289 0.698092
0.002905 2158.28 0.0950331 448776 -0.215952 0.712171
0.003565 2221.03 0.0822433 448775 -0.246072 0.691385
0.001345 1679.94 0.143058 448776 -0.149435 0.91445
0.001785 1849.52 0.127753 448776 -0.164224 0.831033
0.002015 1931.01 0.120071 448776 -0.173384 0.796103
0.005985 2206.35 0.0530236 448775 -0.335745 0.691597
0.006375 2267.02 0.0430108 448775 -0.347636 0.672382
0.003845 2226.72 0.0782133 448775 -0.258228 0.689223
0.005565 2178.89 0.0605209 448775 -0.322327 0.701114
0.005385 2179.08 0.0628922 448775 -0.316534 0.701408
0.004485 2213.41 0.0713706 448775 -0.284539 0.692288
0.003355 2209.75 0.0857878 448775 -0.235683 0.695172
0.002795 2138.75 0.0976495 448776 -0.21043 0.718744
0.004985 2191.54 0.0670421 448777 -0.306526 0.698228
0.002255 2006.3 0.112504 448776 -0.183864 0.766307
0.002915 2159.91 0.0948023 448776 -0.216441 0.711628
0.003575 2221.41 0.0820861 448775 -0.246521 0.691254
0.001355 1683.87 0.142709 448776 -0.149735 0.912326
0.001795 1853.2 0.127412 448776 -0.164604 0.829387
0.002025 1934.38 0.119745 448776 -0.173802 0.794724
0.005995 2207.38 0.0528024 448775 -0.336043 0.691254
0.006385 2268.81 0.0427325 448775 -0.347823 0.671833
0.005575 2179.25 0.0603767 448775 -0.322671 0.700979
0.005395 2179 0.0627704 448775 -0.316862 0.701413
0.003365 2210.44 0.0856083 448774 -0.235993 0.694943
0.002805 2140.62 0.0974058 448776 -0.210949 0.718109
0.004995 2191.05 0.0669512 448778 -0.307644 0.698364
0.004495 2213.05 0.0712818 448775 -0.284936 0.692383
0.002925 2161.51 0.0945726 448776 -0.216929 0.711094
0.002265 2009.16 0.1122 448776 -0.184325 0.765216
0.004165 2223.32 0.074455 448775 -0.271596 0.689766
0.003585 2221.77 0.0819299 448775 -0.246964 0.691129
0.003855 2226.77 0.0780831 448775 -0.258654 0.689192
0.001365 1687.81 0.14236 448776 -0.150037 0.910212
0.001805 1856.88 0.127072 448776 -0.164986 0.827753
0.002035 1937.72 0.119421 448776 -0.174222 0.793357
0.006395 2270.62 0.0424542 448775 -0.348007 0.671278
0.006005 2208.42 0.0525789 448775 -0.336343 0.69091
0.005585 2179.61 0.0602312 448775 -0.323012 0.700844
0.002815 2142.51 0.0971633 448776 -0.211457 0.717471
0.005405 2178.92 0.0626475 448775 -0.31719 0.701419
0.005005 2190.56 0.0668599 448778 -0.30844 0.6985
0.003375 2211.12 0.0854299 448774 -0.236335 0.694719
0.004505 2212.69 0.0711932 448775 -0.285332 0.692479
0.002935 2163.08 0.0943442 448776 -0.217417 0.710569
0.002275 2012 0.111898 448776 -0.184788 0.764137
0.003595 2222.11 0.0817747 448775 -0.247404 0.691008
0.000965 1533.74 0.155854 448777 -0.140917 1.0011
5e-06 1311.7 0.174837 448777 -0.124895 1.16957
0.003605 2222.45 0.0816205 448775 -0.247842 0.690891
0.003615 2222.76 0.0814673 448775 -0.248278 0.690779
1.5e-05 1311.77 0.174831 448777 -0.124899 1.1695
0.003625 2223.07 0.0813152 448775 -0.248714 0.690672
0.000975 1537.42 0.155535 448777 -0.140691 0.998718
2.5e-05 1311.93 0.174818 448777 -0.12491 1.16937
0.003635 2223.35 0.081164 448775 -0.24915 0.690569
0.000985 1541.12 0.155214 448777 -0.140483 0.996335
3.5e-05 1312.16 0.174798 448777 -0.124929 1.16916
0.006725 2112.59 0.0544486 448749 -0.35652 0.720499
0.003645 2223.63 0.0810138 448775 -0.249586 0.69047
0.000995 1544.83 0.154893 448776 -0.140342 0.993955
4.5e-05 1312.46 0.174772 448777 -0.124954 1.1689
0.007365 1021.85 0.150753 448794 -0.123201 1.49582
0.003655 2223.89 0.0808646 448775 -0.250022 0.690376
5.5e-05 1312.84 0.174741 448777 -0.124986 1.16857
0.001005 1548.55 0.15457 448776 -0.140298 0.991578
0.003665 2224.13 0.0807165 448775 -0.250458 0.690286
6.5e-05 1313.28 0.174703 448777 -0.125024 1.16817
0.001015 1552.28 0.154246 448776 -0.14036 0.989206
0.006735 2096.12 0.0551279 448775 -0.355591 0.726169
0.003675 2224.36 0.0805692 448775 -0.250895 0.690201
7.5e-05 1313.79 0.174659 448777 -0.125068 1.16772
0.001025 1556.03 0.15392 448776 -0.140518 0.986837
0.007375 982.4 0.155158 448795 -0.114082 1.5564
0.006745 2079.66 0.055796 448775 -0.354587 0.731883
0.007045 1627.43 0.0803779 448777 -0.280962 0.934433
0.003685 2224.58 0.080423 448775 -0.251331 0.69012
8.5e-05 1314.37 0.17461 448777 -0.125118 1.16721
0.001035 1559.79 0.153594 448776 -0.140749 0.984473
0.007385 944.266 0.159416 448795 -0.105424 1.6198
0.006755 2063.29 0.0564519 448775 -0.353783 0.737655
0.000645 1425.4 0.165171 448777 -0.132954 1.07676
9.5e-05 1315.02 0.174555 448777 -0.125174 1.16664
0.003695 2224.78 0.0802778 448775 -0.251768 0.690043
0.001045 1563.56 0.153266 448776 -0.141023 0.982113
0.007395 907.441 0.163525 448795 -0.0965468 1.68612
0.006765 2046.99 0.0570946 448775 -0.353017 0.743491
0.000105 1315.73 0.174495 448777 -0.125235 1.16601
0.003705 2224.97 0.0801335 448775 -0.252204 0.68997
0.001055 1567.34 0.152938 448776 -0.141317 0.979758
0.007405 871.992 0.167479 448798 -0.086731 1.75531
0.006775 2030.78 0.057723 448775 -0.35217 0.74939
0.007055 1613.89 0.0816364 448776 -0.275748 0.942302
0.000115 1316.51 0.174429 448777 -0.125302 1.16533
0.003715 2225.14 0.0799902 448775 -0.252639 0.689902
0.001065 1571.13 0.152608 448776 -0.14161 0.977408
0.007415 841.98 0.171276 448790 -0.0818633 1.81851
0.006785 2014.68 0.0583361 448776 -0.35114 0.755344
0.000325 1345.49 0.171973 448777 -0.127602 1.14037
0.000655 1428.44 0.164911 448777 -0.133147 1.07448
0.007065 1601.31 0.0828164 448776 -0.270637 0.949736
0.000125 1317.34 0.174359 448777 -0.125374 1.16459
0.003725 2225.3 0.0798479 448775 -0.253074 0.689838
0.001075 1574.93 0.152277 448776 -0.141895 0.975064
0.007425 813.359 0.174905 448790 -0.0751018 1.8832
0.006795 1998.73 0.0589327 448776 -0.349872 0.761338
0.003865 2226.81 0.0779539 448775 -0.259079 0.689165
0.000665 1431.5 0.16465 448777 -0.133341 1.0722
0.007075 1589.68 0.0839195 448776 -0.265655 0.956723
0.000135 1318.24 0.174282 448777 -0.12545 1.1638
0.003735 2225.45 0.0797065 448775 -0.253507 0.689778
0.001085 1578.74 0.151945 448776 -0.142167 0.972724
0.007435 786.096 0.178366 448789 -0.0687503 1.94925
0.006805 1982.97 0.0595118 448776 -0.348348 0.767353
0.000675 1434.58 0.164386 448777 -0.133537 1.0699
0.007085 1578.98 0.0849479 448775 -0.260906 0.963251
0.003875 2226.84 0.0778256 448775 -0.259504 0.689141
0.000145 1319.2 0.174201 448777 -0.125532 1.16297
0.000335 1347.4 0.171811 448777 -0.127743 1.13876
0.003745 2225.58 0.0795661 448775 -0.253939 0.689722
0.005015 2190.07 0.0667684 448779 -0.308802 0.698637
0.001095 1582.55 0.151612 448776 -0.142431 0.970391
0.000685 1437.7 0.164119 448777 -0.133734 1.0676
0.006815 1967.45 0.0600723 448776 -0.346584 0.773369
0.007445 760.172 0.181656 448788 -0.0626402 2.0165
0.007095 1569.18 0.0859044 448776 -0.255679 0.969317
0.003885 2226.85 0.0776986 448775 -0.259929 0.689121
0.000155 1320.21 0.174115 448777 -0.125617 1.16208
0.003755 2225.71 0.0794267 448775 -0.254379 0.68967
0.000345 1349.36 0.171645 448777 -0.127885 1.13711
0.001105 1586.38 0.151279 448776 -0.142689 0.968063
0.005025 2189.74 0.0666761 448778 -0.308667 0.69872
0.000695 1440.84 0.16385 448777 -0.133933 1.06528
0.001375 1691.74 0.142011 448776 -0.15034 0.908108
0.006825 1952.22 0.0606132 448776 -0.344615 0.779368
0.007455 735.563 0.184774 448787 -0.0571424 2.08475
0.007105 1560.03 0.0868098 448718 -0.262326 0.974931
0.003895 2226.86 0.0775729 448775 -0.260353 0.689105
0.000165 1321.29 0.174025 448777 -0.125707 1.16114
0.003765 2225.87 0.0792882 448775 -0.254805 0.689605
0.001115 1590.22 0.150944 448776 -0.142947 0.965741
0.000355 1351.36 0.171476 448777 -0.12803 1.13544
0.005035 2189.41 0.0665834 448777 -0.308131 0.698804
0.000705 1444 0.16358 448777 -0.134133 1.06296
0.006835 1937.31 0.0611334 448776 -0.342476 0.785331
0.001385 1695.67 0.141662 448776 -0.150646 0.906013
0.007465 712.245 0.18772 448787 -0.0512906 2.15383
0.007115 1527.63 0.0901318 448779 -0.265643 0.995814
0.003905 2226.85 0.0774475 448775 -0.260777 0.689092
0.000175 1322.42 0.173929 448777 -0.125801 1.16015
0.003775 2226.02 0.0791506 448775 -0.255236 0.689544
0.001125 1594.06 0.150609 448776 -0.143207 0.963426
0.000365 1353.4 0.171302 448777 -0.128177 1.13374
0.005045 2189.08 0.0664901 448776 -0.307387 0.698889
0.000715 1447.19 0.163306 448777 -0.134335 1.06063
0.006845 1922.75 0.0616319 448776 -0.340202 0.79124
0.001395 1699.6 0.141313 448776 -0.150953 0.903929
0.001815 1860.54 0.126732 448776 -0.165371 0.82613
0.003915 2226.83 0.0773226 448775 -0.261199 0.689082
0.007125 1496.24 0.0933563 448779 -0.256271 1.01679
0.007475 690.224 0.190492 448787 -0.0454441 2.2234
0.000185 1323.6 0.173829 448777 -0.125899 1.15912
0.003785 2226.16 0.0790139 448775 -0.255667 0.689487
0.001135 1597.91 0.150272 448776 -0.14347 0.961117
0.000375 1355.48 0.171126 448777 -0.128326 1.13201
0.005055 2188.74 0.0663963 448776 -0.306662 0.698975
0.000725 1450.4 0.163031 448777 -0.134539 1.05829
0.006855 1908.59 0.0621078 448776 -0.337816 0.79708
0.001405 1703.53 0.140963 448776 -0.151263 0.901855
0.003925 2226.8 0.0771985 448775 -0.26162 0.689076
0.001825 1864.2 0.126392 448776 -0.165757 0.824519
0.000195 1324.84 0.173724 448777 -0.126001 1.15804
0.007485 671.839 0.193091 448783 -0.0420696 2.28508
0.007135 1466.06 0.0964667 448778 -0.248539 1.03782
0.003795 2226.28 0.0788782 448775 -0.256096 0.689434
0.000385 1357.6 0.170946 448777 -0.128476 1.13025
0.001145 1601.77 0.149935 448776 -0.143736 0.958815
0.005065 2188.4 0.0663019 448775 -0.306142 0.699063
0.000735 1453.64 0.162753 448777 -0.134744 1.05595
0.006865 1894.83 0.0625602 448776 -0.335333 0.802834
0.001415 1707.46 0.140613 448776 -0.151574 0.899791
0.003935 2226.76 0.0770752 448775 -0.262042 0.689073
0.001835 1867.84 0.126054 448776 -0.166146 0.822919
0.000205 1326.13 0.173614 448777 -0.126106 1.15692
0.007495 654.708 0.195514 448782 -0.0378478 2.34574
0.000395 1359.76 0.170762 448777 -0.128628 1.12846
0.003805 2226.39 0.0787433 448775 -0.256523 0.689384
0.007145 1437.1 0.099463 448778 -0.241077 1.05885
0.001155 1605.64 0.149597 448776 -0.144005 0.95652
0.005075 2188.06 0.066207 448775 -0.305926 0.699151
0.000745 1456.9 0.162474 448777 -0.134951 1.0536
0.001425 1711.39 0.140264 448776 -0.151888 0.897738
0.006875 1881.5 0.0629879 448776 -0.332746 0.808488
0.003945 2226.71 0.0769527 448775 -0.262462 0.689074
0.001845 1871.47 0.125715 448776 -0.166535 0.821331
0.000215 1327.47 0.1735 448777 -0.126215 1.15576
0.007505 638.79 0.197762 448781 -0.0339473 2.40506
0.000405 1361.96 0.170575 448777 -0.128782 1.12664
0.003815 2226.49 0.0786095 448775 -0.25695 0.689339
0.007155 1409.34 0.102344 448778 -0.23393 1.07984
0.001165 1609.51 0.149258 448776 -0.144276 0.954232
0.005085 2187.71 0.0661115 448775 -0.306013 0.699241
0.000755 1460.19 0.162192 448777 -0.13516 1.05124
0.001435 1715.32 0.139914 448776 -0.152203 0.895694
0.006885 1868.63 0.0633893 448776 -0.330005 0.814021
0.003955 2226.64 0.076831 448775 -0.262883 0.689078
0.001855 1875.08 0.125378 448776 -0.166927 0.819754
0.000225 1328.87 0.173382 448777 -0.126327 1.15455
0.007515 624.043 0.19984 448780 -0.0303182 2.46276
0.000415 1364.2 0.170385 448777 -0.128938 1.1248
0.003825 2226.58 0.0784765 448775 -0.257377 0.689296
0.007165 1382.8 0.10511 448778 -0.227035 1.1007
0.001175 1613.39 0.148919 448776 -0.144549 0.951952
0.005095 2187.37 0.0660153 448775 -0.306327 0.699331
0.000765 1463.5 0.161908 448777 -0.135369 1.04888
0.001445 1719.24 0.139564 448776 -0.15252 0.893661
0.006895 1856.27 0.0637606 448776 -0.326955 0.819409
0.003965 2226.57 0.0767101 448775 -0.263302 0.689086
0.001865 1878.68 0.125041 448776 -0.16732 0.818189
0.000235 1330.32 0.173259 448777 -0.126443 1.1533
0.000425 1366.48 0.170191 448777 -0.129096 1.12294
0.003835 2226.66 0.0783445 448775 -0.257803 0.689258
0.007525 610.422 0.201751 448780 -0.0268801 2.51857
0.007175 1357.49 0.107757 448778 -0.220332 1.12138
0.001185 1617.27 0.148578 448776 -0.144823 0.949679
0.005105 2187.02 0.0659186 448775 -0.306763 0.699422
0.000775 1466.83 0.161622 448777 -0.13558 1.04651
0.001455 1723.16 0.139213 448776 -0.152839 0.891639
0.006905 1844.49 0.0640926 448776 -0.323264 0.824605
0.003975 2226.48 0.0765901 448775 -0.263722 0.689097
0.001875 1882.27 0.124705 448776 -0.167714 0.816635
0.003385 2211.77 0.0852526 448774 -0.236714 0.694501
0.002045 1941.05 0.119097 448776 -0.174644 0.792002
0.001885 1885.85 0.124369 448776 -0.168109 0.815093
0.004175 2223.12 0.0743498 448775 -0.272009 0.689812
0.003395 2212.41 0.0850763 448774 -0.237133 0.694289
0.001895 1889.41 0.124034 448776 -0.168506 0.813562
0.002055 1944.36 0.118774 448776 -0.175068 0.790659
0.006015 2209.47 0.0523532 448775 -0.336642 0.690564
0.003405 2213.03 0.0849012 448774 -0.23759 0.694082
0.004185 2222.91 0.0742453 448775 -0.272421 0.689861
0.004515 2212.31 0.071105 448775 -0.285727 0.692578
0.001905 1892.96 0.1237 448776 -0.168904 0.812043
0.002065 1947.65 0.118452 448776 -0.175494 0.789328
0.005595 2179.97 0.0600843 448775 -0.323348 0.700709
0.003415 2213.64 0.0847271 448774 -0.238084 0.693881
0.004195 2222.68 0.0741414 448775 -0.272831 0.689913
0.006025 2210.52 0.0521253 448775 -0.336941 0.690216
0.002825 2144.37 0.0969219 448776 -0.211967 0.716843
0.001915 1896.5 0.123366 448776 -0.169303 0.810536
0.004525 2211.93 0.071017 448775 -0.28612 0.692679
0.002075 1950.92 0.118131 448776 -0.175923 0.788008
0.003425 2214.22 0.0845541 448774 -0.238609 0.693685
0.002945 2164.64 0.0941168 448776 -0.217903 0.710051
0.002955 2166.17 0.0938907 448776 -0.218391 0.709543
0.005415 2178.84 0.0625235 448775 -0.317517 0.701424
0.002965 2167.67 0.0936657 448776 -0.218879 0.709042
0.002975 2169.16 0.0934419 448776 -0.219367 0.70855
0.002985 2170.62 0.0932192 448776 -0.219857 0.708066
0.005425 2178.77 0.0623984 448775 -0.317845 0.701428
0.002995 2172.05 0.0929977 448776 -0.220347 0.707591
0.005435 2178.69 0.0622721 448775 -0.318172 0.701432
0.002285 2014.82 0.111596 448776 -0.185254 0.76307
0.003005 2173.46 0.0927774 448776 -0.220839 0.707123
0.003015 2174.85 0.0925583 448776 -0.221331 0.706665
0.000245 1331.81 0.173133 448777 -0.126561 1.15201
0.003025 2176.21 0.0923403 448776 -0.221824 0.706214
0.003035 2177.55 0.0921234 448776 -0.222324 0.705772
0.003045 2178.88 0.0919077 448776 -0.222812 0.705331
0.000255 1333.36 0.173002 448777 -0.126682 1.15069
0.003055 2180.19 0.0916932 448776 -0.223303 0.7049
0.000435 1368.8 0.169994 448777 -0.129255 1.12105
0.000265 1334.95 0.172867 448777 -0.126806 1.14932
0.003065 2181.48 0.0914798 448776 -0.223793 0.704476
0.000275 1336.59 0.172728 448777 -0.126932 1.14792
0.003075 2182.74 0.0912676 448776 -0.224281 0.70406
0.000285 1338.28 0.172584 448777 -0.127062 1.14648
0.003085 2183.98 0.0910566 448776 -0.224768 0.703652
0.000445 1371.16 0.169794 448777 -0.129415 1.11913
0.007535 597.889 0.2035 448780 -0.0235192 2.5722
0.000295 1340.02 0.172437 448777 -0.127193 1.145
0.003095 2185.2 0.0908467 448776 -0.225252 0.703251
0.000455 1373.55 0.169591 448777 -0.129578 1.11719
0.003105 2186.39 0.0906379 448776 -0.225736 0.702859
0.000305 1341.8 0.172287 448777 -0.127327 1.14349
0.000465 1375.98 0.169384 448777 -0.129742 1.11523
0.003115 2187.56 0.0904303 448776 -0.226219 0.702473
0.000315 1343.62 0.172132 448777 -0.127463 1.14194
0.000475 1378.44 0.169175 448777 -0.129907 1.11325
0.001195 1621.16 0.148237 448776 -0.145099 0.947413
0.001205 1625.05 0.147896 448776 -0.145376 0.945156
0.007185 1333.44 0.110283 448778 -0.213761 1.14177
0.001215 1628.95 0.147553 448776 -0.145656 0.942906
0.001225 1632.86 0.147211 448776 -0.145937 0.940664
0.001235 1636.77 0.146867 448776 -0.14622 0.938431
0.007195 1310.67 0.112685 448778 -0.207271 1.16179
0.005115 2186.67 0.0658212 448775 -0.30723 0.699514
0.001245 1640.68 0.146523 448776 -0.146504 0.936206
0.007205 1289.21 0.114959 448778 -0.200821 1.18132
0.000785 1470.18 0.161334 448777 -0.135792 1.04414
0.000795 1473.55 0.161045 448777 -0.136005 1.04176
0.001465 1727.08 0.138863 448776 -0.15316 0.889627
0.000805 1476.94 0.160753 448777 -0.136221 1.03938
0.000815 1480.36 0.160459 448777 -0.136444 1.037
0.000825 1483.79 0.160164 448777 -0.136683 1.03461
0.001475 1731 0.138513 448776 -0.153482 0.887626
0.000835 1487.24 0.159867 448777 -0.136947 1.03222
0.006915 1833.47 0.0643661 448776 -0.318464 0.829526
0.001485 1734.91 0.138163 448776 -0.153806 0.885635
0.000845 1490.72 0.159568 448777 -0.137251 1.02983
0.001495 1738.82 0.137813 448776 -0.154131 0.883655
0.000855 1494.21 0.159267 448777 -0.137609 1.02744
0.001505 1742.73 0.137463 448776 -0.154457 0.881686
0.003985 2226.38 0.0764708 448775 -0.26414 0.689111
0.000865 1497.72 0.158965 448777 -0.138029 1.02504
0.006925 1823.45 0.0645496 448777 -0.312383 0.834048
0.001515 1746.63 0.137113 448776 -0.154786 0.879727
0.000875 1501.25 0.158661 448777 -0.138512 1.02265
0.006935 1814.67 0.0646123 448777 -0.305279 0.838054
0.001525 1750.52 0.136763 448776 -0.155116 0.87778
0.000885 1504.79 0.158355 448777 -0.139044 1.02025
0.006945 1806.95 0.0645782 448743 -0.309444 0.841554
0.001535 1754.42 0.136413 448776 -0.155447 0.875843
0.003995 2226.28 0.0763523 448775 -0.264558 0.689129
0.000895 1508.36 0.158047 448778 -0.139597 1.01785
0.005605 2180.33 0.059936 448775 -0.323682 0.700573
0.006955 1787.17 0.066204 448777 -0.315124 0.850923
0.001545 1758.3 0.136063 448776 -0.15578 0.873917
0.004005 2226.16 0.0762347 448775 -0.264976 0.689149
0.000905 1511.94 0.157738 448778 -0.140129 1.01546
0.001555 1762.19 0.135714 448776 -0.156115 0.872002
0.006965 1767.62 0.0678363 448776 -0.313005 0.860323
0.004015 2226.03 0.0761178 448775 -0.265392 0.689173
0.000915 1515.53 0.157428 448778 -0.140592 1.01306
0.001565 1766.06 0.135364 448776 -0.156451 0.870098
0.006975 1748.07 0.0695116 448776 -0.312317 0.869927
0.004025 2225.89 0.0760017 448775 -0.265808 0.6892
0.004205 2222.45 0.0740381 448775 -0.273241 0.689967
0.000925 1519.14 0.157116 448778 -0.140941 1.01067
0.005615 2180.7 0.0597862 448775 -0.324012 0.700437
0.001575 1769.94 0.135015 448776 -0.156789 0.868205
0.006985 1728.62 0.0712159 448777 -0.310355 0.879696
0.004035 2225.74 0.0758864 448775 -0.266224 0.689231
0.000935 1522.77 0.156803 448778 -0.141143 1.00828
0.005625 2181.06 0.0596349 448775 -0.324341 0.7003
0.001585 1773.8 0.134666 448776 -0.157128 0.866323
0.006995 1709.61 0.0729072 448777 -0.306771 0.889467
0.004045 2225.58 0.0757719 448775 -0.266639 0.689264
0.000945 1526.41 0.156488 448778 -0.141191 1.00588
0.005635 2181.43 0.0594822 448775 -0.324667 0.700162
0.001595 1777.66 0.134317 448776 -0.157468 0.864452
0.004215 2222.21 0.0739356 448775 -0.273651 0.690025
0.007005 1691.31 0.0745498 448777 -0.302091 0.899084
0.004055 2225.41 0.0756581 448775 -0.267053 0.689301
0.000955 1530.07 0.156171 448778 -0.141102 1.00349
0.006035 2211.58 0.0518951 448775 -0.337239 0.689867
0.002835 2146.2 0.0966817 448776 -0.212473 0.716226
0.006045 2212.66 0.0516632 448776 -0.337567 0.689516
0.002845 2148 0.0964427 448776 -0.212977 0.715618
0.004535 2211.54 0.0709294 448775 -0.286512 0.692782
0.006055 2214.29 0.0514285 448775 -0.337915 0.688987
0.002855 2149.78 0.0962048 448776 -0.213477 0.71502
0.006065 2215.92 0.0511916 448775 -0.338286 0.688462
0.002865 2151.53 0.0959681 448776 -0.213975 0.714432
0.006075 2217.55 0.0509525 448775 -0.338651 0.687938
0.002875 2153.26 0.0957326 448776 -0.21447 0.713853
0.004545 2211.14 0.070842 448775 -0.286902 0.692888
0.003435 2214.79 0.0843822 448774 -0.23916 0.693495
0.004555 2210.74 0.0707549 448775 -0.287291 0.692995
0.004565 2210.33 0.070668 448775 -0.287679 0.693104
0.004575 2209.92 0.0705814 448775 -0.288065 0.693216
0.003445 2215.35 0.0842113 448774 -0.239729 0.69331
0.004585 2209.5 0.0704949 448775 -0.288451 0.693329
0.002085 1954.17 0.117811 448776 -0.176353 0.7867
0.003455 2215.88 0.0840415 448775 -0.240308 0.69313
0.004595 2209.07 0.0704087 448775 -0.288835 0.693444
0.003465 2216.4 0.0838728 448775 -0.240899 0.692955
0.004605 2208.64 0.0703227 448775 -0.289219 0.693561
0.003475 2216.94 0.0837051 448775 -0.241475 0.692775
0.004615 2208.2 0.0702368 448775 -0.289602 0.693681
0.002095 1957.4 0.117491 448776 -0.176785 0.785405
0.002295 2017.61 0.111295 448776 -0.185722 0.762015
0.003485 2217.46 0.0835385 448775 -0.242047 0.692601
0.004625 2207.75 0.0701511 448775 -0.289984 0.693802
0.002105 1960.62 0.117173 448776 -0.177218 0.784121
0.004635 2207.3 0.0700656 448775 -0.290367 0.693925
0.003495 2217.96 0.083373 448775 -0.242606 0.692431
0.002115 1963.81 0.116855 448776 -0.177653 0.782849
0.004645 2206.84 0.0699801 448775 -0.290749 0.69405
0.003505 2218.45 0.0832085 448775 -0.243148 0.692267
0.002125 1966.98 0.116538 448776 -0.178089 0.781589
0.002305 2020.38 0.110996 448776 -0.186191 0.760972
0.007545 587.88 0.205092 448778 -0.0212144 2.61679
0.004655 2206.37 0.0698948 448775 -0.291131 0.694178
0.003515 2218.92 0.083045 448775 -0.243673 0.692108
0.002135 1970.14 0.116222 448776 -0.178525 0.780342
0.002315 2023.12 0.110697 448776 -0.186661 0.759941
0.004665 2205.9 0.0698096 448775 -0.291513 0.694307
0.000485 1380.94 0.168962 448777 -0.130074 1.11124
0.004675 2205.43 0.0697245 448775 -0.291895 0.694438
0.004685 2204.94 0.0696394 448775 -0.292275 0.694571
0.004695 2204.45 0.0695544 448775 -0.292655 0.694705
0.000495 1383.48 0.168746 448777 -0.130243 1.10921
0.003125 2188.71 0.0902239 448776 -0.226701 0.702095
0.004705 2203.96 0.0694694 448775 -0.293034 0.694842
0.001255 1644.59 0.146179 448776 -0.146791 0.93399
0.000505 1386.05 0.168527 448777 -0.130413 1.10717
0.004715 2203.46 0.0693845 448775 -0.293406 0.69498
0.000515 1388.65 0.168306 448777 -0.130585 1.1051
0.001265 1648.51 0.145833 448776 -0.147079 0.931783
0.004725 2202.96 0.0692997 448776 -0.293794 0.695119
0.000525 1391.29 0.168081 448777 -0.130758 1.10302
0.001275 1652.43 0.145488 448776 -0.147369 0.929584
0.003135 2189.84 0.0900185 448776 -0.227183 0.701725
0.004735 2202.58 0.0692147 448775 -0.294176 0.695219
0.000535 1393.96 0.167853 448777 -0.130933 1.10091
0.007215 1269.1 0.117101 448778 -0.19441 1.20025
0.003145 2190.94 0.0898144 448776 -0.227665 0.701361
0.004745 2202.19 0.0691298 448775 -0.294563 0.695321
0.000545 1396.67 0.167623 448777 -0.131109 1.09879
0.003155 2192.03 0.0896114 448776 -0.228147 0.701005
0.004755 2201.8 0.0690448 448775 -0.294949 0.695425
0.000555 1399.4 0.16739 448777 -0.131287 1.09666
0.003165 2193.09 0.0894095 448776 -0.22863 0.700655
0.004765 2201.4 0.0689597 448775 -0.295334 0.695531
0.000565 1402.17 0.167154 448777 -0.131466 1.0945
0.007225 1250.37 0.119108 448778 -0.187617 1.21845
0.005645 2181.81 0.0593279 448775 -0.324992 0.700023
0.003175 2194.13 0.0892087 448776 -0.229111 0.700313
0.004775 2201 0.0688746 448775 -0.295717 0.695639
0.000575 1404.97 0.166915 448777 -0.131647 1.09233
0.007235 1233.19 0.12097 448790 -0.181277 1.23569
0.003185 2195.15 0.0890091 448776 -0.229592 0.699978
0.004785 2200.59 0.0687894 448775 -0.296099 0.695749
0.000585 1407.8 0.166674 448777 -0.131829 1.09015
0.007245 1223.52 0.122724 448776 -0.176471 1.24567
0.003195 2196.15 0.0888107 448776 -0.23007 0.69965
0.004795 2200.18 0.0687041 448775 -0.296479 0.69586
0.000595 1410.66 0.16643 448777 -0.132013 1.08795
0.007255 1215.21 0.124331 448776 -0.171146 1.25444
0.004225 2221.96 0.0738336 448775 -0.274059 0.690085
0.004235 2221.71 0.0737322 448775 -0.274467 0.690148
0.007015 1673.9 0.0761241 448777 -0.296913 0.908441
0.004245 2221.44 0.0736315 448775 -0.274875 0.690214
0.004255 2221.16 0.0735314 448775 -0.275282 0.690283
0.004265 2220.88 0.0734318 448775 -0.275688 0.690354
0.007025 1657.44 0.0776217 448777 -0.291585 0.917476
0.004065 2225.23 0.075545 448775 -0.267466 0.68934
0.004275 2220.59 0.0733329 448775 -0.276095 0.690428
0.007035 1641.94 0.0790398 448777 -0.28625 0.92615
0.004285 2220.28 0.0732345 448775 -0.276501 0.690504
0.002145 1973.27 0.115907 448776 -0.178963 0.779106
0.004295 2219.97 0.0731367 448775 -0.276906 0.690583
0.004305 2219.65 0.0730394 448775 -0.277311 0.690665
0.004315 2219.33 0.0729426 448775 -0.277716 0.690749
0.002155 1976.38 0.115593 448776 -0.1794 0.777882
0.004325 2218.99 0.0728464 448775 -0.27812 0.690836
0.002325 2025.84 0.110399 448776 -0.187132 0.758922
0.002165 1979.47 0.11528 448776 -0.179839 0.77667
0.004335 2218.65 0.0727507 448775 -0.278523 0.690926
0.002175 1982.54 0.114968 448776 -0.180278 0.77547
0.004345 2218.3 0.0726556 448775 -0.278925 0.691017
0.002185 1985.59 0.114656 448776 -0.180719 0.774283
0.004355 2217.94 0.0725609 448775 -0.279327 0.691112
0.002335 2028.53 0.110103 448776 -0.187603 0.757915
0.002195 1988.62 0.114346 448776 -0.181161 0.773107
0.007555 578.862 0.206532 448777 -0.0187087 2.65833
0.004365 2217.57 0.0724667 448775 -0.279728 0.691209
0.002345 2031.2 0.109807 448776 -0.188074 0.75692
0.002205 1991.62 0.114037 448776 -0.181604 0.771944
0.004375 2217.19 0.072373 448775 -0.280127 0.691308
0.002355 2033.85 0.109513 448776 -0.188542 0.755936
0.002215 1994.6 0.113728 448776 -0.182051 0.770792
0.004385 2216.81 0.0722797 448775 -0.280525 0.691409
0.002365 2036.47 0.109219 448776 -0.189007 0.754963
0.002225 1997.56 0.113421 448776 -0.1825 0.769653
0.007565 570.781 0.207827 448777 -0.0164242 2.69671
0.005655 2182.18 0.0591722 448775 -0.325315 0.699883
0.004395 2216.42 0.072187 448775 -0.280919 0.691513
0.002375 2039.07 0.108927 448776 -0.189468 0.754001
0.002235 2000.5 0.113114 448776 -0.182952 0.768525
0.007575 563.583 0.208983 448776 -0.0143309 2.73184
0.002385 2041.64 0.108635 448776 -0.189924 0.753049
0.000605 1413.55 0.166183 448777 -0.132198 1.08574
0.002395 2044.2 0.108345 448776 -0.190377 0.752108
0.002405 2046.73 0.108056 448776 -0.190836 0.751176
0.002415 2049.33 0.107767 448776 -0.191295 0.750223
0.000615 1416.47 0.165934 448777 -0.132385 1.08351
0.002425 2052.02 0.10748 448776 -0.191749 0.74924
0.007265 1208.21 0.125794 448776 -0.165899 1.26197
0.000625 1419.42 0.165682 448777 -0.132573 1.08127
0.002435 2054.69 0.107194 448776 -0.192216 0.748267
0.000635 1422.4 0.165428 448777 -0.132763 1.07902
0.002445 2057.4 0.106909 448776 -0.192675 0.747277
0.002455 2060.1 0.106625 448776 -0.19314 0.746299
0.004075 2225.04 0.0754328 448775 -0.267878 0.689383
0.002465 2062.77 0.106343 448776 -0.193608 0.745331
0.004405 2216.03 0.0720947 448776 -0.281325 0.691618
0.007585 557.22 0.210008 448776 -0.0124201 2.76367
0.002475 2065.42 0.106061 448776 -0.194081 0.744374
0.004415 2215.73 0.0720028 448775 -0.281724 0.691693
0.002485 2068.04 0.10578 448776 -0.194561 0.743429
0.004085 2224.84 0.0753212 448775 -0.26829 0.689428
0.004425 2215.42 0.0719113 448775 -0.282129 0.69177
0.002495 2070.64 0.105501 448776 -0.195047 0.742495
0.004095 2224.63 0.0752104 448775 -0.2687 0.689476
0.004435 2215.11 0.0718203 448775 -0.282534 0.691851
0.007595 551.642 0.210909 448776 -0.0106743 2.79221
0.002505 2073.21 0.105223 448776 -0.195548 0.741572
0.005665 2182.56 0.0590148 448775 -0.325639 0.699742
0.004105 2224.41 0.0751004 448775 -0.269108 0.689528
0.004445 2214.78 0.0717296 448775 -0.282938 0.691933
0.002515 2075.84 0.104945 448776 -0.196046 0.740629
0.007605 546.804 0.211692 448776 -0.00907599 2.81744
0.007275 1202.53 0.127114 448776 -0.160759 1.2682
0.004115 2224.19 0.0749912 448775 -0.269527 0.689582
0.004455 2214.45 0.0716393 448775 -0.28334 0.692018
0.002525 2078.45 0.104669 448776 -0.196552 0.739698
0.007615 542.664 0.212363 448775 -0.00760737 2.8394
0.007285 1198.14 0.128295 448776 -0.155759 1.27312
0.004125 2224.03 0.0748825 448775 -0.269937 0.689612
0.004465 2214.11 0.0715494 448775 -0.283741 0.692106
0.002535 2081.03 0.104394 448776 -0.197059 0.73878
0.007625 539.187 0.212928 448775 -0.00625047 2.85811
0.005675 2182.95 0.0588559 448775 -0.325961 0.6996
0.007295 1195.02 0.129342 448776 -0.150922 1.27673
0.004135 2223.87 0.0747746 448775 -0.270353 0.689646
0.004475 2213.77 0.0714598 448775 -0.284141 0.692196
0.002545 2083.58 0.104121 448776 -0.197566 0.737874
0.007635 536.34 0.213391 448775 -0.00498773 2.87363
0.007305 1193.13 0.130258 448776 -0.146272 1.27903
0.005685 2183.33 0.0586954 448775 -0.326284 0.699457
0.004145 2223.7 0.0746674 448775 -0.270768 0.689683
0.007315 1192.43 0.131045 448776 -0.141827 1.28007
0.002555 2086.09 0.103848 448776 -0.198074 0.736981
0.005695 2183.73 0.0585332 448775 -0.326605 0.699312
0.007645 534.095 0.213757 448775 -0.00380253 2.88598
0.007325 1192.6 0.131735 448682 -0.148244 1.27989
0.004155 2223.51 0.0745608 448775 -0.271183 0.689723
0.005705 2184.12 0.0583695 448775 -0.326926 0.699166
0.007655 532.43 0.214028 448775 -0.00267879 2.89521
0.007335 1148.14 0.136683 448794 -0.155178 1.33012
0.005715 2184.52 0.058204 448775 -0.327245 0.699018
0.007665 531.33 0.214207 448775 -0.00161318 2.90134
0.007345 1104.73 0.141513 448793 -0.142122 1.38277
0.005725 2184.93 0.0580369 448775 -0.327563 0.698869
0.007675 530.782 0.214297 448775 -0.000530123 2.90441
0.007355 1062.63 0.146204 448794 -0.132593 1.43798
0.005735 2185.34 0.057868 448775 -0.327878 0.698719
0.005745 2185.76 0.0576974 448775 -0.32819 0.698566
0.005755 2186.18 0.0575251 448775 -0.328498 0.698412
