0.006085 2311.73 0.0417431 479211 -0.100161 0.703035
0.006095 2313 0.041487 479210 -0.100374 0.702615
0.006105 2313.75 0.0412278 479211 -0.100575 0.702357
0.006115 2314.49 0.0409656 479211 -0.100763 0.7021
0.006125 2315.24 0.0407005 479211 -0.100943 0.701841
0.006135 2315.99 0.0404323 479211 -0.101114 0.701582
0.006145 2316.75 0.040161 479211 -0.101277 0.70132
0.006155 2317.52 0.0398866 479211 -0.101432 0.701057
0.006165 2318.3 0.0396088 479211 -0.101578 0.700791
0.006175 2319.09 0.0393278 479211 -0.101715 0.700522
0.006185 2319.89 0.0390433 479211 -0.101843 0.70025
0.006195 2320.7 0.0387554 479211 -0.101962 0.699974
0.006205 2321.53 0.038464 479211 -0.102071 0.699694
0.006215 2322.38 0.038169 479211 -0.102169 0.69941
0.006225 2323.24 0.0378704 479211 -0.102256 0.69912
0.006235 2324.13 0.0375681 479211 -0.10233 0.698824
0.006245 2325.03 0.0372621 479211 -0.102392 0.698523
0.006255 2325.97 0.0369522 479211 -0.102441 0.698214
0.006265 2326.93 0.0366385 479211 -0.102476 0.697897
0.006275 2327.92 0.0363208 479211 -0.102496 0.697573
0.006285 2328.94 0.0359992 479211 -0.102501 0.69724
0.007045 2043.25 0.0534741 479212 -0.119063 0.793492
0.003205 2208.42 0.08775 479211 -0.0335548 0.742655
0.007055 2020.92 0.0554416 479212 -0.117882 0.802255
0.006295 2330.01 0.0356739 479214 -0.102497 0.696896
0.003215 2209.18 0.0875575 479211 -0.0338425 0.742389
0.007065 1998.63 0.0573921 479212 -0.11672 0.811195
0.003225 2209.92 0.0873659 479211 -0.0341269 0.742127
0.007075 1976.39 0.0593248 479212 -0.115571 0.820319
0.003235 2210.65 0.0871753 479211 -0.0344108 0.74187
0.007085 1954.2 0.0612385 479212 -0.114433 0.829632
0.006305 2332.01 0.0353442 479211 -0.102506 0.696267
0.003245 2211.36 0.0869858 479211 -0.0346944 0.741617
0.007095 1932.05 0.0631322 479212 -0.113302 0.839141
0.006725 2356.09 0.0275128 479211 -0.106242 0.688419
0.003255 2212.07 0.0867971 479211 -0.0349777 0.741368
0.007105 1909.94 0.0650047 479212 -0.112175 0.848853
0.003265 2212.76 0.0866095 479211 -0.0352609 0.741123
0.006315 2334.06 0.0350104 479211 -0.102505 0.695629
0.007115 1887.86 0.0668546 479210 -0.11107 0.858773
0.001925 1942.15 0.12079 479211 0.000899462 0.845018
0.003275 2213.44 0.0864228 479211 -0.0355439 0.740883
0.006735 2353.4 0.0276584 479211 -0.106087 0.689194
0.006325 2336.15 0.0346725 479211 -0.102487 0.694983
0.007125 1864.95 0.0686814 479213 -0.109853 0.86933
0.001935 1945.47 0.120472 479211 0.000666693 0.84358
0.003285 2214.11 0.086237 479211 -0.0358267 0.740647
0.006745 2350.77 0.0278003 479211 -0.105939 0.689955
0.006335 2338.27 0.0343305 479211 -0.102454 0.694327
0.007135 1842.07 0.0704836 479213 -0.108622 0.88013
0.001945 1948.78 0.120156 479211 0.000433296 0.84215
0.003295 2214.76 0.0860522 479211 -0.0361094 0.740414
0.006755 2348.19 0.0279386 479211 -0.1058 0.690702
0.006345 2340.42 0.0339842 479211 -0.102405 0.693662
0.004805 2215.61 0.0647332 479211 -0.0750319 0.737113
0.003305 2215.4 0.0858684 479211 -0.0363921 0.740187
0.007145 1819.24 0.07226 479213 -0.107368 0.891179
0.000965 1599.34 0.152134 479212 0.0189639 1.02495
0.001285 1714.74 0.141914 479211 0.0142712 0.956428
0.001955 1952.09 0.11984 479211 0.000199239 0.84073
0.006765 2345.67 0.0280734 479211 -0.10568 0.691435
0.006355 2342.63 0.0336336 479211 -0.102341 0.692985
0.003315 2216.03 0.0856855 479211 -0.0366746 0.739963
0.005445 2235.45 0.0547468 479211 -0.087255 0.728994
0.005765 2270.34 0.0488334 479211 -0.0932137 0.716887
0.004815 2215.5 0.0645957 479211 -0.0752445 0.737123
0.007155 1796.46 0.0740089 479213 -0.106078 0.902483
0.005125 2217.36 0.0600477 479211 -0.0814064 0.735753
0.000975 1602.82 0.15183 479212 0.0188446 1.02275
0.001295 1718.42 0.141583 479211 0.0140974 0.954393
0.001965 1955.38 0.119525 479211 -3.55165e-05 0.839318
0.006775 2343.2 0.0282049 479211 -0.105312 0.692154
0.006365 2344.87 0.0332786 479211 -0.102264 0.692297
0.003325 2216.65 0.0855036 479211 -0.0369572 0.739743
0.005455 2236.38 0.0545717 479211 -0.0874297 0.728666
0.004825 2215.4 0.0644576 479211 -0.0754568 0.737133
0.005775 2271.6 0.0486356 479211 -0.0934169 0.716457
0.007165 1773.75 0.0757289 479213 -0.104749 0.914045
0.005135 2217.56 0.0598912 479211 -0.0815935 0.735663
0.000985 1606.31 0.151525 479212 0.0187234 1.02054
0.001305 1722.1 0.141251 479211 0.0139221 0.952367
0.001975 1958.67 0.11921 479211 -0.000271013 0.837914
0.006785 2340.65 0.0283426 479186 -0.111079 0.692862
0.006375 2347.16 0.0329192 479211 -0.102173 0.691598
0.003335 2217.26 0.0853226 479211 -0.0372396 0.739527
0.005465 2237.31 0.0543962 479211 -0.0876001 0.728335
0.004835 2215.3 0.0643191 479211 -0.0756686 0.737143
0.005785 2272.86 0.0484366 479211 -0.0936216 0.716028
0.007175 1751.11 0.0774184 479213 -0.103374 0.92587
0.005145 2217.76 0.0597341 479211 -0.0817765 0.735572
0.000995 1609.8 0.151219 479212 0.0186004 1.01834
0.001315 1725.78 0.14092 479211 0.0137453 0.950349
0.001985 1961.95 0.118897 479211 -0.000507297 0.836519
0.006795 2329.96 0.0292496 479212 -0.116632 0.696066
0.006385 2349.5 0.0325554 479211 -0.102071 0.690886
0.003345 2217.85 0.0851425 479211 -0.0375221 0.739316
0.001325 1729.46 0.140588 479211 0.013567 0.94834
0.005475 2238.26 0.0542201 479211 -0.0877685 0.728002
0.004845 2215.2 0.06418 479211 -0.0758798 0.737153
0.005795 2274.13 0.0482365 479211 -0.0938279 0.7156
0.007185 1728.56 0.0790758 479213 -0.101951 0.93796
0.005155 2217.97 0.0595766 479212 -0.0819556 0.73548
0.001005 1613.32 0.150911 479212 0.0184755 1.01614
0.001995 1965.21 0.118584 479211 -0.000744419 0.835133
0.006805 2319.22 0.0301589 479212 -0.115839 0.69928
0.006395 2351.89 0.0321869 479211 -0.101958 0.690162
0.003355 2218.43 0.0849634 479211 -0.0378045 0.739108
0.001335 1733.14 0.140255 479211 0.0133873 0.946339
0.005485 2239.2 0.0540434 479211 -0.0879365 0.727666
0.006815 2308.56 0.0310613 479212 -0.115339 0.7025
0.004855 2215.1 0.0640403 479211 -0.0760901 0.737163
0.005805 2275.39 0.0480353 479211 -0.0940358 0.715171
0.007195 1706.1 0.0806993 479213 -0.100476 0.950317
0.005165 2218.46 0.0594182 479211 -0.0821439 0.735293
0.001015 1616.84 0.150603 479212 0.0183489 1.01394
0.006825 2297.97 0.0319566 479212 -0.114839 0.705726
0.001025 1620.37 0.150293 479212 0.0182204 1.01174
0.006835 2287.47 0.0328449 479212 -0.114352 0.708959
0.007205 1683.76 0.0822874 479213 -0.098946 0.962943
0.001035 1623.91 0.149982 479212 0.0180901 1.00955
0.005175 2218.95 0.0592593 479211 -0.0823267 0.735104
0.006845 2277.03 0.0337261 479211 -0.113875 0.712199
0.001045 1627.47 0.149669 479212 0.0179579 1.00736
0.002005 1968.47 0.118272 479211 -0.000982436 0.833755
0.006855 2266.67 0.0346003 479211 -0.113408 0.715445
0.001055 1631.03 0.149356 479211 0.017824 1.00518
0.007215 1661.54 0.0838384 479213 -0.097361 0.975838
0.003365 2219 0.0847851 479211 -0.038087 0.738905
0.001065 1634.6 0.149042 479211 0.0176883 1.00299
0.006865 2256.38 0.0354672 479211 -0.112951 0.718698
0.005185 2219.45 0.0590997 479211 -0.0825059 0.734914
0.004865 2214.99 0.0639001 479211 -0.0762992 0.737172
0.001075 1638.18 0.148726 479211 0.0175508 1.00082
0.006875 2246.17 0.0363269 479211 -0.112503 0.721958
0.001345 1736.82 0.139922 479211 0.0132061 0.944348
0.007225 1639.46 0.0853507 479213 -0.0957206 0.989
0.004875 2214.89 0.0637594 479211 -0.0765066 0.737181
0.001085 1641.77 0.14841 479211 0.0174116 0.998642
0.006885 2236.02 0.0371791 479211 -0.112062 0.725225
0.002015 1971.72 0.11796 479211 -0.00122141 0.832385
0.003375 2219.56 0.0846078 479211 -0.0383694 0.738706
0.005195 2219.95 0.0589396 479211 -0.0826823 0.734722
0.001095 1645.37 0.148092 479211 0.0172706 0.996474
0.004885 2214.8 0.063618 479211 -0.0767121 0.73719
0.006895 2225.95 0.0380238 479211 -0.111628 0.728498
0.005815 2276.65 0.0478329 479211 -0.0942455 0.714743
0.001105 1648.98 0.147774 479211 0.0171278 0.99431
0.004895 2214.7 0.0634762 479211 -0.0769153 0.737198
0.006905 2215.94 0.0388607 479211 -0.1112 0.731778
0.007235 1617.53 0.0868227 479213 -0.0940261 1.00243
0.002025 1974.96 0.117649 479211 -0.00146139 0.831024
0.001355 1740.49 0.139589 479211 0.0130235 0.942365
0.001115 1652.59 0.147454 479211 0.0169833 0.992151
0.004905 2214.6 0.0633337 479211 -0.0771159 0.737206
0.006915 2206.01 0.0396897 479211 -0.110777 0.735064
0.005205 2220.47 0.0587788 479211 -0.0828565 0.734528
0.003385 2220.1 0.0844315 479211 -0.0386517 0.738511
0.001125 1656.21 0.147134 479211 0.016837 0.989998
0.004915 2214.51 0.0631907 479211 -0.0773138 0.737213
0.006925 2196.15 0.0405104 479211 -0.110359 0.738357
0.005825 2277.91 0.0476293 479211 -0.0944569 0.714316
0.002035 1978.19 0.11734 479211 -0.00170246 0.829672
0.007245 1595.77 0.0882528 479213 -0.09228 1.01612
0.001365 1744.17 0.139256 479211 0.0128395 0.94039
0.001135 1659.83 0.146813 479211 0.0166891 0.98785
0.004925 2214.42 0.063047 479211 -0.077509 0.73722
0.006935 2186.35 0.0413227 479211 -0.109944 0.741655
0.005215 2220.98 0.0586175 479211 -0.0830293 0.734333
0.003395 2220.63 0.084256 479211 -0.0389341 0.73832
0.001145 1663.47 0.146491 479211 0.0165394 0.985708
0.004935 2214.32 0.0629028 479211 -0.0776996 0.737226
0.006945 2176.63 0.0421263 479211 -0.109531 0.744959
0.005835 2279.17 0.0474244 479211 -0.0946701 0.71389
0.002045 1981.41 0.117031 479211 -0.00194468 0.828328
0.001155 1667.1 0.146169 479211 0.016388 0.983572
0.005495 2240.16 0.0538661 479211 -0.0881059 0.727329
0.007255 1574.2 0.0896397 479213 -0.0904867 1.03007
0.004945 2214.24 0.0627585 479212 -0.0778908 0.737231
0.006955 2166.98 0.0429208 479211 -0.109121 0.748268
0.001375 1747.85 0.138923 479211 0.0126542 0.938425
0.003405 2221.15 0.0840814 479211 -0.0392164 0.738132
0.005225 2221.5 0.0584555 479211 -0.0832013 0.734135
0.001165 1670.75 0.145845 479211 0.016235 0.981442
0.005505 2241.12 0.0536883 479211 -0.0882775 0.72699
0.006965 2157.4 0.043706 479211 -0.108712 0.751581
0.004955 2214.39 0.0626131 479211 -0.0780898 0.737154
0.005845 2280.43 0.0472182 479211 -0.094885 0.713464
0.002055 1984.61 0.116722 479211 -0.00218813 0.826992
0.001175 1674.39 0.145521 479211 0.0160802 0.979318
0.005515 2242.09 0.05351 479211 -0.0884517 0.726649
0.006975 2147.89 0.0444815 479211 -0.108305 0.7549
0.007265 1552.83 0.0909819 479213 -0.0886459 1.04427
0.004965 2214.55 0.062467 479211 -0.0782846 0.737076
0.001385 1751.52 0.138589 479211 0.0124674 0.936469
0.001185 1678.04 0.145196 479211 0.0159238 0.977201
0.006985 2138.45 0.0452468 479211 -0.107897 0.758222
0.005525 2243.06 0.053331 479211 -0.0886285 0.726307
0.003415 2221.66 0.0839077 479211 -0.0394987 0.737949
0.005235 2222.03 0.058293 479211 -0.0833733 0.733936
0.004975 2214.72 0.0623204 479211 -0.0784793 0.736999
0.005855 2281.69 0.0470106 479211 -0.0951012 0.713039
0.001195 1681.7 0.14487 479211 0.0157658 0.975091
0.006995 2129.08 0.0460017 479211 -0.107515 0.761547
0.005535 2244.04 0.0531515 479211 -0.0888074 0.725963
0.002065 1987.81 0.116415 479211 -0.00243287 0.825666
0.007275 1531.67 0.0922781 479213 -0.0868401 1.05873
0.004985 2214.88 0.0621732 479211 -0.0786735 0.73692
0.001395 1755.19 0.138255 479211 0.0122793 0.934522
0.001205 1685.36 0.144544 479211 0.0156061 0.972988
0.007005 2119.79 0.0467458 479212 -0.106697 0.764876
0.005545 2245.02 0.0529714 479211 -0.088988 0.725618
0.003425 2222.15 0.083735 479211 -0.039781 0.73777
0.005245 2222.57 0.0581298 479211 -0.0835458 0.733734
0.004995 2215.04 0.0620254 479211 -0.0788677 0.736841
0.005865 2282.94 0.0468017 479212 -0.095316 0.712616
0.001215 1689.02 0.144217 479211 0.0154448 0.970891
0.007015 2110.4 0.0474915 479175 -0.114642 0.768211
0.005555 2246 0.0527907 479211 -0.0891699 0.725272
0.007285 1510.74 0.0935271 479214 -0.0843229 1.07343
0.002075 1991 0.116108 479211 -0.00267898 0.824347
0.005005 2215.21 0.061877 479211 -0.0790621 0.736762
0.001405 1758.86 0.137921 479211 0.0120898 0.932585
0.001225 1692.69 0.14389 479211 0.0152818 0.968802
0.007025 2088.08 0.0494918 479213 -0.121949 0.776474
0.005565 2246.99 0.0526094 479211 -0.0893528 0.724925
0.003435 2222.64 0.0835631 479211 -0.0400632 0.737595
0.005015 2215.38 0.061728 479211 -0.079257 0.736681
0.005255 2223.11 0.0579661 479211 -0.0837192 0.73353
0.001235 1696.36 0.143562 479211 0.0151173 0.96672
0.005575 2247.99 0.0524274 479211 -0.0895364 0.724576
0.007035 2065.64 0.0514906 479212 -0.120235 0.784901
0.005875 2284.27 0.0465913 479211 -0.0955424 0.712167
0.007295 1489.99 0.094745 479197 -0.091802 1.08838
0.005025 2215.55 0.0615783 479211 -0.0794525 0.736601
0.001605 1831.46 0.131237 479211 0.00805 0.895837
0.005035 2215.72 0.0614281 479211 -0.0796485 0.736519
0.006405 2354.33 0.0318139 479211 -0.101836 0.689424
0.001615 1835.03 0.130904 479211 0.00783709 0.894101
0.005045 2215.89 0.0612772 479211 -0.0798451 0.736437
0.004485 2221.39 0.0689179 479211 -0.0676974 0.735949
0.005055 2216.07 0.0611257 479211 -0.0800421 0.736354
0.001625 1838.6 0.130572 479211 0.00762332 0.892376
0.007365 1293.94 0.117432 479217 -0.07999 1.25394
0.005065 2216.25 0.0609735 479211 -0.0802394 0.736271
0.001635 1842.16 0.13024 479211 0.00740869 0.89066
0.004165 2228.66 0.0729411 479211 -0.0598504 0.734262
0.005075 2216.43 0.0608208 479211 -0.0804365 0.736186
0.001645 1845.72 0.129907 479211 0.00719324 0.888954
0.007375 1267.03 0.120426 479217 -0.0771643 1.28069
0.006415 2356.82 0.0314362 479211 -0.101704 0.688673
0.003845 2231.72 0.0772039 479211 -0.0514908 0.733901
0.004175 2228.49 0.0728138 479211 -0.0601039 0.734296
0.005085 2216.61 0.0606674 479211 -0.0806333 0.736101
0.001655 1849.26 0.129576 479211 0.00697698 0.887258
0.007385 1240.42 0.123353 479217 -0.0743414 1.30828
0.002245 2043.06 0.111028 479211 -0.00726733 0.803375
0.004495 2221.17 0.0687917 479211 -0.0679327 0.735999
0.004185 2228.32 0.0726866 479211 -0.0603571 0.734333
0.005095 2216.79 0.0605134 479211 -0.0808292 0.736016
0.001665 1852.8 0.129244 479211 0.00675994 0.885571
0.006425 2359.37 0.0310538 479211 -0.101565 0.687909
0.007395 1214.14 0.126209 479217 -0.0712622 1.33673
0.002255 2045.86 0.110737 479211 -0.00753472 0.802273
0.004195 2228.13 0.0725597 479211 -0.0606098 0.734372
0.005105 2216.98 0.0603588 479211 -0.0810237 0.735929
0.001675 1856.34 0.128913 479211 0.00654214 0.883894
0.003525 2226.33 0.0820553 479211 -0.0425969 0.736232
0.007405 1188.24 0.128992 479224 -0.0680017 1.36601
0.002265 2048.6 0.110448 479211 -0.00781062 0.801203
0.004205 2227.94 0.0724331 479211 -0.0608621 0.734414
0.005115 2217.17 0.0602036 479211 -0.0812163 0.735842
0.001685 1859.87 0.128583 479211 0.0063236 0.882227
0.003855 2231.75 0.0770634 479211 -0.0517596 0.733874
0.002885 2174.17 0.0944461 479211 -0.0246438 0.754686
0.007415 1166.64 0.131767 479216 -0.066374 1.39143
0.004505 2220.95 0.0686653 479211 -0.0681684 0.736051
0.002565 2120.66 0.102211 479211 -0.0160401 0.773926
5e-06 1400.75 0.169178 479211 0.0227788 1.16915
0.004515 2220.72 0.0685387 479211 -0.0684047 0.736103
0.000645 1497.78 0.160919 479212 0.0217422 1.09395
0.002575 2122.72 0.101952 479211 -0.0162931 0.773172
0.000325 1426.56 0.166992 479211 0.0227196 1.14815
0.004525 2220.49 0.0684119 479211 -0.0686418 0.736157
0.002085 1994.17 0.115802 479211 -0.00292654 0.823037
0.000335 1428.16 0.166856 479211 0.0227147 1.14688
0.002585 2124.76 0.101694 479211 -0.0165447 0.772423
0.003445 2223.11 0.0833921 479211 -0.0403454 0.737424
0.000345 1429.8 0.166717 479211 0.0227084 1.14557
0.000655 1500.58 0.160678 479212 0.0216822 1.09192
0.001245 1700.03 0.143233 479211 0.0149512 0.964646
0.004535 2220.25 0.0682849 479211 -0.0688801 0.736212
0.000355 1431.48 0.166574 479211 0.0227009 1.14423
0.001415 1762.53 0.137587 479211 0.0118991 0.930656
0.002095 1997.34 0.115497 479211 -0.00317566 0.821736
0.001255 1703.71 0.142904 479211 0.0147835 0.96258
0.000365 1433.21 0.166427 479211 0.0226925 1.14286
0.002595 2126.67 0.101437 479211 -0.016802 0.771725
1.5e-05 1400.8 0.169174 479211 0.0227791 1.16911
0.003455 2223.56 0.083222 479211 -0.0406275 0.737257
0.000665 1503.42 0.160435 479212 0.0216223 1.08987
0.001265 1707.38 0.142574 479211 0.0146143 0.960521
0.004545 2220.01 0.0681577 479211 -0.0691196 0.736267
0.000375 1434.99 0.166276 479211 0.0226831 1.14146
0.002105 2000.49 0.115193 479211 -0.00342648 0.820444
0.001275 1711.06 0.142244 479211 0.0144435 0.95847
0.001425 1766.2 0.137253 479211 0.011707 0.928737
0.000385 1436.81 0.166122 479211 0.0226724 1.14002
0.005585 2248.98 0.0522449 479211 -0.0897206 0.724227
0.000395 1438.67 0.165964 479211 0.0226604 1.13856
0.005265 2223.66 0.0578018 479211 -0.0838939 0.733325
0.005595 2249.99 0.0520616 479211 -0.0899053 0.723876
0.000405 1440.57 0.165802 479211 0.022647 1.13707
0.005885 2285.61 0.0463794 479211 -0.0957645 0.711721
0.005605 2250.99 0.0518778 479211 -0.0900905 0.723525
0.000415 1442.52 0.165636 479211 0.0226322 1.13554
0.007305 1461.3 0.0981476 479216 -0.0975844 1.10986
0.000425 1444.5 0.165467 479211 0.0226158 1.13399
0.005615 2252 0.0516933 479211 -0.0902765 0.723172
0.003535 2226.67 0.081892 479211 -0.0428768 0.736105
0.005275 2224.21 0.0576369 479211 -0.0840699 0.733118
0.000435 1446.53 0.165295 479211 0.022598 1.13241
0.005625 2253.01 0.0515081 479211 -0.0904625 0.722819
0.003545 2227 0.0817295 479211 -0.0431564 0.735982
0.001695 1863.38 0.128252 479211 0.00610435 0.880569
0.005895 2286.93 0.0461659 479211 -0.0959855 0.711275
0.000445 1448.6 0.165119 479211 0.0225786 1.13081
0.005635 2254.03 0.0513222 479212 -0.0906479 0.722464
0.003555 2227.31 0.0815678 479211 -0.0434357 0.735862
0.002275 2051.31 0.110159 479211 -0.00808854 0.800143
0.001705 1866.9 0.127922 479211 0.00588439 0.878921
0.004215 2227.74 0.0723066 479211 -0.061114 0.734457
0.007315 1432.76 0.101509 479216 -0.0939866 1.13203
0.000455 1450.71 0.164939 479211 0.0225577 1.12918
0.005645 2255.27 0.0511356 479211 -0.0908467 0.722036
0.003565 2227.61 0.081407 479211 -0.0437146 0.735746
0.001715 1870.4 0.127593 479211 0.00566376 0.877283
0.005285 2224.77 0.0574714 479211 -0.0842474 0.732909
0.002285 2054.02 0.109871 479211 -0.00836825 0.799091
0.004225 2227.54 0.0721802 479211 -0.0613656 0.734503
0.000465 1452.86 0.164756 479211 0.0225352 1.12752
0.005655 2256.52 0.0509483 479211 -0.0910432 0.721608
0.003575 2227.9 0.081247 479211 -0.0439932 0.735634
0.005905 2288.26 0.0459509 479211 -0.0962058 0.710831
0.001725 1873.9 0.127264 479211 0.00544247 0.875654
0.002295 2056.7 0.109584 479211 -0.00864819 0.798047
0.004235 2227.33 0.0720541 479211 -0.0616168 0.734551
0.000475 1455.05 0.164569 479211 0.022511 1.12583
0.005665 2257.77 0.0507602 479211 -0.0912387 0.72118
0.003585 2228.18 0.0810877 479211 -0.0442715 0.735525
0.007325 1404.47 0.104814 479216 -0.0912625 1.15491
0.006435 2361.97 0.0306666 479211 -0.10142 0.68713
0.001735 1877.39 0.126935 479211 0.00522054 0.874034
0.000485 1457.28 0.16438 479211 0.0224851 1.12412
0.005675 2259.02 0.0505713 479211 -0.0914341 0.720751
0.005295 2225.33 0.0573054 479211 -0.0844263 0.732698
0.002305 2059.37 0.109298 479211 -0.00892728 0.797012
0.004245 2227.11 0.0719281 479211 -0.0618677 0.734602
0.003595 2228.45 0.0809293 479211 -0.0445493 0.73542
0.001745 1880.87 0.126607 479211 0.00499799 0.872425
0.000495 1459.54 0.164186 479211 0.0224574 1.12239
0.005685 2260.27 0.0503817 479211 -0.0916294 0.720322
0.005915 2289.58 0.0457342 479211 -0.0964255 0.710387
0.002315 2062.03 0.109013 479211 -0.00920388 0.795985
0.007335 1376.43 0.10806 479216 -0.0884511 1.17852
0.003605 2228.71 0.0807716 479211 -0.0448269 0.735319
0.001755 1884.34 0.126279 479211 0.00477483 0.870824
0.004255 2226.88 0.0718022 479211 -0.0621182 0.734654
0.000505 1461.85 0.16399 479211 0.0224276 1.12064
0.005695 2261.52 0.0501913 479211 -0.0918249 0.719893
0.002325 2064.6 0.108729 479211 -0.00948462 0.794993
0.007425 1145.48 0.134459 479216 -0.0637754 1.41728
0.006445 2364.62 0.0302748 479211 -0.10127 0.686338
0.005305 2225.9 0.0571387 479211 -0.0846065 0.732486
0.004265 2226.65 0.0716765 479211 -0.0623683 0.734709
0.001765 1887.81 0.125952 479211 0.00455109 0.869233
0.003615 2228.95 0.0806147 479211 -0.045104 0.735221
0.000515 1464.19 0.16379 479211 0.0223956 1.11886
0.005705 2262.78 0.05 479211 -0.0920208 0.719464
0.002335 2067.16 0.108446 479211 -0.00976266 0.794009
0.007435 1124.76 0.137068 479216 -0.0612128 1.44354
0.005925 2290.91 0.0455158 479211 -0.0966447 0.709945
0.004275 2226.41 0.0715509 479211 -0.0626181 0.734766
0.001775 1891.27 0.125625 479211 0.00432678 0.867651
0.007345 1348.65 0.111247 479216 -0.0856356 1.20288
0.003625 2229.19 0.0804586 479211 -0.0453808 0.735127
0.000525 1466.57 0.163588 479211 0.0223612 1.11706
0.005715 2264.03 0.0498079 479211 -0.0922172 0.719035
0.002345 2069.7 0.108164 479211 -0.01004 0.793033
0.007445 1104.48 0.139591 479216 -0.0586449 1.4702
0.004285 2226.16 0.0714254 479211 -0.0628674 0.734825
0.006455 2367.34 0.0298782 479211 -0.101117 0.685532
0.001785 1894.72 0.125298 479211 0.00410191 0.866079
0.005315 2226.47 0.0569715 479211 -0.0847878 0.732272
0.000535 1468.98 0.163381 479211 0.0223241 1.11523
0.003635 2229.41 0.0803033 479211 -0.0456572 0.735037
0.005725 2265.29 0.0496149 479211 -0.0924144 0.718605
0.002355 2072.23 0.107883 479211 -0.0103171 0.792065
0.007455 1084.67 0.142026 479216 -0.0560784 1.49721
0.005935 2292.22 0.0452957 479211 -0.0968635 0.709505
0.004295 2225.91 0.0713 479211 -0.0631163 0.734886
0.007355 1321.15 0.114371 479216 -0.0828137 1.22801
0.001795 1898.16 0.124973 479211 0.00387651 0.864515
0.000545 1471.43 0.163172 479211 0.0222841 1.11339
0.003645 2229.62 0.0801487 479211 -0.0459333 0.73495
0.005735 2266.55 0.049421 479211 -0.0926124 0.718176
0.002365 2074.74 0.107603 479211 -0.0105939 0.791104
0.007465 1065.35 0.144373 479216 -0.0535066 1.52453
0.006465 2370.1 0.0294769 479211 -0.100963 0.684712
0.004305 2225.65 0.0711747 479211 -0.0633645 0.73495
0.005325 2227.05 0.0568038 479211 -0.0849703 0.732057
0.000555 1473.92 0.16296 479211 0.022241 1.11153
0.001805 1901.59 0.124647 479211 0.00365057 0.862962
0.003655 2229.82 0.0799948 479211 -0.0462092 0.734867
0.002895 2175.5 0.0942208 479211 -0.0249293 0.754216
0.003665 2230.01 0.0798417 479211 -0.0464849 0.734787
0.003865 2231.76 0.0769236 479211 -0.0520279 0.733851
0.002905 2176.82 0.0939966 479211 -0.0252149 0.75375
0.003675 2230.19 0.0796894 479211 -0.0467599 0.734711
0.002605 2128.57 0.101182 479211 -0.0170575 0.771031
0.003685 2230.36 0.0795377 479211 -0.0470334 0.734638
0.002915 2178.12 0.0937734 479211 -0.0255007 0.75329
2.5e-05 1400.9 0.169166 479211 0.0227804 1.16903
0.002925 2179.41 0.0935512 479211 -0.0257862 0.752835
0.003695 2230.52 0.0793868 479211 -0.0473049 0.734569
0.003875 2231.76 0.0767845 479211 -0.0522961 0.73383
0.003705 2230.66 0.0792366 479211 -0.0475752 0.734503
0.002935 2180.69 0.0933301 479211 -0.0260699 0.752385
0.002615 2130.47 0.100927 479211 -0.0173132 0.770342
0.003465 2224.01 0.0830527 479211 -0.0409096 0.737094
0.003715 2230.8 0.0790871 479211 -0.0478472 0.734441
0.002945 2181.96 0.09311 479211 -0.0263454 0.75194
0.000675 1506.28 0.160189 479212 0.0215624 1.08781
3.5e-05 1401.04 0.169153 479211 0.0227823 1.16891
0.002955 2183.21 0.092891 479211 -0.0265976 0.751499
0.003725 2230.93 0.0789383 479211 -0.0481255 0.734382
0.003885 2231.76 0.0766457 479211 -0.0525638 0.733813
0.002625 2132.35 0.100673 479211 -0.0175673 0.769658
0.002965 2184.46 0.092673 479211 -0.0268083 0.751059
0.003735 2231.04 0.0787902 479211 -0.048414 0.734326
0.003475 2224.45 0.0828843 479211 -0.0411914 0.736935
0.004555 2219.77 0.0680302 479211 -0.0693609 0.736324
0.002975 2185.71 0.0924561 479211 -0.0269909 0.750619
0.003745 2231.15 0.0786427 479211 -0.0487131 0.734274
4.5e-05 1401.24 0.169137 479211 0.0227848 1.16875
0.000685 1509.18 0.15994 479212 0.0215022 1.08574
0.003755 2231.24 0.0784959 479211 -0.0490181 0.734225
0.002985 2186.86 0.0922402 479211 -0.0272244 0.750219
0.003895 2231.74 0.0765075 479211 -0.0528303 0.733799
0.002635 2134.22 0.100421 479211 -0.0178165 0.768977
0.003485 2224.87 0.0827168 479211 -0.0414701 0.73678
0.003765 2231.32 0.0783498 479211 -0.0493209 0.734179
0.002995 2187.98 0.0920254 479211 -0.0275226 0.749822
5.5e-05 1401.48 0.169116 479211 0.0227878 1.16855
0.004565 2219.52 0.0679025 479211 -0.069604 0.736383
0.002115 2003.64 0.11489 479211 -0.00367899 0.81916
0.003775 2231.4 0.0782044 479211 -0.0496139 0.734137
0.003005 2189.09 0.0918116 479211 -0.0278366 0.749433
0.000695 1512.09 0.15969 479212 0.021441 1.08366
0.003905 2231.72 0.0763697 479211 -0.0530966 0.733787
0.002645 2136.09 0.100169 479211 -0.0180575 0.7683
0.003785 2231.46 0.0780596 479211 -0.0498936 0.734098
0.003015 2190.19 0.0915988 479211 -0.0281389 0.749049
0.003495 2225.25 0.0825502 479211 -0.0417547 0.736637
6.5e-05 1401.77 0.169092 479211 0.0227914 1.1683
0.004575 2219.27 0.0677745 479211 -0.0698494 0.736442
0.001435 1769.86 0.136918 479211 0.0115136 0.926828
0.003795 2231.52 0.0779154 479211 -0.0501623 0.734062
0.003025 2191.26 0.091387 479211 -0.0284308 0.748671
0.000705 1515.04 0.159436 479212 0.0213785 1.08157
0.002125 2006.77 0.114588 479211 -0.0039329 0.817885
0.003915 2231.68 0.0762325 479211 -0.0533626 0.733779
0.002655 2137.95 0.0999185 479211 -0.0182893 0.767627
0.003805 2231.56 0.0777719 479211 -0.0504249 0.734029
7.5e-05 1402.11 0.169063 479211 0.0227953 1.16802
0.003505 2225.62 0.0823844 479211 -0.0420359 0.736499
0.003035 2192.33 0.0911763 479211 -0.0287182 0.748297
0.004585 2219.02 0.0676463 479211 -0.0700972 0.736503
0.001445 1773.52 0.136584 479211 0.011319 0.924927
0.003815 2231.59 0.077629 479211 -0.0506846 0.733999
0.000715 1518.01 0.159181 479212 0.021314 1.07947
0.002135 2009.88 0.114286 479211 -0.00418783 0.816618
0.003045 2193.38 0.0909666 479211 -0.0290041 0.747929
0.003925 2231.64 0.0760957 479211 -0.0536282 0.733774
0.002665 2139.8 0.099669 479211 -0.0185152 0.766956
0.003825 2231.65 0.0774867 479211 -0.0509537 0.733963
8.5e-05 1402.51 0.16903 479211 0.0227996 1.1677
0.003515 2225.99 0.0822194 479211 -0.0423166 0.736364
0.003055 2194.42 0.090758 479211 -0.0292894 0.747565
0.004595 2218.76 0.0675178 479211 -0.0703474 0.736565
0.001455 1777.17 0.136249 479211 0.0111232 0.923037
0.003835 2231.69 0.077345 479211 -0.0512219 0.73393
0.000725 1521.01 0.158923 479212 0.0212471 1.07735
0.002145 2012.99 0.113985 479211 -0.00444414 0.815361
0.003065 2195.44 0.0905503 479211 -0.0295744 0.747206
0.003935 2231.59 0.0759595 479211 -0.0538935 0.733771
0.005745 2267.81 0.0492261 479211 -0.0928116 0.717746
0.002375 2077.24 0.107324 479211 -0.0108705 0.790151
0.005755 2269.07 0.0490303 479211 -0.093012 0.717316
0.000565 1476.44 0.162745 479211 0.0221948 1.10964
0.007475 1046.52 0.146628 479216 -0.0509265 1.55213
0.005945 2293.54 0.0450737 479211 -0.097082 0.709065
0.000575 1478.99 0.162527 479211 0.0221453 1.10774
0.007485 1028.21 0.148792 479216 -0.0481409 1.57993
0.004315 2225.39 0.0710494 479211 -0.0636121 0.735015
0.000585 1481.58 0.162305 479211 0.022093 1.10582
0.005955 2294.85 0.0448499 479211 -0.0973002 0.708626
0.007495 1010.48 0.150859 479221 -0.0450313 1.60784
0.001815 1905.02 0.124323 479211 0.00342412 0.861417
0.004325 2225.11 0.0709242 479211 -0.0638588 0.735083
0.000595 1484.2 0.162081 479212 0.022038 1.10388
0.005965 2296.17 0.0446242 479211 -0.0975182 0.708189
0.007505 996.871 0.152833 479214 -0.0432701 1.62994
0.004335 2224.84 0.070799 479211 -0.0641047 0.735152
0.001825 1908.44 0.123998 479211 0.00319715 0.859881
0.006475 2372.93 0.029071 479211 -0.100809 0.683879
0.000605 1486.85 0.161854 479212 0.0219809 1.10193
0.005975 2297.48 0.0443965 479211 -0.0977361 0.707753
0.004345 2224.55 0.0706739 479211 -0.0643495 0.735224
0.007515 983.895 0.154705 479214 -0.0408165 1.6516
0.001835 1911.85 0.123675 479211 0.00296968 0.858355
0.000615 1489.54 0.161624 479212 0.0219222 1.09996
0.006485 2375.81 0.0286607 479211 -0.100659 0.683031
0.005985 2298.78 0.0441667 479211 -0.0979541 0.707318
0.004355 2224.26 0.0705487 479211 -0.0645932 0.735297
0.007525 971.563 0.156473 479214 -0.0383668 1.67273
0.001845 1915.25 0.123352 479211 0.0027417 0.856837
0.006495 2378.74 0.028246 479211 -0.100514 0.682171
0.000625 1492.25 0.161392 479212 0.0218625 1.09797
0.005995 2300.09 0.0439349 479211 -0.0981722 0.706884
0.004365 2223.97 0.0704236 479211 -0.0648356 0.735372
0.007535 959.893 0.158137 479214 -0.0358993 1.69322
0.001855 1918.64 0.123029 479211 0.00251323 0.855329
0.006505 2381.73 0.0278271 479211 -0.100376 0.681298
0.005335 2227.63 0.0566354 479211 -0.0851541 0.731841
0.000635 1495 0.161157 479212 0.0218024 1.09596
0.006005 2301.39 0.0437008 479211 -0.0983906 0.706451
0.004375 2223.67 0.0702985 479211 -0.0650748 0.735449
0.001865 1922.02 0.122707 479211 0.00228426 0.853829
0.002675 2141.65 0.0994206 479211 -0.0187409 0.766287
0.001875 1925.4 0.122386 479211 0.00205478 0.852338
0.002685 2143.37 0.0991732 479211 -0.018981 0.765668
0.001885 1928.77 0.122066 479211 0.00182479 0.850857
9.5e-05 1402.95 0.168992 479211 0.0228042 1.16733
0.002695 2145.08 0.0989269 479211 -0.0192331 0.765053
0.001895 1932.12 0.121746 479211 0.00159428 0.849384
0.000105 1403.44 0.168951 479211 0.0228091 1.16693
0.002705 2146.78 0.0986816 479211 -0.0195 0.764441
0.004605 2218.5 0.0673889 479211 -0.0705994 0.736629
0.001905 1935.47 0.121426 479211 0.00136323 0.84792
0.000115 1403.98 0.168905 479211 0.0228144 1.16648
0.002715 2148.47 0.0984373 479211 -0.0197781 0.763835
0.004615 2218.23 0.0672598 479211 -0.0708521 0.736694
0.003075 2196.45 0.0903437 479211 -0.0298592 0.746851
0.002725 2150.14 0.0981941 479211 -0.0200623 0.763235
0.000125 1404.56 0.168855 479211 0.02282 1.166
0.001915 1938.81 0.121108 479211 0.00113163 0.846464
0.004625 2217.96 0.0671303 479211 -0.0711038 0.736761
0.003085 2197.45 0.0901381 479211 -0.0301438 0.746501
0.002735 2151.8 0.097952 479211 -0.0203488 0.76264
0.000135 1405.2 0.168801 479211 0.0228261 1.16547
0.001465 1780.82 0.135915 479211 0.0109261 0.921156
0.000735 1524.04 0.158663 479212 0.0211776 1.07523
0.000145 1405.89 0.168743 479211 0.0228324 1.16491
0.002155 2016.08 0.113685 479211 -0.00470393 0.814112
0.001475 1784.47 0.13558 479211 0.0107278 0.919284
0.000155 1406.63 0.168681 479211 0.0228383 1.1643
0.000745 1527.09 0.1584 479212 0.0211053 1.0731
0.001485 1788.11 0.135245 479211 0.0105283 0.917422
0.002165 2019.16 0.113387 479211 -0.00497128 0.812873
0.000165 1407.41 0.168614 479211 0.0228425 1.16365
0.002385 2079.73 0.107046 479211 -0.0111471 0.789206
0.000755 1530.16 0.158135 479212 0.0210302 1.07096
0.001495 1791.75 0.134911 479211 0.0103277 0.91557
0.002175 2022.23 0.113089 479211 -0.00525048 0.811642
0.000175 1408.25 0.168544 479211 0.0228436 1.16297
0.003945 2231.53 0.0758238 479211 -0.0541583 0.733772
0.000765 1533.25 0.157868 479212 0.0209523 1.06881
0.001505 1795.39 0.134576 479211 0.0101259 0.913727
0.002395 2082.2 0.106768 479211 -0.0114238 0.788268
0.002185 2025.28 0.112791 479211 -0.00554295 0.81042
0.000185 1409.13 0.168469 479211 0.0228399 1.16224
0.003955 2231.46 0.0756885 479211 -0.0544226 0.733776
0.000775 1536.37 0.157599 479212 0.0208719 1.06666
0.007545 948.907 0.159696 479213 -0.033424 1.71298
0.001515 1799.02 0.134242 479211 0.009923 0.911894
0.002405 2084.65 0.106492 479211 -0.0117006 0.787338
0.002195 2028.32 0.112495 479211 -0.00584483 0.809208
0.000195 1410.07 0.16839 479211 0.0228303 1.16148
0.003965 2231.38 0.0755537 479211 -0.0546865 0.733782
0.000785 1539.52 0.157328 479212 0.020789 1.0645
0.001525 1802.65 0.133907 479211 0.009719 0.910071
0.007555 938.622 0.161148 479213 -0.0309426 1.7319
0.002415 2087.1 0.106217 479211 -0.0119778 0.786415
0.000205 1411.05 0.168307 479211 0.0228147 1.16068
0.002205 2031.34 0.1122 479211 -0.00614781 0.808005
0.003975 2231.29 0.0754194 479211 -0.0549498 0.733791
0.000795 1542.68 0.157055 479212 0.020704 1.06233
0.001535 1806.27 0.133573 479211 0.00951392 0.908257
0.007565 929.057 0.162493 479213 -0.0284577 1.74987
0.002425 2089.52 0.105943 479211 -0.0122555 0.785499
0.000215 1412.08 0.168219 479211 0.0227944 1.15984
0.002215 2034.35 0.111906 479212 -0.00644291 0.806811
0.001545 1809.88 0.133239 479211 0.00930778 0.906454
0.000805 1545.87 0.15678 479212 0.0206169 1.06016
0.003985 2231.19 0.0752856 479211 -0.0552126 0.733803
0.006515 2384.77 0.0274042 479211 -0.100247 0.680413
0.000225 1413.16 0.168128 479211 0.0227719 1.15896
0.007575 920.229 0.163729 479213 -0.0259715 1.76679
0.002435 2091.94 0.10567 479211 -0.0125334 0.784591
0.001555 1813.49 0.132905 479211 0.0091006 0.90466
0.002225 2037.34 0.111612 479211 -0.00672382 0.805627
0.000815 1549.07 0.156502 479212 0.0205278 1.05798
0.003995 2231.08 0.0751521 479211 -0.0554749 0.733818
0.006525 2387.86 0.0269776 479211 -0.10013 0.679516
0.000235 1414.28 0.168033 479211 0.0227505 1.15804
0.007585 912.152 0.164857 479213 -0.0234861 1.78256
0.002445 2094.34 0.105397 479211 -0.0128098 0.78369
0.001565 1817.1 0.132571 479211 0.00889242 0.902875
0.002235 2040.23 0.11132 479211 -0.00699717 0.804486
0.000825 1552.3 0.156223 479212 0.0204368 1.05579
0.000245 1415.46 0.167933 479211 0.0227332 1.15709
0.004005 2230.97 0.0750191 479211 -0.0557366 0.733836
0.006535 2391 0.0265476 479211 -0.100027 0.678608
0.005345 2228.21 0.0564665 479211 -0.0853396 0.731623
0.006545 2394.19 0.0261145 479211 -0.0999385 0.67769
0.006015 2302.69 0.0434646 479211 -0.0986092 0.70602
0.005355 2228.8 0.056297 479211 -0.0855273 0.731404
0.006555 2397.41 0.0256787 479211 -0.0998744 0.676762
0.004385 2223.36 0.0701734 479212 -0.065312 0.735527
0.005365 2229.4 0.056127 479211 -0.0857175 0.731184
0.006025 2303.99 0.043226 479211 -0.0988283 0.705589
0.006565 2400.68 0.0252405 479211 -0.0996431 0.675827
0.004395 2223.19 0.0700482 479211 -0.0655583 0.735562
0.005375 2229.99 0.0559564 479211 -0.0859099 0.730963
0.006035 2305.29 0.0429851 479211 -0.0990478 0.70516
0.006575 2403.86 0.0248098 479190 -0.104719 0.674889
0.004635 2217.68 0.0670005 479211 -0.0713523 0.73683
0.004405 2223.01 0.069923 479211 -0.0657995 0.735599
0.005385 2230.59 0.0557852 479211 -0.0861042 0.73074
0.006045 2306.58 0.0427418 479211 -0.0992679 0.704732
0.006585 2400.29 0.0250191 479212 -0.109636 0.675909
0.004645 2217.4 0.0668704 479211 -0.0715924 0.7369
0.004415 2222.82 0.0697977 479211 -0.0660397 0.735638
0.005395 2231.2 0.0556135 479211 -0.0862982 0.730515
0.006595 2396.68 0.0252304 479211 -0.109109 0.676913
0.006055 2307.87 0.042496 479211 -0.0994887 0.704306
0.003095 2198.43 0.0899336 479211 -0.0304281 0.746156
0.004655 2217.11 0.0667401 479212 -0.0718257 0.736971
0.005405 2231.82 0.0554414 479212 -0.0864907 0.730288
0.004425 2222.63 0.0696723 479211 -0.0662788 0.735678
0.006605 2393.14 0.0254357 479211 -0.108823 0.677899
0.006065 2309.16 0.0422477 479211 -0.09971 0.703881
0.002745 2153.45 0.0977109 479211 -0.0206356 0.762051
0.003105 2199.41 0.08973 479211 -0.0307124 0.745815
0.004665 2217.01 0.0666092 479211 -0.0720633 0.73698
0.005415 2232.71 0.0552685 479211 -0.0866923 0.729968
0.004435 2222.44 0.0695469 479211 -0.0665169 0.735719
0.006615 2389.68 0.0256354 479211 -0.108544 0.678867
0.006075 2310.44 0.0419968 479211 -0.0999319 0.703457
0.002755 2155.08 0.0974708 479211 -0.0209221 0.761468
0.003115 2200.37 0.0895275 479211 -0.0309965 0.745479
0.005425 2233.62 0.0550952 479211 -0.086887 0.729645
0.004675 2216.91 0.066478 479211 -0.0722874 0.736989
0.004445 2222.24 0.0694213 479211 -0.0667542 0.735763
0.001575 1820.7 0.132237 479211 0.00868324 0.901101
0.004455 2222.03 0.0692957 479211 -0.0669907 0.735807
0.007595 904.842 0.165874 479213 -0.0210032 1.79707
0.001585 1824.29 0.131904 479211 0.00847309 0.899336
0.004465 2221.82 0.0691699 479211 -0.0672266 0.735853
0.007605 898.311 0.16678 479213 -0.0185237 1.81024
0.004475 2221.61 0.069044 479211 -0.0674621 0.735901
0.001595 1827.88 0.13157 479211 0.00826201 0.897582
0.007615 892.569 0.167575 479212 -0.0160479 1.82197
0.002455 2096.65 0.105126 479211 -0.0130907 0.782823
0.007625 887.628 0.168258 479212 -0.013576 1.8322
0.002465 2098.95 0.104856 479211 -0.0133689 0.781964
0.000835 1555.55 0.155942 479212 0.0203439 1.0536
0.007635 883.497 0.168828 479212 -0.0111076 1.84083
0.000255 1416.68 0.167829 479211 0.0227217 1.1561
0.002475 2101.23 0.104587 479211 -0.0136461 0.781112
0.004015 2230.84 0.0748866 479211 -0.0559976 0.733856
0.000845 1558.81 0.155659 479212 0.0202492 1.05141
0.007645 880.182 0.169284 479212 -0.00864299 1.84782
0.000265 1417.95 0.167722 479211 0.0227164 1.15507
0.002485 2103.5 0.104319 479211 -0.0139224 0.780266
0.000855 1562.1 0.155375 479212 0.0201525 1.04922
0.004025 2230.71 0.0747544 479211 -0.056258 0.73388
0.007655 877.69 0.169627 479212 -0.0061829 1.8531
0.000275 1419.27 0.16761 479211 0.022716 1.154
0.002495 2105.75 0.104052 479211 -0.0141975 0.779427
0.000865 1565.4 0.155088 479212 0.020054 1.04702
0.004035 2230.57 0.0746226 479211 -0.0565177 0.733905
0.007665 876.026 0.169856 479212 -0.00374807 1.85665
0.000285 1420.64 0.167494 479211 0.0227185 1.1529
0.002505 2108 0.103786 479211 -0.0144706 0.778595
0.000875 1568.72 0.1548 479212 0.0199536 1.04482
0.004045 2230.42 0.0744913 479211 -0.0567767 0.733934
0.007675 875.193 0.16997 479213 -0.00124039 1.85843
0.000295 1422.05 0.167374 479211 0.0227214 1.15177
0.002515 2110.23 0.103521 479211 -0.0147392 0.777769
0.000885 1572.06 0.15451 479212 0.0198512 1.04261
0.004055 2230.27 0.0743603 479211 -0.0570349 0.733965
0.000305 1423.51 0.167251 479211 0.022723 1.15059
0.000895 1575.42 0.154218 479212 0.0197469 1.04041
0.002525 2112.34 0.103257 479211 -0.0150089 0.77699
0.006625 2386.3 0.0258295 479211 -0.108279 0.679817
0.004065 2230.1 0.0742296 479211 -0.0572924 0.733999
0.000315 1425.01 0.167123 479211 0.0227225 1.14939
0.000905 1578.79 0.153925 479212 0.0196408 1.0382
0.002535 2114.43 0.102994 479211 -0.015272 0.776216
0.004075 2229.93 0.0740993 479211 -0.0575479 0.734035
0.002765 2156.69 0.0972318 479211 -0.0212085 0.76089
0.005435 2234.53 0.0549212 479211 -0.0870744 0.729321
0.004085 2229.75 0.0739695 479212 -0.0578011 0.734073
0.003125 2201.31 0.089326 479211 -0.0312806 0.745147
0.004685 2216.81 0.0663464 479211 -0.0725046 0.736999
0.003135 2202.25 0.0891255 479211 -0.0315647 0.74482
0.004695 2216.71 0.0662143 479211 -0.0727163 0.737009
0.000915 1582.18 0.15363 479212 0.0195327 1.03599
0.003145 2203.17 0.088926 479211 -0.0318488 0.744498
0.006635 2382.98 0.0260185 479211 -0.108028 0.68075
0.004705 2216.61 0.0660819 479211 -0.0729247 0.737019
0.003155 2204.07 0.0887275 479211 -0.032133 0.744179
0.002545 2116.52 0.102732 479211 -0.0155308 0.775448
0.000925 1585.58 0.153334 479212 0.0194227 1.03378
0.006645 2379.74 0.0262025 479211 -0.107789 0.681666
0.003165 2204.97 0.08853 479211 -0.0324175 0.743865
0.004715 2216.51 0.0659491 479211 -0.0731319 0.737028
0.002555 2118.59 0.102471 479211 -0.0157865 0.774685
0.002775 2158.3 0.0969939 479211 -0.021495 0.760319
0.000935 1589 0.153036 479212 0.0193108 1.03158
0.003175 2205.85 0.0883335 479211 -0.0327021 0.743556
0.006655 2376.56 0.0263816 479211 -0.107562 0.682565
0.004725 2216.41 0.0658158 479211 -0.0733393 0.737038
0.000945 1592.44 0.152737 479212 0.019197 1.02937
0.004095 2229.64 0.0738399 479211 -0.0580623 0.734088
0.002785 2159.88 0.096757 479211 -0.0217818 0.759753
0.000955 1595.88 0.152436 479212 0.0190814 1.02716
0.003185 2206.72 0.088138 479211 -0.0329871 0.743251
0.004105 2229.52 0.0737106 479211 -0.0583192 0.734106
0.002795 2161.46 0.0965212 479211 -0.0220689 0.759192
0.006665 2373.45 0.026556 479211 -0.107347 0.683448
0.004735 2216.31 0.0656821 479211 -0.0735478 0.737047
0.003195 2207.58 0.0879435 479211 -0.0332723 0.742951
0.006675 2370.4 0.026726 479211 -0.107141 0.684315
0.004115 2229.4 0.0735816 479211 -0.0585756 0.734126
0.004745 2216.21 0.065548 479211 -0.0737576 0.737056
0.006685 2367.42 0.0268916 479211 -0.106945 0.685167
0.002805 2163.02 0.0962864 479211 -0.0223539 0.758638
0.004755 2216.11 0.0654134 479211 -0.0739687 0.737065
0.004125 2229.27 0.073453 479211 -0.0588315 0.734148
0.002815 2164.46 0.0960527 479211 -0.0226436 0.758125
0.006695 2364.5 0.027053 479211 -0.106757 0.686002
0.004765 2216.01 0.0652783 479211 -0.0741807 0.737075
0.002825 2165.89 0.0958201 479211 -0.0229302 0.757618
0.004135 2229.13 0.0733246 479211 -0.0590869 0.734173
0.006705 2361.63 0.0272102 479211 -0.106577 0.686823
0.004775 2215.91 0.0651428 479211 -0.0743933 0.737084
0.002835 2167.3 0.0955884 479211 -0.0232162 0.757116
0.004145 2228.98 0.0731965 479211 -0.0593419 0.7342
0.006715 2358.83 0.0273635 479211 -0.106406 0.687628
0.004785 2215.81 0.0650068 479211 -0.0746062 0.737094
0.002845 2168.7 0.0953579 479211 -0.023502 0.75662
0.004155 2228.83 0.0730687 479211 -0.0595964 0.73423
0.004795 2215.71 0.0648702 479211 -0.0748191 0.737103
0.002855 2170.09 0.0951284 479211 -0.0237876 0.756128
0.002865 2171.46 0.0948999 479211 -0.024073 0.755642
0.002875 2172.82 0.0946725 479211 -0.0243584 0.755162
