0.006725 341.4 0.232917 181219 0.0458877 1.84186
0.006735 341.458 0.232917 181219 0.0453773 1.84155
0.006745 341.509 0.232917 181219 0.0449163 1.84127
0.006755 341.549 0.232917 181219 0.0444248 1.84106
0.006765 341.579 0.232917 181219 0.0439357 1.8409
0.006775 341.598 0.232917 181219 0.0434558 1.8408
0.006785 341.607 0.232917 181219 0.0429532 1.84075
0.006795 341.607 0.232917 181219 0.0424655 1.84075
0.006805 341.597 0.232917 181219 0.0419681 1.8408
0.006815 341.578 0.232917 181219 0.0414909 1.8409
0.006825 341.549 0.232917 181219 0.0410257 1.84106
0.006835 341.511 0.232917 181219 0.0405177 1.84126
0.006845 341.575 0.232917 181219 0.0400105 1.84092
0.006855 341.631 0.232917 181219 0.0395571 1.84062
0.007045 342.122 0.232917 181219 0.0303485 1.83798
0.006865 341.68 0.232917 181219 0.0390733 1.84036
0.007055 342.113 0.232917 181219 0.0298623 1.83803
0.007065 342.209 0.232917 181219 0.0293565 1.83751
0.007075 342.299 0.232917 181219 0.0289074 1.83703
0.006875 341.719 0.232917 181219 0.03859 1.84015
0.007085 342.382 0.232917 181219 0.0284278 1.83658
0.007095 342.457 0.232918 181219 0.0279494 1.83618
0.007105 342.524 0.232918 181219 0.0274696 1.83582
0.007115 342.583 0.232918 181219 0.0269894 1.83551
0.006885 341.749 0.232917 181219 0.0381058 1.83999
0.007125 342.633 0.232918 181219 0.0265087 1.83524
0.007135 342.676 0.232918 181219 0.0260281 1.83501
0.007145 342.71 0.232918 181219 0.0255471 1.83482
0.007155 342.736 0.232918 181219 0.0250772 1.83469
0.006895 341.769 0.232917 181219 0.0376268 1.83987
0.007165 342.754 0.232918 181219 0.0245807 1.83459
0.007175 342.881 0.232918 181219 0.0240871 1.83391
0.006085 343.269 0.232527 181220 0.0764761 1.83113
0.007185 343.003 0.232918 181219 0.0236362 1.83326
0.006905 341.78 0.232917 181219 0.0371328 1.83981
0.007195 343.118 0.232918 181219 0.0231622 1.83264
0.007205 343.227 0.232918 181219 0.0226899 1.83206
0.007215 343.33 0.232918 181219 0.0222169 1.83151
0.006095 343.144 0.232556 181220 0.0760274 1.83184
0.006915 341.782 0.232917 181219 0.0366407 1.83981
0.007225 343.426 0.232918 181219 0.0217439 1.831
0.006105 343.019 0.232584 181220 0.0755832 1.83255
0.006925 341.774 0.232917 181219 0.0361395 1.83985
0.007235 343.516 0.232918 181219 0.0212706 1.83052
0.006115 342.893 0.23261 181220 0.0751399 1.83326
0.006935 341.756 0.232917 181219 0.0356788 1.83995
0.001605 1422.05 0.14596 181220 0.0858691 0.437415
0.007245 343.599 0.232918 181219 0.0207967 1.83008
0.006125 342.766 0.232634 181220 0.0746958 1.83397
0.006945 341.728 0.232917 181219 0.0351764 1.8401
0.007255 343.675 0.232918 181219 0.0203223 1.82967
0.001615 1429.53 0.145265 181220 0.0855785 0.435119
0.006135 342.639 0.232656 181220 0.07425 1.83469
0.006955 341.804 0.232917 181219 0.0346697 1.83969
0.007265 343.744 0.232918 181219 0.0198461 1.8293
0.001625 1436.99 0.14457 181220 0.0852814 0.432852
0.006145 342.51 0.232676 181220 0.0737987 1.83541
0.006965 341.874 0.232917 181219 0.0342186 1.83931
0.007365 345.017 0.232918 181219 0.0150684 1.82256
0.007275 343.807 0.232918 181219 0.01938 1.82897
0.001635 1444.44 0.143876 181220 0.0849779 0.430613
0.006155 342.378 0.232695 181220 0.0733569 1.83615
0.006975 341.935 0.232917 181219 0.0337372 1.83898
0.007375 345.127 0.232918 181219 0.0145886 1.82198
0.007285 343.862 0.232918 181220 0.0188889 1.82868
0.001645 1451.87 0.143181 181220 0.0846681 0.428402
0.006985 341.988 0.232917 181219 0.0332566 1.8387
0.006165 342.241 0.232713 181220 0.0728749 1.83691
0.007385 345.229 0.232918 181219 0.0141179 1.82144
0.007295 344.031 0.232918 181219 0.0184015 1.82778
0.001655 1459.29 0.142487 181220 0.0843521 0.426218
0.006995 342.033 0.232917 181219 0.0327745 1.83846
0.006175 342.219 0.232729 181220 0.0723977 1.83706
0.007395 345.323 0.232918 181220 0.0136291 1.82094
0.007305 344.194 0.232918 181219 0.0179412 1.82691
0.001665 1466.69 0.141793 181220 0.0840298 0.424061
0.007005 342.068 0.232917 181219 0.0322921 1.83827
0.006185 342.193 0.232744 181220 0.0719493 1.83722
0.007405 345.532 0.232918 181219 0.0131447 1.81984
0.007315 344.35 0.232918 181219 0.0174637 1.82608
0.001675 1474.07 0.1411 181220 0.0837013 0.42193
0.007015 342.096 0.232917 181219 0.0318098 1.83812
0.006195 342.162 0.232758 181220 0.0714787 1.83742
0.007415 345.736 0.232918 181219 0.0126809 1.81877
0.007325 344.499 0.232918 181219 0.016986 1.8253
0.001685 1481.43 0.140407 181220 0.0833667 0.419826
0.007025 342.114 0.232917 181219 0.0313353 1.83802
0.006205 342.123 0.232771 181220 0.0710071 1.83765
0.007425 345.932 0.232918 181219 0.0122053 1.81773
0.007335 344.64 0.232918 181219 0.0165071 1.82455
0.001695 1488.78 0.139714 181220 0.0830259 0.417748
0.007035 342.123 0.232917 181219 0.0308345 1.83797
0.006215 342.078 0.232783 181220 0.0705356 1.83791
0.007435 346.122 0.232918 181219 0.01173 1.81674
0.007345 344.774 0.232918 181219 0.0160276 1.82384
0.001705 1496.11 0.139021 181220 0.0826792 0.415695
0.006225 342.026 0.232794 181220 0.0700649 1.83821
0.007355 344.899 0.232918 181219 0.0155479 1.82318
0.007445 346.305 0.232918 181219 0.0112539 1.81578
0.001715 1503.42 0.138329 181220 0.0823264 0.413668
0.006405 341.5 0.232893 181219 0.0614306 1.84125
0.001725 1510.71 0.137638 181220 0.0819676 0.411665
0.001925 1652.34 0.123925 181220 0.0736104 0.376274
0.001735 1517.98 0.136947 181220 0.0816029 0.409686
0.006415 341.522 0.232895 181219 0.0609527 1.84114
0.001935 1659.19 0.123246 181220 0.0731371 0.374715
0.001745 1525.24 0.136256 181220 0.0812323 0.407731
0.006425 341.535 0.232897 181219 0.0604723 1.84107
0.001945 1666.02 0.122569 181220 0.0726588 0.373173
0.002245 1859.81 0.102682 181220 0.0562786 0.334159
0.001755 1532.47 0.135566 181220 0.080856 0.4058
0.006435 341.539 0.232899 181219 0.0599763 1.84106
0.001955 1672.83 0.121892 181220 0.0721757 0.371649
0.001285 1176.89 0.168087 181220 0.0915496 0.528878
0.002255 1865.89 0.102035 181220 0.0556737 0.333067
0.001765 1539.69 0.134876 181220 0.0804738 0.403892
0.001965 1679.62 0.121216 181220 0.0716878 0.370143
0.006445 341.534 0.232901 181219 0.0594785 1.84109
0.002265 1871.94 0.101389 181220 0.0550656 0.331987
0.001775 1546.89 0.134187 181220 0.0800859 0.402007
0.001295 1184.64 0.167406 181220 0.0914842 0.525404
0.006455 341.519 0.232902 181219 0.0589939 1.84117
0.001975 1686.38 0.120542 181220 0.0711951 0.368654
0.003205 2287.67 0.0451399 181220 -0.00742226 0.271223
0.002275 1877.96 0.100744 181220 0.0544543 0.330918
0.001785 1554.06 0.133498 181220 0.0796922 0.400145
0.001305 1192.4 0.166723 181220 0.0914112 0.521975
0.001985 1693.12 0.119868 181220 0.0706976 0.367181
0.006465 341.495 0.232904 181219 0.0585075 1.84131
0.002285 1883.96 0.1001 181220 0.0538399 0.32986
0.003215 2290.51 0.0445748 181220 -0.00803152 0.270881
0.001995 1699.84 0.119194 181220 0.0701955 0.365726
0.001795 1561.22 0.13281 181220 0.079293 0.398305
0.006475 341.46 0.232905 181219 0.0580165 1.8415
0.001315 1200.15 0.166039 181220 0.0913307 0.518591
0.002295 1889.93 0.0994577 181220 0.0532224 0.328813
0.003225 2293.34 0.0440101 181220 -0.00863779 0.270541
0.002005 1706.53 0.118522 181220 0.0696888 0.364287
0.001805 1568.36 0.132122 181220 0.0788881 0.396487
0.002565 2041.53 0.0825308 181220 0.0356079 0.304281
0.006485 341.414 0.232906 181219 0.0575461 1.84175
0.002305 1895.87 0.0988163 181220 0.052602 0.327778
0.001325 1207.9 0.165354 181220 0.0912428 0.515252
0.003235 2296.15 0.0434457 181220 -0.0092411 0.270203
0.002015 1713.2 0.117851 181220 0.0691775 0.362864
0.001815 1575.47 0.131435 181220 0.0784777 0.394691
0.006495 341.357 0.232907 181219 0.0570312 1.84206
0.002315 1901.79 0.0981759 181220 0.0519786 0.326753
0.002575 2046.79 0.0819194 181220 0.0349291 0.303494
0.001335 1215.65 0.164668 181220 0.0911474 0.511956
0.003245 2298.96 0.0428816 181220 -0.00984148 0.269868
0.003525 2374.45 0.0271859 181220 -0.0254064 0.261121
0.002025 1719.84 0.11718 181220 0.0686617 0.361458
0.001825 1582.57 0.130749 181220 0.0780618 0.392916
0.006505 341.401 0.232908 181219 0.0565244 1.84183
0.002325 1907.69 0.0975367 181220 0.0513524 0.325739
0.002585 2052.03 0.0813091 181220 0.0342491 0.302715
0.001345 1223.39 0.163981 181220 0.0910446 0.508703
0.003255 2301.75 0.0423179 181220 -0.010439 0.269534
0.003535 2377.08 0.0266277 181220 -0.0259009 0.260826
0.002035 1726.46 0.116511 181220 0.0681414 0.360067
0.001835 1589.64 0.130063 181220 0.0776405 0.391162
0.006515 341.438 0.232909 181219 0.0560714 1.84163
0.002335 1913.56 0.0968986 181220 0.0507233 0.324735
0.001355 1231.13 0.163293 181220 0.0909344 0.505492
0.002595 2057.24 0.0806999 181220 0.033568 0.301943
0.003265 2304.54 0.0417544 181220 -0.0110336 0.269202
0.003545 2379.7 0.0260696 181220 -0.0263904 0.260532
0.002045 1733.06 0.115842 181220 0.0676167 0.358692
0.001845 1596.69 0.129379 181220 0.0772137 0.389429
0.006525 341.466 0.23291 181219 0.0555898 1.84148
0.002345 1919.4 0.0962616 181220 0.0500914 0.323742
0.001365 1238.87 0.162605 181220 0.0908168 0.502324
0.002605 2062.42 0.0800918 181220 0.0328858 0.301179
0.003275 2307.31 0.0411913 181220 -0.0116254 0.268873
0.002055 1739.63 0.115175 181220 0.0670876 0.357332
0.003555 2382.32 0.0255116 181220 -0.026875 0.26024
0.001855 1603.73 0.128694 181220 0.0767815 0.387716
0.006535 341.486 0.232911 181219 0.0551146 1.84138
0.002355 1925.22 0.0956257 181220 0.0494568 0.322759
0.001375 1246.6 0.161916 181220 0.0906918 0.499197
0.002615 2067.59 0.0794847 181220 0.0322027 0.300422
0.003285 2310.08 0.0406284 181220 -0.0122145 0.268545
0.002065 1746.18 0.114508 181220 0.0665542 0.355987
0.003565 2384.94 0.0249536 181220 -0.0273546 0.259948
0.001865 1610.74 0.128011 181220 0.0763441 0.386023
0.006545 341.497 0.232911 181219 0.05462 1.84132
0.002365 1931.01 0.094991 181220 0.0488195 0.321787
0.001385 1254.33 0.161226 181220 0.0905596 0.49611
0.002625 2072.73 0.0788787 181220 0.0315187 0.299673
0.003295 2312.83 0.0400658 181220 -0.0128008 0.268219
0.002075 1752.7 0.113842 181220 0.0660166 0.354658
0.003575 2387.55 0.0243957 181220 -0.0278294 0.259657
0.001875 1617.72 0.127328 181220 0.0759013 0.38435
0.006555 341.498 0.232912 181219 0.0541288 1.84131
0.002375 1936.78 0.0943573 181220 0.0481797 0.320824
0.002635 2077.84 0.0782738 181220 0.030834 0.298931
0.001395 1262.05 0.160536 181220 0.0904201 0.493064
0.003305 2315.58 0.0395035 181220 -0.0133844 0.267895
0.002085 1759.2 0.113178 181220 0.0654748 0.353343
0.001885 1624.69 0.126646 181220 0.0754534 0.382697
0.003585 2390.17 0.0238378 181220 -0.0282993 0.259367
0.006565 341.489 0.232912 181219 0.0536263 1.84136
0.002385 1942.52 0.0937248 181220 0.0475372 0.319872
0.002645 2082.93 0.07767 181220 0.0301485 0.298196
0.001405 1269.77 0.159845 181220 0.0902733 0.490058
0.002095 1765.68 0.112514 181220 0.0649288 0.352043
0.003315 2318.32 0.0389415 181220 -0.0139653 0.267573
0.001895 1631.64 0.125964 181220 0.0750003 0.381063
0.003595 2392.78 0.02328 181220 -0.0287645 0.259078
0.006575 341.47 0.232913 181219 0.0531453 1.84147
0.002395 1948.24 0.0930934 181220 0.0468923 0.318929
0.002655 2088 0.0770672 181220 0.0294624 0.297467
0.001415 1277.48 0.159154 181220 0.0901193 0.48709
0.002105 1772.13 0.111851 181220 0.0643788 0.350757
0.003325 2321.05 0.0383797 181220 -0.0145436 0.267252
0.001905 1638.56 0.125284 181220 0.074542 0.379448
0.003605 2395.39 0.0227221 181220 -0.0292251 0.258789
0.006585 341.441 0.232913 181219 0.0526549 1.84163
0.002405 1953.93 0.0924631 181220 0.046245 0.317996
0.002665 2093.04 0.0764654 181220 0.0287758 0.296746
0.001425 1285.18 0.158462 181220 0.0899582 0.484161
0.002115 1778.55 0.111189 181220 0.0638247 0.349485
0.001915 1645.46 0.124604 181220 0.0740787 0.377852
0.003615 2397.99 0.0221643 181220 -0.0296811 0.258502
0.003335 2323.77 0.0378181 181220 -0.0151193 0.266933
0.006595 341.401 0.232914 181219 0.0521844 1.84184
0.002415 1959.59 0.091834 181220 0.0455953 0.317072
0.002675 2098.05 0.0758647 181220 0.0280888 0.296032
0.002885 2186.68 0.0634651 181220 0.013569 0.283931
0.002685 2103.05 0.075265 181220 0.0274013 0.295324
0.004165 2197.49 0.0232498 181220 -0.0741223 0.28164
0.002695 2108.02 0.0746664 181220 0.0267136 0.294623
0.002895 2190.24 0.0628833 181220 0.0128807 0.283464
0.004175 2191.36 0.0235026 181220 -0.0740066 0.28242
0.002705 2112.97 0.0740688 181220 0.0260256 0.293928
0.002905 2193.79 0.0623023 181220 0.0121936 0.283001
0.005765 360.546 0.229103 181220 0.0874873 1.74024
0.004185 2185.25 0.0237532 181220 -0.0738762 0.283202
0.002715 2117.89 0.0734722 181220 0.0253376 0.29324
0.002915 2197.31 0.061722 181220 0.0115078 0.282542
0.003845 2367.88 0.0175581 181220 -0.055746 0.261621
0.005775 359.326 0.229337 181220 0.0873133 1.74632
0.004195 2179.16 0.0240014 181220 -0.073731 0.283985
0.002725 2122.79 0.0728766 181220 0.0246496 0.292558
0.002925 2200.82 0.0611423 181220 0.0108232 0.282086
0.005785 358.157 0.229559 181220 0.0871221 1.75219
0.003855 2365.58 0.0174456 181220 -0.0560028 0.261868
0.004485 1835.03 0.0464441 181220 -0.0707819 0.337026
0.002935 2204.31 0.0605633 181220 0.0101401 0.281634
0.004205 2173.11 0.0242472 181220 -0.0735706 0.28477
0.002735 2127.65 0.072282 181219 0.0239585 0.291883
0.005795 357.035 0.229768 181220 0.0869127 1.75786
0.003865 2363.29 0.0173319 181220 -0.0562585 0.262114
0.002945 2207.78 0.059985 181220 0.00945849 0.281186
0.004495 1822.53 0.0472789 181220 -0.069272 0.339333
0.004215 2167.08 0.0244905 181220 -0.0733949 0.285554
0.002745 2132.16 0.0716884 181220 0.0232689 0.291262
0.005805 355.956 0.229966 181220 0.086683 1.76334
0.000965 933.12 0.189005 181220 0.0896412 0.667684
0.003875 2361.01 0.017217 181220 -0.0565134 0.262359
0.002955 2211.23 0.0594073 181220 0.00877841 0.280742
0.004505 1810.12 0.0481081 181220 -0.0677169 0.341657
0.004225 2161.08 0.0247312 181220 -0.0732178 0.28634
0.002755 2136.63 0.0710957 181219 0.0225745 0.290647
0.005445 459.623 0.211658 181220 0.081159 1.35852
0.005815 354.917 0.230153 181220 0.086431 1.76866
0.000975 940.465 0.188389 181220 0.0898161 0.662446
0.003885 2358.75 0.0171008 181220 -0.0567676 0.262604
0.002965 2214.67 0.0588303 181220 0.00809995 0.280301
0.004515 1797.79 0.0489315 181220 -0.0661158 0.343997
0.004805 1275.14 0.101925 181221 -0.0299406 0.485179
0.004235 2155.11 0.0249694 181220 -0.0725786 0.287126
0.002765 2140.74 0.0705038 181220 0.0218812 0.290085
0.005825 353.912 0.23033 181220 0.0861645 1.77383
0.005455 453.67 0.212578 181221 0.0818463 1.37661
0.003895 2356.49 0.0169833 181220 -0.0570217 0.262847
0.000985 947.837 0.18777 181220 0.0899839 0.65727
0.002975 2218.09 0.0582539 181220 0.00742317 0.279863
0.004525 1785.55 0.049749 181220 -0.0644681 0.346353
0.004815 1255.25 0.104116 181221 -0.0274217 0.49289
0.004245 2148.91 0.0252234 181199 -0.0840396 0.287914
0.005835 353.151 0.230496 181220 0.0858973 1.77779
0.002775 2144.82 0.0699129 181220 0.0211866 0.289528
0.005465 448.578 0.213469 181220 0.0823767 1.3925
0.003905 2354.25 0.0168647 181220 -0.0572774 0.26309
0.000995 955.236 0.187147 181220 0.0901445 0.652157
0.002985 2221.49 0.0576781 181220 0.00674816 0.279429
0.004535 1773.4 0.0505603 181220 -0.062773 0.348724
0.004255 2135.81 0.026121 181220 -0.0952009 0.289705
0.004825 1235.4 0.106302 181221 -0.0249199 0.500836
0.005845 352.426 0.230653 181220 0.0856303 1.78158
0.005475 443.638 0.214333 181220 0.0829986 1.40827
0.002785 2148.88 0.0693227 181220 0.020492 0.288976
0.003915 2352.02 0.0167449 181220 -0.0572975 0.263332
0.001005 962.66 0.186522 181220 0.0902978 0.647105
0.002995 2224.87 0.0571029 181220 0.00607491 0.278999
0.004545 1761.35 0.0513653 181220 -0.0610299 0.351108
0.004265 2122.45 0.0270354 181220 -0.0940616 0.291519
0.004835 1215.59 0.108483 181221 -0.022436 0.509028
0.005855 351.735 0.230801 181220 0.0853434 1.78521
0.005485 438.847 0.21517 181220 0.083579 1.42391
0.002795 2152.92 0.0687334 181220 0.0197978 0.288429
0.003925 2349.63 0.0166371 181207 -0.0656733 0.263575
0.001015 970.108 0.185894 181220 0.090444 0.642115
0.003005 2228.23 0.0565283 181219 0.00540118 0.278572
0.004555 1749.41 0.0521636 181220 -0.0592385 0.353504
0.004275 2109.1 0.0279482 181220 -0.0933788 0.293356
0.004845 1195.81 0.110659 181221 -0.0199709 0.517478
0.005865 351.073 0.23094 181220 0.0850417 1.7887
0.002805 2156.94 0.068145 181220 0.0191043 0.287887
0.005495 434.2 0.215979 181220 0.0841251 1.43941
0.003935 2343.33 0.0169177 181220 -0.0739642 0.264294
0.001025 977.58 0.185262 181220 0.0905828 0.637186
0.003015 2231.35 0.0559543 181220 0.0047335 0.278178
0.004565 1737.57 0.0529552 181220 -0.0573944 0.355911
0.004285 2095.77 0.028859 181220 -0.0926499 0.295215
0.004855 1176.06 0.112829 181221 -0.0175254 0.526199
0.005875 350.438 0.231071 181220 0.0847269 1.79207
0.005505 429.694 0.216761 181220 0.0846339 1.45477
0.002815 2160.94 0.0675573 181220 0.0184114 0.287349
0.003945 2336.85 0.0172101 181220 -0.0738195 0.265018
0.001035 985.074 0.184628 181220 0.0907142 0.632317
0.003025 2234.44 0.0553809 181220 0.00406714 0.277788
0.004575 1725.85 0.0537398 181220 -0.055577 0.358328
0.004295 2082.44 0.0297678 181220 -0.0918899 0.297096
0.004865 1156.35 0.114993 181221 -0.0150988 0.535206
0.005885 349.827 0.231194 181220 0.0844003 1.79531
0.005515 425.326 0.217517 181220 0.0851054 1.46997
0.002825 2164.91 0.0669705 181219 0.0177163 0.286816
0.003035 2237.52 0.054808 181220 0.00340319 0.2774
0.001045 992.589 0.183992 181220 0.0908384 0.627509
0.003955 2330.39 0.0175012 181220 -0.0739158 0.265744
0.004585 1714.25 0.0545172 181220 -0.052636 0.360753
0.004305 2069.13 0.0306745 181220 -0.0910982 0.298999
0.004875 1136.66 0.117151 181221 -0.0126909 0.544513
0.005895 349.238 0.23131 181220 0.0840628 1.79845
0.005525 421.09 0.218246 181220 0.0855396 1.48502
0.003045 2240.58 0.0542356 181220 0.00274215 0.277016
0.002835 2168.59 0.0663844 181220 0.017025 0.286325
0.001055 1000.12 0.183352 181220 0.0909565 0.622761
0.003965 2323.93 0.0177909 181220 -0.0740051 0.266474
0.004595 1702.55 0.0553144 181198 -0.0686939 0.363189
0.004315 2055.83 0.0315788 181220 -0.0902743 0.300925
0.004885 1117 0.119302 181221 -0.010155 0.554138
0.005905 348.67 0.231419 181220 0.0837143 1.80149
0.005535 416.983 0.21895 181220 0.085936 1.49991
0.003055 2243.62 0.0536637 181220 0.00208404 0.276634
0.001065 1007.68 0.182711 181220 0.0910662 0.618072
0.002845 2172.25 0.0657991 181220 0.0163325 0.285838
0.003975 2317.49 0.0180792 181220 -0.0740892 0.267207
0.004605 1681.97 0.0575182 181221 -0.0838565 0.367677
0.004325 2042.55 0.0324807 181220 -0.0894179 0.302873
0.004895 1097.4 0.121445 181227 -0.00747435 0.564096
0.005915 348.118 0.231521 181220 0.0833542 1.80445
0.005545 413.001 0.219628 181220 0.0862933 1.51464
0.003065 2246.66 0.0530923 181220 0.00142889 0.276255
0.001075 1015.25 0.182066 181220 0.0911679 0.613443
0.003985 2311.05 0.0183661 181220 -0.0741679 0.267943
0.002855 2175.88 0.0652145 181220 0.0156402 0.285355
0.004335 2029.3 0.0333799 181220 -0.0885283 0.304844
0.004615 1661.2 0.0597493 181220 -0.0799958 0.372272
0.004905 1081.06 0.123611 181221 -0.00594003 0.572644
0.005925 347.582 0.231617 181220 0.0829845 1.80733
0.005555 409.137 0.220282 181220 0.0866097 1.5292
0.003075 2249.67 0.0525214 181220 0.000776731 0.275879
0.001085 1022.84 0.18142 181220 0.0912622 0.608871
0.003995 2304.62 0.0186515 181220 -0.0742409 0.268681
5e-06 534.164 0.221107 181220 0.0654012 1.17009
0.002865 2179.5 0.0646306 181220 0.0149488 0.284876
0.004345 2016.07 0.0342764 181220 -0.0876051 0.306837
0.004915 1064.87 0.125766 181221 -0.00360997 0.5814
0.004625 1640.48 0.0619806 181220 -0.0773646 0.376975
0.005935 347.058 0.231707 181220 0.0826044 1.81016
0.005565 405.387 0.22091 181220 0.0868835 1.5436
0.003085 2252.67 0.051951 181220 0.000127595 0.275506
0.001095 1030.45 0.180771 181220 0.0913489 0.604358
0.004005 2298.21 0.0189355 181220 -0.0743078 0.269423
1.5e-05 534.236 0.221102 181220 0.0654074 1.16993
0.004355 2002.86 0.0351699 181220 -0.0866478 0.308853
0.002875 2183.1 0.0640475 181220 0.0142584 0.284402
0.004925 1048.78 0.127908 181221 -0.00131517 0.59037
0.004635 1619.8 0.0642119 181220 -0.0746572 0.381788
0.005575 401.744 0.221515 181220 0.0871123 1.55786
0.003095 2255.66 0.051381 181220 -0.0005185 0.275135
0.005945 346.709 0.23179 181220 0.0822311 1.81206
0.005125 749.814 0.167522 181224 0.0410794 0.827813
0.005955 346.377 0.231869 181220 0.081866 1.81389
0.000645 720.074 0.206513 181220 0.0808627 0.866351
0.005135 737.877 0.169309 181221 0.04214 0.841325
0.005965 346.059 0.231943 181220 0.0814869 1.81564
0.000325 578.865 0.217684 181220 0.0701607 1.07911
0.000655 725.866 0.206047 181220 0.0812083 0.859401
0.005975 345.752 0.232012 181220 0.0810992 1.81733
0.005145 726.104 0.171072 181221 0.0441464 0.855105
0.005985 345.456 0.232077 181220 0.0807028 1.81896
0.000665 731.728 0.205574 181220 0.0815555 0.852479
0.000335 581.827 0.217454 181220 0.0704433 1.07358
0.005155 714.485 0.172811 181221 0.0458378 0.869155
0.005995 345.168 0.232137 181220 0.0802986 1.82055
0.000675 737.658 0.205096 181220 0.0818978 0.845589
0.006235 341.968 0.232804 181219 0.0695944 1.83854
0.000345 584.888 0.217217 181220 0.0707321 1.06792
0.006005 344.886 0.232193 181220 0.0798889 1.8221
0.005165 703.019 0.174526 181221 0.047584 0.883478
0.000685 743.655 0.204611 181220 0.0822362 0.838734
0.007455 346.48 0.232918 181219 0.0107773 1.81486
0.000355 588.048 0.216971 181220 0.0710268 1.06215
0.006245 341.903 0.232814 181219 0.0691232 1.83891
0.006015 344.611 0.232246 181220 0.0794789 1.82362
0.005175 691.709 0.176215 181221 0.0492961 0.898078
0.000695 749.717 0.20412 181220 0.0825702 0.831916
0.006605 341.35 0.232914 181219 0.05167 1.84212
0.000365 591.307 0.216718 181220 0.0713271 1.05625
0.006255 341.832 0.232822 181219 0.0686481 1.83931
0.007465 346.648 0.232918 181219 0.0103003 1.81398
0.006025 344.343 0.232295 181220 0.0790796 1.82511
0.000705 755.844 0.203624 181220 0.0828997 0.825137
0.005185 680.553 0.177879 181221 0.0509779 0.912957
0.000375 594.665 0.216456 181220 0.0716328 1.05025
0.006615 341.398 0.232914 181219 0.0511621 1.84186
0.006265 341.752 0.23283 181219 0.0681934 1.83975
0.007475 346.809 0.232918 181219 0.00982293 1.81314
0.006035 344.085 0.232341 181220 0.0786998 1.82653
0.000715 762.033 0.203122 181220 0.0832247 0.8184
0.005195 669.552 0.179518 181221 0.0526264 0.92812
0.000385 598.122 0.216187 181220 0.0719436 1.04414
0.006625 341.44 0.232915 181219 0.0507083 1.84164
0.006275 341.664 0.232838 181219 0.0676884 1.84024
0.007485 346.962 0.232918 181219 0.00934514 1.81234
0.006045 343.843 0.232384 181220 0.0783293 1.82788
0.000725 768.283 0.202614 181220 0.0835451 0.811707
0.005205 658.706 0.181131 181221 0.0542399 0.943571
0.000395 601.676 0.21591 181220 0.0722592 1.03793
0.006635 341.473 0.232915 181219 0.0502263 1.84146
0.006285 341.682 0.232844 181219 0.0672015 1.84016
0.007495 347.108 0.232918 181219 0.00886703 1.81157
0.006055 343.611 0.232423 181220 0.0778919 1.82917
0.000735 774.594 0.202101 181220 0.083861 0.805059
0.005215 648.014 0.182719 181221 0.0558163 0.959312
0.000405 605.328 0.215624 181220 0.0725794 1.03163
0.006645 341.498 0.232915 181219 0.0497464 1.84133
0.006295 341.694 0.23285 181219 0.0667588 1.8401
0.007505 347.247 0.232918 181219 0.00838862 1.81085
0.006065 343.505 0.23246 181220 0.0774091 1.82978
0.000745 780.963 0.201583 181220 0.0841723 0.79846
0.005225 637.474 0.18428 181221 0.0573537 0.97535
0.000415 609.077 0.215331 181220 0.072904 1.02524
0.006655 341.514 0.232915 181219 0.0492737 1.84124
0.006305 341.7 0.232856 181219 0.0662689 1.84009
0.007515 347.378 0.232918 181219 0.00790997 1.81017
0.006075 343.39 0.232495 181220 0.0769391 1.83044
0.000755 787.389 0.201059 181220 0.0844792 0.79191
0.005235 627.087 0.185815 181221 0.0588496 0.991689
0.000425 612.922 0.21503 181220 0.0732327 1.01877
0.006665 341.521 0.232916 181219 0.0487782 1.8412
0.006315 341.698 0.232861 181219 0.0657839 1.84011
0.007525 347.501 0.232918 181219 0.00743113 1.80953
0.000765 793.87 0.20053 181220 0.0847814 0.785412
0.005245 616.85 0.187323 181221 0.0603015 1.00833
0.001435 1292.87 0.157769 181220 0.0897898 0.48127
0.002125 1784.96 0.110529 181220 0.0632666 0.348227
0.005255 606.76 0.188805 181221 0.0617062 1.02529
0.003625 2400.6 0.0216065 181220 -0.0301326 0.258215
0.001445 1300.56 0.157076 181220 0.0896144 0.478416
0.002135 1791.33 0.109869 181220 0.0627045 0.346983
0.005265 596.816 0.19026 181221 0.0630604 1.04258
0.003345 2326.48 0.0372568 181220 -0.0156925 0.266616
0.001455 1308.24 0.156383 181220 0.0894318 0.475599
0.003635 2403.21 0.0210487 181220 -0.0305803 0.257928
0.002145 1797.68 0.10921 181220 0.0621386 0.345753
0.005275 587.013 0.191688 181221 0.0643611 1.06019
0.003355 2329.18 0.0366958 181220 -0.0162632 0.266301
0.002425 1965.23 0.091206 181220 0.0449432 0.316158
0.001465 1315.91 0.155689 181220 0.0892423 0.472818
0.003645 2405.82 0.0204908 181220 -0.0310233 0.257642
0.002155 1804.01 0.108553 181220 0.0615689 0.344536
0.005285 577.347 0.19309 181221 0.0656079 1.07814
0.003365 2331.87 0.0361349 181220 -0.0168314 0.265987
0.002435 1970.85 0.0905791 181220 0.044289 0.315253
0.001475 1323.56 0.154995 181220 0.0890457 0.470073
0.003655 2408.42 0.0199329 181220 -0.0311987 0.257358
0.001105 1038.07 0.18012 181220 0.091428 0.599903
0.005295 567.813 0.194464 181221 0.0668362 1.09646
0.002165 1810.31 0.107896 181220 0.0609954 0.343332
0.003375 2334.56 0.0355743 181220 -0.0173971 0.265675
0.002445 1976.44 0.0899533 181220 0.0436325 0.314357
0.001485 1331.21 0.154301 181220 0.0888421 0.467363
0.003665 2410.81 0.0193905 181204 -0.0411805 0.257075
0.001115 1045.7 0.179466 181220 0.0914996 0.595504
0.005305 558.409 0.195811 181222 0.0682154 1.11515
0.002175 1816.59 0.10724 181220 0.0604183 0.342142
0.003385 2337.24 0.0350139 181220 -0.0179604 0.265365
0.002455 1982 0.0893286 181220 0.0429739 0.31347
0.001495 1338.85 0.153606 181220 0.0886316 0.464688
0.003675 2408.56 0.0192834 181220 -0.051109 0.257329
0.001125 1053.35 0.178811 181220 0.0915635 0.591162
0.005315 550.303 0.197129 181220 0.0691138 1.13179
0.002185 1822.84 0.106586 181220 0.0598374 0.340964
0.003395 2339.91 0.0344536 181220 -0.0185214 0.265056
0.002465 1987.54 0.0887051 181220 0.0423132 0.312592
0.001505 1346.48 0.152912 181220 0.0884141 0.462048
0.003685 2406.1 0.0191908 181220 -0.0511706 0.257585
0.001135 1061.02 0.178153 181220 0.0916199 0.586875
0.002195 1829.06 0.105933 181220 0.059253 0.339799
0.005325 542.369 0.198419 181220 0.0702836 1.14857
0.003405 2342.57 0.0338936 181220 -0.0190808 0.264749
0.002475 1993.05 0.0880826 181220 0.0416505 0.311723
0.001515 1354.09 0.152217 181220 0.0881899 0.45944
0.003695 2403.64 0.0190972 181220 -0.0514989 0.25784
0.001145 1068.69 0.177494 181220 0.0916686 0.582644
0.002205 1835.26 0.10528 181220 0.058665 0.338647
0.005335 534.602 0.19968 181220 0.0714089 1.16548
0.003415 2345.26 0.0333338 181220 -0.019635 0.264439
0.001525 1361.69 0.151522 181220 0.0879588 0.456867
0.002485 1998.54 0.0874613 181220 0.0409859 0.310863
0.003705 2401.19 0.0190026 181220 -0.0518201 0.258096
0.004645 1599.17 0.066443 181220 -0.0719592 0.386715
0.001155 1076.37 0.176832 181220 0.0917097 0.578468
0.002215 1841.44 0.104629 181220 0.0580735 0.337507
0.003425 2347.94 0.0327741 181220 -0.0201849 0.264131
0.005345 527 0.200912 181220 0.0725036 1.18253
0.001535 1369.29 0.150826 181220 0.0877209 0.454326
0.003715 2398.75 0.0189069 181220 -0.0521337 0.258351
0.002495 2004 0.0868411 181220 0.0403195 0.310011
0.001165 1084.07 0.176169 181220 0.0917432 0.574346
0.004655 1578.58 0.0686736 181220 -0.0692662 0.391762
0.002225 1847.59 0.103979 181220 0.0574785 0.336379
0.003435 2350.62 0.0322146 181220 -0.0207298 0.263824
0.005355 519.562 0.202115 181220 0.0735604 1.19969
0.001545 1376.86 0.150131 181220 0.0874762 0.451817
0.003725 2396.32 0.0188102 181220 -0.0524405 0.258605
0.002505 2009.44 0.086222 181220 0.0396512 0.309168
0.001175 1091.77 0.175504 181220 0.091769 0.570277
0.002235 1853.71 0.10333 181220 0.0568802 0.335263
0.004665 1558.03 0.0709036 181221 -0.0665791 0.39693
0.003445 2353.29 0.0316553 181220 -0.0212695 0.263518
0.005365 512.287 0.20329 181220 0.0745788 1.21697
0.001555 1384.43 0.149436 181220 0.0872249 0.44934
0.003735 2393.9 0.0187125 181220 -0.052741 0.25886
0.002515 2014.85 0.0856041 181220 0.0389812 0.308333
0.001185 1099.48 0.174837 181220 0.0917872 0.566261
0.004675 1537.54 0.0731328 181221 -0.0638984 0.402227
0.003455 2355.95 0.0310962 181220 -0.0218043 0.263214
0.005375 505.172 0.204435 181220 0.075556 1.23435
0.001565 1391.98 0.148741 181220 0.0869669 0.446894
0.003745 2391.48 0.0186136 181220 -0.0530355 0.259114
0.002525 2020.23 0.0849872 181220 0.0383096 0.307506
0.001195 1107.2 0.174169 181220 0.0917977 0.562298
0.004685 1517.08 0.0753608 181221 -0.0612249 0.407654
0.003465 2358.61 0.0305372 181220 -0.022334 0.262912
0.004015 2291.8 0.019218 181220 -0.0743681 0.270167
0.003475 2361.26 0.0299783 181220 -0.0228586 0.26261
0.005585 398.201 0.222096 181220 0.087337 1.57198
0.004025 2285.41 0.019499 181220 -0.0744214 0.270915
0.003485 2363.91 0.0294196 181220 -0.0233782 0.26231
2.5e-05 534.381 0.221091 181220 0.0654254 1.16961
0.005595 395.235 0.222653 181220 0.0875209 1.58402
0.004035 2279.03 0.0197784 181220 -0.0744671 0.271665
0.003495 2366.55 0.028861 181220 -0.0238928 0.262011
3.5e-05 534.6 0.221074 181220 0.0654522 1.16913
0.005605 392.383 0.223188 181220 0.0877311 1.59578
0.004045 2272.66 0.0200563 181220 -0.0745046 0.272418
0.003505 2369.19 0.0283025 181220 -0.0244023 0.261713
4.5e-05 534.896 0.221052 181220 0.0654882 1.16847
0.004365 1989.69 0.0360603 181220 -0.0856556 0.310891
0.005615 389.641 0.223701 181220 0.0879081 1.60726
0.003515 2371.82 0.0277442 181220 -0.0249068 0.261416
0.004055 2266.31 0.0203325 181220 -0.0745334 0.273174
5.5e-05 535.27 0.221024 181220 0.0655334 1.16765
0.005625 387.003 0.224192 181220 0.0880563 1.61846
0.004375 1976.55 0.0369475 181220 -0.084628 0.312951
0.004065 2259.97 0.020607 181220 -0.074553 0.273932
6.5e-05 535.722 0.22099 181220 0.0655879 1.16666
0.005635 384.466 0.224662 181220 0.0881744 1.62938
0.004935 1032.8 0.130037 181221 0.000975654 0.59956
0.003105 2258.64 0.0508115 181220 -0.00116153 0.274767
0.004945 1016.92 0.132153 181221 0.00325243 0.608978
0.003115 2261.6 0.0502425 181220 -0.0018015 0.274402
0.004955 1001.15 0.134255 181221 0.0055177 0.618631
0.000435 616.863 0.214721 181220 0.0735652 1.01222
0.003125 2264.55 0.0496739 181220 -0.00243837 0.274039
0.006675 341.521 0.232916 181219 0.0482963 1.84121
0.004965 985.486 0.136344 181221 0.00777602 0.628525
0.000445 620.898 0.214404 181220 0.0739013 1.0056
0.003135 2267.48 0.0491057 181220 -0.00307215 0.273679
0.006325 341.688 0.232866 181219 0.0653009 1.84018
0.004975 969.933 0.138418 181221 0.0100077 0.63867
0.006685 341.512 0.232916 181219 0.047808 1.84125
0.000455 625.028 0.214079 181220 0.0742408 0.998915
0.003145 2270.4 0.048538 181220 -0.00370284 0.273321
0.006335 341.669 0.23287 181219 0.0648233 1.84029
0.004985 954.49 0.140477 181221 0.0122212 0.649073
0.006695 341.497 0.232916 181219 0.0473396 1.84134
0.000465 629.252 0.213747 181220 0.0745831 0.992169
0.003155 2273.31 0.0479707 181220 -0.00433043 0.272965
0.006345 341.641 0.232875 181219 0.0643403 1.84045
0.004995 939.158 0.142521 181221 0.0144166 0.659743
0.007535 347.617 0.232918 181219 0.00695212 1.80893
0.006705 341.473 0.232916 181219 0.0468611 1.84147
0.000475 633.568 0.213407 181220 0.0749279 0.985369
0.003165 2276.21 0.0474038 181220 -0.00495493 0.272612
0.006355 341.604 0.232878 181219 0.0638553 1.84065
0.005005 923.936 0.144549 181221 0.0165925 0.670689
0.007545 347.725 0.232918 181219 0.00647299 1.80836
0.000775 800.406 0.199995 181220 0.0850789 0.778965
0.006715 341.441 0.232916 181219 0.0463989 1.84164
0.005015 908.826 0.146562 181221 0.0187475 0.68192
0.000485 637.976 0.213059 181220 0.0752746 0.97852
0.005385 498.216 0.205552 181220 0.0764984 1.25183
0.000495 642.474 0.212704 181220 0.0756226 0.971628
0.001575 1399.52 0.148045 181220 0.0867023 0.444479
0.005395 491.416 0.20664 181220 0.0773255 1.2694
0.000505 647.062 0.212341 181220 0.0759712 0.964697
0.003755 2389.07 0.0185135 181220 -0.0533244 0.259367
0.001585 1407.04 0.14735 181220 0.0864311 0.442095
0.005405 484.768 0.2077 181220 0.0783769 1.28706
0.000515 651.739 0.211971 181220 0.0763198 0.957734
0.001205 1114.93 0.173499 181220 0.0918006 0.558386
0.001595 1414.55 0.146655 181220 0.0861534 0.43974
0.003765 2386.68 0.0184123 181220 -0.0536082 0.25962
0.005415 478.27 0.208731 181220 0.0789814 1.3048
0.000525 656.503 0.211593 181220 0.0766681 0.950742
0.002535 2025.59 0.0843714 181220 0.0376363 0.306688
0.004695 1496.68 0.0775876 181221 -0.0585591 0.413219
0.000535 661.354 0.211208 181220 0.0770158 0.943728
0.002545 2030.93 0.0837568 181220 0.0369616 0.305878
0.004385 1963.44 0.0378313 181220 -0.0835643 0.315034
0.004705 1476.32 0.0798128 181221 -0.0559017 0.418926
0.000545 666.291 0.210816 181220 0.0773629 0.936695
0.002555 2036.24 0.0831432 181220 0.0362854 0.305075
0.004075 2253.64 0.0208798 181220 -0.0745627 0.274693
0.004395 1950.37 0.0387116 181220 -0.0824639 0.317138
0.004715 1456 0.0820362 181221 -0.0532534 0.42478
0.000555 671.311 0.210416 181220 0.0777097 0.92965
0.004085 2247.33 0.0211508 181220 -0.0745621 0.275456
0.005645 382.024 0.225111 181220 0.0882627 1.64003
0.004405 1937.34 0.039588 181220 -0.0813259 0.319265
0.004725 1435.73 0.0842576 181221 -0.0506148 0.430787
0.000565 676.414 0.21001 181220 0.0780565 0.922596
0.004095 2241.03 0.0214201 181220 -0.0745505 0.276222
0.005655 379.674 0.22554 181220 0.0883212 1.65041
0.004415 1924.36 0.0404606 181220 -0.0801498 0.321413
0.004735 1415.5 0.0864767 181221 -0.0479867 0.436954
0.004105 2234.75 0.0216875 181220 -0.0745274 0.27699
0.000575 681.599 0.209596 181220 0.078404 0.915537
7.5e-05 536.255 0.22095 181220 0.0656517 1.16549
0.005665 377.409 0.225949 181220 0.0883497 1.66054
0.004745 1395.32 0.0886933 181221 -0.0453696 0.443287
0.004425 1911.42 0.0413291 181220 -0.0789347 0.323582
0.004115 2228.49 0.0219529 181220 -0.0744924 0.27776
0.000585 686.865 0.209176 181220 0.0787525 0.908479
8.5e-05 536.87 0.220903 181220 0.0657249 1.16415
0.005675 375.226 0.22634 181220 0.0883474 1.67042
0.004755 1375.19 0.0909071 181221 -0.0427643 0.449792
0.004125 2222.25 0.0222164 181220 -0.074445 0.278532
0.004435 1898.54 0.0421933 181220 -0.0776798 0.325773
9.5e-05 537.567 0.220851 181220 0.0658074 1.16262
0.000595 692.209 0.208749 181220 0.079101 0.901425
0.005685 373.119 0.226712 181220 0.0883136 1.68007
0.004765 1355.09 0.0931178 181221 -0.0401716 0.456477
0.004135 2216.03 0.0224779 181220 -0.0743846 0.279306
0.004445 1885.71 0.0430531 181220 -0.0763845 0.327984
0.000105 538.349 0.220792 181220 0.0658994 1.16092
0.000605 697.632 0.208315 181220 0.0794552 0.894379
0.005695 371.081 0.227067 181220 0.0882461 1.68951
0.004775 1335.04 0.0953252 181221 -0.0375921 0.46335
0.004145 2209.83 0.0227374 181220 -0.074311 0.280083
0.004455 1872.94 0.0439082 181220 -0.0750478 0.330215
0.000115 539.216 0.220726 181220 0.0660007 1.15904
0.000615 703.131 0.207874 181220 0.0797364 0.887345
0.005705 369.108 0.227405 181220 0.088167 1.69875
0.004785 1315.03 0.0975289 181221 -0.0350266 0.470418
0.004155 2203.65 0.0229947 181220 -0.0742237 0.28086
0.004465 1860.24 0.0447585 181220 -0.073669 0.332467
0.000125 540.169 0.220654 181220 0.0661114 1.15698
0.000625 708.705 0.207427 181220 0.0802952 0.880328
0.005715 367.515 0.227726 181220 0.0880819 1.70632
0.004795 1295.07 0.0997288 181221 -0.0324759 0.477692
0.004475 1847.6 0.0456039 181220 -0.0722473 0.334737
0.000135 541.211 0.220575 181220 0.0662315 1.15474
0.000635 714.354 0.206973 181220 0.0804406 0.873328
0.006365 341.558 0.232882 181219 0.0633669 1.84091
0.003175 2279.09 0.0468372 181220 -0.00557635 0.272261
0.007555 347.825 0.232918 181219 0.00599377 1.80784
0.006375 341.502 0.232885 181219 0.0628997 1.84122
0.000785 806.995 0.199456 181220 0.0853715 0.772573
0.003185 2281.96 0.0462711 181220 -0.0061947 0.271913
0.006385 341.436 0.232888 181219 0.0623862 1.84158
0.007565 347.918 0.232918 181219 0.00551447 1.80736
0.005025 893.828 0.148557 181221 0.0208798 0.693447
0.000795 813.636 0.198912 181220 0.085659 0.766236
0.003195 2284.82 0.0457053 181220 -0.00681 0.271567
0.006395 341.471 0.23289 181219 0.0618823 1.8414
0.007575 348.003 0.232918 181219 0.00503512 1.80692
0.005035 878.941 0.150536 181221 0.0229873 0.70528
0.000805 820.326 0.198363 181220 0.0859414 0.759956
0.001215 1122.66 0.172827 181220 0.0917958 0.554525
0.003775 2384.29 0.0183099 181220 -0.0538873 0.259872
0.005425 471.917 0.209735 181220 0.0798053 1.32262
0.001225 1130.4 0.172154 181220 0.0917835 0.550715
0.003785 2381.91 0.0182062 181220 -0.0541621 0.260124
0.005725 365.994 0.228031 181220 0.0880046 1.71361
0.001235 1138.14 0.171479 181220 0.0917635 0.546954
0.005435 465.703 0.21071 181220 0.0805029 1.34053
0.003795 2379.55 0.0181013 181220 -0.0544331 0.260375
0.005735 364.54 0.228321 181220 0.0879037 1.72063
0.000145 542.341 0.220489 181220 0.0663609 1.15231
0.001245 1145.88 0.170804 181220 0.0917359 0.543243
0.003805 2377.19 0.0179952 181220 -0.0547008 0.260626
0.005745 363.15 0.228596 181220 0.0877835 1.72741
0.007585 348.08 0.232918 181219 0.00455574 1.80652
0.005755 361.819 0.228856 181220 0.0876443 1.73394
0.005045 864.165 0.152498 181221 0.0250678 0.717432
0.007595 348.149 0.232918 181219 0.00407635 1.80616
0.000815 827.065 0.19781 181220 0.0862184 0.753733
0.001255 1153.63 0.170126 181220 0.0917007 0.539581
0.000825 833.852 0.197252 181220 0.0864899 0.747568
0.001265 1161.38 0.169448 181220 0.0916579 0.535966
0.000155 543.562 0.220396 181220 0.0664996 1.1497
0.000835 840.685 0.196689 181220 0.0867556 0.741462
0.003815 2374.84 0.0178878 181220 -0.0549655 0.260876
0.001275 1169.14 0.168768 181220 0.0916075 0.532399
0.005055 849.5 0.154442 181221 0.0271188 0.729914
0.000165 544.873 0.220296 181220 0.0666474 1.14692
0.007605 348.211 0.232918 181219 0.00359697 1.80584
0.000175 546.277 0.220189 181220 0.0668043 1.14395
0.007615 348.265 0.232918 181219 0.00311763 1.80556
0.000185 547.773 0.220075 181220 0.0669703 1.1408
0.000845 847.563 0.196122 181220 0.0870156 0.735416
0.007625 348.311 0.232918 181219 0.00263837 1.80532
0.000195 549.364 0.219954 181220 0.0671451 1.13747
0.000855 854.484 0.19555 181220 0.0872696 0.72943
0.007635 348.35 0.232918 181219 0.00215929 1.80512
0.000205 551.049 0.219825 181220 0.0673287 1.13397
0.003825 2372.51 0.0177792 181220 -0.0552277 0.261125
0.000865 861.447 0.194975 181220 0.0875176 0.723506
0.007645 348.381 0.232918 181219 0.00168077 1.80496
0.000215 552.829 0.219689 181220 0.067521 1.13029
0.005065 834.945 0.156368 181221 0.0291375 0.742739
0.003835 2370.19 0.0176692 181220 -0.0554877 0.261373
0.000875 868.451 0.194395 181220 0.0877594 0.717643
0.007655 348.404 0.232918 181219 0.00120306 1.80484
0.000225 554.706 0.219546 181220 0.0677218 1.12644
0.005075 820.497 0.158275 181221 0.0311209 0.755922
0.000885 875.495 0.193811 181220 0.0879948 0.711842
0.007665 348.419 0.232918 181219 0.000734131 1.80476
0.000235 556.679 0.219394 181220 0.0679309 1.12242
0.005085 806.157 0.160164 181221 0.033066 0.769479
0.000245 558.749 0.219235 181220 0.0681483 1.11823
0.000895 882.577 0.193223 181220 0.088224 0.706103
0.005095 791.92 0.162033 181221 0.0349708 0.783427
0.007675 348.427 0.232918 181219 0.000239798 1.80472
0.000255 560.918 0.219069 181220 0.0683737 1.11387
0.000905 889.696 0.192631 181220 0.0884466 0.700426
0.005105 777.785 0.163883 181221 0.0368386 0.797785
0.000915 896.851 0.192036 181220 0.0886626 0.694812
0.005115 763.747 0.165712 181221 0.0387538 0.812573
0.000265 563.185 0.218895 181220 0.0686069 1.10936
0.000925 904.04 0.191437 181220 0.088872 0.689261
0.000275 565.55 0.218713 181220 0.0688479 1.10469
0.000935 911.263 0.190834 181220 0.0890746 0.683773
0.000285 568.014 0.218523 181220 0.0690963 1.09986
0.000945 918.518 0.190228 181220 0.0892704 0.678347
0.000295 570.578 0.218325 181220 0.069352 1.09489
0.000955 925.804 0.189618 181220 0.0894593 0.672984
0.000305 573.241 0.218119 181220 0.0696148 1.08977
0.000315 576.003 0.217906 181220 0.0698844 1.0845
